symbol|open|high|low|preClose|close|activeLevel|change|changeRatio|openIntChange|openInterest|latestPriceVol|volume|delta|gamma|rho|theta|vega|tradeStamptradeTime|ask|avol|bid|bvol
GME220218C00020000||||84.00|84.00|50|||0|0|0|0|1.0000|0.0000|0.0000|-0.0179|0.0000||105.65|26|101.85|25
GME220218P00020000|0.02|0.02|0.01|0.02|0.02|50|0.00|0.0000|222|1557|1|236|-0.0001|0.0000|0.0000|-0.0011|0.0000||0.02|796|0.00|0
GME220218C00030000||||77.19|77.19|50|||0|0|0|0|1.0000|0.0000|0.0000|-0.0179|0.0000||96.60|28|91.85|24
GME220218P00030000|0.03|0.03|0.02|0.02|0.02|50|0.00|0.0000|13|1457|19|21|-0.0003|0.0000|0.0000|-0.0037|0.0001||0.06|104|0.01|1
GME220218C00040000||||56.75|56.75|50|||0|1|0|0|0.9998|0.0000|0.0000|-0.0179|0.0000||86.50|30|81.85|24
GME220218P00040000|0.05|0.06|0.03|0.05|0.05|50|0.00|0.0000|17|1417|1|89|-0.0009|0.0001|0.0000|-0.0099|0.0004||0.06|1|0.05|2
GME220218C00050000||||71.37|71.37|50|||0|1|0|0|0.9987|0.0002|0.0006|-0.0225|0.0005||76.60|26|71.90|26
GME220218P00050000|0.07|0.10|0.05|0.10|0.08|50|-0.02|-0.2000|9|5722|21|185|-0.0021|0.0002|0.0000|-0.0199|0.0009||0.08|10|0.07|10
GME220218C00055000||||68.67|68.67|50|||0|0|0|0|0.9979|0.0003|0.0010|-0.0279|0.0008||71.65|26|66.90|25
GME220218P00055000|0.08|0.08|0.05|0.13|0.07|50|-0.06|-0.4615|-3|233|1|10|-0.0030|0.0002|0.0000|-0.0263|0.0012||0.15|6|0.08|3
GME220218C00060000||||58.27|58.27|50|||0|34|0|0|0.9968|0.0004|0.0014|-0.0352|0.0012||65.45|18|61.90|25
GME220218P00060000|0.17|0.17|0.09|0.15|0.13|50|-0.02|-0.1333|11|5438|2|42|-0.0041|0.0003|-0.0001|-0.0335|0.0016||0.16|15|0.13|10
GME220218C00065000|57.93|57.93|57.93|62.82|57.93|50|-4.89|-0.0778|2|5|2|2|0.9954|0.0005|0.0018|-0.0432|0.0017||60.55|14|56.95|26
GME220218P00065000|0.12|0.15|0.11|0.21|0.15|50|-0.06|-0.2857|-2|1342|1|3|-0.0055|0.0005|-0.0001|-0.0416|0.0021||0.20|15|0.13|4
GME220218C00070000|53.84|53.84|53.84|60.00|53.84|50|-6.16|-0.1027|0|25|3|3|0.9936|0.0007|0.0023|-0.0523|0.0023||55.40|7|51.95|25
GME220218P00070000|0.21|0.21|0.10|0.28|0.18|50|-0.10|-0.3571|5|581|1|38|-0.0073|0.0007|-0.0001|-0.0506|0.0027||0.22|8|0.20|5
GME220218C00073000||||||50||||0|0|0|0.9922|0.0009|0.0026|-0.0585|0.0027||53.60|23|48.95|25
GME220218P00073000||||||50||||0|0|0|-0.0087|0.0008|-0.0001|-0.0568|0.0031||0.26|27|0.17|13
GME220218C00074000||||||50||||0|0|0|0.9917|0.0009|0.0027|-0.0607|0.0029||52.25|26|47.95|25
GME220218P00074000|0.20|0.20|0.20|0.20|0.20|50|0.00|0.0000|10|10|10|10|-0.0092|0.0009|-0.0001|-0.0591|0.0033||0.26|4|0.19|4
GME220218C00075000||||50.63|50.63|50|||0|16|0|0|0.9912|0.0010|0.0029|-0.0631|0.0030||50.40|8|47.05|25
GME220218P00075000|0.21|0.31|0.18|0.36|0.21|50|-0.15|-0.4167|61|777|6|134|-0.0098|0.0010|-0.0002|-0.0614|0.0034||0.27|10|0.20|1
GME220218C00076000||||||50||||0|0|0|0.9906|0.0011|0.0029|-0.0655|0.0032||50.75|28|46.00|25
GME220218P00076000||||0.58|0.58|50|||0|1|0|0|-0.0104|0.0010|-0.0002|-0.0639|0.0036||0.30|30|0.13|31
GME220218C00077000||||||50||||0|0|0|0.9899|0.0011|0.0031|-0.0682|0.0034||49.45|26|45.00|25
GME220218P00077000|0.27|0.36|0.27|0.27|0.36|50|0.09|0.3333|14|14|2|14|-0.0110|0.0011|-0.0002|-0.0665|0.0038||0.48|48|0.18|26
GME220218C00078000||||47.05|47.05|50|||0|1|0|0|0.9893|0.0012|0.0031|-0.0710|0.0036||48.75|29|44.05|24
GME220218P00078000|0.33|0.33|0.33|0.33|0.33|50|0.00|0.0000|3|3|3|3|-0.0117|0.0012|-0.0002|-0.0694|0.0040||0.39|55|0.18|27
GME220218C00079000||||||49||||0|0|0|0.9885|0.0013|0.0033|-0.0740|0.0039||47.60|28|43.05|25
GME220218P00079000|0.24|0.40|0.17|0.45|0.40|49|-0.05|-0.1111|6|17|5|12|-0.0125|0.0013|-0.0002|-0.0724|0.0043||0.41|37|0.19|28
GME220218C00080000|46.00|48.12|44.70|38.94|48.12|48|9.18|0.2357|-175|118|1|231|0.9877|0.0014|0.0034|-0.0773|0.0041||45.55|12|42.10|42
GME220218P00080000|0.29|0.37|0.21|0.39|0.32|48|-0.07|-0.1795|128|2215|1|202|-0.0133|0.0014|-0.0002|-0.0757|0.0045||0.38|27|0.30|1
GME220218C00081000||||||47||||0|0|0|0.9868|0.0015|0.0036|-0.0809|0.0044||45.80|23|41.10|27
GME220218P00081000|0.21|0.39|0.21|0.21|0.39|47|0.18|0.8571|2|2|1|2|-0.0142|0.0015|-0.0002|-0.0792|0.0048||0.51|42|0.34|175
GME220218C00082000||||||46||||0|0|0|0.9858|0.0016|0.0037|-0.0848|0.0047||44.25|11|40.10|25
GME220218P00082000|0.25|0.42|0.23|0.55|0.42|46|-0.13|-0.2364|3|4|2|4|-0.0152|0.0016|-0.0002|-0.0831|0.0051||0.52|54|0.30|15
GME220218C00083000||||||45||||0|0|0|0.9847|0.0018|0.0038|-0.0891|0.0050||43.90|24|39.15|24
GME220218P00083000|0.28|0.28|0.25|0.28|0.25|45|-0.03|-0.1071|2|2|1|3|-0.0163|0.0017|-0.0003|-0.0874|0.0054||0.54|24|0.16|68
GME220218C00084000||||||44||||0|0|0|0.9835|0.0019|0.0040|-0.0938|0.0053||42.90|24|38.15|25
GME220218P00084000|0.28|0.28|0.28|0.28|0.28|44|0.00|0.0000|1|1|1|1|-0.0175|0.0018|-0.0003|-0.0921|0.0057||0.57|43|0.34|20
GME220218C00085000||||30.28|30.28|43|||0|40|0|0|0.9821|0.0020|0.0041|-0.0989|0.0057||40.80|2|37.25|27
GME220218P00085000|0.35|0.50|0.31|0.53|0.44|43|-0.09|-0.1698|132|1543|1|256|-0.0189|0.0020|-0.0003|-0.0973|0.0061||0.47|19|0.43|1
GME220218C00086000|39.25|39.25|39.25|44.75|39.25|42|-5.50|-0.1229|2|11|1|2|0.9806|0.0022|0.0043|-0.1047|0.0061||39.75|1|36.20|25
GME220218P00086000|0.33|0.33|0.33|0.33|0.33|42|0.00|0.0000|5|5|4|5|-0.0204|0.0022|-0.0003|-0.1030|0.0065||0.63|27|0.34|35
GME220218C00087000||||41.40|41.40|41|||0|5|0|0|0.9789|0.0024|0.0044|-0.1110|0.0066||38.75|1|35.25|25
GME220218P00087000|0.50|0.50|0.50|0.50|0.50|41|0.00|0.0000|1|1|1|1|-0.0221|0.0024|-0.0003|-0.1094|0.0070||0.66|24|0.23|42
GME220218C00088000||||||40||||0|0|0|0.9770|0.0026|0.0046|-0.1181|0.0071||37.75|12|34.35|24
GME220218P00088000|0.46|0.64|0.31|0.59|0.52|40|-0.07|-0.1186|157|203|1|163|-0.0240|0.0026|-0.0004|-0.1164|0.0075||0.61|19|0.45|13
GME220218C00089000||||||39||||0|0|0|0.9748|0.0029|0.0048|-0.1259|0.0077||36.75|12|33.35|24
GME220218P00089000|0.54|0.69|0.45|1.02|0.54|39|-0.48|-0.4706|33|43|1|34|-0.0261|0.0028|-0.0004|-0.1242|0.0080||0.66|16|0.49|15
GME220218C00090000|36.46|39.35|36.46|39.10|39.35|38|0.25|0.0064|-3|965|1|5|0.9725|0.0031|0.0050|-0.1345|0.0083||35.75|6|32.40|26
GME220218P00090000|0.60|0.71|0.38|0.70|0.64|38|-0.06|-0.0857|153|2571|3|409|-0.0285|0.0031|-0.0004|-0.1329|0.0086||0.65|8|0.49|21
GME220218C00091000||||14.00|14.00|37|||0|1|0|0|0.9698|0.0034|0.0052|-0.1440|0.0090||34.75|5|31.45|24
GME220218P00091000|0.54|0.70|0.46|0.75|0.70|37|-0.05|-0.0667|9|17|1|9|-0.0311|0.0034|-0.0005|-0.1424|0.0093||0.80|26|0.59|10
GME220218C00092000||||||36||||0|0|0|0.9668|0.0037|0.0053|-0.1546|0.0097||33.80|13|30.50|26
GME220218P00092000|0.64|0.64|0.59|0.73|0.59|36|-0.14|-0.1918|2|7|1|2|-0.0341|0.0037|-0.0005|-0.1529|0.0101||0.81|34|0.61|13
GME220218C00092500||||||35||||0|0|0|0.9651|0.0039|0.0054|-0.1602|0.0101||34.35|21|30.05|24
GME220218P00092500|0.45|0.71|0.45|2.01|0.71|35|-1.30|-0.6468|4|8|1|5|-0.0357|0.0038|-0.0006|-0.1586|0.0104||0.93|40|0.50|46
GME220218C00093000|29.98|29.98|29.98|29.98|29.98|34|0.00|0.0000|36|36|36|36|0.9634|0.0041|0.0055|-0.1661|0.0105||32.80|14|29.55|27
GME220218P00093000|0.75|0.75|0.75|1.02|0.75|34|-0.27|-0.2647|2|18|1|3|-0.0374|0.0040|-0.0006|-0.1645|0.0109||0.81|23|0.64|22
GME220218C00093500||||36.20|36.20|33|||0|0|0|0|0.9616|0.0043|0.0056|-0.1723|0.0110||33.75|24|29.10|28
GME220218P00093500||||3.33|3.33|33|||0|4|0|0|-0.0393|0.0042|-0.0006|-0.1707|0.0113||1.01|33|0.67|13
GME220218C00094000|30.60|32.01|30.60|30.62|32.01|32|1.39|0.0454|-2|17|4|11|0.9597|0.0045|0.0057|-0.1788|0.0114||31.80|13|28.60|26
GME220218P00094000|0.60|0.88|0.60|1.00|0.88|32|-0.12|-0.1200|70|78|1|78|-0.0412|0.0044|-0.0006|-0.1772|0.0117||0.92|22|0.71|12
GME220218C00095000|29.00|31.80|28.65|34.30|28.87|31|-5.43|-0.1583|-2|83|2|13|0.9555|0.0049|0.0059|-0.1927|0.0124||30.80|11|27.70|25
GME220218P00095000|0.78|1.05|0.58|1.00|0.85|31|-0.15|-0.1500|702|1852|1|1056|-0.0453|0.0048|-0.0007|-0.1910|0.0127||0.94|15|0.76|15
GME220218C00096000||||19.15|19.15|30|||0|3|0|0|0.9508|0.0053|0.0061|-0.2077|0.0135||30.20|5|26.75|24
GME220218P00096000|0.89|1.05|0.72|1.04|0.98|30|-0.06|-0.0577|138|156|1|154|-0.0500|0.0053|-0.0008|-0.2061|0.0137||1.08|36|0.83|11
GME220218C00096500|28.25|28.25|26.83|31.61|26.83|29|-4.78|-0.1512|2|5|1|2|0.9483|0.0056|0.0062|-0.2158|0.0140||29.55|8|26.30|26
GME220218P00096500|0.90|1.08|0.89|2.78|1.08|29|-1.70|-0.6115|21|23|1|24|-0.0525|0.0055|-0.0008|-0.2142|0.0143||1.04|12|0.84|22
GME220218C00097000|26.71|26.71|26.71|16.60|26.71|28|10.11|0.6090|1|5|1|1|0.9456|0.0058|0.0063|-0.2241|0.0146||29.20|5|25.85|26
GME220218P00097000|0.80|1.12|0.65|1.10|1.12|28|0.02|0.0182|13|33|1|36|-0.0551|0.0058|-0.0009|-0.2225|0.0148||1.25|21|0.88|13
GME220218C00098000|26.39|26.47|25.00|31.50|26.47|27|-5.03|-0.1597|2|488|1|4|0.9399|0.0064|0.0064|-0.2418|0.0158||28.20|13|24.90|37
GME220218P00098000|1.08|1.28|0.78|1.24|1.10|27|-0.14|-0.1129|-12|157|1|61|-0.0608|0.0063|-0.0009|-0.2402|0.0160||1.29|77|0.97|14
GME220218C00099000||||25.00|25.00|26|||0|39|0|0|0.9335|0.0070|0.0066|-0.2608|0.0171||27.20|14|24.55|28
GME220218P00099000|0.92|1.31|0.80|1.33|1.31|26|-0.02|-0.0150|-1|90|10|43|-0.0671|0.0069|-0.0010|-0.2592|0.0173||1.33|30|1.04|15
GME220218C00100000|23.47|30.20|23.32|23.60|25.00|25|1.40|0.0593|10|769|2|146|0.9265|0.0076|0.0068|-0.2811|0.0185||26.30|13|24.55|40
GME220218P00100000|1.47|1.60|0.83|1.45|1.21|25|-0.24|-0.1655|97|2840|10|2462|-0.0741|0.0075|-0.0012|-0.2796|0.0187||1.35|11|1.14|14
GME220218C00101000|24.68|24.68|24.68|28.28|24.68|24|-3.60|-0.1273|0|47|3|5|0.9188|0.0082|0.0069|-0.3028|0.0199||25.40|13|23.55|26
GME220218P00101000|1.15|1.69|0.93|1.59|1.64|24|0.05|0.0314|59|121|1|72|-0.0818|0.0082|-0.0013|-0.3012|0.0201||1.60|27|1.22|16
GME220218C00102000|22.41|25.00|22.41|24.95|22.67|23|-2.28|-0.0914|0|78|1|3|0.9103|0.0090|0.0071|-0.3258|0.0215||24.60|9|22.55|35
GME220218P00102000|1.32|1.75|0.98|1.50|1.64|23|0.14|0.0933|-8|120|1|62|-0.0902|0.0089|-0.0014|-0.3242|0.0217||1.85|87|1.31|13
GME220218C00103000|22.00|23.75|20.60|19.31|20.60|22|1.29|0.0668|2|105|1|5|0.9011|0.0097|0.0072|-0.3500|0.0231||23.65|13|21.55|35
GME220218P00103000|1.57|2.00|1.05|1.80|2.00|22|0.20|0.1111|4|200|1|157|-0.0995|0.0097|-0.0016|-0.3485|0.0233||1.85|39|1.45|14
GME220218C00104000|22.78|23.90|20.09|19.45|20.09|21|0.64|0.0329|10|60|3|20|0.8909|0.0105|0.0073|-0.3754|0.0248||22.70|13|20.55|41
GME220218P00104000|1.51|2.07|1.26|1.50|1.80|21|0.30|0.2000|-8|101|1|62|-0.1095|0.0105|-0.0017|-0.3739|0.0250||1.93|41|1.58|12
GME220218C00105000|21.54|24.97|18.30|19.28|20.15|20|0.87|0.0451|21|177|1|70|0.8799|0.0114|0.0075|-0.4019|0.0266||21.95|13|19.80|43
GME220218P00105000|1.70|2.40|1.17|2.15|1.85|20|-0.30|-0.1395|31|697|1|318|-0.1205|0.0113|-0.0019|-0.4005|0.0268||2.06|35|1.72|11
GME220218C00106000|21.88|24.45|18.31|20.31|18.31|19|-2.00|-0.0985|-3|82|10|80|0.8679|0.0122|0.0075|-0.4294|0.0285||21.10|13|19.15|16
GME220218P00106000|2.09|2.30|1.75|2.19|2.13|19|-0.06|-0.0274|25|49|1|43|-0.1324|0.0122|-0.0021|-0.4280|0.0286||2.36|30|1.85|11
GME220218C00107000|17.91|19.42|17.73|17.56|17.73|18|0.17|0.0097|3|84|2|4|0.8550|0.0131|0.0076|-0.4578|0.0304||20.20|14|18.15|36
GME220218P00107000|2.21|2.41|1.51|2.15|2.41|18|0.26|0.1209|11|28|5|44|-0.1453|0.0131|-0.0023|-0.4563|0.0305||2.51|23|2.02|11
GME220218C00108000|17.04|22.55|17.04|22.75|18.25|17|-4.50|-0.1978|8|49|1|10|0.8410|0.0141|0.0077|-0.4867|0.0323||19.60|24|17.15|41
GME220218P00108000|2.39|2.60|1.64|2.22|2.60|17|0.38|0.1712|17|60|1|52|-0.1592|0.0140|-0.0025|-0.4853|0.0324||2.67|13|2.21|11
GME220218C00109000|18.32|20.20|16.75|18.95|16.75|16|-2.20|-0.1161|6|58|1|12|0.8261|0.0150|0.0077|-0.5161|0.0343||18.60|13|16.90|7
GME220218P00109000|2.75|2.75|1.82|2.30|2.59|16|0.29|0.1261|6|55|1|30|-0.1742|0.0149|-0.0028|-0.5148|0.0344||2.86|23|2.41|13
GME220218C00110000|15.84|21.45|14.80|15.86|16.65|15|0.79|0.0498|60|654|1|210|0.8100|0.0159|0.0077|-0.5457|0.0362||17.70|14|16.40|17
GME220218P00110000|3.20|3.67|1.92|3.30|2.79|15|-0.51|-0.1545|750|2306|1|1008|-0.1902|0.0159|-0.0030|-0.5444|0.0363||2.79|20|2.63|11
GME220218C00111000|14.85|20.00|14.85|15.97|15.43|14|-0.54|-0.0338|-2|84|1|10|0.7930|0.0169|0.0077|-0.5753|0.0381||17.05|16|15.80|14
GME220218P00111000|3.35|3.35|2.25|3.45|3.25|14|-0.20|-0.0580|28|80|20|37|-0.2072|0.0168|-0.0033|-0.5740|0.0382||3.20|10|2.84|13
GME220218C00112000|16.08|19.05|14.09|13.79|14.50|13|0.71|0.0515|-4|137|1|54|0.7749|0.0178|0.0077|-0.6045|0.0401||16.25|13|14.90|22
GME220218P00112000|3.00|4.10|2.49|3.75|4.10|13|0.35|0.0933|4|89|1|10|-0.2252|0.0178|-0.0036|-0.6032|0.0401||3.55|22|3.10|17
GME220218C00113000|15.78|18.80|13.53|14.20|14.13|12|-0.07|-0.0049|14|52|2|27|0.7558|0.0187|0.0076|-0.6330|0.0419||15.50|13|13.90|27
GME220218P00113000|3.50|4.00|2.64|4.50|4.00|12|-0.50|-0.1111|0|48|6|21|-0.2443|0.0187|-0.0039|-0.6318|0.0420||4.10|40|3.30|24
GME220218C00114000|12.40|17.65|12.40|12.40|13.30|11|0.90|0.0726|-4|60|2|25|0.7358|0.0196|0.0075|-0.6606|0.0437||14.70|5|13.70|15
GME220218P00114000|3.75|4.85|3.15|4.61|3.91|11|-0.70|-0.1518|4|62|2|19|-0.2642|0.0195|-0.0043|-0.6594|0.0437||4.30|34|3.65|28
GME220218C00115000|13.13|17.50|11.45|11.50|13.38|10|1.88|0.1635|-6|445|3|111|0.7149|0.0204|0.0074|-0.6868|0.0454||13.95|5|13.00|14
GME220218P00115000|4.15|5.40|2.89|4.80|4.29|10|-0.51|-0.1063|845|1765|1|1367|-0.2851|0.0203|-0.0046|-0.6856|0.0454||4.30|5|4.00|13
GME220218C00116000|14.20|15.15|11.00|11.28|12.27|9|0.99|0.0878|6|15|1|8|0.6932|0.0211|0.0073|-0.7114|0.0469||13.40|14|12.35|13
GME220218P00116000|5.10|5.40|3.35|5.15|5.15|9|0.00|0.0000|15|38|1|24|-0.3068|0.0211|-0.0050|-0.7103|0.0470||5.05|48|4.30|25
GME220218C00117000|13.10|13.57|11.12|15.89|11.65|8|-4.24|-0.2668|9|20|1|14|0.6708|0.0218|0.0072|-0.7341|0.0483||12.75|14|11.45|18
GME220218P00117000|5.45|5.70|3.50|5.82|4.95|8|-0.87|-0.1495|6|43|1|72|-0.3291|0.0218|-0.0053|-0.7330|0.0484||5.05|1|4.75|13
GME220218C00118000|12.65|15.15|10.49|12.20|10.80|7|-1.40|-0.1148|7|30|1|13|0.6478|0.0224|0.0070|-0.7545|0.0496||12.10|13|10.65|19
GME220218P00118000|4.70|6.30|3.65|6.60|5.20|7|-1.40|-0.2121|38|87|2|52|-0.3521|0.0224|-0.0057|-0.7534|0.0496||5.30|10|5.05|25
GME220218C00119000|10.35|13.85|9.37|9.25|10.20|6|0.95|0.1027|5|58|3|15|0.6243|0.0229|0.0069|-0.7725|0.0507||11.40|13|10.60|14
GME220218P00119000|5.74|6.60|4.10|6.90|5.74|6|-1.16|-0.1681|14|47|1|38|-0.3755|0.0229|-0.0061|-0.7714|0.0507||6.05|12|5.45|25
GME220218C00120000|11.20|13.99|8.75|8.90|10.30|5|1.40|0.1573|177|2371|1|456|0.6006|0.0233|0.0067|-0.7878|0.0516||10.75|1|10.05|14
GME220218P00120000|6.80|7.70|4.25|7.10|6.00|5|-1.10|-0.1549|131|1179|1|550|-0.3992|0.0233|-0.0066|-0.7868|0.0516||6.10|8|5.90|18
GME220218C00121000|9.20|10.95|8.70|9.20|10.00|4|0.80|0.0870|-3|87|1|73|0.5766|0.0236|0.0065|-0.8003|0.0524||10.35|13|9.45|10
GME220218P00121000|6.90|8.30|5.04|7.85|6.50|4|-1.35|-0.1720|43|78|1|71|-0.4231|0.0236|-0.0070|-0.7993|0.0524||6.60|2|6.20|14
GME220218C00122000|9.95|11.25|8.00|9.05|9.42|3|0.37|0.0409|2|69|1|70|0.5526|0.0239|0.0063|-0.8099|0.0529||9.80|14|9.00|13
GME220218P00122000|7.00|8.40|5.35|8.05|7.04|3|-1.01|-0.1255|78|129|1|146|-0.4471|0.0238|-0.0074|-0.8089|0.0529||7.15|2|6.70|15
GME220218C00123000|7.99|12.00|7.82|9.95|8.89|2|-1.06|-0.1065|13|74|1|111|0.5286|0.0240|0.0060|-0.8165|0.0532||9.30|15|8.50|7
GME220218P00123000|7.55|9.00|5.65|8.98|8.00|2|-0.98|-0.1091|116|138|1|149|-0.4710|0.0239|-0.0078|-0.8156|0.0532||7.60|1|7.20|14
GME220218C00124000|8.25|10.95|7.55|8.20|8.36|1|0.16|0.0195|85|121|1|191|0.5049|0.0240|0.0058|-0.8203|0.0533||8.50|13|8.05|10
GME220218P00124000|8.34|9.70|6.05|9.38|8.00|1|-1.38|-0.1471|22|51|1|147|-0.4948|0.0239|-0.0083|-0.8193|0.0533||8.40|11|7.70|12
GME220218C00125000|7.40|10.95|6.59|7.31|7.93|1|0.62|0.0848|199|904|5|712|0.4815|0.0239|0.0056|-0.8211|0.0533||7.90|8|7.45|13
GME220218P00125000|11.00|11.00|6.40|9.65|8.66|1|-0.99|-0.1026|158|635|1|519|-0.5181|0.0238|-0.0087|-0.8202|0.0533||8.95|6|8.25|15
GME220218C00126000|8.27|10.10|6.48|7.37|7.65|2|0.28|0.0380|53|103|1|132|0.4585|0.0237|0.0054|-0.8193|0.0530||7.90|14|7.15|1
GME220218P00126000|8.95|11.00|7.00|10.40|9.27|2|-1.13|-0.1087|4|15|1|31|-0.5411|0.0236|-0.0091|-0.8184|0.0530||9.55|15|8.90|13
GME220218C00127000|6.50|9.73|6.00|6.60|7.15|3|0.55|0.0833|67|91|1|246|0.4361|0.0234|0.0051|-0.8150|0.0526||7.20|5|6.80|14
GME220218P00127000|8.30|11.75|7.30|11.00|10.15|3|-0.85|-0.0773|31|60|1|72|-0.5635|0.0234|-0.0095|-0.8141|0.0526||10.45|14|9.50|13
GME220218C00128000|6.40|8.96|5.90|6.90|6.75|4|-0.15|-0.0217|57|113|1|152|0.4143|0.0230|0.0049|-0.8082|0.0521||6.95|6|6.30|13
GME220218P00128000|11.00|12.10|8.16|11.70|11.00|4|-0.70|-0.0598|9|23|1|24|-0.5852|0.0230|-0.0099|-0.8074|0.0521||11.45|38|10.00|11
GME220218C00129000|6.85|9.00|5.70|6.47|6.36|5|-0.11|-0.0170|32|86|1|125|0.3932|0.0226|0.0047|-0.7994|0.0514||6.75|12|6.00|13
GME220218P00129000|11.40|13.25|8.46|13.25|11.65|5|-1.60|-0.1208|18|49|1|58|-0.6063|0.0226|-0.0104|-0.7985|0.0514||11.70|13|10.70|16
GME220218C00130000|5.55|8.65|4.95|5.60|6.05|6|0.45|0.0804|321|1772|1|1509|0.3728|0.0221|0.0045|-0.7886|0.0506||6.35|13|5.80|10
GME220218P00130000|11.00|13.00|9.20|13.00|11.75|6|-1.25|-0.0962|-15|398|1|127|-0.6266|0.0221|-0.0108|-0.7878|0.0506||12.30|13|11.30|11
GME220218C00131000|6.25|8.30|4.80|5.10|5.40|7|0.30|0.0588|62|91|2|110|0.3533|0.0216|0.0043|-0.7762|0.0497||5.90|13|5.30|15
GME220218P00131000||||14.60|14.60|7|||0|4|0|0|-0.6461|0.0216|-0.0111|-0.7754|0.0497||13.30|27|12.00|17
GME220218C00132000|5.40|7.80|4.75|5.30|5.56|8|0.26|0.0491|19|63|1|53|0.3346|0.0210|0.0040|-0.7624|0.0487||5.70|28|5.15|30
GME220218P00132000|10.40|10.67|10.40|15.60|10.67|8|-4.93|-0.3160|6|7|5|7|-0.6648|0.0210|-0.0115|-0.7616|0.0487||13.80|13|12.70|16
GME220218C00133000|5.10|7.25|4.35|4.60|5.09|9|0.49|0.1065|50|100|2|95|0.3168|0.0204|0.0038|-0.7475|0.0476||5.40|11|4.65|44
GME220218P00133000||||||9||||0|0|0|-0.6826|0.0204|-0.0119|-0.7467|0.0476||14.80|28|13.30|19
GME220218C00134000|4.95|7.05|4.30|6.25|4.87|10|-1.38|-0.2208|4|20|1|29|0.2999|0.0198|0.0036|-0.7316|0.0464||5.20|29|4.60|21
GME220218P00134000|13.55|13.55|13.55|13.55|13.55|10|0.00|0.0000|10|10|3|10|-0.6995|0.0198|-0.0123|-0.7308|0.0464||15.80|29|14.10|11
GME220218C00135000|4.50|6.63|3.79|4.57|4.85|11|0.28|0.0613|101|990|1|670|0.2838|0.0192|0.0035|-0.7150|0.0453||4.80|19|4.50|2
GME220218P00135000|15.55|17.20|14.20|17.30|15.70|11|-1.60|-0.0925|5|327|2|12|-0.7156|0.0191|-0.0126|-0.7142|0.0453||16.00|14|14.90|17
GME220218C00136000|4.30|5.85|3.60|5.65|4.45|12|-1.20|-0.2124|9|30|1|21|0.2686|0.0185|0.0033|-0.6980|0.0441||4.65|22|4.15|22
GME220218P00136000|13.30|17.40|13.30|14.55|16.72|12|2.17|0.1491|7|14|5|11|-0.7308|0.0185|-0.0130|-0.6972|0.0440||17.00|27|15.65|14
GME220218C00137000|4.40|5.89|3.55|4.53|4.27|13|-0.26|-0.0574|3|259|1|21|0.2542|0.0179|0.0031|-0.6806|0.0428||4.50|69|4.00|16
GME220218P00137000||||15.30|15.30|13|||0|37|0|0|-0.7451|0.0178|-0.0133|-0.6798|0.0428||18.00|27|16.40|17
GME220218C00138000|4.23|5.45|3.60|4.85|3.91|14|-0.94|-0.1938|18|120|1|32|0.2407|0.0172|0.0030|-0.6630|0.0416||4.25|25|3.65|88
GME220218P00138000|18.10|19.25|17.90|18.10|19.25|14|1.15|0.0635|15|15|6|15|-0.7587|0.0172|-0.0136|-0.6622|0.0415||18.95|15|17.20|16
GME220218C00139000|4.00|5.40|3.55|3.80|3.75|15|-0.05|-0.0132|37|57|13|68|0.2280|0.0165|0.0028|-0.6454|0.0403||3.95|20|3.60|10
GME220218P00139000|18.25|18.70|18.25|19.05|18.70|15|-0.35|-0.0184|8|71|1|8|-0.7714|0.0165|-0.0139|-0.6446|0.0403||19.95|31|17.95|13
GME220218C00140000|3.50|5.25|3.00|3.55|3.65|16|0.10|0.0282|264|1707|1|1053|0.2160|0.0159|0.0027|-0.6279|0.0391||3.75|16|3.50|7
GME220218P00140000|19.28|21.25|15.95|18.97|19.90|16|0.93|0.0490|-4|327|6|72|-0.7833|0.0159|-0.0142|-0.6271|0.0391||20.70|18|18.80|13
GME220218C00141000|3.68|4.90|2.95|3.20|3.50|17|0.30|0.0938|16|58|1|36|0.2048|0.0153|0.0025|-0.6107|0.0379||3.65|22|3.20|21
GME220218P00141000|18.90|20.50|18.90|18.70|20.18|17|1.48|0.0791|0|5|2|5|-0.7945|0.0153|-0.0145|-0.6099|0.0379||21.70|32|19.65|16
GME220218C00142000|3.60|4.25|2.74|5.50|3.15|18|-2.35|-0.4273|20|25|1|26|0.1943|0.0147|0.0024|-0.5937|0.0367||3.40|20|3.10|16
GME220218P00142000||||21.00|21.00|18|||0|3|0|0|-0.8051|0.0147|-0.0148|-0.5929|0.0367||22.35|11|20.40|12
GME220218C00143000|2.90|4.40|2.59|3.49|3.16|19|-0.33|-0.0946|23|43|2|35|0.1844|0.0141|0.0023|-0.5771|0.0355||3.40|33|3.00|18
GME220218P00143000||||||19||||0|0|0|-0.8149|0.0141|-0.0151|-0.5762|0.0355||23.35|27|21.30|13
GME220218C00144000|3.35|4.20|2.72|4.10|2.95|20|-1.15|-0.2805|39|43|2|56|0.1752|0.0135|0.0022|-0.5608|0.0344||3.30|17|2.87|13
GME220218P00144000||||20.80|20.80|20|||0|16|0|0|-0.8241|0.0135|-0.0154|-0.5600|0.0344||24.35|28|22.20|11
GME220218C00145000|3.13|4.40|2.33|2.79|2.90|21|0.11|0.0394|40|859|1|250|0.1665|0.0129|0.0021|-0.5450|0.0333||2.90|6|2.76|13
GME220218P00145000|25.21|25.21|23.40|20.75|23.40|21|2.65|0.1277|1|205|1|3|-0.8328|0.0129|-0.0156|-0.5442|0.0333||24.60|14|23.10|13
GME220218C00146000|2.70|4.00|2.50|3.00|2.50|22|-0.50|-0.1667|14|24|10|35|0.1584|0.0124|0.0020|-0.5297|0.0322||2.89|13|2.53|13
GME220218P00146000|23.65|23.65|23.65|23.65|23.65|22|0.00|0.0000|2|2|2|2|-0.8409|0.0124|-0.0159|-0.5288|0.0322||25.60|16|23.90|16
GME220218C00147000|2.95|3.60|2.50|3.10|2.74|23|-0.36|-0.1161|15|25|1|46|0.1509|0.0119|0.0019|-0.5149|0.0312||2.89|36|2.47|25
GME220218P00147000|25.67|25.67|25.67|31.42|25.67|23|-5.75|-0.1830|5|25|5|5|-0.8484|0.0119|-0.0161|-0.5140|0.0312||26.60|17|24.85|16
GME220218C00148000|2.99|3.15|2.31|2.96|2.48|24|-0.48|-0.1622|3|17|1|10|0.1438|0.0114|0.0018|-0.5005|0.0302||2.74|23|2.43|12
GME220218P00148000||||||24||||0|0|0|-0.8555|0.0114|-0.0164|-0.4996|0.0302||27.60|7|25.60|17
GME220218C00149000|3.00|3.50|2.38|4.05|2.52|25|-1.53|-0.3778|8|20|1|18|0.1371|0.0109|0.0017|-0.4866|0.0292||2.66|24|2.33|16
GME220218P00149000||||||25||||0|0|0|-0.8622|0.0109|-0.0166|-0.4857|0.0292||28.60|9|26.50|23
GME220218C00150000|1.99|3.45|1.92|2.32|2.32|26|0.00|0.0000|641|4026|1|3747|0.1309|0.0105|0.0016|-0.4733|0.0283||2.41|5|2.25|12
GME220218P00150000|26.93|26.93|24.00|25.23|24.00|26|-1.23|-0.0488|-1|391|1|3|-0.8684|0.0105|-0.0168|-0.4723|0.0283||28.70|13|27.50|11
