symbol|open|high|low|preClose|close|activeLevel|change|changeRatio|openIntChange|openInterest|latestPriceVol|volume|delta|gamma|rho|theta|vega|tradeStamptradeTime|ask|avol|bid|bvol
GME210507C00010000||||169.30|169.30|33|0.00|0.0000|0|3|0|0|1.0000|0.0000|0.0005|-0.0003|0.0000||150.70|19|147.95|19
GME210507P00010000||||0.01|0.01|33|0.00|0.0000|2|564|0|0|0.0000|0.0000|0.0000|-0.0004|0.0000||0.01|47|0.00|0
GME210507C00020000||||156.70|156.70|32|0.00|0.0000|0|1|0|0|1.0000|0.0000|0.0011|-0.0002|0.0000||140.70|19|137.95|19
GME210507P00020000||||0.01|0.01|32|0.00|0.0000|0|285|0|0|0.0000|0.0000|0.0000|-0.0037|0.0000||0.01|20|0.00|0
GME210507C00030000||||129.05|129.05|31|0.00|0.0000|0|5|0|0|1.0000|0.0000|0.0016|-0.0002|0.0000||130.70|31|128.20|17
GME210507P00030000|0.03|0.03|0.03|0.01|0.03|31|0.02|2.0000|0|658|1|1|-0.0001|0.0000|0.0000|-0.0038|0.0000||0.02|10|0.00|0
GME210507C00040000||||114.10|114.10|30|0.00|0.0000|0|8|0|0|1.0000|0.0000|0.0022|-0.0003|0.0000||120.70|31|118.20|17
GME210507P00040000|0.01|0.01|0.01|0.01|0.01|30|0.00|0.0000|1|923|1|1|-0.0001|0.0000|0.0000|-0.0040|0.0000||0.01|5|0.00|0
GME210507C00050000|109.80|109.80|109.80|108.70|109.80|29|1.10|0.0101|0|0|1|1|1.0000|0.0000|0.0027|-0.0003|0.0000||110.70|31|108.20|17
GME210507P00050000||||0.01|0.01|29|0.00|0.0000|15|1250|0|0|-0.0001|0.0000|0.0000|-0.0065|0.0001||0.01|5|0.00|0
GME210507C00060000||||114.05|114.05|28|0.00|0.0000|0|3|0|0|1.0000|0.0000|0.0033|-0.0004|0.0000||100.70|31|98.20|17
GME210507P00060000|0.01|0.01|0.01|0.01|0.01|28|0.00|0.0000|17|827|3|5|-0.0002|0.0000|0.0000|-0.0084|0.0001||0.01|5|0.00|0
GME210507C00070000||||89.05|89.05|27|0.00|0.0000|0|204|0|0|1.0000|0.0000|0.0038|-0.0005|0.0000||90.70|32|88.20|16
GME210507P00070000|0.01|0.01|0.01|0.01|0.01|27|0.00|0.0000|8|679|4|32|-0.0003|0.0000|0.0000|-0.0110|0.0001||0.02|5|0.00|0
GME210507C00080000|79.80|79.80|79.80|80.60|79.80|26|-0.80|-0.0099|-7|4|1|1|1.0000|0.0000|0.0044|-0.0007|0.0000||80.70|33|78.30|20
GME210507P00080000|0.01|0.02|0.01|0.01|0.01|26|0.00|0.0000|-26|1025|3|72|-0.0005|0.0001|0.0000|-0.0149|0.0002||0.03|17|0.01|7
GME210507C00090000||||72.70|72.70|25|0.00|0.0000|-4|9|0|0|1.0000|0.0000|0.0049|-0.0010|0.0000||70.70|31|68.20|16
GME210507P00090000|0.02|0.02|0.01|0.03|0.01|25|-0.02|-0.6667|28|590|5|68|-0.0018|0.0002|0.0000|-0.0456|0.0007||0.02|116|0.01|30
GME210507C00100000|60.10|60.10|60.10|63.80|60.10|24|-3.70|-0.0580|-64|291|1|1|0.9999|0.0000|0.0055|-0.0016|0.0000||60.70|32|58.20|22
GME210507P00100000|0.02|0.08|0.02|0.04|0.02|24|-0.02|-0.5000|-131|3274|1|419|-0.0031|0.0003|0.0000|-0.0656|0.0011||0.04|21|0.03|10
GME210507C00110000||||50.05|50.05|23|0.00|0.0000|-3|18|0|0|0.9995|0.0001|0.0060|-0.0078|0.0002||50.55|31|48.20|20
GME210507P00110000|0.03|0.06|0.03|0.05|0.06|23|0.01|0.2000|-8|727|1|11|-0.0055|0.0007|-0.0001|-0.0927|0.0019||0.05|1|0.04|20
GME210507C00120000||||42.00|42.00|22|0.00|0.0000|-9|38|0|0|0.9993|0.0002|0.0066|-0.0085|0.0003||40.70|31|38.30|20
GME210507P00120000|0.08|0.08|0.05|0.08|0.06|22|-0.02|-0.2500|121|1454|20|139|-0.0094|0.0013|-0.0001|-0.1215|0.0030||0.07|10|0.06|21
GME210507C00130000||||29.20|29.20|21|0.00|0.0000|-1|128|0|0|0.9853|0.0024|0.0070|-0.1423|0.0044||30.80|60|28.60|11
GME210507P00130000|0.16|0.16|0.10|0.17|0.10|21|-0.07|-0.4118|-59|1252|5|19|-0.0280|0.0038|-0.0003|-0.2696|0.0075||0.14|13|0.10|26
GME210507C00134000||||28.50|28.50|20|0.00|0.0000|0|14|0|0|0.9754|0.0040|0.0071|-0.2084|0.0068||26.90|31|24.55|17
GME210507P00134000||||0.20|0.20|20|0.00|0.0000|4|133|0|0|-0.0441|0.0058|-0.0004|-0.3727|0.0109||0.20|27|0.12|44
GME210507C00135000|27.57|27.57|27.57|25.82|27.57|19|1.75|0.0678|-3|88|1|1|0.9878|0.0026|0.0073|-0.0955|0.0037||25.80|26|23.55|14
GME210507P00135000|0.19|0.19|0.15|0.24|0.15|19|-0.09|-0.3750|36|759|1|4|-0.0469|0.0063|-0.0004|-0.3801|0.0115||0.22|33|0.14|24
GME210507C00136000|26.60|26.60|26.60|28.00|26.60|18|-1.40|-0.0500|0|24|1|1|0.9895|0.0025|0.0074|-0.0777|0.0033||24.95|32|22.55|10
GME210507P00136000|0.16|0.17|0.16|0.25|0.17|18|-0.08|-0.3200|-82|80|1|2|-0.0436|0.0061|-0.0004|-0.3521|0.0109||0.24|27|0.15|26
GME210507C00137000||||19.15|19.15|17|0.00|0.0000|0|34|0|0|0.9982|0.0007|0.0075|-0.0127|0.0007||24.00|32|21.55|8
GME210507P00137000|0.17|0.17|0.17|0.28|0.17|17|-0.11|-0.3929|-6|99|1|1|-0.0477|0.0067|-0.0004|-0.3703|0.0117||0.24|25|0.15|23
GME210507C00138000||||24.70|24.70|16|0.00|0.0000|-1|12|0|0|0.9851|0.0035|0.0074|-0.1018|0.0044||23.00|17|20.65|8
GME210507P00138000|0.23|0.24|0.23|0.32|0.24|16|-0.08|-0.2500|2|137|1|3|-0.0500|0.0072|-0.0005|-0.3712|0.0122||0.26|32|0.17|21
GME210507C00139000||||16.55|16.55|15|0.00|0.0000|0|10|0|0|0.9765|0.0049|0.0074|-0.1559|0.0065||22.05|16|19.60|6
GME210507P00139000|0.25|0.25|0.25|0.26|0.25|15|-0.01|-0.0385|-3|256|1|1|-0.0708|0.0093|-0.0006|-0.4909|0.0159||0.31|37|0.19|19
GME210507C00140000||||19.80|19.80|14|0.00|0.0000|-6|77|0|0|0.9365|0.0089|0.0071|-0.4360|0.0147||21.10|17|18.70|6
GME210507P00140000|0.32|0.60|0.25|0.39|0.26|14|-0.13|-0.3333|92|1884|1|44|-0.0817|0.0104|-0.0007|-0.5463|0.0177||0.30|1|0.25|18
GME210507C00141000||||18.95|18.95|13|0.00|0.0000|0|16|0|0|0.9281|0.0099|0.0071|-0.4740|0.0162||20.10|6|17.80|5
GME210507P00141000|0.29|0.33|0.29|0.38|0.33|13|-0.05|-0.1316|-70|148|1|2|-0.0813|0.0104|-0.0007|-0.5463|0.0178||0.40|48|0.25|29
GME210507C00142000||||17.00|17.00|12|0.00|0.0000|0|29|0|0|0.9169|0.0111|0.0070|-0.5269|0.0180||19.10|15|16.85|14
GME210507P00142000|0.35|0.35|0.35|0.44|0.35|12|-0.09|-0.2045|2|194|2|4|-0.1063|0.0128|-0.0010|-0.6588|0.0215||0.52|75|0.26|23
GME210507C00143000||||18.10|18.10|11|0.00|0.0000|0|42|0|0|0.9064|0.0123|0.0070|-0.5690|0.0197||18.15|16|15.90|5
GME210507P00143000||||0.55|0.55|11|0.00|0.0000|101|185|0|0|-0.1036|0.0126|-0.0009|-0.6426|0.0213||0.52|59|0.27|53
GME210507C00144000||||19.50|19.50|10|0.00|0.0000|-1|31|0|0|0.8928|0.0136|0.0069|-0.6258|0.0218||17.20|6|14.85|9
GME210507P00144000|0.55|0.55|0.27|0.60|0.27|10|-0.33|-0.5500|77|574|1|11|-0.1283|0.0152|-0.0012|-0.7223|0.0246||0.56|82|0.27|43
GME210507C00145000||||16.50|16.50|9|0.00|0.0000|1|78|0|0|0.9022|0.0143|0.0071|-0.5210|0.0204||16.25|17|14.00|6
GME210507P00145000|0.68|0.68|0.40|0.70|0.51|9|-0.19|-0.2714|-112|1342|1|18|-0.1464|0.0166|-0.0013|-0.7934|0.0269||0.59|47|0.40|36
GME210507C00146000||||16.87|16.87|8|0.00|0.0000|0|52|0|0|0.8645|0.0164|0.0068|-0.7222|0.0257||15.35|17|13.10|7
GME210507P00146000|0.55|0.59|0.53|0.80|0.53|8|-0.27|-0.3375|-19|300|1|4|-0.1455|0.0165|-0.0013|-0.7929|0.0270||0.68|52|0.43|27
GME210507C00147000||||13.65|13.65|7|0.00|0.0000|-4|64|0|0|0.8608|0.0179|0.0068|-0.6876|0.0262||14.45|19|12.20|8
GME210507P00147000|0.69|0.69|0.60|0.88|0.60|7|-0.28|-0.3182|9|184|1|2|-0.1839|0.0194|-0.0017|-0.9132|0.0312||0.77|35|0.51|40
GME210507C00148000||||15.92|15.92|6|0.00|0.0000|1|44|0|0|0.8212|0.0193|0.0065|-0.8847|0.0308||13.55|67|11.30|9
GME210507P00148000|0.79|0.95|0.70|0.96|0.76|6|-0.20|-0.2083|13|295|1|25|-0.2070|0.0206|-0.0019|-0.9893|0.0335||0.91|51|0.60|27
GME210507C00149000|12.00|12.00|12.00|11.70|12.00|5|0.30|0.0256|4|99|1|1|0.7941|0.0205|0.0063|-0.9911|0.0336||12.15|44|10.40|20
GME210507P00149000|0.90|0.93|0.73|1.10|0.93|5|-0.17|-0.1545|0|717|1|7|-0.2236|0.0223|-0.0020|-1.0034|0.0350||1.04|28|0.71|51
GME210507C00150000|11.50|11.73|10.25|10.80|10.25|4|-0.55|-0.0509|-39|1078|1|5|0.7791|0.0222|0.0062|-0.9944|0.0350||11.65|99|9.55|13
GME210507P00150000|1.39|1.39|0.80|1.36|1.09|4|-0.27|-0.1985|-33|3322|1|131|-0.2504|0.0234|-0.0023|-1.0820|0.0373||1.15|21|1.09|6
GME210507C00152500||||8.87|8.87|3|0.00|0.0000|-7|94|0|0|0.6933|0.0274|0.0056|-1.1261|0.0412||9.25|78|7.80|15
GME210507P00152500|1.39|1.73|1.30|1.80|1.61|3|-0.19|-0.1056|22|308|10|17|-0.3133|0.0264|-0.0029|-1.1896|0.0415||1.75|1|1.28|68
GME210507C00155000|7.00|7.00|7.00|7.25|7.00|2|-0.25|-0.0345|-17|797|1|2|0.6200|0.0298|0.0050|-1.2156|0.0446||7.70|101|6.10|16
GME210507P00155000|2.15|2.53|1.90|2.75|2.23|2|-0.52|-0.1891|9|1587|1|129|-0.3873|0.0274|-0.0036|-1.3386|0.0449||2.50|14|2.07|47
GME210507C00157500|5.70|5.70|4.70|5.84|5.10|1|-0.74|-0.1267|2|144|1|7|0.5423|0.0298|0.0044|-1.3200|0.0465||5.70|71|4.80|15
GME210507P00157500|3.00|3.68|2.50|3.85|3.16|1|-0.69|-0.1792|266|700|1|103|-0.4581|0.0285|-0.0043|-1.3822|0.0465||3.65|63|3.00|19
GME210507C00160000|4.67|5.19|3.60|4.40|4.15|1|-0.25|-0.0568|115|1040|1|105|0.4677|0.0299|0.0038|-1.3238|0.0466||4.25|22|4.00|2
GME210507P00160000|4.55|5.05|3.65|5.15|4.60|1|-0.55|-0.1068|82|2807|3|34|-0.5301|0.0289|-0.0050|-1.3710|0.0466||5.10|78|4.30|39
GME210507C00162500|3.90|4.00|3.05|3.50|3.70|2|0.20|0.0571|121|382|3|74|0.4031|0.0274|0.0033|-1.3671|0.0454||3.40|62|2.79|15
GME210507P00162500|6.40|6.70|5.75|6.25|6.50|2|0.25|0.0400|241|442|5|9|-0.6006|0.0281|-0.0056|-1.3257|0.0453||6.80|56|5.50|100
GME210507C00165000|3.00|3.25|2.30|2.82|2.35|3|-0.47|-0.1667|187|1045|1|123|0.3396|0.0258|0.0028|-1.3009|0.0429||2.65|25|2.14|15
GME210507P00165000|7.35|8.60|6.85|8.50|8.04|3|-0.46|-0.0541|26|833|1|36|-0.6571|0.0254|-0.0062|-1.3296|0.0431||8.90|102|7.60|71
GME210507C00170000|1.84|2.55|1.44|1.90|1.60|4|-0.30|-0.1579|336|2069|1|350|0.2403|0.0208|0.0020|-1.1621|0.0365||1.70|1|1.50|5
GME210507P00170000|11.91|12.37|11.26|12.66|12.18|4|-0.48|-0.0379|-42|603|2|8|-0.7548|0.0206|-0.0073|-1.1979|0.0369||13.05|21|11.15|92
GME210507C00172500|1.52|1.82|1.30|1.65|1.30|5|-0.35|-0.2121|26|421|1|83|0.1948|0.0185|0.0016|-1.0287|0.0323||1.43|1|1.17|17
GME210507P00172500|15.10|15.10|15.10|15.25|15.10|5|-0.15|-0.0098|-8|170|1|1|-0.7688|0.0191|-0.0075|-1.2162|0.0359||15.25|26|13.30|87
GME210507C00175000|1.42|1.64|1.09|1.40|1.14|6|-0.26|-0.1857|199|1824|1|96|0.1714|0.0160|0.0014|-1.0081|0.0298||1.26|12|1.03|14
GME210507P00175000||||17.42|17.42|6|0.00|0.0000|0|382|0|0|-0.8338|0.0160|-0.0082|-0.9686|0.0292||17.60|16|15.75|23
GME210507C00177500|1.35|1.35|0.98|1.27|1.01|7|-0.26|-0.2047|52|785|1|30|0.1421|0.0140|0.0012|-0.9061|0.0264||1.01|1|0.92|5
GME210507P00177500|18.91|18.91|18.91|18.37|18.91|7|0.54|0.0294|-1|84|1|2|-0.8227|0.0149|-0.0083|-1.1331|0.0307||20.00|17|18.25|18
GME210507C00180000|1.14|1.25|0.83|1.16|0.92|8|-0.24|-0.2069|20|2061|1|125|0.1249|0.0122|0.0010|-0.8671|0.0241||0.95|1|0.82|10
GME210507P00180000|21.33|21.33|21.32|21.37|21.32|8|-0.05|-0.0023|18|333|1|3|-0.8569|0.0131|-0.0087|-0.9741|0.0267||22.40|13|20.35|17
GME210507C00182500|0.75|1.01|0.75|1.05|0.90|9|-0.15|-0.1429|3|429|1|9|0.1115|0.0108|0.0009|-0.8376|0.0223||0.92|61|0.74|24
GME210507P00182500||||24.30|24.30|9|0.00|0.0000|-7|34|0|0|-0.8645|0.0117|-0.0089|-1.0104|0.0257||24.80|6|22.75|19
GME210507C00185000|1.04|1.04|0.74|1.01|0.77|10|-0.24|-0.2376|14|767|1|56|0.0957|0.0094|0.0008|-0.7673|0.0199||0.82|14|0.74|2
GME210507P00185000||||26.68|26.68|10|0.00|0.0000|19|285|0|0|-0.8842|0.0103|-0.0092|-0.9205|0.0230||27.25|11|25.20|17
GME210507C00187500|0.96|1.00|0.71|0.88|0.83|11|-0.05|-0.0568|-13|203|2|15|0.0879|0.0084|0.0007|-0.7552|0.0187||0.79|63|0.65|22
GME210507P00187500||||28.13|28.13|11|0.00|0.0000|0|29|0|0|-0.8928|0.0093|-0.0094|-0.9139|0.0218||29.75|6|27.60|32
GME210507C00190000|0.82|0.83|0.61|0.79|0.67|12|-0.12|-0.1519|247|1221|1|24|0.0738|0.0073|0.0006|-0.6690|0.0164||0.75|58|0.61|34
GME210507P00190000|32.40|32.40|31.10|31.35|31.11|12|-0.24|-0.0077|-3|126|2|5|-0.9027|0.0084|-0.0096|-0.8828|0.0203||32.25|26|30.05|56
GME210507C00192500|0.77|0.77|0.77|0.80|0.77|13|-0.03|-0.0375|3|206|1|1|0.0788|0.0072|0.0007|-0.7471|0.0173||0.75|79|0.58|29
GME210507P00192500|33.75|33.75|33.75|23.69|33.75|13|10.06|0.4247|0|8|1|1|-0.9134|0.0075|-0.0098|-0.8296|0.0186||34.75|6|32.50|17
GME210507C00195000|0.75|0.75|0.60|0.78|0.65|14|-0.13|-0.1667|-5|601|1|8|0.0659|0.0061|0.0005|-0.6712|0.0150||0.70|77|0.56|5
GME210507P00195000||||33.77|33.77|14|0.00|0.0000|12|125|0|0|-0.9194|0.0068|-0.0100|-0.8157|0.0176||37.10|6|34.95|28
GME210507C00197500|0.56|0.68|0.56|0.83|0.62|15|-0.21|-0.2530|8|196|1|5|0.0627|0.0056|0.0005|-0.6737|0.0145||0.67|71|0.54|5
GME210507P00197500|38.70|38.70|38.70|43.94|38.70|15|-5.24|-0.1193|0|9|1|1|-0.9267|0.0062|-0.0102|-0.7793|0.0164||39.60|6|37.45|16
GME210507C00200000|0.65|0.75|0.54|0.65|0.56|16|-0.09|-0.1385|154|6779|2|165|0.0562|0.0051|0.0005|-0.6307|0.0133||0.59|2|0.54|2
GME210507P00200000||||39.60|39.60|16|0.00|0.0000|-2|252|0|0|-0.9302|0.0058|-0.0104|-0.7805|0.0158||42.10|9|39.90|58
GME210507C00205000|0.57|0.64|0.55|0.66|0.55|17|-0.11|-0.1667|-7|517|5|11|0.0488|0.0043|0.0004|-0.5970|0.0119||0.55|1|0.48|12
GME210507P00205000||||53.68|53.68|17|0.00|0.0000|0|18|0|0|-0.9435|0.0047|-0.0108|-0.6853|0.0134||47.10|6|44.85|31
GME210507C00210000|0.60|0.60|0.50|0.61|0.50|18|-0.11|-0.1803|-3|649|2|8|0.0425|0.0036|0.0003|-0.5611|0.0106||0.57|77|0.45|13
GME210507P00210000||||49.70|49.70|18|0.00|0.0000|0|115|0|0|-0.9494|0.0041|-0.0111|-0.6643|0.0123||52.05|8|49.80|18
GME210507C00215000|0.48|0.49|0.48|0.51|0.49|19|-0.02|-0.0392|-70|379|1|2|0.0383|0.0032|0.0003|-0.5434|0.0098||0.53|64|0.42|10
GME210507P00215000||||54.20|54.20|19|0.00|0.0000|0|2|0|0|-0.9548|0.0035|-0.0114|-0.6374|0.0112||57.15|19|54.75|31
GME210507C00220000|0.48|0.48|0.45|0.50|0.45|20|-0.05|-0.1000|105|1216|4|10|0.0340|0.0028|0.0003|-0.5138|0.0088||0.51|38|0.38|42
GME210507P00220000|61.76|62.30|61.76|60.42|61.78|20|1.36|0.0225|12|130|8|20|-0.9580|0.0032|-0.0117|-0.6334|0.0106||62.05|22|59.70|19
GME210507C00225000|0.49|0.49|0.42|0.50|0.42|21|-0.08|-0.1600|19|567|1|4|0.0288|0.0024|0.0002|-0.4606|0.0077||0.45|1|0.36|17
GME210507P00225000||||67.85|67.85|21|0.00|0.0000|0|16|0|0|-0.9681|0.0025|-0.0121|-0.5053|0.0084||67.00|14|64.65|16
GME210507C00230000|0.39|0.39|0.35|0.47|0.35|22|-0.12|-0.2553|-22|651|1|4|0.0255|0.0021|0.0002|-0.4298|0.0070||0.40|1|0.28|41
GME210507P00230000||||71.00|71.00|22|0.00|0.0000|0|7|0|0|-0.9724|0.0022|-0.0124|-0.4606|0.0075||72.00|16|69.60|16
GME210507C00240000|0.37|0.37|0.37|0.44|0.37|23|-0.07|-0.1591|154|1158|2|2|0.0180|0.0015|0.0001|-0.3318|0.0052||0.34|1|0.28|18
GME210507P00240000|80.50|80.50|80.50|82.47|80.50|23|-1.97|-0.0239|0|108|1|1|-0.9771|0.0017|-0.0130|-0.4225|0.0064||81.95|7|79.55|58
GME210507C00250000|0.36|0.39|0.25|0.37|0.27|24|-0.10|-0.2703|154|2793|1|156|0.0170|0.0013|0.0001|-0.3421|0.0049||0.30|3|0.25|10
GME210507P00250000|90.44|90.45|90.44|87.00|90.45|24|3.45|0.0397|0|129|1|4|-0.9809|0.0014|-0.0135|-0.3825|0.0055||91.90|7|89.55|19
GME210507C00260000|0.28|0.31|0.25|0.37|0.26|25|-0.11|-0.2973|63|883|1|122|0.0150|0.0011|0.0001|-0.3271|0.0044||0.27|4|0.21|11
GME210507P00260000||||100.60|100.60|25|0.00|0.0000|12|19|0|0|-0.9842|0.0011|-0.0141|-0.3413|0.0047||101.85|6|99.50|31
GME210507C00270000|0.20|0.26|0.20|0.28|0.26|26|-0.02|-0.0714|-11|426|1|5|0.0112|0.0008|0.0001|-0.2602|0.0035||0.22|3|0.17|11
GME210507P00270000||||||26|||0|0|0|0|-0.9867|0.0009|-0.0147|-0.3079|0.0040||111.80|6|109.45|31
GME210507C00280000|0.29|0.29|0.29|0.28|0.29|27|0.01|0.0357|6|913|1|1|0.0094|0.0007|0.0001|-0.2304|0.0030||0.20|13|0.15|11
GME210507P00280000||||122.27|122.27|27|0.00|0.0000|0|9|0|0|-0.9896|0.0007|-0.0153|-0.2549|0.0033||121.90|30|119.45|16
GME210507C00290000|0.15|0.18|0.15|0.20|0.18|28|-0.02|-0.1000|1|126|1|2|0.0079|0.0006|0.0001|-0.2061|0.0026||0.18|16|0.12|20
GME210507P00290000||||130.30|130.30|28|0.00|0.0000|0|4|0|0|-0.9892|0.0007|-0.0158|-0.2798|0.0034||131.75|12|129.45|31
GME210507C00300000|0.39|0.39|0.11|0.20|0.13|29|-0.07|-0.3500|952|4676|1|97|0.0066|0.0005|0.0001|-0.1798|0.0022||0.13|1|0.11|5
GME210507P00300000||||135.00|135.00|29|0.00|0.0000|1|586|0|0|-0.9888|0.0007|-0.0163|-0.3049|0.0035||141.75|20|139.40|32
GME210507C00310000|0.18|0.18|0.14|0.18|0.14|30|-0.04|-0.2222|101|463|1|11|0.0063|0.0004|0.0001|-0.1793|0.0021||0.14|8|0.09|6
GME210507P00310000||||132.40|132.40|30|0.00|0.0000|0|19|0|0|-0.9921|0.0005|-0.0169|-0.2243|0.0026||151.75|21|149.40|31
GME210507C00320000|0.12|0.13|0.12|0.22|0.13|31|-0.09|-0.4091|20|631|1|2|0.0053|0.0004|0.0000|-0.1572|0.0018||0.13|34|0.10|5
GME210507P00320000||||162.10|162.10|31|0.00|0.0000|0|5|0|0|-0.9932|0.0004|-0.0175|-0.2030|0.0023||161.70|16|159.40|31
GME210507C00330000|0.15|0.15|0.12|0.14|0.12|32|-0.02|-0.1429|15|584|1|6|0.0048|0.0003|0.0000|-0.1499|0.0016||0.13|22|0.07|8
GME210507P00330000||||175.00|175.00|32|0.00|0.0000|0|2|0|0|-0.9940|0.0004|-0.0180|-0.1849|0.0020||171.75|21|169.40|31
GME210507C00340000|0.15|0.15|0.06|0.20|0.06|33|-0.14|-0.7000|42|183|1|5|0.0040|0.0003|0.0000|-0.1273|0.0014||0.09|9|0.06|3
GME210507P00340000||||165.30|165.30|33|0.00|0.0000|0|10|0|0|-0.9947|0.0003|-0.0186|-0.1694|0.0018||181.75|21|179.35|31
GME210507C00350000|0.03|0.13|0.03|0.12|0.07|34|-0.05|-0.4167|13|1562|4|63|0.0039|0.0003|0.0000|-0.1309|0.0014||0.08|1|0.07|2
GME210507P00350000||||194.70|194.70|34|0.00|0.0000|0|7|0|0|-0.9958|0.0003|-0.0191|-0.1377|0.0015||191.70|22|189.35|32
GME210507C00360000||||0.14|0.14|35|0.00|0.0000|11|169|0|0|0.0047|0.0003|0.0000|-0.1620|0.0016||0.10|18|0.04|21
GME210507P00360000||||201.15|201.15|35|0.00|0.0000|0|2|0|0|-0.9956|0.0003|-0.0197|-0.1517|0.0015||201.75|28|199.35|31
GME210507C00370000|0.10|0.10|0.09|0.15|0.10|36|-0.05|-0.3333|13|213|1|3|0.0025|0.0002|0.0000|-0.0869|0.0009||0.09|23|0.04|12
GME210507P00370000||||195.35|195.35|36|0.00|0.0000|0|2|0|0|-0.9958|0.0003|-0.0202|-0.1486|0.0015||211.70|23|209.35|31
GME210507C00375000|0.15|0.15|0.10|0.20|0.10|37|-0.10|-0.5000|3|576|2|4|0.0024|0.0002|0.0000|-0.0844|0.0009||0.07|12|0.06|10
GME210507P00375000||||216.20|216.20|37|0.00|0.0000|0|6|0|0|-0.9963|0.0002|-0.0205|-0.1313|0.0013||216.70|22|214.35|31
GME210507C00380000|0.12|0.12|0.06|0.14|0.07|38|-0.07|-0.5000|9|112|1|25|0.0023|0.0002|0.0000|-0.0840|0.0009||0.07|22|0.04|3
GME210507P00380000||||216.15|216.15|38|0.00|0.0000|0|2|0|0|-0.9964|0.0002|-0.0208|-0.1303|0.0013||221.70|22|219.35|31
GME210507C00390000|0.06|0.06|0.06|0.08|0.06|39|-0.02|-0.2500|26|377|1|1|0.0018|0.0001|0.0000|-0.0685|0.0007||0.06|10|0.04|5
GME210507P00390000||||||39|||0|0|0|0|-0.9973|0.0002|-0.0213|-0.1020|0.0010||231.70|20|229.35|31
GME210507C00400000|0.09|0.13|0.05|0.09|0.05|40|-0.04|-0.4444|251|2463|1|39|0.0018|0.0001|0.0000|-0.0706|0.0007||0.06|17|0.05|5
GME210507P00400000|240.00|240.00|240.00|237.00|240.00|40|3.00|0.0127|6|12|3|3|-0.9973|0.0002|-0.0219|-0.1014|0.0010||241.55|9|239.35|32
GME210507C00410000|0.09|0.14|0.09|0.07|0.09|41|0.02|0.2857|46|252|1|30|0.0017|0.0001|0.0000|-0.0675|0.0006||0.16|1|0.03|5
GME210507P00410000||||252.05|252.05|41|0.00|0.0000|0|5|0|0|-0.9974|0.0002|-0.0224|-0.1010|0.0009||252.10|19|249.35|19
GME210507C00420000|0.15|0.15|0.05|0.08|0.05|42|-0.03|-0.3750|278|1692|5|47|0.0016|0.0001|0.0000|-0.0647|0.0006||0.05|2|0.04|5
GME210507P00420000||||251.85|251.85|42|0.00|0.0000|0|1|0|0|-0.9972|0.0002|-0.0230|-0.1123|0.0010||262.10|19|259.35|19
GME210507C00430000|0.09|0.10|0.04|0.06|0.04|43|-0.02|-0.3333|1480|11196|2|378|0.0013|0.0001|0.0000|-0.0550|0.0005||0.05|5|0.04|10
GME210507P00430000||||275.00|275.00|43|0.00|0.0000|0|7|0|0|-0.9975|0.0001|-0.0235|-0.1004|0.0009||272.10|19|269.35|19
GME210514C00010000||||154.00|154.00|23|0.00|0.0000|0|0|0|0|0.9980|0.0000|0.0023|-0.0692|0.0016||150.45|16|148.25|16
GME210514P00010000||||0.01|0.01|23|0.00|0.0000|0|491|0|0|-0.0001|0.0000|0.0000|-0.0033|0.0001||0.01|41|0.00|0
GME210514C00020000||||131.15|131.15|22|0.00|0.0000|0|0|0|0|1.0000|0.0000|0.0049|0.0000|0.0000||140.45|16|138.25|16
GME210514P00020000||||0.01|0.01|22|0.00|0.0000|8|71|0|0|-0.0003|0.0000|0.0000|-0.0059|0.0003||0.03|2|0.00|0
GME210514C00030000||||124.85|124.85|21|0.00|0.0000|0|1|0|0|1.0000|0.0000|0.0074|-0.0001|0.0000||130.45|16|128.25|7
GME210514P00030000||||0.01|0.01|21|0.00|0.0000|4|228|0|0|-0.0006|0.0000|0.0000|-0.0112|0.0006||0.03|15|0.00|0
GME210514C00040000||||128.20|128.20|20|0.00|0.0000|0|1|0|0|0.9550|0.0004|0.0062|-1.1468|0.0237||120.45|16|118.25|16
GME210514P00040000|0.02|0.02|0.01|0.03|0.02|20|-0.01|-0.3333|6|459|2|17|-0.0008|0.0000|0.0000|-0.0113|0.0007||0.01|2|0.00|0
GME210514C00050000||||113.45|113.45|19|0.00|0.0000|-2|6|0|0|0.9600|0.0006|0.0099|-0.6765|0.0216||110.45|16|108.25|16
GME210514P00050000|0.02|0.02|0.02|0.03|0.02|19|-0.01|-0.3333|13|441|3|8|-0.0016|0.0001|-0.0001|-0.0197|0.0013||0.02|27|0.01|10
GME210514C00060000|99.70|99.70|99.70|107.99|99.70|18|-8.29|-0.0768|0|5|1|1|0.9315|0.0008|0.0103|-1.1473|0.0331||100.45|12|98.25|17
GME210514P00060000|0.04|0.05|0.04|0.15|0.05|18|-0.10|-0.6667|0|396|1|4|-0.0033|0.0002|-0.0001|-0.0338|0.0025||0.05|55|0.04|3
GME210514C00070000||||92.68|92.68|17|0.00|0.0000|0|27|0|0|0.9976|0.0002|0.0172|-0.0205|0.0019||90.50|16|88.30|17
GME210514P00070000|0.10|0.10|0.07|0.09|0.07|17|-0.02|-0.2222|58|466|5|14|-0.0051|0.0003|-0.0002|-0.0439|0.0036||0.10|4|0.07|12
GME210514C00080000||||75.10|75.10|16|0.00|0.0000|-3|3|0|0|0.9953|0.0003|0.0195|-0.0340|0.0034||80.55|26|78.40|6
GME210514P00080000||||0.10|0.10|16|0.00|0.0000|-29|370|0|0|-0.0098|0.0005|-0.0004|-0.0721|0.0065||0.20|4|0.10|19
GME210514C00090000||||66.29|66.29|15|0.00|0.0000|0|8|0|0|0.9909|0.0006|0.0218|-0.0557|0.0061||70.60|31|68.45|6
GME210514P00090000||||0.16|0.16|15|0.00|0.0000|-107|144|0|0|-0.0148|0.0008|-0.0006|-0.0930|0.0094||0.33|69|0.06|40
GME210514C00100000|60.35|60.35|59.52|59.60|59.52|14|-0.08|-0.0013|0|68|1|2|0.9809|0.0012|0.0238|-0.0986|0.0116||60.65|32|58.45|16
GME210514P00100000|0.37|0.37|0.23|0.22|0.23|14|0.01|0.0455|203|665|1|5|-0.0269|0.0015|-0.0012|-0.1393|0.0154||0.32|1|0.23|30
GME210514C00110000||||50.60|50.60|13|0.00|0.0000|1|17|0|0|0.9934|0.0007|0.0269|-0.0254|0.0046||50.80|31|48.60|16
GME210514P00110000|0.40|0.40|0.36|0.33|0.37|13|0.04|0.1212|42|362|1|16|-0.0392|0.0024|-0.0017|-0.1647|0.0211||0.45|26|0.35|21
GME210514C00120000||||43.75|43.75|12|0.00|0.0000|0|16|0|0|0.9590|0.0032|0.0279|-0.1343|0.0220||41.05|16|38.85|16
GME210514P00120000|0.59|0.62|0.57|0.70|0.62|12|-0.08|-0.1143|97|742|2|37|-0.0653|0.0041|-0.0028|-0.2194|0.0316||0.62|7|0.56|12
GME210514C00130000||||32.70|32.70|11|0.00|0.0000|2|33|0|0|0.8935|0.0065|0.0275|-0.2876|0.0460||31.50|16|29.30|6
GME210514P00130000|1.01|1.31|1.00|1.14|1.31|11|0.17|0.1491|31|490|5|9|-0.1222|0.0070|-0.0052|-0.3279|0.0504||1.37|97|0.93|67
GME210514C00140000||||21.91|21.91|10|0.00|0.0000|0|75|0|0|0.7971|0.0101|0.0257|-0.4377|0.0707||22.70|16|20.45|17
GME210514P00140000|2.26|2.26|2.01|2.35|2.22|10|-0.13|-0.0553|46|427|1|17|-0.2205|0.0103|-0.0096|-0.4724|0.0737||2.36|1|2.01|24
GME210514C00145000||||18.20|18.20|9|0.00|0.0000|3|27|0|0|0.7409|0.0120|0.0244|-0.4854|0.0811||18.70|26|16.95|8
GME210514P00145000|3.00|3.40|3.00|3.55|3.23|9|-0.32|-0.0901|68|269|1|24|-0.2764|0.0122|-0.0121|-0.5114|0.0832||3.45|42|3.00|71
GME210514C00146000||||18.60|18.60|8|0.00|0.0000|3|19|0|0|0.7246|0.0121|0.0239|-0.5113|0.0836||18.00|26|16.00|15
GME210514P00146000||||3.93|3.93|8|0.00|0.0000|-2|32|0|0|-0.2766|0.0120|-0.0122|-0.5165|0.0838||4.30|32|3.05|19
GME210514C00147000||||17.25|17.25|7|0.00|0.0000|0|22|0|0|0.7147|0.0127|0.0237|-0.5066|0.0850||17.35|31|15.30|18
GME210514P00147000||||4.27|4.27|7|0.00|0.0000|3|70|0|0|-0.2899|0.0123|-0.0128|-0.5283|0.0857||4.20|28|3.35|29
GME210514C00148000||||17.60|17.60|6|0.00|0.0000|1|51|0|0|0.7012|0.0130|0.0234|-0.5164|0.0869||16.65|33|14.80|6
GME210514P00148000||||4.58|4.58|6|0.00|0.0000|-5|167|0|0|-0.3042|0.0125|-0.0134|-0.5442|0.0876||4.95|48|3.65|52
GME210514C00149000||||17.48|17.48|5|0.00|0.0000|1|36|0|0|0.6862|0.0131|0.0229|-0.5319|0.0888||15.85|30|14.15|10
GME210514P00149000|4.00|4.70|4.00|4.28|4.70|5|0.42|0.0981|26|211|1|6|-0.3181|0.0127|-0.0141|-0.5562|0.0893||4.75|21|3.95|77
GME210514C00150000|14.40|14.40|14.40|14.85|14.40|4|-0.45|-0.0303|9|459|1|1|0.6703|0.0132|0.0224|-0.5530|0.0906||15.15|13|13.30|11
GME210514P00150000|4.30|5.30|4.30|4.85|4.80|4|-0.05|-0.0103|111|1645|10|58|-0.3465|0.0132|-0.0153|-0.5744|0.0918||5.05|21|4.35|86
GME210514C00152500||||12.55|12.55|3|0.00|0.0000|0|78|0|0|0.6205|0.0142|0.0209|-0.5682|0.0946||13.75|45|12.00|14
GME210514P00152500|5.80|5.80|5.80|5.95|5.80|3|-0.15|-0.0252|8|53|1|1|-0.3660|0.0135|-0.0163|-0.5823|0.0942||6.75|28|5.25|31
GME210514C00155000|13.50|13.50|11.05|11.50|11.80|2|0.30|0.0261|5|189|1|14|0.5987|0.0140|0.0203|-0.5952|0.0968||12.10|56|10.70|12
GME210514P00155000|5.90|6.80|5.90|7.04|6.80|2|-0.24|-0.0341|10|159|1|6|-0.4170|0.0140|-0.0186|-0.6033|0.0970||7.30|33|6.45|50
GME210514C00157500|9.71|9.71|9.71|11.45|9.71|1|-1.74|-0.1520|-6|53|1|1|0.5627|0.0143|0.0192|-0.6020|0.0987||10.80|30|9.45|27
GME210514P00157500|8.60|8.60|8.29|8.50|8.29|1|-0.21|-0.0247|115|173|2|14|-0.4371|0.0139|-0.0197|-0.6205|0.0986||9.10|55|7.65|49
GME210514C00160000|9.50|9.50|8.60|10.20|9.13|1|-1.07|-0.1049|54|356|1|144|0.5114|0.0144|0.0174|-0.6151|0.0992||9.70|78|8.50|6
GME210514P00160000|9.25|9.93|9.25|9.80|9.50|1|-0.30|-0.0306|111|474|2|11|-0.4875|0.0141|-0.0220|-0.6256|0.0992||10.15|55|9.25|21
GME210514C00162500|8.25|9.05|7.65|7.97|7.65|2|-0.32|-0.0402|23|88|2|8|0.4766|0.0143|0.0163|-0.6173|0.0990||8.80|39|7.50|17
GME210514P00162500||||11.30|11.30|2|0.00|0.0000|12|79|0|0|-0.5049|0.0137|-0.0231|-0.6451|0.0999||11.95|35|10.45|27
GME210514C00165000|7.65|7.65|7.19|7.74|7.19|3|-0.55|-0.0711|82|305|1|6|0.4441|0.0140|0.0152|-0.6215|0.0982||7.55|43|6.75|56
GME210514P00165000|12.50|12.50|12.50|13.85|12.50|3|-1.35|-0.0975|21|215|1|1|-0.5387|0.0137|-0.0248|-0.6395|0.0994||13.70|58|12.05|51
GME210514C00167500|7.00|7.00|6.25|7.00|6.25|4|-0.75|-0.1071|||3|6|0.0000|0.0000|0.0000|0.0000|0.0000||7.10|47|6.00|30
GME210514P00167500||||||4|||||0|0|-1.0000|0.0000|-0.0413|0.0004|0.0000||15.50|29|13.80|26
GME210514C00170000|6.15|7.00|5.73|6.00|5.75|5|-0.25|-0.0417|126|794|1|34|0.3866|0.0130|0.0133|-0.6269|0.0952||6.25|33|5.45|15
GME210514P00170000|16.11|16.29|16.11|17.05|16.29|5|-0.76|-0.0446|1|100|2|3|-0.6125|0.0129|-0.0286|-0.6298|0.0952||17.40|40|15.60|31
GME210514C00172500|5.75|6.00|5.11|5.79|5.20|6|-0.59|-0.1019|33|102|1|8|0.3743|0.0125|0.0130|-0.6359|0.0949||5.75|37|4.90|40
GME210514P00172500||||16.99|16.99|6|0.00|0.0000|2|24|0|0|-0.6223|0.0124|-0.0295|-0.6487|0.0952||19.40|32|17.55|17
GME210514C00175000|5.00|5.00|4.58|5.19|4.85|7|-0.34|-0.0655|53|306|1|10|0.3329|0.0121|0.0115|-0.6068|0.0904||4.90|1|4.70|1
GME210514P00175000||||21.43|21.43|7|0.00|0.0000|6|69|0|0|-0.6432|0.0117|-0.0308|-0.6583|0.0934||21.45|33|19.50|36
GME210514C00177500||||4.70|4.70|8|0.00|0.0000|7|121|0|0|0.3118|0.0115|0.0108|-0.6043|0.0879||4.90|50|3.95|47
GME210514P00177500|22.47|22.47|22.47|23.35|22.47|8|-0.88|-0.0377|16|38|1|2|-0.6705|0.0114|-0.0323|-0.6358|0.0906||23.55|33|21.55|30
GME210514C00180000|4.00|4.30|4.00|4.28|4.12|9|-0.16|-0.0374|94|1348|7|20|0.2899|0.0110|0.0101|-0.5918|0.0851||4.55|77|3.65|61
GME210514P00180000|24.67|24.67|24.60|25.20|24.60|9|-0.60|-0.0238|10|124|1|3|-0.6902|0.0109|-0.0336|-0.6331|0.0883||25.65|41|23.65|39
GME210514C00182500||||4.30|4.30|10|0.00|0.0000|9|46|0|0|0.2733|0.0104|0.0095|-0.5902|0.0827||4.40|52|3.35|35
GME210514P00182500||||23.15|23.15|10|0.00|0.0000|0|6|0|0|-0.7124|0.0105|-0.0350|-0.6153|0.0854||27.80|17|25.85|28
GME210514C00185000|3.75|4.00|3.34|3.90|3.34|11|-0.56|-0.1436|30|168|1|12|0.2511|0.0100|0.0087|-0.5648|0.0792||3.70|31|3.15|43
GME210514P00185000||||26.80|26.80|11|0.00|0.0000|7|35|0|0|-0.7312|0.0100|-0.0363|-0.6030|0.0826||30.05|22|28.10|18
GME210514C00187500||||4.30|4.30|12|0.00|0.0000|0|111|0|0|0.2490|0.0096|0.0087|-0.5825|0.0794||3.45|30|2.91|45
GME210514P00187500||||34.70|34.70|12|0.00|0.0000|0|6|0|0|-0.7414|0.0095|-0.0373|-0.6147|0.0810||32.25|19|30.35|17
GME210514C00190000|3.10|3.15|2.96|3.35|2.96|13|-0.39|-0.1164|71|225|2|59|0.2246|0.0090|0.0078|-0.5570|0.0745||3.15|25|2.72|50
GME210514P00190000||||30.05|30.05|13|0.00|0.0000|2|45|0|0|-0.7550|0.0090|-0.0383|-0.6100|0.0787||34.55|26|32.65|32
GME210514C00192500|3.00|3.17|3.00|3.41|3.17|14|-0.24|-0.0704|4|48|1|2|0.2183|0.0087|0.0076|-0.5562|0.0738||3.15|53|2.58|14
GME210514P00192500||||26.50|26.50|14|0.00|0.0000|0|2|0|0|-0.7718|0.0086|-0.0395|-0.5897|0.0757||36.85|15|35.00|13
GME210514C00195000||||2.91|2.91|15|0.00|0.0000|10|133|0|0|0.2046|0.0083|0.0072|-0.5421|0.0711||2.80|24|2.39|21
GME210514P00195000||||30.25|30.25|15|0.00|0.0000|0|2|0|0|-0.7876|0.0082|-0.0407|-0.5687|0.0726||39.15|16|37.35|13
GME210514C00197500||||2.69|2.69|16|0.00|0.0000|-1|57|0|0|0.1847|0.0077|0.0064|-0.5145|0.0663||2.80|33|2.34|6
GME210514P00197500||||40.00|40.00|16|0.00|0.0000|0|5|0|0|-0.7970|0.0078|-0.0416|-0.5665|0.0707||41.50|18|39.70|9
GME210514C00200000|2.77|2.77|2.20|2.52|2.37|17|-0.15|-0.0595|148|1507|5|48|0.1740|0.0073|0.0061|-0.5025|0.0639||2.44|21|2.27|1
GME210514P00200000||||33.35|33.35|17|0.00|0.0000|0|41|0|0|-0.8116|0.0075|-0.0427|-0.5427|0.0676||44.00|20|42.10|15
GME210514C00202500||||2.96|2.96|18|0.00|0.0000|0|95|0|0|0.1641|0.0069|0.0057|-0.4907|0.0615||2.34|21|2.08|15
GME210514P00202500||||55.29|55.29|18|0.00|0.0000|0|1|0|0|-0.8220|0.0071|-0.0437|-0.5308|0.0652||46.50|29|44.50|16
GME210514C00205000|2.11|2.15|2.11|2.45|2.15|19|-0.30|-0.1224|5|78|19|30|0.1582|0.0066|0.0055|-0.4908|0.0600||2.32|36|1.96|48
GME210514P00205000||||34.55|34.55|19|0.00|0.0000|0|1|0|0|-0.8285|0.0068|-0.0446|-0.5309|0.0637||48.90|16|46.90|22
GME210514C00207500||||2.35|2.35|20|0.00|0.0000|6|46|0|0|0.1579|0.0064|0.0055|-0.5021|0.0604||2.19|34|1.89|42
GME210514P00207500||||56.25|56.25|20|0.00|0.0000|0|6|0|0|-0.8357|0.0065|-0.0454|-0.5262|0.0620||51.30|14|49.30|17
GME210514C00210000|2.00|2.10|2.00|2.22|2.10|21|-0.12|-0.0541|-2|359|1|2|0.1459|0.0060|0.0051|-0.4841|0.0569||2.13|20|1.84|15
GME210514P00210000||||51.00|51.00|21|0.00|0.0000|-2|12|0|0|-0.8417|0.0062|-0.0463|-0.5239|0.0605||53.70|17|51.75|5
GME210514C00212500|1.90|1.90|1.90|2.44|1.90|22|-0.54|-0.2213|3|33|1|1|0.1460|0.0059|0.0051|-0.4955|0.0573||2.12|59|1.78|14
GME210514P00212500||||||22|||0|0|0|0|-0.8484|0.0059|-0.0471|-0.5171|0.0588||56.15|18|54.20|14
GME210514C00215000|2.15|2.15|2.15|2.33|2.15|23|-0.18|-0.0773|9|123|3|3|0.1343|0.0055|0.0047|-0.4729|0.0538||2.03|63|1.72|14
GME210514P00215000||||47.87|47.87|23|0.00|0.0000|0|1|0|0|-0.8530|0.0057|-0.0479|-0.5174|0.0576||58.60|19|56.65|14
GME210514C00217500|2.01|2.01|2.00|4.05|2.00|24|-2.05|-0.5062|0|36|1|2|0.1273|0.0052|0.0044|-0.4601|0.0518||2.03|47|1.67|16
GME210514P00217500||||||24|||0|0|0|0|-0.8587|0.0054|-0.0487|-0.5114|0.0561||61.05|17|59.05|11
GME210514C00220000|1.95|2.12|1.85|1.90|1.99|25|0.09|0.0474|15|158|1|8|0.1251|0.0051|0.0044|-0.4603|0.0516||1.87|22|1.62|18
GME210514P00220000||||62.50|62.50|25|0.00|0.0000|0|12|0|0|-0.8652|0.0052|-0.0496|-0.5004|0.0543||63.50|20|61.50|14
GME210514C00225000|1.82|1.82|1.61|2.10|1.61|26|-0.49|-0.2333|8|225|1|8|0.1099|0.0046|0.0038|-0.4280|0.0467||1.77|22|1.52|45
GME210514P00225000||||74.70|74.70|26|0.00|0.0000|0|1|0|0|-0.8771|0.0048|-0.0512|-0.4792|0.0509||68.40|8|66.45|6
GME210514C00230000|1.76|1.79|1.67|1.80|1.79|27|-0.01|-0.0056|14|664|1|3|0.0972|0.0042|0.0034|-0.3954|0.0428||1.77|42|1.46|37
GME210514P00230000||||70.75|70.75|27|0.00|0.0000|0|1|0|0|-0.8861|0.0044|-0.0528|-0.4657|0.0483||73.35|12|71.35|6
GME210514C00240000|1.61|1.69|1.41|1.60|1.43|28|-0.17|-0.1063|3|184|2|14|0.0896|0.0036|0.0031|-0.3991|0.0402||1.59|35|1.36|19
GME210514P00240000||||78.63|78.63|28|0.00|0.0000|0|100|0|0|-0.9003|0.0038|-0.0557|-0.4442|0.0439||83.30|11|81.20|8
GME210514C00250000|1.46|1.46|1.30|1.45|1.30|29|-0.15|-0.1034|24|562|10|32|0.0796|0.0032|0.0027|-0.3828|0.0368||1.40|3|1.28|6
GME210514P00250000||||90.40|90.40|29|0.00|0.0000|0|113|0|0|-0.9103|0.0034|-0.0586|-0.4318|0.0406||93.20|16|91.05|6
GME210514C00260000|1.26|1.26|1.26|1.45|1.26|30|-0.19|-0.1310|0|159|5|5|0.0747|0.0029|0.0026|-0.3858|0.0351||1.34|26|1.16|64
GME210514P00260000||||92.45|92.45|30|0.00|0.0000|0|8|0|0|-0.9183|0.0030|-0.0613|-0.4212|0.0378||102.90|6|100.95|8
GME210514C00270000|1.25|1.25|1.21|1.35|1.21|31|-0.14|-0.1037|8|108|1|2|0.0643|0.0025|0.0022|-0.3518|0.0313||1.21|3|1.10|27
GME210514P00270000||||110.95|110.95|31|0.00|0.0000|1|2|0|0|-0.9268|0.0027|-0.0641|-0.4008|0.0348||112.90|12|110.85|16
GME210514C00280000||||1.17|1.17|32|0.00|0.0000|5|177|0|0|0.0577|0.0022|0.0020|-0.3333|0.0287||1.20|65|1.04|29
GME210514P00280000||||||32|||0|0|0|0|-0.9344|0.0024|-0.0668|-0.3791|0.0320||122.90|8|120.80|16
GME210514C00290000|1.10|1.10|1.02|1.15|1.02|33|-0.13|-0.1130|37|530|1|5|0.0547|0.0021|0.0019|-0.3317|0.0277||1.16|54|0.98|19
GME210514P00290000||||||33|||0|0|0|0|-0.9408|0.0021|-0.0695|-0.3597|0.0295||132.65|6|130.70|16
GME210514C00300000|1.04|1.10|0.97|1.07|1.00|34|-0.07|-0.0654|148|2169|1|38|0.0483|0.0018|0.0016|-0.3075|0.0250||1.03|20|0.93|17
GME210514P00300000||||132.95|132.95|34|0.00|0.0000|0|1|0|0|-0.9461|0.0019|-0.0721|-0.3424|0.0274||142.65|8|140.65|16
GME210514C00310000|1.08|1.08|0.94|1.02|0.94|35|-0.08|-0.0784|6|588|1|4|0.0449|0.0017|0.0015|-0.2984|0.0235||0.98|32|0.88|15
GME210514P00310000||||152.50|152.50|35|0.00|0.0000|0|1|0|0|-0.9501|0.0018|-0.0747|-0.3311|0.0258||152.65|8|150.60|16
GME210514C00320000|0.92|0.92|0.92|1.01|0.92|36|-0.09|-0.0891|7|161|2|2|0.0427|0.0016|0.0014|-0.2949|0.0226||0.93|30|0.78|31
GME210514P00320000||||||36|||0|0|0|0|-0.9535|0.0016|-0.0773|-0.3210|0.0244||162.65|6|160.50|16
GME210514C00330000|0.89|0.89|0.82|0.91|0.82|37|-0.09|-0.0989|1|51|1|2|0.0406|0.0015|0.0014|-0.2912|0.0217||0.93|48|0.78|7
GME210514P00330000||||||37|||0|0|0|0|-0.9559|0.0015|-0.0799|-0.3158|0.0233||172.65|7|170.45|16
GME210514C00340000||||0.86|0.86|38|0.00|0.0000|23|78|0|0|0.0386|0.0014|0.0013|-0.2867|0.0208||0.80|3|0.75|1
GME210514P00340000||||||38|||0|0|0|0|-0.9561|0.0015|-0.0824|-0.3265|0.0233||182.60|4|180.40|16
GME210514C00350000|0.78|0.85|0.72|0.78|0.73|39|-0.05|-0.0641|-15|585|1|15|0.0341|0.0012|0.0012|-0.2614|0.0188||0.78|22|0.70|11
GME210514P00350000||||||39|||0|0|0|0|-0.9585|0.0014|-0.0849|-0.3184|0.0222||192.55|17|190.35|16
GME210514C00360000|0.73|0.73|0.73|0.77|0.73|40|-0.04|-0.0519|21|87|2|2|0.0319|0.0011|0.0011|-0.2521|0.0178||0.75|18|0.67|1
GME210514P00360000||||190.70|190.70|40|0.00|0.0000|0|2|0|0|-0.9645|0.0012|-0.0876|-0.2802|0.0196||202.50|16|200.30|16
GME210514C00370000|0.89|0.89|0.64|0.74|0.64|41|-0.10|-0.1351|6|65|1|14|0.0316|0.0011|0.0011|-0.2571|0.0178||0.71|4|0.63|2
GME210514P00370000||||195.60|195.60|41|0.00|0.0000|0|2|0|0|-0.9671|0.0011|-0.0901|-0.2668|0.0184||212.45|16|210.25|16
GME210514C00380000|0.62|0.80|0.62|0.60|0.62|42|0.02|0.0333|31|101|3|7|0.0300|0.0010|0.0010|-0.2502|0.0170||0.64|3|0.59|4
GME210514P00380000||||||42|||0|0|0|0|-0.9694|0.0010|-0.0927|-0.2545|0.0173||222.40|32|220.25|16
GME210514C00390000|0.63|0.80|0.58|0.63|0.60|43|-0.03|-0.0476|313|2134|5|122|0.0264|0.0009|0.0009|-0.2256|0.0152||0.58|3|0.57|21
GME210514P00390000||||||43|||0|0|0|0|-0.9715|0.0010|-0.0952|-0.2432|0.0163||232.35|35|230.20|16
GME210521C00005000||||172.30|172.30|31|0.00|0.0000|0|3|0|0|0.9999|0.0000|0.0022|-0.0013|0.0001||155.45|16|153.45|5
GME210521P00005000||||0.01|0.01|31|0.00|0.0000|0|1427|0|0|0.0000|0.0000|0.0000|-0.0007|0.0000||0.01|194|0.00|0
GME210521C00010000||||182.50|182.50|30|0.00|0.0000|0|0|0|0|1.0000|0.0000|0.0044|0.0000|0.0000||150.45|16|148.45|5
GME210521P00010000||||0.01|0.01|30|0.00|0.0000|0|997|0|0|-0.0002|0.0000|0.0000|-0.0039|0.0003||0.02|18|0.00|0
GME210521C00015000||||||29|||0|0|0|0|1.0000|0.0000|0.0066|0.0000|0.0000||145.45|16|143.25|16
GME210521P00015000|0.01|0.01|0.01|0.02|0.01|29|-0.01|-0.5000|0|385|79|79|-0.0004|0.0000|0.0000|-0.0055|0.0005||0.03|2|0.00|0
GME210521C00020000||||164.80|164.80|28|0.00|0.0000|0|2|0|0|0.9798|0.0002|0.0052|-0.4433|0.0163||140.45|16|138.25|16
GME210521P00020000|0.02|0.02|0.01|0.04|0.02|28|-0.02|-0.5000|-82|1072|1|15|-0.0005|0.0000|0.0000|-0.0056|0.0005||0.02|50|0.01|50
GME210521C00025000||||130.86|130.86|27|0.00|0.0000|0|1|0|0|0.9990|0.0000|0.0109|-0.0114|0.0011||135.45|15|133.25|15
GME210521P00025000|0.03|0.03|0.03|0.03|0.03|27|0.00|0.0000|3|949|2|2|-0.0007|0.0000|-0.0001|-0.0077|0.0008||0.04|15|0.02|12
GME210521C00030000||||131.10|131.10|26|0.00|0.0000|-2|0|0|0|0.9841|0.0002|0.0114|-0.2031|0.0133||130.45|16|128.25|16
GME210521P00030000|0.06|0.06|0.06|0.03|0.06|26|0.03|1.0000|-49|12121|1|1|-0.0008|0.0000|-0.0001|-0.0078|0.0009||0.04|1|0.03|12
GME210521C00035000||||123.30|123.30|25|0.00|0.0000|0|25|0|0|0.9613|0.0004|0.0095|-0.6143|0.0280||125.45|16|123.25|17
GME210521P00035000||||0.04|0.04|25|0.00|0.0000|-2|737|0|0|-0.0019|0.0001|-0.0002|-0.0178|0.0020||0.06|4|0.05|16
GME210521C00040000||||140.25|140.25|24|0.00|0.0000|0|5|0|0|0.9562|0.0003|0.0061|-0.9694|0.0310||120.45|16|118.25|4
GME210521P00040000||||0.05|0.05|24|0.00|0.0000|1|10436|0|0|-0.0023|0.0001|-0.0002|-0.0192|0.0024||0.08|17|0.05|17
GME210521C00045000||||107.84|107.84|23|0.00|0.0000|-41|3|0|0|0.9979|0.0001|0.0196|-0.0161|0.0022||115.45|16|113.25|16
GME210521P00045000|0.10|0.10|0.10|0.10|0.10|23|0.00|0.0000|12|709|1|2|-0.0027|0.0001|-0.0002|-0.0208|0.0028||0.10|10|0.09|1
GME210521C00050000||||105.45|105.45|22|0.00|0.0000|-40|30|0|0|0.9403|0.0004|0.0082|-1.1132|0.0396||110.45|16|108.25|7
GME210521P00050000|0.14|0.14|0.13|0.11|0.13|22|0.02|0.1818|-46|17311|50|52|-0.0042|0.0002|-0.0003|-0.0292|0.0041||0.15|1|0.12|1
GME210521C00055000||||106.25|106.25|21|0.00|0.0000|-27|12|0|0|0.9726|0.0006|0.0216|-0.2112|0.0211||105.50|16|103.45|6
GME210521P00055000||||0.16|0.16|21|0.00|0.0000|0|326|0|0|-0.0059|0.0002|-0.0005|-0.0386|0.0056||0.14|12|0.13|12
GME210521C00060000||||102.33|102.33|20|0.00|0.0000|0|70|0|0|0.9990|0.0001|0.0262|-0.0058|0.0011||100.50|16|98.30|6
GME210521P00060000||||0.17|0.17|20|0.00|0.0000|-12|4413|0|0|-0.0083|0.0003|-0.0007|-0.0499|0.0075||0.17|17|0.15|18
GME210521C00065000|94.55|94.55|94.55|97.36|94.55|19|-2.81|-0.0289|0|95|1|1|0.9970|0.0002|0.0283|-0.0159|0.0030||95.55|16|93.35|16
GME210521P00065000||||0.20|0.20|19|0.00|0.0000|-1|218|0|0|-0.0091|0.0004|-0.0007|-0.0511|0.0082||0.20|21|0.18|18
GME210521C00070000||||92.83|92.83|18|0.00|0.0000|0|60|0|0|0.9940|0.0003|0.0302|-0.0298|0.0056||90.60|16|88.40|17
GME210521P00070000||||0.22|0.22|18|0.00|0.0000|-10|5253|0|0|-0.0116|0.0005|-0.0009|-0.0603|0.0102||0.23|20|0.21|20
GME210521C00075000||||80.70|80.70|17|0.00|0.0000|0|23|0|0|0.9918|0.0004|0.0322|-0.0377|0.0074||85.60|16|83.40|6
GME210521P00075000||||0.25|0.25|17|0.00|0.0000|-9|366|0|0|-0.0161|0.0007|-0.0013|-0.0765|0.0134||0.26|14|0.25|12
GME210521C00080000||||79.74|79.74|16|0.00|0.0000|0|60|0|0|0.9884|0.0006|0.0342|-0.0498|0.0101||80.65|16|78.45|16
GME210521P00080000|0.30|0.30|0.30|0.32|0.30|16|-0.02|-0.0625|-44|5394|5|5|-0.0182|0.0008|-0.0015|-0.0802|0.0149||0.30|7|0.29|12
GME210521C00085000||||75.77|75.77|15|0.00|0.0000|0|66|0|0|0.9881|0.0007|0.0363|-0.0464|0.0104||75.70|16|73.50|7
GME210521P00085000||||0.35|0.35|15|0.00|0.0000|3|261|0|0|-0.0218|0.0010|-0.0017|-0.0885|0.0174||0.36|18|0.35|1
GME210521C00090000|71.15|71.15|71.15|71.96|71.15|14|-0.81|-0.0113|-4|91|3|3|0.9782|0.0011|0.0377|-0.0797|0.0174||70.80|16|68.60|17
GME210521P00090000|0.40|0.40|0.40|0.41|0.40|14|-0.01|-0.0244|16|3093|1|1|-0.0265|0.0012|-0.0021|-0.0987|0.0205||0.48|37|0.30|37
GME210521C00095000||||66.00|66.00|13|0.00|0.0000|-10|24|0|0|0.9878|0.0008|0.0407|-0.0385|0.0106||65.90|16|63.70|16
GME210521P00095000||||0.55|0.55|13|0.00|0.0000|1|189|0|0|-0.0302|0.0014|-0.0024|-0.1021|0.0228||0.59|50|0.33|80
GME210521C00100000||||62.40|62.40|12|0.00|0.0000|-9|299|0|0|0.9753|0.0014|0.0419|-0.0734|0.0193||61.00|16|58.85|6
GME210521P00100000|0.60|0.78|0.60|0.66|0.60|12|-0.06|-0.0909|30|6060|1|19|-0.0425|0.0020|-0.0033|-0.1306|0.0300||0.72|46|0.50|28
GME210521C00105000||||69.70|69.70|11|0.00|0.0000|0|82|0|0|0.9681|0.0019|0.0436|-0.0864|0.0239||56.20|17|54.00|6
GME210521P00105000|0.80|0.80|0.80|0.79|0.80|11|0.01|0.0127|6|195|10|12|-0.0544|0.0024|-0.0043|-0.1571|0.0368||0.89|49|0.55|104
GME210521C00110000||||51.50|51.50|10|0.00|0.0000|-1|71|0|0|0.9512|0.0026|0.0444|-0.1221|0.0338||51.40|17|49.20|6
GME210521P00110000|1.04|1.04|0.90|1.00|0.90|10|-0.10|-0.1000|37|932|1|3|-0.0707|0.0031|-0.0056|-0.1828|0.0449||0.95|1|0.76|85
GME210521C00115000||||46.60|46.60|9|0.00|0.0000|0|215|0|0|0.9197|0.0036|0.0441|-0.1906|0.0498||46.70|16|44.45|6
GME210521P00115000|1.20|1.20|1.20|1.35|1.20|9|-0.15|-0.1111|-5|472|1|1|-0.0861|0.0037|-0.0068|-0.2074|0.0524||1.40|47|1.04|72
GME210521C00120000||||44.20|44.20|8|0.00|0.0000|7|126|0|0|0.9008|0.0045|0.0448|-0.2126|0.0582||42.05|16|39.85|6
GME210521P00120000|1.51|1.71|1.51|1.66|1.71|8|0.05|0.0301|-89|2290|9|18|-0.1163|0.0047|-0.0092|-0.2524|0.0649||1.71|23|1.46|32
GME210521C00125000||||38.50|38.50|7|0.00|0.0000|0|72|0|0|0.8709|0.0055|0.0446|-0.2532|0.0703||37.55|17|35.25|7
GME210521P00125000|2.10|2.10|2.10|2.24|2.10|7|-0.14|-0.0625|16|830|2|5|-0.1419|0.0057|-0.0113|-0.2776|0.0745||2.38|85|1.87|75
GME210521C00130000||||28.50|28.50|6|0.00|0.0000|0|79|0|0|0.8394|0.0066|0.0442|-0.2838|0.0814||33.40|20|31.15|6
GME210521P00130000|2.65|2.65|2.65|2.93|2.65|6|-0.28|-0.0956|-8|621|10|10|-0.1700|0.0065|-0.0136|-0.3098|0.0845||2.96|55|2.46|105
GME210521C00135000||||27.55|27.55|5|0.00|0.0000|1|122|0|0|0.7953|0.0076|0.0427|-0.3332|0.0948||29.20|24|27.00|7
GME210521P00135000||||3.82|3.82|5|0.00|0.0000|27|1264|0|0|-0.2181|0.0077|-0.0175|-0.3539|0.0977||4.00|65|3.30|111
GME210521C00140000|26.00|26.00|24.12|25.05|24.12|4|-0.93|-0.0371|3|413|1|2|0.7504|0.0086|0.0412|-0.3681|0.1060||24.80|20|23.60|7
GME210521P00140000|5.00|5.30|5.00|5.03|5.00|4|-0.03|-0.0060|20|1047|1|12|-0.2527|0.0084|-0.0205|-0.3788|0.1067||5.30|66|4.70|97
GME210521C00145000||||22.70|22.70|3|0.00|0.0000|1|223|0|0|0.7029|0.0096|0.0394|-0.3909|0.1156||21.80|23|20.10|12
GME210521P00145000|6.50|6.50|6.50|6.56|6.50|3|-0.06|-0.0091|4|351|7|7|-0.3024|0.0092|-0.0248|-0.4149|0.1165||7.05|67|6.15|101
GME210521C00150000|18.79|18.79|17.58|17.60|17.59|2|-0.01|-0.0006|-9|685|4|31|0.6486|0.0102|0.0369|-0.4231|0.1238||18.90|85|17.10|98
GME210521P00150000|8.00|8.50|8.00|8.70|8.50|2|-0.20|-0.0230|43|1560|5|15|-0.3638|0.0101|-0.0299|-0.4363|0.1245||9.50|85|7.95|110
GME210521C00155000|14.30|14.30|14.30|16.10|14.30|1|-1.80|-0.1118|-9|169|1|1|0.5825|0.0107|0.0334|-0.4452|0.1294||16.00|47|14.55|40
GME210521P00155000||||11.30|11.30|1|0.00|0.0000|3|279|0|0|-0.4173|0.0104|-0.0347|-0.4564|0.1294||11.95|78|10.25|125
GME210521C00160000|13.13|13.49|12.25|13.00|12.25|1|-0.75|-0.0577|20|719|1|12|0.5303|0.0105|0.0305|-0.4696|0.1319||13.65|76|12.35|84
GME210521P00160000|13.20|13.55|13.20|13.83|13.55|1|-0.28|-0.0202|28|780|1|17|-0.4693|0.0105|-0.0396|-0.4725|0.1319||14.40|59|13.05|96
GME210521C00165000|13.00|13.00|10.69|11.55|11.00|2|-0.55|-0.0476|263|986|1|12|0.4790|0.0105|0.0279|-0.4711|0.1321||11.55|53|10.55|103
GME210521P00165000|17.00|17.00|17.00|17.00|17.00|2|0.00|0.0000|-3|441|1|1|-0.5077|0.0103|-0.0436|-0.4824|0.1332||17.70|64|16.00|98
GME210521C00170000|9.63|9.63|9.63|9.90|9.63|3|-0.27|-0.0273|22|443|2|2|0.4419|0.0103|0.0260|-0.4729|0.1318||9.85|25|9.00|88
GME210521P00170000|19.80|20.27|19.80|20.41|20.19|3|-0.22|-0.0108|1|198|1|9|-0.5538|0.0100|-0.0484|-0.4868|0.1320||21.10|47|19.40|89
GME210521C00175000|8.40|8.50|8.00|8.45|8.19|4|-0.26|-0.0308|44|902|1|7|0.3890|0.0098|0.0229|-0.4680|0.1271||8.80|76|7.80|94
GME210521P00175000|22.50|24.05|22.50|22.72|24.05|4|1.33|0.0585|3|644|2|3|-0.6021|0.0095|-0.0535|-0.4919|0.1279||24.95|60|23.10|71
GME210521C00180000|7.60|7.75|7.17|7.75|7.17|5|-0.58|-0.0748|-4|576|7|11|0.3515|0.0093|0.0208|-0.4634|0.1230||7.65|64|6.75|108
GME210521P00180000|27.93|27.93|27.20|28.87|27.77|5|-1.10|-0.0381|-7|625|12|31|-0.6401|0.0090|-0.0578|-0.4842|0.1240||29.00|70|27.05|70
GME210521C00185000|6.20|6.30|6.20|6.72|6.30|6|-0.42|-0.0625|8|221|5|6|0.3141|0.0088|0.0187|-0.4467|0.1176||6.75|55|6.05|63
GME210521P00185000||||30.63|30.63|6|0.00|0.0000|4|572|0|0|-0.6671|0.0086|-0.0614|-0.4769|0.1213||33.15|63|31.05|79
GME210521C00190000|5.50|5.72|5.50|6.01|5.72|7|-0.29|-0.0483|6|412|1|2|0.2845|0.0082|0.0169|-0.4371|0.1125||5.80|13|5.35|78
GME210521P00190000|37.20|37.20|36.05|36.74|36.23|7|-0.51|-0.0139|0|207|2|5|-0.6966|0.0081|-0.0653|-0.4695|0.1167||37.40|58|35.30|83
GME210521C00195000|5.10|5.20|5.00|5.16|5.20|8|0.04|0.0078|-16|276|1|6|0.2647|0.0076|0.0157|-0.4410|0.1085||5.20|14|4.90|5
GME210521P00195000||||44.65|44.65|8|0.00|0.0000|0|65|0|0|-0.7216|0.0076|-0.0689|-0.4631|0.1121||41.80|26|40.15|17
GME210521C00200000|5.95|5.95|4.50|4.75|4.56|9|-0.19|-0.0400|204|4006|1|23|0.2434|0.0071|0.0144|-0.4333|0.1038||4.80|37|4.45|12
GME210521P00200000||||45.50|45.50|9|0.00|0.0000|-3|418|0|0|-0.7376|0.0070|-0.0721|-0.4707|0.1088||46.25|23|44.60|21
GME210521C00210000|3.90|3.90|3.85|3.95|3.90|10|-0.05|-0.0127|48|485|1|21|0.1984|0.0062|0.0118|-0.3931|0.0924||4.15|16|3.75|12
GME210521P00210000||||54.21|54.21|10|0.00|0.0000|-1|50|0|0|-0.7777|0.0062|-0.0789|-0.4463|0.0994||55.90|16|53.50|18
GME210521C00220000|3.95|3.95|3.45|3.80|3.45|11|-0.35|-0.0921|-3|525|1|2|0.1724|0.0054|0.0103|-0.3794|0.0846||3.75|76|3.25|35
GME210521P00220000||||65.17|65.17|11|0.00|0.0000|0|55|0|0|-0.8075|0.0055|-0.0850|-0.4273|0.0913||65.30|20|63.00|18
GME210521C00230000|3.00|3.00|3.00|3.15|3.00|12|-0.15|-0.0476|119|494|2|3|0.1563|0.0047|0.0093|-0.3784|0.0794||3.30|62|2.94|25
GME210521P00230000||||67.91|67.91|12|0.00|0.0000|0|41|0|0|-0.8320|0.0048|-0.0908|-0.4071|0.0839||74.75|7|72.65|22
GME210521C00240000|2.76|2.76|2.76|2.87|2.76|13|-0.11|-0.0383|-91|386|5|5|0.1345|0.0042|0.0080|-0.3511|0.0718||2.99|64|2.65|46
GME210521P00240000||||74.20|74.20|13|0.00|0.0000|0|28|0|0|-0.8504|0.0043|-0.0963|-0.3921|0.0777||84.50|6|82.40|22
GME210521C00250000|2.71|2.75|2.51|2.61|2.51|14|-0.10|-0.0383|42|2740|1|7|0.1183|0.0037|0.0070|-0.3309|0.0657||2.66|21|2.43|19
GME210521P00250000||||92.42|92.42|14|0.00|0.0000|-6|44|0|0|-0.8578|0.0039|-0.1012|-0.4024|0.0751||94.30|7|92.20|19
GME210521C00260000|2.42|2.42|2.31|2.70|2.31|15|-0.39|-0.1444|4|475|1|3|0.1072|0.0033|0.0064|-0.3198|0.0612||2.44|10|2.29|32
GME210521P00260000||||97.55|97.55|15|0.00|0.0000|0|37|0|0|-0.8713|0.0036|-0.1064|-0.3877|0.0701||104.30|18|101.85|14
GME210521C00270000||||2.58|2.58|16|0.00|0.0000|1|229|0|0|0.1020|0.0031|0.0061|-0.3218|0.0594||2.44|56|2.16|21
GME210521P00270000||||111.30|111.30|16|0.00|0.0000|0|23|0|0|-0.8892|0.0032|-0.1118|-0.3514|0.0631||114.15|23|111.70|19
GME210521C00280000|2.23|2.23|2.23|2.38|2.23|17|-0.15|-0.0630|-4|1460|1|1|0.0919|0.0028|0.0054|-0.3067|0.0547||2.31|66|2.05|26
GME210521P00280000||||121.72|121.72|17|0.00|0.0000|-1|25|0|0|-0.8928|0.0030|-0.1165|-0.3596|0.0616||123.95|28|121.65|17
GME210521C00290000||||2.15|2.15|18|0.00|0.0000|-8|186|0|0|0.0908|0.0026|0.0054|-0.3182|0.0546||2.18|42|1.97|41
GME210521P00290000||||138.10|138.10|18|0.00|0.0000|0|20|0|0|-0.9010|0.0027|-0.1213|-0.3480|0.0581||133.90|6|131.65|16
GME210521C00300000|2.20|2.20|1.93|2.02|1.96|19|-0.06|-0.0297|-18|3593|1|42|0.0804|0.0024|0.0047|-0.2944|0.0495||2.01|18|1.90|12
GME210521P00300000||||146.59|146.59|19|0.00|0.0000|0|3298|0|0|-0.9050|0.0025|-0.1260|-0.3497|0.0564||143.80|6|141.60|16
GME210521C00310000|1.88|1.88|1.85|1.95|1.85|20|-0.10|-0.0513|19|188|1|2|0.0738|0.0022|0.0043|-0.2813|0.0463||1.97|51|1.74|47
GME210521P00310000||||136.10|136.10|20|0.00|0.0000|0|34|0|0|-0.9108|0.0024|-0.1307|-0.3421|0.0539||153.70|31|151.50|17
GME210521C00320000||||2.00|2.00|21|0.00|0.0000|4|128|0|0|0.0691|0.0020|0.0040|-0.2737|0.0441||1.96|65|1.63|58
GME210521P00320000||||150.95|150.95|21|0.00|0.0000|0|25|0|0|-0.9131|0.0023|-0.1352|-0.3466|0.0528||163.65|31|161.40|17
GME210521C00330000||||1.71|1.71|22|0.00|0.0000|3|242|0|0|0.0655|0.0019|0.0038|-0.2688|0.0423||1.87|78|1.63|23
GME210521P00330000||||160.65|160.65|22|0.00|0.0000|0|31|0|0|-0.9151|0.0021|-0.1398|-0.3514|0.0519||173.55|31|171.35|17
GME210521C00340000|1.76|1.81|1.60|1.75|1.60|23|-0.15|-0.0857|0|254|1|3|0.0625|0.0018|0.0036|-0.2654|0.0408||1.82|81|1.57|19
GME210521P00340000||||196.30|196.30|23|0.00|0.0000|0|8|0|0|-0.9280|0.0019|-0.1449|-0.3064|0.0458||183.35|6|181.30|16
GME210521C00350000|1.55|1.55|1.55|1.70|1.55|24|-0.15|-0.0882|21|559|1|1|0.0589|0.0017|0.0034|-0.2580|0.0389||1.68|19|1.55|21
GME210521P00350000||||180.45|180.45|24|0.00|0.0000|0|101|0|0|-0.9307|0.0018|-0.1494|-0.3041|0.0445||193.35|6|191.25|16
GME210521C00360000|1.55|1.55|1.55|1.62|1.55|25|-0.07|-0.0432|20|130|1|1|0.0570|0.0016|0.0033|-0.2574|0.0380||1.66|36|1.39|39
GME210521P00360000||||200.40|200.40|25|0.00|0.0000|0|9|0|0|-0.9337|0.0017|-0.1540|-0.2995|0.0430||203.35|7|201.20|16
GME210521C00370000|1.48|1.48|1.48|1.73|1.48|26|-0.25|-0.1445|-5|196|1|1|0.0534|0.0015|0.0031|-0.2476|0.0360||1.66|73|1.38|41
GME210521P00370000||||216.60|216.60|26|0.00|0.0000|0|5|0|0|-0.9370|0.0016|-0.1585|-0.2929|0.0413||213.25|6|211.15|16
GME210521C00380000|1.55|1.59|1.55|1.55|1.59|27|0.04|0.0258|1|133|1|2|0.0528|0.0014|0.0030|-0.2518|0.0357||1.61|75|1.37|43
GME210521P00380000||||228.10|228.10|27|0.00|0.0000|0|38|0|0|-0.9389|0.0016|-0.1631|-0.2916|0.0404||223.25|8|221.10|16
GME210521C00390000||||1.54|1.54|28|0.00|0.0000|-5|140|0|0|0.0523|0.0014|0.0030|-0.2559|0.0357||1.59|64|1.36|6
GME210521P00390000||||220.70|220.70|28|0.00|0.0000|0|5|0|0|-0.9411|0.0015|-0.1676|-0.2881|0.0392||233.25|5|231.05|16
GME210521C00400000|1.44|1.47|1.44|1.45|1.45|29|0.00|0.0000|-42|2448|1|8|0.0497|0.0013|0.0029|-0.2486|0.0340||1.45|23|1.31|13
GME210521P00400000||||223.15|223.15|29|0.00|0.0000|0|957|0|0|-0.9421|0.0014|-0.1720|-0.2897|0.0386||243.10|6|241.00|16
GME210521C00410000||||1.40|1.40|30|0.00|0.0000|2|225|0|0|0.0470|0.0013|0.0027|-0.2403|0.0325||1.44|23|1.28|6
GME210521P00410000||||241.15|241.15|30|0.00|0.0000|0|18|0|0|-0.9431|0.0014|-0.1765|-0.2914|0.0381||253.10|6|250.95|16
GME210521C00420000|1.46|1.46|1.34|1.38|1.34|31|-0.04|-0.0290|12|830|1|3|0.0446|0.0012|0.0026|-0.2332|0.0312||1.38|20|1.25|5
GME210521P00420000||||245.18|245.18|31|0.00|0.0000|0|47|0|0|-0.9396|0.0014|-0.1807|-0.3168|0.0400||263.10|5|260.90|16
GME210521C00430000|1.40|1.45|1.21|1.32|1.23|32|-0.09|-0.0682|125|3685|2|64|0.0427|0.0011|0.0024|-0.2274|0.0301||1.30|16|1.21|2
GME210521P00430000||||253.15|253.15|32|0.00|0.0000|0|536|0|0|-0.9469|0.0013|-0.1855|-0.2836|0.0361||273.05|16|270.50|3
GME210528C00010000||||136.27|136.27|23|0.00|0.0000|0|0|0|0|0.9972|0.0000|0.0059|-0.0384|0.0034||150.65|5|148.25|5
GME210528P00010000||||0.02|0.02|23|0.00|0.0000|-1|224|0|0|-0.0004|0.0000|-0.0001|-0.0047|0.0006||0.03|2|0.01|184
GME210528C00020000||||||22|||0|0|0|0|1.0000|0.0000|0.0126|-0.0001|0.0000||140.65|5|138.25|5
GME210528P00020000||||0.05|0.05|22|0.00|0.0000|29|73|0|0|-0.0011|0.0000|-0.0001|-0.0096|0.0014||0.07|15|0.03|1
GME210528C00030000||||149.55|149.55|21|0.00|0.0000|0|0|0|0|0.9727|0.0002|0.0052|-0.5488|0.0252||130.65|17|128.25|7
GME210528P00030000||||0.10|0.10|21|0.00|0.0000|0|558|0|0|-0.0027|0.0001|-0.0003|-0.0198|0.0034||0.20|1|0.04|100
GME210528C00040000||||125.00|125.00|20|0.00|0.0000|0|1|0|0|0.9604|0.0004|0.0180|-0.3531|0.0342||120.50|5|118.25|7
GME210528P00040000|0.10|0.10|0.10|0.20|0.10|20|-0.10|-0.5000|34|209|1|1|-0.0042|0.0001|-0.0005|-0.0254|0.0050||0.14|12|0.10|16
GME210528C00050000||||127.80|127.80|19|0.00|0.0000|0|101|0|0|0.9369|0.0005|0.0140|-0.7168|0.0496||110.70|19|108.25|8
GME210528P00050000||||0.25|0.25|19|0.00|0.0000|0|189|0|0|-0.0073|0.0002|-0.0009|-0.0376|0.0081||0.30|20|0.05|12
GME210528C00060000||||94.85|94.85|18|0.00|0.0000|0|111|0|0|0.9963|0.0002|0.0374|-0.0155|0.0045||100.75|14|98.30|4
GME210528P00060000||||0.27|0.27|18|0.00|0.0000|0|192|0|0|-0.0105|0.0004|-0.0012|-0.0447|0.0110||0.35|32|0.05|69
GME210528C00070000||||90.00|90.00|17|0.00|0.0000|9|11|0|0|0.9920|0.0004|0.0432|-0.0284|0.0088||91.05|13|88.40|6
GME210528P00070000||||0.55|0.55|17|0.00|0.0000|0|166|0|0|-0.0165|0.0006|-0.0019|-0.0610|0.0164||0.45|30|0.15|81
GME210528C00080000||||80.90|80.90|16|0.00|0.0000|1|2|0|0|0.9852|0.0007|0.0487|-0.0447|0.0149||81.00|17|78.55|7
GME210528P00080000|0.55|0.55|0.55|0.57|0.55|16|-0.02|-0.0351|-2|114|2|2|-0.0237|0.0009|-0.0028|-0.0747|0.0224||0.87|77|0.41|13
GME210528C00090000||||70.79|70.79|15|0.00|0.0000|0|31|0|0|0.9712|0.0013|0.0534|-0.0754|0.0263||71.25|17|68.80|6
GME210528P00090000||||0.88|0.88|15|0.00|0.0000|-3|82|0|0|-0.0384|0.0015|-0.0045|-0.1019|0.0332||0.95|36|0.48|79
GME210528C00100000|60.08|60.08|60.08|61.10|60.08|14|-1.02|-0.0167|0|26|1|1|0.9468|0.0021|0.0568|-0.1207|0.0434||61.65|14|59.20|6
GME210528P00100000|1.08|1.08|1.08|1.21|1.08|14|-0.13|-0.1074|-2|1187|1|1|-0.0576|0.0022|-0.0067|-0.1293|0.0459||1.25|16|0.91|30
GME210528C00110000||||64.00|64.00|13|0.00|0.0000|0|15|0|0|0.9175|0.0032|0.0597|-0.1584|0.0609||52.30|14|49.85|7
GME210528P00110000|1.70|1.70|1.70|1.88|1.70|13|-0.18|-0.0957|33|170|1|1|-0.0900|0.0033|-0.0104|-0.1715|0.0645||2.26|50|1.58|14
GME210528C00120000||||39.69|39.69|12|0.00|0.0000|0|21|0|0|0.8704|0.0046|0.0604|-0.2116|0.0845||43.25|21|40.95|6
GME210528P00120000|3.00|3.00|3.00|2.98|3.00|12|0.02|0.0067|-4|168|1|1|-0.1413|0.0047|-0.0166|-0.2313|0.0890||3.45|51|3.00|1
GME210528C00130000||||35.97|35.97|11|0.00|0.0000|0|19|0|0|0.8038|0.0060|0.0586|-0.2754|0.1108||35.10|19|32.65|18
GME210528P00130000|5.00|5.00|4.74|4.80|4.74|11|-0.06|-0.0125|84|182|1|2|-0.2013|0.0059|-0.0241|-0.2888|0.1125||5.30|51|4.30|61
GME210528C00140000||||30.25|30.25|10|0.00|0.0000|11|79|0|0|0.7273|0.0074|0.0553|-0.3230|0.1330||28.00|21|25.85|14
GME210528P00140000||||7.97|7.97|10|0.00|0.0000|0|782|0|0|-0.2770|0.0072|-0.0337|-0.3387|0.1340||8.55|71|7.10|47
GME210528C00145000||||24.90|24.90|9|0.00|0.0000|6|26|0|0|0.6739|0.0079|0.0516|-0.3560|0.1433||24.95|17|22.90|12
GME210528P00145000||||10.45|10.45|9|0.00|0.0000|16|150|0|0|-0.3278|0.0077|-0.0402|-0.3674|0.1436||10.40|24|9.00|18
GME210528C00146000||||26.00|26.00|8|0.00|0.0000|0|2|0|0|0.6743|0.0079|0.0521|-0.3561|0.1442||24.35|18|22.40|12
GME210528P00146000||||10.90|10.90|8|0.00|0.0000|20|23|0|0|-0.3276|0.0077|-0.0404|-0.3686|0.1445||10.95|19|9.40|15
GME210528C00147000||||28.33|28.33|7|0.00|0.0000|6|19|0|0|0.6575|0.0083|0.0509|-0.3548|0.1461||23.80|18|21.90|12
GME210528P00147000||||11.35|11.35|7|0.00|0.0000|17|27|0|0|-0.3359|0.0078|-0.0415|-0.3715|0.1460||11.40|16|9.85|17
GME210528C00148000||||34.60|34.60|6|0.00|0.0000|0|0|0|0|0.6578|0.0082|0.0513|-0.3564|0.1470||23.10|23|21.35|12
GME210528P00148000||||11.80|11.80|6|0.00|0.0000|30|39|0|0|-0.3530|0.0080|-0.0435|-0.3756|0.1477||11.90|21|10.30|15
GME210528C00149000||||23.05|23.05|5|0.00|0.0000|2|5|0|0|0.6489|0.0083|0.0508|-0.3596|0.1484||22.55|24|20.80|13
GME210528P00149000||||13.00|13.00|5|0.00|0.0000|0|13|0|0|-0.3528|0.0079|-0.0438|-0.3778|0.1487||12.35|16|10.70|16
GME210528C00150000||||26.60|26.60|4|0.00|0.0000|-1|154|0|0|0.6307|0.0085|0.0493|-0.3637|0.1500||22.05|23|20.30|6
GME210528P00150000||||12.70|12.70|4|0.00|0.0000|2|658|0|0|-0.3701|0.0081|-0.0458|-0.3817|0.1501||12.85|71|11.25|12
GME210528C00152500||||19.20|19.20|3|0.00|0.0000|0|2|0|0|0.6177|0.0085|0.0488|-0.3716|0.1527||20.75|23|19.05|6
GME210528P00152500||||13.95|13.95|3|0.00|0.0000|10|21|0|0|-0.3826|0.0081|-0.0479|-0.3895|0.1527||14.05|24|12.50|14
GME210528C00155000|18.03|18.03|18.03|18.80|18.03|2|-0.77|-0.0410|0|43|1|1|0.5955|0.0086|0.0472|-0.3798|0.1551||19.60|21|17.85|16
GME210528P00155000||||14.54|14.54|2|0.00|0.0000|22|80|0|0|-0.4037|0.0082|-0.0509|-0.3976|0.1550||15.30|24|13.75|10
GME210528C00157500||||19.40|19.40|1|0.00|0.0000|16|31|0|0|0.5744|0.0085|0.0456|-0.3941|0.1569||18.45|24|16.75|17
GME210528P00157500||||16.65|16.65|1|0.00|0.0000|21|28|0|0|-0.4247|0.0083|-0.0538|-0.4024|0.1568||16.75|21|15.15|11
GME210528C00160000|17.20|17.20|16.09|16.85|16.09|1|-0.76|-0.0451|23|197|4|11|0.5529|0.0086|0.0441|-0.3967|0.1583||17.10|16|15.75|18
GME210528P00160000||||17.62|17.62|1|0.00|0.0000|19|171|0|0|-0.4444|0.0082|-0.0569|-0.4133|0.1581||18.15|22|16.60|10
GME210528C00162500|16.30|16.30|14.85|17.00|14.85|2|-2.15|-0.1265|3|15|1|2|0.5330|0.0085|0.0426|-0.4053|0.1591||16.45|22|14.80|16
GME210528P00162500||||19.60|19.60|2|0.00|0.0000|28|43|0|0|-0.4649|0.0083|-0.0598|-0.4151|0.1591||19.70|20|18.10|14
GME210528C00165000|14.80|14.80|14.80|16.05|14.80|3|-1.25|-0.0779|2|57|1|1|0.5110|0.0086|0.0412|-0.4017|0.1596||15.35|30|14.10|5
GME210528P00165000|20.35|20.35|20.35|19.90|20.35|3|0.45|0.0226|1|45|1|1|-0.4844|0.0082|-0.0628|-0.4190|0.1596||21.00|4|19.55|31
GME210528C00167500|14.20|14.20|14.20|14.20|14.20|4|0.00|0.0000|||1|1|0.0000|0.0000|0.0000|0.0000|0.0000||14.80|20|13.05|14
GME210528P00167500||||||4|||||0|0|-1.0000|0.0000|-0.1055|0.0004|0.0000||23.15|23|21.20|14
GME210528C00170000||||13.45|13.45|5|0.00|0.0000|4|86|0|0|0.4706|0.0086|0.0383|-0.4024|0.1592||13.30|6|12.30|19
GME210528P00170000||||24.74|24.74|5|0.00|0.0000|1|147|0|0|-0.5235|0.0082|-0.0687|-0.4188|0.1594||24.95|41|22.95|5
GME210528C00172500|12.95|12.95|11.90|15.40|11.90|6|-3.50|-0.2273|1|42|1|3|0.4535|0.0084|0.0369|-0.4074|0.1586||13.20|30|11.55|18
GME210528P00172500||||31.00|31.00|6|0.00|0.0000|0|44|0|0|-0.5405|0.0081|-0.0716|-0.4230|0.1589||26.75|28|24.70|16
GME210528C00175000||||14.14|14.14|7|0.00|0.0000|0|180|0|0|0.4270|0.0083|0.0347|-0.4045|0.1559||12.50|17|10.90|17
GME210528P00175000||||33.45|33.45|7|0.00|0.0000|0|206|0|0|-0.5589|0.0080|-0.0745|-0.4208|0.1579||28.55|52|26.50|17
GME210528C00177500||||13.40|13.40|8|0.00|0.0000|0|49|0|0|0.4123|0.0081|0.0335|-0.4088|0.1547||11.85|16|10.25|14
GME210528P00177500||||28.25|28.25|8|0.00|0.0000|0|15|0|0|-0.5834|0.0079|-0.0782|-0.4181|0.1551||30.45|24|28.30|18
GME210528C00180000|10.20|10.20|10.20|11.00|10.20|9|-0.80|-0.0727|2|130|1|1|0.3945|0.0080|0.0322|-0.4041|0.1530||10.95|18|9.70|15
GME210528P00180000||||35.24|35.24|9|0.00|0.0000|0|35|0|0|-0.5908|0.0078|-0.0801|-0.4220|0.1555||32.25|19|30.20|18
GME210528C00182500|9.50|9.50|9.50|11.75|9.50|10|-2.25|-0.1915|0|45|1|1|0.3881|0.0078|0.0318|-0.4092|0.1534||10.70|28|9.15|20
GME210528P00182500||||35.05|35.05|10|0.00|0.0000|0|1|0|0|-0.6050|0.0076|-0.0828|-0.4234|0.1541||34.20|19|32.15|18
GME210528C00185000|9.30|9.30|9.30|10.00|9.30|11|-0.70|-0.0700|4|51|5|5|0.3707|0.0077|0.0305|-0.4024|0.1512||9.90|26|8.70|14
GME210528P00185000||||41.50|41.50|11|0.00|0.0000|0|7|0|0|-0.6205|0.0075|-0.0856|-0.4201|0.1523||36.20|18|34.10|23
GME210528C00187500||||13.07|13.07|12|0.00|0.0000|0|10|0|0|0.3564|0.0075|0.0294|-0.4004|0.1492||9.65|17|8.20|17
GME210528P00187500||||40.95|40.95|12|0.00|0.0000|0|1|0|0|-0.6349|0.0074|-0.0883|-0.4175|0.1505||38.30|21|36.15|17
GME210528C00190000|8.69|8.69|8.69|8.35|8.69|13|0.34|0.0407|0|79|1|1|0.3324|0.0074|0.0274|-0.3873|0.1444||9.20|22|7.75|17
GME210528P00190000||||39.45|39.45|13|0.00|0.0000|0|23|0|0|-0.6503|0.0072|-0.0910|-0.4111|0.1482||40.35|19|38.20|14
GME210528C00195000||||9.10|9.10|14|0.00|0.0000|0|39|0|0|0.3085|0.0070|0.0255|-0.3833|0.1399||8.35|24|7.00|18
GME210528P00195000||||44.96|44.96|14|0.00|0.0000|0|2|0|0|-0.6789|0.0070|-0.0963|-0.3990|0.1433||44.50|17|42.40|14
GME210528C00200000|7.30|7.30|6.85|6.85|6.89|15|0.04|0.0058|16|369|1|3|0.2861|0.0067|0.0237|-0.3768|0.1352||7.20|12|6.30|88
GME210528P00200000||||53.00|53.00|15|0.00|0.0000|0|26|0|0|-0.6976|0.0066|-0.1011|-0.4007|0.1397||48.80|18|46.70|16
GME210528C00205000||||7.85|7.85|16|0.00|0.0000|0|41|0|0|0.2761|0.0063|0.0229|-0.3833|0.1338||6.70|16|5.75|18
GME210528P00205000||||52.15|52.15|16|0.00|0.0000|0|1|0|0|-0.7160|0.0063|-0.1057|-0.3981|0.1357||53.30|16|51.10|12
GME210528C00210000|6.10|6.10|6.10|6.60|6.10|17|-0.50|-0.0758|3|64|1|1|0.2541|0.0060|0.0212|-0.3695|0.1283||6.55|36|5.25|23
GME210528P00210000||||||17|||0|0|0|0|-0.7346|0.0060|-0.1104|-0.3911|0.1312||57.80|5|55.60|16
GME210528C00215000||||7.00|7.00|18|0.00|0.0000|2|4|0|0|0.0000|0.0000|0.0000|0.0000|0.0000||6.05|22|4.85|20
GME210528P00215000||||||18|||||0|0|-1.0000|0.0000|-0.1355|0.0006|0.0000||62.65|16|60.15|11
GME210528C00220000|4.96|4.96|4.96|5.05|4.96|19|-0.09|-0.0178|25|93|2|2|0.2126|0.0054|0.0177|-0.3397|0.1154||5.60|39|4.50|17
GME210528P00220000||||59.00|59.00|19|0.00|0.0000|0|2|0|0|-0.7701|0.0054|-0.1195|-0.3696|0.1215||66.85|5|64.60|18
GME210528C00230000||||5.00|5.00|20|0.00|0.0000|6|30|0|0|0.1948|0.0049|0.0163|-0.3375|0.1103||4.95|25|3.90|18
GME210528P00230000||||||20|||0|0|0|0|-0.7966|0.0049|-0.1280|-0.3547|0.1132||76.35|4|74.00|17
GME210528C00240000||||4.50|4.50|21|0.00|0.0000|2|32|0|0|0.1730|0.0044|0.0145|-0.3227|0.1024||4.40|42|3.45|42
GME210528P00240000||||||21|||0|0|0|0|-0.8162|0.0044|-0.1360|-0.3456|0.1064||86.05|14|83.50|19
GME210528C00250000|3.65|3.65|3.65|3.80|3.65|22|-0.15|-0.0395|52|206|15|15|0.1529|0.0040|0.0127|-0.3062|0.0939||4.00|59|3.25|8
GME210528P00250000||||111.30|111.30|22|0.00|0.0000|0|2|0|0|-0.8324|0.0040|-0.1436|-0.3370|0.1004||95.55|7|93.15|10
GME210528C00260000||||3.68|3.68|23|0.00|0.0000|0|14|0|0|0.1383|0.0036|0.0116|-0.2925|0.0883||3.65|39|2.85|27
GME210528P00260000||||||23|||0|0|0|0|-0.8490|0.0037|-0.1513|-0.3219|0.0937||105.40|14|102.85|14
GME210528C00270000||||3.75|3.75|24|0.00|0.0000|2|32|0|0|0.1270|0.0033|0.0106|-0.2841|0.0833||3.35|37|2.61|30
GME210528P00270000||||126.95|126.95|24|0.00|0.0000|0|2|0|0|-0.8638|0.0034|-0.1588|-0.3062|0.0875||115.10|9|112.60|18
GME210528C00280000|2.96|2.96|2.96|3.15|2.96|25|-0.19|-0.0603|3|35|1|1|0.1177|0.0030|0.0097|-0.2782|0.0784||3.00|20|2.40|23
GME210528P00280000||||122.50|122.50|25|0.00|0.0000|0|3|0|0|-0.8739|0.0031|-0.1660|-0.2980|0.0829||124.90|8|122.35|17
GME210528C00290000||||3.40|3.40|26|0.00|0.0000|0|19|0|0|0.1086|0.0028|0.0091|-0.2681|0.0746||2.92|36|2.21|24
GME210528P00290000||||139.67|139.67|26|0.00|0.0000|0|1|0|0|-0.8822|0.0029|-0.1730|-0.2917|0.0790||134.70|17|132.20|12
GME210528C00300000|2.60|2.60|2.60|2.55|2.60|27|0.05|0.0196|2|147|1|1|0.1019|0.0026|0.0084|-0.2634|0.0707||2.74|36|2.15|42
GME210528P00300000||||149.52|149.52|27|0.00|0.0000|0|0|0|0|-0.8889|0.0027|-0.1799|-0.2873|0.0758||144.55|7|142.05|13
GME210528C00310000||||2.59|2.59|28|0.00|0.0000|3|35|0|0|0.1005|0.0025|0.0083|-0.2705|0.0705||2.62|41|1.93|39
GME210528P00310000||||||28|||0|0|0|0|-0.8944|0.0025|-0.1866|-0.2845|0.0731||154.40|7|151.90|14
GME210528C00320000|2.39|2.39|2.39|2.40|2.39|29|-0.01|-0.0042|14|570|1|1|0.0918|0.0023|0.0075|-0.2565|0.0655||2.43|19|1.92|82
GME210528P00320000||||||29|||0|0|0|0|-0.8991|0.0024|-0.1934|-0.2820|0.0707||164.25|7|161.75|18
GME210528C00330000||||2.41|2.41|30|0.00|0.0000|-1|11|0|0|0.0858|0.0022|0.0071|-0.2476|0.0627||2.38|15|1.92|21
GME210528P00330000||||177.18|177.18|30|0.00|0.0000|0|1|0|0|-0.9049|0.0023|-0.2001|-0.2752|0.0677||174.15|6|171.65|13
GME210528C00340000||||2.41|2.41|31|0.00|0.0000|-3|20|0|0|0.0822|0.0020|0.0068|-0.2454|0.0607||2.21|4|2.00|3
GME210528P00340000||||184.80|184.80|31|0.00|0.0000|0|1|0|0|-0.9115|0.0021|-0.2070|-0.2642|0.0642||184.05|6|181.55|12
GME210528C00350000||||2.00|2.00|32|0.00|0.0000|27|245|0|0|0.0712|0.0018|0.0059|-0.2186|0.0541||2.16|4|1.76|11
GME210528P00350000||||199.68|199.68|32|0.00|0.0000|0|1|0|0|-0.9162|0.0020|-0.2137|-0.2579|0.0617||193.95|5|191.50|12
GME210528C00360000|2.15|2.15|2.09|2.21|2.09|33|-0.12|-0.0543|-8|492|3|4|0.0677|0.0017|0.0056|-0.2137|0.0520||2.12|3|2.00|1
GME210528P00360000||||209.29|209.29|33|0.00|0.0000|0|1|0|0|-0.9204|0.0019|-0.2203|-0.2520|0.0593||203.85|5|201.40|12
GME210528C00370000|2.10|2.10|1.80|1.97|2.00|34|0.03|0.0152|72|242|2|12|0.0654|0.0017|0.0054|-0.2123|0.0506||2.05|2|1.72|13
GME210528P00370000||||||34|||0|0|0|0|-0.9230|0.0018|-0.2269|-0.2503|0.0578||213.80|5|211.35|12
GME210604C00010000||||||23|||0|0|0|0|1.0000|0.0000|0.0082|0.0000|0.0000||150.90|3|148.20|5
GME210604P00010000||||0.04|0.04|23|0.00|0.0000|1|48|0|0|-0.0005|0.0000|-0.0001|-0.0044|0.0008||0.04|80|0.01|20
GME210604C00020000||||||22|||0|0|0|0|1.0000|0.0000|0.0164|-0.0001|0.0000||140.90|3|138.20|5
GME210604P00020000||||0.09|0.09|22|0.00|0.0000|0|7|0|0|-0.0021|0.0011|-0.0017|-0.0007|0.0018||0.19|3|0.01|10
GME210604C00030000||||||21|||0|0|0|0|1.0000|0.0000|0.0247|-0.0001|0.0000||130.90|3|128.20|5
GME210604P00030000||||0.20|0.20|21|0.00|0.0000|0|78|0|0|-0.0040|0.0001|-0.0007|-0.0229|0.0054||0.30|9|0.05|2
GME210604C00040000||||||20|||0|0|0|0|1.0000|0.0000|0.0329|-0.0001|0.0000||120.90|3|118.20|5
GME210604P00040000||||0.21|0.21|20|0.00|0.0000|1|17|0|0|-0.0070|0.0002|-0.0012|-0.0335|0.0089||0.31|1|0.01|10
GME210604C00050000||||||19|||0|0|0|0|0.9966|0.0001|0.0406|-0.0130|0.0047||110.95|2|108.15|5
GME210604P00050000||||0.45|0.45|19|0.00|0.0000|0|248|0|0|-0.0091|0.0003|-0.0015|-0.0359|0.0112||0.51|2|0.00|0
GME210604C00060000|100.10|100.10|100.10|100.10|100.10|18|0.00|0.0000|0|0|1|1|0.9919|0.0003|0.0481|-0.0267|0.0102||101.10|3|98.40|5
GME210604P00060000||||0.54|0.54|18|0.00|0.0000|0|45|0|0|-0.0164|0.0005|-0.0026|-0.0567|0.0187||0.60|10|0.11|2
GME210604C00070000||||||17|||0|0|0|0|0.9822|0.0006|0.0548|-0.0512|0.0201||91.30|3|88.25|3
GME210604P00070000||||0.98|0.98|17|0.00|0.0000|0|54|0|0|-0.0250|0.0008|-0.0040|-0.0742|0.0267||0.99|2|0.50|5
GME210604C00080000||||||16|||0|0|0|0|0.9709|0.0010|0.0612|-0.0723|0.0304||81.60|3|78.90|5
GME210604P00080000||||1.24|1.24|16|0.00|0.0000|0|21|0|0|-0.0378|0.0012|-0.0059|-0.0953|0.0374||1.34|2|0.80|5
GME210604C00090000||||67.89|67.89|15|0.00|0.0000|0|1|0|0|0.9504|0.0016|0.0662|-0.1075|0.0468||72.05|3|69.35|5
GME210604P00090000||||1.53|1.53|15|0.00|0.0000|0|26|0|0|-0.0563|0.0017|-0.0089|-0.1249|0.0518||1.84|1|1.14|5
GME210604C00100000||||65.00|65.00|14|0.00|0.0000|0|1|0|0|0.9258|0.0024|0.0706|-0.1384|0.0642||62.75|3|60.05|5
GME210604P00100000|2.66|2.66|2.66|2.05|2.66|14|0.61|0.2976|22|136|3|3|-0.0849|0.0025|-0.0134|-0.1602|0.0706||2.55|2|1.81|5
GME210604C00110000||||60.00|60.00|13|0.00|0.0000|0|2|0|0|0.8879|0.0033|0.0727|-0.1817|0.0871||53.80|3|50.95|5
GME210604P00110000|3.35|3.35|3.35|3.69|3.35|13|-0.34|-0.0921|1|52|4|4|-0.1204|0.0033|-0.0193|-0.2009|0.0916||3.75|1|2.89|5
GME210604C00120000||||48.70|48.70|12|0.00|0.0000|0|11|0|0|0.8404|0.0044|0.0732|-0.2231|0.1110||45.40|2|42.45|5
GME210604P00120000|4.90|4.90|4.90|4.85|4.90|12|0.05|0.0103|2|76|5|5|-0.1663|0.0043|-0.0268|-0.2391|0.1141||5.40|1|4.45|5
GME210604C00130000||||36.78|36.78|11|0.00|0.0000|0|5|0|0|0.7798|0.0055|0.0713|-0.2676|0.1354||37.85|1|35.15|5
GME210604P00130000||||7.60|7.60|11|0.00|0.0000|1|65|0|0|-0.2255|0.0053|-0.0368|-0.2827|0.1373||8.20|1|6.80|5
GME210604C00140000||||30.80|30.80|10|0.00|0.0000|0|15|0|0|0.7022|0.0064|0.0661|-0.3139|0.1573||31.30|1|28.70|5
GME210604P00140000|12.10|12.10|12.10|10.54|12.10|10|1.56|0.1480|4|67|1|1|-0.2997|0.0062|-0.0497|-0.3245|0.1578||11.95|1|10.15|5
GME210604C00145000||||43.99|43.99|9|0.00|0.0000|0|3|0|0|0.6732|0.0066|0.0646|-0.3291|0.1649||28.50|1|26.20|5
GME210604P00145000||||15.05|15.05|9|0.00|0.0000|0|59|0|0|-0.3277|0.0064|-0.0551|-0.3368|0.1651||14.25|1|12.35|5
GME210604C00146000||||30.10|30.10|8|0.00|0.0000|0|1|0|0|0.6660|0.0067|0.0641|-0.3312|0.1663||27.95|3|25.80|5
GME210604P00146000||||13.37|13.37|8|0.00|0.0000|0|1|0|0|-0.3348|0.0065|-0.0564|-0.3398|0.1665||14.75|3|12.80|5
GME210604C00147000||||27.00|27.00|7|0.00|0.0000|0|1|0|0|0.6588|0.0067|0.0637|-0.3332|0.1677||27.40|3|25.20|5
GME210604P00147000||||14.20|14.20|7|0.00|0.0000|0|1|0|0|-0.3419|0.0066|-0.0577|-0.3421|0.1678||15.25|2|13.30|5
GME210604C00148000||||||6|||0|0|0|0|0.6514|0.0068|0.0631|-0.3363|0.1691||26.90|3|24.70|5
GME210604P00148000||||12.67|12.67|6|0.00|0.0000|0|6|0|0|-0.3490|0.0066|-0.0590|-0.3448|0.1691||15.75|3|13.75|5
GME210604C00149000||||25.35|25.35|5|0.00|0.0000|0|0|0|0|0.6441|0.0068|0.0626|-0.3389|0.1703||26.40|3|24.20|5
GME210604P00149000||||16.84|16.84|5|0.00|0.0000|0|5|0|0|-0.3561|0.0067|-0.0603|-0.3473|0.1704||16.30|2|14.25|6
GME210604C00150000||||26.12|26.12|4|0.00|0.0000|-1|6|0|0|0.6368|0.0069|0.0620|-0.3413|0.1715||25.90|1|23.55|16
GME210604P00150000|15.00|15.00|15.00|16.60|15.00|4|-1.60|-0.0964|8|105|2|2|-0.3707|0.0068|-0.0627|-0.3504|0.1715||16.80|2|14.75|17
GME210604C00152500||||25.50|25.50|3|0.00|0.0000|1|3|0|0|0.6186|0.0070|0.0606|-0.3480|0.1743||24.70|1|22.55|5
GME210604P00152500||||19.35|19.35|3|0.00|0.0000|0|4|0|0|-0.3810|0.0068|-0.0651|-0.3568|0.1742||18.20|2|16.05|5
GME210604C00155000||||26.08|26.08|2|0.00|0.0000|0|33|0|0|0.6006|0.0070|0.0591|-0.3548|0.1765||23.50|1|21.40|5
GME210604P00155000||||18.25|18.25|2|0.00|0.0000|2|13|0|0|-0.3985|0.0068|-0.0686|-0.3634|0.1764||19.60|2|17.40|5
GME210604C00157500||||29.05|29.05|1|0.00|0.0000|0|1|0|0|0.5831|0.0070|0.0576|-0.3619|0.1784||22.45|3|20.35|5
GME210604P00157500||||22.00|22.00|1|0.00|0.0000|0|6|0|0|-0.4155|0.0068|-0.0721|-0.3705|0.1783||21.10|2|18.80|5
GME210604C00160000|23.00|23.00|20.45|20.65|20.90|1|0.25|0.0121|0|33|1|3|0.5662|0.0070|0.0561|-0.3686|0.1799||21.40|1|19.40|5
GME210604P00160000|18.95|18.95|18.95|21.40|18.95|1|-2.45|-0.1145|3|28|1|1|-0.4395|0.0069|-0.0766|-0.3757|0.1790||22.60|2|20.30|5
GME210604C00162500||||22.10|22.10|2|0.00|0.0000|1|4|0|0|0.5413|0.0071|0.0536|-0.3704|0.1801||20.45|3|18.45|5
GME210604P00162500||||25.37|25.37|2|0.00|0.0000|0|16|0|0|-0.4487|0.0069|-0.0791|-0.3803|0.1809||24.10|2|21.80|5
GME210604C00165000||||19.83|19.83|3|0.00|0.0000|3|60|0|0|0.5239|0.0071|0.0522|-0.3708|0.1808||19.50|1|17.55|5
GME210604P00165000||||24.62|24.62|3|0.00|0.0000|1|11|0|0|-0.4656|0.0069|-0.0825|-0.3815|0.1817||25.75|1|23.40|5
GME210604C00167500||||||4|||||0|0|0.0000|0.0000|0.0000|0.0000|0.0000||18.65|3|16.45|1
GME210604P00167500||||||4|||||0|0|-1.0000|0.0000|-0.1377|0.0005|0.0000||27.30|3|24.80|3
GME210604C00170000||||18.50|18.50|5|0.00|0.0000|0|23|0|0|0.4987|0.0071|0.0503|-0.3759|0.1824||17.80|3|15.85|5
GME210604P00170000||||27.95|27.95|5|0.00|0.0000|4|30|0|0|-0.4980|0.0069|-0.0894|-0.3843|0.1824||29.20|3|26.55|5
GME210604C00172500||||17.50|17.50|6|0.00|0.0000|0|5|0|0|0.0000|0.0000|0.0000|0.0000|0.0000||17.00|1|15.10|5
GME210604P00172500||||29.72|29.72|6|0.00|0.0000|1|1|0|0|-1.0000|0.0000|-0.1418|0.0005|0.0000||31.00|2|28.30|5
GME210604C00175000|14.50|14.50|14.50|16.80|14.50|7|-2.30|-0.1369|2|11|1|1|0.4681|0.0070|0.0475|-0.3790|0.1818||16.25|1|14.40|6
GME210604P00175000||||33.45|33.45|7|0.00|0.0000|0|8|0|0|-0.5278|0.0068|-0.0962|-0.3879|0.1819||32.80|3|30.05|5
GME210604C00177500||||23.80|23.80|8|0.00|0.0000|0|2|0|0|0.0000|0.0000|0.0000|0.0000|0.0000||15.55|1|13.65|5
GME210604P00177500||||28.35|28.35|8|0.00|0.0000|0|2|0|0|-1.0000|0.0000|-0.1459|0.0005|0.0000||34.55|1|32.00|5
GME210604C00180000|14.85|14.85|14.85|14.50|14.85|9|0.35|0.0241|4|38|1|1|0.4402|0.0068|0.0449|-0.3819|0.1803||14.90|1|13.05|1
GME210604P00180000||||35.05|35.05|9|0.00|0.0000|0|27|0|0|-0.5550|0.0066|-0.1029|-0.3914|0.1806||36.40|2|33.85|5
GME210604C00182500||||14.60|14.60|10|0.00|0.0000|1|2|0|0|0.0000|0.0000|0.0000|0.0000|0.0000||14.30|2|12.50|5
GME210604P00182500||||||10|||||0|0|-1.0000|0.0000|-0.1500|0.0005|0.0000||38.30|2|35.70|5
GME210604C00185000||||15.00|15.00|11|0.00|0.0000|2|24|0|0|0.4152|0.0066|0.0424|-0.3850|0.1782||13.70|3|11.85|5
GME210604P00185000||||43.67|43.67|11|0.00|0.0000|0|2|0|0|-0.5792|0.0064|-0.1094|-0.3953|0.1788||40.25|1|37.65|5
GME210604C00190000||||12.83|12.83|12|0.00|0.0000|1|11|0|0|0.3878|0.0065|0.0399|-0.3787|0.1751||12.60|2|10.85|5
GME210604P00190000||||45.95|45.95|12|0.00|0.0000|0|101|0|0|-0.6057|0.0063|-0.1159|-0.3901|0.1759||44.40|2|41.35|16
GME210604C00195000||||17.95|17.95|13|0.00|0.0000|0|1|0|0|0.0000|0.0000|0.0000|0.0000|0.0000||11.70|1|10.05|5
GME210604P00195000||||48.03|48.03|13|0.00|0.0000|0|100|0|0|-1.0000|0.0000|-0.1603|0.0006|0.0000||48.40|2|45.60|5
GME210604C00200000||||10.10|10.10|14|0.00|0.0000|310|388|0|0|0.3335|0.0061|0.0345|-0.3622|0.1651||10.85|3|9.25|5
GME210604P00200000||||54.50|54.50|14|0.00|0.0000|0|4|0|0|-0.6522|0.0060|-0.1285|-0.3799|0.1689||52.45|2|49.55|6
GME210604C00205000||||10.20|10.20|15|0.00|0.0000|0|1|0|0|0.0000|0.0000|0.0000|0.0000|0.0000||10.00|1|8.50|5
GME210604P00205000||||||15|||||0|0|-1.0000|0.0000|-0.1685|0.0006|0.0000||56.95|2|53.80|5
GME210604C00210000||||9.40|9.40|16|0.00|0.0000|-1|14|0|0|0.3039|0.0056|0.0317|-0.3617|0.1599||9.30|1|7.95|5
GME210604P00210000||||56.45|56.45|16|0.00|0.0000|0|2|0|0|-0.6889|0.0056|-0.1404|-0.3733|0.1615||61.25|2|58.15|5
GME210604C00215000|8.70|8.70|8.70|10.00|8.70|17|-1.30|-0.1300|0|2|1|1|0.0000|0.0000|0.0000|0.0000|0.0000||8.70|1|7.35|6
GME210604P00215000||||||17|||||0|0|-1.0000|0.0000|-0.1767|0.0006|0.0000||65.65|2|62.55|5
GME210604C00220000||||8.90|8.90|18|0.00|0.0000|2|22|0|0|0.2731|0.0052|0.0285|-0.3539|0.1520||8.20|1|6.85|5
GME210604P00220000||||||18|||0|0|0|0|-0.7187|0.0052|-0.1517|-0.3674|0.1542||70.15|2|67.00|5
GME210604C00230000||||8.00|8.00|19|0.00|0.0000|1|11|0|0|0.2424|0.0048|0.0254|-0.3375|0.1429||7.30|2|6.05|5
GME210604P00230000||||||19|||0|0|0|0|-0.7489|0.0048|-0.1629|-0.3520|0.1456||79.30|2|76.15|5
GME210604C00240000||||6.15|6.15|20|0.00|0.0000|0|27|0|0|0.2181|0.0045|0.0230|-0.3248|0.1347||6.50|4|5.40|5
GME210604P00240000||||||20|||0|0|0|0|-0.7734|0.0044|-0.1736|-0.3394|0.1377||88.55|2|85.45|5
GME210604C00250000|5.75|5.75|5.20|5.40|5.20|21|-0.20|-0.0370|2|57|5|6|0.1999|0.0041|0.0210|-0.3170|0.1279||5.90|1|4.85|6
GME210604P00250000||||||21|||0|0|0|0|-0.7915|0.0041|-0.1837|-0.3323|0.1312||98.00|2|95.00|5
GME210604C00260000|5.00|5.00|4.75|5.60|4.75|22|-0.85|-0.1518|3|208|1|2|0.1807|0.0038|0.0189|-0.3042|0.1194||5.40|3|4.40|6
GME210604P00260000||||||22|||0|0|0|0|-0.8068|0.0038|-0.1935|-0.3260|0.1253||107.50|2|104.40|5
GME210604C00270000||||4.50|4.50|23|0.00|0.0000|1|16|0|0|0.1649|0.0035|0.0173|-0.2919|0.1127||4.95|2|4.05|5
GME210604P00270000||||||23|||0|0|0|0|-0.8188|0.0036|-0.2030|-0.3224|0.1205||117.10|3|114.00|5
GME210604C00280000||||5.88|5.88|24|0.00|0.0000|0|9|0|0|0.1545|0.0033|0.0163|-0.2860|0.1087||4.60|3|3.75|5
GME210604P00280000||||||24|||0|0|0|0|-0.8346|0.0033|-0.2129|-0.3076|0.1136||126.75|2|123.65|6
GME210604C00290000||||4.80|4.80|25|0.00|0.0000|0|13|0|0|0.1428|0.0031|0.0151|-0.2762|0.1031||4.25|2|3.50|5
GME210604P00290000||||124.76|124.76|25|0.00|0.0000|0|3|0|0|-0.8463|0.0031|-0.2223|-0.2986|0.1083||136.45|2|133.35|5
GME210604C00300000|3.70|4.00|3.70|3.70|4.00|26|0.30|0.0811|12|168|1|2|0.1303|0.0028|0.0137|-0.2627|0.0962||4.00|1|3.25|1
GME210604P00300000||||||26|||0|0|0|0|-0.8566|0.0029|-0.2316|-0.2899|0.1034||146.20|2|143.10|5
GME210604C00310000||||4.00|4.00|27|0.00|0.0000|0|7|0|0|0.1256|0.0027|0.0132|-0.2631|0.0944||3.85|3|3.05|5
GME210604P00310000||||||27|||0|0|0|0|-0.8658|0.0028|-0.2408|-0.2816|0.0988||156.00|3|152.90|5
GME210604C00320000||||3.35|3.35|28|0.00|0.0000|0|54|0|0|0.1158|0.0025|0.0121|-0.2515|0.0886||3.60|11|2.88|5
GME210604P00320000||||||28|||0|0|0|0|-0.8727|0.0026|-0.2497|-0.2768|0.0953||165.80|3|162.70|5
GME210604C00330000|3.10|3.10|3.10|3.75|3.10|29|-0.65|-0.1733|4|5|1|1|0.1106|0.0024|0.0115|-0.2484|0.0857||3.45|3|2.72|5
GME210604P00330000||||||29|||0|0|0|0|-0.8776|0.0025|-0.2585|-0.2753|0.0927||175.60|2|172.55|5
GME210604C00340000||||3.13|3.13|30|0.00|0.0000|2|20|0|0|0.1063|0.0023|0.0111|-0.2464|0.0833||3.30|2|2.57|5
GME210604P00340000||||||30|||0|0|0|0|-0.8825|0.0024|-0.2672|-0.2729|0.0901||185.45|2|182.40|5
GME210604C00350000||||3.01|3.01|31|0.00|0.0000|8|15|0|0|0.1015|0.0022|0.0105|-0.2424|0.0805||3.15|3|2.44|5
GME210604P00350000||||||31|||0|0|0|0|-0.8868|0.0023|-0.2759|-0.2708|0.0878||195.30|2|192.25|5
GME210604C00360000||||2.75|2.75|32|0.00|0.0000|4|12|0|0|0.0954|0.0020|0.0099|-0.2341|0.0770||2.99|3|2.31|5
GME210604P00360000||||||32|||0|0|0|0|-0.8911|0.0022|-0.2846|-0.2678|0.0854||205.20|2|202.15|5
GME210604C00370000|2.70|2.90|2.64|2.75|2.80|33|0.05|0.0182|46|120|1|4|0.0914|0.0020|0.0095|-0.2304|0.0746||2.50|1|2.16|13
GME210604P00370000||||||33|||0|0|0|0|-0.8961|0.0021|-0.2934|-0.2622|0.0825||215.05|2|212.00|5
GME210611C00010000||||||18|||||0|0|1.0000|0.0000|0.0101|0.0000|0.0000||150.90|6|148.20|6
