symbol|open|high|low|preClose|close|activeLevel|change|changeRatio|openIntChange|openInterest|latestPriceVol|volume|delta|gamma|rho|theta|vega|tradeStamptradeTime|ask|avol|bid|bvol
GME210507C00010000||||169.30|169.30|32|0.00|0.0000|0|3|0|0|1.0000|0.0000|0.0005|-0.0004|0.0000||149.80|19|147.50|20
GME210507P00010000||||0.01|0.01|32|0.00|0.0000|2|564|0|0|0.0000|0.0000|0.0000|-0.0004|0.0000||0.01|47|0.00|0
GME210507C00020000||||156.70|156.70|31|0.00|0.0000|0|1|0|0|1.0000|0.0000|0.0011|-0.0002|0.0000||139.80|19|137.50|20
GME210507P00020000||||0.01|0.01|31|0.00|0.0000|0|285|0|0|-0.0004|0.0000|0.0000|-0.0420|0.0002||0.01|20|0.00|0
GME210507C00030000||||129.05|129.05|30|0.00|0.0000|0|5|0|0|1.0000|0.0000|0.0016|-0.0002|0.0000||129.80|18|127.85|5
GME210507P00030000|0.03|0.03|0.03|0.01|0.03|30|0.02|2.0000|0|658|1|1|-0.0001|0.0000|0.0000|-0.0040|0.0000||0.02|10|0.00|0
GME210507C00040000||||114.10|114.10|29|0.00|0.0000|0|8|0|0|1.0000|0.0000|0.0022|-0.0003|0.0000||119.80|15|116.90|16
GME210507P00040000|0.01|0.01|0.01|0.01|0.01|29|0.00|0.0000|1|923|1|1|-0.0007|0.0000|0.0000|-0.0436|0.0003||0.01|5|0.00|0
GME210507C00050000|109.80|109.80|109.80|108.70|109.80|28|1.10|0.0101|0|0|1|1|1.0000|0.0000|0.0027|-0.0004|0.0000||109.80|19|106.90|25
GME210507P00050000||||0.01|0.01|28|0.00|0.0000|15|1250|0|0|-0.0009|0.0000|0.0000|-0.0448|0.0003||0.01|5|0.00|0
GME210507C00060000||||114.05|114.05|27|0.00|0.0000|0|3|0|0|1.0000|0.0000|0.0033|-0.0005|0.0000||99.80|15|96.90|16
GME210507P00060000|0.01|0.01|0.01|0.01|0.01|27|0.00|0.0000|17|827|3|5|-0.0011|0.0001|0.0000|-0.0464|0.0004||0.01|5|0.00|0
GME210507C00070000||||89.05|89.05|26|0.00|0.0000|0|204|0|0|1.0000|0.0000|0.0038|-0.0006|0.0000||89.80|20|87.30|19
GME210507P00070000|0.01|0.01|0.01|0.01|0.01|26|0.00|0.0000|8|679|4|32|-0.0016|0.0001|0.0000|-0.0580|0.0006||0.02|5|0.01|5
GME210507C00080000|79.80|79.80|79.80|80.60|79.80|25|-0.80|-0.0099|-7|4|1|1|1.0000|0.0000|0.0044|-0.0009|0.0000||79.80|18|77.60|19
GME210507P00080000|0.01|0.02|0.01|0.01|0.01|25|0.00|0.0000|-26|1025|3|72|-0.0023|0.0002|0.0000|-0.0692|0.0008||0.03|9|0.01|7
GME210507C00090000||||72.70|72.70|24|0.00|0.0000|-4|9|0|0|1.0000|0.0000|0.0049|-0.0013|0.0000||69.80|19|67.95|9
GME210507P00090000|0.02|0.02|0.01|0.03|0.02|24|-0.01|-0.3333|28|590|2|71|-0.0072|0.0005|-0.0001|-0.1877|0.0023||0.02|116|0.01|30
GME210507C00100000|60.10|60.10|60.10|63.80|60.10|23|-3.70|-0.0580|-64|291|1|1|0.9999|0.0000|0.0055|-0.0021|0.0000||59.80|20|57.35|23
GME210507P00100000|0.02|0.08|0.02|0.04|0.02|23|-0.02|-0.5000|-131|3274|3|526|-0.0052|0.0005|0.0000|-0.1068|0.0017||0.04|12|0.02|1
GME210507C00110000||||50.05|50.05|22|0.00|0.0000|-3|18|0|0|0.9993|0.0001|0.0060|-0.0109|0.0003||49.80|19|47.40|21
GME210507P00110000|0.03|0.06|0.03|0.05|0.04|22|-0.01|-0.2000|-8|727|10|21|-0.0078|0.0009|-0.0001|-0.1284|0.0025||0.05|5|0.04|1
GME210507C00120000||||42.00|42.00|21|0.00|0.0000|-9|38|0|0|0.9989|0.0003|0.0066|-0.0128|0.0004||39.80|19|37.95|8
GME210507P00120000|0.08|0.08|0.05|0.08|0.06|21|-0.02|-0.2500|121|1454|20|139|-0.0139|0.0018|-0.0001|-0.1761|0.0041||0.07|10|0.06|11
GME210507C00130000||||29.20|29.20|20|0.00|0.0000|-1|128|0|0|0.9798|0.0032|0.0069|-0.1845|0.0057||29.90|27|27.35|19
GME210507P00130000|0.16|0.16|0.10|0.17|0.13|20|-0.04|-0.2353|-59|1252|13|134|-0.0335|0.0044|-0.0003|-0.3124|0.0087||0.15|10|0.11|11
GME210507C00134000||||28.50|28.50|19|0.00|0.0000|0|14|0|0|0.9664|0.0052|0.0070|-0.2667|0.0087||26.00|19|23.10|22
GME210507P00134000||||0.20|0.20|19|0.00|0.0000|4|133|0|0|-0.0451|0.0062|-0.0004|-0.3615|0.0111||0.21|8|0.13|12
GME210507C00135000|27.57|27.57|23.40|25.82|23.40|18|-2.42|-0.0937|-3|88|3|4|0.9815|0.0038|0.0072|-0.1346|0.0053||25.00|19|23.10|9
GME210507P00135000|0.19|0.19|0.15|0.24|0.16|18|-0.08|-0.3333|36|759|3|7|-0.0496|0.0069|-0.0004|-0.3819|0.0119||0.22|9|0.15|10
GME210507C00136000|26.60|26.60|26.60|28.00|26.60|17|-1.40|-0.0500|0|24|1|1|0.9835|0.0037|0.0073|-0.1135|0.0048||24.05|19|21.40|16
GME210507P00136000|0.16|0.17|0.16|0.25|0.17|17|-0.08|-0.3200|-82|80|1|2|-0.0569|0.0076|-0.0005|-0.4302|0.0133||0.24|25|0.16|11
GME210507C00137000||||19.15|19.15|16|0.00|0.0000|0|34|0|0|0.9962|0.0014|0.0075|-0.0238|0.0013||23.10|19|20.20|16
GME210507P00137000|0.17|0.17|0.17|0.28|0.17|16|-0.11|-0.3929|-6|99|1|1|-0.0623|0.0083|-0.0006|-0.4520|0.0143||0.26|28|0.16|30
GME210507C00138000||||24.70|24.70|15|0.00|0.0000|-1|12|0|0|0.9767|0.0052|0.0074|-0.1470|0.0064||22.10|16|19.20|16
GME210507P00138000|0.23|0.24|0.22|0.32|0.22|15|-0.10|-0.3125|2|137|1|4|-0.0658|0.0090|-0.0006|-0.4549|0.0149||0.29|27|0.17|19
GME210507C00139000||||16.55|16.55|14|0.00|0.0000|0|10|0|0|0.9649|0.0070|0.0073|-0.2148|0.0090||21.15|16|19.20|5
GME210507P00139000|0.25|0.25|0.25|0.26|0.25|14|-0.01|-0.0385|-3|256|1|1|-0.0754|0.0103|-0.0007|-0.4920|0.0165||0.32|20|0.19|15
GME210507C00140000||||19.80|19.80|13|0.00|0.0000|-6|77|0|0|0.9170|0.0111|0.0069|-0.5286|0.0178||20.20|16|17.30|16
GME210507P00140000|0.32|0.60|0.25|0.39|0.28|13|-0.11|-0.2821|92|1884|5|53|-0.0848|0.0114|-0.0008|-0.5300|0.0181||0.36|17|0.26|10
GME210507C00141000||||18.95|18.95|12|0.00|0.0000|0|16|0|0|0.9064|0.0122|0.0069|-0.5708|0.0195||19.20|16|16.35|16
GME210507P00141000|0.29|0.33|0.29|0.38|0.33|12|-0.05|-0.1316|-70|148|1|3|-0.1038|0.0126|-0.0009|-0.6463|0.0210||0.38|10|0.26|30
GME210507C00142000||||17.00|17.00|11|0.00|0.0000|0|29|0|0|0.8928|0.0136|0.0068|-0.6281|0.0215||18.25|16|15.60|16
GME210507P00142000|0.35|0.35|0.35|0.44|0.35|11|-0.09|-0.2045|2|194|2|4|-0.1030|0.0138|-0.0009|-0.5842|0.0209||0.52|63|0.26|37
GME210507C00143000||||18.10|18.10|10|0.00|0.0000|0|42|0|0|0.8798|0.0149|0.0068|-0.6732|0.0234||17.30|16|14.60|16
GME210507P00143000|0.40|0.40|0.40|0.55|0.40|10|-0.15|-0.2727|101|185|1|4|-0.1307|0.0151|-0.0012|-0.7484|0.0248||0.52|48|0.28|56
GME210507C00144000||||19.50|19.50|9|0.00|0.0000|-1|31|0|0|0.8635|0.0163|0.0067|-0.7327|0.0255||16.35|16|13.50|16
GME210507P00144000|0.55|0.55|0.27|0.60|0.27|9|-0.33|-0.5500|77|574|1|11|-0.1279|0.0167|-0.0011|-0.6549|0.0243||0.56|53|0.28|79
GME210507C00145000||||16.50|16.50|8|0.00|0.0000|1|78|0|0|0.8708|0.0177|0.0068|-0.6274|0.0246||15.40|16|12.55|16
GME210507P00145000|0.68|0.68|0.40|0.70|0.55|8|-0.15|-0.2143|-112|1342|19|69|-0.1467|0.0184|-0.0013|-0.7184|0.0267||0.62|5|0.50|5
GME210507C00146000||||16.87|16.87|7|0.00|0.0000|0|52|0|0|0.8295|0.0193|0.0065|-0.8308|0.0296||14.45|18|11.70|18
GME210507P00146000|0.55|0.59|0.53|0.80|0.53|7|-0.27|-0.3375|-19|300|1|4|-0.1804|0.0192|-0.0016|-0.9007|0.0306||0.73|37|0.50|45
GME210507C00147000||||13.65|13.65|6|0.00|0.0000|-4|64|0|0|0.8225|0.0212|0.0065|-0.7967|0.0303||13.55|19|11.45|16
GME210507P00147000|0.69|0.69|0.60|0.88|0.60|6|-0.28|-0.3182|9|184|1|2|-0.1840|0.0218|-0.0017|-0.8099|0.0309||0.83|10|0.65|13
GME210507C00148000||||15.92|15.92|5|0.00|0.0000|1|44|0|0|0.7806|0.0221|0.0061|-0.9886|0.0345||12.75|18|10.75|5
GME210507P00148000|0.79|0.95|0.70|0.96|0.90|5|-0.06|-0.0625|13|295|1|26|-0.2033|0.0238|-0.0018|-0.8413|0.0329||0.96|20|0.65|79
GME210507C00149000|12.00|12.00|12.00|11.70|12.00|4|0.30|0.0256|4|99|1|1|0.7514|0.0231|0.0059|-1.0886|0.0369||11.75|17|9.80|16
GME210507P00149000|0.90|0.96|0.73|1.10|0.96|4|-0.14|-0.1273|0|717|5|33|-0.2257|0.0257|-0.0020|-0.8777|0.0349||1.14|15|0.79|26
GME210507C00150000|11.50|11.73|9.66|10.80|9.67|3|-1.13|-0.1046|-39|1078|3|11|0.7330|0.0248|0.0058|-1.0881|0.0383||11.00|22|8.40|18
GME210507P00150000|1.39|1.39|0.80|1.36|1.19|3|-0.17|-0.1250|-33|3322|14|317|-0.2572|0.0271|-0.0023|-0.9607|0.0375||1.30|40|1.07|13
GME210507C00152500||||8.87|8.87|2|0.00|0.0000|-7|94|0|0|0.6596|0.0288|0.0053|-1.1667|0.0426||9.00|61|7.35|5
GME210507P00152500|1.39|1.73|1.30|1.80|1.73|2|-0.07|-0.0389|22|308|1|19|-0.3458|0.0277|-0.0032|-1.2283|0.0429||2.01|1|1.45|45
GME210507C00155000|7.00|7.00|6.20|7.25|6.20|1|-1.05|-0.1448|-17|797|1|4|0.5879|0.0332|0.0047|-1.1394|0.0453||6.70|26|5.80|1
GME210507P00155000|2.15|2.54|1.90|2.75|2.54|1|-0.21|-0.0764|9|1587|5|143|-0.4105|0.0341|-0.0037|-1.1074|0.0452||2.70|6|2.37|18
GME210507C00157500|5.70|5.70|4.70|5.84|4.70|1|-1.14|-0.1952|2|144|1|11|0.5062|0.0302|0.0041|-1.3172|0.0464||5.05|44|4.30|5
GME210507P00157500|3.00|3.70|2.50|3.85|3.70|1|-0.15|-0.0390|266|700|6|116|-0.4925|0.0288|-0.0046|-1.3790|0.0464||3.95|6|3.60|5
GME210507C00160000|4.67|5.19|3.60|4.40|3.75|2|-0.65|-0.1477|115|1040|1|193|0.4184|0.0336|0.0034|-1.1347|0.0454||3.50|1|3.40|3
GME210507P00160000|4.55|5.05|3.65|5.15|5.00|2|-0.15|-0.0291|82|2807|1|48|-0.5775|0.0324|-0.0053|-1.1808|0.0455||5.45|7|4.90|8
GME210507C00162500|3.90|4.00|2.63|3.50|2.63|3|-0.87|-0.2486|121|382|1|127|0.3705|0.0269|0.0030|-1.3238|0.0439||2.99|38|2.52|5
GME210507P00162500|6.40|6.70|5.75|6.25|6.49|3|0.24|0.0384|241|442|1|10|-0.6340|0.0276|-0.0059|-1.2816|0.0438||7.20|9|5.80|65
GME210507C00165000|3.00|3.25|2.15|2.82|2.15|4|-0.67|-0.2376|187|1045|1|238|0.2812|0.0272|0.0023|-1.0443|0.0392||2.39|18|2.10|1
GME210507P00165000|7.35|8.60|6.85|8.50|8.12|4|-0.38|-0.0447|26|833|5|41|-0.7153|0.0270|-0.0067|-1.0669|0.0395||9.35|9|8.40|11
GME210507C00170000|1.84|2.55|1.40|1.90|1.40|5|-0.50|-0.2632|336|2069|2|465|0.1918|0.0202|0.0016|-0.9220|0.0318||1.55|2|1.34|5
GME210507P00170000|11.91|12.44|11.15|12.66|12.44|5|-0.22|-0.0174|-42|603|1|22|-0.8026|0.0201|-0.0077|-0.9583|0.0323||13.70|16|12.10|18
GME210507C00172500|1.52|1.82|1.25|1.65|1.26|6|-0.39|-0.2364|26|421|1|91|0.1661|0.0173|0.0014|-0.8989|0.0290||1.37|1|1.08|11
GME210507P00172500|15.10|15.10|15.10|15.25|15.10|6|-0.15|-0.0098|-8|170|1|1|-0.8046|0.0175|-0.0079|-1.0888|0.0322||16.20|27|14.15|19
GME210507C00175000|1.42|1.64|1.00|1.40|1.00|7|-0.40|-0.2857|199|1824|3|167|0.1454|0.0149|0.0012|-0.8736|0.0266||1.18|44|1.00|5
GME210507P00175000|15.96|15.96|15.96|17.42|15.96|7|-1.46|-0.0838|0|382|1|1|-0.8762|0.0145|-0.0086|-0.7192|0.0238||18.65|31|16.60|22
GME210507C00177500|1.35|1.35|0.98|1.27|1.00|8|-0.27|-0.2126|52|785|1|32|0.1251|0.0129|0.0010|-0.8207|0.0240||1.00|5|0.90|59
GME210507P00177500|18.91|18.91|18.91|18.37|18.91|8|0.54|0.0294|-1|84|1|2|-0.8505|0.0135|-0.0085|-1.0015|0.0271||20.95|25|19.10|18
GME210507C00180000|1.14|1.25|0.83|1.16|0.83|9|-0.33|-0.2845|20|2061|1|162|0.1119|0.0113|0.0009|-0.7998|0.0221||0.90|1|0.76|5
GME210507P00180000|21.33|21.33|21.32|21.37|21.32|9|-0.05|-0.0023|18|333|1|3|-0.8811|0.0117|-0.0089|-0.8461|0.0232||23.20|19|21.20|17
GME210507C00182500|0.75|1.01|0.75|1.05|0.76|10|-0.29|-0.2762|3|429|1|11|0.0997|0.0100|0.0008|-0.7680|0.0204||0.84|16|0.69|10
GME210507P00182500||||24.30|24.30|10|0.00|0.0000|-7|34|0|0|-0.8863|0.0105|-0.0091|-0.8828|0.0224||25.70|19|23.60|16
GME210507C00185000|1.04|1.04|0.70|1.01|0.74|11|-0.27|-0.2673|14|767|1|91|0.0875|0.0088|0.0007|-0.7204|0.0185||0.75|8|0.66|5
GME210507P00185000||||26.68|26.68|11|0.00|0.0000|19|285|0|0|-0.9033|0.0092|-0.0093|-0.7979|0.0200||28.20|24|26.05|18
GME210507C00187500|0.96|1.00|0.68|0.88|0.68|12|-0.20|-0.2273|-13|203|1|16|0.0834|0.0080|0.0007|-0.7368|0.0178||0.72|16|0.58|10
GME210507P00187500||||28.13|28.13|12|0.00|0.0000|0|29|0|0|-0.9101|0.0083|-0.0095|-0.7938|0.0189||30.20|6|28.45|16
GME210507C00190000|0.82|0.83|0.60|0.79|0.62|13|-0.17|-0.2152|247|1221|1|36|0.0759|0.0072|0.0006|-0.7120|0.0166||0.65|17|0.55|10
GME210507P00190000|32.40|32.40|31.10|31.35|31.11|13|-0.24|-0.0077|-3|126|2|5|-0.9182|0.0075|-0.0097|-0.7663|0.0176||32.70|7|30.90|17
GME210507C00192500|0.77|0.77|0.77|0.80|0.77|14|-0.03|-0.0375|3|206|1|1|0.0655|0.0064|0.0005|-0.6404|0.0149||0.65|24|0.52|13
GME210507P00192500|33.75|33.75|33.75|23.69|33.75|14|10.06|0.4247|0|8|1|1|-0.9272|0.0067|-0.0100|-0.7179|0.0161||35.15|5|33.35|16
GME210507C00195000|0.75|0.75|0.56|0.78|0.58|15|-0.20|-0.2564|-5|601|2|41|0.0688|0.0061|0.0006|-0.7226|0.0154||0.63|19|0.51|10
GME210507P00195000||||33.77|33.77|15|0.00|0.0000|12|125|0|0|-0.9321|0.0061|-0.0101|-0.7069|0.0153||37.65|6|35.85|18
GME210507C00197500|0.56|0.68|0.56|0.83|0.62|16|-0.21|-0.2530|8|196|1|5|0.0636|0.0055|0.0005|-0.7004|0.0145||0.63|19|0.50|5
GME210507P00197500|38.70|38.70|38.70|43.94|38.70|16|-5.24|-0.1193|0|9|1|1|-0.9382|0.0055|-0.0103|-0.6748|0.0142||40.15|6|38.30|16
GME210507C00200000|0.65|0.75|0.53|0.65|0.53|17|-0.12|-0.1846|154|6779|99|376|0.0578|0.0050|0.0005|-0.6661|0.0135||0.55|13|0.50|5
GME210507P00200000||||39.60|39.60|17|0.00|0.0000|-2|252|0|0|-0.9408|0.0051|-0.0105|-0.6779|0.0137||42.70|5|40.75|19
GME210507C00205000|0.57|0.64|0.55|0.66|0.55|18|-0.11|-0.1667|-7|517|1|12|0.0517|0.0043|0.0004|-0.6483|0.0123||0.54|19|0.45|5
GME210507P00205000||||53.68|53.68|18|0.00|0.0000|0|18|0|0|-0.9522|0.0042|-0.0108|-0.5926|0.0116||47.55|5|45.70|16
GME210507C00210000|0.60|0.60|0.49|0.61|0.49|19|-0.12|-0.1967|-3|649|1|10|0.0475|0.0038|0.0004|-0.6429|0.0115||0.49|1|0.40|22
GME210507P00210000||||49.70|49.70|19|0.00|0.0000|0|115|0|0|-0.9569|0.0036|-0.0112|-0.5764|0.0107||52.70|10|50.65|18
GME210507C00215000|0.48|0.49|0.48|0.51|0.49|20|-0.02|-0.0392|-70|379|1|2|0.0440|0.0034|0.0004|-0.6399|0.0108||0.50|64|0.38|5
GME210507P00215000||||54.20|54.20|20|0.00|0.0000|0|2|0|0|-0.9614|0.0032|-0.0115|-0.5543|0.0098||58.50|20|55.60|16
GME210507C00220000|0.48|0.48|0.42|0.50|0.42|21|-0.08|-0.1600|105|1216|50|111|0.0413|0.0031|0.0003|-0.6389|0.0103||0.43|13|0.35|5
GME210507P00220000|61.76|62.30|61.76|60.42|61.78|21|1.36|0.0225|12|130|8|20|-0.9639|0.0028|-0.0118|-0.5531|0.0092||62.45|9|60.55|17
GME210507C00225000|0.49|0.49|0.42|0.50|0.42|22|-0.08|-0.1600|19|567|1|4|0.0385|0.0028|0.0003|-0.6318|0.0097||0.41|14|0.32|8
GME210507P00225000||||67.85|67.85|22|0.00|0.0000|0|16|0|0|-0.9728|0.0022|-0.0121|-0.4374|0.0073||68.15|19|65.55|16
GME210507C00230000|0.39|0.39|0.33|0.47|0.33|23|-0.14|-0.2979|-22|651|1|14|0.0374|0.0026|0.0003|-0.6487|0.0095||0.37|18|0.30|11
GME210507P00230000||||71.00|71.00|23|0.00|0.0000|0|7|0|0|-0.9765|0.0019|-0.0124|-0.3985|0.0065||73.40|18|70.50|16
GME210507C00240000|0.37|0.37|0.30|0.44|0.32|24|-0.12|-0.2727|154|1158|1|6|0.0298|0.0020|0.0002|-0.5662|0.0079||0.32|46|0.25|6
GME210507P00240000|80.50|80.50|80.50|82.47|80.50|24|-1.97|-0.0239|0|108|1|1|-0.9803|0.0016|-0.0130|-0.3669|0.0056||83.10|21|80.45|17
GME210507C00250000|0.36|0.39|0.25|0.37|0.26|25|-0.11|-0.2973|154|2793|1|173|0.0248|0.0017|0.0002|-0.5096|0.0067||0.28|2|0.25|2
GME210507P00250000|90.44|90.45|90.44|87.00|90.45|25|3.45|0.0397|0|129|1|4|-0.9835|0.0013|-0.0136|-0.3331|0.0048||93.05|19|90.40|18
GME210507C00260000|0.28|0.31|0.20|0.37|0.21|26|-0.16|-0.4324|63|883|2|234|0.0227|0.0014|0.0002|-0.5025|0.0063||0.24|4|0.20|1
GME210507P00260000||||100.60|100.60|26|0.00|0.0000|12|19|0|0|-0.9863|0.0010|-0.0141|-0.2976|0.0041||103.30|16|100.40|16
GME210507C00270000|0.20|0.26|0.20|0.28|0.20|27|-0.08|-0.2857|-11|426|1|6|0.0210|0.0013|0.0002|-0.4981|0.0059||0.21|3|0.15|5
GME210507P00270000||||||27|||0|0|0|0|-0.9884|0.0009|-0.0147|-0.2689|0.0035||113.25|21|110.35|19
GME210507C00280000|0.29|0.29|0.15|0.28|0.18|28|-0.10|-0.3571|6|913|4|6|0.0195|0.0011|0.0002|-0.4909|0.0055||0.18|4|0.15|1
GME210507P00280000||||122.27|122.27|28|0.00|0.0000|0|9|0|0|-0.9910|0.0007|-0.0153|-0.2222|0.0028||123.25|19|120.35|19
GME210507C00290000|0.15|0.18|0.15|0.20|0.18|29|-0.02|-0.1000|1|126|1|2|0.0166|0.0010|0.0001|-0.4387|0.0048||0.16|3|0.13|1
GME210507P00290000||||130.30|130.30|29|0.00|0.0000|0|4|0|0|-0.9906|0.0007|-0.0158|-0.2460|0.0030||133.25|21|130.35|19
GME210507C00300000|0.39|0.39|0.11|0.20|0.13|30|-0.07|-0.3500|952|4676|1|323|0.0169|0.0009|0.0001|-0.4691|0.0049||0.18|30|0.12|1
GME210507P00300000||||135.00|135.00|30|0.00|0.0000|1|586|0|0|-0.9902|0.0006|-0.0164|-0.2700|0.0031||143.20|22|140.30|19
GME210507C00310000|0.18|0.18|0.14|0.18|0.14|31|-0.04|-0.2222|101|463|1|11|0.0161|0.0009|0.0001|-0.4684|0.0047||0.12|9|0.08|4
GME210507P00310000||||132.40|132.40|31|0.00|0.0000|0|19|0|0|-0.9931|0.0005|-0.0169|-0.1973|0.0022||152.20|8|150.30|19
GME210507C00320000|0.12|0.13|0.10|0.22|0.10|32|-0.12|-0.5455|20|631|1|14|0.0164|0.0008|0.0001|-0.4988|0.0048||0.11|10|0.09|2
GME210507P00320000||||162.10|162.10|32|0.00|0.0000|0|5|0|0|-0.9940|0.0004|-0.0175|-0.1786|0.0020||162.95|19|160.30|19
GME210507C00330000|0.15|0.15|0.09|0.14|0.09|33|-0.05|-0.3571|15|584|1|7|0.0089|0.0005|0.0001|-0.2799|0.0028||0.11|3|0.05|6
GME210507P00330000||||175.00|175.00|33|0.00|0.0000|0|2|0|0|-0.9947|0.0004|-0.0180|-0.1628|0.0018||173.20|23|170.25|19
GME210507C00340000|0.15|0.15|0.06|0.20|0.07|34|-0.13|-0.6500|42|183|1|6|0.0099|0.0005|0.0001|-0.3220|0.0031||0.11|2|0.05|2
GME210507P00340000||||165.30|165.30|34|0.00|0.0000|0|10|0|0|-0.9953|0.0003|-0.0186|-0.1492|0.0016||182.95|19|180.25|19
GME210507C00350000|0.03|0.13|0.03|0.12|0.08|35|-0.04|-0.3333|13|1562|1|132|0.0078|0.0004|0.0001|-0.2608|0.0025||0.10|4|0.07|2
GME210507P00350000||||194.70|194.70|35|0.00|0.0000|0|7|0|0|-0.9963|0.0002|-0.0191|-0.1209|0.0013||193.15|19|190.25|19
GME210507C00360000||||0.14|0.14|36|0.00|0.0000|11|169|0|0|0.0079|0.0004|0.0001|-0.2743|0.0025||0.09|2|0.04|12
GME210507P00360000||||201.15|201.15|36|0.00|0.0000|0|2|0|0|-0.9961|0.0003|-0.0197|-0.1340|0.0014||202.15|9|200.25|19
GME210507C00370000|0.10|0.10|0.09|0.15|0.10|37|-0.05|-0.3333|13|213|1|3|0.0089|0.0005|0.0001|-0.3202|0.0028||0.13|6|0.04|5
GME210507P00370000||||195.35|195.35|37|0.00|0.0000|0|2|0|0|-0.9963|0.0002|-0.0202|-0.1315|0.0013||213.15|21|210.25|19
GME210507C00375000|0.15|0.15|0.06|0.20|0.06|38|-0.14|-0.7000|3|576|1|5|0.0096|0.0005|0.0001|-0.3508|0.0030||0.10|3|0.06|9
GME210507P00375000||||216.20|216.20|38|0.00|0.0000|0|6|0|0|-0.9968|0.0002|-0.0205|-0.1160|0.0011||217.90|19|215.25|19
GME210507C00380000|0.12|0.12|0.06|0.14|0.07|39|-0.07|-0.5000|9|112|1|25|0.0020|0.0001|0.0000|-0.0735|0.0007||0.31|28|0.04|3
GME210507P00380000||||216.15|216.15|39|0.00|0.0000|0|2|0|0|-0.9968|0.0002|-0.0208|-0.1153|0.0011||222.90|19|220.25|19
GME210507C00390000|0.06|0.06|0.06|0.08|0.06|40|-0.02|-0.2500|26|377|1|1|0.0085|0.0004|0.0001|-0.3209|0.0027||0.08|3|0.05|4
GME210507P00390000||||||40|||0|0|0|0|-0.9976|0.0002|-0.0214|-0.0899|0.0009||232.90|19|230.25|19
GME210507C00400000|0.09|0.13|0.05|0.09|0.06|41|-0.03|-0.3333|251|2463|1|45|0.0055|0.0003|0.0000|-0.2143|0.0018||0.06|23|0.05|5
GME210507P00400000|240.00|240.00|240.00|237.00|240.00|41|3.00|0.0127|6|12|3|3|-0.9976|0.0001|-0.0219|-0.0896|0.0009||243.15|22|240.25|20
GME210507C00410000|0.09|0.14|0.09|0.07|0.10|42|0.03|0.4286|46|252|1|31|0.0054|0.0003|0.0000|-0.2148|0.0018||0.09|2|0.03|5
GME210507P00410000||||252.05|252.05|42|0.00|0.0000|0|5|0|0|-0.9977|0.0001|-0.0224|-0.0893|0.0008||252.55|20|250.25|19
GME210507C00420000|0.15|0.15|0.05|0.08|0.05|43|-0.03|-0.3750|278|1692|1|48|0.0047|0.0002|0.0000|-0.1913|0.0016||0.06|57|0.05|1
GME210507P00420000||||251.85|251.85|43|0.00|0.0000|0|1|0|0|-0.9975|0.0001|-0.0230|-0.0998|0.0009||262.55|20|260.25|19
GME210507C00430000|0.09|0.10|0.04|0.06|0.04|44|-0.02|-0.3333|1480|11196|6|468|0.0041|0.0002|0.0000|-0.1709|0.0014||0.05|73|0.04|2
GME210507P00430000||||275.00|275.00|44|0.00|0.0000|0|7|0|0|-0.9978|0.0001|-0.0235|-0.0892|0.0008||272.55|20|270.25|19
GME210514C00010000||||154.00|154.00|22|0.00|0.0000|0|0|0|0|0.9979|0.0000|0.0023|-0.0704|0.0016||149.80|19|147.55|16
GME210514P00010000||||0.01|0.01|22|0.00|0.0000|0|491|0|0|-0.0001|0.0000|0.0000|-0.0034|0.0001||0.01|41|0.00|0
GME210514C00020000||||131.15|131.15|21|0.00|0.0000|0|0|0|0|1.0000|0.0000|0.0049|0.0000|0.0000||139.80|19|137.55|16
GME210514P00020000||||0.01|0.01|21|0.00|0.0000|8|71|0|0|-0.0003|0.0000|0.0000|-0.0062|0.0003||0.03|2|0.00|0
GME210514C00030000||||124.85|124.85|20|0.00|0.0000|0|1|0|0|1.0000|0.0000|0.0074|-0.0001|0.0000||129.80|19|126.85|16
GME210514P00030000||||0.01|0.01|20|0.00|0.0000|4|228|0|0|-0.0006|0.0000|0.0000|-0.0095|0.0005||0.03|15|0.00|0
GME210514C00040000||||128.20|128.20|19|0.00|0.0000|0|1|0|0|0.9541|0.0004|0.0062|-1.1502|0.0238||119.80|19|116.85|16
GME210514P00040000|0.02|0.02|0.01|0.03|0.02|19|-0.01|-0.3333|6|459|2|17|-0.0011|0.0000|-0.0001|-0.0157|0.0009||0.01|2|0.00|0
GME210514C00050000||||113.45|113.45|18|0.00|0.0000|-2|6|0|0|0.9588|0.0006|0.0099|-0.6846|0.0218||109.80|19|106.80|1
GME210514P00050000|0.02|0.02|0.02|0.03|0.02|18|-0.01|-0.3333|13|441|20|28|-0.0018|0.0001|-0.0001|-0.0211|0.0014||0.02|27|0.01|10
GME210514C00060000|99.70|99.70|99.70|107.99|99.70|17|-8.29|-0.0768|0|5|1|1|0.9298|0.0009|0.0102|-1.1545|0.0333||99.80|20|96.80|1
GME210514P00060000|0.04|0.05|0.04|0.15|0.05|17|-0.10|-0.6667|0|396|1|4|-0.0088|0.0003|-0.0004|-0.0934|0.0059||0.05|55|0.04|3
GME210514C00070000||||92.68|92.68|16|0.00|0.0000|0|27|0|0|0.9973|0.0002|0.0171|-0.0227|0.0021||89.80|16|86.80|2
GME210514P00070000|0.10|0.10|0.07|0.09|0.07|16|-0.02|-0.2222|58|466|5|14|-0.0044|0.0002|-0.0002|-0.0371|0.0032||0.10|4|0.06|13
GME210514C00080000||||75.10|75.10|15|0.00|0.0000|-3|3|0|0|0.9947|0.0003|0.0195|-0.0376|0.0038||79.85|15|76.95|17
GME210514P00080000||||0.10|0.10|15|0.00|0.0000|-29|370|0|0|-0.0068|0.0004|-0.0003|-0.0483|0.0047||0.20|4|0.10|10
GME210514C00090000||||66.29|66.29|14|0.00|0.0000|0|8|0|0|0.9897|0.0007|0.0218|-0.0616|0.0068||69.90|15|67.00|17
GME210514P00090000||||0.16|0.16|14|0.00|0.0000|-107|144|0|0|-0.0165|0.0009|-0.0007|-0.1010|0.0102||0.33|52|0.06|44
GME210514C00100000|60.35|60.35|59.52|59.60|59.52|13|-0.08|-0.0013|0|68|1|2|0.9784|0.0014|0.0237|-0.1082|0.0128||60.00|15|57.10|17
GME210514P00100000|0.37|0.37|0.23|0.22|0.30|13|0.08|0.3636|203|665|4|10|-0.0231|0.0014|-0.0010|-0.1153|0.0135||0.32|1|0.25|2
GME210514C00110000||||50.60|50.60|12|0.00|0.0000|1|17|0|0|0.9918|0.0009|0.0268|-0.0305|0.0055||50.10|19|47.65|16
GME210514P00110000|0.40|0.40|0.36|0.33|0.37|12|0.04|0.1212|42|362|1|16|-0.0351|0.0024|-0.0015|-0.1415|0.0191||0.45|29|0.35|21
GME210514C00120000||||43.75|43.75|11|0.00|0.0000|0|16|0|0|0.9522|0.0037|0.0276|-0.1499|0.0246||40.35|16|37.45|16
GME210514P00120000|0.59|0.62|0.57|0.70|0.60|11|-0.10|-0.1429|97|742|1|44|-0.0549|0.0040|-0.0023|-0.1731|0.0274||0.62|5|0.54|10
GME210514C00130000||||32.70|32.70|10|0.00|0.0000|2|33|0|0|0.8800|0.0072|0.0270|-0.3092|0.0495||30.80|16|28.65|5
GME210514P00130000|1.01|1.31|1.00|1.14|1.09|10|-0.05|-0.0439|31|490|1|17|-0.1054|0.0072|-0.0044|-0.2579|0.0450||1.09|6|1.01|9
GME210514C00140000||||21.91|21.91|9|0.00|0.0000|0|75|0|0|0.7766|0.0108|0.0249|-0.4574|0.0739||21.90|18|19.40|16
GME210514P00140000|2.26|2.26|2.01|2.35|2.02|9|-0.33|-0.1404|46|427|1|20|-0.1968|0.0119|-0.0083|-0.3591|0.0684||2.73|19|2.03|28
GME210514C00145000||||18.20|18.20|8|0.00|0.0000|3|27|0|0|0.7167|0.0127|0.0235|-0.5013|0.0837||18.00|29|15.60|10
GME210514P00145000|3.00|3.45|3.00|3.55|3.45|8|-0.10|-0.0282|68|269|19|44|-0.2912|0.0126|-0.0126|-0.5204|0.0846||3.55|1|3.20|53
GME210514C00146000||||18.60|18.60|7|0.00|0.0000|3|19|0|0|0.7002|0.0128|0.0230|-0.5257|0.0860||17.30|24|14.70|20
GME210514P00146000||||3.93|3.93|7|0.00|0.0000|-2|32|0|0|-0.3009|0.0127|-0.0131|-0.5308|0.0861||3.95|11|3.20|39
GME210514C00147000||||17.25|17.25|6|0.00|0.0000|0|22|0|0|0.6893|0.0133|0.0227|-0.5203|0.0873||16.60|27|14.50|16
GME210514P00147000||||4.27|4.27|6|0.00|0.0000|3|70|0|0|-0.3146|0.0129|-0.0137|-0.5414|0.0878||4.75|38|3.45|34
GME210514C00148000||||17.60|17.60|5|0.00|0.0000|1|51|0|0|0.6752|0.0136|0.0224|-0.5288|0.0890||15.90|21|13.40|18
GME210514P00148000||||4.58|4.58|5|0.00|0.0000|-5|167|0|0|-0.3293|0.0131|-0.0144|-0.5559|0.0895||4.90|40|3.75|42
GME210514C00149000||||17.48|17.48|4|0.00|0.0000|1|36|0|0|0.6599|0.0137|0.0219|-0.5429|0.0906||15.25|24|13.00|17
GME210514P00149000|4.00|4.70|4.00|4.28|4.70|4|0.42|0.0981|26|211|1|6|-0.3435|0.0133|-0.0151|-0.5665|0.0910||5.25|32|4.05|63
GME210514C00150000|14.40|14.40|14.40|14.85|14.40|3|-0.45|-0.0303|9|459|1|1|0.6439|0.0137|0.0214|-0.5623|0.0922||14.65|16|12.60|15
GME210514P00150000|4.30|5.50|4.30|4.85|5.50|3|0.65|0.1340|111|1645|19|88|-0.3476|0.0161|-0.0149|-0.4715|0.0912||5.50|54|5.00|5
GME210514C00152500||||12.55|12.55|2|0.00|0.0000|0|78|0|0|0.6033|0.0145|0.0202|-0.5712|0.0951||13.15|18|11.65|5
GME210514P00152500|5.80|5.80|5.80|5.95|5.80|2|-0.15|-0.0252|8|53|1|1|-0.3929|0.0140|-0.0173|-0.5878|0.0951||6.50|22|5.35|27
GME210514C00155000|13.50|13.50|11.05|11.50|11.05|1|-0.45|-0.0391|5|189|3|18|0.5709|0.0144|0.0192|-0.5969|0.0971||11.70|18|9.85|15
GME210514P00155000|5.90|6.80|5.90|7.04|6.80|1|-0.24|-0.0341|10|159|1|6|-0.4335|0.0172|-0.0188|-0.4995|0.0971||8.15|16|6.55|37
GME210514C00157500|9.71|9.71|9.71|11.45|9.71|1|-1.74|-0.1520|-6|53|1|1|0.5343|0.0146|0.0181|-0.5998|0.0983||10.60|22|9.25|6
GME210514P00157500|8.60|8.60|8.29|8.50|8.29|1|-0.21|-0.0247|115|173|2|14|-0.4647|0.0142|-0.0208|-0.6181|0.0983||9.10|25|7.80|41
GME210514C00160000|9.50|9.50|8.60|10.20|8.90|2|-1.30|-0.1275|54|356|1|145|0.4838|0.0166|0.0167|-0.5332|0.0984||9.50|55|8.25|5
GME210514P00160000|9.25|9.93|9.25|9.80|9.50|2|-0.30|-0.0306|111|474|2|11|-0.5180|0.0169|-0.0228|-0.5208|0.0983||10.65|22|9.15|19
GME210514C00162500|8.25|9.05|7.65|7.97|7.65|3|-0.32|-0.0402|23|88|2|8|0.4594|0.0143|0.0156|-0.6105|0.0979||8.55|21|7.35|5
GME210514P00162500||||11.30|11.30|3|0.00|0.0000|12|79|0|0|-0.5319|0.0138|-0.0242|-0.6352|0.0983||12.70|33|10.75|15
GME210514C00165000|7.65|7.65|7.19|7.74|7.19|4|-0.55|-0.0711|82|305|1|6|0.4075|0.0158|0.0142|-0.5293|0.0958||7.35|63|6.55|8
GME210514P00165000|12.50|12.50|12.50|13.85|12.50|4|-1.35|-0.0975|21|215|1|1|-0.5656|0.0137|-0.0259|-0.6260|0.0973||14.55|21|12.40|17
GME210514C00167500|7.00|7.00|6.00|7.00|6.00|5|-1.00|-0.1429|||1|7|0.0000|0.0000|0.0000|0.0000|0.0000||6.70|1|5.85|12
GME210514P00167500||||||5|||||0|0|-1.0000|0.0000|-0.0413|0.0004|0.0000||16.20|19|14.15|19
GME210514C00170000|6.15|7.00|5.50|6.00|5.50|6|-0.50|-0.0833|126|794|1|44|0.3385|0.0147|0.0118|-0.5062|0.0903||5.85|16|5.25|17
GME210514P00170000|16.11|16.29|16.11|17.05|16.29|6|-0.76|-0.0446|1|100|2|3|-0.6619|0.0147|-0.0301|-0.5046|0.0902||17.50|6|16.00|19
GME210514C00172500|5.75|6.00|5.11|5.79|5.20|7|-0.59|-0.1019|33|102|1|8|0.3498|0.0124|0.0120|-0.6138|0.0916||5.40|19|4.70|16
GME210514P00172500||||16.99|16.99|7|0.00|0.0000|2|24|0|0|-0.6464|0.0122|-0.0304|-0.6268|0.0919||19.75|23|17.95|19
GME210514C00175000|5.00|5.05|4.58|5.19|5.05|8|-0.14|-0.0270|53|306|1|14|0.2872|0.0130|0.0101|-0.4962|0.0841||5.10|64|4.15|50
GME210514P00175000||||21.43|21.43|8|0.00|0.0000|6|69|0|0|-0.6661|0.0116|-0.0317|-0.6343|0.0900||21.90|16|20.00|20
GME210514C00177500|4.32|4.32|4.32|4.70|4.32|9|-0.38|-0.0809|7|121|1|1|0.2646|0.0122|0.0093|-0.4869|0.0808||4.80|32|3.95|6
GME210514P00177500|22.47|22.47|22.47|23.35|22.47|9|-0.88|-0.0377|16|38|1|2|-0.6927|0.0112|-0.0332|-0.6098|0.0869||24.40|34|22.05|19
GME210514C00180000|4.00|4.30|3.83|4.28|3.83|10|-0.45|-0.1051|94|1348|1|25|0.2481|0.0114|0.0087|-0.4878|0.0781||4.10|29|3.60|5
GME210514P00180000|24.67|24.67|24.60|25.20|24.60|10|-0.60|-0.0238|10|124|1|3|-0.7114|0.0107|-0.0345|-0.6055|0.0845||26.05|10|24.20|19
GME210514C00182500|3.87|3.87|3.87|4.30|3.87|11|-0.43|-0.1000|9|46|1|1|0.2307|0.0107|0.0081|-0.4804|0.0751||4.05|38|3.25|14
GME210514P00182500||||23.15|23.15|11|0.00|0.0000|0|6|0|0|-0.7327|0.0102|-0.0358|-0.5863|0.0814||28.50|21|26.40|18
GME210514C00185000|3.75|4.00|3.34|3.90|3.70|12|-0.20|-0.0513|30|168|1|13|0.2135|0.0101|0.0075|-0.4676|0.0718||3.40|27|2.96|12
GME210514P00185000||||26.80|26.80|12|0.00|0.0000|7|35|0|0|-0.7506|0.0098|-0.0370|-0.5730|0.0785||30.75|17|28.65|18
GME210514C00187500|3.00|3.00|3.00|4.30|3.00|13|-1.30|-0.3023|0|111|1|1|0.2304|0.0093|0.0080|-0.5516|0.0752||3.15|15|2.80|7
GME210514P00187500||||34.70|34.70|13|0.00|0.0000|0|6|0|0|-0.7597|0.0092|-0.0380|-0.5839|0.0769||33.00|17|30.95|19
GME210514C00190000|3.10|3.15|2.72|3.35|2.72|14|-0.63|-0.1881|71|225|28|87|0.1827|0.0089|0.0064|-0.4388|0.0653||2.73|25|2.59|49
GME210514P00190000||||30.05|30.05|14|0.00|0.0000|2|45|0|0|-0.7723|0.0087|-0.0390|-0.5785|0.0747||35.50|22|33.25|16
GME210514C00192500|3.00|3.17|3.00|3.41|3.17|15|-0.24|-0.0704|4|48|1|2|0.2016|0.0084|0.0070|-0.5242|0.0696||2.81|20|2.39|13
GME210514P00192500||||26.50|26.50|15|0.00|0.0000|0|2|0|0|-0.7884|0.0083|-0.0402|-0.5577|0.0716||38.00|17|35.60|18
GME210514C00195000|2.60|2.60|2.60|2.91|2.60|16|-0.31|-0.1065|10|133|1|1|0.1887|0.0080|0.0065|-0.5099|0.0668||2.57|14|2.22|16
GME210514P00195000||||30.25|30.25|16|0.00|0.0000|0|2|0|0|-0.8034|0.0079|-0.0413|-0.5364|0.0685||39.60|5|37.95|18
GME210514C00197500|2.47|2.47|2.47|2.69|2.47|17|-0.22|-0.0818|-1|57|1|1|0.1523|0.0074|0.0053|-0.4167|0.0581||2.57|40|2.25|1
GME210514P00197500||||40.00|40.00|17|0.00|0.0000|0|5|0|0|-0.8121|0.0076|-0.0422|-0.5339|0.0667||41.90|7|40.30|16
GME210514C00200000|2.77|2.77|2.20|2.52|2.27|18|-0.25|-0.0992|148|1507|3|89|0.1463|0.0070|0.0051|-0.4172|0.0566||2.31|102|2.11|5
GME210514P00200000||||33.35|33.35|18|0.00|0.0000|0|41|0|0|-0.8260|0.0072|-0.0433|-0.5101|0.0635||44.40|7|42.70|18
GME210514C00202500|2.28|2.28|2.18|2.96|2.18|19|-0.78|-0.2635|0|95|1|2|0.1356|0.0066|0.0047|-0.4000|0.0537||2.22|15|2.02|5
GME210514P00202500||||55.29|55.29|19|0.00|0.0000|0|1|0|0|-0.8357|0.0068|-0.0443|-0.4982|0.0612||46.90|7|45.10|18
GME210514C00205000|2.11|2.15|2.11|2.45|2.15|20|-0.30|-0.1224|5|78|19|30|0.1276|0.0062|0.0045|-0.3894|0.0515||2.22|27|1.92|34
GME210514P00205000||||34.55|34.55|20|0.00|0.0000|0|1|0|0|-0.8415|0.0065|-0.0451|-0.4982|0.0598||49.15|7|47.50|17
GME210514C00207500||||2.35|2.35|21|0.00|0.0000|6|46|0|0|0.1455|0.0062|0.0050|-0.4697|0.0565||2.19|36|1.90|5
GME210514P00207500||||56.25|56.25|21|0.00|0.0000|0|6|0|0|-0.8481|0.0062|-0.0459|-0.4936|0.0581||51.65|7|49.90|18
GME210514C00210000|2.00|2.10|2.00|2.22|2.10|22|-0.12|-0.0541|-2|359|1|2|0.1168|0.0056|0.0041|-0.3812|0.0484||2.10|38|1.80|5
GME210514P00210000||||51.00|51.00|22|0.00|0.0000|-2|12|0|0|-0.8536|0.0059|-0.0467|-0.4913|0.0567||54.15|8|52.35|18
GME210514C00212500|1.90|1.90|1.90|2.44|1.90|23|-0.54|-0.2213|3|33|1|1|0.1347|0.0056|0.0047|-0.4634|0.0536||2.10|41|1.74|5
GME210514P00212500||||||23|||0|0|0|0|-0.8598|0.0057|-0.0476|-0.4846|0.0551||56.45|5|54.75|18
GME210514C00215000|2.15|2.15|1.72|2.33|1.72|24|-0.61|-0.2618|9|123|1|5|0.1091|0.0051|0.0038|-0.3795|0.0461||1.91|33|1.68|21
GME210514P00215000||||47.87|47.87|24|0.00|0.0000|0|1|0|0|-0.8639|0.0055|-0.0483|-0.4850|0.0540||58.95|6|57.20|18
GME210514C00217500|2.01|2.01|2.00|4.05|2.00|25|-2.05|-0.5062|0|36|1|2|0.1058|0.0049|0.0037|-0.3791|0.0451||1.90|57|1.63|34
GME210514P00217500||||||25|||0|0|0|0|-0.8691|0.0052|-0.0491|-0.4792|0.0526||61.45|6|59.65|16
GME210514C00220000|1.95|2.12|1.69|1.90|1.73|26|-0.17|-0.0895|15|158|1|10|0.1153|0.0049|0.0040|-0.4292|0.0481||1.82|17|1.60|20
GME210514P00220000||||62.50|62.50|26|0.00|0.0000|0|12|0|0|-0.8752|0.0050|-0.0500|-0.4685|0.0508||63.95|6|62.10|17
GME210514C00225000|1.82|1.82|1.59|2.10|1.63|27|-0.47|-0.2238|8|225|1|10|0.0945|0.0043|0.0033|-0.3667|0.0415||1.72|38|1.52|18
GME210514P00225000||||74.70|74.70|27|0.00|0.0000|0|1|0|0|-0.8863|0.0046|-0.0516|-0.4479|0.0476||68.95|8|67.00|16
GME210514C00230000|1.76|1.79|1.67|1.80|1.79|28|-0.01|-0.0056|14|664|1|3|0.0894|0.0040|0.0031|-0.3645|0.0399||1.70|48|1.44|33
GME210514P00230000||||70.75|70.75|28|0.00|0.0000|0|1|0|0|-0.8946|0.0042|-0.0531|-0.4350|0.0451||73.95|9|71.90|15
GME210514C00240000|1.61|1.69|1.41|1.60|1.43|29|-0.17|-0.1063|3|184|2|14|0.0818|0.0035|0.0028|-0.3652|0.0373||1.56|40|1.33|27
GME210514P00240000||||78.63|78.63|29|0.00|0.0000|0|100|0|0|-0.9076|0.0037|-0.0560|-0.4147|0.0409||83.95|16|81.80|16
GME210514C00250000|1.46|1.46|1.30|1.45|1.36|30|-0.09|-0.0621|24|562|1|33|0.0719|0.0030|0.0025|-0.3461|0.0338||1.32|2|1.25|5
GME210514P00250000||||90.40|90.40|30|0.00|0.0000|0|113|0|0|-0.9167|0.0032|-0.0588|-0.4032|0.0379||93.95|16|91.65|16
GME210514C00260000|1.26|1.26|1.22|1.45|1.25|31|-0.20|-0.1379|0|159|2|9|0.0652|0.0027|0.0022|-0.3357|0.0314||1.34|24|1.16|21
GME210514P00260000||||92.45|92.45|31|0.00|0.0000|0|8|0|0|-0.9240|0.0029|-0.0615|-0.3936|0.0353||103.65|9|101.55|16
GME210514C00270000|1.25|1.25|1.15|1.35|1.15|32|-0.20|-0.1481|8|108|2|6|0.0596|0.0024|0.0020|-0.3261|0.0292||1.20|12|1.10|10
GME210514P00270000||||110.95|110.95|32|0.00|0.0000|1|2|0|0|-0.9319|0.0026|-0.0643|-0.3743|0.0325||113.65|16|111.50|16
GME210514C00280000||||1.17|1.17|33|0.00|0.0000|5|177|0|0|0.0552|0.0022|0.0019|-0.3197|0.0275||1.20|59|1.02|28
GME210514P00280000||||||33|||0|0|0|0|-0.9390|0.0023|-0.0670|-0.3539|0.0299||123.65|16|121.40|16
GME210514C00290000|1.10|1.10|1.02|1.15|1.05|34|-0.10|-0.0870|37|530|1|9|0.0508|0.0020|0.0017|-0.3088|0.0258||1.11|39|1.01|2
GME210514P00290000||||||34|||0|0|0|0|-0.9449|0.0021|-0.0696|-0.3357|0.0276||133.65|15|131.35|15
GME210514C00300000|1.04|1.10|0.96|1.07|0.97|35|-0.10|-0.0935|148|2169|3|56|0.0486|0.0018|0.0016|-0.3102|0.0249||0.98|1|0.96|1
GME210514P00300000||||132.95|132.95|35|0.00|0.0000|0|1|0|0|-0.9499|0.0019|-0.0723|-0.3195|0.0256||143.10|5|141.30|16
GME210514C00310000|1.08|1.08|0.94|1.02|0.95|36|-0.07|-0.0686|6|588|1|8|0.0470|0.0017|0.0016|-0.3134|0.0242||0.95|35|0.84|20
GME210514P00310000||||152.50|152.50|36|0.00|0.0000|0|1|0|0|-0.9535|0.0017|-0.0749|-0.3090|0.0241||153.10|8|151.20|16
GME210514C00320000|0.92|0.92|0.92|1.01|0.92|37|-0.09|-0.0891|7|161|2|2|0.0440|0.0016|0.0015|-0.3049|0.0230||0.91|32|0.80|48
GME210514P00320000||||||37|||0|0|0|0|-0.9566|0.0016|-0.0774|-0.2997|0.0228||163.10|5|161.15|16
GME210514C00330000|0.89|0.89|0.82|0.91|0.82|38|-0.09|-0.0989|1|51|1|2|0.0372|0.0014|0.0013|-0.2671|0.0201||0.90|32|0.75|18
GME210514P00330000||||||38|||0|0|0|0|-0.9588|0.0015|-0.0800|-0.2951|0.0218||173.10|4|171.10|16
GME210514C00340000||||0.86|0.86|39|0.00|0.0000|23|78|0|0|0.0378|0.0013|0.0013|-0.2808|0.0203||0.89|16|0.69|13
GME210514P00340000||||||39|||0|0|0|0|-0.9589|0.0014|-0.0825|-0.3056|0.0218||183.10|2|181.05|16
GME210514C00350000|0.78|0.85|0.70|0.78|0.70|40|-0.08|-0.1026|-15|585|1|21|0.0344|0.0012|0.0012|-0.2641|0.0188||0.74|3|0.70|1
GME210514P00350000||||||40|||0|0|0|0|-0.9611|0.0013|-0.0850|-0.2981|0.0208||194.00|2|191.00|16
GME210514C00360000|0.73|0.73|0.73|0.77|0.73|41|-0.04|-0.0519|21|87|2|2|0.0315|0.0011|0.0011|-0.2489|0.0175||0.74|6|0.58|17
GME210514P00360000||||190.70|190.70|41|0.00|0.0000|0|2|0|0|-0.9668|0.0012|-0.0877|-0.2618|0.0183||203.60|16|200.95|16
GME210514C00370000|0.89|0.89|0.63|0.74|0.63|42|-0.11|-0.1486|6|65|5|19|0.0295|0.0010|0.0010|-0.2400|0.0166||0.68|3|0.58|13
GME210514P00370000||||195.60|195.60|42|0.00|0.0000|0|2|0|0|-0.9692|0.0011|-0.0902|-0.2492|0.0172||213.60|17|210.90|16
GME210514C00380000|0.62|0.80|0.62|0.60|0.63|43|0.03|0.0500|31|101|1|9|0.0280|0.0010|0.0009|-0.2336|0.0159||0.64|3|0.54|14
GME210514P00380000||||||43|||0|0|0|0|-0.9714|0.0010|-0.0927|-0.2377|0.0162||223.85|16|220.85|16
GME210514C00390000|0.63|0.80|0.57|0.63|0.60|44|-0.03|-0.0476|313|2134|2|172|0.0275|0.0009|0.0009|-0.2356|0.0156||0.58|2|0.56|2
GME210514P00390000||||||44|||0|0|0|0|-0.9734|0.0009|-0.0953|-0.2271|0.0152||233.80|15|230.85|15
GME210521C00005000||||172.30|172.30|31|0.00|0.0000|0|3|0|0|0.9999|0.0000|0.0022|-0.0013|0.0001||154.80|16|152.55|16
GME210521P00005000||||0.01|0.01|31|0.00|0.0000|0|1427|0|0|0.0000|0.0000|0.0000|-0.0007|0.0001||0.01|194|0.00|0
GME210521C00010000||||182.50|182.50|30|0.00|0.0000|0|0|0|0|1.0000|0.0000|0.0044|0.0000|0.0000||149.80|16|147.55|16
GME210521P00010000||||0.01|0.01|30|0.00|0.0000|0|997|0|0|-0.0003|0.0000|0.0000|-0.0052|0.0004||0.02|18|0.00|0
GME210521C00015000||||||29|||0|0|0|0|1.0000|0.0000|0.0066|0.0000|0.0000||144.80|16|142.55|16
GME210521P00015000|0.01|0.01|0.01|0.02|0.01|29|-0.01|-0.5000|0|385|79|79|-0.0005|0.0000|0.0000|-0.0073|0.0006||0.03|2|0.00|0
GME210521C00020000||||164.80|164.80|28|0.00|0.0000|0|2|0|0|0.9795|0.0002|0.0051|-0.4440|0.0163||139.80|16|137.55|16
GME210521P00020000|0.02|0.02|0.01|0.04|0.02|28|-0.02|-0.5000|-82|1072|1|15|-0.0007|0.0000|-0.0001|-0.0087|0.0008||0.02|50|0.01|50
GME210521C00025000||||130.86|130.86|27|0.00|0.0000|0|1|0|0|0.9989|0.0000|0.0109|-0.0119|0.0012||134.80|16|131.75|2
GME210521P00025000|0.03|0.03|0.03|0.03|0.03|27|0.00|0.0000|3|949|2|2|-0.0008|0.0000|-0.0001|-0.0088|0.0009||0.07|1|0.01|100
GME210521C00030000||||131.10|131.10|26|0.00|0.0000|-2|0|0|0|0.9836|0.0003|0.0114|-0.2059|0.0135||129.80|16|126.75|2
GME210521P00030000|0.06|0.06|0.06|0.03|0.06|26|0.03|1.0000|-49|12121|1|1|-0.0012|0.0000|-0.0001|-0.0116|0.0013||0.04|1|0.02|50
GME210521C00035000||||123.30|123.30|25|0.00|0.0000|0|25|0|0|0.9606|0.0004|0.0094|-0.6158|0.0281||124.80|16|121.75|2
GME210521P00035000|0.05|0.05|0.05|0.04|0.05|25|0.01|0.2500|-2|737|25|25|-0.0025|0.0001|-0.0002|-0.0231|0.0026||0.11|3|0.05|4
GME210521C00040000||||140.25|140.25|24|0.00|0.0000|0|5|0|0|0.9556|0.0003|0.0061|-0.9671|0.0309||119.80|16|116.75|2
GME210521P00040000||||0.05|0.05|24|0.00|0.0000|1|10436|0|0|-0.0030|0.0001|-0.0002|-0.0248|0.0030||0.08|8|0.05|6
GME210521C00045000||||107.84|107.84|23|0.00|0.0000|-41|3|0|0|0.9977|0.0001|0.0195|-0.0172|0.0024||114.80|16|111.75|2
GME210521P00045000|0.10|0.10|0.09|0.10|0.09|23|-0.01|-0.1000|12|709|1|3|-0.0038|0.0001|-0.0003|-0.0287|0.0037||0.10|22|0.06|1
GME210521C00050000||||105.45|105.45|22|0.00|0.0000|-40|30|0|0|0.9395|0.0004|0.0081|-1.1108|0.0395||109.80|16|106.75|2
GME210521P00050000|0.14|0.14|0.13|0.11|0.13|22|0.02|0.1818|-46|17311|50|52|-0.0048|0.0002|-0.0004|-0.0331|0.0046||0.16|5|0.12|1
GME210521C00055000|104.13|104.13|104.13|106.25|104.13|21|-2.12|-0.0200|-27|12|1|1|0.9714|0.0006|0.0215|-0.2160|0.0215||104.80|15|101.90|17
GME210521P00055000||||0.16|0.16|21|0.00|0.0000|0|326|0|0|-0.0048|0.0002|-0.0004|-0.0305|0.0046||0.18|6|0.12|4
GME210521C00060000||||102.33|102.33|20|0.00|0.0000|0|70|0|0|0.9952|0.0002|0.0259|-0.0278|0.0046||99.85|16|96.90|16
GME210521P00060000||||0.17|0.17|20|0.00|0.0000|-12|4413|0|0|-0.0087|0.0003|-0.0007|-0.0519|0.0078||0.19|4|0.15|5
GME210521C00065000|94.55|94.55|94.55|97.36|94.55|19|-2.81|-0.0289|0|95|1|1|0.9948|0.0003|0.0281|-0.0277|0.0049||94.85|16|92.20|16
GME210521P00065000||||0.20|0.20|19|0.00|0.0000|-1|218|0|0|-0.0088|0.0004|-0.0007|-0.0480|0.0079||0.21|4|0.18|3
GME210521C00070000||||92.83|92.83|18|0.00|0.0000|0|60|0|0|0.9905|0.0004|0.0299|-0.0475|0.0084||89.90|16|87.80|5
GME210521P00070000||||0.22|0.22|18|0.00|0.0000|-10|5253|0|0|-0.0119|0.0005|-0.0009|-0.0598|0.0102||0.24|6|0.21|4
GME210521C00075000||||80.70|80.70|17|0.00|0.0000|0|23|0|0|0.9910|0.0005|0.0322|-0.0406|0.0080||84.95|16|82.30|16
GME210521P00075000|0.26|0.26|0.26|0.25|0.26|17|0.01|0.0400|-9|366|3|5|-0.0154|0.0007|-0.0012|-0.0711|0.0127||0.27|5|0.24|11
GME210521C00080000||||79.74|79.74|16|0.00|0.0000|0|60|0|0|0.9872|0.0006|0.0341|-0.0536|0.0109||79.95|16|77.85|5
GME210521P00080000|0.30|0.30|0.30|0.32|0.30|16|-0.02|-0.0625|-44|5394|5|5|-0.0163|0.0008|-0.0013|-0.0692|0.0134||0.32|7|0.29|14
GME210521C00085000||||75.77|75.77|15|0.00|0.0000|0|66|0|0|0.9867|0.0007|0.0362|-0.0502|0.0112||75.05|16|72.00|2
GME210521P00085000||||0.35|0.35|15|0.00|0.0000|3|261|0|0|-0.0209|0.0010|-0.0016|-0.0816|0.0166||0.38|6|0.35|1
GME210521C00090000|71.15|71.15|71.15|71.96|71.15|14|-0.81|-0.0113|-4|91|3|3|0.9936|0.0005|0.0390|-0.0213|0.0060||70.10|19|67.10|2
GME210521P00090000|0.40|0.40|0.40|0.41|0.40|14|-0.01|-0.0244|16|3093|1|1|-0.0249|0.0012|-0.0019|-0.0887|0.0192||0.48|30|0.39|3
GME210521C00095000||||66.00|66.00|13|0.00|0.0000|-10|24|0|0|0.9721|0.0014|0.0395|-0.0903|0.0211||65.20|16|62.20|2
GME210521P00095000||||0.55|0.55|13|0.00|0.0000|1|189|0|0|-0.0291|0.0015|-0.0023|-0.0942|0.0219||0.59|37|0.35|77
GME210521C00100000||||62.40|62.40|12|0.00|0.0000|-9|299|0|0|0.9647|0.0018|0.0411|-0.1043|0.0257||60.35|16|57.75|16
GME210521P00100000|0.60|0.78|0.60|0.66|0.60|12|-0.06|-0.0909|30|6060|1|19|-0.0377|0.0019|-0.0029|-0.1110|0.0270||0.72|59|0.55|51
GME210521C00105000||||69.70|69.70|11|0.00|0.0000|0|82|0|0|0.9573|0.0023|0.0427|-0.1141|0.0300||55.50|16|53.10|16
GME210521P00105000|0.80|0.80|0.80|0.79|0.80|11|0.01|0.0127|6|195|10|12|-0.0455|0.0023|-0.0035|-0.1222|0.0315||0.89|41|0.60|63
GME210521C00110000||||51.50|51.50|10|0.00|0.0000|-1|71|0|0|0.9480|0.0028|0.0442|-0.1250|0.0351||50.70|16|48.60|6
GME210521P00110000|1.04|1.04|0.86|1.00|0.90|10|-0.10|-0.1000|37|932|1|5|-0.0618|0.0031|-0.0048|-0.1510|0.0401||1.04|16|0.89|22
GME210521C00115000||||46.60|46.60|9|0.00|0.0000|0|215|0|0|0.9335|0.0036|0.0453|-0.1440|0.0425||45.95|16|43.95|6
GME210521P00115000|1.20|1.20|1.20|1.35|1.20|9|-0.15|-0.1111|-5|472|1|1|-0.0762|0.0038|-0.0059|-0.1690|0.0472||1.40|73|1.04|69
GME210521C00120000||||44.20|44.20|8|0.00|0.0000|7|126|0|0|0.9127|0.0046|0.0459|-0.1704|0.0523||41.35|16|39.10|5
GME210521P00120000|1.51|1.71|1.46|1.66|1.59|8|-0.07|-0.0422|-89|2290|26|118|-0.0996|0.0048|-0.0077|-0.1984|0.0576||1.71|34|1.47|54
GME210521C00125000||||38.50|38.50|7|0.00|0.0000|0|72|0|0|0.8801|0.0059|0.0455|-0.2134|0.0659||36.80|20|34.10|20
GME210521P00125000|2.10|2.19|2.10|2.24|2.19|7|-0.05|-0.0223|16|830|1|6|-0.1305|0.0060|-0.0101|-0.2358|0.0698||2.26|37|2.00|48
GME210521C00130000||||28.50|28.50|6|0.00|0.0000|0|79|0|0|0.8413|0.0071|0.0447|-0.2565|0.0798||32.50|1|30.35|16
GME210521P00130000|2.65|2.65|2.65|2.93|2.65|6|-0.28|-0.0956|-8|621|10|10|-0.1601|0.0071|-0.0125|-0.2595|0.0803||3.05|22|2.78|5
GME210521C00135000||||27.55|27.55|5|0.00|0.0000|1|122|0|0|0.7978|0.0085|0.0434|-0.2939|0.0929||28.40|17|25.75|22
GME210521P00135000||||3.82|3.82|5|0.00|0.0000|27|1264|0|0|-0.2053|0.0085|-0.0160|-0.2960|0.0936||3.95|1|3.55|94
GME210521C00140000|26.00|26.00|24.12|25.05|24.12|4|-0.93|-0.0371|3|413|1|2|0.7527|0.0099|0.0420|-0.3150|0.1042||24.65|19|22.45|15
GME210521P00140000|5.00|5.30|5.00|5.03|5.00|4|-0.03|-0.0060|20|1047|1|12|-0.2517|0.0097|-0.0198|-0.3271|0.1052||5.40|14|4.70|77
GME210521C00145000||||22.70|22.70|3|0.00|0.0000|1|223|0|0|0.6918|0.0107|0.0391|-0.3610|0.1160||21.30|17|18.95|21
GME210521P00145000|6.50|6.50|6.50|6.56|6.50|3|-0.06|-0.0091|4|351|7|7|-0.3078|0.0108|-0.0244|-0.3591|0.1160||7.05|10|6.15|103
GME210521C00150000|18.79|18.79|17.58|17.60|17.59|2|-0.01|-0.0006|-9|685|4|31|0.6327|0.0116|0.0363|-0.3839|0.1242||18.30|18|16.90|5
GME210521P00150000|8.00|8.50|8.00|8.70|8.50|2|-0.20|-0.0230|43|1560|5|15|-0.3713|0.0116|-0.0297|-0.3852|0.1244||9.45|59|8.05|91
GME210521C00155000|14.30|14.30|14.30|16.10|14.30|1|-1.80|-0.1118|-9|169|1|1|0.5677|0.0120|0.0329|-0.4040|0.1294||15.70|24|14.30|5
GME210521P00155000||||11.30|11.30|1|0.00|0.0000|3|279|0|0|-0.4320|0.0118|-0.0351|-0.4093|0.1294||11.95|69|10.45|81
GME210521C00160000|13.13|13.49|12.25|13.00|12.25|1|-0.75|-0.0577|20|719|1|12|0.5098|0.0118|0.0298|-0.4223|0.1312||13.50|68|12.00|16
GME210521P00160000|13.20|13.80|13.20|13.83|13.80|1|-0.03|-0.0022|28|780|1|31|-0.4910|0.0119|-0.0404|-0.4176|0.1312||14.40|1|13.50|102
GME210521C00165000|13.00|13.00|10.69|11.55|11.00|2|-0.55|-0.0476|263|986|1|12|0.4493|0.0120|0.0266|-0.4077|0.1302||11.55|64|10.40|15
GME210521P00165000|17.00|17.00|17.00|17.00|17.00|2|0.00|0.0000|-3|441|1|1|-0.5425|0.0116|-0.0453|-0.4225|0.1308||17.70|22|16.30|73
GME210521C00170000|9.63|9.63|9.63|9.90|9.63|3|-0.27|-0.0273|22|443|2|2|0.4058|0.0112|0.0241|-0.4191|0.1279||9.95|65|8.60|34
GME210521P00170000|19.80|20.71|19.80|20.41|20.71|3|0.30|0.0147|1|198|1|10|-0.5956|0.0113|-0.0505|-0.4149|0.1278||22.00|16|20.05|28
GME210521C00175000|8.40|8.50|8.00|8.45|8.19|4|-0.26|-0.0308|44|902|1|7|0.3607|0.0104|0.0214|-0.4201|0.1232||8.50|64|7.45|40
GME210521P00175000|22.50|24.05|22.50|22.72|24.05|4|1.33|0.0585|3|644|2|3|-0.6433|0.0106|-0.0555|-0.4104|0.1227||24.95|1|23.55|21
GME210521C00180000|7.60|7.75|7.00|7.75|7.00|5|-0.75|-0.0968|-4|576|4|15|0.3165|0.0099|0.0189|-0.4008|0.1171||6.95|1|6.75|1
GME210521P00180000|27.93|27.93|27.20|28.87|27.77|5|-1.10|-0.0381|-7|625|12|31|-0.6819|0.0098|-0.0599|-0.4038|0.1174||29.95|32|27.50|19
GME210521C00185000|6.20|6.30|6.20|6.72|6.30|6|-0.42|-0.0625|8|221|5|6|0.2822|0.0091|0.0169|-0.3901|0.1112||6.55|31|5.85|17
GME210521P00185000||||30.63|30.63|6|0.00|0.0000|4|572|0|0|-0.7125|0.0091|-0.0639|-0.3972|0.1124||34.00|18|31.65|19
GME210521C00190000|5.50|5.72|5.50|6.01|5.72|7|-0.29|-0.0483|6|412|1|2|0.2581|0.0084|0.0154|-0.3900|0.1063||5.80|25|5.00|21
GME210521P00190000|37.20|37.20|36.05|36.74|36.23|7|-0.51|-0.0139|0|207|2|5|-0.7345|0.0083|-0.0674|-0.4025|0.1081||38.15|16|35.90|15
GME210521C00195000|5.10|5.20|5.00|5.16|5.20|8|0.04|0.0078|-16|276|1|6|0.2306|0.0077|0.0138|-0.3739|0.1001||5.20|30|4.75|4
GME210521P00195000||||44.65|44.65|8|0.00|0.0000|0|65|0|0|-0.7639|0.0077|-0.0713|-0.3827|0.1016||42.75|16|40.65|23
GME210521C00200000|5.95|5.95|4.47|4.75|4.47|9|-0.28|-0.0589|204|4006|1|33|0.2081|0.0071|0.0125|-0.3606|0.0943||4.60|3|4.30|27
GME210521P00200000||||45.50|45.50|9|0.00|0.0000|-3|418|0|0|-0.7811|0.0071|-0.0746|-0.3822|0.0974||47.35|16|45.95|5
GME210521C00210000|3.90|4.05|3.85|3.95|4.05|10|0.10|0.0253|48|485|2|23|0.1751|0.0061|0.0105|-0.3432|0.0848||4.15|62|3.65|6
GME210521P00210000||||54.21|54.21|10|0.00|0.0000|-1|50|0|0|-0.8166|0.0061|-0.0811|-0.3607|0.0875||57.10|18|54.20|23
GME210521C00220000|3.95|3.95|3.45|3.80|3.45|11|-0.35|-0.0921|-3|525|1|2|0.1543|0.0052|0.0092|-0.3377|0.0782||3.70|41|3.20|5
GME210521P00220000||||65.17|65.17|11|0.00|0.0000|0|55|0|0|-0.8476|0.0052|-0.0873|-0.3310|0.0777||66.60|1|63.70|23
GME210521C00230000|3.00|3.01|3.00|3.15|3.01|12|-0.14|-0.0444|119|494|1|4|0.1301|0.0045|0.0078|-0.3104|0.0696||3.25|63|2.87|23
GME210521P00230000||||67.91|67.91|12|0.00|0.0000|0|41|0|0|-0.8692|0.0045|-0.0930|-0.3107|0.0700||75.15|5|73.35|16
GME210521C00240000|2.76|2.76|2.76|2.87|2.76|13|-0.11|-0.0383|-91|386|5|5|0.1177|0.0040|0.0070|-0.3052|0.0649||2.96|49|2.61|31
GME210521P00240000||||74.20|74.20|13|0.00|0.0000|0|28|0|0|-0.8851|0.0040|-0.0983|-0.2961|0.0640||85.15|5|83.05|18
GME210521C00250000|2.71|2.75|2.51|2.61|2.51|14|-0.10|-0.0383|42|2740|1|7|0.1068|0.0036|0.0063|-0.2979|0.0606||2.64|14|2.41|6
GME210521P00250000||||92.42|92.42|14|0.00|0.0000|-6|44|0|0|-0.8959|0.0035|-0.1034|-0.2886|0.0596||95.15|16|92.85|25
GME210521C00260000|2.42|2.42|2.31|2.70|2.31|15|-0.39|-0.1444|4|475|12|25|0.1005|0.0032|0.0059|-0.2998|0.0579||2.38|12|2.23|7
GME210521P00260000||||97.55|97.55|15|0.00|0.0000|0|37|0|0|-0.9012|0.0032|-0.1081|-0.2934|0.0574||105.15|19|102.65|1
GME210521C00270000||||2.58|2.58|16|0.00|0.0000|1|229|0|0|0.0966|0.0030|0.0057|-0.3060|0.0564||2.35|40|2.12|29
GME210521P00270000||||111.30|111.30|16|0.00|0.0000|0|23|0|0|-0.9005|0.0030|-0.1125|-0.3152|0.0576||114.50|7|112.40|2
GME210521C00280000|2.23|2.23|2.23|2.38|2.23|17|-0.15|-0.0630|-4|1460|1|1|0.0891|0.0027|0.0052|-0.2979|0.0530||2.23|59|2.02|29
GME210521P00280000||||121.72|121.72|17|0.00|0.0000|-1|25|0|0|-0.9028|0.0028|-0.1171|-0.3258|0.0567||125.10|16|122.40|1
GME210521C00290000||||2.15|2.15|18|0.00|0.0000|-8|186|0|0|0.0828|0.0025|0.0048|-0.2904|0.0503||2.17|38|1.93|25
GME210521P00290000||||138.10|138.10|18|0.00|0.0000|0|20|0|0|-0.9099|0.0026|-0.1219|-0.3169|0.0536||135.10|19|132.35|16
GME210521C00300000|2.20|2.20|1.90|2.02|1.90|19|-0.12|-0.0594|-18|3593|1|66|0.0773|0.0023|0.0045|-0.2834|0.0476||1.97|13|1.85|6
GME210521P00300000||||146.59|146.59|19|0.00|0.0000|0|3298|0|0|-0.9231|0.0023|-0.1270|-0.2811|0.0476||144.80|16|142.25|17
GME210521C00310000|1.88|1.88|1.85|1.95|1.85|20|-0.10|-0.0513|19|188|1|2|0.0722|0.0021|0.0042|-0.2758|0.0453||1.97|57|1.75|37
GME210521P00310000||||136.10|136.10|20|0.00|0.0000|0|34|0|0|-0.9216|0.0022|-0.1313|-0.2995|0.0483||154.05|7|152.15|16
GME210521C00320000||||2.00|2.00|21|0.00|0.0000|4|128|0|0|0.0685|0.0020|0.0040|-0.2718|0.0434||1.91|46|1.70|27
GME210521P00320000||||150.95|150.95|21|0.00|0.0000|0|25|0|0|-0.9311|0.0020|-0.1363|-0.2724|0.0437||163.95|7|162.10|16
GME210521C00330000||||1.71|1.71|22|0.00|0.0000|3|242|0|0|0.0651|0.0019|0.0038|-0.2677|0.0418||1.82|52|1.63|6
GME210521P00330000||||160.65|160.65|22|0.00|0.0000|0|31|0|0|-0.9332|0.0019|-0.1408|-0.2742|0.0427||173.95|7|172.00|16
GME210521C00340000|1.76|1.81|1.60|1.75|1.60|23|-0.15|-0.0857|0|254|1|3|0.0632|0.0018|0.0036|-0.2687|0.0408||1.77|63|1.57|33
GME210521P00340000||||196.30|196.30|23|0.00|0.0000|0|8|0|0|-0.9355|0.0018|-0.1453|-0.2735|0.0415||183.95|3|181.95|1
GME210521C00350000|1.55|1.55|1.55|1.70|1.55|24|-0.15|-0.0882|21|559|1|1|0.0602|0.0017|0.0035|-0.2643|0.0393||1.65|21|1.51|17
GME210521P00350000||||180.45|180.45|24|0.00|0.0000|0|101|0|0|-0.9388|0.0017|-0.1499|-0.2679|0.0399||193.95|3|191.90|16
GME210521C00360000|1.55|1.55|1.55|1.62|1.55|25|-0.07|-0.0432|20|130|1|1|0.0585|0.0016|0.0034|-0.2643|0.0384||1.64|44|1.39|29
GME210521P00360000||||200.40|200.40|25|0.00|0.0000|0|9|0|0|-0.9395|0.0016|-0.1543|-0.2730|0.0396||204.45|16|201.85|16
GME210521C00370000|1.48|1.48|1.48|1.73|1.48|26|-0.25|-0.1445|-5|196|1|1|0.0572|0.0015|0.0033|-0.2659|0.0378||1.64|64|1.38|33
GME210521P00370000||||216.60|216.60|26|0.00|0.0000|0|5|0|0|-0.9395|0.0016|-0.1587|-0.2806|0.0395||214.40|16|211.80|16
GME210521C00380000|1.55|1.59|1.55|1.55|1.59|27|0.04|0.0258|1|133|1|2|0.0554|0.0015|0.0032|-0.2643|0.0368||1.58|70|1.37|28
GME210521P00380000||||228.10|228.10|27|0.00|0.0000|0|38|0|0|-0.9401|0.0015|-0.1632|-0.2856|0.0392||224.35|16|221.75|16
GME210521C00390000||||1.54|1.54|28|0.00|0.0000|-5|140|0|0|0.0546|0.0014|0.0031|-0.2673|0.0365||1.55|32|1.34|5
GME210521P00390000||||220.70|220.70|28|0.00|0.0000|0|5|0|0|-0.9439|0.0015|-0.1678|-0.2736|0.0372||234.30|16|231.70|16
GME210521C00400000|1.44|1.47|1.35|1.45|1.35|29|-0.10|-0.0690|-42|2448|1|14|0.0523|0.0014|0.0030|-0.2618|0.0352||1.43|19|1.29|21
GME210521P00400000||||223.15|223.15|29|0.00|0.0000|0|957|0|0|-0.9447|0.0014|-0.1722|-0.2764|0.0368||243.55|8|241.65|16
GME210521C00410000||||1.40|1.40|30|0.00|0.0000|2|225|0|0|0.0489|0.0013|0.0028|-0.2501|0.0333||1.39|14|1.26|6
GME210521P00410000||||241.15|241.15|30|0.00|0.0000|0|18|0|0|-0.9482|0.0013|-0.1768|-0.2642|0.0350||253.55|4|251.60|16
GME210521C00420000|1.46|1.46|1.28|1.38|1.30|31|-0.08|-0.0580|12|830|1|10|0.0474|0.0012|0.0027|-0.2479|0.0325||1.36|50|1.22|11
GME210521P00420000||||245.18|245.18|31|0.00|0.0000|0|47|0|0|-0.9526|0.0012|-0.1814|-0.2465|0.0326||263.45|6|261.55|16
GME210521C00430000|1.40|1.45|1.21|1.32|1.23|32|-0.09|-0.0682|125|3685|1|83|0.0456|0.0012|0.0026|-0.2434|0.0315||1.28|1|1.21|10
GME210521P00430000||||253.15|253.15|32|0.00|0.0000|0|536|0|0|-0.9551|0.0012|-0.1859|-0.2386|0.0312||273.45|9|271.40|2
GME210528C00010000||||136.27|136.27|22|0.00|0.0000|0|0|0|0|0.9972|0.0000|0.0058|-0.0389|0.0034||149.80|5|146.85|5
GME210528P00010000||||0.02|0.02|22|0.00|0.0000|-1|224|0|0|-0.0006|0.0000|-0.0001|-0.0066|0.0008||0.03|2|0.01|184
GME210528C00020000||||||21|||0|0|0|0|1.0000|0.0000|0.0126|-0.0001|0.0000||139.80|5|136.85|5
GME210528P00020000||||0.05|0.05|21|0.00|0.0000|29|73|0|0|-0.0011|0.0000|-0.0001|-0.0100|0.0015||0.07|15|0.02|2
GME210528C00030000||||149.55|149.55|20|0.00|0.0000|0|0|0|0|0.9723|0.0002|0.0052|-0.5472|0.0251||129.80|5|127.10|5
GME210528P00030000||||0.10|0.10|20|0.00|0.0000|0|558|0|0|-0.0029|0.0001|-0.0004|-0.0206|0.0035||0.20|1|0.04|100
GME210528C00040000||||125.00|125.00|19|0.00|0.0000|0|1|0|0|0.9596|0.0005|0.0179|-0.3551|0.0344||119.80|5|117.10|5
GME210528P00040000|0.10|0.10|0.10|0.20|0.10|19|-0.10|-0.5000|34|209|1|1|-0.0045|0.0001|-0.0005|-0.0265|0.0052||0.14|1|0.10|3
GME210528C00050000||||127.80|127.80|18|0.00|0.0000|0|101|0|0|0.9360|0.0005|0.0139|-0.7161|0.0495||109.80|5|107.15|5
GME210528P00050000||||0.25|0.25|18|0.00|0.0000|0|189|0|0|-0.0078|0.0003|-0.0009|-0.0393|0.0085||0.30|9|0.05|8
GME210528C00060000||||94.85|94.85|17|0.00|0.0000|0|111|0|0|0.9959|0.0002|0.0373|-0.0166|0.0048||99.85|5|97.20|5
GME210528P00060000||||0.27|0.27|17|0.00|0.0000|0|192|0|0|-0.0097|0.0004|-0.0011|-0.0404|0.0102||0.35|20|0.05|17
GME210528C00070000||||90.00|90.00|16|0.00|0.0000|9|11|0|0|0.9912|0.0004|0.0431|-0.0304|0.0094||89.95|5|87.30|5
GME210528P00070000||||0.55|0.55|16|0.00|0.0000|0|166|0|0|-0.0177|0.0006|-0.0021|-0.0640|0.0172||0.45|18|0.15|79
GME210528C00080000|80.00|80.00|80.00|80.90|80.00|15|-0.90|-0.0111|1|2|1|10|0.9838|0.0007|0.0486|-0.0477|0.0160||80.10|5|77.45|5
GME210528P00080000|0.55|0.55|0.55|0.57|0.55|15|-0.02|-0.0351|-2|114|2|2|-0.0256|0.0010|-0.0030|-0.0785|0.0235||0.87|46|0.41|40
GME210528C00090000||||70.79|70.79|14|0.00|0.0000|0|31|0|0|0.9687|0.0014|0.0531|-0.0799|0.0279||70.35|5|67.70|5
GME210528P00090000||||0.88|0.88|14|0.00|0.0000|-3|82|0|0|-0.0384|0.0015|-0.0044|-0.0996|0.0329||0.95|26|0.52|60
GME210528C00100000|60.08|60.08|60.08|61.10|60.08|13|-1.02|-0.0167|0|26|1|1|0.9425|0.0023|0.0564|-0.1268|0.0455||60.75|1|57.90|5
GME210528P00100000|1.08|1.08|1.08|1.21|1.08|13|-0.13|-0.1074|-2|1187|1|1|-0.0546|0.0023|-0.0062|-0.1181|0.0436||1.20|13|0.91|96
GME210528C00110000||||64.00|64.00|12|0.00|0.0000|0|15|0|0|0.9110|0.0034|0.0591|-0.1655|0.0636||51.40|5|48.80|5
GME210528P00110000|1.70|1.70|1.70|1.88|1.70|12|-0.18|-0.0957|33|170|1|1|-0.0850|0.0034|-0.0097|-0.1545|0.0614||2.26|42|1.67|44
GME210528C00120000||||39.69|39.69|11|0.00|0.0000|0|21|0|0|0.8612|0.0049|0.0595|-0.2192|0.0875||42.50|16|39.95|2
GME210528P00120000|3.00|3.00|3.00|2.98|3.00|11|0.02|0.0067|-4|168|1|1|-0.1329|0.0049|-0.0152|-0.2031|0.0847||3.40|36|2.77|36
GME210528C00130000||||35.97|35.97|10|0.00|0.0000|0|19|0|0|0.7917|0.0063|0.0574|-0.2820|0.1134||34.35|16|31.90|1
GME210528P00130000|5.00|5.00|4.74|4.80|4.82|10|0.02|0.0042|84|182|1|3|-0.2132|0.0062|-0.0253|-0.2951|0.1150||5.30|24|4.40|16
GME210528C00140000||||30.25|30.25|9|0.00|0.0000|11|79|0|0|0.7124|0.0077|0.0538|-0.3274|0.1348||27.30|6|24.95|5
GME210528P00140000|7.77|7.77|7.77|7.97|7.77|9|-0.20|-0.0251|0|782|1|1|-0.2914|0.0075|-0.0351|-0.3427|0.1356||8.45|21|7.25|17
GME210528C00145000||||24.90|24.90|8|0.00|0.0000|6|26|0|0|0.6643|0.0081|0.0507|-0.3575|0.1438||24.25|16|22.05|1
GME210528P00145000||||10.45|10.45|8|0.00|0.0000|16|150|0|0|-0.3372|0.0079|-0.0412|-0.3687|0.1441||10.40|18|9.15|18
GME210528C00146000||||26.00|26.00|7|0.00|0.0000|0|2|0|0|0.6586|0.0082|0.0505|-0.3583|0.1451||23.65|16|21.65|16
GME210528P00146000||||10.90|10.90|7|0.00|0.0000|20|23|0|0|-0.3429|0.0079|-0.0420|-0.3706|0.1453||10.90|18|9.55|18
GME210528C00147000||||28.33|28.33|6|0.00|0.0000|6|19|0|0|0.6475|0.0084|0.0499|-0.3559|0.1465||23.10|16|21.10|17
GME210528P00147000||||11.35|11.35|6|0.00|0.0000|17|27|0|0|-0.3514|0.0080|-0.0431|-0.3732|0.1466||11.35|19|10.00|18
GME210528C00148000||||34.60|34.60|5|0.00|0.0000|0|0|0|0|0.6414|0.0085|0.0497|-0.3581|0.1477||22.55|18|20.30|16
GME210528P00148000||||11.80|11.80|5|0.00|0.0000|30|39|0|0|-0.3627|0.0081|-0.0445|-0.3763|0.1480||11.30|1|10.45|16
GME210528C00149000||||23.05|23.05|4|0.00|0.0000|2|5|0|0|0.6324|0.0086|0.0491|-0.3609|0.1490||22.05|18|20.05|16
GME210528P00149000||||13.00|13.00|4|0.00|0.0000|0|13|0|0|-0.3685|0.0082|-0.0454|-0.3788|0.1491||12.30|19|10.90|16
GME210528C00150000||||26.60|26.60|3|0.00|0.0000|-1|154|0|0|0.6212|0.0091|0.0489|-0.3441|0.1501||21.50|16|19.50|16
GME210528P00150000|12.05|12.05|12.05|12.70|12.05|3|-0.65|-0.0512|2|658|1|1|-0.3786|0.0093|-0.0454|-0.3380|0.1500||12.80|12|11.45|16
GME210528C00152500||||19.20|19.20|2|0.00|0.0000|0|2|0|0|0.6007|0.0087|0.0471|-0.3715|0.1527||20.25|16|18.20|16
GME210528P00152500||||13.95|13.95|2|0.00|0.0000|10|21|0|0|-0.3987|0.0083|-0.0495|-0.3892|0.1526||14.05|12|12.70|18
GME210528C00155000|18.03|18.03|18.03|18.80|18.03|1|-0.77|-0.0410|0|43|1|1|0.5784|0.0088|0.0455|-0.3788|0.1547||19.15|17|17.65|5
GME210528P00155000||||14.54|14.54|1|0.00|0.0000|22|80|0|0|-0.4199|0.0084|-0.0525|-0.3964|0.1545||15.30|13|13.95|23
GME210528C00157500||||19.40|19.40|1|0.00|0.0000|16|31|0|0|0.5576|0.0086|0.0439|-0.3920|0.1561||18.05|17|16.55|5
GME210528P00157500||||16.65|16.65|1|0.00|0.0000|21|28|0|0|-0.4411|0.0085|-0.0555|-0.4002|0.1560||16.75|12|15.40|16
GME210528C00160000|17.20|17.20|16.09|16.85|16.50|2|-0.35|-0.0208|23|197|2|13|0.5359|0.0087|0.0425|-0.3937|0.1571||16.95|16|14.90|16
GME210528P00160000||||17.62|17.62|2|0.00|0.0000|19|171|0|0|-0.4606|0.0083|-0.0585|-0.4102|0.1570||18.15|13|16.85|16
GME210528C00162500|16.30|16.30|14.85|17.00|14.85|3|-2.15|-0.1265|3|15|1|2|0.5162|0.0086|0.0410|-0.4014|0.1576||16.05|16|14.00|16
GME210528P00162500||||19.60|19.60|3|0.00|0.0000|28|43|0|0|-0.4812|0.0084|-0.0615|-0.4112|0.1575||19.70|13|18.30|16
GME210528C00165000|14.80|14.80|14.00|16.05|14.00|4|-2.05|-0.1277|2|57|1|3|0.4941|0.0087|0.0395|-0.3969|0.1577||15.15|18|13.30|32
GME210528P00165000|20.35|20.35|20.35|19.90|20.35|4|0.45|0.0226|1|45|1|1|-0.5006|0.0083|-0.0644|-0.4141|0.1577||21.25|12|19.90|16
GME210528C00167500|14.20|14.20|14.20|14.20|14.20|5|0.00|0.0000|||1|1|0.0000|0.0000|0.0000|0.0000|0.0000||14.30|2|12.35|2
GME210528P00167500||||||5|||||0|0|-1.0000|0.0000|-0.1055|0.0004|0.0000||23.15|12|21.55|2
GME210528C00170000|13.05|13.05|13.05|13.45|13.05|6|-0.40|-0.0297|4|86|1|1|0.4538|0.0086|0.0366|-0.3958|0.1567||13.50|17|11.70|16
GME210528P00170000|23.95|23.95|23.95|24.74|23.95|6|-0.79|-0.0319|1|147|1|1|-0.5397|0.0083|-0.0703|-0.4123|0.1569||24.70|11|23.35|18
GME210528C00172500|12.95|12.95|11.90|15.40|11.90|7|-3.50|-0.2273|1|42|1|3|0.4370|0.0084|0.0353|-0.4001|0.1557||12.75|16|10.95|16
GME210528P00172500||||31.00|31.00|7|0.00|0.0000|0|44|0|0|-0.5564|0.0082|-0.0732|-0.4157|0.1561||26.70|14|25.10|18
GME210528C00175000||||14.14|14.14|8|0.00|0.0000|0|180|0|0|0.4023|0.0089|0.0330|-0.3679|0.1526||12.05|16|10.40|16
GME210528P00175000||||33.45|33.45|8|0.00|0.0000|0|206|0|0|-0.5747|0.0081|-0.0761|-0.4129|0.1549||28.50|11|26.95|18
GME210528C00177500||||13.40|13.40|9|0.00|0.0000|0|49|0|0|0.3876|0.0086|0.0318|-0.3723|0.1511||11.45|18|9.75|16
GME210528P00177500||||28.25|28.25|9|0.00|0.0000|0|15|0|0|-0.6116|0.0085|-0.0800|-0.3735|0.1512||30.40|12|28.80|18
GME210528C00180000|10.20|10.37|10.20|11.00|10.37|10|-0.63|-0.0573|2|130|1|2|0.3673|0.0085|0.0303|-0.3636|0.1486||10.85|18|9.55|4
GME210528P00180000||||35.24|35.24|10|0.00|0.0000|0|35|0|0|-0.6061|0.0078|-0.0817|-0.4127|0.1521||32.25|5|30.70|16
GME210528C00182500|9.50|9.50|9.50|11.75|9.50|11|-2.25|-0.1915|0|45|1|1|0.3728|0.0078|0.0303|-0.3993|0.1496||10.30|18|8.70|2
GME210528P00182500||||35.05|35.05|11|0.00|0.0000|0|1|0|0|-0.6199|0.0076|-0.0843|-0.4135|0.1505||34.20|5|32.65|16
GME210528C00185000|9.30|9.30|9.30|10.00|9.30|12|-0.70|-0.0700|4|51|5|5|0.3556|0.0077|0.0290|-0.3919|0.1473||9.80|18|8.25|5
GME210528P00185000||||41.50|41.50|12|0.00|0.0000|0|7|0|0|-0.6352|0.0075|-0.0870|-0.4097|0.1486||36.20|5|34.65|16
GME210528C00187500||||13.07|13.07|13|0.00|0.0000|0|10|0|0|0.3416|0.0075|0.0279|-0.3893|0.1451||9.30|16|7.80|6
GME210528P00187500||||40.95|40.95|13|0.00|0.0000|0|1|0|0|-0.6493|0.0073|-0.0897|-0.4066|0.1465||38.70|14|36.70|15
GME210528C00190000|8.69|8.69|8.69|8.35|8.69|14|0.34|0.0407|0|79|1|1|0.3074|0.0077|0.0255|-0.3510|0.1387||8.85|18|7.35|14
GME210528P00190000||||39.45|39.45|14|0.00|0.0000|0|23|0|0|-0.6645|0.0072|-0.0924|-0.3998|0.1441||40.75|14|38.75|15
GME210528C00195000||||9.10|9.10|15|0.00|0.0000|0|39|0|0|0.2838|0.0072|0.0236|-0.3464|0.1337||8.05|18|6.70|5
GME210528P00195000||||44.96|44.96|15|0.00|0.0000|0|2|0|0|-0.6925|0.0069|-0.0977|-0.3868|0.1390||45.40|14|43.00|15
GME210528C00200000|7.30|7.30|6.85|6.85|7.00|16|0.15|0.0219|16|369|40|43|0.2615|0.0068|0.0218|-0.3387|0.1283||7.20|13|6.10|18
GME210528P00200000||||53.00|53.00|16|0.00|0.0000|0|26|0|0|-0.7104|0.0066|-0.1024|-0.3879|0.1352||49.30|5|47.30|16
GME210528C00205000||||7.85|7.85|17|0.00|0.0000|0|41|0|0|0.2637|0.0063|0.0217|-0.3700|0.1292||6.70|15|5.55|18
GME210528P00205000||||52.15|52.15|17|0.00|0.0000|0|1|0|0|-0.7282|0.0062|-0.1070|-0.3848|0.1311||54.30|15|51.75|17
GME210528C00210000|6.10|6.10|6.10|6.60|6.10|18|-0.50|-0.0758|3|64|1|1|0.2423|0.0060|0.0200|-0.3558|0.1235||6.25|18|5.10|18
GME210528P00210000||||||18|||0|0|0|0|-0.7462|0.0059|-0.1116|-0.3774|0.1266||59.10|16|56.25|16
GME210528C00215000||||7.00|7.00|19|0.00|0.0000|2|4|0|0|0.0000|0.0000|0.0000|0.0000|0.0000||5.75|18|4.65|18
GME210528P00215000||||||19|||||0|0|-1.0000|0.0000|-0.1355|0.0006|0.0000||63.20|6|60.80|16
GME210528C00220000|4.96|4.96|4.96|5.05|4.96|20|-0.09|-0.0178|25|93|2|2|0.1873|0.0053|0.0157|-0.2949|0.1061||5.40|18|4.55|5
GME210528P00220000||||59.00|59.00|20|0.00|0.0000|0|2|0|0|-0.7806|0.0053|-0.1206|-0.3554|0.1169||67.60|5|65.45|16
GME210528C00230000||||5.00|5.00|21|0.00|0.0000|6|30|0|0|0.1853|0.0048|0.0154|-0.3233|0.1056||4.80|18|4.00|8
GME210528P00230000||||||21|||0|0|0|0|-0.8061|0.0048|-0.1290|-0.3404|0.1086||77.45|14|74.85|17
GME210528C00240000||||4.50|4.50|22|0.00|0.0000|2|32|0|0|0.1645|0.0043|0.0136|-0.3085|0.0979||4.30|32|3.55|34
GME210528P00240000||||||22|||0|0|0|0|-0.8248|0.0044|-0.1368|-0.3311|0.1020||86.85|10|84.40|17
GME210528C00250000|3.65|3.65|3.65|3.80|3.65|23|-0.15|-0.0395|52|206|15|15|0.1311|0.0038|0.0110|-0.2597|0.0840||3.90|58|3.25|5
GME210528P00250000||||111.30|111.30|23|0.00|0.0000|0|2|0|0|-0.8403|0.0040|-0.1444|-0.3226|0.0961||96.60|6|94.00|18
GME210528C00260000||||3.68|3.68|24|0.00|0.0000|0|14|0|0|0.1313|0.0035|0.0109|-0.2787|0.0842||3.60|18|2.92|6
GME210528P00260000||||||24|||0|0|0|0|-0.8562|0.0036|-0.1520|-0.3077|0.0896||106.30|5|103.70|16
GME210528C00270000||||3.75|3.75|25|0.00|0.0000|2|32|0|0|0.1206|0.0032|0.0100|-0.2706|0.0794||3.30|34|2.62|33
GME210528P00270000||||126.95|126.95|25|0.00|0.0000|0|2|0|0|-0.8703|0.0033|-0.1595|-0.2923|0.0835||116.05|10|113.45|17
GME210528C00280000|2.96|2.96|2.96|3.15|2.96|26|-0.19|-0.0603|3|35|1|1|0.1070|0.0029|0.0089|-0.2520|0.0727||3.00|21|2.40|26
GME210528P00280000||||122.50|122.50|26|0.00|0.0000|0|3|0|0|-0.8800|0.0031|-0.1666|-0.2843|0.0791||125.85|5|123.25|16
GME210528C00290000|2.53|2.53|2.53|3.40|2.53|27|-0.87|-0.2559|0|19|1|1|0.1032|0.0027|0.0085|-0.2551|0.0710||2.83|31|2.21|24
GME210528P00290000||||139.67|139.67|27|0.00|0.0000|0|1|0|0|-0.8878|0.0028|-0.1735|-0.2782|0.0754||135.65|5|133.05|17
GME210528C00300000|2.60|2.60|2.60|2.55|2.60|28|0.05|0.0196|2|147|1|1|0.0940|0.0025|0.0077|-0.2424|0.0662||2.73|47|2.15|22
GME210528P00300000||||149.52|149.52|28|0.00|0.0000|0|0|0|0|-0.8942|0.0026|-0.1804|-0.2740|0.0723||145.45|5|142.90|5
GME210528C00310000||||2.59|2.59|29|0.00|0.0000|3|35|0|0|0.0956|0.0024|0.0078|-0.2577|0.0671||2.59|49|1.93|33
GME210528P00310000||||||29|||0|0|0|0|-0.8993|0.0025|-0.1871|-0.2714|0.0697||155.15|13|152.75|5
GME210528C00320000|2.39|2.39|2.39|2.40|2.39|30|-0.01|-0.0042|14|570|1|1|0.0814|0.0022|0.0067|-0.2266|0.0594||2.43|28|1.92|80
GME210528P00320000||||||30|||0|0|0|0|-0.9038|0.0023|-0.1938|-0.2690|0.0674||165.25|5|162.65|5
GME210528C00330000||||2.41|2.41|31|0.00|0.0000|-1|11|0|0|0.0816|0.0021|0.0067|-0.2356|0.0597||2.32|17|1.92|15
GME210528P00330000||||177.18|177.18|31|0.00|0.0000|0|1|0|0|-0.9093|0.0022|-0.2006|-0.2624|0.0646||175.50|1|172.55|5
GME210528C00340000||||2.41|2.41|32|0.00|0.0000|-3|20|0|0|0.0783|0.0020|0.0064|-0.2335|0.0578||2.30|1|2.00|3
GME210528P00340000||||184.80|184.80|32|0.00|0.0000|0|1|0|0|-0.9156|0.0021|-0.2074|-0.2518|0.0612||185.40|1|182.30|1
GME210528C00350000|2.02|2.02|2.02|2.00|2.02|33|0.02|0.0100|27|245|1|2|0.0707|0.0018|0.0058|-0.2170|0.0534||2.23|3|1.83|11
GME210528P00350000||||199.68|199.68|33|0.00|0.0000|0|1|0|0|-0.9200|0.0019|-0.2141|-0.2458|0.0588||195.35|5|192.25|1
GME210528C00360000|2.15|2.15|2.09|2.21|2.09|34|-0.12|-0.0543|-8|492|3|4|0.0689|0.0018|0.0056|-0.2179|0.0523||2.17|11|2.00|1
GME210528P00360000||||209.29|209.29|34|0.00|0.0000|0|1|0|0|-0.9240|0.0018|-0.2207|-0.2401|0.0565||205.25|1|202.15|1
GME210528C00370000|2.10|2.10|1.80|1.97|2.00|35|0.03|0.0152|72|242|1|16|0.0634|0.0016|0.0052|-0.2057|0.0491||2.11|7|1.90|1
GME210528P00370000||||||35|||0|0|0|0|-0.9265|0.0018|-0.2272|-0.2386|0.0551||215.20|5|212.10|1
GME210604C00010000||||||22|||0|0|0|0|1.0000|0.0000|0.0082|0.0000|0.0000||149.90|2|147.10|5
GME210604P00010000||||0.04|0.04|22|0.00|0.0000|1|48|0|0|-0.0005|0.0000|-0.0001|-0.0045|0.0008||0.04|80|0.01|20
GME210604C00020000||||||21|||0|0|0|0|1.0000|0.0000|0.0164|-0.0001|0.0000||139.90|2|137.10|5
GME210604P00020000||||0.09|0.09|21|0.00|0.0000|0|7|0|0|-0.0022|0.0001|-0.0004|-0.0157|0.0032||0.19|3|0.01|10
GME210604C00030000||||||20|||0|0|0|0|1.0000|0.0000|0.0247|-0.0001|0.0000||129.90|2|127.10|5
GME210604P00030000||||0.20|0.20|20|0.00|0.0000|0|78|0|0|-0.0042|0.0001|-0.0007|-0.0234|0.0055||0.29|8|0.05|2
GME210604C00040000||||||19|||0|0|0|0|1.0000|0.0000|0.0329|-0.0001|0.0000||119.90|1|117.15|5
GME210604P00040000||||0.21|0.21|19|0.00|0.0000|1|17|0|0|-0.0074|0.0002|-0.0012|-0.0347|0.0092||0.31|1|0.01|10
GME210604C00050000||||||18|||0|0|0|0|0.9963|0.0001|0.0405|-0.0137|0.0050||110.00|2|107.20|2
GME210604P00050000||||0.45|0.45|18|0.00|0.0000|0|248|0|0|-0.0095|0.0003|-0.0015|-0.0368|0.0114||0.51|2|0.00|0
GME210604C00060000|100.10|100.10|100.10|100.10|100.10|17|0.00|0.0000|0|0|1|1|0.9912|0.0003|0.0480|-0.0282|0.0107||100.10|2|97.35|5
GME210604P00060000||||0.54|0.54|17|0.00|0.0000|0|45|0|0|-0.0174|0.0005|-0.0028|-0.0589|0.0194||0.60|10|0.11|2
GME210604C00070000||||||16|||0|0|0|0|0.9809|0.0007|0.0546|-0.0537|0.0210||90.30|2|87.55|5
GME210604P00070000||||0.98|0.98|16|0.00|0.0000|0|54|0|0|-0.0265|0.0008|-0.0042|-0.0770|0.0277||1.07|1|0.50|11
GME210604C00080000||||||15|||0|0|0|0|0.9688|0.0011|0.0610|-0.0756|0.0318||80.60|2|77.60|5
GME210604P00080000||||1.24|1.24|15|0.00|0.0000|0|21|0|0|-0.0393|0.0012|-0.0061|-0.0975|0.0383||1.42|1|0.80|5
GME210604C00090000||||67.89|67.89|14|0.00|0.0000|0|1|0|0|0.9471|0.0017|0.0658|-0.1118|0.0487||71.05|2|68.05|5
GME210604P00090000|1.42|1.42|1.42|1.53|1.42|14|-0.11|-0.0719|0|26|4|4|-0.0598|0.0018|-0.0094|-0.1293|0.0536||1.92|1|1.14|11
GME210604C00100000||||65.00|65.00|13|0.00|0.0000|0|1|0|0|0.9210|0.0025|0.0700|-0.1434|0.0665||61.75|2|59.00|2
GME210604P00100000|2.66|2.66|2.66|2.05|2.66|13|0.61|0.2976|22|136|3|3|-0.0880|0.0026|-0.0138|-0.1633|0.0720||2.66|1|1.85|11
GME210604C00110000||||60.00|60.00|12|0.00|0.0000|0|2|0|0|0.8812|0.0035|0.0718|-0.1870|0.0897||52.70|1|50.10|5
GME210604P00110000|3.35|3.35|3.35|3.69|3.35|12|-0.34|-0.0921|1|52|4|4|-0.1271|0.0035|-0.0201|-0.2061|0.0940||3.85|1|2.91|5
GME210604C00120000||||48.70|48.70|11|0.00|0.0000|0|11|0|0|0.8316|0.0046|0.0721|-0.2282|0.1136||44.35|1|41.65|5
GME210604P00120000|4.90|4.90|4.90|4.85|4.90|11|0.05|0.0103|2|76|5|5|-0.1750|0.0045|-0.0279|-0.2439|0.1164||5.40|1|4.55|5
GME210604C00130000||||36.78|36.78|10|0.00|0.0000|0|5|0|0|0.7688|0.0057|0.0698|-0.2717|0.1375||36.95|2|34.45|5
GME210604P00130000|7.50|7.50|7.50|7.60|7.50|10|-0.10|-0.0132|1|65|2|2|-0.2362|0.0055|-0.0382|-0.2865|0.1391||8.35|1|6.95|6
GME210604C00140000||||30.80|30.80|9|0.00|0.0000|0|15|0|0|0.6945|0.0065|0.0651|-0.3151|0.1579||30.40|1|28.15|5
GME210604P00140000|12.10|12.10|12.10|10.54|12.10|9|1.56|0.1480|4|67|1|1|-0.3072|0.0063|-0.0507|-0.3256|0.1583||12.15|2|10.45|5
GME210604C00145000||||43.99|43.99|8|0.00|0.0000|0|3|0|0|0.6601|0.0068|0.0629|-0.3301|0.1654||27.60|1|25.25|16
GME210604P00145000||||15.05|15.05|8|0.00|0.0000|0|59|0|0|-0.3405|0.0066|-0.0567|-0.3378|0.1655||14.50|2|12.60|16
GME210604C00146000||||30.10|30.10|7|0.00|0.0000|0|1|0|0|0.6527|0.0069|0.0624|-0.3320|0.1668||27.05|1|25.20|5
GME210604P00146000||||13.37|13.37|7|0.00|0.0000|0|1|0|0|-0.3477|0.0067|-0.0581|-0.3405|0.1668||15.00|2|13.05|16
GME210604C00147000||||27.00|27.00|6|0.00|0.0000|0|1|0|0|0.6454|0.0069|0.0619|-0.3338|0.1680||26.55|1|24.70|5
GME210604P00147000||||14.20|14.20|6|0.00|0.0000|0|1|0|0|-0.3549|0.0067|-0.0594|-0.3426|0.1681||15.50|2|13.50|16
GME210604C00148000||||||5|||0|0|0|0|0.6379|0.0070|0.0614|-0.3366|0.1692||26.05|1|24.20|5
GME210604P00148000||||12.67|12.67|5|0.00|0.0000|0|6|0|0|-0.3621|0.0068|-0.0607|-0.3450|0.1693||16.00|2|14.00|16
GME210604C00149000||||25.35|25.35|4|0.00|0.0000|0|0|0|0|0.6305|0.0070|0.0608|-0.3390|0.1704||25.55|1|23.75|5
GME210604P00149000||||16.84|16.84|4|0.00|0.0000|0|5|0|0|-0.3693|0.0068|-0.0621|-0.3473|0.1704||16.55|2|14.50|16
GME210604C00150000||||26.12|26.12|3|0.00|0.0000|-1|6|0|0|0.6231|0.0071|0.0602|-0.3412|0.1715||25.05|1|23.25|5
GME210604P00150000|15.00|15.00|15.00|16.60|15.00|3|-1.60|-0.0964|8|105|2|2|-0.3789|0.0069|-0.0638|-0.3502|0.1714||17.05|1|15.00|16
GME210604C00152500||||25.50|25.50|2|0.00|0.0000|1|3|0|0|0.6048|0.0071|0.0588|-0.3473|0.1739||23.85|1|22.05|5
GME210604P00152500||||19.35|19.35|2|0.00|0.0000|0|4|0|0|-0.3944|0.0069|-0.0669|-0.3559|0.1738||18.45|2|16.30|16
GME210604C00155000||||26.08|26.08|1|0.00|0.0000|0|33|0|0|0.5867|0.0072|0.0573|-0.3534|0.1759||22.75|1|20.80|16
GME210604P00155000||||18.25|18.25|1|0.00|0.0000|2|13|0|0|-0.4120|0.0070|-0.0704|-0.3620|0.1757||19.90|2|17.75|16
GME210604C00157500||||29.05|29.05|1|0.00|0.0000|0|1|0|0|0.5692|0.0072|0.0558|-0.3599|0.1774||21.75|2|19.95|5
GME210604P00157500||||22.00|22.00|1|0.00|0.0000|0|6|0|0|-0.4290|0.0070|-0.0739|-0.3684|0.1773||21.40|2|19.20|17
GME210604C00160000|23.00|23.00|20.45|20.65|20.90|2|0.25|0.0121|0|33|1|3|0.5523|0.0071|0.0543|-0.3659|0.1786||20.75|2|19.00|5
GME210604P00160000|18.95|18.95|18.95|21.40|18.95|2|-2.45|-0.1145|3|28|1|1|-0.4478|0.0070|-0.0777|-0.3740|0.1782||22.95|2|20.60|16
GME210604C00162500||||22.10|22.10|3|0.00|0.0000|1|4|0|0|0.5328|0.0072|0.0525|-0.3683|0.1791||19.80|2|18.15|5
GME210604P00162500||||25.37|25.37|3|0.00|0.0000|0|16|0|0|-0.4623|0.0070|-0.0808|-0.3771|0.1793||24.55|2|22.15|16
GME210604C00165000||||19.83|19.83|4|0.00|0.0000|3|60|0|0|0.5153|0.0072|0.0511|-0.3684|0.1796||18.90|2|17.25|5
GME210604P00165000||||24.62|24.62|4|0.00|0.0000|1|11|0|0|-0.4792|0.0070|-0.0843|-0.3777|0.1799||26.20|2|23.75|16
GME210604C00167500||||||5|||||0|0|0.0000|0.0000|0.0000|0.0000|0.0000||18.05|11|16.05|1
GME210604P00167500||||||5|||||0|0|-1.0000|0.0000|-0.1377|0.0005|0.0000||27.55|11|25.40|2
GME210604C00170000||||18.50|18.50|6|0.00|0.0000|0|23|0|0|0.4848|0.0071|0.0485|-0.3710|0.1800||17.15|1|15.70|5
GME210604P00170000||||27.95|27.95|6|0.00|0.0000|4|30|0|0|-0.5116|0.0070|-0.0912|-0.3794|0.1801||29.60|1|27.05|16
GME210604C00172500||||17.50|17.50|7|0.00|0.0000|0|5|0|0|0.0000|0.0000|0.0000|0.0000|0.0000||16.45|2|14.90|5
GME210604P00172500||||29.72|29.72|7|0.00|0.0000|1|1|0|0|-1.0000|0.0000|-0.1418|0.0005|0.0000||31.40|2|28.80|16
GME210604C00175000|14.50|14.50|14.50|16.80|14.50|8|-2.30|-0.1369|2|11|1|1|0.4544|0.0070|0.0457|-0.3731|0.1789||15.75|1|14.20|5
GME210604P00175000||||33.45|33.45|8|0.00|0.0000|0|8|0|0|-0.5412|0.0069|-0.0979|-0.3820|0.1792||33.25|2|30.65|17
GME210604C00177500||||23.80|23.80|9|0.00|0.0000|0|2|0|0|0.0000|0.0000|0.0000|0.0000|0.0000||15.05|2|13.55|5
GME210604P00177500||||28.35|28.35|9|0.00|0.0000|0|2|0|0|-1.0000|0.0000|-0.1459|0.0005|0.0000||35.10|2|32.50|17
GME210604C00180000|14.85|14.85|14.85|14.50|14.85|10|0.35|0.0241|4|38|1|1|0.4268|0.0068|0.0431|-0.3751|0.1771||14.40|1|12.65|5
GME210604P00180000||||35.05|35.05|10|0.00|0.0000|0|27|0|0|-0.5680|0.0067|-0.1046|-0.3846|0.1775||37.00|2|34.35|16
GME210604C00182500||||14.60|14.60|11|0.00|0.0000|1|2|0|0|0.0000|0.0000|0.0000|0.0000|0.0000||13.80|2|12.15|5
GME210604P00182500||||||11|||||0|0|-1.0000|0.0000|-0.1500|0.0005|0.0000||38.90|2|36.25|17
GME210604C00185000||||15.00|15.00|12|0.00|0.0000|2|24|0|0|0.4023|0.0066|0.0407|-0.3774|0.1747||13.25|2|11.65|3
GME210604P00185000||||43.67|43.67|12|0.00|0.0000|0|2|0|0|-0.5918|0.0065|-0.1110|-0.3877|0.1753||40.85|2|38.15|16
GME210604C00190000||||12.83|12.83|13|0.00|0.0000|1|11|0|0|0.3751|0.0065|0.0383|-0.3703|0.1712||12.15|1|10.60|2
GME210604P00190000||||45.95|45.95|13|0.00|0.0000|0|101|0|0|-0.6181|0.0063|-0.1175|-0.3817|0.1722||44.90|1|42.15|16
GME210604C00195000||||17.95|17.95|14|0.00|0.0000|0|1|0|0|0.0000|0.0000|0.0000|0.0000|0.0000||11.25|1|9.80|5
GME210604P00195000||||48.03|48.03|14|0.00|0.0000|0|100|0|0|-1.0000|0.0000|-0.1603|0.0006|0.0000||49.00|2|46.20|16
GME210604C00200000||||10.10|10.10|15|0.00|0.0000|310|388|0|0|0.3262|0.0061|0.0335|-0.3563|0.1624||10.35|1|9.00|1
GME210604P00200000||||54.50|54.50|15|0.00|0.0000|0|4|0|0|-0.6639|0.0060|-0.1300|-0.3703|0.1647||53.30|1|50.40|5
GME210604C00205000||||10.20|10.20|16|0.00|0.0000|0|1|0|0|0.0000|0.0000|0.0000|0.0000|0.0000||9.65|1|8.30|5
GME210604P00205000||||||16|||||0|0|-1.0000|0.0000|-0.1685|0.0006|0.0000||57.60|1|54.65|5
GME210604C00210000||||9.40|9.40|17|0.00|0.0000|-1|14|0|0|0.2929|0.0056|0.0302|-0.3513|0.1553||9.00|1|7.75|5
GME210604P00210000||||56.45|56.45|17|0.00|0.0000|0|2|0|0|-0.6997|0.0055|-0.1418|-0.3629|0.1570||61.95|2|59.05|5
GME210604C00215000|8.70|8.70|8.70|10.00|8.70|18|-1.30|-0.1300|0|2|1|1|0.0000|0.0000|0.0000|0.0000|0.0000||8.40|1|7.15|5
GME210604P00215000||||||18|||||0|0|-1.0000|0.0000|-0.1767|0.0006|0.0000||66.45|1|63.45|5
GME210604C00220000||||8.90|8.90|19|0.00|0.0000|2|22|0|0|0.2629|0.0052|0.0272|-0.3429|0.1473||7.85|1|6.75|5
GME210604P00220000||||||19|||0|0|0|0|-0.7288|0.0051|-0.1530|-0.3565|0.1496||70.90|1|67.95|5
GME210604C00230000||||8.00|8.00|20|0.00|0.0000|1|11|0|0|0.2330|0.0048|0.0242|-0.3262|0.1381||7.05|2|5.90|5
GME210604P00230000||||||20|||0|0|0|0|-0.7583|0.0048|-0.1641|-0.3407|0.1409||80.10|1|77.10|5
GME210604C00240000||||6.15|6.15|21|0.00|0.0000|0|27|0|0|0.2095|0.0044|0.0218|-0.3133|0.1299||6.30|2|5.45|5
GME210604P00240000||||||21|||0|0|0|0|-0.7820|0.0044|-0.1747|-0.3278|0.1330||89.40|2|86.45|5
GME210604C00250000|5.75|5.75|5.20|5.40|5.20|22|-0.20|-0.0370|2|57|5|6|0.1919|0.0041|0.0200|-0.3054|0.1233||5.75|2|4.90|5
GME210604P00250000||||||22|||0|0|0|0|-0.7995|0.0041|-0.1847|-0.3206|0.1266||98.85|2|95.90|5
GME210604C00260000|5.00|5.00|4.75|5.60|4.75|23|-0.85|-0.1518|3|208|1|2|0.1762|0.0038|0.0183|-0.2972|0.1166||5.25|1|4.30|5
GME210604P00260000||||||23|||0|0|0|0|-0.8143|0.0038|-0.1945|-0.3142|0.1208||108.35|2|105.45|5
GME210604C00270000||||4.50|4.50|24|0.00|0.0000|1|16|0|0|0.1607|0.0035|0.0167|-0.2849|0.1099||4.85|1|4.05|5
GME210604P00270000||||||24|||0|0|0|0|-0.8257|0.0035|-0.2039|-0.3107|0.1161||118.00|2|115.05|5
GME210604C00280000||||5.88|5.88|25|0.00|0.0000|0|9|0|0|0.1481|0.0032|0.0155|-0.2747|0.1044||4.60|2|3.75|5
GME210604P00280000||||||25|||0|0|0|0|-0.8411|0.0033|-0.2137|-0.2960|0.1093||127.65|1|124.70|5
GME210604C00290000||||4.80|4.80|26|0.00|0.0000|0|13|0|0|0.1368|0.0030|0.0143|-0.2650|0.0989||4.30|2|3.45|5
GME210604P00290000||||124.76|124.76|26|0.00|0.0000|0|3|0|0|-0.8524|0.0031|-0.2231|-0.2870|0.1042||137.35|1|134.45|5
GME210604C00300000|3.70|4.00|3.65|3.70|3.65|27|-0.05|-0.0135|12|168|1|3|0.1269|0.0028|0.0132|-0.2560|0.0937||4.05|5|3.35|5
GME210604P00300000||||||27|||0|0|0|0|-0.8623|0.0029|-0.2323|-0.2785|0.0994||147.10|1|144.20|5
GME210604C00310000||||4.00|4.00|28|0.00|0.0000|0|7|0|0|0.1203|0.0027|0.0125|-0.2522|0.0905||3.85|2|3.00|5
GME210604P00310000||||||28|||0|0|0|0|-0.8712|0.0027|-0.2415|-0.2704|0.0949||156.90|1|154.00|5
GME210604C00320000||||3.35|3.35|29|0.00|0.0000|0|54|0|0|0.1128|0.0025|0.0117|-0.2450|0.0863||3.55|3|2.84|5
GME210604P00320000||||||29|||0|0|0|0|-0.8778|0.0026|-0.2504|-0.2657|0.0915||166.70|1|163.80|5
GME210604C00330000|3.10|3.10|3.10|3.75|3.10|30|-0.65|-0.1733|4|5|1|1|0.1077|0.0024|0.0112|-0.2419|0.0835||3.40|11|2.67|6
GME210604P00330000||||||30|||0|0|0|0|-0.8825|0.0024|-0.2591|-0.2642|0.0890||176.55|1|173.60|5
GME210604C00340000|3.00|3.00|3.00|3.13|3.00|31|-0.13|-0.0415|2|20|1|1|0.1036|0.0023|0.0107|-0.2400|0.0811||3.35|11|2.42|5
GME210604P00340000||||||31|||0|0|0|0|-0.8871|0.0023|-0.2678|-0.2620|0.0865||186.40|1|183.45|5
GME210604C00350000||||3.01|3.01|32|0.00|0.0000|8|15|0|0|0.0989|0.0021|0.0102|-0.2361|0.0784||3.10|11|2.38|2
GME210604P00350000||||||32|||0|0|0|0|-0.8912|0.0022|-0.2765|-0.2599|0.0843||196.30|2|193.30|5
GME210604C00360000||||2.75|2.75|33|0.00|0.0000|4|12|0|0|0.0930|0.0020|0.0096|-0.2280|0.0749||3.05|1|2.26|5
GME210604P00360000||||||33|||0|0|0|0|-0.8953|0.0021|-0.2852|-0.2571|0.0819||206.15|2|203.20|5
GME210604C00370000|2.70|2.90|2.64|2.75|2.80|34|0.05|0.0182|46|120|1|4|0.0891|0.0019|0.0092|-0.2243|0.0726||2.92|2|2.17|5
GME210604P00370000||||||34|||0|0|0|0|-0.9001|0.0020|-0.2939|-0.2516|0.0792||216.05|2|213.10|5
GME210611C00010000||||||17|||||0|0|1.0000|0.0000|0.0101|0.0000|0.0000||149.80|5|147.10|5
