symbol|open|high|low|preClose|close|activeLevel|change|changeRatio|openIntChange|openInterest|latestPriceVol|volume|delta|gamma|rho|theta|vega|tradeStamptradeTime|ask|avol|bid|bvol
GME220204C00040000||||51.50|51.50|37|||0|8|0|0|0.9971|0.0003|0.0029|-0.0218|0.0009||60.60|21|54.75|22
GME220204P00040000|0.17|0.19|0.05|0.15|0.05|37|-0.10|-0.6667|161|1749|1|257|-0.0029|0.0003|0.0000|-0.0230|0.0009||0.05|9|0.00|0
GME220204C00050000||||45.45|45.45|36|||0|1|0|0|0.9930|0.0007|0.0043|-0.0457|0.0020||50.95|21|44.90|25
GME220204P00050000|0.25|0.37|0.13|0.22|0.13|36|-0.09|-0.4091|81|1113|1|342|-0.0070|0.0007|-0.0001|-0.0467|0.0020||0.16|1|0.12|7
GME220204C00060000||||35.66|35.66|35|||0|1|0|0|0.9851|0.0016|0.0057|-0.0798|0.0040||39.75|21|35.10|10
GME220204P00060000|0.51|0.65|0.30|0.53|0.30|35|-0.23|-0.4340|165|1687|2|305|-0.0150|0.0016|-0.0002|-0.0806|0.0040||0.32|2|0.27|5
GME220204C00064000||||||34|||||0|0|0.9794|0.0023|0.0062|-0.1005|0.0053||34.80|1|25.85|21
GME220204P00064000|0.91|0.91|0.44|0.91|0.46|34|-0.45|-0.4945||12|4|14|-0.0206|0.0023|-0.0003|-0.1012|0.0052||0.52|17|0.28|22
GME220204C00065000||||||33|||||0|0|0.9776|0.0025|0.0063|-0.1068|0.0056||34.90|21|26.00|33
GME220204P00065000|0.71|0.90|0.44|0.71|0.50|33|-0.21|-0.2958||48|3|56|-0.0224|0.0025|-0.0003|-0.1075|0.0056||0.52|1|0.23|22
GME220204C00066000||||||32|||||0|0|0.9756|0.0027|0.0065|-0.1137|0.0061||34.00|20|26.65|31
GME220204P00066000|1.12|1.12|0.50|1.12|0.50|32|-0.62|-0.5536||17|2|19|-0.0244|0.0027|-0.0003|-0.1144|0.0061||0.59|18|0.27|23
GME220204C00067000||||||31||||0|0|0|0.9734|0.0030|0.0066|-0.1212|0.0065||32.75|21|28.30|21
GME220204P00067000|0.98|1.11|0.54|0.80|0.54|31|-0.26|-0.3250|48|102|1|101|-0.0267|0.0030|-0.0003|-0.1219|0.0065||0.62|16|0.05|12
GME220204C00068000||||||30||||0|0|0|0.9709|0.0033|0.0067|-0.1295|0.0070||33.50|21|27.35|21
GME220204P00068000|1.00|1.10|0.50|0.70|0.53|30|-0.17|-0.2429|118|170|54|128|-0.0292|0.0033|-0.0004|-0.1301|0.0070||0.70|19|0.51|5
GME220204C00069000||||48.00|48.00|29|||0|1|0|0|0.9681|0.0036|0.0068|-0.1385|0.0076||32.50|21|26.40|21
GME220204P00069000|1.23|1.48|0.54|0.92|0.57|29|-0.35|-0.3804|21|32|2|44|-0.0320|0.0036|-0.0004|-0.1391|0.0076||0.70|9|0.54|9
GME220204C00070000|23.37|23.37|23.37|21.83|23.37|28|1.54|0.0705|1|2|1|1|0.9649|0.0040|0.0069|-0.1484|0.0082||29.95|21|25.50|12
GME220204P00070000|1.00|1.61|0.70|1.04|0.77|28|-0.27|-0.2596|32|557|18|542|-0.0351|0.0040|-0.0004|-0.1490|0.0082||0.87|13|0.47|23
GME220204C00071000|22.49|22.49|22.49|22.49|22.49|27|0.00|0.0000|1|1|1|1|0.9614|0.0044|0.0071|-0.1592|0.0089||30.60|21|24.50|21
GME220204P00071000|1.24|1.24|0.50|0.95|0.50|27|-0.45|-0.4737|6|60|1|22|-0.0386|0.0044|-0.0005|-0.1598|0.0089||0.88|19|0.58|25
GME220204C00072000||||||26||||0|0|0|0.9575|0.0048|0.0071|-0.1710|0.0096||29.65|21|23.60|21
GME220204P00072000|1.10|1.65|0.76|1.17|0.76|26|-0.41|-0.3504|26|41|8|44|-0.0425|0.0048|-0.0005|-0.1715|0.0096||1.11|23|0.65|19
GME220204C00073000||||||25||||0|0|0|0.9532|0.0053|0.0072|-0.1838|0.0104||28.70|21|22.65|21
GME220204P00073000|1.60|1.85|1.27|1.08|1.29|25|0.21|0.1944|3|20|1|5|-0.0469|0.0053|-0.0006|-0.1843|0.0104||1.30|41|0.62|26
GME220204C00074000||||24.05|24.05|24|||0|1|0|0|0.9483|0.0058|0.0073|-0.1977|0.0113||27.65|22|21.75|22
GME220204P00074000|1.45|1.48|1.13|1.50|1.13|24|-0.37|-0.2467|10|11|10|22|-0.0518|0.0058|-0.0006|-0.1982|0.0113||1.17|25|0.74|27
GME220204C00075000||||||23||||0|0|0|0.9428|0.0064|0.0074|-0.2127|0.0122||25.00|20|20.90|12
GME220204P00075000|1.59|2.50|1.05|1.59|1.05|23|-0.54|-0.3396|256|2385|2|426|-0.0572|0.0064|-0.0007|-0.2132|0.0122||1.16|4|0.92|6
GME220204C00076000||||||22||||0|0|0|0.9367|0.0071|0.0075|-0.2289|0.0132||25.70|22|20.00|12
GME220204P00076000|2.20|2.68|2.20|1.41|2.68|22|1.27|0.9007|11|30|2|15|-0.0633|0.0071|-0.0008|-0.2294|0.0132||1.72|41|0.88|26
GME220204C00077000||||||21||||0|0|0|0.9300|0.0078|0.0075|-0.2463|0.0143||24.70|22|19.15|12
GME220204P00077000|2.47|3.05|1.32|1.50|1.32|21|-0.18|-0.1200|56|60|1|100|-0.0701|0.0078|-0.0009|-0.2467|0.0143||1.62|23|1.01|26
GME220204C00078000||||||20||||0|0|0|0.9225|0.0086|0.0076|-0.2649|0.0154||23.80|21|18.25|23
GME220204P00078000|1.80|3.04|1.42|2.17|1.42|20|-0.75|-0.3456|11|23|1|23|-0.0776|0.0086|-0.0010|-0.2653|0.0154||1.63|21|1.12|20
GME220204C00079000||||||19||||0|0|0|0.9142|0.0094|0.0076|-0.2846|0.0167||21.65|21|17.40|26
GME220204P00079000|2.95|3.20|1.80|2.30|1.80|19|-0.50|-0.2174|29|77|1|51|-0.0859|0.0094|-0.0011|-0.2850|0.0167||1.59|8|1.24|27
GME220204C00080000|17.26|17.45|16.40|25.90|17.28|18|-8.62|-0.3328|1|26|1|10|0.9049|0.0103|0.0077|-0.3055|0.0180||20.50|22|16.55|24
GME220204P00080000|1.80|4.00|1.55|2.50|1.60|18|-0.90|-0.3600|1627|2187|10|2543|-0.0951|0.0103|-0.0012|-0.3059|0.0180||1.67|1|1.50|2
GME220204C00081000|12.30|12.30|12.30|14.95|12.30|17|-2.65|-0.1773|1|3|1|1|0.8948|0.0112|0.0077|-0.3274|0.0194||20.10|21|15.70|23
GME220204P00081000|3.80|3.80|2.22|2.72|2.22|17|-0.50|-0.1838|2|43|1|6|-0.1053|0.0112|-0.0013|-0.3278|0.0194||1.96|23|1.55|20
GME220204C00082000||||||16||||0|0|0|0.8836|0.0123|0.0077|-0.3504|0.0209||19.65|21|14.90|22
GME220204P00082000|4.05|4.30|1.88|3.05|1.88|16|-1.17|-0.3836|22|52|2|53|-0.1165|0.0123|-0.0014|-0.3508|0.0209||2.18|25|1.65|21
GME220204C00083000||||||15||||0|0|0|0.8713|0.0134|0.0077|-0.3743|0.0224||17.75|20|14.10|25
GME220204P00083000|2.70|5.00|2.31|3.35|2.31|15|-1.04|-0.3104|-1|138|1|16|-0.1288|0.0134|-0.0016|-0.3747|0.0224||2.41|11|1.90|11
GME220204C00084000||||||14||||0|0|0|0.8577|0.0145|0.0077|-0.3991|0.0240||17.45|21|13.35|23
GME220204P00084000|3.20|5.40|2.23|3.70|2.23|14|-1.47|-0.3973|10|146|1|46|-0.1423|0.0145|-0.0017|-0.3994|0.0240||2.41|7|2.08|7
GME220204C00085000|10.37|13.62|9.55|12.75|12.90|13|0.15|0.0118|25|39|1|31|0.8430|0.0157|0.0076|-0.4244|0.0256||16.50|26|12.60|32
GME220204P00085000|3.50|6.00|2.40|3.80|2.40|13|-1.40|-0.3684|1720|2156|1|2520|-0.1571|0.0157|-0.0019|-0.4247|0.0256||2.63|18|2.30|18
GME220204C00086000||||20.26|20.26|12|||0|1|0|0|0.8269|0.0170|0.0076|-0.4503|0.0273||15.25|8|11.85|31
GME220204P00086000|3.75|6.20|2.89|3.35|2.93|12|-0.42|-0.1254|33|156|1|78|-0.1732|0.0170|-0.0021|-0.4506|0.0273||2.86|7|2.46|10
GME220204C00087000|9.09|9.09|9.09|19.48|9.09|11|-10.39|-0.5334|1|2|1|1|0.8094|0.0182|0.0075|-0.4763|0.0290||14.70|26|11.15|32
GME220204P00087000|4.60|6.62|2.99|4.30|2.99|11|-1.31|-0.3047|12|129|10|99|-0.1907|0.0182|-0.0023|-0.4766|0.0290||3.15|18|2.77|17
GME220204C00088000|9.85|11.00|9.85|19.05|11.00|10|-8.05|-0.4226|0|2|1|2|0.7905|0.0195|0.0074|-0.5024|0.0307||13.65|10|11.10|27
GME220204P00088000|6.10|7.50|3.24|4.15|3.24|10|-0.91|-0.2193|32|125|10|90|-0.2096|0.0195|-0.0026|-0.5026|0.0307||3.45|18|3.00|14
GME220204C00089000|7.20|11.70|7.15|10.50|11.70|9|1.20|0.1143|6|8|1|12|0.7701|0.0208|0.0072|-0.5281|0.0324||12.75|6|10.45|26
GME220204P00089000|6.25|7.47|4.00|5.57|4.00|9|-1.57|-0.2819|22|105|1|72|-0.2300|0.0208|-0.0028|-0.5283|0.0324||3.85|18|3.15|19
GME220204C00090000|9.80|11.30|6.47|9.47|10.66|8|1.19|0.1257|79|182|1|410|0.7483|0.0221|0.0071|-0.5531|0.0340||11.85|10|10.45|22
GME220204P00090000|5.05|8.42|3.85|6.00|3.85|8|-2.15|-0.3583|188|741|1|1137|-0.2518|0.0221|-0.0031|-0.5533|0.0340||4.05|11|3.60|13
GME220204C00091000|7.47|9.30|6.50|10.00|9.30|7|-0.70|-0.0700|38|42|1|50|0.7251|0.0233|0.0069|-0.5770|0.0356||11.50|11|9.45|26
GME220204P00091000|5.90|8.55|3.85|6.35|3.85|7|-2.50|-0.3937|13|57|5|58|-0.2749|0.0233|-0.0034|-0.5772|0.0356||4.45|6|3.90|13
GME220204C00092000|6.95|10.00|5.70|9.47|10.00|6|0.53|0.0560|9|10|1|19|0.7006|0.0244|0.0068|-0.5993|0.0371||10.70|11|9.40|10
GME220204P00092000|5.85|9.45|4.83|6.88|5.00|6|-1.88|-0.2733|35|53|1|108|-0.2994|0.0244|-0.0037|-0.5995|0.0371||5.05|21|4.25|13
GME220204C00093000|6.40|9.25|5.65|7.60|7.83|5|0.23|0.0303|13|23|1|61|0.6750|0.0255|0.0066|-0.6198|0.0384||9.85|1|8.65|22
GME220204P00093000|5.88|10.50|5.00|7.37|5.00|5|-2.37|-0.3216|67|111|1|142|-0.3251|0.0255|-0.0040|-0.6200|0.0384||5.35|26|4.10|21
GME220204C00094000|9.00|9.20|5.43|7.60|7.42|4|-0.18|-0.0237|55|74|1|117|0.6483|0.0264|0.0064|-0.6380|0.0396||9.65|10|7.90|22
GME220204P00094000|6.76|11.00|5.43|7.90|5.43|4|-2.47|-0.3127|20|98|1|174|-0.3518|0.0264|-0.0043|-0.6382|0.0396||5.95|29|5.00|16
GME220204C00095000|8.55|8.70|4.85|6.75|8.20|3|1.45|0.2148|93|284|2|480|0.6208|0.0272|0.0061|-0.6536|0.0406||8.90|9|7.85|15
GME220204P00095000|7.71|12.00|5.60|8.50|5.60|3|-2.90|-0.3412|239|630|2|588|-0.3793|0.0272|-0.0046|-0.6537|0.0406||6.10|5|5.60|1
GME220204C00096000|8.45|8.45|4.70|6.77|7.81|2|1.04|0.1536|80|130|1|148|0.5927|0.0278|0.0059|-0.6662|0.0415||8.40|10|7.50|1
GME220204P00096000|7.55|11.20|6.20|9.10|6.27|2|-2.83|-0.3110|45|240|8|101|-0.4074|0.0278|-0.0050|-0.6663|0.0415||6.85|10|5.70|9
GME220204C00097000|7.40|7.61|4.50|6.37|7.43|1|1.06|0.1664|26|51|1|98|0.5642|0.0283|0.0056|-0.6757|0.0421||7.95|10|6.90|9
GME220204P00097000|9.00|12.00|6.73|9.70|7.10|1|-2.60|-0.2680|33|85|25|62|-0.4358|0.0283|-0.0053|-0.6758|0.0421||7.85|28|6.15|8
GME220204C00098000|6.69|7.10|4.00|8.10|6.54|1|-1.56|-0.1926|90|141|28|167|0.5357|0.0286|0.0054|-0.6820|0.0424||7.35|10|6.00|24
GME220204P00098000|8.50|13.95|7.83|10.11|7.83|1|-2.28|-0.2255|12|177|1|25|-0.4644|0.0286|-0.0057|-0.6821|0.0424||8.05|28|6.65|10
GME220204C00099000|6.50|6.75|4.05|5.55|6.28|2|0.73|0.1315|23|349|1|167|0.5072|0.0286|0.0051|-0.6850|0.0426||7.15|11|6.00|1
GME220204P00099000|12.73|12.79|7.87|10.55|7.87|2|-2.68|-0.2540|1|37|1|21|-0.4929|0.0286|-0.0060|-0.6851|0.0426||8.35|10|7.20|10
GME220204C00100000|5.50|6.75|3.60|5.15|6.06|3|0.91|0.1767|537|1370|2|1512|0.4792|0.0285|0.0048|-0.6849|0.0425||6.25|1|6.00|2
GME220204P00100000|10.00|14.97|8.47|11.70|8.47|3|-3.23|-0.2761|-26|1338|1|148|-0.5209|0.0285|-0.0064|-0.6850|0.0425||8.95|10|7.55|11
GME220204C00101000|5.79|6.10|3.82|5.00|5.37|4|0.37|0.0740|30|160|1|91|0.4518|0.0283|0.0046|-0.6819|0.0423||6.20|10|5.10|10
GME220204P00101000|14.90|14.90|10.00|12.35|10.63|4|-1.72|-0.1393|2|70|1|7|-0.5483|0.0283|-0.0067|-0.6819|0.0423||9.75|24|8.40|8
GME220204C00102000|4.50|5.80|3.45|6.20|5.36|5|-0.84|-0.1355|9|115|1|61|0.4252|0.0279|0.0043|-0.6761|0.0418||5.70|5|5.10|1
GME220204P00102000|15.20|17.10|11.47|11.75|11.47|5|-0.28|-0.0238|-1|58|2|7|-0.5749|0.0279|-0.0070|-0.6761|0.0418||10.70|30|9.05|9
GME220204C00103000|5.75|5.75|3.25|4.45|4.62|6|0.17|0.0382|17|123|1|39|0.3996|0.0273|0.0041|-0.6679|0.0412||5.55|10|4.10|23
GME220204P00103000|15.65|17.33|11.20|14.01|11.20|6|-2.81|-0.2006|0|66|1|8|-0.6005|0.0273|-0.0073|-0.6680|0.0412||11.45|26|9.70|9
GME220204C00104000|4.80|5.00|3.15|4.30|4.50|7|0.20|0.0465|11|81|1|30|0.3751|0.0266|0.0038|-0.6577|0.0405||5.05|11|4.10|23
GME220204P00104000|14.70|18.00|12.90|14.20|12.90|7|-1.30|-0.0915|-2|66|2|9|-0.6250|0.0266|-0.0076|-0.6577|0.0405||12.45|26|10.40|9
GME220204C00105000|4.50|5.00|2.80|3.75|4.50|8|0.75|0.2000|25|447|1|689|0.3519|0.0259|0.0036|-0.6457|0.0396||4.75|13|4.05|13
GME220204P00105000|13.50|17.70|13.50|13.30|14.20|8|0.90|0.0677|-1|141|1|18|-0.6483|0.0259|-0.0079|-0.6457|0.0396||12.80|26|11.15|9
GME220204C00106000|4.80|4.80|2.80|3.70|4.20|9|0.50|0.1351|16|81|5|38|0.3299|0.0250|0.0034|-0.6324|0.0386||4.50|13|3.90|21
GME220204P00106000|17.90|17.90|14.00|15.92|14.00|9|-1.92|-0.1206|-2|26|1|3|-0.6702|0.0250|-0.0082|-0.6324|0.0386||13.75|26|11.85|9
GME220204C00107000|4.30|4.30|2.53|3.85|3.50|10|-0.35|-0.0909|16|119|1|37|0.3093|0.0241|0.0032|-0.6181|0.0376||4.20|18|3.50|18
GME220204P00107000|17.40|18.90|15.22|15.48|15.22|10|-0.26|-0.0168|-4|34|1|6|-0.6909|0.0241|-0.0084|-0.6181|0.0376||14.75|26|12.65|9
GME220204C00108000|2.60|4.15|2.60|3.80|3.15|11|-0.65|-0.1711|33|77|1|65|0.2900|0.0232|0.0030|-0.6030|0.0365||4.00|11|3.35|11
GME220204P00108000|21.23|21.23|14.84|18.00|14.84|11|-3.16|-0.1756|2|79|10|15|-0.7102|0.0232|-0.0086|-0.6030|0.0365||15.75|26|13.35|10
GME220204C00109000|4.10|4.10|2.40|3.10|3.20|12|0.10|0.0323|14|52|1|48|0.2720|0.0223|0.0028|-0.5875|0.0354||3.80|11|3.15|11
GME220204P00109000|16.80|17.43|16.80|15.90|17.43|12|1.53|0.0962|-3|65|1|7|-0.7282|0.0223|-0.0089|-0.5874|0.0354||16.70|26|14.20|9
GME220204C00110000|3.85|3.85|2.25|3.05|3.27|13|0.22|0.0721|91|669|6|524|0.2553|0.0213|0.0026|-0.5717|0.0342||3.40|1|3.15|2
GME220204P00110000|17.05|23.20|16.78|18.50|16.78|13|-1.72|-0.0930|12|476|1|19|-0.7449|0.0213|-0.0091|-0.5717|0.0342||17.30|26|15.00|10
GME220204C00111000|3.30|3.40|2.10|3.45|3.00|14|-0.45|-0.1304|21|109|1|74|0.2398|0.0204|0.0025|-0.5559|0.0331||3.35|16|2.84|26
GME220204P00111000||||12.52|12.52|14|||0|25|0|0|-0.7604|0.0204|-0.0092|-0.5559|0.0331||18.30|26|15.85|11
GME220204C00112000|3.40|3.40|2.16|2.80|2.53|15|-0.27|-0.0964|7|123|2|46|0.2254|0.0195|0.0023|-0.5402|0.0320||3.20|11|2.55|17
GME220204P00112000|21.90|24.83|18.31|20.14|18.31|15|-1.83|-0.0909|10|31|10|15|-0.7748|0.0195|-0.0094|-0.5402|0.0320||19.30|26|16.35|11
GME220204C00113000|2.54|3.05|2.30|2.90|2.79|16|-0.11|-0.0379|6|172|6|20|0.2121|0.0186|0.0022|-0.5248|0.0309||3.05|18|2.53|14
GME220204P00113000|22.00|24.00|20.52|22.20|20.52|16|-1.68|-0.0757|2|42|1|3|-0.7880|0.0186|-0.0096|-0.5247|0.0309||20.30|26|17.35|10
GME220204C00114000|2.17|2.50|2.00|2.80|2.29|17|-0.51|-0.1821|0|69|1|9|0.1999|0.0177|0.0021|-0.5097|0.0298||2.86|11|2.53|2
GME220204P00114000||||21.45|21.45|17|||0|82|0|0|-0.8003|0.0177|-0.0097|-0.5095|0.0298||21.30|26|18.05|10
GME220204C00115000|3.00|3.00|1.86|2.73|2.41|18|-0.32|-0.1172|179|667|1|320|0.1885|0.0169|0.0019|-0.4949|0.0287||2.60|9|2.22|19
GME220204P00115000|24.40|26.48|21.00|24.35|21.00|18|-3.35|-0.1376|-44|129|1|64|-0.8117|0.0169|-0.0099|-0.4947|0.0287||20.10|2|19.00|10
GME220204C00116000|2.70|2.70|1.91|2.42|2.10|19|-0.32|-0.1322|8|105|1|24|0.1780|0.0161|0.0018|-0.4805|0.0277||2.59|11|2.13|14
GME220204P00116000|23.00|23.00|23.00|21.89|23.00|19|1.11|0.0507|-1|35|1|1|-0.8222|0.0161|-0.0100|-0.4804|0.0277||21.90|26|20.00|10
GME220204C00117000|2.15|2.28|1.88|2.56|2.06|20|-0.50|-0.1953|25|89|1|52|0.1683|0.0153|0.0017|-0.4666|0.0268||2.41|19|2.05|18
GME220204P00117000||||22.00|22.00|20|||0|36|0|0|-0.8319|0.0153|-0.0101|-0.4664|0.0267||22.90|26|21.00|5
GME220204C00118000|2.40|2.40|1.74|2.22|1.99|21|-0.23|-0.1036|0|52|1|6|0.1593|0.0146|0.0016|-0.4531|0.0258||2.29|3|2.05|2
GME220204P00118000|23.50|23.50|23.50|13.20|23.50|21|10.30|0.7803|0|25|1|1|-0.8409|0.0146|-0.0102|-0.4529|0.0258||23.15|13|21.65|10
GME220204C00119000|2.34|2.56|1.80|2.11|1.97|22|-0.14|-0.0664|5|43|1|15|0.1510|0.0139|0.0016|-0.4401|0.0249||2.26|16|1.87|13
GME220204P00119000|25.78|26.45|25.78|20.30|25.78|22|5.48|0.2700|-14|45|28|59|-0.8492|0.0139|-0.0104|-0.4399|0.0249||24.15|11|22.65|9
GME220204C00120000|2.30|2.50|1.52|2.00|2.07|23|0.07|0.0350|92|779|1|834|0.1433|0.0133|0.0015|-0.4275|0.0240||2.16|13|1.90|1
GME220204P00120000|28.20|30.35|25.00|25.70|25.00|23|-0.70|-0.0272|60|223|17|197|-0.8569|0.0133|-0.0104|-0.4273|0.0240||25.15|11|23.00|22
GME220204C00121000|1.58|1.69|1.58|1.89|1.63|24|-0.26|-0.1376|3|48|1|3|0.1361|0.0127|0.0014|-0.4154|0.0232||2.07|10|1.63|22
GME220204P00121000||||23.75|23.75|24|||0|28|0|0|-0.8641|0.0127|-0.0105|-0.4151|0.0232||26.15|18|24.00|18
GME220204C00122000|1.91|1.91|1.76|1.85|1.85|25|0.00|0.0000|-16|259|10|24|0.1294|0.0121|0.0013|-0.4037|0.0224||2.05|24|1.63|18
GME220204P00122000||||22.48|22.48|25|||0|30|0|0|-0.8708|0.0121|-0.0106|-0.4034|0.0224||27.15|21|24.70|21
GME220204C00123000|1.98|2.10|1.50|2.54|1.72|26|-0.82|-0.3228|4|43|1|11|0.1232|0.0115|0.0013|-0.3924|0.0216||1.91|6|1.59|18
GME220204P00123000|28.28|28.28|28.28|30.92|28.28|26|-2.64|-0.0854|1|24|1|1|-0.8770|0.0115|-0.0107|-0.3921|0.0216||28.15|22|25.85|6
GME220204C00124000|1.38|2.24|1.38|2.20|1.45|27|-0.75|-0.3409|8|50|1|19|0.1174|0.0110|0.0012|-0.3815|0.0209||1.82|11|1.55|11
GME220204P00124000|30.07|30.07|30.07|28.20|30.07|27|1.87|0.0663|1|13|1|1|-0.8828|0.0110|-0.0108|-0.3812|0.0209||29.15|22|26.70|22
GME220204C00125000|2.00|2.15|1.34|1.75|1.60|28|-0.15|-0.0857|53|364|1|157|0.1119|0.0105|0.0011|-0.3710|0.0202||1.70|1|1.54|5
GME220204P00125000|31.88|33.50|31.88|23.82|33.50|28|9.68|0.4064|0|12|1|2|-0.8883|0.0105|-0.0109|-0.3707|0.0202||30.15|22|27.70|16
GME220204C00126000|1.85|2.00|1.40|1.61|1.60|29|-0.01|-0.0062|16|102|2|23|0.1069|0.0101|0.0011|-0.3609|0.0195||1.66|3|1.48|14
GME220204P00126000|33.69|35.66|32.85|18.70|32.85|29|14.15|0.7567|-1|7|1|4|-0.8933|0.0101|-0.0109|-0.3606|0.0195||31.15|22|28.65|15
GME220204C00127000|1.79|1.87|1.28|2.00|1.40|30|-0.60|-0.3000|11|59|1|22|0.1021|0.0096|0.0010|-0.3512|0.0189||1.63|21|1.39|21
GME220204P00127000|33.52|33.80|33.52|21.63|33.80|30|12.17|0.5626|2|25|1|2|-0.8981|0.0096|-0.0110|-0.3508|0.0189||32.15|22|29.50|22
GME220204C00128000|1.74|1.74|1.26|1.68|1.26|31|-0.42|-0.2500|1|49|1|7|0.0977|0.0092|0.0010|-0.3418|0.0183||1.58|18|1.35|21
GME220204P00128000||||14.85|14.85|31|||0|41|0|0|-0.9025|0.0092|-0.0111|-0.3414|0.0183||33.15|22|30.50|19
GME220204C00129000|1.29|1.79|1.27|1.94|1.34|32|-0.60|-0.3093|8|40|3|10|0.0935|0.0088|0.0010|-0.3327|0.0177||1.51|21|1.31|21
GME220204P00129000|34.75|34.75|34.75|25.61|34.75|32|9.14|0.3569|0|10|1|1|-0.9067|0.0088|-0.0111|-0.3324|0.0177||34.15|22|31.50|15
GME220204C00130000|1.51|1.98|1.12|1.49|1.31|33|-0.18|-0.1208|161|535|1|367|0.0896|0.0085|0.0009|-0.3240|0.0171||1.40|1|1.31|19
GME220204P00130000|40.26|40.26|36.07|25.07|36.43|33|11.36|0.4531|9|73|1|9|-0.9106|0.0085|-0.0112|-0.3236|0.0171||35.15|22|32.25|22
GME220204C00131000|1.23|1.67|1.16|1.78|1.16|34|-0.62|-0.3483|3|514|1|8|0.0859|0.0081|0.0009|-0.3156|0.0166||1.49|26|1.21|21
GME220204P00131000|42.80|42.80|42.80|19.37|42.80|34|23.43|1.2096|1|272|1|1|-0.9143|0.0081|-0.0112|-0.3152|0.0166||36.15|22|33.25|22
GME220204C00132000|1.51|1.60|1.12|1.62|1.28|35|-0.34|-0.2099|1|25|1|13|0.0824|0.0078|0.0008|-0.3075|0.0161||1.38|12|1.19|18
GME220204P00132000||||39.24|39.24|35|||0|36|0|0|-0.9178|0.0078|-0.0113|-0.3071|0.0161||37.15|22|34.25|21
GME220204C00133000|1.16|1.49|1.16|1.60|1.49|36|-0.11|-0.0688|8|40|2|8|0.0791|0.0075|0.0008|-0.2996|0.0156||1.33|10|1.14|21
GME220204P00133000|39.23|39.23|39.23|21.85|39.23|36|17.38|0.7954|1|13|1|1|-0.9211|0.0075|-0.0113|-0.2992|0.0156||38.15|22|35.25|22
GME220204C00134000|1.40|1.45|1.02|1.61|1.07|37|-0.54|-0.3354|13|53|1|18|0.0760|0.0072|0.0008|-0.2921|0.0151||1.30|20|1.13|17
GME220204P00134000|40.92|40.92|40.92|38.50|40.92|37|2.42|0.0629|1|22|1|1|-0.9242|0.0072|-0.0114|-0.2916|0.0151||39.15|22|36.25|22
GME220204C00135000|1.52|1.52|1.00|1.40|1.14|38|-0.26|-0.1857|103|474|1|181|0.0731|0.0069|0.0007|-0.2848|0.0147||1.26|8|1.13|13
GME220204P00135000||||43.00|43.00|38|||0|75|0|0|-0.9271|0.0069|-0.0114|-0.2843|0.0147||40.15|23|37.25|15
GME220204C00136000|1.17|1.19|1.01|1.35|1.15|39|-0.20|-0.1481|6|93|3|12|0.0703|0.0066|0.0007|-0.2777|0.0143||1.25|18|1.07|15
GME220204P00136000||||31.49|31.49|39|||0|19|0|0|-0.9299|0.0066|-0.0114|-0.2772|0.0142||41.15|22|38.30|1
GME220204C00137000|1.36|1.45|0.97|1.58|1.09|40|-0.49|-0.3101|6|25|3|12|0.0677|0.0064|0.0007|-0.2709|0.0138||1.19|13|1.02|21
GME220204P00137000|42.16|42.16|42.16|34.30|42.16|40|7.86|0.2292|1|46|1|1|-0.9325|0.0064|-0.0115|-0.2704|0.0138||42.15|22|39.15|19
GME220204C00138000|1.08|1.48|0.97|1.25|1.04|41|-0.21|-0.1680|17|111|3|53|0.0652|0.0061|0.0007|-0.2643|0.0134||1.17|8|1.01|19
GME220204P00138000||||24.43|24.43|41|||0|44|0|0|-0.9350|0.0062|-0.0116|-0.2638|0.0134||43.15|22|40.15|15
GME220204C00139000|1.11|1.27|0.94|1.83|0.98|42|-0.85|-0.4645|3|24|1|18|0.0629|0.0059|0.0006|-0.2579|0.0130||1.13|5|0.98|8
GME220204P00139000|49.45|49.45|49.45|36.28|49.45|42|13.17|0.3630|0|7|2|2|-0.9373|0.0059|-0.0116|-0.2574|0.0130||44.15|22|41.10|21
GME220204C00140000|1.34|1.43|0.88|1.15|1.09|43|-0.06|-0.0522|216|609|1|381|0.0606|0.0057|0.0006|-0.2518|0.0127||1.12|3|0.95|6
GME220204P00140000|51.63|51.63|45.30|47.47|45.30|43|-2.17|-0.0457|15|45|14|17|-0.9396|0.0057|-0.0116|-0.2512|0.0126||45.15|22|41.75|21
GME220204C00141000|1.28|1.33|0.99|1.26|1.00|44|-0.26|-0.2063|3|12|2|13|0.0585|0.0055|0.0006|-0.2458|0.0123||1.07|4|0.95|16
GME220204P00141000||||31.58|31.58|44|||0|11|0|0|-0.9417|0.0055|-0.0116|-0.2452|0.0123||46.15|22|43.00|21
GME220204C00142000|1.28|1.29|0.93|1.15|0.99|45|-0.16|-0.1391|4|25|1|16|0.0565|0.0053|0.0006|-0.2400|0.0120||1.06|10|0.92|19
GME220204P00142000||||33.30|33.30|45|||0|2|0|0|-0.9437|0.0053|-0.0117|-0.2394|0.0120||47.15|21|44.00|14
GME220204C00143000|1.00|1.05|0.87|1.25|0.87|46|-0.38|-0.3040|2|16|1|5|0.0546|0.0051|0.0006|-0.2344|0.0117||0.99|3|0.88|9
GME220204P00143000||||50.37|50.37|46|||0|2|0|0|-0.9456|0.0051|-0.0117|-0.2338|0.0116||48.15|20|45.00|11
GME220204C00144000|1.25|1.25|0.83|1.06|0.83|47|-0.23|-0.2170|5|33|2|6|0.0527|0.0049|0.0005|-0.2289|0.0114||0.99|3|0.88|17
GME220204P00144000|52.00|52.00|52.00|43.67|52.00|47|8.33|0.1907|1|10|1|1|-0.9475|0.0049|-0.0118|-0.2283|0.0113||49.15|21|46.00|18
GME220204C00145000|1.17|1.26|0.82|1.04|0.91|48|-0.13|-0.1250|125|401|1|143|0.0510|0.0048|0.0005|-0.2236|0.0111||0.99|6|0.86|5
GME220204P00145000||||39.20|39.20|48|||0|46|0|0|-0.9492|0.0048|-0.0118|-0.2230|0.0110||50.15|22|47.00|11
GME220204C00146000|1.05|1.05|0.86|1.15|0.89|49|-0.26|-0.2261|2|49|1|13|0.0493|0.0046|0.0005|-0.2185|0.0108||0.97|8|0.84|17
GME220204P00146000||||48.50|48.50|49|||0|2|0|0|-0.9509|0.0046|-0.0118|-0.2178|0.0107||51.20|20|47.95|10
GME220204C00147000|0.99|1.10|0.81|1.00|0.90|50|-0.10|-0.1000|26|138|1|68|0.0477|0.0045|0.0005|-0.2135|0.0105||0.94|9|0.84|11
GME220204P00147000||||54.18|54.18|50|||0|51|0|0|-0.9525|0.0045|-0.0118|-0.2128|0.0104||52.15|21|48.95|17
GME220204C00150000|1.08|1.23|0.70|1.04|0.85|51|-0.19|-0.1827|478|1535|1|963|0.0433|0.0040|0.0004|-0.1994|0.0097||0.85|2|0.84|1
GME220204P00150000|61.05|61.05|55.58|45.00|57.20|51|12.20|0.2711|6|99|2|8|-0.9569|0.0040|-0.0119|-0.1986|0.0096||55.00|21|51.90|16
GME220204C00155000|0.91|1.03|0.66|0.93|0.76|52|-0.17|-0.1828|65|389|1|119|0.0371|0.0034|0.0004|-0.1783|0.0085||0.86|11|0.67|13
GME220204P00155000|60.44|60.52|60.42|50.00|60.45|52|10.45|0.2090|3|25|1|4|-0.9631|0.0034|-0.0120|-0.1774|0.0085||60.00|21|56.80|16
GME220204C00160000|0.85|0.98|0.60|0.82|0.66|53|-0.16|-0.1951|238|558|2|482|0.0320|0.0029|0.0003|-0.1597|0.0075||0.66|1|0.64|3
GME220204P00160000||||55.00|55.00|53|||0|29|0|0|-0.9682|0.0030|-0.0121|-0.1588|0.0075||66.10|21|61.75|11
GME220204C00165000|0.86|0.98|0.57|0.72|0.63|54|-0.09|-0.1250|17|268|1|42|0.0278|0.0025|0.0003|-0.1434|0.0067||0.68|6|0.57|6
GME220204P00165000|75.83|75.83|71.65|62.52|71.65|54|9.13|0.1460|0|3|1|3|-0.9724|0.0026|-0.0122|-0.1424|0.0066||71.05|22|66.55|21
GME220204C00170000|0.85|0.85|0.55|0.77|0.56|55|-0.21|-0.2727|28|229|1|65|0.0243|0.0022|0.0002|-0.1290|0.0060||0.63|4|0.50|8
GME220204P00170000||||56.08|56.08|55|||0|41|0|0|-0.9760|0.0022|-0.0121|-0.1280|0.0059||76.00|21|71.65|11
GME220204C00175000|0.76|0.80|0.50|0.68|0.53|56|-0.15|-0.2206|12|500|1|35|0.0213|0.0019|0.0002|-0.1163|0.0053||0.62|4|0.47|6
GME220204P00175000||||81.67|81.67|56|||0|17|0|0|-0.9790|0.0019|-0.0122|-0.1151|0.0053||80.95|21|76.70|5
GME220204C00180000|0.71|0.77|0.48|0.50|0.55|57|0.05|0.1000|55|611|4|96|0.0188|0.0017|0.0002|-0.1050|0.0048||0.62|6|0.47|4
GME220204P00180000|85.23|85.23|84.35|85.38|84.35|57|-1.03|-0.0121|3|35|1|5|-0.9815|0.0017|-0.0122|-0.1038|0.0047||85.90|22|80.90|21
GME220204C00185000|0.63|0.63|0.46|0.57|0.53|58|-0.04|-0.0702|20|265|1|37|0.0166|0.0015|0.0002|-0.0950|0.0043||0.52|2|0.40|2
GME220204P00185000|95.60|96.55|89.48|72.35|89.48|58|17.13|0.2368|7|11|1|9|-0.9837|0.0015|-0.0122|-0.0937|0.0042||90.90|23|84.65|22
GME220204C00190000|0.70|0.70|0.39|0.52|0.44|59|-0.08|-0.1538|13|385|11|78|0.0147|0.0013|0.0001|-0.0861|0.0039||0.52|5|0.40|4
GME220204P00190000|95.73|96.70|95.20|95.35|96.60|59|1.25|0.0131|176|191|1|178|-0.9855|0.0013|-0.0121|-0.0847|0.0038||95.85|22|89.65|22
GME220204C00195000|0.60|0.62|0.40|0.50|0.40|60|-0.10|-0.2000|15|209|2|37|0.0131|0.0012|0.0001|-0.0781|0.0035||0.45|3|0.35|4
GME220204P00195000|102.05|102.05|102.05|102.55|102.05|60|-0.50|-0.0049|7|29|5|7|-0.9871|0.0012|-0.0120|-0.0766|0.0034||100.80|23|94.60|22
GME220204C00200000|0.53|0.65|0.35|0.46|0.40|61|-0.06|-0.1304|853|3021|1|1220|0.0117|0.0011|0.0001|-0.0711|0.0032||0.40|10|0.37|1
GME220204P00200000||||90.89|90.89|61|||0|18|0|0|-0.9885|0.0011|-0.0119|-0.0695|0.0031||105.80|22|101.35|20
GME220204C00205000|0.48|0.48|0.35|0.45|0.36|62|-0.09|-0.2000|5|113|1|30|0.0105|0.0009|0.0001|-0.0648|0.0029||0.40|4|0.30|4
GME220204P00205000||||102.90|102.90|62|||0|16|0|0|-0.9897|0.0009|-0.0119|-0.0631|0.0028||110.80|22|104.55|22
GME220204C00210000|0.60|0.60|0.32|0.44|0.35|63|-0.09|-0.2045|5|190|1|49|0.0095|0.0008|0.0001|-0.0591|0.0026||0.36|2|0.28|3
GME220204P00210000||||115.19|115.19|63|||0|8|0|0|-0.9908|0.0008|-0.0118|-0.0573|0.0026||115.75|1|111.10|20
GME220204C00215000|0.60|0.60|0.31|0.39|0.34|50|-0.05|-0.1282|7|118|1|20|0.0085|0.0008|0.0001|-0.0540|0.0024||0.68|16|0.25|1
GME220204P00215000|121.70|121.70|120.13|126.95|120.30|50|-6.77|-0.0533|18|31|4|24|-0.9917|0.0008|-0.0116|-0.0522|0.0023||120.75|1|114.50|21
GME220204C00220000|0.46|0.46|0.27|0.37|0.27|50|-0.10|-0.2703|36|366|1|58|0.0077|0.0007|0.0001|-0.0495|0.0022||0.28|1|0.25|4
GME220204P00220000|124.47|124.47|124.47|123.20|124.47|50|1.27|0.0103|1|15|1|1|-0.9926|0.0007|-0.0115|-0.0475|0.0021||125.70|22|119.50|22
GME220204C00225000|0.42|0.43|0.25|0.38|0.27|50|-0.11|-0.2895|32|225|10|45|0.0070|0.0006|0.0001|-0.0454|0.0020||0.28|1|0.24|3
GME220204P00225000||||111.55|111.55|50|||0|2|0|0|-0.9933|0.0006|-0.0114|-0.0433|0.0019||130.70|21|125.70|20
GME220204C00230000|0.38|0.38|0.23|0.35|0.23|50|-0.12|-0.3429|34|212|10|41|0.0064|0.0006|0.0001|-0.0417|0.0019||0.27|3|0.22|4
GME220204P00230000||||116.45|116.45|50|||0|3|0|0|-0.9939|0.0006|-0.0113|-0.0396|0.0018||135.70|21|130.25|20
GME220204C00235000|0.29|0.39|0.27|1.16|0.27|50|-0.89|-0.7672|1|42|1|4|0.0058|0.0005|0.0001|-0.0383|0.0017||0.26|4|0.21|4
GME220204P00235000||||||50|||0|0|0|0|-0.9945|0.0005|-0.0110|-0.0361|0.0016||140.65|21|135.65|20
GME220204C00240000|0.29|0.29|0.23|0.32|0.23|50|-0.09|-0.2813|1|77|1|20|0.0053|0.0005|0.0001|-0.0353|0.0016||0.26|3|0.18|3
GME220204P00240000||||139.07|139.07|50|||0|3|0|0|-0.9950|0.0005|-0.0109|-0.0330|0.0015||145.65|21|139.40|24
GME220204C00245000|0.43|0.43|0.24|0.30|0.26|50|-0.04|-0.1333|0|17|1|5|0.0048|0.0004|0.0000|-0.0325|0.0014||0.23|18|0.18|4
GME220204P00245000||||||50|||0|0|0|0|-0.9955|0.0004|-0.0107|-0.0302|0.0013||150.65|21|145.60|20
GME220204C00250000|0.38|0.38|0.20|0.26|0.20|50|-0.06|-0.2308|289|984|1|388|0.0044|0.0004|0.0000|-0.0301|0.0013||0.22|4|0.20|1
GME220204P00250000||||139.19|139.19|50|||0|5|0|0|-0.9959|0.0004|-0.0104|-0.0276|0.0012||155.65|22|150.60|21
GME220204C00255000|0.30|0.30|0.19|0.26|0.19|50|-0.07|-0.2692|3|106|1|5|0.0041|0.0004|0.0000|-0.0278|0.0012||0.21|4|0.18|1
GME220204P00255000||||||50||||0|0|0|-0.9963|0.0004|-0.0103|-0.0253|0.0011||160.60|21|154.40|21
GME220204C00260000|0.22|0.26|0.20|0.25|0.20|50|-0.05|-0.2000|24|141|1|44|0.0037|0.0003|0.0000|-0.0257|0.0011||0.20|2|0.16|2
GME220204P00260000||||||50||||0|0|0|-0.9966|0.0003|-0.0100|-0.0231|0.0010||165.60|21|159.35|24
GME220204C00270000|0.22|0.25|0.20|0.22|0.21|50|-0.01|-0.0455|395|558|139|405|0.0032|0.0003|0.0000|-0.0221|0.0010||0.18|4|0.14|4
GME220204P00270000||||||50||||0|0|0|-0.9972|0.0003|-0.0096|-0.0194|0.0009||175.60|21|170.55|20
GME220204C00280000|0.22|0.24|0.15|0.20|0.15|50|-0.05|-0.2500|13|167|1|18|0.0027|0.0002|0.0000|-0.0191|0.0009||0.17|1|0.09|2
GME220204P00280000||||||50||||0|0|0|-0.9976|0.0002|-0.0091|-0.0162|0.0007||185.55|21|179.35|21
GME220204C00290000|0.37|0.37|0.13|0.19|0.13|50|-0.06|-0.3158|163|363|1|248|0.0023|0.0002|0.0000|-0.0166|0.0007||0.15|2|0.09|3
GME220204P00290000||||||50||||0|0|0|-0.9980|0.0002|-0.0085|-0.0135|0.0006||195.55|21|189.30|24
GME220204C00300000|0.19|0.26|0.12|0.18|0.13|50|-0.05|-0.2778|62|750|1|173|0.0020|0.0002|0.0000|-0.0145|0.0006||0.14|4|0.12|2
GME220204P00300000||||147.10|147.10|50|||0|1|0|0|-0.9984|0.0002|-0.0080|-0.0112|0.0005||205.55|21|199.65|20
GME220204C00310000|0.16|0.16|0.11|0.16|0.12|50|-0.04|-0.2500|49|726|1|51|0.0017|0.0002|0.0000|-0.0127|0.0006||0.13|4|0.11|2
GME220204P00310000||||||50||||0|0|0|-0.9986|0.0002|-0.0073|-0.0093|0.0004||215.50|21|209.65|20
GME220204C00320000|0.14|0.20|0.09|0.15|0.11|50|-0.04|-0.2667|1760|5062|3|2798|0.0015|0.0001|0.0000|-0.0111|0.0005||0.11|1|0.10|18
GME220204P00320000||||222.87|222.87|50|||0|3|0|0|-0.9989|0.0001|-0.0068|-0.0077|0.0004||225.50|22|219.25|25
GME220211C00040000||||58.69|58.69|10|||0|3|0|0|0.9888|0.0007|0.0127|-0.0488|0.0050||61.15|26|54.95|21
GME220211P00040000|0.35|0.49|0.22|0.36|0.28|10|-0.08|-0.2222|67|441|1|78|-0.0112|0.0007|-0.0004|-0.0500|0.0050||0.33|1|0.09|14
GME220211C00050000||||108.65|108.65|9|||0|1|0|0|0.9779|0.0014|0.0153|-0.0772|0.0090||51.40|24|45.20|20
GME220211P00050000|0.65|0.79|0.52|0.56|0.56|9|0.00|0.0000|21|155|1|55|-0.0221|0.0014|-0.0007|-0.0782|0.0090||0.58|22|0.53|2
GME220211C00060000||||87.55|87.55|8|||0|1|0|0|0.9565|0.0030|0.0176|-0.1202|0.0159||41.70|24|35.70|12
GME220211P00060000|1.18|1.42|0.91|1.15|1.00|8|-0.15|-0.1304|12|155|1|68|-0.0435|0.0030|-0.0015|-0.1210|0.0159||1.18|12|0.68|12
GME220211C00065000||||||7|||||0|0|0.9386|0.0042|0.0184|-0.1495|0.0209||34.80|1|25.85|23
GME220211P00065000|2.00|2.00|1.17|2.00|1.17|7|-0.83|-0.4150||11|6|11|-0.0614|0.0042|-0.0020|-0.1502|0.0209||1.75|20|0.48|24
GME220211C00070000|25.05|29.00|25.05|25.05|29.00|6|3.95|0.1577|2|2|1|3|0.9137|0.0058|0.0191|-0.1840|0.0272||30.00|1|26.55|11
GME220211P00070000|1.85|2.90|1.80|1.96|1.85|6|-0.11|-0.0561|32|137|1|71|-0.0863|0.0058|-0.0029|-0.1846|0.0272||2.08|23|1.33|24
GME220211C00075000|19.55|19.55|19.55|23.00|19.55|5|-3.45|-0.1500|-4|0|4|4|0.8790|0.0079|0.0194|-0.2237|0.0348||27.80|21|22.25|22
GME220211P00075000|2.70|4.10|2.39|2.60|2.39|5|-0.21|-0.0808|27|165|10|80|-0.1210|0.0079|-0.0040|-0.2242|0.0348||2.68|21|1.91|14
GME220211C00080000|20.60|20.60|15.20|18.90|20.15|4|1.25|0.0661|1|21|1|7|0.8312|0.0104|0.0192|-0.2684|0.0436||22.60|22|18.30|12
GME220211P00080000|3.69|5.70|3.18|4.27|3.18|4|-1.09|-0.2553|33|248|10|65|-0.1688|0.0104|-0.0056|-0.2688|0.0436||3.55|15|2.81|10
GME220211C00085000|12.20|14.50|12.20|16.40|14.50|3|-1.90|-0.1159|3|10|1|4|0.7676|0.0131|0.0184|-0.3163|0.0528||19.20|22|16.85|20
GME220211P00085000|5.30|8.01|4.50|5.90|4.50|3|-1.40|-0.2373|45|181|1|128|-0.2324|0.0132|-0.0077|-0.3166|0.0528||5.05|22|3.10|39
