symbol|open|high|low|preClose|close|activeLevel|change|changeRatio|openIntChange|openInterest|latestPriceVol|volume|delta|gamma|rho|theta|vega|tradeStamptradeTime|ask|avol|bid|bvol
GME211203C00100000||||83.51|83.51|10|0.00|0.0000|-1|9|0|0|0.9749|0.0012|0.0026|-1.4960|0.0053||73.60|7|68.95|15
GME211203P00100000|0.04|0.05|0.01|0.06|0.05|10|-0.01|-0.1667|21|534|5|39|-0.0004|0.0001|0.0000|-0.0213|0.0001||0.05|100|0.01|3
GME211203C00110000||||135.99|135.99|9|0.00|0.0000|0|1|0|0|0.8671|0.0024|0.0022|-9.5445|0.0193||63.85|7|59.10|4
GME211203P00110000||||0.11|0.11|9|0.00|0.0000|27|199|0|0|-0.0013|0.0002|0.0000|-0.0569|0.0004||0.11|12|0.05|100
GME211203C00120000||||||8||||0|0|0|1.0000|0.0000|0.0033|-0.0004|0.0000||54.25|11|48.90|9
GME211203P00120000|0.04|0.11|0.04|0.19|0.08|8|-0.11|-0.5789|165|546|10|37|-0.0039|0.0005|0.0000|-0.1366|0.0010||0.12|14|0.05|6
GME211203C00130000||||65.44|65.44|7|0.00|0.0000|0|1|0|0|0.8157|0.0040|0.0025|-8.9383|0.0239||44.65|11|38.65|10
GME211203P00130000|0.14|0.18|0.09|0.29|0.09|7|-0.20|-0.6897|7|983|1|14|-0.0099|0.0013|0.0000|-0.2734|0.0024||0.18|13|0.05|44
GME211203C00140000||||55.33|55.33|6|0.00|0.0000|0|6|0|0|0.7454|0.0039|0.0044|-6.5795|0.0407||34.90|17|28.85|10
GME211203P00140000|0.15|0.38|0.01|0.30|0.25|6|-0.05|-0.1667|17|1168|15|227|-0.0175|0.0026|-0.0001|-0.3618|0.0039||0.25|1|0.17|1
GME211203C00150000|23.50|23.50|22.00|44.80|22.00|5|-22.80|-0.5089|0|6|1|21|0.7290|0.0068|0.0026|-8.0261|0.0297||22.00|13|19.35|15
GME211203P00150000|0.20|0.59|0.20|0.65|0.37|5|-0.28|-0.4308|149|1347|1|271|-0.0622|0.0081|-0.0003|-0.9312|0.0110||0.47|10|0.26|14
GME211203C00155000||||27.75|27.75|4|0.00|0.0000|0|5|0|0|0.8686|0.0134|0.0036|-1.6948|0.0191||19.85|24|14.10|12
GME211203P00155000|0.39|0.70|0.33|0.68|0.45|4|-0.23|-0.3382|-29|963|3|85|-0.0915|0.0124|-0.0004|-1.0853|0.0147||0.72|36|0.45|10
GME211203C00160000|23.77|23.77|23.77|23.00|23.77|3|0.77|0.0335|2|117|3|3|0.8026|0.0193|0.0034|-1.9989|0.0249||12.75|31|9.85|49
GME211203P00160000|1.14|1.24|0.35|0.68|1.00|3|0.32|0.4706|108|548|1|472|-0.3555|0.0054|-0.0877|-0.3295|0.2085||1.05|2|0.79|10
GME211203C00165000|15.40|15.40|6.80|32.50|10.00|2|-22.50|-0.6923|0|31|1|28|0.6082|0.0093|0.0023|-7.9465|0.0344||7.90|21|6.30|34
GME211203P00165000|0.62|2.20|0.40|1.20|1.60|2|0.40|0.3333|41|824|14|558|-0.2672|0.0309|-0.0013|-1.7511|0.0295||1.92|9|1.46|14
GME211203C00170000|6.30|6.30|3.50|13.35|3.58|1|-9.77|-0.7318|13|63|1|44|0.5572|0.0382|0.0025|-2.0411|0.0354||4.20|2|3.65|10
GME211203P00170000|1.42|3.75|0.80|1.87|3.15|1|1.28|0.6845|480|1414|19|761|-0.4381|0.0399|-0.0021|-1.9474|0.0353||3.55|6|2.85|1
GME211203C00175000|7.05|7.05|1.45|9.00|1.68|1|-7.32|-0.8133|6|123|86|757|0.3483|0.0415|0.0016|-1.6489|0.0331||1.90|2|1.50|1
GME211203P00175000|1.75|6.75|1.50|2.73|6.25|1|3.52|1.2894|485|968|1|504|-0.6540|0.0419|-0.0032|-1.6211|0.0331||6.65|8|5.60|13
GME211203C00177500|4.12|4.12|0.93|8.24|1.07|2|-7.17|-0.8701|34|41|1|478|0.2892|0.0327|0.0013|-1.7897|0.0306||1.17|2|1.02|1
GME211203P00177500|2.70|8.95|2.20|3.58|8.00|2|4.42|1.2346|267|466|1|258|-0.4816|0.0073|-0.1151|-0.2774|0.2231||8.95|26|7.00|43
GME211203C00180000|4.60|5.00|0.54|5.75|0.70|3|-5.05|-0.8783|33|766|3|547|0.1676|0.0291|0.0008|-1.0818|0.0225||0.81|20|0.60|1
GME211203P00180000|5.29|11.50|2.63|4.40|7.92|3|3.52|0.8000|-355|1413|3|132|-0.8431|0.0290|-0.0042|-0.9935|0.0215||10.40|5|9.30|1
GME211203C00182500|3.75|3.90|0.45|4.40|0.80|4|-3.60|-0.8182|61|146|3|121|0.1906|0.0227|0.0017|-0.8135|0.0345||0.85|91|0.34|11
GME211203P00182500|7.75|13.03|3.89|5.41|11.85|4|6.44|1.1904|-45|252|10|29|-0.9134|0.0201|-0.0046|-0.6205|0.0141||13.60|15|10.40|68
GME211203C00185000|2.43|3.10|0.25|3.22|0.36|5|-2.86|-0.8882|314|795|25|932|0.0556|0.0136|0.0003|-0.4619|0.0101||0.48|24|0.26|25
GME211203P00185000|9.16|15.48|4.90|7.21|15.04|5|7.83|1.0860|-47|541|1|51|-0.9389|0.0143|-0.0048|-0.5112|0.0108||16.25|16|13.70|17
GME211203C00187500|2.00|2.16|0.25|2.40|0.25|6|-2.15|-0.8958|-120|610|1|90|0.0320|0.0087|0.0001|-0.2972|0.0064||0.43|56|0.20|33
GME211203P00187500|7.14|17.61|7.14|8.59|17.61|6|9.02|1.0501|-33|442|1|7|-0.9716|0.0081|-0.0050|-0.2610|0.0058||19.00|18|14.65|77
GME211203C00190000|1.42|1.60|0.22|1.70|0.30|7|-1.40|-0.8235|-141|637|1|450|0.0160|0.0049|0.0001|-0.1637|0.0036||0.28|1|0.23|1
GME211203P00190000|11.26|20.31|8.25|11.17|19.72|7|8.55|0.7654|-67|766|1|71|-0.5488|0.0066|-0.1383|-0.3031|0.2216||20.85|6|18.45|16
GME211203C00192500|1.00|1.09|0.20|1.27|0.30|8|-0.97|-0.7638|-248|254|1|68|0.0491|0.0086|0.0004|-0.3016|0.0129||0.33|31|0.16|24
GME211203P00192500|10.85|15.50|10.85|12.49|15.50|8|3.01|0.2410|-8|265|2|15|-0.9908|0.0029|-0.0052|-0.1037|0.0022||23.70|26|20.75|22
GME211203C00195000|1.09|1.09|0.13|1.07|0.19|9|-0.88|-0.8224|-71|526|4|158|0.0066|0.0021|0.0000|-0.0827|0.0017||0.24|10|0.17|10
GME211203P00195000|15.20|23.70|12.95|14.76|23.40|9|8.64|0.5854|-69|557|2|12|-0.5923|0.0069|-0.1484|-0.2782|0.2173||26.15|35|21.05|142
GME211203C00197500|0.35|0.35|0.15|0.89|0.18|10|-0.71|-0.7978|-133|357|1|28|0.0049|0.0015|0.0000|-0.0664|0.0013||0.20|4|0.15|4
GME211203P00197500|17.15|17.15|15.00|17.43|15.00|10|-2.43|-0.1394|-4|198|1|2|-0.9897|0.0026|-0.0054|-0.1424|0.0025||29.05|16|23.45|106
GME211203C00200000|0.65|0.74|0.15|0.68|0.15|11|-0.53|-0.7794|599|1650|1|472|0.0029|0.0009|0.0000|-0.0426|0.0008||0.17|1|0.15|6
GME211203P00200000|18.50|29.61|18.50|19.88|27.90|11|8.02|0.4034|-271|727|3|12|-0.9899|0.0024|-0.0054|-0.1517|0.0024||31.10|18|26.45|131
GME211203C00202500|0.30|0.51|0.16|0.50|0.16|12|-0.34|-0.6800|164|445|6|18|0.3819|0.0063|0.0556|-0.2946|0.2135||0.21|23|0.12|10
GME211203P00202500|21.15|24.48|21.15|21.93|24.48|12|2.55|0.1163|-30|154|1|2|-0.5869|0.0057|-0.1584|-0.3411|0.2180||33.55|18|28.45|141
GME211203C00205000|0.88|0.88|0.12|0.55|0.13|13|-0.42|-0.7636|-141|693|1|70|0.0021|0.0006|0.0000|-0.0351|0.0006||0.15|1|0.10|13
GME211203P00205000|26.93|30.45|26.93|24.98|30.45|13|5.47|0.2190|-135|349|1|5|-0.5482|0.0047|-0.1598|-0.4261|0.2217||36.10|11|31.00|138
GME211203C00207500|0.15|0.15|0.11|0.55|0.11|14|-0.44|-0.8000|148|548|1|13|0.3999|0.0054|0.0558|-0.3528|0.2162||0.14|6|0.09|9
GME211203P00207500|38.35|38.35|38.35|25.68|38.35|14|12.67|0.4934|-2|33|1|1|-0.8816|0.0076|-0.0052|-2.5910|0.0178||38.35|20|33.50|76
GME211203C00210000|0.33|0.39|0.08|0.46|0.10|15|-0.36|-0.7826|73|1012|1|400|0.0016|0.0004|0.0000|-0.0296|0.0005||0.10|3|0.08|5
GME211203P00210000|28.88|40.95|28.55|29.77|40.95|15|11.18|0.3755|-51|334|1|10|-0.9907|0.0017|-0.0057|-0.1816|0.0022||40.95|15|36.45|129
GME211203C00212500|0.22|0.22|0.09|0.48|0.10|16|-0.38|-0.7917|47|344|1|13|0.0017|0.0004|0.0000|-0.0349|0.0005||0.12|6|0.07|6
GME211203P00212500|37.02|37.02|37.02|33.40|37.02|16|3.62|0.1084|0|67|1|1|-0.9733|0.0033|-0.0057|-0.5741|0.0055||43.85|18|38.95|121
GME211203C00215000|0.17|0.23|0.08|0.37|0.08|17|-0.29|-0.7838|0|792|24|68|0.0011|0.0003|0.0000|-0.0222|0.0003||0.11|4|0.08|100
GME211203P00215000|35.00|45.70|35.00|31.97|45.70|17|13.73|0.4295|-11|215|4|5|-0.9547|0.0043|-0.0057|-1.0547|0.0085||46.15|11|41.10|136
GME211203C00217500|0.16|0.16|0.10|0.38|0.10|18|-0.28|-0.7368|-3|180|1|106|0.0011|0.0003|0.0000|-0.0245|0.0003||0.10|7|0.05|18
GME211203P00217500|46.36|46.36|46.36|38.35|46.36|18|8.01|0.2089|-2|72|10|10|-0.9752|0.0029|-0.0058|-0.5858|0.0052||48.90|15|43.60|131
GME211203C00220000|0.17|0.20|0.05|0.36|0.07|19|-0.29|-0.8056|32|1410|1|146|0.0010|0.0003|0.0000|-0.0237|0.0003||0.07|1|0.05|15
GME211203P00220000|49.15|49.15|49.15|40.13|49.15|19|9.02|0.2248|-18|195|3|3|-0.9862|0.0019|-0.0060|-0.3341|0.0032||50.95|19|46.45|117
GME211203C00222500|0.09|0.09|0.07|0.37|0.07|20|-0.30|-0.8108|4|185|1|2|0.4075|0.0043|0.0531|-0.4487|0.2173||0.09|7|0.05|2
GME211203P00222500|44.57|44.57|44.57|45.85|44.57|20|-1.28|-0.0279|-6|45|1|1|-0.9366|0.0045|-0.0058|-1.7389|0.0111||53.50|17|48.65|99
GME211203C00225000|0.20|0.20|0.06|0.30|0.06|21|-0.24|-0.8000|-60|596|1|41|0.4008|0.0043|0.0523|-0.4491|0.2164||0.07|1|0.05|1
GME211203P00225000|42.95|53.85|42.95|45.20|53.43|21|8.23|0.1821|0|125|2|13|-0.9861|0.0017|-0.0061|-0.3676|0.0032||56.00|11|51.15|122
GME211203C00227500|0.14|0.14|0.04|0.50|0.04|22|-0.46|-0.9200|16|113|1|3|0.0221|0.0023|0.0002|-0.3077|0.0067||0.08|15|0.04|2
GME211203P00227500||||45.48|45.48|22|0.00|0.0000|0|26|0|0|-0.9905|0.0013|-0.0062|-0.2566|0.0023||58.55|19|53.70|94
GME211203C00230000|0.24|0.24|0.03|0.24|0.03|23|-0.21|-0.8750|-39|888|1|55|0.0005|0.0001|0.0000|-0.0130|0.0002||0.08|5|0.03|11
GME211203P00230000|47.00|47.00|47.00|49.84|47.00|23|-2.84|-0.0570|-4|63|1|1|-0.9906|0.0012|-0.0063|-0.2640|0.0023||61.10|5|56.20|104
GME211203C00232500||||0.25|0.25|24|0.00|0.0000|-7|86|0|0|0.5710|0.0023|0.0525|-0.8456|0.2198||0.08|6|0.03|2
GME211203P00232500||||52.32|52.32|24|0.00|0.0000|-1|33|0|0|-0.9475|0.0035|-0.0123|-0.8199|0.0136||63.55|12|58.75|96
GME211203C00235000|0.56|0.56|0.02|0.25|0.02|25|-0.23|-0.9200|-14|317|1|7|0.0005|0.0001|0.0000|-0.0155|0.0002||0.08|19|0.02|35
GME211203P00235000|53.48|63.61|53.48|53.95|63.56|25|9.61|0.1781|-31|340|2|19|-0.9981|0.0003|-0.0064|-0.0550|0.0005||65.85|15|61.30|81
GME211203C00237500|0.13|0.13|0.02|0.27|0.02|26|-0.25|-0.9259|-1|114|1|8|0.0006|0.0001|0.0000|-0.0179|0.0002||0.08|23|0.02|22
GME211203P00237500|55.98|66.11|55.98|56.45|66.06|26|9.61|0.1702|-22|262|2|19|-0.9981|0.0003|-0.0065|-0.0569|0.0005||68.75|11|63.85|117
GME211203C00240000|0.20|0.20|0.04|0.27|0.04|27|-0.23|-0.8519|64|656|1|9|0.0006|0.0001|0.0000|-0.0177|0.0002||0.05|5|0.04|10
GME211203P00240000||||60.48|60.48|27|0.00|0.0000|-6|95|0|0|-0.9840|0.0015|-0.0065|-0.5194|0.0036||71.20|18|66.35|111
GME211203C00245000|0.05|0.06|0.01|0.23|0.06|28|-0.17|-0.7391|-115|299|1|24|0.0096|0.0010|0.0000|-0.3258|0.0023||0.07|7|0.01|24
GME211203P00245000|66.88|66.88|66.88|60.55|66.88|28|6.33|0.1045|-1|67|1|1|-0.6404|0.0039|-0.2149|-0.4590|0.2093||76.00|19|71.40|105
GME211203C00250000|0.06|0.12|0.02|0.14|0.04|29|-0.10|-0.7143|1181|4523|3|128|0.3988|0.0035|0.0487|-0.5514|0.2161||0.05|30|0.02|4
GME211203P00250000|75.53|75.81|75.53|70.43|75.81|29|5.38|0.0764|0|123|1|3|-0.9857|0.0013|-0.0068|-0.5177|0.0033||80.95|11|76.45|117
GME211203C00260000|0.05|0.05|0.01|0.15|0.01|30|-0.14|-0.9333|-5|709|9|11|0.0048|0.0005|0.0000|-0.1851|0.0012||0.05|5|0.01|1
GME211203P00260000||||75.00|75.00|30|0.00|0.0000|0|6|0|0|-0.9992|0.0001|-0.0071|-0.0299|0.0002||91.05|17|86.55|37
GME211203C00270000|0.04|0.06|0.02|0.02|0.02|31|0.00|0.0000|20|607|4|12|0.0045|0.0005|0.0000|-0.1905|0.0012||0.03|1|0.01|1
GME211203P00270000||||86.50|86.50|31|0.00|0.0000|0|21|0|0|-0.9997|0.0001|-0.0074|-0.0127|0.0001||100.90|12|96.55|93
GME211203C00280000|0.08|0.08|0.01|0.07|0.04|32|-0.03|-0.4286|46|618|1|11|0.0053|0.0005|0.0000|-0.2434|0.0014||0.05|10|0.01|5
GME211203P00280000||||95.00|95.00|32|0.00|0.0000|0|10|0|0|-0.9992|0.0001|-0.0077|-0.0333|0.0002||110.90|12|106.60|27
GME211203C00290000|0.04|0.04|0.04|0.09|0.04|33|-0.05|-0.5556|-7|495|1|1|0.0051|0.0004|0.0000|-0.2495|0.0013||0.05|17|0.02|1
GME211203P00290000||||||33||||0|0|0|-1.0000|0.0000|-0.0079|0.0009|0.0000||121.05|16|116.60|27
GME211203C00300000|0.06|0.06|0.01|0.07|0.01|34|-0.06|-0.8571|-116|2079|2|70|0.0015|0.0002|0.0000|-0.0782|0.0004||0.03|2|0.01|18
GME211203P00300000||||111.10|111.10|34|0.00|0.0000|0|2|0|0|-0.9968|0.0003|-0.0164|-0.0806|0.0012||131.05|17|126.65|27
GME211203C00310000|0.04|0.04|0.01|0.08|0.01|35|-0.07|-0.8750|-1|343|1|5|0.0001|0.0000|0.0000|-0.0062|0.0000||0.07|14|0.01|9
GME211203P00310000||||71.90|71.90|35|0.00|0.0000|0|4|0|0|-0.8948|0.0026|-0.3152|-0.1620|0.1018||140.90|12|136.65|27
GME211203C00320000|0.04|0.04|0.02|0.04|0.02|36|-0.02|-0.5000|-1|388|2|3|0.0000|0.0000|0.0000|-0.0008|0.0000||0.02|1|0.01|1
GME211203P00320000||||||36||||0|0|0|-1.0000|0.0000|-0.0175|0.0010|0.0000||151.00|9|146.65|27
GME211203C00330000||||0.06|0.06|37|0.00|0.0000|2|350|0|0|0.0056|0.0004|0.0000|-0.3394|0.0014||0.06|15|0.00|0
GME211203P00330000||||127.27|127.27|37|0.00|0.0000|-2|0|0|0|-1.0000|0.0000|-0.0090|0.0005|0.0000||161.00|16|156.65|27
GME211203C00340000|0.01|0.01|0.01|0.06|0.01|38|-0.05|-0.8333|4|139|1|1|0.0014|0.0001|0.0000|-0.0860|0.0004||0.04|2|0.01|1
GME211203P00340000||||134.20|134.20|38|0.00|0.0000|0|1|0|0|-0.9996|0.0000|-0.0186|-0.0112|0.0002||171.00|16|166.65|27
GME211203C00350000|0.01|0.03|0.01|0.04|0.01|39|-0.03|-0.7500|-10|1227|1|88|0.0011|0.0001|0.0000|-0.0708|0.0003||0.04|1|0.00|0
GME211203P00350000||||136.35|136.35|39|0.00|0.0000|-1|2|0|0|-1.0000|0.0000|-0.0096|0.0010|0.0000||181.20|9|176.65|27
GME211203C00360000|0.01|0.01|0.01|0.09|0.01|40|-0.08|-0.8889|0|159|1|1|0.0012|0.0001|0.0000|-0.0785|0.0003||0.02|1|0.00|0
GME211203P00360000||||||40||||0|0|0|-1.0000|0.0000|-0.0099|0.0011|0.0000||191.00|16|186.65|27
GME211203C00370000||||0.02|0.02|41|0.00|0.0000|-1|87|0|0|0.0020|0.0001|0.0000|-0.1409|0.0006||0.02|1|0.00|0
GME211203P00370000||||136.05|136.05|41|0.00|0.0000|0|1|0|0|-1.0000|0.0000|-0.0101|0.0011|0.0000||200.95|6|196.65|27
GME211203C00380000||||0.04|0.04|42|0.00|0.0000|-1|100|0|0|0.0000|0.0000|0.0000|-0.0008|0.0000||0.07|8|0.01|4
GME211203P00380000||||170.35|170.35|42|0.00|0.0000|0|0|0|0|-1.0000|0.0000|-0.0104|0.0008|0.0000||211.10|16|206.65|27
GME211203C00390000|0.04|0.04|0.04|0.02|0.04|43|0.02|1.0000|-2|89|1|1|0.6715|0.0012|0.0364|-1.4299|0.2024||0.04|10|0.00|0
GME211203P00390000|216.55|216.55|216.55|216.55|216.55|43|0.00|0.0000|0|0|1|1|-1.0000|0.0000|-0.0107|0.0012|0.0000||220.90|12|216.65|55
GME211203C00400000|0.01|0.01|0.01|0.02|0.01|44|-0.01|-0.5000|-4|2445|3|16|0.0256|0.0009|0.0001|-2.0145|0.0053||0.02|100|0.01|1
GME211203P00400000||||215.38|215.38|44|0.00|0.0000|0|0|0|0|-0.6944|0.0023|-0.3927|-0.6838|0.1963||231.05|17|226.65|27
GME211203C00410000||||0.03|0.03|45|0.00|0.0000|3|1058|0|0|0.6753|0.0011|0.0356|-1.4629|0.2014||0.01|8|0.00|0
GME211203P00410000||||||45||||0|0|0|-1.0000|0.0000|-0.4380|0.0013|0.0000||241.00|16|236.65|27
GME211203C00420000|0.01|0.01|0.01|0.01|0.01|46|0.00|0.0000|3|234|2|2|0.0010|0.0001|0.0000|-0.0811|0.0003||0.01|1|0.00|0
GME211203P00420000||||||46||||0|0|0|-1.0000|0.0000|-0.0115|0.0013|0.0000||251.15|17|246.65|27
GME211203C00430000||||0.03|0.03|47|0.00|0.0000|0|70|0|0|0.0024|0.0001|0.0000|-0.1987|0.0007||0.02|100|0.00|0
GME211203P00430000||||||47||||0|0|0|-1.0000|0.0000|-0.0118|0.0013|0.0000||262.20|12|256.65|27
GME211203C00440000||||0.08|0.08|48|0.00|0.0000|1|71|0|0|0.0065|0.0003|0.0000|-0.5502|0.0016||0.02|100|0.00|0
GME211203P00440000||||||48||||0|0|0|-1.0000|0.0000|-0.0121|0.0014|0.0000||272.25|6|266.65|27
GME211203C00450000|0.01|0.01|0.01|0.01|0.01|49|0.00|0.0000|4|487|2|4|0.6565|0.0012|0.0355|-1.4943|0.2059||0.01|100|0.00|0
GME211203P00450000||||||49||||0|0|0|-1.0000|0.0000|-0.0123|0.0014|0.0000||282.25|12|276.65|27
GME211203C00460000||||0.01|0.01|50|0.00|0.0000|4|63|0|0|0.0009|0.0001|0.0000|-0.0812|0.0003||0.01|100|0.00|0
GME211203P00460000||||||50||||0|0|0|-1.0000|0.0000|-0.0126|0.0014|0.0000||292.10|12|286.65|27
GME211203C00470000||||0.01|0.01|51|0.00|0.0000|9|200|0|0|0.0009|0.0001|0.0000|-0.0793|0.0003||0.01|100|0.00|0
GME211203P00470000||||||51||||0|0|0|-1.0000|0.0000|-0.0258|0.0014|0.0000||302.25|6|296.65|27
GME211203C00480000||||0.06|0.06|52|0.00|0.0000|0|91|0|0|0.0039|0.0002|0.0000|-0.3616|0.0010||0.01|100|0.00|0
GME211203P00480000||||||52||||0|0|0|-1.0000|0.0000|-0.0132|0.0015|0.0000||311.70|12|306.65|12
GME211203C00490000|0.01|0.01|0.01|0.06|0.01|53|-0.05|-0.8333|0|250|1|10|0.6808|0.0010|0.0333|-1.5630|0.1998||0.01|100|0.00|0
GME211203P00490000||||||53||||0|0|0|-1.0000|0.0000|-0.0134|0.0015|0.0000||322.25|12|316.65|27
GME211203C00500000|0.01|0.02|0.01|0.03|0.02|54|-0.01|-0.3333|9|1379|20|37|0.0000|0.0000|0.0000|-0.0005|0.0000||0.02|300|0.00|0
GME211203P00500000||||||54||||0|0|0|-1.0000|0.0000|-0.0274|0.0015|0.0000||332.25|12|326.65|27
GME211203C00510000|0.01|0.01|0.01|0.02|0.01|55|-0.01|-0.5000|121|5819|1|62|0.0023|0.0001|0.0000|-0.2252|0.0007||0.01|94|0.00|0
GME211203P00510000||||||55||||0|0|0|-1.0000|0.0000|-0.0140|0.0016|0.0000||342.25|12|336.65|27
GME211210C00100000||||86.01|86.01|11|0.00|0.0000|0|1|0|0|0.8524|0.0011|0.0559|-0.5100|0.1402||73.35|7|69.05|9
GME211210P00100000|0.55|0.90|0.50|0.48|0.90|11|0.42|0.8750|29|239|2|97|-0.0233|0.0011|-0.0010|-0.1717|0.0140||0.99|53|0.69|4
GME211210C00110000||||76.13|76.13|10|0.00|0.0000|0|2|0|0|0.8345|0.0020|0.0144|-1.9228|0.0630||63.65|5|59.10|6
GME211210P00110000|0.58|0.99|0.54|0.60|0.86|10|0.26|0.4333|9|215|26|75|-0.0334|0.0017|-0.0014|-0.2069|0.0189||0.99|14|0.87|1
GME211210C00120000|56.97|56.97|56.97|76.03|56.97|9|-19.06|-0.2507|0|1|1|1|0.8543|0.0032|0.0194|-1.0311|0.0580||54.25|20|49.80|19
GME211210P00120000|0.97|1.27|0.75|1.00|1.27|9|0.27|0.2700|167|263|10|469|-0.0575|0.0028|-0.0024|-0.3018|0.0292||1.34|15|1.15|1
GME211210C00130000||||||8||||0|0|0|1.0000|0.0000|0.0285|-0.0004|0.0000||45.00|9|40.35|18
GME211210P00130000|1.50|2.13|1.28|1.45|2.13|8|0.68|0.4690|0|431|10|467|-0.1002|0.0043|-0.0048|-0.3968|0.0473||2.52|77|1.60|1
GME211210C00140000|36.10|36.10|36.10|56.44|36.10|7|-20.34|-0.3604|0|29|2|4|0.7460|0.0040|0.0177|-1.6171|0.0812||36.10|38|32.20|27
GME211210P00140000|1.89|3.00|1.89|2.18|3.00|7|0.82|0.3761|142|441|1|42|-0.1398|0.0063|-0.0059|-0.4904|0.0564||3.45|33|2.51|76
GME211210C00145000||||||6||||0|0|0|0.8006|0.0072|0.0232|-0.6825|0.0709||31.95|12|28.30|12
GME211210P00145000|2.92|4.05|2.92|2.80|3.86|6|1.06|0.3786||15|1|32|-0.1765|0.0075|-0.0074|-0.5571|0.0657||4.35|17|3.40|74
GME211210C00150000|30.00|31.00|25.20|34.20|25.20|5|-9.00|-0.2632|1|20|2|6|0.7965|0.0092|0.0244|-0.5430|0.0717||27.85|50|24.25|35
GME211210P00150000|3.30|5.41|3.30|3.50|5.35|5|1.85|0.5286|240|460|1|282|-0.2181|0.0088|-0.0092|-0.6134|0.0747||5.50|6|4.95|15
GME211210C00155000|25.10|25.10|23.00|58.70|23.00|4|-35.70|-0.6082|0|45|1|2|0.6827|0.0033|0.0148|-2.4310|0.0903||24.25|59|20.85|52
GME211210P00155000|4.27|6.56|4.27|4.65|6.00|4|1.35|0.2903|49|244|2|24|-0.2706|0.0100|-0.0115|-0.6874|0.0839||6.90|1|5.90|119
GME211210C00160000|25.52|25.52|21.60|29.75|21.60|3|-8.15|-0.2739|0|204|1|13|0.6551|0.0087|0.0197|-0.9720|0.0934||20.90|77|17.55|60
GME211210P00160000|5.47|8.75|5.47|5.80|8.50|3|2.70|0.4655|55|441|2|63|-0.3260|0.0111|-0.0139|-0.7308|0.0913||8.95|34|8.05|39
GME211210C00165000|21.90|21.90|18.92|21.75|18.92|2|-2.83|-0.1301|1|3|3|5|0.6223|0.0138|0.0202|-0.6558|0.0964||18.00|42|15.20|14
GME211210P00165000|7.22|11.00|7.22|7.35|10.50|2|3.15|0.4286|42|362|5|106|-0.3789|0.0049|-0.1158|-0.3192|0.2313||10.80|1|10.05|32
GME211210C00170000|17.07|17.07|12.81|20.20|13.30|1|-6.90|-0.3416|5|21|3|24|0.5952|0.0050|0.0895|-0.3237|0.2356||14.15|25|12.75|28
GME211210P00170000|8.15|13.20|8.15|9.07|12.45|1|3.38|0.3727|81|441|1|123|-0.4473|0.0125|-0.0194|-0.7847|0.1003||13.50|26|12.50|1
GME211210C00175000|17.95|17.95|11.00|17.18|11.00|1|-6.18|-0.3597|48|73|1|45|0.4902|0.0126|0.0160|-0.7896|0.1011||11.90|40|11.00|1
GME211210P00175000|10.83|15.85|9.85|10.95|15.75|1|4.80|0.4384|104|522|1|94|-0.5114|0.0128|-0.0224|-0.7742|0.1011||16.40|17|14.80|49
GME211210C00177500|11.55|11.60|10.30|15.85|11.20|2|-4.65|-0.2934||27|25|87|0.4596|0.0125|0.0151|-0.7855|0.1006||11.10|67|9.20|60
GME211210P00177500|10.66|17.25|10.66|12.55|17.25|2|4.70|0.3745||234|11|27|-0.4425|0.0051|-0.1385|-0.3292|0.2400||18.00|20|15.85|66
GME211210C00180000|15.00|16.00|8.78|14.20|10.25|3|-3.95|-0.2782|227|306|5|99|0.4246|0.0127|0.0140|-0.7529|0.0993||10.30|71|8.90|1
GME211210P00180000|13.51|18.71|11.89|13.30|16.50|3|3.20|0.2406|99|705|1|28|-0.5738|0.0127|-0.0254|-0.7564|0.0994||19.55|16|16.80|81
GME211210C00182500|11.05|11.05|9.10|13.40|9.30|4|-4.10|-0.3060||66|5|29|0.4004|0.0122|0.0132|-0.7634|0.0980||9.40|66|8.10|1
GME211210P00182500|13.50|20.00|13.50|15.15|20.00|4|4.85|0.3201||205|2|4|-0.5972|0.0121|-0.0267|-0.7752|0.0981||21.30|18|18.45|73
GME211210C00185000|12.65|12.65|7.25|12.66|8.11|5|-4.55|-0.3594|24|132|3|46|0.5228|0.0051|0.0806|-0.3368|0.2421||8.30|46|7.20|37
GME211210P00185000|15.65|21.31|13.50|16.25|21.00|5|4.75|0.2923|98|456|2|14|-0.6300|0.0120|-0.0283|-0.7405|0.0957||23.35|26|20.15|70
GME211210C00187500|11.40|11.40|6.76|11.44|6.76|6|-4.68|-0.4091|45|64|1|9|0.3477|0.0115|0.0116|-0.7394|0.0937||7.55|34|6.70|5
GME211210P00187500|23.89|23.89|23.89|17.83|23.89|6|6.06|0.3399|129|256|1|1|-0.6554|0.0116|-0.0296|-0.7286|0.0933||24.85|16|21.95|63
GME211210C00190000|11.00|11.00|6.05|10.60|6.35|7|-4.25|-0.4009|103|199|5|77|0.3240|0.0111|0.0108|-0.7257|0.0911||6.80|12|6.00|35
GME211210P00190000|19.20|26.50|18.05|19.55|23.47|7|3.92|0.2005|70|498|3|44|-0.6771|0.0112|-0.0309|-0.7205|0.0910||26.70|13|23.85|69
GME211210C00192500|10.00|10.00|5.75|10.00|5.75|8|-4.25|-0.4250|23|88|1|7|0.4912|0.0050|0.0762|-0.3431|0.2425||6.55|79|5.45|45
GME211210P00192500|20.34|20.34|20.34|21.35|20.34|8|-1.01|-0.0473|32|118|1|1|-0.5108|0.0051|-0.1664|-0.3388|0.2424||28.85|22|26.00|62
GME211210C00195000|8.25|9.15|5.15|8.91|5.40|9|-3.51|-0.3939|116|250|1|32|0.2772|0.0103|0.0093|-0.6789|0.0849||5.50|1|5.05|22
GME211210P00195000|22.27|30.00|22.27|22.88|30.00|9|7.12|0.3112|95|285|3|4|-0.7230|0.0103|-0.0334|-0.6775|0.0849||30.90|27|28.50|42
GME211210C00197500|7.69|7.69|5.10|8.26|5.20|10|-3.06|-0.3705|60|106|4|21|0.2569|0.0099|0.0086|-0.6593|0.0817||5.75|86|4.55|12
GME211210P00197500|24.10|24.10|24.10|24.48|24.10|10|-0.38|-0.0155|15|119|1|1|-0.7477|0.0099|-0.0348|-0.6416|0.0809||32.75|13|29.75|28
GME211210C00200000|7.56|7.56|4.25|7.25|4.55|11|-2.70|-0.3724|140|774|1|165|0.2303|0.0095|0.0078|-0.6087|0.0770||4.95|42|4.35|10
GME211210P00200000|24.90|33.83|24.90|26.33|30.70|11|4.37|0.1660|21|680|1|5|-0.7657|0.0095|-0.0359|-0.6214|0.0778||35.00|14|31.80|50
GME211210C00202500|6.70|6.70|4.30|8.00|4.40|12|-3.60|-0.4500|10|77|1|5|0.2406|0.0088|0.0080|-0.6912|0.0789||4.95|89|3.95|1
GME211210P00202500|32.05|34.10|32.05|27.95|33.56|12|5.61|0.2007|0|48|12|16|-0.7891|0.0090|-0.0372|-0.5774|0.0733||37.20|18|33.90|30
GME211210C00205000|6.00|6.00|3.85|5.85|3.85|13|-2.00|-0.3419|10|169|1|20|0.1902|0.0086|0.0065|-0.5390|0.0688||4.05|1|3.50|17
GME211210P00205000|31.96|31.96|31.96|30.85|31.96|13|1.11|0.0360|-1|176|1|1|-0.7680|0.0083|-0.0419|-0.6214|0.0820||39.70|32|36.05|38
GME211210C00207500|3.99|3.99|3.75|5.72|3.75|14|-1.97|-0.3444|10|78|1|10|0.1832|0.0081|0.0062|-0.5455|0.0673||4.20|82|3.25|38
GME211210P00207500||||31.10|31.10|14|0.00|0.0000|2|20|0|0|-0.8390|0.0080|-0.0400|-0.4646|0.0619||42.05|17|38.25|16
GME211210C00210000|5.15|5.30|3.20|5.15|3.28|15|-1.87|-0.3631|27|336|1|113|0.1662|0.0076|0.0057|-0.5112|0.0632||4.10|90|3.05|35
GME211210P00210000|33.23|42.30|31.95|34.54|42.30|15|7.76|0.2247|7|112|2|5|-0.8201|0.0076|-0.0399|-0.5628|0.0665||44.30|20|40.45|15
GME211210C00212500|3.50|3.50|3.50|5.00|3.50|16|-1.50|-0.3000|-3|80|16|16|0.1594|0.0072|0.0054|-0.5120|0.0615||3.75|65|2.86|27
GME211210P00212500||||37.87|37.87|16|0.00|0.0000|-1|37|0|0|-0.8060|0.0072|-0.0401|-0.6513|0.0697||46.40|16|42.65|15
GME211210C00215000|4.05|4.05|2.80|4.43|3.30|17|-1.13|-0.2551|1|166|1|13|0.1427|0.0067|0.0049|-0.4711|0.0572||3.35|45|2.67|25
GME211210P00215000||||37.79|37.79|17|0.00|0.0000|-2|32|0|0|-0.8657|0.0067|-0.0425|-0.4380|0.0549||48.65|18|45.10|21
GME211210C00217500|3.25|3.25|3.00|4.50|3.00|18|-1.50|-0.3333|0|30|1|2|0.1419|0.0064|0.0048|-0.4899|0.0570||3.20|78|2.52|28
GME211210P00217500|49.60|49.60|49.60|42.15|49.60|18|7.45|0.1767|2|27|10|10|-0.8264|0.0066|-0.0419|-0.6224|0.0650||51.10|18|47.50|32
GME211210C00220000|3.70|3.70|2.50|3.90|2.57|19|-1.33|-0.3410|12|413|2|38|0.1243|0.0060|0.0042|-0.4393|0.0520||2.79|24|2.40|10
GME211210P00220000|45.07|51.65|45.07|42.22|51.65|19|9.43|0.2234|1|156|3|5|-0.8829|0.0059|-0.0442|-0.4088|0.0498||53.50|18|50.00|35
GME211210C00222500|2.35|2.35|2.35|3.65|2.35|20|-1.30|-0.3562|25|88|1|1|0.3833|0.0046|0.0609|-0.3449|0.2321||2.69|28|2.22|29
GME211210P00222500|42.95|42.95|42.95|46.97|42.95|20|-4.02|-0.0856|-7|38|1|1|-0.8349|0.0061|-0.0433|-0.6357|0.0630||55.80|13|52.50|34
GME211210C00225000|3.10|3.10|2.30|3.45|2.30|21|-1.15|-0.3333|14|348|3|19|0.1096|0.0053|0.0037|-0.4116|0.0475||2.50|21|2.11|40
GME211210P00225000|51.00|58.60|51.00|47.35|55.65|21|8.30|0.1753|1|462|2|15|-0.8826|0.0055|-0.0453|-0.4440|0.0499||58.30|32|55.00|36
GME211210C00227500|2.74|2.74|2.74|3.35|2.74|22|-0.61|-0.1821|1|24|1|1|0.1050|0.0051|0.0036|-0.4076|0.0461||2.50|40|1.99|47
GME211210P00227500||||34.06|34.06|22|0.00|0.0000|0|35|0|0|-0.9991|0.0002|-0.0498|-0.0023|0.0008||60.65|5|57.50|29
GME211210C00230000|2.73|2.75|1.99|3.09|1.99|23|-1.10|-0.3560|2|395|1|114|0.1130|0.0050|0.0043|-0.4070|0.0516||2.25|21|1.91|31
GME211210P00230000||||41.51|41.51|23|0.00|0.0000|0|38|0|0|-0.6927|0.0049|-0.2379|-0.2707|0.2137||63.10|13|60.00|27
GME211210C00232500|2.40|2.58|2.09|2.69|2.09|24|-0.60|-0.2230|3|33|1|5|0.0855|0.0044|0.0029|-0.3474|0.0396||2.25|57|1.81|54
GME211210P00232500||||56.09|56.09|24|0.00|0.0000|-5|6|0|0|-0.8607|0.0051|-0.0463|-0.6001|0.0562||65.45|4|62.50|24
GME211210C00235000|2.43|2.46|1.98|2.78|1.98|25|-0.80|-0.2878|-4|898|1|8|0.3616|0.0042|0.0568|-0.3604|0.2278||2.23|53|1.73|56
GME211210P00235000|61.85|67.00|61.85|58.42|67.00|25|8.58|0.1469|-1|35|2|3|-0.8652|0.0049|-0.0470|-0.5952|0.0550||67.95|22|65.00|33
GME211210C00237500||||2.69|2.69|26|0.00|0.0000|1|19|0|0|0.0833|0.0041|0.0028|-0.3594|0.0389||2.38|65|1.04|97
GME211210P00237500|64.40|64.40|64.40|48.03|64.40|26|16.37|0.3408|0|25|1|1|-0.9622|0.0027|-0.0507|-0.1537|0.0209||70.55|17|66.30|20
GME211210C00240000|2.31|2.47|1.61|2.92|1.76|27|-1.16|-0.3973|-13|317|1|22|0.0880|0.0041|0.0030|-0.3932|0.0405||1.87|14|1.57|17
GME211210P00240000||||58.15|58.15|27|0.00|0.0000|1|34|0|0|-0.9451|0.0033|-0.0507|-0.2353|0.0281||72.95|20|68.70|20
GME211210C00245000|2.10|2.10|1.46|2.20|1.46|28|-0.74|-0.3364|-6|166|1|7|0.0679|0.0034|0.0023|-0.3136|0.0333||1.86|53|1.45|43
GME211210P00245000||||50.19|50.19|28|0.00|0.0000|0|23|0|0|-0.9973|0.0004|-0.0536|-0.0103|0.0021||77.65|19|73.40|20
GME211210C00250000|1.90|2.02|1.49|2.01|1.50|29|-0.51|-0.2537|110|2300|1|57|0.0610|0.0031|0.0021|-0.2946|0.0306||1.55|1|1.40|1
GME211210P00250000||||60.35|60.35|29|0.00|0.0000|0|15|0|0|-0.9935|0.0007|-0.0546|-0.0282|0.0046||82.65|11|78.30|7
GME211210C00255000|1.55|1.55|1.44|2.02|1.50|30|-0.52|-0.2574|-4|61|1|3|0.0602|0.0029|0.0020|-0.3045|0.0303||1.52|12|1.23|12
GME211210P00255000||||40.40|40.40|30|0.00|0.0000|0|5|0|0|-0.9999|0.0000|-0.0559|0.0004|0.0001||87.65|18|83.25|18
GME211210C00260000|1.79|1.79|1.20|1.73|1.35|31|-0.38|-0.2197|38|974|1|18|0.0516|0.0026|0.0018|-0.2701|0.0268||1.46|42|1.16|30
GME211210P00260000||||69.85|69.85|31|0.00|0.0000|0|22|0|0|-0.9928|0.0007|-0.0567|-0.0346|0.0051||92.20|16|88.15|19
GME211210C00270000|1.31|1.31|1.15|1.60|1.15|32|-0.45|-0.2813|-27|193|1|32|0.0462|0.0022|0.0016|-0.2610|0.0245||1.39|53|0.96|31
GME211210P00270000||||75.18|75.18|32|0.00|0.0000|0|14|0|0|-0.9700|0.0017|-0.0581|-0.1654|0.0173||102.10|16|97.95|7
GME211210C00280000|1.00|1.15|1.00|1.40|1.05|33|-0.35|-0.2500|16|242|1|7|0.0398|0.0019|0.0014|-0.2397|0.0218||1.14|17|0.90|1
GME211210P00280000||||84.53|84.53|33|0.00|0.0000|0|1|0|0|-0.9767|0.0014|-0.0606|-0.1365|0.0139||112.10|16|107.80|14
GME211210C00290000|1.16|1.16|0.93|1.25|0.93|34|-0.32|-0.2560|21|171|1|3|0.0347|0.0017|0.0012|-0.2220|0.0195||1.09|32|0.81|1
GME211210P00290000||||82.25|82.25|34|0.00|0.0000|0|7|0|0|-0.9991|0.0001|-0.0635|-0.0042|0.0007||122.00|17|117.70|17
GME211210C00300000|1.20|1.20|0.80|1.11|0.91|35|-0.20|-0.1802|43|919|2|172|0.0304|0.0014|0.0010|-0.2052|0.0175||1.00|47|0.81|1
GME211210P00300000||||76.00|76.00|35|0.00|0.0000|0|14|0|0|-0.9999|0.0000|-0.0657|0.0005|0.0001||132.00|17|127.60|17
GME211210C00310000|0.84|0.84|0.76|0.95|0.79|36|-0.16|-0.1684|108|264|1|4|0.0257|0.0012|0.0009|-0.1819|0.0152||0.90|15|0.79|9
GME211210P00310000||||83.61|83.61|36|0.00|0.0000|0|4|0|0|-0.9999|0.0000|-0.0679|0.0000|0.0001||141.90|4|137.45|7
GME211210C00320000||||0.93|0.93|37|0.00|0.0000|2|276|0|0|0.0246|0.0011|0.0008|-0.1825|0.0146||0.86|24|0.63|1
GME211210P00320000||||89.47|89.47|37|0.00|0.0000|0|3|0|0|-0.9538|0.0017|-0.3945|-0.0598|0.0588||151.90|4|147.45|6
GME211210C00330000||||0.72|0.72|38|0.00|0.0000|-17|246|0|0|0.0263|0.0011|0.0010|-0.1814|0.0164||0.86|76|0.60|1
GME211210P00330000||||||38||||0|0|0|-1.0000|0.0000|-0.0723|0.0011|0.0000||161.80|4|157.45|6
GME211210C00340000|0.75|0.75|0.66|0.75|0.66|39|-0.09|-0.1200|-1|87|1|7|0.0267|0.0011|0.0010|-0.1920|0.0166||0.86|66|0.42|93
GME211210P00340000||||||39||||0|0|0|-1.0000|0.0000|-0.0745|0.0011|0.0000||171.70|12|167.40|6
GME211210C00350000|0.49|0.78|0.49|0.69|0.59|40|-0.10|-0.1449|49|437|2|31|0.0175|0.0008|0.0006|-0.1457|0.0109||0.68|14|0.52|1
GME211210P00350000||||||40||||0|0|0|-1.0000|0.0000|-0.0767|0.0011|0.0000||181.70|12|177.40|12
GME211210C00360000|0.55|0.62|0.55|0.61|0.62|41|0.01|0.0164|-2|85|1|3|0.0153|0.0007|0.0005|-0.1318|0.0098||0.68|53|0.41|24
GME211210P00360000||||||41||||0|0|0|-1.0000|0.0000|-0.4536|0.0012|0.0000||191.45|12|187.40|12
GME211210C00370000|0.50|0.55|0.50|0.75|0.55|42|-0.20|-0.2667|0|21|5|8|0.0181|0.0008|0.0006|-0.1623|0.0113||0.68|70|0.41|9
GME211210P00370000||||||42||||0|0|0|-1.0000|0.0000|-0.0811|0.0012|0.0000||201.40|4|197.40|7
GME211210C00380000|0.54|0.54|0.54|0.54|0.54|43|0.00|0.0000|-1|50|1|1|0.0131|0.0006|0.0004|-0.1203|0.0085||0.68|68|0.36|46
GME211210P00380000||||||43||||0|0|0|-1.0000|0.0000|-0.0833|0.0012|0.0000||211.40|5|207.40|12
GME211210C00390000|0.40|0.58|0.40|0.49|0.52|44|0.03|0.0612|5|52|8|15|0.0118|0.0005|0.0004|-0.1115|0.0078||0.65|53|0.34|31
GME211210P00390000||||||44||||0|0|0|-1.0000|0.0000|-0.4914|0.0013|0.0000||221.35|4|217.40|7
GME211210C00400000|0.40|0.70|0.37|0.45|0.60|45|0.15|0.3333|-6|420|5|134|0.0107|0.0005|0.0004|-0.1040|0.0072||0.53|14|0.45|1
GME211210P00400000||||||45||||0|0|0|-1.0000|0.0000|-0.0877|0.0013|0.0000||231.40|12|227.40|12
GME211210C00410000|0.34|0.50|0.34|0.44|0.46|46|0.02|0.0455|7|59|1|4|0.0103|0.0005|0.0003|-0.1030|0.0070||0.53|43|0.31|18
GME211210P00410000||||||46||||0|0|0|-1.0000|0.0000|-0.1011|0.0013|0.0000||241.35|4|237.40|7
GME211210C00420000|0.31|0.55|0.31|0.40|0.55|47|0.15|0.3750|2|171|1|3|0.0093|0.0004|0.0003|-0.0950|0.0063||0.53|58|0.31|2
GME211210P00420000||||||47||||0|0|0|-1.0000|0.0000|-0.0921|0.0014|0.0000||251.40|4|247.40|7
GME211210C00430000|0.41|0.41|0.41|0.40|0.41|48|0.01|0.0250|262|304|1|1|0.0092|0.0004|0.0003|-0.0958|0.0063||0.53|41|0.25|24
GME211210P00430000||||||48||||0|0|0|-1.0000|0.0000|-0.5418|0.0014|0.0000||262.40|12|257.40|12
GME211210C00440000|0.23|0.45|0.23|0.36|0.45|49|0.09|0.2500|34|67|1|2|0.0082|0.0004|0.0003|-0.0872|0.0057||0.53|39|0.25|29
GME211210P00440000||||||49||||0|0|0|-1.0000|0.0000|-0.0964|0.0014|0.0000||272.55|3|267.40|12
GME211210C00450000|0.38|0.38|0.38|0.37|0.38|50|0.01|0.0270|190|288|1|1|0.0193|0.0006|0.0006|-0.2127|0.0119||0.46|15|0.25|25
GME211210P00450000||||||50||||0|0|0|-1.0000|0.0000|-0.0986|0.0015|0.0000||282.50|3|277.40|4
GME211210C00460000|0.33|0.41|0.32|0.27|0.37|51|0.10|0.3704|0|18|1|14|0.0096|0.0004|0.0004|-0.0949|0.0069||0.36|1|0.25|26
GME211210P00460000||||||51||||0|0|0|-1.0000|0.0000|-0.1008|0.0015|0.0000||292.50|3|287.40|4
GME211210C00470000|0.39|0.39|0.39|0.22|0.39|52|0.17|0.7727|7|22|1|1|0.0079|0.0003|0.0003|-0.0802|0.0059||0.46|29|0.25|13
GME211210P00470000||||||52||||0|0|0|-1.0000|0.0000|-0.5922|0.0015|0.0000||301.95|12|297.40|4
GME211210C00480000|0.26|0.36|0.26|0.25|0.36|53|0.11|0.4400|1|33|1|2|0.0054|0.0002|0.0002|-0.0629|0.0040||0.36|2|0.25|3
GME211210P00480000||||||53||||0|0|0|-1.0000|0.0000|-0.1052|0.0016|0.0000||312.40|3|307.40|4
GME211210C00490000|0.47|0.47|0.47|0.24|0.47|54|0.23|0.9583|2|93|2|2|0.0084|0.0003|0.0003|-0.0882|0.0062||0.46|17|0.25|7
GME211210P00490000||||||54||||0|0|0|-1.0000|0.0000|-0.1074|0.0016|0.0000||321.90|12|317.40|18
GME211210C00500000|0.33|0.40|0.22|0.26|0.34|55|0.08|0.3077|-6|850|2|277|0.0054|0.0002|0.0002|-0.0649|0.0039||0.36|11|0.25|8
GME211210P00500000||||||55||||0|0|0|-1.0000|0.0000|-0.1096|0.0016|0.0000||331.85|12|327.40|4
GME211210C00510000|0.27|0.43|0.18|0.18|0.27|56|0.09|0.5000|1|2026|4|187|0.0039|0.0002|0.0001|-0.0471|0.0029||0.29|6|0.25|2
GME211210P00510000||||||56||||0|0|0|-1.0000|0.0000|-0.1118|0.0017|0.0000||341.85|12|337.30|15
GME211217C00080000||||94.56|94.56|18|0.00|0.0000|1|2|0|0|0.8979|0.0011|0.0216|-0.9263|0.0639||93.05|5|88.90|5
GME211217P00080000||||0.35|0.35|18|0.00|0.0000|1|350|0|0|-0.0771|0.0012|-0.0277|-0.1663|0.0943||0.72|76|0.25|57
GME211217C00085000||||95.85|95.85|17|0.00|0.0000|0|1|0|0|0.9626|0.0011|0.0339|-0.1967|0.0292||88.15|4|84.55|12
GME211217P00085000|0.50|0.58|0.40|0.43|0.58|17|0.15|0.3488|-1|121|1|8|-0.0189|0.0007|-0.0015|-0.0973|0.0160||0.92|64|0.28|128
GME211217C00090000||||137.00|137.00|16|0.00|0.0000|0|4|0|0|0.8974|0.0006|0.0113|-1.7522|0.0641||83.35|5|79.20|12
GME211217P00090000|0.62|0.62|0.62|0.53|0.62|16|0.09|0.1698|2|68|8|8|-0.0225|0.0009|-0.0018|-0.1073|0.0186||1.02|68|0.65|7
GME211217C00100000||||79.69|79.69|15|0.00|0.0000|1|50|0|0|0.9979|0.0002|0.0409|-0.0077|0.0023||73.60|8|69.70|4
GME211217P00100000|0.71|0.98|0.68|0.76|0.98|15|0.22|0.2895|-205|664|2|220|-0.0024|0.0002|-0.0002|-0.0086|0.0026||1.00|1|0.95|3
GME211217C00105000||||66.05|66.05|14|0.00|0.0000|0|1|0|0|0.9958|0.0004|0.0428|-0.0139|0.0043||68.80|12|64.50|12
GME211217P00105000|1.00|1.00|0.85|0.86|0.95|14|0.09|0.1047|51|140|1|7|-0.0044|0.0004|-0.0003|-0.0144|0.0045||1.82|120|0.80|16
GME211217C00110000||||73.25|73.25|13|0.00|0.0000|0|1|0|0|0.9935|0.0006|0.0447|-0.0197|0.0064||64.00|20|59.90|10
GME211217P00110000|0.35|1.16|0.35|1.02|1.16|13|0.14|0.1373|-21|354|1|2|-0.0094|0.0007|-0.0008|-0.0265|0.0090||1.50|15|0.51|286
GME211217C00115000||||112.11|112.11|12|0.00|0.0000|0|2|0|0|0.9894|0.0009|0.0465|-0.0293|0.0098||59.30|19|55.20|5
GME211217P00115000|1.17|1.17|1.15|1.21|1.15|12|-0.06|-0.0496|14|162|1|2|-0.0137|0.0011|-0.0010|-0.0376|0.0122||1.88|58|1.07|114
GME211217C00120000||||64.15|64.15|11|0.00|0.0000|0|51|0|0|0.8908|0.0033|0.1420|-0.1014|0.1220||54.75|20|50.45|8
GME211217P00120000|1.56|1.56|1.56|1.39|1.56|11|0.17|0.1223|5|158|2|2|-0.0224|0.0017|-0.0017|-0.0566|0.0185||2.20|53|1.00|232
GME211217C00125000||||79.68|79.68|10|0.00|0.0000|0|35|0|0|0.8641|0.0038|0.1409|-0.1197|0.1423||50.25|17|45.90|5
GME211217P00125000|2.35|2.35|1.80|1.88|2.15|10|0.27|0.1436|2|207|2|5|-0.0417|0.0027|-0.0034|-0.0919|0.0320||2.71|60|1.68|150
GME211217C00130000||||55.70|55.70|9|0.00|0.0000|0|10|0|0|0.9492|0.0034|0.0496|-0.1067|0.0363||45.80|16|41.90|14
GME211217P00130000|2.09|3.00|2.05|2.21|2.95|9|0.74|0.3348|11|206|1|19|-0.0566|0.0036|-0.0043|-0.1201|0.0395||3.15|56|2.50|1
GME211217C00135000||||90.47|90.47|8|0.00|0.0000|0|3|0|0|0.9221|0.0048|0.0495|-0.1491|0.0506||41.40|15|37.20|17
GME211217P00135000|3.25|3.25|3.25|2.72|3.25|8|0.53|0.1949|9|149|1|1|-0.0819|0.0048|-0.0063|-0.1578|0.0525||3.95|51|2.93|106
GME211217C00140000|39.35|39.35|34.60|44.07|34.60|7|-9.47|-0.2149|2|148|1|2|0.8909|0.0062|0.0491|-0.1885|0.0649||37.35|54|33.70|21
GME211217P00140000|3.32|4.43|3.32|3.50|4.43|7|0.93|0.2657|264|813|10|18|-0.1224|0.0063|-0.0101|-0.2047|0.0727||4.90|56|4.00|77
GME211217C00145000||||96.94|96.94|6|0.00|0.0000|0|57|0|0|0.8468|0.0078|0.0477|-0.2401|0.0820||33.60|65|30.05|16
GME211217P00145000|5.49|5.49|5.49|4.02|5.49|6|1.47|0.3657|23|234|1|1|-0.1607|0.0077|-0.0125|-0.2568|0.0847||6.20|67|4.60|220
GME211217C00150000|32.04|32.04|29.50|35.91|29.50|5|-6.41|-0.1785|0|71|1|8|0.7960|0.0092|0.0457|-0.2898|0.0983||29.85|69|26.60|38
GME211217P00150000|4.30|7.05|4.15|5.05|6.99|5|1.94|0.3842|223|1842|1|62|-0.2081|0.0091|-0.0163|-0.3007|0.0995||7.65|54|6.60|79
GME211217C00155000|28.00|28.00|24.50|30.10|24.50|4|-5.60|-0.1860|1|12|1|2|0.7420|0.0106|0.0434|-0.3284|0.1122||26.50|73|23.25|45
GME211217P00155000|5.75|9.00|5.75|6.54|9.00|4|2.46|0.3761|0|308|3|131|-0.2664|0.0102|-0.0225|-0.3310|0.1178||9.60|66|8.40|87
GME211217C00160000|26.47|26.47|26.47|29.27|26.47|3|-2.80|-0.0957|-1|96|1|1|0.6820|0.0118|0.0405|-0.3600|0.1238||23.40|75|20.40|39
GME211217P00160000|7.30|11.05|7.30|7.75|10.90|3|3.15|0.4065|390|1040|9|54|-0.3246|0.0111|-0.0277|-0.3627|0.1290||11.50|13|10.40|18
GME211217C00165000||||24.60|24.60|2|0.00|0.0000|0|82|0|0|0.6169|0.0124|0.0371|-0.3909|0.1325||20.60|77|17.70|37
GME211217P00165000|8.93|11.70|8.93|9.77|11.70|2|1.93|0.1975|3|310|5|6|-0.3843|0.0121|-0.0309|-0.4011|0.1326||13.80|14|11.45|208
GME211217C00170000|19.90|19.90|16.00|23.22|16.58|1|-6.64|-0.2860|0|117|1|20|0.5764|0.0067|0.1088|-0.2163|0.2555||18.05|91|15.05|82
GME211217P00170000|11.88|16.20|11.70|11.75|14.50|1|2.75|0.2340|-17|1066|1|19|-0.4472|0.0124|-0.0364|-0.4203|0.1373||16.40|56|15.05|57
GME211217C00175000|17.40|17.40|14.05|20.50|14.58|1|-5.92|-0.2888|-5|183|3|32|0.4881|0.0129|0.0300|-0.4103|0.1384||15.85|92|13.35|16
GME211217P00175000|13.36|19.20|13.36|14.33|18.56|1|4.23|0.2952|17|720|3|229|-0.5093|0.0125|-0.0419|-0.4227|0.1385||19.20|26|17.95|28
GME211217C00180000|14.00|14.45|11.96|17.98|13.00|2|-4.98|-0.2770|-23|442|1|12|0.4267|0.0127|0.0264|-0.4052|0.1362||13.85|123|11.50|29
GME211217P00180000|15.88|22.00|15.88|17.10|20.05|2|2.95|0.1725|12|1074|10|32|-0.5653|0.0120|-0.0504|-0.4027|0.1411||22.35|13|19.70|130
GME211217C00185000|15.60|15.60|10.40|15.00|10.40|3|-4.60|-0.3067|2|270|2|7|0.3693|0.0121|0.0230|-0.3917|0.1310||12.20|120|10.00|1
GME211217P00185000|22.25|24.46|22.25|19.25|24.46|3|5.21|0.2706|-14|255|1|3|-0.6270|0.0119|-0.0528|-0.4000|0.1314||25.90|17|22.90|107
GME211217C00187500|14.08|14.08|14.08|15.87|14.08|4|-1.79|-0.1128|0|39|1|1|0.5177|0.0049|0.0910|-0.3042|0.2601||11.45|96|9.25|15
GME211217P00187500||||19.77|19.77|4|0.00|0.0000|1|116|0|0|-0.6212|0.0102|-0.0540|-0.4710|0.1321||28.00|63|24.70|85
GME211217C00190000|13.45|13.45|9.50|13.83|9.50|5|-4.33|-0.3131|15|254|1|12|0.3170|0.0114|0.0199|-0.3721|0.1237||10.15|99|8.80|1
GME211217P00190000|20.42|29.00|20.42|22.61|29.00|5|6.39|0.2826|-4|446|2|15|-0.6774|0.0112|-0.0579|-0.3834|0.1246||29.70|57|26.50|110
GME211217C00192500|11.38|11.95|8.61|12.50|8.61|6|-3.89|-0.3112|2|30|1|4|0.3489|0.0093|0.0212|-0.4898|0.1284||9.55|93|8.10|54
GME211217P00192500||||24.00|24.00|6|0.00|0.0000|-1|111|0|0|-0.6500|0.0093|-0.0579|-0.4921|0.1286||31.60|30|28.35|85
GME211217C00195000|11.07|11.07|7.75|11.09|8.68|7|-2.41|-0.2173|-1|147|11|49|0.2710|0.0105|0.0171|-0.3497|0.1150||9.30|110|7.55|56
GME211217P00195000|27.94|30.80|27.94|25.45|30.80|7|5.35|0.2102|50|473|9|76|-0.7235|0.0103|-0.0627|-0.3601|0.1162||33.60|58|30.70|93
GME211217C00197500|9.62|9.62|7.50|10.80|8.00|8|-2.80|-0.2593|3|41|2|14|0.3090|0.0089|0.0189|-0.4666|0.1223||8.35|92|7.00|45
GME211217P00197500|32.65|32.65|32.65|27.65|32.65|8|5.00|0.1808|0|93|1|1|-0.5372|0.0052|-0.2024|-0.2873|0.2592||35.55|18|32.30|65
GME211217C00200000|9.90|9.90|6.70|10.05|7.60|9|-2.45|-0.2438|902|2001|10|144|0.2317|0.0095|0.0147|-0.3266|0.1058||7.35|21|6.60|3
GME211217P00200000|32.40|34.56|32.40|29.20|34.56|9|5.36|0.1836|-2|1919|1|7|-0.7618|0.0094|-0.0671|-0.3388|0.1075||37.35|13|34.30|92
GME211217C00202500|7.85|7.85|7.50|9.79|7.50|10|-2.29|-0.2339|18|36|3|4|0.2804|0.0082|0.0171|-0.4598|0.1170||7.35|86|6.15|50
GME211217P00202500|34.54|34.54|34.54|30.45|34.54|10|4.09|0.1343|1|117|1|1|-0.7302|0.0084|-0.0666|-0.4335|0.1147||39.70|19|36.35|64
GME211217C00205000|9.80|9.80|6.20|8.75|6.50|11|-2.25|-0.2571|-4|53|1|18|0.2575|0.0081|0.0158|-0.4314|0.1120||7.25|98|5.80|12
GME211217P00205000|36.55|38.79|36.55|33.98|38.79|11|4.81|0.1416|0|165|1|3|-0.7186|0.0077|-0.0672|-0.4901|0.1171||41.50|13|38.45|71
GME211217C00207500||||8.90|8.90|12|0.00|0.0000|4|32|0|0|0.4269|0.0050|0.0780|-0.2929|0.2560||7.15|107|5.45|65
GME211217P00207500||||21.30|21.30|12|0.00|0.0000|0|181|0|0|-0.9930|0.0015|-0.0848|-0.0078|0.0067||44.10|46|40.55|72
GME211217C00210000|5.92|6.80|5.45|7.50|5.50|13|-2.00|-0.2667|-30|815|1|23|0.1603|0.0076|0.0103|-0.2610|0.0846||6.40|103|5.15|46
GME211217P00210000||||36.95|36.95|13|0.00|0.0000|-11|215|0|0|-0.8344|0.0076|-0.0757|-0.2707|0.0864||46.10|14|42.70|76
GME211217C00212500|5.95|6.20|5.95|6.50|6.20|14|-0.30|-0.0462|0|22|1|3|0.2018|0.0072|0.0126|-0.3653|0.0977||6.40|154|4.80|65
GME211217P00212500||||42.25|42.25|14|0.00|0.0000|0|59|0|0|-0.5455|0.0042|-0.2308|-0.3538|0.2584||48.35|17|44.85|55
GME211217C00215000|6.25|6.25|4.40|6.90|5.60|15|-1.30|-0.1884|4|97|1|11|0.2063|0.0069|0.0128|-0.3940|0.0990||5.70|78|4.55|43
GME211217P00215000||||42.25|42.25|15|0.00|0.0000|2|101|0|0|-0.5791|0.0045|-0.2369|-0.3176|0.2552||50.80|49|47.05|62
GME211217C00217500||||7.20|7.20|16|0.00|0.0000|1|39|0|0|0.2082|0.0066|0.0128|-0.4169|0.0995||5.60|81|4.20|72
GME211217P00217500||||47.80|47.80|16|0.00|0.0000|0|23|0|0|-0.5378|0.0038|-0.2391|-0.3862|0.2592||52.85|20|49.15|51
GME211217C00220000|5.35|5.49|4.20|6.50|4.46|17|-2.04|-0.3138|1|1903|1|12|0.1098|0.0058|0.0071|-0.2031|0.0652||5.30|118|4.10|54
GME211217P00220000||||46.55|46.55|17|0.00|0.0000|1|446|0|0|-0.8830|0.0059|-0.0829|-0.2175|0.0682||55.00|13|51.50|89
GME211217C00222500||||6.60|6.60|18|0.00|0.0000|2|69|0|0|0.1912|0.0061|0.0117|-0.4055|0.0946||5.05|78|3.95|35
GME211217P00222500||||49.15|49.15|18|0.00|0.0000|11|21|0|0|-0.7817|0.0061|-0.0783|-0.4779|0.1023||57.95|24|53.80|24
GME211217C00225000|4.75|4.75|4.30|5.80|4.35|19|-1.45|-0.2500|-7|98|1|5|0.1722|0.0059|0.0106|-0.3711|0.0885||4.80|76|4.00|1
GME211217P00225000||||49.64|49.64|19|0.00|0.0000|-1|30|0|0|-0.8199|0.0059|-0.0814|-0.3906|0.0911||60.20|16|56.10|30
GME211217C00227500||||5.60|5.60|20|0.00|0.0000|0|8|0|0|0.1661|0.0056|0.0103|-0.3679|0.0866||4.60|77|3.60|34
GME211217P00227500||||51.86|51.86|20|0.00|0.0000|0|60|0|0|-0.8171|0.0057|-0.0878|-0.3863|0.0950||62.25|19|58.40|19
GME211217C00230000|6.00|6.00|3.95|5.09|3.95|21|-1.14|-0.2240|11|442|1|35|0.0784|0.0044|0.0051|-0.1628|0.0508||4.35|90|3.45|47
GME211217P00230000||||54.21|54.21|21|0.00|0.0000|1|64|0|0|-0.9099|0.0046|-0.0946|-0.1772|0.0583||64.75|14|60.85|18
GME211217C00232500|4.35|4.35|4.35|4.45|4.35|22|-0.10|-0.0225|0|80|1|1|0.1372|0.0051|0.0086|-0.3146|0.0762||4.20|72|3.35|27
GME211217P00232500||||53.30|53.30|22|0.00|0.0000|0|19|0|0|-0.9068|0.0045|-0.0896|-0.2028|0.0578||67.35|23|62.95|18
GME211217C00235000|4.25|4.25|4.25|5.14|4.25|23|-0.89|-0.1732|0|74|1|1|0.1504|0.0050|0.0093|-0.3606|0.0811||4.20|136|3.25|37
GME211217P00235000||||54.70|54.70|23|0.00|0.0000|0|60|0|0|-0.7498|0.0050|-0.2905|-0.1886|0.2075||69.10|6|65.45|45
GME211217C00240000|3.80|3.80|3.21|4.35|3.70|24|-0.65|-0.1494|48|356|1|15|0.0522|0.0032|0.0034|-0.1196|0.0371||3.65|66|3.00|36
GME211217P00240000||||65.50|65.50|24|0.00|0.0000|0|54|0|0|-0.9419|0.0034|-0.0949|-0.1330|0.0403||74.35|13|70.15|40
GME211217C00245000|3.25|3.25|3.17|3.98|3.17|25|-0.81|-0.2035|143|230|1|2|0.3286|0.0041|0.0604|-0.2989|0.2359||3.40|60|2.87|12
GME211217P00245000||||71.40|71.40|25|0.00|0.0000|-2|47|0|0|-0.8045|0.0046|-0.0892|-0.5464|0.0959||79.35|28|74.90|39
GME211217C00250000|4.20|4.20|2.88|3.70|3.00|26|-0.70|-0.1892|-24|1145|10|50|0.0360|0.0023|0.0023|-0.0900|0.0275||3.25|62|2.75|2
GME211217P00250000||||73.53|73.53|26|0.00|0.0000|0|56|0|0|-0.9608|0.0024|-0.1002|-0.0975|0.0294||84.15|4|79.50|47
GME211217C00255000|2.84|2.84|2.84|3.60|2.84|27|-0.76|-0.2111|0|355|1|1|0.1058|0.0037|0.0065|-0.2985|0.0635||3.20|75|2.53|59
GME211217P00255000||||39.75|39.75|27|0.00|0.0000|0|5|0|0|-0.9998|0.0000|-0.1048|0.0005|0.0002||89.00|14|84.30|47
GME211217C00260000|2.55|2.55|2.55|3.40|2.55|28|-0.85|-0.2500|3|519|1|1|0.0243|0.0017|0.0016|-0.0657|0.0198||3.05|81|2.50|1
GME211217P00260000||||78.20|78.20|28|0.00|0.0000|0|21|0|0|-0.9735|0.0017|-0.1051|-0.0709|0.0213||93.80|13|89.15|37
GME211217C00270000||||2.82|2.82|29|0.00|0.0000|34|575|0|0|0.0175|0.0012|0.0011|-0.0507|0.0150||2.80|74|2.18|38
GME211217P00270000||||65.35|65.35|29|0.00|0.0000|0|49|0|0|-0.9764|0.0015|-0.1167|-0.0638|0.0199||103.55|20|98.85|14
GME211217C00280000|2.50|2.50|2.32|2.63|2.32|30|-0.31|-0.1179|-3|2029|1|2|0.1488|0.0034|0.0306|-0.1486|0.1513||2.56|65|2.05|42
GME211217P00280000||||91.00|91.00|30|0.00|0.0000|0|10|0|0|-0.9856|0.0010|-0.1141|-0.0437|0.0127||112.95|16|108.65|13
GME211217C00290000|2.00|2.00|2.00|2.57|2.00|31|-0.57|-0.2218|1|523|1|1|0.1357|0.0031|0.0279|-0.1424|0.1422||2.53|126|1.85|95
GME211217P00290000||||68.50|68.50|31|0.00|0.0000|0|25|0|0|-0.9884|0.0008|-0.1184|-0.0374|0.0105||122.95|16|118.65|8
GME211217C00300000|2.05|2.20|1.84|2.15|1.95|32|-0.20|-0.0930|560|5707|2|24|0.1229|0.0029|0.0253|-0.1350|0.1328||2.11|14|1.85|2
GME211217P00300000|126.50|126.50|126.50|125.00|126.50|32|1.50|0.0120|0|20|1|1|-0.9899|0.0007|-0.1308|-0.0321|0.0096||132.80|15|128.50|25
GME211217C00310000|1.80|1.80|1.80|2.03|1.80|33|-0.23|-0.1133|-2|367|1|1|0.0049|0.0004|0.0003|-0.0180|0.0050||2.11|95|1.56|52
GME211217P00310000||||102.75|102.75|33|0.00|0.0000|0|3|0|0|-0.8806|0.0027|-0.4256|-0.1364|0.1301||142.80|16|138.35|5
GME211217C00320000||||1.73|1.73|34|0.00|0.0000|41|448|0|0|0.0038|0.0003|0.0002|-0.0143|0.0039||2.11|150|1.50|45
GME211217P00320000||||96.00|96.00|34|0.00|0.0000|0|17|0|0|-0.9953|0.0003|-0.1312|-0.0171|0.0048||152.60|5|148.20|13
GME211217C00330000||||1.75|1.75|35|0.00|0.0000|0|213|0|0|0.0947|0.0023|0.0195|-0.1170|0.1100||1.73|22|1.38|25
GME211217P00330000||||159.50|159.50|35|0.00|0.0000|0|3|0|0|-0.9964|0.0003|-0.1354|-0.0134|0.0038||162.55|18|158.10|14
GME211217C00340000|1.51|1.51|1.51|1.60|1.51|36|-0.09|-0.0563|0|232|1|1|0.0023|0.0002|0.0002|-0.0097|0.0025||1.73|99|1.26|49
GME211217P00340000||||126.85|126.85|36|0.00|0.0000|0|7|0|0|-0.9972|0.0002|-0.1395|-0.0105|0.0030||172.45|18|168.00|5
GME211217C00350000|1.50|1.51|1.30|1.40|1.30|37|-0.10|-0.0714|23|1013|5|28|0.0026|0.0002|0.0002|-0.0105|0.0029||1.68|89|1.25|23
GME211217P00350000||||133.85|133.85|37|0.00|0.0000|0|4|0|0|-0.9977|0.0002|-0.1437|-0.0088|0.0025||182.30|13|177.95|13
GME211217C00360000|1.30|1.39|1.25|1.37|1.39|38|0.02|0.0146|-4|304|1|11|0.0017|0.0001|0.0001|-0.0074|0.0019||1.62|95|1.20|25
GME211217P00360000||||||38|||0|0|0|0|-0.9980|0.0001|-0.1478|-0.0076|0.0022||192.30|18|187.85|13
GME211217C00370000|1.24|1.35|1.24|1.45|1.35|39|-0.10|-0.0690|0|447|4|5|0.0020|0.0001|0.0001|-0.0086|0.0022||1.62|112|1.30|4
GME211217P00370000||||172.65|172.65|39|0.00|0.0000|0|3|0|0|-0.9977|0.0002|-0.1620|-0.0088|0.0026||202.30|12|197.80|6
GME211217C00380000||||1.20|1.20|40|0.00|0.0000|-1|168|0|0|0.0012|0.0001|0.0001|-0.0058|0.0014||1.39|59|1.20|4
GME211217P00380000||||165.60|165.60|40|0.00|0.0000|0|17|0|0|-0.9986|0.0001|-0.1561|-0.0052|0.0016||212.30|5|207.75|8
GME211217C00390000||||1.18|1.18|41|0.00|0.0000|1|193|0|0|0.0011|0.0001|0.0001|-0.0053|0.0012||1.18|14|1.10|4
GME211217P00390000||||||41|||0|0|0|0|-0.9988|0.0001|-0.1602|-0.0047|0.0014||222.30|2|217.70|12
GME211217C00400000|1.12|1.12|0.90|1.08|1.05|42|-0.03|-0.0278|19|1185|1|33|0.0009|0.0001|0.0001|-0.0043|0.0010||1.05|5|1.00|3
GME211217P00400000||||198.90|198.90|42|0.00|0.0000|0|3|0|0|-0.9989|0.0001|-0.1643|-0.0043|0.0013||232.30|2|227.70|12
GME211217C00410000|0.90|1.00|0.90|1.00|1.00|43|0.00|0.0000|1|205|1|16|0.0007|0.0001|0.0000|-0.0036|0.0008||1.01|14|0.90|5
GME211217P00410000||||190.90|190.90|43|0.00|0.0000|0|3|0|0|-0.9990|0.0001|-0.1684|-0.0036|0.0011||243.80|8|237.65|6
GME211217C00420000||||0.95|0.95|44|0.00|0.0000|3|542|0|0|0.0006|0.0000|0.0000|-0.0033|0.0007||1.00|45|0.78|29
GME211217P00420000||||189.85|189.85|44|0.00|0.0000|0|16|0|0|-0.9995|0.0000|-0.1726|-0.0015|0.0007||251.95|16|247.65|7
GME211217C00430000|0.99|0.99|0.97|0.97|0.97|45|0.00|0.0000|0|208|1|11|0.0005|0.0000|0.0000|-0.0029|0.0007||0.94|90|0.69|27
GME211217P00430000||||244.20|244.20|45|0.00|0.0000|0|0|0|0|-0.9430|0.0013|-0.6127|-0.0915|0.0746||261.95|12|257.60|12
GME211217C00440000||||1.15|1.15|46|0.00|0.0000|0|472|0|0|0.0005|0.0000|0.0000|-0.0025|0.0006||0.94|65|0.57|48
GME211217P00440000||||||46|||0|0|0|0|-0.9996|0.0000|-0.1808|-0.0005|0.0005||271.95|12|267.55|12
GME211217C00450000|0.60|0.70|0.60|0.79|0.70|47|-0.09|-0.1139|2|686|1|3|0.0004|0.0000|0.0000|-0.0020|0.0004||0.89|2|0.57|50
GME211217P00450000||||||47|||0|0|0|0|-0.9997|0.0000|-0.1849|-0.0003|0.0004||283.45|4|277.55|18
GME211217C00460000|0.74|0.74|0.74|0.76|0.74|48|-0.02|-0.0263|2|1138|17|17|0.0003|0.0000|0.0000|-0.0020|0.0004||0.89|77|0.56|42
GME211217P00460000||||261.60|261.60|48|0.00|0.0000|0|5|0|0|-0.9502|0.0012|-0.6577|-0.0846|0.0670||293.35|12|287.55|18
GME211217C00470000|0.65|0.65|0.65|0.78|0.65|49|-0.13|-0.1667|1|190|2|2|0.0196|0.0006|0.0012|-0.1200|0.0165||0.89|57|0.52|25
GME211217P00470000||||||49||||0|0|0|-1.0000|0.0000|-0.1931|0.0016|0.0000||302.80|12|297.50|18
GME211217C00480000||||0.60|0.60|50|0.00|0.0000|16|240|0|0|0.0154|0.0005|0.0009|-0.0957|0.0134||0.88|17|0.49|8
GME211217P00480000||||264.21|264.21|50|0.00|0.0000|0|7|0|0|-0.9854|0.0005|-0.1964|-0.0893|0.0129||312.80|12|307.50|18
GME211217C00490000|0.66|0.66|0.52|0.52|0.52|51|0.00|0.0000|8|105|1|3|0.0134|0.0005|0.0008|-0.0851|0.0120||0.73|17|0.49|5
GME211217P00490000||||274.04|274.04|51|0.00|0.0000|0|7|0|0|-0.9867|0.0005|-0.2005|-0.0827|0.0119||321.85|12|317.50|18
GME211217C00500000|0.70|0.70|0.70|0.50|0.70|52|0.20|0.4000|-47|2441|1|1|0.0129|0.0004|0.0008|-0.0828|0.0115||0.68|58|0.50|35
GME211217P00500000||||290.05|290.05|52|0.00|0.0000|0|7|0|0|-0.7765|0.0020|-0.6900|-0.4275|0.1950||331.85|12|327.45|18
GME211217C00510000|0.61|0.62|0.42|0.53|0.55|53|0.02|0.0377|25|1391|1|61|0.0134|0.0004|0.0008|-0.0878|0.0119||0.60|9|0.49|15
GME211217P00510000||||277.97|277.97|53|0.00|0.0000|0|0|0|0|-0.9962|0.0002|-0.2093|-0.0228|0.0039||341.85|6|337.45|18
GME211223C00100000||||80.77|80.77|11|0.00|0.0000|0|14|0|0|0.8715|0.0018|0.0389|-0.5768|0.0861||73.90|18|70.00|1
GME211223P00100000|1.13|1.13|1.01|0.88|1.01|11|0.13|0.1477|8|124|3|14|-0.0347|0.0014|-0.0039|-0.1017|0.0315||1.23|15|1.00|3
GME211223C00110000||||||10||||0|0|0|1.0000|0.0000|0.0633|-0.0004|0.0000||64.35|20|59.90|6
GME211223P00110000|1.52|1.52|1.43|1.33|1.43|10|0.10|0.0752|9|37|3|14|-0.0597|0.0022|-0.0068|-0.1530|0.0487||1.63|1|1.40|3
GME211223C00120000||||103.35|103.35|9|0.00|0.0000|0|1|0|0|0.8148|0.0013|0.0263|-1.3046|0.1097||55.30|21|50.80|16
GME211223P00120000||||1.15|1.15|9|0.00|0.0000|0|25|0|0|-0.0551|0.0027|-0.0063|-0.1040|0.0468||2.92|31|1.83|15
GME211223C00130000||||||8||||0|0|0|1.0000|0.0000|0.0784|-0.0005|0.0000||46.45|13|42.15|4
GME211223P00130000||||2.69|2.69|8|0.00|0.0000|70|142|0|0|-0.1270|0.0044|-0.0144|-0.2330|0.0855||4.05|15|2.65|39
GME211223C00140000||||||7||||0|0|0|1.0000|0.0000|0.0805|-0.0005|0.0000||38.50|20|34.15|14
GME211223P00140000||||4.40|4.40|7|0.00|0.0000|2|42|0|0|-0.1897|0.0058|-0.0219|-0.2996|0.1114||6.20|23|4.40|35
GME211223C00145000||||||6||||0|0|0|1.0000|0.0000|0.0834|-0.0005|0.0000||34.85|12|30.30|6
GME211223P00145000||||||6||||0|0|0|0.0000|0.0000|0.0000|0.0000|0.0000||7.60|15|5.70|13
GME211223C00150000||||55.90|55.90|5|0.00|0.0000|0|4|0|0|0.6976|0.0035|0.0427|-0.7975|0.1465||31.20|16|26.85|16
GME211223P00150000|6.60|7.50|6.60|6.07|7.50|5|1.43|0.2356|-6|200|1|2|-0.2613|0.0073|-0.0319|-0.3294|0.1367||9.25|33|7.10|60
GME211223C00155000|29.20|29.20|29.20|57.05|29.20|4|-27.85|-0.4882|0|10|1|1|0.6823|0.0033|0.0390|-0.9204|0.1465||28.00|40|23.65|16
GME211223P00155000|9.85|9.85|9.85|9.30|9.85|4|0.55|0.0591|16|127|8|8|-0.3128|0.0071|-0.0394|-0.4020|0.1489||11.00|13|8.95|32
GME211223C00160000||||53.80|53.80|3|0.00|0.0000|0|12|0|0|0.6642|0.0034|0.0402|-0.8987|0.1533||25.15|30|21.25|7
GME211223P00160000|11.83|12.40|11.83|9.45|12.35|3|2.90|0.3069|1|62|5|18|-0.3473|0.0084|-0.0411|-0.3882|0.1517||13.35|27|11.30|14
GME211223C00165000||||||2||||0|0|0|0.6069|0.0084|0.0476|-0.4205|0.1579||22.35|30|18.55|13
GME211223P00165000||||11.60|11.60|2|0.00|0.0000|0|21|0|0|-0.3923|0.0086|-0.0470|-0.4097|0.1579||15.35|7|13.35|12
GME211223C00170000|18.25|19.95|18.20|25.94|18.23|1|-7.71|-0.2972|0|15|3|10|0.5655|0.0083|0.0446|-0.4433|0.1617||19.95|30|16.50|7
GME211223P00170000|16.83|17.67|16.05|14.35|17.23|1|2.88|0.2007|0|33|3|28|-0.4354|0.0085|-0.0531|-0.4341|0.1617||18.40|24|16.05|14
GME211223C00175000|23.00|23.00|16.00|19.00|17.45|1|-1.55|-0.0816|0|3|1|18|0.5029|0.0108|0.0420|-0.3505|0.1639||17.75|38|14.25|14
GME211223P00175000|16.28|20.62|16.28|15.02|20.62|1|5.60|0.3728|-6|48|5|7|-0.4865|0.0094|-0.0588|-0.4005|0.1637||20.95|14|18.95|18
