symbol|open|high|low|preClose|close|activeLevel|change|changeRatio|openIntChange|openInterest|latestPriceVol|volume|delta|gamma|rho|theta|vega|tradeStamptradeTime|ask|avol|bid|bvol
GME211210C00100000||||65.54|65.54|10|0.00|0.0000|1|2|0|0|0.8558|0.0018|0.0085|-2.9092|0.0446||72.15|17|64.85|12
GME211210P00100000|1.49|1.81|1.23|1.45|1.74|10|0.29|0.2000|481|720|10|712|-0.0413|0.0016|-0.0011|-0.4906|0.0174||1.75|2|1.68|10
GME211210C00110000||||76.13|76.13|9|0.00|0.0000|0|2|0|0|0.8395|0.0023|0.0097|-2.5460|0.0479||62.75|13|55.00|17
GME211210P00110000|1.65|2.13|1.65|1.80|1.97|9|0.17|0.0944|89|304|1|90|-0.0575|0.0023|-0.0015|-0.5740|0.0226||2.09|1|2.01|8
GME211210C00120000||||56.97|56.97|8|0.00|0.0000|0|1|0|0|0.8773|0.0036|0.0131|-1.1583|0.0400||53.50|16|45.30|10
GME211210P00120000|2.50|2.90|2.03|2.43|2.61|8|0.18|0.0741|529|792|1|657|-0.0844|0.0034|-0.0022|-0.7052|0.0304||2.70|1|2.51|2
GME211210C00130000||||||7||||0|0|0|1.0000|0.0000|0.0178|-0.0004|0.0000||42.65|11|36.60|14
GME211210P00130000|3.25|3.74|3.00|3.10|3.50|7|0.40|0.1290|414|845|1|124|-0.1193|0.0049|-0.0031|-0.8122|0.0392||3.70|18|3.40|14
GME211210C00140000||||29.50|29.50|6|0.00|0.0000|5|34|0|0|0.8776|0.0071|0.0161|-0.5770|0.0399||32.65|17|28.55|26
GME211210P00140000|4.70|5.40|4.35|4.30|5.10|6|0.80|0.1860|290|731|1|108|-0.1754|0.0069|-0.0046|-0.9623|0.0508||5.25|20|4.90|10
GME211210C00145000|28.00|28.00|25.50|24.75|26.45|5|1.70|0.0687|8|8|1|3|0.8530|0.0091|0.0162|-0.5852|0.0452||27.65|11|25.35|13
GME211210P00145000|5.25|6.55|5.25|5.20|6.20|5|1.00|0.1923|108|123|5|51|-0.2136|0.0081|-0.0056|-1.0488|0.0572||6.40|16|5.95|17
GME211210C00150000|25.89|25.89|25.89|24.62|25.89|4|1.27|0.0516|53|73|2|2|0.8166|0.0116|0.0160|-0.6067|0.0522||25.00|24|21.50|20
GME211210P00150000|6.90|7.89|6.50|6.25|7.30|4|1.05|0.1680|435|895|1|207|-0.2575|0.0093|-0.0068|-1.1227|0.0635||7.75|20|7.30|3
GME211210C00155000|21.89|21.89|21.89|23.55|21.89|3|-1.66|-0.0705|13|58|2|2|0.7010|0.0111|0.0135|-1.0825|0.0683||23.00|34|18.70|12
GME211210P00155000|8.20|9.59|7.90|8.00|9.00|3|1.00|0.1250|127|371|2|137|-0.3115|0.0101|-0.0082|-1.2357|0.0695||9.50|25|8.60|54
GME211210C00160000|18.50|18.75|18.50|21.00|18.75|2|-2.25|-0.1071|50|254|2|3|0.6360|0.0114|0.0123|-1.2334|0.0738||18.00|26|15.50|19
GME211210P00160000|10.40|11.85|9.40|9.45|10.92|2|1.47|0.1556|56|497|1|121|-0.3655|0.0112|-0.0097|-1.2678|0.0739||11.40|21|10.60|47
GME211210C00165000|16.50|16.50|13.50|18.15|13.50|1|-4.65|-0.2562|57|60|1|17|0.5755|0.0119|0.0113|-1.2887|0.0770||14.00|5|12.90|25
GME211210P00165000|12.95|13.70|11.70|10.85|13.13|1|2.28|0.2101|22|384|20|159|-0.4246|0.0123|-0.0113|-1.2487|0.0770||13.85|17|12.70|41
GME211210C00170000|12.80|14.60|11.05|14.85|11.45|1|-3.40|-0.2290|156|177|1|131|0.5119|0.0128|0.0102|-1.2468|0.0784||11.75|11|11.00|5
GME211210P00170000|15.35|16.05|13.69|13.48|15.98|1|2.50|0.1855|154|595|2|131|-0.4860|0.0123|-0.0131|-1.2894|0.0784||16.00|4|15.50|9
GME211210C00175000|10.15|11.91|9.20|13.46|9.20|2|-4.26|-0.3165|199|272|1|69|0.4577|0.0119|0.0091|-1.3220|0.0780||9.50|2|8.75|20
GME211210P00175000|18.75|19.06|17.00|16.00|17.00|2|1.00|0.0625|-4|518|1|25|-0.5474|0.0124|-0.0149|-1.2652|0.0779||19.95|36|18.00|41
GME211210C00177500|12.00|12.00|8.55|12.00|8.55|3|-3.45|-0.2875|20|47|1|111|0.4253|0.0121|0.0085|-1.2701|0.0771||9.00|42|8.00|4
GME211210P00177500|20.35|20.35|20.35|22.55|20.35|3|-2.20|-0.0976|32|266|2|2|-0.5335|0.0092|-0.0154|-1.7222|0.0782||21.45|19|18.90|55
GME211210C00180000|8.40|10.00|7.50|11.20|7.50|4|-3.70|-0.3304|98|404|5|56|0.3992|0.0118|0.0080|-1.2671|0.0759||7.75|1|7.30|4
GME211210P00180000|21.67|21.67|20.68|19.50|21.52|4|2.02|0.1036|-75|630|1|4|-0.5989|0.0117|-0.0166|-1.2818|0.0760||23.10|15|20.90|49
GME211210C00182500|7.53|8.55|7.45|9.20|7.90|5|-1.30|-0.1413|82|148|1|12|0.3567|0.0123|0.0073|-1.1324|0.0733||8.00|63|6.45|36
GME211210P00182500|21.20|21.20|21.20|26.97|21.20|5|-5.77|-0.2139|27|232|2|2|-0.5642|0.0085|-0.0167|-1.8256|0.0774||25.10|21|21.00|63
GME211210C00185000|7.00|8.00|6.40|9.00|6.40|6|-2.60|-0.2889|114|246|37|217|0.3396|0.0115|0.0069|-1.1664|0.0720||6.45|27|6.00|4
GME211210P00185000|24.00|26.95|23.40|22.22|26.95|6|4.73|0.2129|13|469|1|9|-0.6587|0.0114|-0.0184|-1.1770|0.0722||26.95|100|23.25|57
GME211210C00187500|5.05|7.00|5.05|8.15|5.45|7|-2.70|-0.3313|18|82|1|13|0.3131|0.0112|0.0064|-1.1234|0.0697||6.10|56|5.25|23
GME211210P00187500|24.95|26.55|24.95|29.08|26.55|7|-2.53|-0.0870|3|259|1|4|-0.6140|0.0087|-0.0182|-1.6774|0.0752||28.75|14|25.50|53
GME211210C00190000|6.42|6.71|5.00|8.00|5.02|8|-2.98|-0.3725|151|350|1|67|0.2995|0.0105|0.0061|-1.1498|0.0683||5.30|27|4.75|21
GME211210P00190000|27.48|28.30|26.60|29.43|28.30|8|-1.13|-0.0384|14|512|2|5|-0.6497|0.0091|-0.0191|-1.5125|0.0729||30.85|14|28.00|48
GME211210C00192500|5.25|5.85|5.20|6.25|5.20|9|-1.05|-0.1680|0|88|1|9|0.2550|0.0105|0.0053|-0.9793|0.0631||4.95|55|4.30|15
GME211210P00192500||||35.21|35.21|9|0.00|0.0000|4|122|0|0|-0.6208|0.0076|-0.0192|-1.9043|0.0748||32.65|12|29.00|32
GME211210C00195000|6.25|6.25|4.00|6.43|4.00|10|-2.43|-0.3779|42|292|1|60|0.2503|0.0098|0.0052|-1.0335|0.0625||4.30|12|3.80|57
GME211210P00195000||||35.56|35.56|10|0.00|0.0000|18|303|0|0|-0.6532|0.0079|-0.0200|-1.7307|0.0726||34.75|8|31.50|37
GME211210C00197500|4.90|4.90|3.83|6.00|3.83|11|-2.17|-0.3617|21|127|1|21|0.2334|0.0093|0.0048|-1.0072|0.0602||4.15|53|3.50|26
GME211210P00197500|34.54|34.54|34.54|36.83|34.54|11|-2.29|-0.0622|1|120|6|6|-0.6766|0.0079|-0.0208|-1.6413|0.0706||37.00|18|32.05|24
GME211210C00200000|4.30|5.20|3.36|5.67|3.45|12|-2.22|-0.3915|954|1728|1|439|0.2191|0.0088|0.0045|-0.9888|0.0581||3.55|11|3.20|8
GME211210P00200000|36.41|39.35|35.85|43.50|37.59|12|-5.91|-0.1359|19|699|1|17|-0.6350|0.0066|-0.0206|-2.1384|0.0739||39.10|12|34.55|37
GME211210C00202500|4.30|4.35|3.15|5.15|3.65|13|-1.50|-0.2913|17|94|1|33|0.2009|0.0084|0.0042|-0.9387|0.0552||3.50|42|2.91|16
GME211210P00202500||||45.70|45.70|13|0.00|0.0000|-13|35|0|0|-0.6445|0.0064|-0.0212|-2.1527|0.0732||41.25|13|36.65|11
GME211210C00205000|3.50|3.85|2.91|4.74|2.91|14|-1.83|-0.3861|69|238|1|45|0.1855|0.0080|0.0038|-0.8985|0.0526||2.88|1|2.66|13
GME211210P00205000||||38.52|38.52|14|0.00|0.0000|4|180|0|0|-0.7949|0.0079|-0.0239|-1.0208|0.0559||43.75|22|38.70|25
GME211210C00207500|3.00|3.35|2.57|4.00|2.57|15|-1.43|-0.3575|4|82|1|17|0.1616|0.0075|0.0034|-0.8005|0.0482||2.95|25|2.46|14
GME211210P00207500||||49.37|49.37|15|0.00|0.0000|6|26|0|0|-0.6707|0.0063|-0.0223|-2.0898|0.0712||46.20|15|41.20|23
GME211210C00210000|2.99|3.21|2.39|4.02|2.39|16|-1.63|-0.4055|23|359|3|78|0.1579|0.0071|0.0033|-0.8191|0.0474||2.66|13|2.32|9
GME211210P00210000|44.42|45.25|42.55|47.00|42.55|16|-4.45|-0.0947|29|141|3|22|-0.7411|0.0068|-0.0237|-1.5387|0.0637||48.65|12|43.70|23
GME211210C00212500|2.92|2.96|2.92|3.05|2.96|17|-0.09|-0.0295|8|88|1|2|0.1272|0.0065|0.0027|-0.6659|0.0410||2.66|42|2.13|23
GME211210P00212500|48.25|48.25|48.25|44.38|48.25|17|3.87|0.0872|1|38|1|1|-0.8456|0.0068|-0.0259|-0.8352|0.0467||50.80|16|46.20|22
GME211210C00215000|3.35|3.35|2.31|3.50|2.39|18|-1.11|-0.3171|50|216|2|20|0.1367|0.0063|0.0028|-0.7573|0.0431||2.52|32|2.01|14
GME211210P00215000||||50.45|50.45|18|0.00|0.0000|41|73|0|0|-0.7758|0.0065|-0.0250|-1.3840|0.0589||53.30|22|48.70|22
GME211210C00217500|3.20|3.20|2.35|2.86|2.38|19|-0.48|-0.1678|5|35|1|3|0.1156|0.0058|0.0024|-0.6515|0.0383||2.44|40|1.89|7
GME211210P00217500|53.30|53.30|53.30|49.60|53.30|19|3.70|0.0746|10|37|1|1|-0.8468|0.0062|-0.0266|-0.9020|0.0465||55.25|15|51.20|18
GME211210C00220000|2.95|2.95|1.90|3.00|1.91|20|-1.09|-0.3633|8|421|1|210|0.1169|0.0056|0.0024|-0.6873|0.0386||2.09|11|1.79|7
GME211210P00220000||||55.33|55.33|20|0.00|0.0000|9|165|0|0|-0.7856|0.0060|-0.0259|-1.4119|0.0574||57.75|22|53.70|18
GME211210C00222500|2.64|2.64|1.92|2.00|1.92|21|-0.08|-0.0400|4|92|1|12|0.0844|0.0048|0.0018|-0.4962|0.0304||2.09|49|1.70|16
GME211210P00222500||||42.95|42.95|21|0.00|0.0000|1|39|0|0|-0.9977|0.0004|-0.0304|-0.0110|0.0014||60.25|22|56.20|27
GME211210C00225000|2.60|2.60|1.90|2.70|1.90|22|-0.80|-0.2963|124|472|1|55|0.1036|0.0050|0.0022|-0.6462|0.0354||2.05|42|1.63|14
GME211210P00225000|54.45|54.45|54.45|63.55|54.45|22|-9.10|-0.1432|15|477|1|1|-0.7434|0.0054|-0.0260|-1.9039|0.0633||62.75|21|58.70|18
GME211210C00227500|2.19|2.19|1.87|2.10|1.91|23|-0.19|-0.0905|11|35|1|6|0.0839|0.0045|0.0018|-0.5294|0.0303||2.02|46|1.57|18
GME211210P00227500||||34.06|34.06|23|0.00|0.0000|0|35|0|0|-1.0000|0.0000|-0.0312|0.0007|0.0000||65.25|20|58.10|19
GME211210C00230000|2.02|2.02|1.60|2.40|1.76|24|-0.64|-0.2667|75|470|1|95|0.0910|0.0045|0.0019|-0.5988|0.0322||1.85|19|1.50|12
GME211210P00230000||||63.29|63.29|24|0.00|0.0000|-18|20|0|0|-0.8353|0.0052|-0.0282|-1.1712|0.0487||67.75|10|60.60|14
GME211210C00232500|1.97|1.97|1.59|1.90|1.59|25|-0.31|-0.1632|22|55|1|2|0.0745|0.0040|0.0016|-0.4963|0.0277||1.85|37|1.41|22
GME211210P00232500||||68.97|68.97|25|0.00|0.0000|-1|5|0|0|-0.7832|0.0051|-0.0277|-1.6800|0.0577||70.25|10|63.10|12
GME211210C00235000|2.04|2.04|1.60|2.11|1.60|26|-0.51|-0.2417|-34|864|1|10|0.0794|0.0040|0.0017|-0.5482|0.0291||1.65|23|1.38|15
GME211210P00235000||||74.05|74.05|26|0.00|0.0000|-3|32|0|0|-0.7496|0.0049|-0.0275|-2.0678|0.0625||72.75|10|65.60|10
GME211210C00237500|1.67|1.67|1.67|2.00|1.67|27|-0.33|-0.1650|1|20|1|1|0.0747|0.0038|0.0016|-0.5285|0.0278||1.65|36|1.31|17
GME211210P00237500||||76.45|76.45|27|0.00|0.0000|-1|24|0|0|-0.7538|0.0048|-0.0280|-2.0765|0.0620||75.25|2|67.90|13
GME211210C00240000|1.58|1.67|1.34|1.91|1.34|28|-0.57|-0.2984|-15|302|2|42|0.0708|0.0036|0.0015|-0.5126|0.0266||1.50|22|1.27|18
GME211210P00240000|74.06|74.06|74.06|79.00|74.06|28|-4.94|-0.0625|-3|31|1|1|-0.7558|0.0047|-0.0284|-2.1052|0.0617||77.75|2|70.35|16
GME211210C00245000|1.42|1.45|1.25|1.80|1.25|29|-0.55|-0.3056|16|182|11|46|0.0652|0.0033|0.0014|-0.4950|0.0250||1.45|14|1.16|8
GME211210P00245000||||50.19|50.19|29|0.00|0.0000|0|23|0|0|-0.9999|0.0000|-0.0336|0.0002|0.0001||82.75|12|75.30|16
GME211210C00250000|1.50|1.60|1.15|1.71|1.15|30|-0.56|-0.3275|563|2863|1|157|0.0606|0.0030|0.0013|-0.4805|0.0236||1.24|5|1.09|17
GME211210P00250000||||60.35|60.35|30|0.00|0.0000|0|15|0|0|-0.9996|0.0001|-0.0342|-0.0022|0.0003||87.75|16|80.25|11
GME211210C00255000|1.33|1.33|1.10|1.61|1.10|31|-0.51|-0.3168|12|73|1|84|0.0560|0.0028|0.0012|-0.4621|0.0222||1.17|5|1.03|15
GME211210P00255000||||40.40|40.40|31|0.00|0.0000|0|5|0|0|-1.0000|0.0000|-0.0349|0.0008|0.0000||92.75|16|85.20|13
GME211210C00260000|1.45|1.45|1.08|1.44|1.15|32|-0.29|-0.2014|-82|892|5|44|0.0496|0.0025|0.0010|-0.4242|0.0201||1.24|31|0.99|21
GME211210P00260000||||69.85|69.85|32|0.00|0.0000|0|22|0|0|-0.9995|0.0001|-0.0356|-0.0032|0.0004||97.75|12|90.15|17
GME211210C00270000|0.88|1.15|0.88|1.30|1.01|33|-0.29|-0.2231|-13|180|1|239|0.0431|0.0021|0.0009|-0.3959|0.0180||0.97|1|0.86|2
GME211210P00270000||||103.46|103.46|33|0.00|0.0000|1|15|0|0|-0.8606|0.0035|-0.0343|-1.3922|0.0436||107.45|16|100.10|13
GME211210C00280000|1.14|1.14|0.82|1.08|0.82|34|-0.26|-0.2407|17|259|1|16|0.0350|0.0018|0.0007|-0.3417|0.0152||0.91|3|0.77|3
GME211210P00280000||||112.20|112.20|34|0.00|0.0000|5|6|0|0|-0.8866|0.0031|-0.0361|-1.1833|0.0378||118.20|16|110.05|12
GME211210C00290000|1.09|1.09|0.72|1.10|0.72|35|-0.38|-0.3455|384|555|1|13|0.0340|0.0016|0.0007|-0.3528|0.0149||0.84|1|0.70|8
GME211210P00290000||||82.25|82.25|35|0.00|0.0000|0|7|0|0|-1.0000|0.0000|-0.0397|0.0008|0.0000||127.95|16|120.00|36
GME211210C00300000|0.90|0.95|0.65|1.00|0.65|36|-0.35|-0.3500|291|1210|1|131|0.0301|0.0014|0.0006|-0.3282|0.0134||0.70|1|0.63|22
GME211210P00300000||||76.00|76.00|36|0.00|0.0000|0|14|0|0|-1.0000|0.0000|-0.0411|0.0010|0.0000||137.85|17|130.00|42
GME211210C00310000|0.93|0.93|0.60|1.00|0.60|37|-0.40|-0.4000|19|283|1|13|0.0290|0.0013|0.0006|-0.3323|0.0130||0.68|1|0.58|19
GME211210P00310000||||83.61|83.61|37|0.00|0.0000|0|4|0|0|-1.0000|0.0000|-0.0425|0.0007|0.0000||147.75|17|139.95|41
GME211210C00320000|1.10|1.10|0.75|0.90|0.75|38|-0.15|-0.1667|1|277|10|12|0.0255|0.0012|0.0005|-0.3051|0.0117||0.60|2|0.52|13
GME211210P00320000||||89.47|89.47|38|0.00|0.0000|0|3|0|0|-1.0000|0.0000|-0.0438|0.0010|0.0000||157.70|17|149.95|42
GME211210C00330000|0.73|0.73|0.70|0.80|0.70|39|-0.10|-0.1250|3|249|1|3|0.0222|0.0010|0.0005|-0.2765|0.0104||0.72|24|0.48|7
GME211210P00330000||||||39||||0|0|0|-1.0000|0.0000|-0.0452|0.0011|0.0000||167.60|17|159.95|27
GME211210C00340000|0.75|0.78|0.66|0.82|0.66|40|-0.16|-0.1951|44|131|1|4|0.0220|0.0010|0.0005|-0.2853|0.0103||0.80|24|0.43|22
GME211210P00340000||||||40||||0|0|0|-1.0000|0.0000|-0.0466|0.0011|0.0000||177.50|17|170.00|27
GME211210C00350000|0.65|0.79|0.50|0.77|0.50|41|-0.27|-0.3506|62|499|1|58|0.0202|0.0009|0.0004|-0.2716|0.0096||0.60|19|0.42|4
GME211210P00350000||||||41||||0|0|0|-1.0000|0.0000|-0.0479|0.0011|0.0000||187.45|17|180.00|41
GME211210C00360000|0.61|0.61|0.50|0.77|0.50|42|-0.27|-0.3506|4|89|1|64|0.0196|0.0008|0.0004|-0.2732|0.0094||0.50|20|0.38|6
GME211210P00360000||||||42||||0|0|0|-1.0000|0.0000|-0.0493|0.0012|0.0000||197.40|17|190.00|27
GME211210C00370000||||0.73|0.73|43|0.00|0.0000|17|38|0|0|0.0180|0.0008|0.0004|-0.2591|0.0087||0.73|47|0.23|21
GME211210P00370000||||||43||||0|0|0|-1.0000|0.0000|-0.0507|0.0012|0.0000||207.30|17|200.00|41
GME211210C00380000|0.70|0.70|0.66|0.66|0.66|44|0.00|0.0000|7|57|1|2|0.0160|0.0007|0.0003|-0.2373|0.0079||0.71|41|0.21|67
GME211210P00380000||||||44||||0|0|0|-1.0000|0.0000|-0.0521|0.0012|0.0000||217.25|17|210.05|10
GME211210C00390000|0.56|0.56|0.39|0.60|0.39|45|-0.21|-0.3500|27|79|3|101|0.0144|0.0006|0.0003|-0.2181|0.0072||0.39|8|0.30|7
GME211210P00390000||||||45||||0|0|0|-1.0000|0.0000|-0.0534|0.0013|0.0000||227.20|17|220.05|42
GME211210C00400000|0.54|0.54|0.33|0.54|0.34|46|-0.20|-0.3704|108|528|1|60|0.0127|0.0005|0.0003|-0.1985|0.0065||0.37|104|0.29|8
GME211210P00400000||||||46||||0|0|0|-1.0000|0.0000|-0.0548|0.0013|0.0000||237.15|17|230.05|28
GME211210C00410000||||0.53|0.53|47|0.00|0.0000|11|70|0|0|0.0123|0.0005|0.0003|-0.1960|0.0062||0.35|9|0.25|18
GME211210P00410000||||||47||||0|0|0|-1.0000|0.0000|-0.0562|0.0013|0.0000||247.10|17|240.10|28
GME211210C00420000|0.48|0.48|0.33|0.49|0.33|48|-0.16|-0.3265|7|178|2|22|-0.9888|0.0000|-0.7775|0.0015|0.0223||0.34|12|0.24|16
GME211210P00420000||||||48||||0|0|0|-1.0000|0.0000|-0.0575|0.0014|0.0000||257.25|17|250.10|28
GME211210C00430000|0.98|0.98|0.98|0.50|0.98|49|0.48|0.9600|2|306|3|3|0.0113|0.0005|0.0002|-0.1897|0.0058||0.49|9|0.10|11
GME211210P00430000||||||49||||0|0|0|-1.0000|0.0000|-0.0589|0.0014|0.0000||268.90|13|260.10|28
GME211210C00440000|0.35|0.42|0.30|0.44|0.30|50|-0.14|-0.3182|13|80|3|6|0.0098|0.0004|0.0002|-0.1677|0.0051||0.30|22|0.16|2
GME211210P00440000||||||50||||0|0|0|-1.0000|0.0000|-0.0603|0.0014|0.0000||278.90|13|270.15|28
GME211210C00450000|0.47|0.47|0.24|0.40|0.24|51|-0.16|-0.4000|8|296|3|32|0.0088|0.0004|0.0002|-0.1540|0.0047||0.26|1|0.18|9
GME211210P00450000||||||51||||0|0|0|-1.0000|0.0000|-0.0616|0.0015|0.0000||288.75|13|280.15|28
GME211210C00460000|0.36|0.36|0.26|0.40|0.26|52|-0.14|-0.3500|48|66|100|101|0.0086|0.0004|0.0002|-0.1540|0.0046||0.29|9|0.12|3
GME211210P00460000||||||52||||0|0|0|-1.0000|0.0000|-0.0630|0.0015|0.0000||298.75|13|290.15|28
GME211210C00470000|0.35|0.35|0.19|0.37|0.19|53|-0.18|-0.4865|1|23|5|210|0.0079|0.0003|0.0002|-0.1434|0.0043||0.27|16|0.16|11
GME211210P00470000||||||53||||0|0|0|-1.0000|0.0000|-0.0644|0.0015|0.0000||308.75|12|300.20|28
GME211210C00480000|0.31|0.31|0.23|0.40|0.23|54|-0.17|-0.4250|40|73|1|6|0.0084|0.0003|0.0002|-0.1549|0.0045||0.26|9|0.03|18
GME211210P00480000||||||54||||0|0|0|-1.0000|0.0000|-0.0658|0.0016|0.0000||318.60|12|310.20|28
GME211210C00490000|0.50|0.50|0.25|0.35|0.25|55|-0.10|-0.2857|8|101|20|37|0.0072|0.0003|0.0001|-0.1365|0.0040||0.22|6|0.19|1
GME211210P00490000||||||55||||0|0|0|-1.0000|0.0000|-0.0671|0.0016|0.0000||329.20|4|320.20|28
GME211210C00500000|0.35|0.35|0.16|0.38|0.22|56|-0.16|-0.4211|43|893|1|78|0.0077|0.0003|0.0002|-0.1481|0.0042||0.20|1|0.18|2
GME211210P00500000||||||56||||0|0|0|-1.0000|0.0000|-0.0685|0.0016|0.0000||339.15|4|330.20|28
GME211210C00510000|0.30|0.34|0.15|0.35|0.15|57|-0.20|-0.5714|329|2355|1|235|0.0070|0.0003|0.0001|-0.1372|0.0039||0.20|26|0.18|1
GME211210P00510000||||||57||||0|0|0|-1.0000|0.0000|-0.0699|0.0017|0.0000||349.15|4|340.20|28
GME211217C00080000||||94.56|94.56|17|0.00|0.0000|0|2|0|0|0.9565|0.0011|0.0233|-0.3294|0.0281||89.00|2|85.10|12
GME211217P00080000|1.30|1.45|1.00|1.28|1.45|17|0.17|0.1328|256|606|1|13|-0.0314|0.0009|-0.0021|-0.2244|0.0215||1.49|16|1.30|1
GME211217C00085000||||95.85|95.85|16|0.00|0.0000|0|1|0|0|0.9024|0.0014|0.0199|-0.8860|0.0525||84.25|5|80.10|5
GME211217P00085000|1.75|1.75|1.52|1.39|1.52|16|0.13|0.0935|-1|120|1|2|-0.0359|0.0011|-0.0024|-0.2375|0.0240||1.84|69|1.27|68
GME211217C00090000||||137.00|137.00|15|0.00|0.0000|0|4|0|0|0.8823|0.0007|0.0102|-2.1906|0.0601||79.45|4|75.20|15
GME211217P00090000|1.88|1.88|1.57|1.47|1.73|15|0.26|0.1769|73|141|3|34|-0.0404|0.0013|-0.0027|-0.2459|0.0265||1.92|28|1.57|30
GME211217C00100000||||79.69|79.69|14|0.00|0.0000|0|50|0|0|0.9989|0.0001|0.0328|-0.0047|0.0011||70.05|5|65.20|15
GME211217P00100000|2.04|2.22|1.85|1.90|2.11|14|0.21|0.1105|387|1051|1|71|-0.0013|0.0001|-0.0001|-0.0052|0.0013||2.20|3|2.10|1
GME211217C00105000||||66.05|66.05|13|0.00|0.0000|0|1|0|0|0.9976|0.0003|0.0344|-0.0094|0.0023||65.40|13|60.90|15
GME211217P00105000|2.50|2.50|2.45|2.36|2.45|13|0.09|0.0381|13|153|1|2|-0.0026|0.0003|-0.0001|-0.0096|0.0024||2.73|20|2.20|43
GME211217C00110000||||73.25|73.25|12|0.00|0.0000|0|1|0|0|0.9958|0.0004|0.0359|-0.0146|0.0037||60.80|11|56.60|15
GME211217P00110000|2.64|2.88|2.58|2.50|2.85|12|0.35|0.1400|0|354|1|13|-0.0050|0.0005|-0.0003|-0.0173|0.0044||3.00|1|2.69|7
GME211217C00115000||||112.11|112.11|11|0.00|0.0000|0|2|0|0|0.9926|0.0008|0.0374|-0.0235|0.0063||56.25|17|52.30|12
GME211217P00115000|3.30|3.45|3.18|2.87|3.35|11|0.48|0.1672|18|180|1|15|-0.0098|0.0009|-0.0006|-0.0308|0.0080||3.55|12|3.00|31
GME211217C00120000||||44.77|44.77|10|0.00|0.0000|5|56|0|0|0.9859|0.0013|0.0386|-0.0404|0.0109||51.90|17|47.75|12
GME211217P00120000|3.60|3.85|3.60|3.25|3.85|10|0.60|0.1846|170|328|2|20|-0.0175|0.0016|-0.0010|-0.0504|0.0132||4.05|11|3.80|1
GME211217C00125000||||79.68|79.68|9|0.00|0.0000|0|35|0|0|0.9723|0.0024|0.0395|-0.0723|0.0194||47.60|18|43.40|12
GME211217P00125000|4.70|4.70|4.20|4.41|4.70|9|0.29|0.0658|148|355|1|146|-0.0317|0.0025|-0.0019|-0.0832|0.0217||4.75|24|4.50|1
GME211217C00130000||||43.52|43.52|8|0.00|0.0000|0|10|0|0|0.9545|0.0036|0.0400|-0.1071|0.0291||43.45|8|39.35|12
GME211217P00130000|5.00|5.26|4.90|5.00|5.00|8|0.00|0.0000|129|335|1|17|-0.0511|0.0038|-0.0030|-0.1214|0.0320||5.70|26|5.05|50
GME211217C00135000||||36.02|36.02|7|0.00|0.0000|0|3|0|0|0.9262|0.0052|0.0400|-0.1571|0.0426||39.45|21|35.50|12
GME211217P00135000||||6.65|6.65|7|0.00|0.0000|2|151|0|0|-0.0778|0.0053|-0.0046|-0.1666|0.0444||6.75|17|5.15|84
GME211217C00140000||||34.60|34.60|6|0.00|0.0000|1|149|0|0|0.8917|0.0070|0.0396|-0.2056|0.0566||35.65|18|31.45|12
GME211217P00140000|7.35|8.13|6.77|6.90|7.50|6|0.60|0.0870|102|915|1|88|-0.1154|0.0071|-0.0069|-0.2223|0.0593||7.90|23|7.00|49
GME211217C00145000||||27.00|27.00|5|0.00|0.0000|2|59|0|0|0.8429|0.0090|0.0382|-0.2678|0.0732||32.00|52|28.05|14
GME211217P00145000|8.40|9.49|8.15|8.20|8.15|5|-0.05|-0.0061|18|252|1|15|-0.1647|0.0089|-0.0100|-0.2864|0.0755||9.15|6|7.55|159
GME211217C00150000||||27.40|27.40|4|0.00|0.0000|11|82|0|0|0.7848|0.0109|0.0363|-0.3281|0.0891||28.60|56|24.65|16
GME211217P00150000|10.75|10.90|9.62|9.15|10.53|4|1.38|0.1508|40|1882|1|51|-0.2200|0.0107|-0.0134|-0.3407|0.0902||10.80|2|10.15|62
GME211217C00155000|24.92|24.92|24.92|20.20|24.92|3|4.72|0.2337|14|26|4|4|0.7212|0.0126|0.0339|-0.3746|0.1023||25.45|67|21.95|16
GME211217P00155000|12.65|12.65|11.30|12.49|12.10|3|-0.39|-0.0312|97|405|1|12|-0.2824|0.0123|-0.0173|-0.3860|0.1030||13.00|63|11.60|92
GME211217C00160000|22.03|22.32|22.03|22.85|22.32|2|-0.53|-0.0232|41|137|4|9|0.6512|0.0139|0.0311|-0.4095|0.1127||22.40|57|19.15|14
GME211217P00160000|13.30|14.62|13.00|14.25|14.25|2|0.00|0.0000|6|1046|1|32|-0.3516|0.0135|-0.0218|-0.4238|0.1130||15.10|28|13.30|121
GME211217C00165000|19.10|19.35|18.20|19.49|18.20|1|-1.29|-0.0662|-3|79|1|4|0.5766|0.0145|0.0278|-0.4398|0.1193||19.20|64|16.85|4
GME211217P00165000|16.10|17.60|15.00|15.80|16.40|1|0.60|0.0380|43|353|1|51|-0.4237|0.0142|-0.0265|-0.4510|0.1193||17.40|7|16.45|54
GME211217C00170000|17.25|17.45|15.90|19.50|17.00|1|-2.50|-0.1282|18|135|1|58|0.5036|0.0146|0.0245|-0.4540|0.1215||17.55|90|14.20|67
GME211217P00170000|19.15|20.45|17.94|17.60|18.00|1|0.40|0.0227|26|1092|6|11|-0.4948|0.0142|-0.0314|-0.4651|0.1215||20.25|21|17.90|88
GME211217C00175000|14.32|16.15|14.08|15.96|16.15|2|0.19|0.0119|25|208|1|16|0.4317|0.0145|0.0213|-0.4436|0.1197||14.70|84|12.45|13
GME211217P00175000|21.55|21.55|20.20|19.30|20.20|2|0.90|0.0466|65|785|1|13|-0.5643|0.0141|-0.0362|-0.4577|0.1199||23.55|22|20.55|79
GME211217C00180000|12.68|13.50|11.92|14.75|11.95|3|-2.80|-0.1898|61|503|1|32|0.3651|0.0138|0.0181|-0.4259|0.1145||13.30|101|10.50|112
GME211217P00180000|24.32|26.10|24.32|23.68|26.10|3|2.42|0.1022|54|1128|1|4|-0.6304|0.0136|-0.0409|-0.4375|0.1150||26.60|20|24.00|88
GME211217C00185000|10.90|12.00|10.19|12.22|11.10|4|-1.12|-0.0917|14|284|1|5|0.3047|0.0128|0.0152|-0.3986|0.1067||12.05|104|9.35|13
GME211217P00185000|28.90|28.90|28.90|27.75|28.90|4|1.15|0.0414|-9|246|6|6|-0.6908|0.0127|-0.0454|-0.4084|0.1073||30.60|14|26.90|90
GME211217C00187500||||8.62|8.62|5|0.00|0.0000|3|42|0|0|0.3341|0.0105|0.0162|-0.5258|0.1109||11.35|107|8.55|71
GME211217P00187500||||34.50|34.50|5|0.00|0.0000|0|116|0|0|-0.5539|0.0067|-0.0424|-0.9738|0.1204||32.45|14|28.70|67
GME211217C00190000|10.50|10.50|9.67|11.00|9.67|6|-1.33|-0.1209|19|273|1|6|0.2515|0.0116|0.0126|-0.3653|0.0971||10.00|92|8.20|33
GME211217P00190000|32.80|32.80|31.00|32.96|31.10|6|-1.86|-0.0564|-15|431|10|32|-0.7421|0.0115|-0.0495|-0.3785|0.0984||34.70|25|30.60|95
GME211217C00192500|8.45|10.60|8.15|8.20|8.80|7|0.60|0.0732|9|39|1|6|0.3076|0.0094|0.0148|-0.5459|0.1071||9.90|110|7.70|1
GME211217P00192500||||38.40|38.40|7|0.00|0.0000|2|113|0|0|-0.5784|0.0065|-0.0450|-0.9858|0.1192||36.05|12|32.50|71
GME211217C00195000|8.00|8.35|8.00|8.75|8.35|8|-0.40|-0.0457|11|158|1|3|0.2067|0.0103|0.0104|-0.3306|0.0870||9.30|97|7.10|34
GME211217P00195000|36.78|36.78|35.27|36.79|35.27|8|-1.52|-0.0413|-32|441|1|17|-0.7874|0.0102|-0.0534|-0.3426|0.0884||37.95|12|34.45|100
GME211217C00197500|7.80|7.80|7.80|8.05|7.80|9|-0.25|-0.0311|-4|37|1|1|0.2892|0.0085|0.0138|-0.5730|0.1041||8.80|112|6.30|90
GME211217P00197500||||42.50|42.50|9|0.00|0.0000|0|93|0|0|-0.5999|0.0062|-0.0476|-0.9985|0.1177||40.15|11|36.50|19
GME211217C00200000|7.80|8.05|6.00|8.80|6.10|10|-2.70|-0.3068|716|2717|1|83|0.1699|0.0090|0.0086|-0.2971|0.0770||6.90|6|6.10|51
GME211217P00200000|39.83|39.83|38.87|40.50|38.97|10|-1.53|-0.0378|0|1919|20|41|-0.8235|0.0090|-0.0568|-0.3110|0.0790||42.60|15|38.55|35
GME211217C00202500|6.70|6.70|6.70|6.50|6.70|11|0.20|0.0308|-1|35|1|1|0.2471|0.0081|0.0120|-0.5158|0.0962||6.95|57|5.70|25
GME211217P00202500||||39.87|39.87|11|0.00|0.0000|3|120|0|0|-0.7014|0.0074|-0.0526|-0.6781|0.1057||44.20|12|40.65|26
GME211217C00205000|6.65|6.80|6.00|6.70|6.36|12|-0.34|-0.0507|11|64|2|11|0.2454|0.0076|0.0118|-0.5401|0.0959||6.60|61|5.35|34
GME211217P00205000|44.49|44.49|44.49|44.80|44.49|12|-0.31|-0.0069|-2|163|4|10|-0.6736|0.0066|-0.0526|-0.8195|0.1098||46.30|12|42.80|28
GME211217C00207500|6.10|6.10|5.50|5.50|5.50|13|0.00|0.0000|-1|31|1|3|0.2152|0.0075|0.0105|-0.4774|0.0891||6.30|62|5.00|34
GME211217P00207500||||50.60|50.60|13|0.00|0.0000|35|216|0|0|-0.6410|0.0058|-0.0526|-0.9997|0.1139||48.65|13|44.95|26
GME211217C00210000|5.30|6.00|5.20|7.10|5.20|14|-1.90|-0.2676|-18|797|1|27|0.1065|0.0065|0.0054|-0.2159|0.0560||5.50|26|4.70|33
GME211217P00210000|48.25|49.19|46.25|49.35|47.39|14|-1.96|-0.0397|-7|208|10|34|-0.8887|0.0066|-0.0634|-0.2262|0.0578||50.30|9|47.80|32
GME211217C00212500|5.50|5.50|4.70|5.15|4.70|15|-0.45|-0.0874|-8|14|1|5|0.1985|0.0068|0.0096|-0.4734|0.0849||5.40|57|4.45|33
GME211217P00212500||||42.25|42.25|15|0.00|0.0000|0|59|0|0|-0.8820|0.0064|-0.0639|-0.2538|0.0602||52.95|12|49.40|26
GME211217C00215000|5.10|5.23|5.10|4.55|5.20|16|0.65|0.1429|6|103|1|7|0.1806|0.0066|0.0088|-0.4398|0.0801||5.35|65|4.20|22
GME211217P00215000|52.75|52.75|51.43|55.04|51.43|16|-3.61|-0.0656|3|104|5|20|-0.6895|0.0058|-0.0569|-0.9002|0.1076||55.35|17|51.65|26
GME211217C00217500||||5.10|5.10|17|0.00|0.0000|1|40|0|0|0.1898|0.0063|0.0092|-0.4869|0.0826||5.25|95|4.00|34
GME211217P00217500|55.40|55.40|55.00|54.90|55.00|17|0.10|0.0018|32|55|1|3|-0.7289|0.0059|-0.0591|-0.7709|0.1009||57.85|18|53.90|21
GME211217C00220000|4.65|4.80|4.20|5.43|4.45|18|-0.98|-0.1805|-24|1879|10|24|0.0660|0.0045|0.0034|-0.1521|0.0391||4.60|32|3.80|8
GME211217P00220000||||54.49|54.49|18|0.00|0.0000|-22|424|0|0|-0.9282|0.0047|-0.0686|-0.1661|0.0417||60.15|18|56.20|21
GME211217C00222500||||4.60|4.60|19|0.00|0.0000|1|70|0|0|0.1719|0.0058|0.0083|-0.4654|0.0776||4.55|31|3.65|14
GME211217P00222500||||49.15|49.15|19|0.00|0.0000|0|21|0|0|-0.8357|0.0058|-0.0652|-0.4403|0.0754||62.45|16|58.50|14
GME211217C00225000|4.25|4.50|3.90|4.50|3.90|20|-0.60|-0.1333|30|128|1|14|0.1667|0.0056|0.0081|-0.4645|0.0761||4.40|55|3.40|37
GME211217P00225000||||49.64|49.64|20|0.00|0.0000|0|30|0|0|-0.8716|0.0053|-0.0676|-0.3422|0.0639||64.90|12|60.85|24
GME211217C00227500||||4.50|4.50|21|0.00|0.0000|1|9|0|0|0.1640|0.0054|0.0079|-0.4709|0.0753||4.35|34|3.35|16
GME211217P00227500||||51.86|51.86|21|0.00|0.0000|0|60|0|0|-0.9707|0.0026|-0.0733|-0.0712|0.0203||67.15|13|63.20|15
GME211217C00230000|3.80|3.90|3.80|4.80|3.90|22|-0.90|-0.1875|-6|436|1|2|0.0432|0.0031|0.0022|-0.1119|0.0279||4.00|40|3.20|32
GME211217P00230000||||64.00|64.00|22|0.00|0.0000|-1|63|0|0|-0.9540|0.0032|-0.0732|-0.1189|0.0294||69.50|4|65.55|19
GME211217C00232500||||3.80|3.80|23|0.00|0.0000|6|86|0|0|0.1425|0.0050|0.0069|-0.4255|0.0686||4.00|72|3.10|23
GME211217P00232500||||53.30|53.30|23|0.00|0.0000|0|19|0|0|-0.9453|0.0034|-0.0736|-0.1476|0.0337||71.85|13|67.90|20
GME211217C00235000||||3.95|3.95|24|0.00|0.0000|4|78|0|0|0.1435|0.0048|0.0069|-0.4416|0.0689||3.90|62|2.99|22
GME211217P00235000||||68.76|68.76|24|0.00|0.0000|1|61|0|0|-0.8087|0.0050|-0.0683|-0.6174|0.0830||74.25|12|70.30|18
GME211217C00240000|3.05|3.50|3.00|3.45|3.00|25|-0.45|-0.1304|-35|321|1|18|0.0260|0.0020|0.0013|-0.0742|0.0184||3.00|5|2.80|10
GME211217P00240000||||65.50|65.50|25|0.00|0.0000|0|54|0|0|-0.9703|0.0022|-0.0774|-0.0845|0.0206||79.80|7|75.05|17
GME211217C00245000|3.60|3.60|2.94|3.05|3.00|26|-0.05|-0.0164|-34|196|2|6|0.1144|0.0041|0.0055|-0.3800|0.0589||3.25|33|2.62|20
GME211217P00245000||||83.35|83.35|26|0.00|0.0000|-9|38|0|0|-0.7474|0.0044|-0.0695|-0.9576|0.0973||84.45|5|79.85|17
GME211217C00250000|2.80|3.15|2.63|3.43|2.63|27|-0.80|-0.2332|99|1244|1|36|0.0161|0.0013|0.0008|-0.0503|0.0123||2.97|24|2.50|2
GME211217P00250000|85.24|85.24|85.24|84.85|85.24|27|0.39|0.0046|-1|55|1|1|-0.9819|0.0015|-0.0813|-0.0556|0.0135||89.25|5|84.70|18
GME211217C00255000|2.25|2.72|2.25|3.21|2.72|28|-0.49|-0.1526|4|359|1|2|0.1126|0.0037|0.0054|-0.4092|0.0583||2.97|50|2.35|28
GME211217P00255000||||39.75|39.75|28|0.00|0.0000|0|5|0|0|-1.0000|0.0000|-0.0838|0.0008|0.0000||94.00|3|89.55|17
GME211217C00260000|2.57|2.81|2.53|2.85|2.53|29|-0.32|-0.1123|4|523|1|12|0.0098|0.0009|0.0005|-0.0331|0.0080||2.82|54|2.25|30
GME211217P00260000||||89.25|89.25|29|0.00|0.0000|0|21|0|0|-0.9889|0.0009|-0.0849|-0.0368|0.0089||99.00|21|94.40|20
GME211217C00270000|2.98|2.98|2.25|2.71|2.25|30|-0.46|-0.1697|-3|572|1|20|0.0065|0.0006|0.0003|-0.0235|0.0055||2.45|29|2.05|42
GME211217P00270000||||65.35|65.35|30|0.00|0.0000|0|49|0|0|-0.9924|0.0007|-0.0884|-0.0269|0.0064||108.70|3|104.20|16
GME211217C00280000|2.08|2.08|2.08|2.70|2.08|31|-0.62|-0.2296|-3|2026|1|1|0.0045|0.0004|0.0002|-0.0173|0.0040||2.45|86|1.91|50
GME211217P00280000||||91.00|91.00|31|0.00|0.0000|0|10|0|0|-0.9949|0.0005|-0.0918|-0.0190|0.0045||118.30|4|114.00|17
GME211217C00290000|2.00|2.00|2.00|2.15|2.00|32|-0.15|-0.0698|2|525|1|5|0.0031|0.0003|0.0002|-0.0126|0.0028||2.07|31|1.77|29
GME211217P00290000||||68.50|68.50|32|0.00|0.0000|0|25|0|0|-0.9961|0.0004|-0.0951|-0.0151|0.0035||128.30|16|123.85|13
GME211217C00300000|3.27|3.27|1.75|2.29|1.75|33|-0.54|-0.2358|24|5731|2|54|0.0020|0.0002|0.0001|-0.0088|0.0020||1.75|190|1.70|1
GME211217P00300000||||126.50|126.50|33|0.00|0.0000|0|20|0|0|-0.9975|0.0002|-0.0985|-0.0097|0.0023||138.15|16|133.70|13
GME211217C00310000|3.06|3.06|1.68|1.97|1.68|34|-0.29|-0.1472|1|368|2|33|0.0013|0.0001|0.0001|-0.0060|0.0013||1.74|9|1.51|11
GME211217P00310000||||102.75|102.75|34|0.00|0.0000|0|3|0|0|-0.9982|0.0002|-0.1018|-0.0070|0.0017||148.15|16|143.60|5
GME211217C00320000|1.48|1.56|1.48|1.80|1.56|35|-0.24|-0.1333|0|448|1|2|0.0009|0.0001|0.0000|-0.0045|0.0010||1.74|34|1.30|82
GME211217P00320000||||96.00|96.00|35|0.00|0.0000|0|17|0|0|-0.9987|0.0001|-0.1051|-0.0050|0.0013||157.85|4|153.50|17
GME211217C00330000|1.90|1.90|1.50|1.81|1.50|36|-0.31|-0.1713|0|213|1|2|0.0007|0.0001|0.0000|-0.0034|0.0007||1.74|52|1.30|17
GME211217P00330000||||159.50|159.50|36|0.00|0.0000|0|3|0|0|-0.9991|0.0001|-0.1084|-0.0034|0.0009||167.85|4|163.40|17
GME211217C00340000|1.40|1.40|1.40|1.81|1.40|37|-0.41|-0.2265|0|232|2|2|0.0005|0.0001|0.0000|-0.0027|0.0006||1.74|82|1.18|45
GME211217P00340000||||126.85|126.85|37|0.00|0.0000|0|7|0|0|-0.9993|0.0001|-0.1117|-0.0022|0.0007||177.85|16|173.30|15
GME211217C00350000|1.45|1.51|1.28|1.64|1.39|38|-0.25|-0.1524|-9|1004|1|524|0.0004|0.0000|0.0000|-0.0022|0.0004||1.53|18|1.18|1
GME211217P00350000||||133.85|133.85|38|0.00|0.0000|0|4|0|0|-0.9995|0.0001|-0.1150|-0.0016|0.0006||187.80|2|183.25|13
GME211217C00360000||||1.34|1.34|39|0.00|0.0000|11|315|0|0|0.0003|0.0000|0.0000|-0.0019|0.0004||1.45|31|1.07|26
GME211217P00360000||||||39|||0|0|0|0|-0.9996|0.0000|-0.1183|-0.0011|0.0005||197.85|12|193.20|12
GME211217C00370000|1.15|1.15|1.15|1.49|1.15|40|-0.34|-0.2282|-1|446|1|1|0.0003|0.0000|0.0000|-0.0016|0.0003||1.38|26|1.00|11
GME211217P00370000||||172.65|172.65|40|0.00|0.0000|0|3|0|0|-0.9997|0.0000|-0.1216|-0.0007|0.0004||207.75|17|203.10|13
GME211217C00380000|1.05|1.05|1.05|1.25|1.05|41|-0.20|-0.1600|0|168|4|4|0.0002|0.0000|0.0000|-0.0014|0.0003||1.35|33|0.90|26
GME211217P00380000||||208.83|208.83|41|0.00|0.0000|-1|16|0|0|-0.9997|0.0000|-0.1249|-0.0003|0.0003||217.75|2|213.05|12
GME211217C00390000||||1.50|1.50|42|0.00|0.0000|1|194|0|0|0.0002|0.0000|0.0000|-0.0012|0.0002||1.35|21|0.88|7
GME211217P00390000||||||42|||0|0|0|0|-0.9998|0.0000|-0.1282|-0.0001|0.0003||227.75|2|223.00|10
GME211217C00400000|1.28|1.28|1.07|1.36|1.14|43|-0.22|-0.1618|91|1276|1|5|0.0002|0.0000|0.0000|-0.0009|0.0002||1.19|16|1.05|1
GME211217P00400000||||238.75|238.75|43|0.00|0.0000|0|3|0|0|-0.9998|0.0000|-0.1315|0.0000|0.0002||237.75|1|232.95|12
GME211217C00410000|1.12|1.12|1.12|1.14|1.12|44|-0.02|-0.0175|21|226|1|1|0.0001|0.0000|0.0000|-0.0007|0.0001||1.12|13|0.79|11
GME211217P00410000||||190.90|190.90|44|0.00|0.0000|0|3|0|0|-0.9998|0.0000|-0.1348|0.0003|0.0002||248.20|12|242.90|12
GME211217C00420000|0.93|1.00|0.92|1.08|1.00|45|-0.08|-0.0741|0|542|2|5|0.0001|0.0000|0.0000|-0.0006|0.0001||1.09|25|0.74|19
GME211217P00420000||||189.85|189.85|45|0.00|0.0000|0|16|0|0|-0.9999|0.0000|-0.1381|0.0009|0.0001||257.50|17|252.85|21
GME211217C00430000|0.91|0.91|0.91|0.97|0.91|46|-0.06|-0.0619|5|213|2|2|0.0001|0.0000|0.0000|-0.0006|0.0001||1.03|5|0.71|2
GME211217P00430000||||244.20|244.20|46|0.00|0.0000|0|0|0|0|-0.9999|0.0000|-0.1414|0.0010|0.0001||267.50|1|262.75|10
GME211217C00440000||||1.15|1.15|47|0.00|0.0000|0|472|0|0|0.0001|0.0000|0.0000|-0.0005|0.0001||0.88|5|0.74|1
GME211217P00440000||||||47|||0|0|0|0|-1.0000|0.0000|-0.1446|0.0011|0.0001||277.50|12|272.70|10
GME211217C00450000||||0.89|0.89|48|0.00|0.0000|-3|683|0|0|0.0000|0.0000|0.0000|-0.0003|0.0001||0.84|5|0.57|16
GME211217P00450000||||||48|||0|0|0|0|-1.0000|0.0000|-0.1479|0.0012|0.0001||288.40|12|282.70|1
GME211217C00460000|0.73|0.73|0.73|1.00|0.73|49|-0.27|-0.2700|1|1139|1|1|0.0000|0.0000|0.0000|-0.0004|0.0001||0.81|5|0.57|6
GME211217P00460000||||261.60|261.60|49|0.00|0.0000|0|5|0|0|-1.0000|0.0000|-0.1512|0.0013|0.0000||297.70|4|292.65|11
GME211217C00470000||||1.00|1.00|50|0.00|0.0000|0|190|0|0|0.0275|0.0008|0.0013|-0.2115|0.0193||0.78|7|0.56|2
GME211217P00470000||||||50||||0|0|0|-1.0000|0.0000|-0.1545|0.0016|0.0000||307.70|12|302.60|20
GME211217C00480000||||0.87|0.87|51|0.00|0.0000|3|243|0|0|0.0242|0.0007|0.0011|-0.1891|0.0173||0.77|7|0.55|2
GME211217P00480000||||264.21|264.21|51|0.00|0.0000|0|7|0|0|-0.9944|0.0002|-0.1575|-0.0415|0.0049||317.70|12|312.60|10
GME211217C00490000||||1.00|1.00|52|0.00|0.0000|47|152|0|0|0.0268|0.0008|0.0012|-0.2136|0.0189||0.73|7|0.49|2
GME211217P00490000||||274.04|274.04|52|0.00|0.0000|0|7|0|0|-0.9920|0.0003|-0.1607|-0.0613|0.0067||328.25|12|322.55|20
GME211217C00500000|0.75|0.89|0.61|0.81|0.61|53|-0.20|-0.2469|-5|2436|1|3|0.0222|0.0007|0.0010|-0.1796|0.0161||0.73|13|0.50|1
GME211217P00500000||||290.05|290.05|53|0.00|0.0000|0|7|0|0|-0.9910|0.0003|-0.1639|-0.0701|0.0074||338.20|12|332.65|20
GME211217C00510000|0.85|0.85|0.49|0.88|0.60|54|-0.28|-0.3182|163|1554|1|57|0.0236|0.0007|0.0011|-0.1939|0.0170||0.65|3|0.48|2
GME211217P00510000||||277.97|277.97|54|0.00|0.0000|0|0|0|0|-0.9955|0.0002|-0.1674|-0.0345|0.0040||348.15|12|342.65|12
GME211223C00100000||||71.00|71.00|10|0.00|0.0000|-1|13|0|0|0.9111|0.0021|0.0400|-0.3496|0.0600||70.45|11|65.85|4
GME211223P00100000|2.10|2.68|2.10|1.97|2.25|10|0.28|0.1421|190|314|2|16|-0.0590|0.0019|-0.0058|-0.2069|0.0438||2.50|1|2.25|6
GME211223C00110000||||||9||||0|0|0|1.0000|0.0000|0.0542|-0.0004|0.0000||61.35|13|56.65|15
GME211223P00110000||||2.76|2.76|9|0.00|0.0000|68|105|0|0|-0.0847|0.0026|-0.0083|-0.2562|0.0579||4.55|15|3.00|18
GME211223C00120000||||103.35|103.35|8|0.00|0.0000|0|1|0|0|0.8231|0.0011|0.0197|-1.6464|0.0968||52.75|11|48.35|15
GME211223P00120000|4.05|4.55|4.05|4.64|4.55|8|-0.09|-0.0194|12|37|1|2|-0.1306|0.0035|-0.0131|-0.3523|0.0792||5.40|6|4.10|23
GME211223C00130000||||||7||||0|0|0|1.0000|0.0000|0.0641|-0.0005|0.0000||44.65|13|39.80|15
GME211223P00130000|5.72|7.20|5.72|6.15|7.20|7|1.05|0.1707|-6|136|1|3|-0.1750|0.0046|-0.0176|-0.4020|0.0962||8.15|22|5.75|28
GME211223C00140000||||||6||||0|0|0|1.0000|0.0000|0.0690|-0.0005|0.0000||37.20|13|32.40|12
GME211223P00140000|8.38|8.38|8.38|9.55|8.38|6|-1.17|-0.1225|0|42|3|3|-0.2408|0.0054|-0.0248|-0.4981|0.1162||9.95|14|7.40|18
GME211223C00145000||||||5||||0|0|0|1.0000|0.0000|0.0715|-0.0005|0.0000||33.75|14|29.00|17
GME211223P00145000||||11.64|11.64|5|0.00|0.0000|11|11|0|0|-0.2751|0.0057|-0.0287|-0.5419|0.1245||11.30|12|8.85|14
GME211223C00150000||||28.10|28.10|4|0.00|0.0000|17|21|0|0|0.7386|0.0091|0.0492|-0.3238|0.1214||30.55|15|26.20|8
GME211223P00150000|12.00|12.50|11.29|11.00|11.29|4|0.29|0.0264|-45|155|1|3|-0.2997|0.0068|-0.0305|-0.4925|0.1297||13.25|7|10.50|32
GME211223C00155000||||29.20|29.20|3|0.00|0.0000|1|11|0|0|0.6639|0.0075|0.0423|-0.4937|0.1361||27.55|18|23.30|14
GME211223P00155000|14.70|14.70|14.70|14.47|14.70|3|0.23|0.0159|-49|78|1|1|-0.3409|0.0067|-0.0357|-0.5597|0.1368||15.45|13|12.55|26
GME211223C00160000||||25.00|25.00|2|0.00|0.0000|7|19|0|0|0.6241|0.0084|0.0409|-0.4769|0.1416||24.80|25|20.75|13
GME211223P00160000|15.25|15.90|15.25|15.00|15.68|2|0.68|0.0453|4|66|1|11|-0.3771|0.0075|-0.0390|-0.5321|0.1417||16.95|2|15.50|18
GME211223C00165000|21.88|21.88|21.88|21.20|21.88|1|0.68|0.0321|16|16|4|4|0.5785|0.0092|0.0389|-0.4620|0.1460||22.35|30|18.80|12
GME211223P00165000|19.20|19.20|19.20|21.87|19.20|1|-2.67|-0.1221|263|284|1|1|-0.4079|0.0063|-0.0450|-0.6646|0.1449||20.45|5|17.70|27
GME211223C00170000|19.05|19.05|18.40|22.00|19.05|1|-2.95|-0.1341|15|30|1|4|0.5444|0.0078|0.0356|-0.5571|0.1479||19.50|34|17.00|1
GME211223P00170000|23.70|23.70|23.70|19.50|23.70|1|4.20|0.2154|28|61|1|1|-0.4575|0.0080|-0.0481|-0.5428|0.1480||23.00|9|20.40|24
GME211223C00175000|19.30|19.30|19.30|16.30|19.30|2|3.00|0.1840|16|19|2|2|0.4856|0.0094|0.0334|-0.4683|0.1487||18.05|30|14.70|10
GME211223P00175000|23.86|23.86|21.55|27.16|21.55|2|-5.61|-0.2066|-1|47|1|2|-0.4721|0.0065|-0.0531|-0.6750|0.1485||26.70|16|23.55|20
