symbol|open|high|low|preClose|close|activeLevel|change|changeRatio|openIntChange|openInterest|latestPriceVol|volume|delta|gamma|rho|theta|vega|tradeStamptradeTime|ask|avol|bid|bvol
GME211210C00100000||||70.90|70.90|13|0.00|0.0000|209|211|0|0|0.9444|0.0016|0.0097|-1.0118|0.0207||78.85|6|72.00|77
GME211210P00100000|1.09|1.09|0.69|1.14|0.71|13|-0.43|-0.3772|1314|2034|3|846|-0.0188|0.0009|-0.0004|-0.2976|0.0085||0.73|3|0.68|1
GME211210C00110000||||76.13|76.13|12|0.00|0.0000|0|2|0|0|0.8471|0.0019|0.0076|-3.6503|0.0436||68.85|12|62.00|51
GME211210P00110000|1.45|1.51|1.00|1.52|1.00|12|-0.52|-0.3421|314|618|3|80|-0.0277|0.0014|-0.0006|-0.3719|0.0118||1.10|3|0.95|13
GME211210C00120000||||51.40|51.40|11|0.00|0.0000|1|2|0|0|0.9199|0.0027|0.0114|-1.0112|0.0275||59.20|18|52.00|52
GME211210P00120000|1.69|1.69|1.30|2.00|1.30|11|-0.70|-0.3500|513|1305|2|56|-0.0403|0.0021|-0.0009|-0.4524|0.0160||1.57|28|1.24|33
GME211210C00130000||||41.19|41.19|10|0.00|0.0000|11|11|0|0|0.9106|0.0037|0.0123|-0.8917|0.0298||49.65|16|43.30|7
GME211210P00130000|1.70|2.49|1.63|2.60|1.74|10|-0.86|-0.3308|286|1131|1|325|-0.0582|0.0032|-0.0012|-0.5337|0.0215||1.96|26|1.62|2
GME211210C00140000||||34.35|34.35|9|0.00|0.0000|12|46|0|0|0.8456|0.0052|0.0119|-1.3648|0.0439||40.10|16|33.95|15
GME211210P00140000|2.50|2.97|2.21|3.80|2.21|9|-1.59|-0.4184|492|1223|2|93|-0.0935|0.0050|-0.0020|-0.6945|0.0308||2.61|16|2.20|1
GME211210C00145000|32.07|33.37|32.07|26.44|33.37|8|6.93|0.2621|13|21|1|11|0.8807|0.0063|0.0134|-0.7917|0.0368||35.95|14|29.85|17
GME211210P00145000|3.45|4.65|2.73|4.62|2.85|8|-1.77|-0.3831|250|373|2|87|-0.1188|0.0063|-0.0025|-0.7864|0.0367||3.20|47|2.55|79
GME211210C00150000||||22.00|22.00|7|0.00|0.0000|-12|61|0|0|0.8568|0.0078|0.0134|-0.8219|0.0417||31.50|17|25.25|30
GME211210P00150000|3.90|5.15|3.20|5.68|3.45|7|-2.23|-0.3926|129|1024|1|289|-0.1518|0.0077|-0.0032|-0.8908|0.0434||3.70|5|3.15|62
GME211210C00155000|23.75|24.00|23.75|18.50|24.00|6|5.50|0.2973|2|60|1|11|0.8101|0.0095|0.0130|-0.9709|0.0501||26.55|35|21.55|69
GME211210P00155000|4.50|5.05|4.40|7.06|4.40|6|-2.66|-0.3768|20|391|1|34|-0.1943|0.0094|-0.0041|-1.0066|0.0508||4.55|1|3.90|109
GME211210C00160000|20.40|20.95|20.40|15.22|20.40|5|5.18|0.3403|22|276|1|6|0.7566|0.0112|0.0124|-1.0939|0.0578||22.40|41|19.15|86
GME211210P00160000|6.10|6.80|5.33|8.50|5.55|5|-2.95|-0.3471|362|859|1|296|-0.2422|0.0113|-0.0052|-1.0829|0.0577||5.50|2|5.30|1
GME211210C00165000|17.00|18.50|16.90|12.90|16.90|4|4.00|0.3101|143|203|1|8|0.6884|0.0123|0.0114|-1.2721|0.0653||18.50|46|16.90|3
GME211210P00165000|7.50|8.80|6.50|10.86|6.90|4|-3.96|-0.3646|224|608|1|72|-0.3073|0.0127|-0.0066|-1.2191|0.0649||7.25|5|6.65|45
GME211210C00170000|14.80|15.00|12.80|10.50|14.50|3|4.00|0.3810|271|448|1|96|0.6214|0.0133|0.0104|-1.3584|0.0702||14.85|23|14.05|3
GME211210P00170000|10.15|12.00|8.50|13.50|8.90|3|-4.60|-0.3407|-41|554|2|78|-0.3767|0.0137|-0.0082|-1.3124|0.0701||9.15|1|8.55|53
GME211210C00175000|12.00|14.60|10.10|8.30|11.95|2|3.65|0.4398|198|470|5|143|0.5516|0.0141|0.0094|-1.3876|0.0731||11.90|1|11.00|10
GME211210P00175000|12.67|14.70|11.00|16.30|11.80|2|-4.50|-0.2761|13|531|1|104|-0.4487|0.0146|-0.0098|-1.3434|0.0731||11.95|53|10.65|13
GME211210C00177500|10.95|13.20|9.50|7.70|10.48|1|2.78|0.3610|132|179|1|33|0.5173|0.0139|0.0088|-1.4312|0.0736||10.75|34|9.50|14
GME211210P00177500|11.95|12.30|11.95|18.90|12.30|1|-6.60|-0.3492|-9|257|1|3|-0.4814|0.0135|-0.0107|-1.4720|0.0736||13.45|63|11.90|5
GME211210C00180000|10.00|10.95|7.25|6.55|9.35|1|2.80|0.4275|292|696|1|142|0.4805|0.0143|0.0082|-1.3878|0.0736||9.60|18|9.05|5
GME211210P00180000|14.85|15.00|13.50|18.26|13.50|1|-4.76|-0.2607|-47|583|1|43|-0.5328|0.0167|-0.0116|-1.1818|0.0734||14.85|45|13.15|14
GME211210C00182500|8.00|8.11|7.85|5.66|8.11|2|2.45|0.4329|31|179|2|9|0.4440|0.0144|0.0077|-1.3548|0.0729||8.60|41|7.55|10
GME211210P00182500||||20.00|20.00|2|0.00|0.0000|1|233|0|0|-0.5741|0.0166|-0.0125|-1.1575|0.0724||17.35|68|14.45|12
GME211210C00185000|7.85|9.20|6.20|5.02|7.25|3|2.23|0.4442|178|424|1|48|0.4099|0.0142|0.0071|-1.3349|0.0718||7.65|49|6.65|10
GME211210P00185000|18.95|18.95|17.00|23.17|17.55|3|-5.62|-0.2426|-119|350|10|35|-0.5919|0.0143|-0.0132|-1.3168|0.0717||19.00|75|15.75|55
GME211210C00187500|8.40|8.40|6.25|4.30|6.40|4|2.10|0.4884|45|127|1|14|0.3744|0.0140|0.0065|-1.2840|0.0700||6.90|67|5.85|18
GME211210P00187500||||28.00|28.00|4|0.00|0.0000|2|261|0|0|-0.5829|0.0112|-0.0135|-1.7023|0.0721||21.05|47|17.05|61
GME211210C00190000|6.50|6.50|5.00|4.05|5.70|5|1.65|0.4074|226|576|1|58|0.3482|0.0132|0.0061|-1.2900|0.0683||5.90|12|5.05|16
GME211210P00190000|19.54|20.97|19.54|27.50|20.95|5|-6.55|-0.2382|0|512|1|18|-0.6471|0.0130|-0.0147|-1.3264|0.0686||22.55|74|19.25|47
GME211210C00192500|4.80|5.10|4.80|3.66|5.00|6|1.34|0.3661|32|120|1|8|0.3205|0.0127|0.0056|-1.2613|0.0661||5.30|54|4.50|34
GME211210P00192500||||27.83|27.83|6|0.00|0.0000|3|125|0|0|-0.7223|0.0143|-0.0161|-0.9832|0.0619||25.05|51|20.70|31
GME211210C00195000|3.50|4.90|3.50|3.30|4.25|7|0.95|0.2879|141|433|1|32|0.2943|0.0121|0.0052|-1.2259|0.0636||4.60|36|4.05|20
GME211210P00195000||||31.02|31.02|7|0.00|0.0000|-9|294|0|0|-0.7175|0.0125|-0.0164|-1.1450|0.0624||26.90|49|22.30|44
GME211210C00197500|3.81|4.55|3.60|2.90|3.60|8|0.70|0.2414|46|173|1|57|0.2676|0.0116|0.0047|-1.1703|0.0608||4.10|19|3.35|69
GME211210P00197500||||33.48|33.48|8|0.00|0.0000|-5|115|0|0|-0.7335|0.0116|-0.0170|-1.1625|0.0607||28.70|42|24.55|27
GME211210C00200000|3.61|3.92|3.20|2.71|3.54|9|0.83|0.3063|637|2365|1|458|0.2481|0.0109|0.0044|-1.1488|0.0584||3.60|13|3.35|10
GME211210P00200000|27.98|27.98|27.98|33.81|27.98|9|-5.83|-0.1724|-25|674|5|5|-0.8370|0.0116|-0.0190|-0.6535|0.0455||30.40|51|26.30|23
GME211210C00202500|3.00|3.25|2.94|2.41|2.94|10|0.53|0.2199|48|142|1|17|0.2258|0.0103|0.0040|-1.0946|0.0555||3.25|24|2.93|6
GME211210P00202500||||35.84|35.84|10|0.00|0.0000|-2|33|0|0|-0.8801|0.0101|-0.0200|-0.4934|0.0369||32.90|38|28.60|26
GME211210C00205000|2.95|3.00|2.62|2.21|2.80|11|0.59|0.2670|163|401|1|88|0.2077|0.0097|0.0037|-1.0564|0.0529||2.94|16|2.58|49
GME211210P00205000||||40.44|40.44|11|0.00|0.0000|-1|179|0|0|-0.7853|0.0097|-0.0187|-1.1035|0.0539||35.40|44|31.10|14
GME211210C00207500|2.39|2.81|2.39|1.99|2.50|12|0.51|0.2563|21|103|1|9|0.1895|0.0091|0.0033|-1.0063|0.0500||2.72|36|2.26|38
GME211210P00207500||||42.53|42.53|12|0.00|0.0000|-2|24|0|0|-0.8089|0.0091|-0.0194|-1.0166|0.0503||37.90|36|32.60|28
GME211210C00210000|2.37|2.50|2.12|1.80|2.35|13|0.55|0.3056|142|501|1|93|0.1731|0.0085|0.0031|-0.9583|0.0473||2.41|16|2.18|14
GME211210P00210000||||45.79|45.79|13|0.00|0.0000|-17|124|0|0|-0.7915|0.0085|-0.0194|-1.2148|0.0530||40.40|44|35.10|12
GME211210C00212500|2.25|2.25|2.07|1.81|2.15|14|0.34|0.1878|15|103|1|53|0.1659|0.0080|0.0029|-0.9664|0.0460||2.22|27|1.95|32
GME211210P00212500|40.65|40.65|40.65|48.25|40.65|14|-7.60|-0.1575|1|39|2|2|-0.8003|0.0080|-0.0198|-1.2192|0.0517||42.70|29|37.30|30
GME211210C00215000|2.20|2.20|1.85|1.75|1.95|15|0.20|0.1143|118|334|1|41|0.1565|0.0076|0.0028|-0.9521|0.0443||2.01|1|1.83|17
GME211210P00215000||||52.12|52.12|15|0.00|0.0000|0|73|0|0|-0.7704|0.0074|-0.0197|-1.5461|0.0560||45.20|45|39.80|15
GME211210C00217500|3.70|3.70|1.73|1.50|1.73|16|0.23|0.1533|11|46|1|4|0.1393|0.0070|0.0025|-0.8732|0.0410||1.97|49|1.57|47
GME211210P00217500||||53.30|53.30|16|0.00|0.0000|0|37|0|0|-0.8119|0.0072|-0.0206|-1.2564|0.0498||47.70|36|41.55|29
GME211210C00220000|1.68|1.85|1.55|1.55|1.68|17|0.13|0.0839|161|582|1|52|0.1360|0.0067|0.0024|-0.8923|0.0403||1.76|28|1.54|25
GME211210P00220000||||54.32|54.32|17|0.00|0.0000|0|165|0|0|-0.8693|0.0066|-0.0218|-0.8507|0.0392||50.20|46|44.05|31
GME211210C00222500|1.45|3.50|1.45|1.50|1.50|18|0.00|0.0000|63|155|1|4|0.1287|0.0063|0.0023|-0.8768|0.0388||1.70|32|1.42|37
GME211210P00222500||||42.95|42.95|18|0.00|0.0000|0|39|0|0|-0.9956|0.0008|-0.0243|-0.0239|0.0024||52.60|15|46.55|15
GME211210C00225000|1.59|1.59|1.38|1.21|1.48|19|0.27|0.2231|49|521|2|41|0.1107|0.0058|0.0020|-0.7709|0.0349||1.56|38|1.40|6
GME211210P00225000||||57.07|57.07|19|0.00|0.0000|-1|476|0|0|-0.7613|0.0062|-0.0207|-1.9493|0.0572||54.95|17|48.15|15
GME211210C00227500|1.39|1.39|1.33|1.22|1.36|20|0.14|0.1148|4|39|1|3|0.1070|0.0055|0.0019|-0.7733|0.0340||1.50|41|1.30|35
GME211210P00227500||||34.06|34.06|20|0.00|0.0000|0|35|0|0|-1.0000|0.0000|-0.0249|0.0005|0.0000||57.35|6|50.55|13
GME211210C00230000|1.21|1.39|1.15|1.14|1.31|21|0.17|0.1491|95|565|2|14|0.0995|0.0052|0.0018|-0.7406|0.0323||1.38|16|1.30|3
GME211210P00230000||||61.98|61.98|21|0.00|0.0000|0|20|0|0|-0.8512|0.0057|-0.0226|-1.1729|0.0428||59.75|6|53.00|13
GME211210C00232500|1.25|1.25|1.25|1.21|1.25|22|0.04|0.0331|12|67|1|1|0.0994|0.0050|0.0018|-0.7687|0.0323||1.34|28|1.14|26
GME211210P00232500||||68.97|68.97|22|0.00|0.0000|0|5|0|0|-0.8232|0.0056|-0.0225|-1.4927|0.0479||62.15|7|55.45|7
GME211210C00235000|1.05|1.23|1.05|1.04|1.23|23|0.19|0.1827|-13|851|1|10|0.0881|0.0046|0.0016|-0.6967|0.0295||1.23|3|1.15|4
GME211210P00235000||||74.05|74.05|23|0.00|0.0000|0|32|0|0|-0.7726|0.0054|-0.0221|-2.1059|0.0557||64.55|6|57.90|13
GME211210C00237500|1.14|1.14|1.05|0.95|1.05|24|0.10|0.1053|34|54|1|2|0.0904|0.0046|0.0016|-0.7219|0.0305||1.24|31|1.02|39
GME211210P00237500||||76.45|76.45|24|0.00|0.0000|0|24|0|0|-0.7784|0.0053|-0.0224|-2.1021|0.0549||67.00|5|60.35|14
GME211210C00240000|1.07|1.13|1.00|0.96|1.10|25|0.14|0.1458|34|336|1|13|0.0788|0.0041|0.0014|-0.6586|0.0271||1.10|1|1.02|24
GME211210P00240000||||71.95|71.95|25|0.00|0.0000|-1|30|0|0|-0.9059|0.0044|-0.0247|-0.7996|0.0310||69.50|5|62.80|5
GME211210C00245000|0.98|1.05|0.90|0.92|0.90|26|-0.02|-0.0217|45|227|3|67|0.0723|0.0037|0.0013|-0.6375|0.0254||1.08|18|0.93|20
GME211210P00245000||||50.19|50.19|26|0.00|0.0000|0|23|0|0|-0.9998|0.0001|-0.0268|-0.0008|0.0002||74.50|7|67.75|13
GME211210C00250000|1.00|1.01|0.75|0.88|0.96|27|0.08|0.0909|806|3669|2|91|0.0665|0.0034|0.0012|-0.6157|0.0238||0.94|5|0.90|10
GME211210P00250000||||80.84|80.84|27|0.00|0.0000|3|18|0|0|-0.9506|0.0030|-0.0265|-0.4380|0.0191||79.20|13|72.70|14
GME211210C00255000|0.90|0.90|0.86|0.83|0.86|28|0.03|0.0361|155|228|1|5|0.0607|0.0031|0.0011|-0.5882|0.0222||0.94|19|0.82|27
GME211210P00255000||||40.40|40.40|28|0.00|0.0000|0|5|0|0|-1.0000|0.0000|-0.0279|0.0008|0.0000||84.10|5|77.70|7
GME211210C00260000|0.90|0.90|0.80|0.80|0.80|29|0.00|0.0000|953|1845|1|4|0.0563|0.0028|0.0010|-0.5705|0.0209||0.88|13|0.79|6
GME211210P00260000||||69.85|69.85|29|0.00|0.0000|0|22|0|0|-0.9995|0.0001|-0.0285|-0.0041|0.0004||89.05|11|82.65|6
GME211210C00270000|0.66|0.67|0.66|0.65|0.66|30|0.01|0.0154|225|405|2|4|0.0446|0.0023|0.0008|-0.4861|0.0174||0.77|1|0.66|19
GME211210P00270000||||103.46|103.46|30|0.00|0.0000|0|15|0|0|-0.9484|0.0025|-0.0287|-0.5662|0.0195||98.90|10|92.65|6
GME211210C00280000|0.68|0.68|0.59|0.60|0.59|31|-0.01|-0.0167|37|296|1|6|0.0431|0.0021|0.0008|-0.4996|0.0171||0.70|11|0.62|4
GME211210P00280000||||112.20|112.20|31|0.00|0.0000|0|6|0|0|-0.9227|0.0028|-0.0294|-0.9393|0.0268||108.90|7|102.60|6
GME211210C00290000|0.56|0.56|0.56|0.61|0.56|32|-0.05|-0.0820|-10|545|1|2|0.0363|0.0017|0.0006|-0.4529|0.0147||0.67|16|0.53|30
GME211210P00290000||||82.25|82.25|32|0.00|0.0000|0|7|0|0|-1.0000|0.0000|-0.0318|0.0008|0.0000||118.80|7|112.60|6
GME211210C00300000|0.51|1.15|0.49|0.50|0.58|33|0.08|0.1600|407|1617|5|82|0.0293|0.0014|0.0005|-0.3866|0.0123||0.64|31|0.58|9
GME211210P00300000||||76.00|76.00|33|0.00|0.0000|0|14|0|0|-1.0000|0.0000|-0.0329|0.0010|0.0000||128.65|6|122.60|6
GME211210C00310000|0.47|0.55|0.47|0.45|0.54|34|0.09|0.2000|76|359|10|45|0.0252|0.0012|0.0004|-0.3504|0.0109||0.62|30|0.54|10
GME211210P00310000||||83.61|83.61|34|0.00|0.0000|0|4|0|0|-1.0000|0.0000|-0.0340|0.0008|0.0000||138.55|6|132.65|12
GME211210C00320000|0.47|0.49|0.45|0.44|0.49|35|0.05|0.1136|143|420|1|4|0.0233|0.0011|0.0004|-0.3402|0.0102||0.52|17|0.43|19
GME211210P00320000||||89.47|89.47|35|0.00|0.0000|0|3|0|0|-1.0000|0.0000|-0.0351|0.0010|0.0000||148.45|8|142.65|4
GME211210C00330000|0.58|0.58|0.39|0.39|0.45|36|0.06|0.1538|233|482|1|26|0.0197|0.0010|0.0003|-0.2993|0.0088||0.49|40|0.40|2
GME211210P00330000||||||36||||0|0|0|-1.0000|0.0000|-0.0362|0.0011|0.0000||158.40|6|152.70|6
GME211210C00340000|0.28|0.42|0.28|0.33|0.42|37|0.09|0.2727|29|160|1|2|0.0167|0.0008|0.0003|-0.2639|0.0077||0.42|10|0.32|35
GME211210P00340000||||||37||||0|0|0|-1.0000|0.0000|-0.0373|0.0011|0.0000||168.35|5|162.70|6
GME211210C00350000|0.40|0.40|0.31|0.30|0.36|38|0.06|0.2000|176|675|1|83|0.0148|0.0007|0.0003|-0.2440|0.0069||0.37|20|0.36|3
GME211210P00350000||||||38||||0|0|0|-1.0000|0.0000|-0.0384|0.0011|0.0000||178.40|5|172.75|6
GME211210C00360000||||0.28|0.28|39|0.00|0.0000|61|150|0|0|0.0132|0.0006|0.0002|-0.2255|0.0063||0.36|11|0.29|24
GME211210P00360000||||||39||||0|0|0|-1.0000|0.0000|-0.0395|0.0012|0.0000||188.35|12|182.80|4
GME211210C00370000|0.29|0.35|0.29|0.29|0.30|40|0.01|0.0345|8|46|1|5|0.0130|0.0006|0.0002|-0.2298|0.0062||0.33|8|0.29|15
GME211210P00370000||||||40||||0|0|0|-1.0000|0.0000|-0.0405|0.0012|0.0000||198.30|5|192.80|6
GME211210C00380000||||0.25|0.25|41|0.00|0.0000|20|77|0|0|0.0111|0.0005|0.0002|-0.2014|0.0054||0.31|8|0.25|15
GME211210P00380000||||||41||||0|0|0|-1.0000|0.0000|-0.0416|0.0012|0.0000||208.25|5|202.85|6
GME211210C00390000|0.22|0.22|0.22|0.22|0.22|42|0.00|0.0000|77|156|1|1|0.0095|0.0005|0.0002|-0.1783|0.0047||0.28|10|0.24|16
GME211210P00390000||||||42||||0|0|0|-1.0000|0.0000|-0.0427|0.0013|0.0000||218.20|5|212.85|12
GME211210C00400000|0.21|0.27|0.21|0.20|0.24|43|0.04|0.2000|64|592|1|20|0.0084|0.0004|0.0001|-0.1628|0.0042||0.26|4|0.24|2
GME211210P00400000||||230.14|230.14|43|0.00|0.0000|1|1|0|0|-1.0000|0.0000|-0.0438|0.0013|0.0000||228.30|5|222.90|5
GME211210C00410000|0.20|0.23|0.20|0.22|0.23|44|0.01|0.0455|28|98|1|3|0.0088|0.0004|0.0002|-0.1752|0.0044||0.24|4|0.20|12
GME211210P00410000||||||44||||0|0|0|-1.0000|0.0000|-0.0449|0.0013|0.0000||238.10|5|232.90|7
GME211210C00420000|0.28|0.28|0.19|0.18|0.19|45|0.01|0.0556|64|242|1|5|0.0071|0.0003|0.0001|-0.1450|0.0037||0.23|10|0.21|1
GME211210P00420000||||||45||||0|0|0|-1.0000|0.0000|-0.0460|0.0014|0.0000||248.10|5|242.95|5
GME211210C00430000|0.22|0.22|0.22|0.13|0.22|46|0.09|0.6923|5|311|1|1|0.0052|0.0003|0.0001|-0.1088|0.0028||0.23|9|0.14|20
GME211210P00430000||||||46||||0|0|0|-1.0000|0.0000|-0.0471|0.0014|0.0000||259.15|6|250.35|21
GME211210C00440000||||0.15|0.15|47|0.00|0.0000|16|96|0|0|0.0057|0.0003|0.0001|-0.1221|0.0030||0.46|8|0.15|2
GME211210P00440000||||||47||||0|0|0|-1.0000|0.0000|-0.0482|0.0014|0.0000||269.85|12|260.40|27
GME211210C00450000|0.20|0.20|0.15|0.15|0.18|48|0.03|0.2000|511|807|1|27|0.0056|0.0003|0.0001|-0.1211|0.0029||0.28|25|0.18|1
GME211210P00450000||||||48||||0|0|0|-1.0000|0.0000|-0.0493|0.0015|0.0000||279.80|12|270.80|27
GME211210C00460000|0.22|0.22|0.22|0.11|0.22|49|0.11|1.0000|111|177|2|2|0.0041|0.0002|0.0001|-0.0911|0.0022||0.29|5|0.12|5
GME211210P00460000||||||49||||0|0|0|-1.0000|0.0000|-0.0504|0.0015|0.0000||289.80|12|280.80|27
GME211210C00470000||||0.12|0.12|50|0.00|0.0000|310|333|0|0|0.0043|0.0002|0.0001|-0.0964|0.0023||0.30|14|0.01|2
GME211210P00470000||||||50||||0|0|0|-1.0000|0.0000|-0.0515|0.0015|0.0000||299.60|12|291.20|15
GME211210C00480000|0.14|0.14|0.14|0.10|0.14|51|0.04|0.4000|75|148|1|1|0.0036|0.0002|0.0001|-0.0826|0.0020||0.49|15|0.01|2
GME211210P00480000||||||51||||0|0|0|-1.0000|0.0000|-0.0526|0.0016|0.0000||309.70|12|300.50|27
GME211210C00490000|0.20|0.20|0.20|0.17|0.20|52|0.03|0.1765|-5|96|2|2|0.0056|0.0002|0.0001|-0.1314|0.0029||0.19|1|0.10|1
GME211210P00490000||||||52||||0|0|0|-1.0000|0.0000|-0.0537|0.0016|0.0000||319.65|12|311.25|15
GME211210C00500000|0.15|0.20|0.12|0.09|0.14|53|0.05|0.5556|84|977|1|40|0.0034|0.0002|0.0001|-0.0817|0.0019||0.15|7|0.11|1
GME211210P00500000||||||53||||0|0|0|-1.0000|0.0000|-0.0548|0.0016|0.0000||329.60|12|321.25|15
GME211210C00510000|0.10|0.18|0.10|0.10|0.13|54|0.03|0.3000|766|3121|5|173|0.0033|0.0002|0.0001|-0.0802|0.0018||0.15|5|0.13|1
GME211210P00510000||||||54||||0|0|0|-1.0000|0.0000|-0.0559|0.0017|0.0000||339.55|12|330.55|27
GME211217C00080000||||94.56|94.56|19|0.00|0.0000|0|2|0|0|0.9287|0.0010|0.0186|-0.8062|0.0422||98.50|12|94.25|17
GME211217P00080000|1.08|1.15|0.95|1.41|1.03|19|-0.38|-0.2695|464|1070|1|13|-0.0235|0.0007|-0.0015|-0.1996|0.0170||1.05|2|0.93|22
GME211217C00085000||||95.85|95.85|18|0.00|0.0000|0|1|0|0|0.8980|0.0011|0.0167|-1.2539|0.0545||93.65|5|89.35|12
GME211217P00085000|1.19|1.19|1.19|1.49|1.19|18|-0.30|-0.2013|5|125|1|1|-0.0260|0.0008|-0.0016|-0.2041|0.0185||1.29|8|1.04|5
GME211217C00090000||||137.00|137.00|17|0.00|0.0000|0|4|0|0|0.8854|0.0007|0.0102|-2.3572|0.0593||88.75|7|84.45|16
GME211217P00090000|1.25|1.31|1.13|1.61|1.13|17|-0.48|-0.2981|39|180|1|33|-0.0293|0.0010|-0.0018|-0.2126|0.0204||1.57|39|1.10|137
GME211217C00100000||||67.18|67.18|16|0.00|0.0000|-3|47|0|0|0.9998|0.0000|0.0301|-0.0016|0.0003||78.80|5|74.65|17
GME211217P00100000|1.68|1.68|0.71|1.88|1.42|16|-0.46|-0.2447|26|1077|2|46|-0.0003|0.0000|0.0000|-0.0015|0.0003||1.52|2|1.40|11
GME211217C00105000||||66.05|66.05|15|0.00|0.0000|0|1|0|0|0.9994|0.0001|0.0316|-0.0032|0.0007||74.00|9|69.75|17
GME211217P00105000|1.90|1.90|1.82|2.20|1.82|15|-0.38|-0.1727|13|166|1|2|-0.0007|0.0001|0.0000|-0.0031|0.0007||2.10|78|1.63|4
GME211217C00110000||||73.25|73.25|14|0.00|0.0000|0|1|0|0|0.9991|0.0001|0.0331|-0.0042|0.0009||69.30|15|64.90|13
GME211217P00110000|2.05|2.05|1.80|2.42|2.04|14|-0.38|-0.1570|70|424|1|4|-0.0014|0.0002|-0.0001|-0.0062|0.0014||1.86|1|1.68|25
GME211217C00115000||||112.11|112.11|13|0.00|0.0000|0|2|0|0|0.9978|0.0003|0.0345|-0.0088|0.0021||64.50|14|60.10|12
GME211217P00115000|2.00|2.00|1.98|2.62|1.98|13|-0.64|-0.2443|19|199|10|11|-0.0031|0.0003|-0.0002|-0.0123|0.0029||2.30|66|1.86|28
GME211217C00120000||||52.20|52.20|12|0.00|0.0000|2|58|0|0|0.9954|0.0005|0.0359|-0.0168|0.0041||59.70|15|55.35|9
GME211217P00120000|3.28|3.28|2.20|3.09|2.20|12|-0.89|-0.2880|51|379|1|10|-0.0062|0.0006|-0.0003|-0.0224|0.0054||2.79|89|2.05|110
GME211217C00125000||||47.70|47.70|11|0.00|0.0000|0|35|0|0|0.9895|0.0010|0.0371|-0.0348|0.0085||54.70|16|50.65|9
GME211217P00125000|2.00|2.81|1.20|3.60|2.40|11|-1.20|-0.3333|180|535|5|43|-0.0127|0.0012|-0.0007|-0.0419|0.0100||2.86|34|2.38|33
GME211217C00130000||||39.61|39.61|10|0.00|0.0000|0|10|0|0|0.9811|0.0017|0.0381|-0.0568|0.0141||50.50|11|46.05|22
GME211217P00130000|3.00|3.09|2.83|4.45|2.83|10|-1.62|-0.3640|35|370|2|16|-0.0223|0.0019|-0.0013|-0.0675|0.0163||3.30|71|2.76|27
GME211217C00135000||||35.61|35.61|9|0.00|0.0000|-1|2|0|0|0.9659|0.0028|0.0388|-0.0934|0.0232||45.60|19|41.55|15
GME211217P00135000|3.65|3.98|3.65|4.75|3.68|9|-1.07|-0.2253|1|152|12|40|-0.0370|0.0029|-0.0021|-0.1014|0.0247||4.20|96|3.15|83
GME211217C00140000||||33.50|33.50|8|0.00|0.0000|0|149|0|0|0.9459|0.0041|0.0391|-0.1333|0.0336||41.30|18|37.20|14
GME211217P00140000|5.28|5.62|4.02|5.78|4.02|8|-1.76|-0.3045|68|983|1|44|-0.0598|0.0043|-0.0034|-0.1490|0.0364||4.20|1|3.70|134
GME211217C00145000||||27.00|27.00|7|0.00|0.0000|0|59|0|0|0.9138|0.0059|0.0388|-0.1923|0.0482||37.15|22|33.00|19
GME211217P00145000|6.26|6.26|4.90|7.10|4.90|7|-2.20|-0.3099|12|264|1|2|-0.0935|0.0060|-0.0054|-0.2116|0.0511||5.30|55|4.50|107
GME211217C00150000|29.40|29.40|29.40|27.40|29.40|6|2.00|0.0730|0|82|1|1|0.8717|0.0078|0.0378|-0.2581|0.0642||32.45|14|29.00|81
GME211217P00150000|8.80|8.80|5.97|8.50|6.02|6|-2.48|-0.2918|136|2018|1|125|-0.1338|0.0078|-0.0077|-0.2722|0.0661||6.45|74|5.50|93
GME211217C00155000||||24.92|24.92|5|0.00|0.0000|4|30|0|0|0.8226|0.0097|0.0364|-0.3180|0.0796||28.85|44|25.15|67
GME211217P00155000|8.03|8.03|6.95|9.47|7.50|5|-1.97|-0.2080|-1|404|1|4|-0.1824|0.0096|-0.0106|-0.3314|0.0810||7.95|86|6.65|124
GME211217C00160000|22.95|23.85|22.95|21.45|23.85|4|2.40|0.1119|6|143|1|2|0.7645|0.0115|0.0345|-0.3735|0.0942||25.35|49|23.00|16
GME211217P00160000|9.00|9.66|7.55|12.08|8.86|4|-3.22|-0.2666|-4|1042|1|12|-0.2411|0.0113|-0.0141|-0.3905|0.0954||9.70|96|8.25|17
GME211217C00165000|20.60|21.70|20.25|16.45|21.70|3|5.25|0.3191|8|87|1|7|0.7229|0.0122|0.0333|-0.4177|0.1038||22.30|36|18.70|85
GME211217P00165000|10.70|11.27|10.60|14.75|10.60|3|-4.15|-0.2814|76|429|1|19|-0.3075|0.0126|-0.0181|-0.4440|0.1077||11.55|105|9.70|165
GME211217C00170000|18.20|18.20|16.65|14.20|17.15|2|2.95|0.2077|42|177|6|16|0.6238|0.0138|0.0289|-0.4737|0.1162||19.15|47|16.65|88
GME211217P00170000|13.50|13.61|12.35|17.48|13.00|2|-4.48|-0.2563|-14|1078|1|23|-0.3777|0.0135|-0.0225|-0.4860|0.1164||13.00|10|11.75|151
GME211217C00175000|15.05|16.25|13.85|12.35|15.00|1|2.65|0.2146|5|213|1|11|0.5513|0.0145|0.0258|-0.4897|0.1212||15.95|19|14.25|75
GME211217P00175000|15.60|15.60|15.52|18.97|15.52|1|-3.45|-0.1819|-22|763|2|22|-0.4483|0.0141|-0.0270|-0.5044|0.1211||16.00|75|14.10|110
GME211217C00180000|11.50|13.12|11.50|10.25|12.85|1|2.60|0.2537|542|1045|3|13|0.4790|0.0146|0.0227|-0.4951|0.1220||13.55|46|12.25|32
GME211217P00180000|18.00|18.00|17.00|21.74|17.46|1|-4.28|-0.1969|-9|1119|8|15|-0.5190|0.0142|-0.0316|-0.5066|0.1220||19.65|93|16.65|86
GME211217C00185000|10.83|11.00|10.83|8.75|11.00|2|2.25|0.2571|62|346|1|2|0.4099|0.0142|0.0196|-0.4854|0.1190||11.90|46|10.00|140
GME211217P00185000|20.78|20.78|20.78|25.00|20.78|2|-4.22|-0.1688|8|254|1|1|-0.5872|0.0139|-0.0361|-0.4950|0.1192||22.95|81|19.75|23
GME211217C00187500|10.00|10.00|9.95|7.90|9.95|3|2.05|0.2595|2|44|1|2|0.4362|0.0100|0.0198|-0.7071|0.1206||11.25|69|8.70|104
GME211217P00187500||||27.07|27.07|3|0.00|0.0000|0|116|0|0|-0.5816|0.0111|-0.0371|-0.6241|0.1196||24.50|87|21.20|65
GME211217C00190000|9.00|10.00|8.96|7.20|9.00|4|1.80|0.2500|-19|254|1|4|0.3462|0.0134|0.0166|-0.4636|0.1130||10.00|75|8.55|150
GME211217P00190000|23.16|24.57|23.16|29.00|24.57|4|-4.43|-0.1528|4|435|1|2|-0.6489|0.0131|-0.0404|-0.4767|0.1136||26.20|88|22.65|92
GME211217C00192500|9.10|9.10|8.10|7.35|8.55|5|1.20|0.1633|4|43|10|24|0.4000|0.0093|0.0181|-0.7290|0.1183||9.05|53|7.65|112
GME211217P00192500||||38.40|38.40|5|0.00|0.0000|0|113|0|0|-0.5470|0.0071|-0.0387|-1.0038|0.1213||28.00|85|24.50|75
GME211217C00195000|7.72|8.10|7.72|6.35|8.03|6|1.68|0.2646|12|170|1|4|0.2899|0.0123|0.0140|-0.4346|0.1048||8.75|98|7.25|85
GME211217P00195000|29.00|29.00|29.00|31.75|29.00|6|-2.75|-0.0866|-12|429|5|5|-0.7050|0.0121|-0.0446|-0.4468|0.1057||29.85|86|25.85|99
GME211217C00197500||||5.75|5.75|7|0.00|0.0000|2|39|0|0|0.3506|0.0092|0.0161|-0.6753|0.1135||8.55|112|6.80|62
GME211217P00197500||||42.50|42.50|7|0.00|0.0000|0|93|0|0|-0.5746|0.0069|-0.0414|-1.0150|0.1200||31.50|57|28.35|20
GME211217C00200000|5.40|7.50|5.40|5.55|6.65|8|1.10|0.1982|308|3025|2|97|0.2416|0.0110|0.0117|-0.4020|0.0955||6.95|29|6.50|10
GME211217P00200000|31.50|31.50|31.50|38.96|31.50|8|-7.46|-0.1915|-44|1875|1|6|-0.7521|0.0109|-0.0483|-0.4165|0.0969||32.75|39|30.25|21
GME211217C00202500||||5.85|5.85|9|0.00|0.0000|4|39|0|0|0.3307|0.0084|0.0151|-0.7147|0.1110||6.70|58|5.70|70
GME211217P00202500||||38.80|38.80|9|0.00|0.0000|0|120|0|0|-0.7236|0.0095|-0.0480|-0.5333|0.1024||35.85|57|32.10|22
GME211217C00205000|5.53|6.00|5.53|4.50|6.00|10|1.50|0.3333|36|100|1|4|0.2943|0.0085|0.0136|-0.6336|0.1055||6.20|54|5.25|93
GME211217P00205000||||41.50|41.50|10|0.00|0.0000|-2|161|0|0|-0.7281|0.0089|-0.0490|-0.5604|0.1016||37.90|57|33.65|72
GME211217C00207500|5.40|5.40|5.30|5.65|5.30|11|-0.35|-0.0619|3|34|2|3|0.3088|0.0077|0.0140|-0.7298|0.1079||5.95|84|4.90|77
GME211217P00207500|37.77|37.77|37.77|43.07|37.77|11|-5.30|-0.1231|3|219|1|1|-0.7617|0.0088|-0.0512|-0.4959|0.0948||40.00|56|36.25|21
GME211217C00210000|5.25|5.35|4.80|4.35|5.09|12|0.74|0.1701|16|813|1|121|0.1575|0.0085|0.0077|-0.3104|0.0738||5.50|64|4.65|109
GME211217P00210000|38.00|40.90|38.00|47.90|39.50|12|-8.40|-0.1754|65|273|1|18|-0.8373|0.0085|-0.0553|-0.3220|0.0753||41.05|42|39.00|1
GME211217C00212500|4.80|4.80|4.80|4.58|4.80|13|0.22|0.0480|21|35|4|6|0.2713|0.0074|0.0124|-0.6727|0.1015||5.15|58|4.25|69
GME211217P00212500||||42.25|42.25|13|0.00|0.0000|0|59|0|0|-0.8325|0.0080|-0.0559|-0.3548|0.0768||44.35|54|40.60|19
GME211217C00215000|4.45|4.50|4.25|3.82|4.25|14|0.43|0.1126|20|123|5|12|0.2461|0.0073|0.0114|-0.6181|0.0965||4.80|41|3.95|106
GME211217P00215000||||54.30|54.30|14|0.00|0.0000|-5|99|0|0|-0.7014|0.0067|-0.0515|-0.8148|0.1062||46.40|55|42.60|21
GME211217C00217500||||5.10|5.10|15|0.00|0.0000|0|40|0|0|0.2689|0.0067|0.0122|-0.7342|0.1011||4.50|18|3.75|55
GME211217P00217500|46.54|46.80|46.54|56.80|46.80|15|-10.00|-0.1761|-6|49|2|3|-0.7075|0.0065|-0.0525|-0.8281|0.1052||48.65|54|44.60|31
GME211217C00220000|4.00|4.25|3.70|3.40|3.78|16|0.38|0.1118|-8|1871|9|34|0.1002|0.0061|0.0049|-0.2286|0.0538||4.25|27|3.60|105
GME211217P00220000||||59.00|59.00|16|0.00|0.0000|-1|423|0|0|-0.8929|0.0063|-0.0610|-0.2456|0.0565||50.90|33|46.90|21
GME211217C00222500|3.80|3.80|3.65|3.30|3.65|17|0.35|0.1061|11|81|1|7|0.2141|0.0065|0.0099|-0.5906|0.0893||4.10|46|3.35|58
GME211217P00222500||||49.15|49.15|17|0.00|0.0000|0|21|0|0|-0.7971|0.0066|-0.0576|-0.5509|0.0865||53.20|24|49.05|17
GME211217C00225000|3.75|3.75|3.38|3.00|3.38|18|0.38|0.1267|11|139|1|4|0.2002|0.0063|0.0093|-0.5655|0.0858||3.95|36|3.15|66
GME211217P00225000||||49.64|49.64|18|0.00|0.0000|0|30|0|0|-0.8356|0.0063|-0.0600|-0.4433|0.0758||55.50|19|51.30|12
GME211217C00227500||||3.60|3.60|19|0.00|0.0000|1|10|0|0|0.2121|0.0060|0.0097|-0.6323|0.0888||3.80|35|3.00|73
GME211217P00227500||||51.86|51.86|19|0.00|0.0000|0|60|0|0|-0.9507|0.0039|-0.0661|-0.1199|0.0313||57.80|25|53.80|16
GME211217C00230000|3.25|3.30|3.25|3.05|3.30|20|0.25|0.0820|2|438|1|2|-0.9340|0.0258|-0.0717|-0.0014|0.0106||3.60|28|3.00|82
GME211217P00230000||||64.00|64.00|20|0.00|0.0000|0|63|0|0|-0.9305|0.0045|-0.0659|-0.1807|0.0409||60.15|25|56.00|20
GME211217C00232500|3.25|3.25|3.25|2.66|3.25|21|0.59|0.2218|-1|85|1|1|0.1888|0.0058|0.0089|-0.5718|0.0838||3.45|45|2.96|21
GME211217P00232500||||53.30|53.30|21|0.00|0.0000|0|19|0|0|-0.9516|0.0037|-0.0676|-0.1231|0.0311||62.50|22|58.50|32
GME211217C00235000|3.10|3.10|3.10|2.80|3.10|22|0.30|0.1071|11|89|1|1|0.1768|0.0054|0.0082|-0.5615|0.0794||3.40|79|2.81|78
GME211217P00235000||||68.76|68.76|22|0.00|0.0000|0|61|0|0|-0.8779|0.0051|-0.0650|-0.3640|0.0620||64.90|22|60.75|21
GME211217C00240000|2.83|2.86|2.68|2.62|2.75|23|0.13|0.0496|25|346|2|20|0.0403|0.0029|0.0020|-0.1168|0.0265||2.99|15|2.65|17
GME211217P00240000||||73.45|73.45|23|0.00|0.0000|0|54|0|0|-0.9549|0.0031|-0.0701|-0.1307|0.0291||69.65|18|65.40|22
GME211217C00245000|2.75|2.75|2.75|2.74|2.75|24|0.01|0.0036|4|200|1|11|0.1614|0.0048|0.0074|-0.5685|0.0749||2.99|75|2.33|94
GME211217P00245000||||78.00|78.00|24|0.00|0.0000|1|39|0|0|-0.9103|0.0042|-0.0695|-0.2857|0.0502||74.45|13|70.15|61
GME211217C00250000|2.75|2.75|2.26|2.39|2.47|25|0.08|0.0335|58|1302|1|77|0.0251|0.0019|0.0013|-0.0802|0.0180||2.50|5|2.27|91
GME211217P00250000||||85.24|85.24|25|0.00|0.0000|-1|54|0|0|-0.9724|0.0021|-0.0740|-0.0879|0.0195||79.30|21|75.15|19
GME211217C00255000|2.16|2.40|2.16|2.26|2.40|26|0.14|0.0619|0|359|1|7|0.1358|0.0042|0.0063|-0.5167|0.0668||2.59|24|2.05|92
GME211217P00255000||||39.75|39.75|26|0.00|0.0000|0|5|0|0|-1.0000|0.0000|-0.0768|0.0007|0.0001||84.15|13|80.10|59
GME211217C00260000||||2.37|2.37|27|0.00|0.0000|-4|519|0|0|0.0153|0.0013|0.0008|-0.0533|0.0118||2.50|45|1.96|82
GME211217P00260000||||89.25|89.25|27|0.00|0.0000|0|21|0|0|-0.9797|0.0016|-0.0773|-0.0690|0.0152||89.05|15|85.10|16
GME211217C00270000|2.00|2.00|2.00|2.10|2.00|28|-0.10|-0.0476|64|636|3|3|0.0100|0.0009|0.0005|-0.0376|0.0082||2.25|1|1.83|116
GME211217P00270000||||102.35|102.35|28|0.00|0.0000|-19|30|0|0|-0.9884|0.0010|-0.0808|-0.0428|0.0093||98.85|7|94.80|13
GME211217C00280000|1.97|1.97|1.83|1.98|1.86|29|-0.12|-0.0606|32|2058|2|7|0.0068|0.0006|0.0003|-0.0275|0.0058||2.13|13|1.71|69
GME211217P00280000||||91.00|91.00|29|0.00|0.0000|0|10|0|0|-0.9923|0.0007|-0.0840|-0.0302|0.0065||108.70|18|104.65|14
GME211217C00290000||||1.80|1.80|30|0.00|0.0000|6|531|0|0|0.0046|0.0004|0.0002|-0.0198|0.0041||2.04|56|1.62|69
GME211217P00290000||||127.73|127.73|30|0.00|0.0000|-2|23|0|0|-0.9943|0.0005|-0.0871|-0.0238|0.0050||118.55|13|114.40|15
GME211217C00300000|2.99|2.99|1.54|1.60|1.70|31|0.10|0.0625|-109|5622|1|42|0.0030|0.0003|0.0002|-0.0138|0.0028||1.75|3|1.70|1
GME211217P00300000||||126.50|126.50|31|0.00|0.0000|0|20|0|0|-0.9964|0.0003|-0.0902|-0.0154|0.0033||128.45|14|124.40|14
GME211217C00310000|1.84|1.84|1.84|1.62|1.84|32|0.22|0.1358|16|384|14|14|0.0024|0.0002|0.0001|-0.0113|0.0023||1.79|58|1.35|149
GME211217P00310000||||102.75|102.75|32|0.00|0.0000|0|3|0|0|-0.9975|0.0002|-0.0933|-0.0111|0.0024||138.40|19|134.20|13
GME211217C00320000|1.65|1.69|1.65|1.49|1.69|33|0.20|0.1342|11|459|49|50|0.0013|0.0001|0.0001|-0.0068|0.0013||1.79|53|1.35|90
GME211217P00320000||||96.00|96.00|33|0.00|0.0000|0|17|0|0|-0.9982|0.0002|-0.0963|-0.0079|0.0017||148.30|19|144.15|14
GME211217C00330000|1.58|1.58|1.46|1.49|1.46|34|-0.03|-0.0201|21|234|7|23|0.0010|0.0001|0.0000|-0.0051|0.0010||1.61|18|1.35|33
GME211217P00330000||||159.50|159.50|34|0.00|0.0000|0|3|0|0|-0.9988|0.0001|-0.0994|-0.0055|0.0013||158.25|13|154.10|12
GME211217C00340000|1.45|1.45|1.45|1.41|1.45|35|0.04|0.0284|0|232|5|5|0.0007|0.0001|0.0000|-0.0039|0.0008||1.50|5|1.40|7
GME211217P00340000||||126.85|126.85|35|0.00|0.0000|0|7|0|0|-0.9991|0.0001|-0.1024|-0.0038|0.0009||168.15|7|163.90|4
GME211217C00350000|1.44|1.44|1.20|1.33|1.42|36|0.09|0.0677|-148|856|1|22|0.0005|0.0001|0.0000|-0.0031|0.0006||1.49|14|1.40|5
GME211217P00350000||||133.85|133.85|36|0.00|0.0000|0|4|0|0|-0.9993|0.0001|-0.1054|-0.0028|0.0007||178.15|1|173.90|2
GME211217C00360000|1.29|1.35|1.29|1.15|1.35|37|0.20|0.1739|-3|312|2|6|0.0004|0.0000|0.0000|-0.0026|0.0005||1.43|7|1.30|6
GME211217P00360000||||||37|||0|0|0|0|-0.9995|0.0001|-0.1085|-0.0021|0.0006||188.05|16|183.90|12
GME211217C00370000||||1.43|1.43|38|0.00|0.0000|1|447|0|0|0.0004|0.0000|0.0000|-0.0022|0.0004||1.43|1|1.00|24
GME211217P00370000||||172.65|172.65|38|0.00|0.0000|0|3|0|0|-0.9996|0.0000|-0.1115|-0.0015|0.0005||198.00|4|193.85|7
GME211217C00380000||||1.20|1.20|39|0.00|0.0000|7|175|0|0|0.0003|0.0000|0.0000|-0.0019|0.0003||1.43|19|0.99|20
GME211217P00380000||||208.83|208.83|39|0.00|0.0000|0|16|0|0|-0.9997|0.0000|-0.1145|-0.0009|0.0004||208.00|3|203.80|2
GME211217C00390000|1.20|1.20|1.17|1.16|1.17|40|0.01|0.0086|71|265|2|3|0.0002|0.0000|0.0000|-0.0016|0.0003||1.43|50|0.97|25
GME211217P00390000||||||40|||0|0|0|0|-0.9997|0.0000|-0.1175|-0.0006|0.0003||218.00|3|213.70|4
GME211217C00400000|1.10|1.21|0.90|1.10|1.19|41|0.09|0.0818|49|1325|2|51|0.0002|0.0000|0.0000|-0.0012|0.0002||1.21|2|1.19|3
GME211217P00400000||||238.75|238.75|41|0.00|0.0000|0|3|0|0|-0.9997|0.0000|-0.1205|-0.0007|0.0003||228.00|4|223.65|12
GME211217C00410000|1.00|1.00|1.00|1.10|1.00|42|-0.10|-0.0909|1|227|1|1|0.0001|0.0000|0.0000|-0.0009|0.0002||1.34|22|0.85|35
GME211217P00410000||||190.90|190.90|42|0.00|0.0000|0|3|0|0|-0.9998|0.0000|-0.1235|0.0000|0.0002||237.75|4|233.60|6
GME211217C00420000|1.09|1.09|0.92|0.92|0.92|43|0.00|0.0000|-2|540|1|2|0.0001|0.0000|0.0000|-0.0008|0.0001||1.10|3|0.85|17
GME211217P00420000||||189.85|189.85|43|0.00|0.0000|0|16|0|0|-0.9999|0.0000|-0.1266|0.0007|0.0001||247.75|16|243.35|10
GME211217C00430000||||1.04|1.04|44|0.00|0.0000|7|220|0|0|0.0001|0.0000|0.0000|-0.0007|0.0001||1.28|4|0.65|56
GME211217P00430000||||244.20|244.20|44|0.00|0.0000|0|0|0|0|-0.9999|0.0000|-0.1296|0.0009|0.0001||257.75|3|252.50|10
GME211217C00440000||||0.80|0.80|45|0.00|0.0000|2|474|0|0|0.0001|0.0000|0.0000|-0.0006|0.0001||1.22|3|0.65|50
GME211217P00440000||||||45|||0|0|0|0|-0.9999|0.0000|-0.1326|0.0011|0.0001||267.75|3|262.45|20
GME211217C00450000|0.90|0.90|0.81|0.84|0.81|46|-0.03|-0.0357|62|745|1|3|0.0001|0.0000|0.0000|-0.0004|0.0001||1.00|10|0.84|2
GME211217P00450000||||||46|||0|0|0|0|-1.0000|0.0000|-0.1356|0.0012|0.0001||278.10|12|272.45|10
GME211217C00460000|0.88|1.00|0.88|0.90|1.00|47|0.10|0.1111|0|1139|1|2|0.0001|0.0000|0.0000|-0.0004|0.0001||1.00|1|0.71|1
GME211217P00460000||||261.60|261.60|47|0.00|0.0000|0|5|0|0|-1.0000|0.0000|-0.1386|0.0012|0.0001||288.05|12|282.40|1
GME211217C00470000||||1.00|1.00|48|0.00|0.0000|0|190|0|0|0.0391|0.0010|0.0017|-0.3310|0.0259||1.15|12|0.65|13
GME211217P00470000||||||48||||0|0|0|-1.0000|0.0000|-0.1416|0.0016|0.0000||297.95|12|292.40|1
GME211217C00480000|0.65|0.65|0.65|0.80|0.65|49|-0.15|-0.1875|2|245|1|1|0.0326|0.0009|0.0015|-0.2805|0.0223||1.09|3|0.64|35
GME211217P00480000||||264.21|264.21|49|0.00|0.0000|0|7|0|0|-0.9938|0.0003|-0.1444|-0.0508|0.0054||307.95|12|302.35|20
GME211217C00490000|0.74|0.79|0.74|0.80|0.79|50|-0.01|-0.0125|-1|151|1|2|0.0320|0.0008|0.0014|-0.2807|0.0220||1.08|6|0.58|14
GME211217P00490000||||274.04|274.04|50|0.00|0.0000|0|7|0|0|-0.9920|0.0003|-0.1473|-0.0672|0.0067||317.95|12|312.35|12
GME211217C00500000|0.75|0.75|0.74|0.66|0.75|51|0.09|0.1364|16|2452|1|4|0.0273|0.0007|0.0012|-0.2429|0.0193||0.80|2|0.60|1
GME211217P00500000||||290.05|290.05|51|0.00|0.0000|0|7|0|0|-0.9830|0.0005|-0.1499|-0.1488|0.0129||327.85|12|322.35|10
GME211217C00510000|0.63|0.70|0.63|0.65|0.70|52|0.05|0.0769|67|1621|1|44|0.0265|0.0007|0.0012|-0.2401|0.0188||0.75|15|0.65|8
GME211217P00510000||||277.97|277.97|52|0.00|0.0000|0|0|0|0|-0.9956|0.0002|-0.1535|-0.0375|0.0040||337.90|12|332.30|10
GME211223C00100000||||71.00|71.00|13|0.00|0.0000|0|13|0|0|0.9350|0.0016|0.0400|-0.2889|0.0483||79.20|16|74.80|15
GME211223P00100000|2.42|2.42|1.55|2.13|1.75|13|-0.38|-0.1784|61|375|1|11|-0.0426|0.0014|-0.0041|-0.1738|0.0345||1.86|3|1.54|16
GME211223C00110000||||||12||||0|0|0|1.0000|0.0000|0.0512|-0.0004|0.0000||69.60|18|65.20|13
GME211223P00110000|2.10|2.10|2.10|2.57|2.10|12|-0.47|-0.1829|415|520|1|1|-0.0551|0.0019|-0.0053|-0.1907|0.0424||2.64|41|1.80|100
GME211223C00120000||||49.37|49.37|11|0.00|0.0000|1|2|0|0|0.9533|0.0021|0.0516|-0.1318|0.0376||60.30|20|55.85|13
GME211223P00120000|3.00|3.14|2.79|4.10|3.10|11|-1.00|-0.2439|0|37|1|18|-0.0873|0.0028|-0.0084|-0.2651|0.0604||3.45|33|2.66|1
GME211223C00130000||||41.20|41.20|10|0.00|0.0000|1|1|0|0|0.9008|0.0037|0.0513|-0.2399|0.0664||51.35|18|46.85|13
GME211223P00130000||||5.25|5.25|10|0.00|0.0000|5|141|0|0|-0.1172|0.0038|-0.0112|-0.2989|0.0749||4.65|51|3.35|48
GME211223C00140000|41.10|41.10|41.10|41.10|41.10|9|0.00|0.0000|0|0|1|1|1.0000|0.0000|0.0652|-0.0005|0.0000||42.70|20|38.35|10
GME211223P00140000||||7.23|7.23|9|0.00|0.0000|7|49|0|0|-0.1639|0.0051|-0.0157|-0.3524|0.0941||6.40|41|4.35|33
GME211223C00145000||||||8||||0|0|0|1.0000|0.0000|0.0675|-0.0005|0.0000||38.85|13|34.40|13
GME211223P00145000||||8.30|8.30|8|0.00|0.0000|3|14|0|0|-0.1907|0.0058|-0.0183|-0.3721|0.1036||7.55|36|6.10|1
GME211223C00150000||||28.10|28.10|7|0.00|0.0000|0|21|0|0|0.7624|0.0062|0.0466|-0.4548|0.1177||34.95|17|30.50|12
GME211223P00150000|9.75|9.75|7.78|11.00|7.94|7|-3.06|-0.2782|6|161|1|10|-0.2350|0.0063|-0.0229|-0.4432|0.1170||8.95|66|6.75|55
GME211223C00155000||||29.20|29.20|6|0.00|0.0000|0|11|0|0|0.7076|0.0056|0.0418|-0.6190|0.1308||31.30|20|27.10|24
GME211223P00155000||||13.30|13.30|6|0.00|0.0000|1|79|0|0|-0.2738|0.0067|-0.0270|-0.4849|0.1268||10.30|48|8.25|44
GME211223C00160000||||22.77|22.77|5|0.00|0.0000|1|20|0|0|0.6857|0.0070|0.0431|-0.5289|0.1351||28.00|21|23.85|28
GME211223P00160000||||13.20|13.20|5|0.00|0.0000|5|71|0|0|-0.3005|0.0081|-0.0290|-0.4388|0.1325||12.45|53|9.90|39
GME211223C00165000|22.80|22.80|21.60|18.80|21.60|4|2.80|0.1489|32|48|1|11|0.6499|0.0079|0.0421|-0.5082|0.1410||24.85|23|21.05|45
GME211223P00165000|13.12|13.12|13.12|17.15|13.12|4|-4.03|-0.2350|31|315|5|10|-0.3502|0.0079|-0.0348|-0.5093|0.1410||14.60|95|11.95|81
GME211223C00170000|20.25|20.25|19.22|18.44|19.22|3|0.78|0.0423|5|35|1|2|0.6075|0.0075|0.0390|-0.5828|0.1463||22.35|31|19.60|8
GME211223P00170000|15.51|15.51|15.51|20.03|15.51|3|-4.52|-0.2257|1|62|15|30|-0.3928|0.0082|-0.0394|-0.5326|0.1464||17.00|53|14.15|41
GME211223C00175000|17.20|17.98|17.20|16.30|17.95|2|1.65|0.1012|19|38|1|13|0.5850|0.0075|0.0383|-0.5949|0.1502||19.45|31|17.05|18
GME211223P00175000|18.00|18.20|18.00|22.05|18.18|2|-3.87|-0.1755|-4|43|1|3|-0.4370|0.0088|-0.0438|-0.5183|0.1500||19.65|37|16.65|17
