symbol|open|high|low|preClose|close|activeLevel|change|changeRatio|openIntChange|openInterest|latestPriceVol|volume|delta|gamma|rho|theta|vega|tradeStamptradeTime|ask|avol|bid|bvol
GME211203C00100000||||83.51|83.51|10|0.00|0.0000|-1|9|0|0|0.9753|0.0011|0.0026|-1.4761|0.0052||72.60|4|68.15|42
GME211203P00100000|0.04|0.05|0.01|0.06|0.02|10|-0.04|-0.6667|21|534|1|193|-0.0036|0.0003|0.0000|-0.1930|0.0010||0.03|2|0.01|3
GME211203C00110000||||135.99|135.99|9|0.00|0.0000|0|1|0|0|0.8690|0.0024|0.0022|-9.4921|0.0192||62.65|12|58.00|41
GME211203P00110000|0.08|0.08|0.08|0.11|0.08|9|-0.03|-0.2727|27|199|9|37|-0.0075|0.0006|0.0000|-0.3419|0.0019||0.07|7|0.01|1
GME211203C00120000||||||8||||0|0|0|1.0000|0.0000|0.0033|-0.0004|0.0000||53.05|8|48.45|42
GME211203P00120000|0.04|0.11|0.04|0.19|0.08|8|-0.11|-0.5789|165|546|1|42|-0.0079|0.0008|0.0000|-0.2885|0.0020||0.11|3|0.01|20
GME211203C00130000||||65.44|65.44|7|0.00|0.0000|0|1|0|0|0.8189|0.0039|0.0025|-8.8826|0.0237||43.20|18|38.30|54
GME211203P00130000|0.14|0.18|0.09|0.29|0.10|7|-0.19|-0.6552|7|983|25|39|-0.0089|0.0012|0.0000|-0.2482|0.0022||0.15|18|0.10|1
GME211203C00140000|32.50|32.50|32.50|55.33|32.50|6|-22.83|-0.4126|0|6|4|4|0.7470|0.0039|0.0044|-6.5735|0.0406||33.50|13|28.55|57
GME211203P00140000|0.15|0.38|0.01|0.30|0.25|6|-0.05|-0.1667|17|1168|10|244|-0.0155|0.0023|-0.0001|-0.3276|0.0035||0.32|25|0.23|50
GME211203C00150000|23.50|23.50|21.00|44.80|21.00|5|-23.80|-0.5313|0|6|20|41|0.7345|0.0067|0.0026|-7.9808|0.0295||22.85|13|19.60|49
GME211203P00150000|0.20|0.59|0.20|0.65|0.42|5|-0.23|-0.3538|149|1347|3|286|-0.0559|0.0074|-0.0003|-0.8602|0.0101||0.55|16|0.37|24
GME211203C00155000||||27.75|27.75|4|0.00|0.0000|0|5|0|0|0.8793|0.0126|0.0037|-1.6055|0.0181||18.55|14|14.10|25
GME211203P00155000|0.39|0.70|0.33|0.68|0.43|4|-0.25|-0.3676|-29|963|2|89|-0.0865|0.0119|-0.0004|-1.0433|0.0142||0.77|52|0.48|50
GME211203C00160000|23.77|23.77|23.77|23.00|23.77|3|0.77|0.0335|2|117|3|3|0.8104|0.0188|0.0034|-1.9550|0.0244||13.65|23|8.85|81
GME211203P00160000|1.14|1.24|0.35|0.68|0.80|3|0.12|0.1765|108|548|1|610|-0.3523|0.0054|-0.0871|-0.3295|0.2086||0.95|61|0.71|11
GME211203C00165000|15.40|15.40|6.20|32.50|6.80|2|-25.70|-0.7908|0|31|1|109|0.6158|0.0092|0.0024|-7.9397|0.0344||8.20|2|6.70|18
GME211203P00165000|0.62|2.20|0.40|1.20|1.45|2|0.25|0.2083|41|824|5|648|-0.2678|0.0309|-0.0013|-1.7529|0.0295||1.74|1|1.23|24
GME211203C00170000|6.30|6.30|3.10|13.35|3.91|1|-9.44|-0.7071|13|63|20|441|0.5564|0.0382|0.0025|-2.0414|0.0354||4.55|3|3.75|27
GME211203P00170000|1.42|4.00|0.80|1.87|3.00|1|1.13|0.6043|480|1414|7|1126|-0.4057|0.0390|-0.0020|-1.9251|0.0349||3.15|15|2.51|20
GME211203C00175000|7.05|7.05|1.40|9.00|1.88|1|-7.12|-0.7911|6|123|1|1429|0.3654|0.0421|0.0017|-1.6809|0.0338||2.06|3|1.66|26
GME211203P00175000|1.75|7.00|1.50|2.73|5.74|1|3.01|1.1026|485|968|1|544|-0.6367|0.0426|-0.0031|-1.6535|0.0337||6.10|1|5.20|13
GME211203C00177500|4.12|4.12|0.85|8.24|1.20|2|-7.04|-0.8544|34|41|1|969|0.3165|0.0338|0.0014|-1.8724|0.0321||1.34|1|1.07|8
GME211203P00177500|2.70|8.95|2.20|3.58|6.85|2|3.27|0.9134|267|466|1|461|-0.4772|0.0073|-0.1143|-0.2782|0.2237||9.70|61|6.65|31
GME211203C00180000|4.60|5.00|0.54|5.75|0.75|3|-5.00|-0.8696|33|766|4|610|0.1797|0.0303|0.0008|-1.1339|0.0236||0.90|11|0.67|25
GME211203P00180000|5.29|11.50|2.63|4.40|9.70|3|5.30|1.2045|-355|1413|1|171|-0.8181|0.0318|-0.0041|-1.0974|0.0238||11.50|52|8.50|19
GME211203C00182500|3.75|3.90|0.42|4.40|0.42|4|-3.98|-0.9045|61|146|1|131|0.2001|0.0233|0.0018|-0.8397|0.0356||0.64|1|0.36|72
GME211203P00182500|7.75|13.03|3.89|5.41|11.95|4|6.54|1.2089|-45|252|16|55|-0.9049|0.0215|-0.0046|-0.6668|0.0152||13.45|40|10.35|53
GME211203C00185000|2.43|3.10|0.25|3.22|0.35|5|-2.87|-0.8913|314|795|5|1058|0.0554|0.0136|0.0003|-0.4601|0.0100||0.54|19|0.32|38
GME211203P00185000|9.16|15.95|4.90|7.21|15.69|5|8.48|1.1761|-47|541|3|81|-0.9392|0.0142|-0.0048|-0.5093|0.0108||15.75|34|12.85|44
GME211203C00187500|2.00|2.16|0.25|2.40|0.30|6|-2.10|-0.8750|-120|610|1|94|0.0357|0.0095|0.0002|-0.3261|0.0071||0.44|31|0.26|46
GME211203P00187500|7.14|17.61|7.14|8.59|17.37|6|8.78|1.0221|-33|442|1|13|-0.9681|0.0089|-0.0050|-0.2879|0.0064||18.95|51|15.25|49
GME211203C00190000|1.42|1.60|0.22|1.70|0.30|7|-1.40|-0.8235|-141|637|3|493|0.0181|0.0054|0.0001|-0.1824|0.0040||0.37|18|0.23|27
GME211203P00190000|11.26|20.31|8.25|11.17|19.25|7|8.08|0.7234|-67|766|1|88|-0.5448|0.0066|-0.1376|-0.3046|0.2227||21.80|54|18.15|14
GME211203C00192500|1.00|1.09|0.20|1.27|0.27|8|-1.00|-0.7874|-248|254|1|70|0.0527|0.0090|0.0005|-0.3199|0.0137||0.32|22|0.17|49
GME211203P00192500|10.85|24.24|10.85|12.49|24.24|8|11.75|0.9408|-8|265|3|18|-0.9881|0.0037|-0.0052|-0.1306|0.0028||24.20|35|20.40|13
GME211203C00195000|1.09|1.09|0.13|1.07|0.22|9|-0.85|-0.7944|-71|526|1|181|0.0066|0.0021|0.0000|-0.0822|0.0017||0.26|2|0.17|26
GME211203P00195000|15.20|24.67|12.95|14.76|24.67|9|9.91|0.6714|-69|557|1|18|-0.5881|0.0069|-0.1476|-0.2799|0.2186||27.05|63|23.00|27
GME211203C00197500|0.35|0.35|0.15|0.89|0.23|10|-0.66|-0.7416|-133|357|1|35|0.0056|0.0017|0.0000|-0.0745|0.0014||0.26|17|0.17|35
GME211203P00197500|17.15|26.97|15.00|17.43|26.97|10|9.54|0.5473|-4|198|39|42|-0.9873|0.0031|-0.0054|-0.1711|0.0030||29.15|21|24.80|40
GME211203C00200000|0.65|0.74|0.14|0.68|0.17|11|-0.51|-0.7500|599|1650|1|493|0.0038|0.0012|0.0000|-0.0540|0.0010||0.17|1|0.15|19
GME211203P00200000|18.50|29.61|18.50|19.88|29.00|11|9.12|0.4588|-271|727|1|15|-0.9888|0.0026|-0.0054|-0.1654|0.0026||31.80|45|27.85|14
GME211203C00202500|0.30|0.51|0.12|0.50|0.12|12|-0.38|-0.7600|164|445|1|21|0.3857|0.0063|0.0563|-0.2965|0.2148||0.20|9|0.12|22
GME211203P00202500|21.15|24.48|21.15|21.93|24.48|12|2.55|0.1163|-30|154|1|2|-0.5835|0.0057|-0.1578|-0.3429|0.2192||34.40|28|30.00|11
GME211203C00205000|0.88|0.88|0.10|0.55|0.15|13|-0.40|-0.7273|-141|693|1|77|0.0024|0.0007|0.0000|-0.0393|0.0007||0.18|10|0.13|7
GME211203P00205000|26.93|34.70|26.93|24.98|34.70|13|9.72|0.3891|-135|349|39|49|-0.5454|0.0047|-0.1593|-0.4279|0.2226||36.80|54|32.65|36
GME211203C00207500|0.15|0.15|0.11|0.55|0.14|14|-0.41|-0.7455|148|548|1|16|0.4031|0.0054|0.0564|-0.3547|0.2175||0.18|20|0.11|14
GME211203P00207500|38.35|38.35|37.19|25.68|37.19|14|11.51|0.4482|-2|33|3|4|-0.8818|0.0076|-0.0052|-2.5883|0.0177||39.45|15|35.10|7
GME211203C00210000|0.33|0.39|0.08|0.46|0.10|15|-0.36|-0.7826|73|1012|1|448|0.0017|0.0005|0.0000|-0.0328|0.0005||0.15|5|0.11|7
GME211203P00210000|28.88|40.95|28.55|29.77|40.95|15|11.18|0.3755|-51|334|1|10|-0.9908|0.0017|-0.0057|-0.1809|0.0022||41.70|26|36.95|46
GME211203C00212500|0.22|0.22|0.09|0.48|0.10|16|-0.38|-0.7917|47|344|1|14|0.0021|0.0005|0.0000|-0.0424|0.0006||0.14|5|0.07|17
GME211203P00212500|37.02|37.02|37.02|33.40|37.02|16|3.62|0.1084|0|67|1|1|-0.9705|0.0036|-0.0057|-0.6274|0.0061||44.40|14|40.00|8
GME211203C00215000|0.17|0.23|0.08|0.37|0.12|17|-0.25|-0.6757|0|792|1|76|0.0013|0.0003|0.0000|-0.0272|0.0004||0.12|3|0.08|78
GME211203P00215000|35.00|45.70|35.00|31.97|43.83|17|11.86|0.3710|-11|215|1|14|-0.9511|0.0045|-0.0057|-1.1274|0.0091||46.60|48|42.60|26
GME211203C00217500|0.16|0.16|0.07|0.38|0.07|18|-0.31|-0.8158|-3|180|1|107|0.0011|0.0003|0.0000|-0.0244|0.0003||0.11|6|0.06|16
GME211203P00217500|46.36|48.06|46.36|38.35|48.06|18|9.71|0.2532|-2|72|3|13|-0.9728|0.0031|-0.0058|-0.6368|0.0056||49.35|24|45.10|12
GME211203C00220000|0.17|0.20|0.05|0.36|0.08|19|-0.28|-0.7778|32|1410|1|171|0.0011|0.0003|0.0000|-0.0260|0.0003||0.09|6|0.06|15
GME211203P00220000|49.15|50.41|49.15|40.13|50.41|19|10.28|0.2562|-18|195|1|4|-0.9854|0.0019|-0.0060|-0.3511|0.0033||51.60|53|46.95|61
GME211203C00222500|0.09|0.09|0.07|0.37|0.07|20|-0.30|-0.8108|4|185|1|2|0.4101|0.0043|0.0536|-0.4510|0.2184||0.10|5|0.05|11
GME211203P00222500|44.57|44.57|44.57|45.85|44.57|20|-1.28|-0.0279|-6|45|1|1|-0.9320|0.0047|-0.0058|-1.8458|0.0118||54.25|12|49.95|5
GME211203C00225000|0.20|0.20|0.05|0.30|0.07|21|-0.23|-0.7667|-60|596|2|45|0.4955|0.0032|0.0556|-0.6354|0.2241||0.09|5|0.05|6
GME211203P00225000|42.95|53.85|42.95|45.20|53.43|21|8.23|0.1821|0|125|2|13|-0.9843|0.0019|-0.0061|-0.4106|0.0036||56.55|12|51.55|105
GME211203C00227500|0.14|0.14|0.04|0.50|0.04|22|-0.46|-0.9200|16|113|1|3|0.0230|0.0023|0.0002|-0.3195|0.0069||0.08|4|0.05|4
GME211203P00227500||||45.48|45.48|22|0.00|0.0000|0|26|0|0|-0.9898|0.0013|-0.0062|-0.2756|0.0024||59.40|17|54.95|16
GME211203C00230000|0.24|0.24|0.03|0.24|0.06|23|-0.18|-0.7500|-39|888|10|68|0.0005|0.0001|0.0000|-0.0142|0.0002||0.08|5|0.03|34
GME211203P00230000|47.00|47.00|47.00|49.84|47.00|23|-2.84|-0.0570|-4|63|1|1|-0.9894|0.0013|-0.0063|-0.2967|0.0025||61.65|11|57.15|20
GME211203C00232500||||0.25|0.25|24|0.00|0.0000|-7|86|0|0|0.5724|0.0023|0.0527|-0.8480|0.2204||0.08|11|0.03|26
GME211203P00232500||||52.32|52.32|24|0.00|0.0000|-1|33|0|0|-0.9461|0.0036|-0.0123|-0.8398|0.0139||64.30|12|60.00|12
GME211203C00235000|0.56|0.56|0.02|0.25|0.02|25|-0.23|-0.9200|-14|317|1|7|0.0053|0.0007|0.0000|-0.1550|0.0014||0.07|2|0.03|19
GME211203P00235000|53.48|63.89|53.48|53.95|63.89|25|9.94|0.1842|-31|340|2|21|-0.9980|0.0004|-0.0064|-0.0588|0.0006||66.55|20|61.70|16
GME211203C00237500|0.13|0.13|0.02|0.27|0.02|26|-0.25|-0.9259|-1|114|1|8|0.0051|0.0007|0.0000|-0.1560|0.0013||0.07|14|0.03|22
GME211203P00237500|55.98|66.41|55.98|56.45|66.41|26|9.96|0.1764|-22|262|2|21|-0.9980|0.0003|-0.0065|-0.0607|0.0006||69.05|12|64.35|14
GME211203C00240000|0.20|0.20|0.04|0.27|0.04|27|-0.23|-0.8519|64|656|1|16|0.0097|0.0011|0.0000|-0.3071|0.0023||0.05|3|0.04|8
GME211203P00240000|69.64|69.64|69.63|60.48|69.63|27|9.15|0.1513|-6|95|3|4|-0.9827|0.0016|-0.0065|-0.5580|0.0038||72.00|13|67.25|20
GME211203C00245000|0.05|0.06|0.01|0.23|0.06|28|-0.17|-0.7391|-115|299|1|24|0.0100|0.0010|0.0000|-0.3391|0.0024||0.07|10|0.02|18
GME211203P00245000|66.88|66.88|66.88|60.55|66.88|28|6.33|0.1045|-1|67|1|1|-0.6381|0.0039|-0.2145|-0.4617|0.2105||76.95|19|72.20|19
GME211203C00250000|0.06|0.12|0.02|0.14|0.04|29|-0.10|-0.7143|1181|4523|2|165|0.5139|0.0026|0.0516|-0.7918|0.2240||0.04|1|0.02|4
GME211203P00250000|75.53|75.81|75.53|70.43|75.81|29|5.38|0.0764|0|123|1|3|-0.9846|0.0014|-0.0068|-0.5538|0.0035||81.80|12|76.85|14
GME211203C00260000|0.05|0.05|0.01|0.15|0.05|30|-0.10|-0.6667|-5|709|1|58|0.0047|0.0005|0.0000|-0.1848|0.0012||0.05|5|0.01|14
GME211203P00260000||||75.00|75.00|30|0.00|0.0000|0|6|0|0|-0.9991|0.0001|-0.0071|-0.0348|0.0003||92.10|7|87.40|12
GME211203C00270000|0.04|0.06|0.02|0.02|0.03|31|0.01|0.5000|20|607|1|14|0.0049|0.0005|0.0000|-0.2060|0.0013||0.04|1|0.01|1
GME211203P00270000|99.66|99.66|99.66|86.50|99.66|31|13.16|0.1521|0|21|3|4|-0.9996|0.0001|-0.0074|-0.0146|0.0001||102.05|12|97.20|12
GME211203C00280000|0.08|0.08|0.01|0.07|0.04|32|-0.03|-0.4286|46|618|1|11|0.0056|0.0005|0.0000|-0.2560|0.0014||0.05|10|0.01|5
GME211203P00280000||||95.00|95.00|32|0.00|0.0000|0|10|0|0|-0.9991|0.0001|-0.0077|-0.0371|0.0003||112.00|13|107.25|7
GME211203C00290000|0.04|0.04|0.04|0.09|0.04|33|-0.05|-0.5556|-7|495|1|1|0.0056|0.0005|0.0000|-0.2706|0.0014||0.05|1|0.01|5
GME211203P00290000||||||33||||0|0|0|-1.0000|0.0000|-0.0079|0.0009|0.0000||122.00|16|117.25|12
GME211203C00300000|0.06|0.06|0.01|0.07|0.03|34|-0.04|-0.5714|-116|2079|8|89|0.0016|0.0002|0.0000|-0.0829|0.0005||0.03|2|0.01|13
GME211203P00300000||||111.10|111.10|34|0.00|0.0000|0|2|0|0|-0.9967|0.0003|-0.0164|-0.0848|0.0013||131.95|7|127.25|7
GME211203C00310000|0.04|0.05|0.01|0.08|0.05|35|-0.03|-0.3750|-1|343|2|32|0.0053|0.0004|0.0000|-0.2885|0.0014||0.07|28|0.01|9
GME211203P00310000||||71.90|71.90|35|0.00|0.0000|0|4|0|0|-0.8928|0.0026|-0.3148|-0.1650|0.1037||141.95|12|137.25|12
GME211203C00320000|0.04|0.04|0.02|0.04|0.02|36|-0.02|-0.5000|-1|388|2|3|0.0000|0.0000|0.0000|-0.0009|0.0000||0.02|1|0.01|1
GME211203P00320000||||||36||||0|0|0|-1.0000|0.0000|-0.0175|0.0010|0.0000||151.95|7|147.25|7
GME211203C00330000||||0.06|0.06|37|0.00|0.0000|2|350|0|0|0.0060|0.0004|0.0000|-0.3623|0.0015||0.06|12|0.00|0
GME211203P00330000||||127.27|127.27|37|0.00|0.0000|-2|0|0|0|-1.0000|0.0000|-0.0090|0.0005|0.0000||161.95|7|157.25|7
GME211203C00340000|0.01|0.01|0.01|0.06|0.01|38|-0.05|-0.8333|4|139|1|2|0.0015|0.0001|0.0000|-0.0923|0.0004||0.04|2|0.00|0
GME211203P00340000||||134.20|134.20|38|0.00|0.0000|0|1|0|0|-0.9996|0.0000|-0.0186|-0.0120|0.0002||171.95|7|167.25|12
GME211203C00350000|0.01|0.03|0.01|0.04|0.01|39|-0.03|-0.7500|-10|1227|4|92|0.0012|0.0001|0.0000|-0.0771|0.0004||0.04|1|0.00|0
GME211203P00350000||||136.35|136.35|39|0.00|0.0000|-1|2|0|0|-1.0000|0.0000|-0.0096|0.0010|0.0000||181.95|13|177.25|12
GME211203C00360000|0.01|0.02|0.01|0.09|0.01|40|-0.08|-0.8889|0|159|1|3|0.0012|0.0001|0.0000|-0.0824|0.0004||0.02|1|0.00|0
GME211203P00360000||||||40||||0|0|0|-1.0000|0.0000|-0.0099|0.0011|0.0000||191.75|10|187.25|12
GME211203C00370000||||0.02|0.02|41|0.00|0.0000|-1|87|0|0|0.0022|0.0002|0.0000|-0.1495|0.0006||0.02|1|0.00|0
GME211203P00370000||||136.05|136.05|41|0.00|0.0000|0|1|0|0|-1.0000|0.0000|-0.0101|0.0011|0.0000||201.75|12|197.25|8
GME211203C00380000|0.01|0.01|0.01|0.04|0.01|42|-0.03|-0.7500|-1|100|4|14|0.0036|0.0002|0.0000|-0.2617|0.0010||0.01|6|0.00|0
GME211203P00380000||||170.35|170.35|42|0.00|0.0000|0|0|0|0|-1.0000|0.0000|-0.0104|0.0008|0.0000||211.90|12|207.25|12
GME211203C00390000|0.04|0.04|0.04|0.02|0.04|43|0.02|1.0000|-2|89|1|1|0.6722|0.0012|0.0365|-1.4340|0.2029||0.04|2|0.00|0
GME211203P00390000|216.55|216.55|216.55|216.55|216.55|43|0.00|0.0000|0|0|1|1|-1.0000|0.0000|-0.0107|0.0012|0.0000||221.90|8|217.25|7
GME211203C00400000|0.01|0.01|0.01|0.02|0.01|44|-0.01|-0.5000|-4|2445|1|17|0.0254|0.0009|0.0001|-2.0027|0.0053||0.02|100|0.00|0
GME211203P00400000||||215.38|215.38|44|0.00|0.0000|0|0|0|0|-0.6930|0.0023|-0.3925|-0.6876|0.1973||231.90|12|227.25|12
GME211203C00410000||||0.03|0.03|45|0.00|0.0000|3|1058|0|0|0.6760|0.0011|0.0357|-1.4668|0.2019||0.01|8|0.00|0
GME211203P00410000||||||45||||0|0|0|-1.0000|0.0000|-0.4380|0.0013|0.0000||241.90|12|237.25|12
GME211203C00420000|0.01|0.01|0.01|0.01|0.01|46|0.00|0.0000|3|234|2|2|0.0010|0.0001|0.0000|-0.0835|0.0003||0.01|1|0.00|0
GME211203P00420000||||||46||||0|0|0|-1.0000|0.0000|-0.0115|0.0013|0.0000||251.90|17|247.25|5
GME211203C00430000||||0.03|0.03|47|0.00|0.0000|0|70|0|0|0.0025|0.0001|0.0000|-0.2086|0.0007||0.02|100|0.00|0
GME211203P00430000||||||47||||0|0|0|-1.0000|0.0000|-0.0118|0.0013|0.0000||261.90|12|256.00|16
GME211203C00440000||||0.08|0.08|48|0.00|0.0000|1|71|0|0|0.0067|0.0003|0.0000|-0.5717|0.0017||0.02|100|0.00|0
GME211203P00440000||||||48||||0|0|0|-1.0000|0.0000|-0.0121|0.0014|0.0000||271.90|4|266.80|7
GME211203C00450000|0.01|0.01|0.01|0.01|0.01|49|0.00|0.0000|4|487|2|4|0.6572|0.0012|0.0357|-1.4984|0.2065||0.01|100|0.00|0
GME211203P00450000||||||49||||0|0|0|-1.0000|0.0000|-0.0123|0.0014|0.0000||281.90|4|276.00|17
GME211203C00460000||||0.01|0.01|50|0.00|0.0000|4|63|0|0|0.0010|0.0001|0.0000|-0.0857|0.0003||0.01|100|0.00|0
GME211203P00460000||||||50||||0|0|0|-1.0000|0.0000|-0.0126|0.0014|0.0000||291.90|4|287.10|3
GME211203C00470000||||0.01|0.01|51|0.00|0.0000|9|200|0|0|0.0009|0.0001|0.0000|-0.0836|0.0003||0.01|100|0.00|0
GME211203P00470000||||||51||||0|0|0|-1.0000|0.0000|-0.0258|0.0014|0.0000||301.90|7|296.10|27
GME211203C00480000||||0.06|0.06|52|0.00|0.0000|0|91|0|0|0.0041|0.0002|0.0000|-0.3796|0.0011||0.01|100|0.00|0
GME211203P00480000||||||52||||0|0|0|-1.0000|0.0000|-0.0132|0.0015|0.0000||312.50|11|306.10|12
GME211203C00490000|0.01|0.01|0.01|0.06|0.01|53|-0.05|-0.8333|0|250|1|10|0.6816|0.0010|0.0335|-1.5684|0.2005||0.01|100|0.00|0
GME211203P00490000||||||53||||0|0|0|-1.0000|0.0000|-0.0134|0.0015|0.0000||322.50|11|316.10|12
GME211203C00500000|0.01|0.02|0.01|0.03|0.02|54|-0.01|-0.3333|9|1379|20|37|0.0015|0.0001|0.0000|-0.1414|0.0004||0.02|300|0.00|0
GME211203P00500000||||||54||||0|0|0|-1.0000|0.0000|-0.0274|0.0015|0.0000||332.50|11|326.10|12
GME211203C00510000|0.01|0.01|0.01|0.02|0.01|55|-0.01|-0.5000|121|5819|4|102|0.0023|0.0001|0.0000|-0.2232|0.0006||0.01|94|0.00|0
GME211203P00510000||||||55||||0|0|0|-1.0000|0.0000|-0.0140|0.0016|0.0000||342.50|11|336.10|12
GME211210C00100000||||86.01|86.01|11|0.00|0.0000|0|1|0|0|0.8531|0.0011|0.0561|-0.5102|0.1403||74.70|5|69.50|12
GME211210P00100000|0.55|0.98|0.50|0.48|0.98|11|0.50|1.0417|29|239|10|129|-0.0224|0.0011|-0.0009|-0.1670|0.0136||0.98|1|0.85|1
GME211210C00110000||||76.13|76.13|10|0.00|0.0000|0|2|0|0|0.8357|0.0020|0.0145|-1.9205|0.0629||65.00|8|59.20|18
GME211210P00110000|0.58|1.22|0.54|0.60|1.22|10|0.62|1.0333|9|215|5|91|-0.0321|0.0016|-0.0013|-0.2009|0.0183||1.46|73|0.85|59
GME211210C00120000|56.97|56.97|56.97|76.03|56.97|9|-19.06|-0.2507|0|1|1|1|0.8556|0.0031|0.0194|-1.0274|0.0578||54.70|9|49.90|13
GME211210P00120000|0.97|1.61|0.75|1.00|1.61|9|0.61|0.6100|167|263|1|490|-0.0539|0.0026|-0.0023|-0.2855|0.0279||1.61|6|1.40|4
GME211210C00130000||||||8||||0|0|0|1.0000|0.0000|0.0285|-0.0004|0.0000||45.20|13|40.50|10
GME211210P00130000|1.50|2.25|1.28|1.45|2.25|8|0.80|0.5517|0|431|4|482|-0.0985|0.0043|-0.0047|-0.3926|0.0468||2.38|15|2.11|10
GME211210C00140000|36.10|36.10|36.10|56.44|36.10|7|-20.34|-0.3604|0|29|2|4|0.7460|0.0040|0.0177|-1.6172|0.0812||35.90|13|32.00|36
GME211210P00140000|1.89|3.45|1.89|2.18|3.42|7|1.24|0.5688|142|441|1|72|-0.1347|0.0061|-0.0057|-0.4804|0.0552||3.60|25|3.20|1
GME211210C00145000|30.25|30.25|30.25|30.25|30.25|6|0.00|0.0000||0|1|1|0.8035|0.0071|0.0233|-0.6781|0.0704||31.60|14|27.45|51
GME211210P00145000|2.92|4.50|2.92|2.80|4.24|6|1.44|0.5143||15|1|35|-0.1734|0.0074|-0.0073|-0.5523|0.0651||4.60|50|3.95|69
GME211210C00150000|30.00|31.00|25.20|34.20|25.20|5|-9.00|-0.2632|1|20|2|6|0.8039|0.0090|0.0247|-0.5335|0.0705||27.75|31|24.25|42
GME211210P00150000|3.30|6.05|3.30|3.50|5.25|5|1.75|0.5000|240|460|1|411|-0.2145|0.0087|-0.0091|-0.6089|0.0742||5.75|21|5.20|17
GME211210C00155000|25.10|25.10|23.00|58.70|23.00|4|-35.70|-0.6082|0|45|1|2|0.6853|0.0032|0.0149|-2.4339|0.0905||24.05|35|21.10|41
GME211210P00155000|4.27|6.90|4.27|4.65|6.90|4|2.25|0.4839|49|244|1|29|-0.2625|0.0098|-0.0112|-0.6802|0.0830||7.20|41|6.50|29
GME211210C00160000|25.52|25.52|18.78|29.75|18.78|3|-10.97|-0.3687|0|204|1|14|0.6586|0.0087|0.0198|-0.9705|0.0933||20.75|44|17.85|61
GME211210P00160000|5.47|9.10|5.47|5.80|8.44|3|2.64|0.4552|55|441|1|141|-0.3263|0.0111|-0.0139|-0.7309|0.0913||8.80|29|8.10|30
GME211210C00165000|21.90|21.90|18.92|21.75|18.92|2|-2.83|-0.1301|1|3|3|5|0.6335|0.0136|0.0207|-0.6526|0.0959||17.70|23|14.90|47
GME211210P00165000|7.22|11.25|7.22|7.35|11.25|2|3.90|0.5306|42|362|1|131|-0.3760|0.0049|-0.1151|-0.3195|0.2315||10.75|1|10.10|24
GME211210C00170000|17.07|17.07|12.81|20.20|14.10|1|-6.10|-0.3020|5|21|3|61|0.5982|0.0050|0.0902|-0.3242|0.2360||14.45|8|13.35|34
GME211210P00170000|8.15|13.47|8.15|9.07|12.99|1|3.92|0.4322|81|441|1|164|-0.4372|0.0123|-0.0190|-0.7855|0.1004||13.60|53|12.35|29
GME211210C00175000|17.95|17.95|11.00|17.18|11.70|1|-5.48|-0.3190|48|73|4|82|0.4954|0.0126|0.0162|-0.7916|0.1014||12.30|19|11.00|46
GME211210P00175000|10.83|16.50|9.85|10.95|15.64|1|4.69|0.4283|104|522|1|98|-0.5009|0.0128|-0.0220|-0.7783|0.1016||16.65|70|14.85|43
GME211210C00177500|11.55|11.60|10.00|15.85|10.00|2|-5.85|-0.3691||27|1|113|0.4699|0.0125|0.0155|-0.7911|0.1013||11.05|25|9.40|82
GME211210P00177500|10.66|17.25|10.66|12.55|17.25|2|4.70|0.3745||234|11|27|-0.4394|0.0051|-0.1379|-0.3300|0.2406||17.80|20|16.30|19
GME211210C00180000|15.00|16.00|8.78|14.20|9.10|3|-5.10|-0.3592|227|306|1|117|0.4243|0.0127|0.0140|-0.7527|0.0993||10.25|14|9.45|1
GME211210P00180000|13.51|19.40|11.89|13.30|18.95|3|5.65|0.4248|99|705|1|39|-0.5634|0.0127|-0.0250|-0.7636|0.1003||19.85|43|17.40|49
GME211210C00182500|11.05|11.05|8.10|13.40|8.10|4|-5.30|-0.3955||66|1|32|0.4104|0.0122|0.0136|-0.7718|0.0991||9.30|20|7.80|68
GME211210P00182500|13.50|21.30|13.50|15.15|21.30|4|6.15|0.4059||205|1|5|-0.5922|0.0121|-0.0265|-0.7794|0.0987||22.00|71|19.05|44
GME211210C00185000|12.65|12.65|7.20|12.66|7.85|5|-4.81|-0.3799|24|132|1|53|0.5259|0.0051|0.0813|-0.3378|0.2429||8.40|23|7.30|54
GME211210P00185000|15.65|21.31|13.50|16.25|21.00|5|4.75|0.2923|98|456|2|14|-0.6302|0.0120|-0.0283|-0.7402|0.0957||23.90|40|21.00|19
GME211210C00187500|11.40|11.40|6.76|11.44|7.17|6|-4.27|-0.3733|45|64|1|10|0.3572|0.0116|0.0119|-0.7502|0.0950||7.70|11|6.35|98
GME211210P00187500|23.89|24.95|23.89|17.83|24.95|6|7.12|0.3993|129|256|3|4|-0.6556|0.0116|-0.0296|-0.7283|0.0933||25.50|63|22.50|47
GME211210C00190000|11.00|11.00|6.05|10.60|6.50|7|-4.10|-0.3868|103|199|1|157|0.3286|0.0112|0.0110|-0.7316|0.0919||7.00|16|6.00|64
GME211210P00190000|19.20|26.50|18.05|19.55|24.55|7|5.00|0.2558|70|498|3|52|-0.6725|0.0112|-0.0307|-0.7264|0.0917||27.40|70|24.60|39
GME211210C00192500|10.00|10.00|5.75|10.00|5.88|8|-4.12|-0.4120|23|88|1|8|0.4942|0.0050|0.0769|-0.3443|0.2434||6.50|16|5.25|109
GME211210P00192500|20.34|20.34|20.34|21.35|20.34|8|-1.01|-0.0473|32|118|1|1|-0.5078|0.0051|-0.1657|-0.3401|0.2433||29.35|30|26.15|15
GME211210C00195000|8.25|9.15|5.10|8.91|5.25|9|-3.66|-0.4108|116|250|1|36|0.2857|0.0104|0.0096|-0.6922|0.0866||5.90|18|5.10|55
GME211210P00195000|22.27|30.00|22.27|22.88|29.20|9|6.32|0.2762|95|285|5|9|-0.7188|0.0104|-0.0333|-0.6842|0.0857||31.45|58|28.15|48
GME211210C00197500|7.69|7.69|4.85|8.26|4.97|10|-3.29|-0.3983|60|106|1|24|0.2567|0.0099|0.0086|-0.6590|0.0817||5.40|21|4.50|91
GME211210P00197500|24.10|24.10|24.10|24.48|24.10|10|-0.38|-0.0155|15|119|1|1|-0.7479|0.0099|-0.0348|-0.6412|0.0809||33.45|28|30.20|21
GME211210C00200000|7.56|7.56|4.05|7.25|4.65|11|-2.60|-0.3586|140|774|15|282|0.2301|0.0095|0.0078|-0.6083|0.0770||4.85|10|4.45|11
GME211210P00200000|24.90|33.83|24.90|26.33|33.60|11|7.27|0.2761|21|680|5|10|-0.7579|0.0096|-0.0356|-0.6357|0.0796||35.65|33|32.30|42
GME211210C00202500|6.70|6.70|4.11|8.00|4.40|12|-3.60|-0.4500|10|77|1|11|0.2479|0.0089|0.0083|-0.7057|0.0806||4.55|19|4.10|14
GME211210P00202500|32.05|34.10|32.05|27.95|33.56|12|5.61|0.2007|0|48|12|16|-0.7816|0.0092|-0.0370|-0.5920|0.0751||37.85|34|34.40|17
GME211210C00205000|6.00|6.00|3.71|5.85|4.00|13|-1.85|-0.3162|10|169|1|31|0.1972|0.0087|0.0067|-0.5537|0.0707||4.25|28|3.80|25
GME211210P00205000|31.96|38.30|31.96|30.85|38.30|13|7.45|0.2415|-1|176|1|2|-0.7646|0.0084|-0.0417|-0.6280|0.0829||40.15|36|36.60|15
GME211210C00207500|3.99|3.99|3.62|5.72|3.62|14|-2.10|-0.3671|10|78|1|11|0.1898|0.0082|0.0065|-0.5604|0.0691||4.00|45|3.25|83
GME211210P00207500||||31.10|31.10|14|0.00|0.0000|2|20|0|0|-0.8357|0.0081|-0.0398|-0.4719|0.0629||42.60|33|38.95|13
GME211210C00210000|5.15|5.30|3.20|5.15|3.40|15|-1.75|-0.3398|27|336|1|143|0.1693|0.0077|0.0058|-0.5186|0.0641||3.65|19|3.25|42
GME211210P00210000|33.23|42.30|31.95|34.54|42.30|15|7.76|0.2247|7|112|2|5|-0.8170|0.0077|-0.0398|-0.5704|0.0674||44.85|30|40.20|48
GME211210C00212500|3.50|3.50|3.02|5.00|3.02|16|-1.98|-0.3960|-3|80|1|18|0.1624|0.0073|0.0055|-0.5194|0.0624||3.40|10|3.00|47
GME211210P00212500||||37.87|37.87|16|0.00|0.0000|-1|37|0|0|-0.8000|0.0073|-0.0399|-0.6665|0.0713||46.95|30|42.70|36
GME211210C00215000|4.05|4.05|2.80|4.43|3.10|17|-1.33|-0.3002|1|166|2|22|0.1455|0.0068|0.0050|-0.4784|0.0581||3.20|10|2.89|13
GME211210P00215000|48.00|48.00|48.00|37.79|48.00|17|10.21|0.2702|-2|32|1|1|-0.8602|0.0068|-0.0423|-0.4525|0.0567||49.15|46|45.20|30
GME211210C00217500|3.25|3.25|2.68|4.50|2.68|18|-1.82|-0.4044|0|30|1|7|0.1446|0.0065|0.0049|-0.4973|0.0578||3.00|3|2.67|45
GME211210P00217500|49.60|49.60|49.60|42.15|49.60|18|7.45|0.1767|2|27|10|10|-0.8236|0.0066|-0.0418|-0.6301|0.0658||51.65|37|47.70|29
GME211210C00220000|3.70|3.70|2.45|3.90|2.68|19|-1.22|-0.3128|12|413|1|58|0.1242|0.0060|0.0042|-0.4389|0.0519||2.83|8|2.49|21
GME211210P00220000|45.07|51.65|45.07|42.22|51.65|19|9.43|0.2234|1|156|3|5|-0.8805|0.0060|-0.0441|-0.4158|0.0507||54.05|30|50.20|26
GME211210C00222500|2.35|2.50|2.35|3.65|2.50|20|-1.15|-0.3151|25|88|1|5|0.3861|0.0046|0.0615|-0.3468|0.2334||2.68|2|2.39|31
GME211210P00222500|42.95|42.95|42.95|46.97|42.95|20|-4.02|-0.0856|-7|38|1|1|-0.8299|0.0061|-0.0431|-0.6511|0.0645||56.35|28|52.70|12
GME211210C00225000|3.10|3.10|2.15|3.45|2.15|21|-1.30|-0.3768|14|348|10|31|0.1118|0.0054|0.0038|-0.4186|0.0483||2.50|2|2.15|40
GME211210P00225000|51.00|58.60|51.00|47.35|55.65|21|8.30|0.1753|1|462|2|15|-0.8781|0.0056|-0.0452|-0.4582|0.0515||58.85|34|55.05|15
GME211210C00227500|2.74|2.74|2.10|3.35|2.10|22|-1.25|-0.3731|1|24|1|3|0.1049|0.0051|0.0036|-0.4073|0.0461||2.43|8|2.07|52
GME211210P00227500||||34.06|34.06|22|0.00|0.0000|0|35|0|0|-0.9989|0.0002|-0.0498|-0.0029|0.0009||61.35|37|57.30|26
GME211210C00230000|2.73|2.75|1.99|3.09|2.13|23|-0.96|-0.3107|2|395|1|129|0.1151|0.0051|0.0044|-0.4132|0.0524||2.29|5|2.05|20
GME211210P00230000||||41.51|41.51|23|0.00|0.0000|0|38|0|0|-0.6897|0.0050|-0.2372|-0.2728|0.2153||63.85|35|59.80|13
GME211210C00232500|2.40|2.58|1.99|2.69|1.99|24|-0.70|-0.2602|3|33|1|6|0.1327|0.0051|0.0045|-0.5621|0.0547||2.24|27|1.84|59
GME211210P00232500||||56.09|56.09|24|0.00|0.0000|-5|6|0|0|-0.8608|0.0051|-0.0463|-0.5997|0.0562||66.35|37|62.10|26
GME211210C00235000|2.43|2.46|1.92|2.78|1.95|25|-0.83|-0.2986|-4|898|1|14|0.3642|0.0042|0.0574|-0.3626|0.2291||2.11|12|1.84|22
GME211210P00235000|61.85|67.00|61.85|58.42|65.99|25|7.57|0.1296|-1|35|7|10|-0.8632|0.0050|-0.0470|-0.6028|0.0557||68.85|39|64.60|13
GME211210C00237500||||2.69|2.69|26|0.00|0.0000|1|19|0|0|0.0867|0.0042|0.0030|-0.3721|0.0402||2.38|64|1.50|91
GME211210P00237500|64.40|68.49|64.40|48.03|68.49|26|20.46|0.4260|0|25|7|8|-0.9599|0.0029|-0.0506|-0.1621|0.0220||71.85|24|65.95|20
GME211210C00240000|2.31|2.47|1.61|2.92|1.64|27|-1.28|-0.4384|-13|317|1|27|0.0914|0.0042|0.0031|-0.4062|0.0418||1.91|15|1.72|22
GME211210P00240000||||58.15|58.15|27|0.00|0.0000|1|34|0|0|-0.9438|0.0033|-0.0507|-0.2405|0.0288||73.60|15|69.15|23
GME211210C00245000|2.10|2.10|1.46|2.20|1.46|28|-0.74|-0.3364|-6|166|1|7|0.0708|0.0035|0.0024|-0.3252|0.0345||1.76|15|1.50|33
GME211210P00245000||||50.19|50.19|28|0.00|0.0000|0|23|0|0|-0.9972|0.0004|-0.0536|-0.0109|0.0022||78.20|13|74.00|21
GME211210C00250000|1.90|2.02|1.45|2.01|1.58|29|-0.43|-0.2139|110|2300|1|67|0.0610|0.0031|0.0021|-0.2943|0.0306||1.66|15|1.42|16
GME211210P00250000||||60.35|60.35|29|0.00|0.0000|0|15|0|0|-0.9928|0.0008|-0.0545|-0.0308|0.0051||83.20|23|78.90|5
GME211210C00255000|1.55|1.55|1.44|2.02|1.50|30|-0.52|-0.2574|-4|61|1|3|0.0627|0.0030|0.0021|-0.3155|0.0314||1.56|4|1.23|29
GME211210P00255000||||40.40|40.40|30|0.00|0.0000|0|5|0|0|-0.9999|0.0000|-0.0559|0.0004|0.0001||88.20|18|83.90|13
GME211210C00260000|1.79|1.79|1.20|1.73|1.35|31|-0.38|-0.2197|38|974|1|18|0.0526|0.0026|0.0018|-0.2752|0.0273||1.48|17|1.16|42
GME211210P00260000||||69.85|69.85|31|0.00|0.0000|0|22|0|0|-0.9922|0.0008|-0.0567|-0.0373|0.0055||92.95|14|88.80|15
GME211210C00270000|1.31|1.31|1.15|1.60|1.26|32|-0.34|-0.2125|-27|193|1|33|0.0462|0.0022|0.0016|-0.2607|0.0245||1.36|23|1.06|39
GME211210P00270000||||75.18|75.18|32|0.00|0.0000|0|14|0|0|-0.9685|0.0018|-0.0581|-0.1729|0.0180||102.70|13|98.35|7
GME211210C00280000|1.00|1.15|1.00|1.40|1.05|33|-0.35|-0.2500|16|242|1|11|0.0414|0.0020|0.0014|-0.2487|0.0226||1.20|17|1.02|21
GME211210P00280000||||84.53|84.53|33|0.00|0.0000|0|1|0|0|-0.9756|0.0014|-0.0605|-0.1428|0.0146||112.70|13|108.35|14
GME211210C00290000|1.16|1.16|0.93|1.25|1.02|34|-0.23|-0.1840|21|171|1|8|0.0347|0.0017|0.0012|-0.2218|0.0194||1.11|13|0.90|24
GME211210P00290000||||82.25|82.25|34|0.00|0.0000|0|7|0|0|-0.9991|0.0001|-0.0635|-0.0047|0.0008||122.70|16|118.35|20
GME211210C00300000|1.20|1.20|0.80|1.11|0.95|35|-0.16|-0.1441|43|919|1|198|0.0316|0.0015|0.0011|-0.2129|0.0181||1.00|51|0.95|10
GME211210P00300000||||76.00|76.00|35|0.00|0.0000|0|14|0|0|-0.9999|0.0000|-0.0657|0.0004|0.0001||132.70|15|128.25|17
GME211210C00310000|0.84|0.90|0.76|0.95|0.90|36|-0.05|-0.0526|108|264|1|5|0.0267|0.0013|0.0009|-0.1889|0.0158||0.96|9|0.84|4
GME211210P00310000||||83.61|83.61|36|0.00|0.0000|0|4|0|0|-0.9998|0.0000|-0.0679|-0.0001|0.0002||142.70|12|138.15|4
GME211210C00320000||||0.93|0.93|37|0.00|0.0000|2|276|0|0|0.0255|0.0012|0.0009|-0.1892|0.0152||0.96|52|0.75|24
GME211210P00320000||||89.47|89.47|37|0.00|0.0000|0|3|0|0|-0.9525|0.0017|-0.3942|-0.0615|0.0604||152.70|7|148.05|3
GME211210C00330000||||0.72|0.72|38|0.00|0.0000|-17|246|0|0|0.0267|0.0012|0.0010|-0.1846|0.0167||0.85|17|0.75|2
GME211210P00330000||||||38||||0|0|0|-1.0000|0.0000|-0.0723|0.0011|0.0000||162.70|7|158.05|12
GME211210C00340000|0.75|0.78|0.66|0.75|0.78|39|0.03|0.0400|-1|87|10|37|0.0271|0.0011|0.0010|-0.1952|0.0169||0.85|58|0.70|6
GME211210P00340000||||||39||||0|0|0|-1.0000|0.0000|-0.0745|0.0011|0.0000||172.70|6|168.00|12
GME211210C00350000|0.49|0.78|0.49|0.69|0.70|40|0.01|0.0145|49|437|10|85|0.0376|0.0013|0.0012|-0.3190|0.0209||0.68|2|0.67|9
GME211210P00350000||||||40||||0|0|0|-1.0000|0.0000|-0.0767|0.0011|0.0000||182.70|6|178.00|4
GME211210C00360000|0.55|0.62|0.55|0.61|0.62|41|0.01|0.0164|-2|85|1|3|0.0342|0.0012|0.0011|-0.3003|0.0193||0.68|15|0.52|28
GME211210P00360000||||||41||||0|0|0|-1.0000|0.0000|-0.4536|0.0012|0.0000||192.70|8|188.00|4
GME211210C00370000|0.50|0.55|0.50|0.75|0.55|42|-0.20|-0.2667|0|21|5|8|0.0180|0.0008|0.0006|-0.1612|0.0112||0.68|43|0.52|34
GME211210P00370000||||||42||||0|0|0|-1.0000|0.0000|-0.0811|0.0012|0.0000||202.70|13|198.00|12
GME211210C00380000|0.54|0.54|0.54|0.54|0.54|43|0.00|0.0000|-1|50|1|1|0.0131|0.0006|0.0004|-0.1202|0.0085||0.68|69|0.52|1
GME211210P00380000||||||43||||0|0|0|-1.0000|0.0000|-0.0833|0.0012|0.0000||212.70|12|206.10|15
GME211210C00390000|0.40|0.58|0.40|0.49|0.52|44|0.03|0.0612|5|52|8|15|0.0120|0.0005|0.0004|-0.1136|0.0080||0.65|48|0.44|37
GME211210P00390000||||||44||||0|0|0|-1.0000|0.0000|-0.4914|0.0013|0.0000||222.70|12|216.10|13
GME211210C00400000|0.40|0.70|0.37|0.45|0.56|45|0.11|0.2444|-6|420|1|148|0.0109|0.0005|0.0004|-0.1059|0.0073||0.52|13|0.45|3
GME211210P00400000||||||45||||0|0|0|-1.0000|0.0000|-0.0877|0.0013|0.0000||232.95|12|226.10|27
GME211210C00410000|0.34|0.50|0.34|0.44|0.40|46|-0.04|-0.0909|7|59|1|5|0.0105|0.0005|0.0004|-0.1049|0.0071||0.49|10|0.31|20
GME211210P00410000||||||46||||0|0|0|-1.0000|0.0000|-0.1011|0.0013|0.0000||242.90|12|236.10|21
GME211210C00420000|0.31|0.55|0.31|0.40|0.55|47|0.15|0.3750|2|171|1|3|0.0096|0.0004|0.0003|-0.0985|0.0066||0.49|41|0.31|12
GME211210P00420000||||||47||||0|0|0|-1.0000|0.0000|-0.0921|0.0014|0.0000||252.80|12|246.10|19
GME211210C00430000|0.41|0.41|0.41|0.40|0.41|48|0.01|0.0250|262|304|1|1|0.0095|0.0004|0.0003|-0.0993|0.0065||0.49|14|0.26|15
GME211210P00430000||||||48||||0|0|0|-1.0000|0.0000|-0.5418|0.0014|0.0000||262.80|13|256.10|6
GME211210C00440000|0.23|0.45|0.23|0.36|0.45|49|0.09|0.2500|34|67|1|2|0.0082|0.0004|0.0003|-0.0871|0.0056||0.49|34|0.25|15
GME211210P00440000||||||49||||0|0|0|-1.0000|0.0000|-0.0964|0.0014|0.0000||272.75|3|266.10|6
GME211210C00450000|0.38|0.38|0.38|0.37|0.38|50|0.01|0.0270|190|288|1|1|0.0198|0.0007|0.0006|-0.2188|0.0122||0.36|2|0.25|7
GME211210P00450000||||||50||||0|0|0|-1.0000|0.0000|-0.0986|0.0015|0.0000||282.65|12|275.60|30
GME211210C00460000|0.33|0.41|0.31|0.27|0.31|51|0.04|0.1481|0|18|2|25|0.0097|0.0004|0.0004|-0.0965|0.0070||0.36|1|0.25|9
GME211210P00460000||||||51||||0|0|0|-1.0000|0.0000|-0.1008|0.0015|0.0000||292.60|12|285.60|30
GME211210C00470000|0.39|0.39|0.39|0.22|0.39|52|0.17|0.7727|7|22|1|1|0.0081|0.0003|0.0003|-0.0816|0.0060||0.46|14|0.25|1
GME211210P00470000||||||52||||0|0|0|-1.0000|0.0000|-0.5922|0.0015|0.0000||302.55|12|295.60|31
GME211210C00480000|0.26|0.36|0.26|0.25|0.26|53|0.01|0.0400|1|33|2|4|0.0056|0.0002|0.0002|-0.0646|0.0041||0.46|38|0.25|1
GME211210P00480000||||||53||||0|0|0|-1.0000|0.0000|-0.1052|0.0016|0.0000||312.50|12|305.60|30
GME211210C00490000|0.47|0.47|0.47|0.24|0.47|54|0.23|0.9583|2|93|2|2|0.0085|0.0003|0.0003|-0.0897|0.0063||0.46|41|0.25|9
GME211210P00490000||||||54||||0|0|0|-1.0000|0.0000|-0.1074|0.0016|0.0000||322.45|12|315.60|35
GME211210C00500000|0.33|0.40|0.22|0.26|0.29|55|0.03|0.1154|-6|850|1|279|0.0174|0.0005|0.0006|-0.2110|0.0109||0.30|1|0.25|6
GME211210P00500000||||||55||||0|0|0|-1.0000|0.0000|-0.1096|0.0016|0.0000||332.40|12|325.60|20
GME211210C00510000|0.27|0.43|0.18|0.18|0.24|56|0.06|0.3333|1|2026|4|226|0.0039|0.0002|0.0001|-0.0470|0.0029||0.29|10|0.25|2
GME211210P00510000||||||56||||0|0|0|-1.0000|0.0000|-0.1118|0.0017|0.0000||342.35|12|335.60|10
GME211217C00080000||||94.56|94.56|18|0.00|0.0000|1|2|0|0|0.9316|0.0012|0.0279|-0.4669|0.0474||93.60|6|88.65|42
GME211217P00080000|0.50|0.72|0.50|0.35|0.72|18|0.37|1.0571|1|350|50|55|-0.0791|0.0012|-0.0288|-0.1747|0.0965||0.85|16|0.65|12
GME211217C00085000||||95.85|95.85|17|0.00|0.0000|0|1|0|0|0.9630|0.0010|0.0339|-0.1953|0.0290||89.30|5|83.70|40
GME211217P00085000|0.50|0.58|0.40|0.43|0.58|17|0.15|0.3488|-1|121|1|8|-0.0183|0.0007|-0.0015|-0.0952|0.0156||0.96|67|0.30|168
GME211217C00090000||||137.00|137.00|16|0.00|0.0000|0|4|0|0|0.8976|0.0006|0.0113|-1.7535|0.0642||83.75|7|78.80|39
GME211217P00090000|0.62|0.62|0.62|0.53|0.62|16|0.09|0.1698|2|68|8|8|-0.0208|0.0008|-0.0017|-0.0993|0.0174||1.04|64|0.57|120
GME211217C00100000||||79.69|79.69|15|0.00|0.0000|1|50|0|0|0.9980|0.0002|0.0409|-0.0073|0.0022||75.00|6|69.45|12
GME211217P00100000|0.71|1.23|0.68|0.76|1.20|15|0.44|0.5789|-205|664|10|369|-0.0023|0.0002|-0.0002|-0.0080|0.0025||1.36|77|1.01|46
GME211217C00105000||||66.05|66.05|14|0.00|0.0000|0|1|0|0|0.9958|0.0004|0.0428|-0.0139|0.0043||70.20|4|64.40|12
GME211217P00105000|1.00|1.00|0.85|0.86|0.95|14|0.09|0.1047|51|140|1|7|-0.0041|0.0004|-0.0003|-0.0134|0.0042||1.82|81|0.95|198
GME211217C00110000||||73.25|73.25|13|0.00|0.0000|0|1|0|0|0.9937|0.0006|0.0447|-0.0192|0.0062||65.40|7|59.45|13
GME211217P00110000|0.35|1.50|0.35|1.02|1.48|13|0.46|0.4510|-21|354|1|34|-0.0091|0.0007|-0.0007|-0.0258|0.0088||1.64|22|1.31|53
GME211217C00115000||||112.11|112.11|12|0.00|0.0000|0|2|0|0|0.9897|0.0009|0.0465|-0.0285|0.0095||60.70|10|54.75|13
GME211217P00115000|1.17|1.87|1.15|1.21|1.87|12|0.66|0.5455|14|162|2|13|-0.0137|0.0011|-0.0010|-0.0377|0.0122||1.90|26|1.59|41
GME211217C00120000||||64.15|64.15|11|0.00|0.0000|0|51|0|0|0.8928|0.0032|0.1425|-0.1004|0.1209||56.05|10|50.20|14
GME211217P00120000|1.56|1.81|1.56|1.39|1.81|11|0.42|0.3022|5|158|1|3|-0.0217|0.0016|-0.0016|-0.0552|0.0181||2.40|66|1.85|75
GME211217C00125000||||79.68|79.68|10|0.00|0.0000|0|35|0|0|0.8664|0.0037|0.1415|-0.1187|0.1412||50.75|14|46.00|41
GME211217P00125000|2.35|2.35|1.80|1.88|2.15|10|0.27|0.1436|2|207|2|5|-0.0406|0.0026|-0.0033|-0.0902|0.0314||2.72|58|2.27|62
GME211217C00130000||||55.70|55.70|9|0.00|0.0000|0|10|0|0|0.9519|0.0033|0.0498|-0.1025|0.0349||45.60|13|41.65|28
GME211217P00130000|2.09|3.05|2.05|2.21|3.05|9|0.84|0.3801|11|206|4|24|-0.0538|0.0034|-0.0041|-0.1158|0.0381||3.35|63|2.83|66
GME211217C00135000||||90.47|90.47|8|0.00|0.0000|0|3|0|0|0.9260|0.0046|0.0498|-0.1442|0.0489||41.35|14|37.40|45
GME211217P00135000|3.25|3.95|3.25|2.72|3.85|8|1.13|0.4154|9|149|1|22|-0.0799|0.0047|-0.0061|-0.1553|0.0517||4.05|52|3.60|28
GME211217C00140000|39.35|39.35|34.60|44.07|34.60|7|-9.47|-0.2149|2|148|1|2|0.8959|0.0060|0.0495|-0.1831|0.0630||37.30|17|33.25|81
GME211217P00140000|3.32|4.58|3.32|3.50|4.58|7|1.08|0.3086|264|813|1|19|-0.1199|0.0062|-0.0099|-0.2022|0.0718||5.20|90|4.05|152
GME211217C00145000||||96.94|96.94|6|0.00|0.0000|0|57|0|0|0.8467|0.0078|0.0477|-0.2402|0.0821||33.35|50|29.70|55
GME211217P00145000|5.49|5.49|5.49|4.02|5.49|6|1.47|0.3657|23|234|1|1|-0.1608|0.0077|-0.0125|-0.2569|0.0847||6.55|82|5.25|142
GME211217C00150000|32.04|32.04|29.50|35.91|29.50|5|-6.41|-0.1785|0|71|1|8|0.7958|0.0093|0.0457|-0.2899|0.0984||29.75|48|27.80|9
GME211217P00150000|4.30|7.45|4.15|5.05|7.45|5|2.40|0.4752|223|1842|1|67|-0.2044|0.0090|-0.0161|-0.2982|0.0987||8.00|82|6.90|51
GME211217C00155000|28.00|28.00|24.50|30.10|24.50|4|-5.60|-0.1860|1|12|1|3|0.7506|0.0104|0.0440|-0.3242|0.1107||26.25|26|23.15|67
GME211217P00155000|5.75|9.20|5.75|6.54|9.15|4|2.61|0.3991|0|308|1|150|-0.2623|0.0101|-0.0222|-0.3292|0.1171||9.90|97|8.30|130
GME211217C00160000|26.47|26.47|21.08|29.27|21.15|3|-8.12|-0.2774|-1|96|19|34|0.6916|0.0116|0.0412|-0.3570|0.1228||23.10|14|20.25|68
GME211217P00160000|7.30|11.40|7.30|7.75|11.40|3|3.65|0.4710|390|1040|1|57|-0.3200|0.0111|-0.0274|-0.3614|0.1285||12.00|81|10.55|56
GME211217C00165000||||24.60|24.60|2|0.00|0.0000|0|82|0|0|0.6270|0.0123|0.0378|-0.3895|0.1320||20.55|44|17.70|70
GME211217P00165000|8.93|13.40|8.93|9.77|13.40|2|3.63|0.3715|3|310|1|8|-0.3744|0.0120|-0.0302|-0.3998|0.1322||14.55|109|12.75|74
GME211217C00170000|19.90|19.90|16.00|23.22|16.18|1|-7.04|-0.3032|0|117|1|28|0.5804|0.0067|0.1098|-0.2166|0.2559||18.05|55|15.45|103
GME211217P00170000|11.88|16.35|11.70|11.75|16.35|1|4.60|0.3915|-17|1066|1|22|-0.4421|0.0123|-0.0361|-0.4206|0.1374||16.60|60|15.30|13
GME211217C00175000|17.40|17.40|14.05|20.50|14.24|1|-6.26|-0.3054|-5|183|1|41|0.4987|0.0129|0.0307|-0.4125|0.1392||15.50|46|13.05|138
GME211217P00175000|13.36|19.20|13.36|14.33|19.01|1|4.68|0.3266|17|720|1|271|-0.4991|0.0125|-0.0412|-0.4248|0.1392||19.60|70|17.70|76
GME211217C00180000|14.00|14.45|11.96|17.98|12.70|2|-5.28|-0.2937|-23|442|1|13|0.4371|0.0127|0.0272|-0.4090|0.1374||13.85|109|11.50|102
GME211217P00180000|15.88|22.00|15.88|17.10|21.60|2|4.50|0.2632|12|1074|1|33|-0.5604|0.0120|-0.0500|-0.4044|0.1417||23.10|82|20.25|72
GME211217C00185000|15.60|15.60|10.40|15.00|11.07|3|-3.93|-0.2620|2|270|1|9|0.3792|0.0122|0.0237|-0.3969|0.1327||11.95|92|10.00|102
GME211217P00185000|22.25|24.46|22.25|19.25|24.46|3|5.21|0.2706|-14|255|1|3|-0.6172|0.0120|-0.0521|-0.4051|0.1331||26.80|70|23.40|86
GME211217C00187500|14.08|14.08|14.08|15.87|14.08|4|-1.79|-0.1128|0|39|1|1|0.5207|0.0049|0.0918|-0.3052|0.2609||11.25|74|9.20|55
GME211217P00187500||||19.77|19.77|4|0.00|0.0000|1|116|0|0|-0.7433|0.0152|-0.0602|-0.2269|0.1121||28.60|70|25.20|42
GME211217C00190000|13.45|13.45|8.80|13.83|9.45|5|-4.38|-0.3167|15|254|1|27|0.3216|0.0114|0.0202|-0.3753|0.1247||9.90|20|9.05|59
GME211217P00190000|20.42|29.00|20.42|22.61|28.20|5|5.59|0.2472|-4|446|2|20|-0.6682|0.0113|-0.0572|-0.3896|0.1266||30.30|70|27.15|54
GME211217C00192500|11.38|11.95|8.61|12.50|8.80|6|-3.70|-0.2960|2|30|3|7|0.3527|0.0093|0.0214|-0.4929|0.1293||9.50|62|8.30|74
GME211217P00192500||||24.00|24.00|6|0.00|0.0000|-1|111|0|0|-0.6462|0.0093|-0.0576|-0.4953|0.1294||32.30|67|28.85|49
GME211217C00195000|11.07|11.07|7.75|11.09|8.15|7|-2.94|-0.2651|-1|147|1|51|0.2753|0.0105|0.0174|-0.3533|0.1162||8.65|12|8.00|1
GME211217P00195000|27.94|30.80|27.94|25.45|30.80|7|5.35|0.2102|50|473|9|76|-0.7149|0.0105|-0.0621|-0.3672|0.1184||34.35|66|30.80|64
GME211217C00197500|9.62|9.62|7.50|10.80|7.50|8|-3.30|-0.3056|3|41|1|15|0.3163|0.0089|0.0194|-0.4736|0.1241||8.35|61|7.30|55
GME211217P00197500|32.65|32.65|32.65|27.65|32.65|8|5.00|0.1808|0|93|1|1|-0.5341|0.0052|-0.2017|-0.2885|0.2603||36.35|52|32.75|39
GME211217C00200000|9.90|9.90|6.70|10.05|6.95|9|-3.10|-0.3085|902|2001|2|359|0.2356|0.0096|0.0150|-0.3304|0.1071||7.60|14|6.70|92
GME211217P00200000|32.40|34.56|32.40|29.20|34.56|9|5.36|0.1836|-2|1919|1|7|-0.7579|0.0095|-0.0669|-0.3427|0.1087||38.30|51|34.80|59
GME211217C00202500|7.85|7.85|7.50|9.79|7.50|10|-2.29|-0.2339|18|36|3|4|0.2872|0.0083|0.0176|-0.4673|0.1189||7.25|17|6.05|97
GME211217P00202500|34.54|34.54|34.54|30.45|34.54|10|4.09|0.1343|1|117|1|1|-0.7267|0.0084|-0.0664|-0.4373|0.1158||40.30|48|36.85|34
GME211217C00205000|9.80|9.80|6.20|8.75|6.47|11|-2.28|-0.2606|-4|53|3|21|0.2608|0.0081|0.0161|-0.4353|0.1131||7.25|91|5.70|120
GME211217P00205000|36.55|38.79|36.55|33.98|38.79|11|4.81|0.1416|0|165|1|3|-0.7154|0.0078|-0.0670|-0.4939|0.1181||42.40|36|39.15|15
GME211217C00207500||||8.90|8.90|12|0.00|0.0000|4|32|0|0|0.4299|0.0049|0.0788|-0.2943|0.2572||7.10|99|5.40|94
GME211217P00207500||||21.30|21.30|12|0.00|0.0000|0|181|0|0|-0.9931|0.0015|-0.0848|-0.0078|0.0067||45.00|51|41.10|46
GME211217C00210000|5.92|6.80|5.45|7.50|5.63|13|-1.87|-0.2493|-30|815|1|26|0.1666|0.0077|0.0107|-0.2689|0.0871||6.00|11|5.15|121
GME211217P00210000|45.16|45.16|45.16|36.95|45.16|13|8.21|0.2222|-11|215|10|20|-0.8281|0.0078|-0.0753|-0.2786|0.0889||47.05|53|43.25|51
GME211217C00212500|5.95|6.20|5.95|6.50|6.20|14|-0.30|-0.0462|0|22|1|3|0.2077|0.0073|0.0130|-0.3735|0.0999||5.95|59|4.85|71
GME211217P00212500||||42.25|42.25|14|0.00|0.0000|0|59|0|0|-0.5422|0.0042|-0.2299|-0.3557|0.2598||49.20|48|45.60|14
GME211217C00215000|6.25|6.25|4.40|6.90|5.20|15|-1.70|-0.2464|4|97|1|12|0.2120|0.0070|0.0132|-0.4022|0.1011||5.60|16|4.65|90
GME211217P00215000|49.03|49.03|48.60|42.25|48.60|15|6.35|0.1503|2|101|1|4|-0.5764|0.0045|-0.2362|-0.3192|0.2564||51.35|53|47.70|32
GME211217C00217500||||7.20|7.20|16|0.00|0.0000|1|39|0|0|0.2081|0.0066|0.0128|-0.4167|0.0995||5.60|94|4.45|57
GME211217P00217500||||47.80|47.80|16|0.00|0.0000|0|23|0|0|-0.5355|0.0038|-0.2386|-0.3878|0.2602||53.65|44|50.05|20
GME211217C00220000|5.35|5.49|4.20|6.50|4.75|17|-1.75|-0.2692|1|1903|1|17|0.1146|0.0059|0.0074|-0.2104|0.0675||5.30|86|4.35|65
GME211217P00220000|54.10|54.10|54.10|46.55|54.10|17|7.55|0.1622|1|446|10|20|-0.8806|0.0060|-0.0827|-0.2212|0.0694||55.95|36|52.35|14
GME211217C00222500||||6.60|6.60|18|0.00|0.0000|2|69|0|0|0.1937|0.0061|0.0119|-0.4098|0.0956||4.80|17|4.20|40
GME211217P00222500||||49.15|49.15|18|0.00|0.0000|11|21|0|0|-0.7792|0.0061|-0.0781|-0.4822|0.1032||58.40|32|54.70|13
GME211217C00225000|4.75|4.75|4.30|5.80|4.35|19|-1.45|-0.2500|-7|98|1|5|0.1721|0.0058|0.0106|-0.3709|0.0885||4.80|78|4.00|45
GME211217P00225000||||49.64|49.64|19|0.00|0.0000|-1|30|0|0|-0.8174|0.0059|-0.0812|-0.3948|0.0921||60.75|23|56.00|50
GME211217C00227500||||5.60|5.60|20|0.00|0.0000|0|8|0|0|0.1708|0.0057|0.0106|-0.3763|0.0885||4.60|61|3.65|83
GME211217P00227500||||51.86|51.86|20|0.00|0.0000|0|60|0|0|-0.8148|0.0057|-0.0876|-0.3903|0.0960||63.20|23|58.25|52
GME211217C00230000|6.00|6.00|3.83|5.09|3.83|21|-1.26|-0.2475|11|442|1|37|0.0820|0.0045|0.0053|-0.1693|0.0528||4.30|43|3.65|57
GME211217P00230000||||54.21|54.21|21|0.00|0.0000|1|64|0|0|-0.9079|0.0047|-0.0945|-0.1804|0.0594||66.00|21|60.55|15
GME211217C00232500|4.35|4.35|4.35|4.45|4.35|22|-0.10|-0.0225|0|80|1|1|0.1394|0.0052|0.0087|-0.3187|0.0772||4.20|16|3.35|72
GME211217P00232500||||53.30|53.30|22|0.00|0.0000|0|19|0|0|-0.9031|0.0047|-0.0893|-0.2098|0.0598||67.80|22|62.95|20
GME211217C00235000|4.25|4.25|4.25|5.14|4.25|23|-0.89|-0.1732|0|74|1|1|0.1545|0.0051|0.0096|-0.3690|0.0830||4.00|18|3.25|65
GME211217P00235000||||54.70|54.70|23|0.00|0.0000|0|60|0|0|-0.7468|0.0051|-0.2897|-0.1905|0.2095||70.20|22|65.25|47
GME211217C00240000|3.80|3.80|3.21|4.35|3.39|24|-0.96|-0.2207|48|356|5|23|0.0522|0.0032|0.0034|-0.1195|0.0370||3.65|13|3.05|99
GME211217P00240000||||65.50|65.50|24|0.00|0.0000|0|54|0|0|-0.9391|0.0035|-0.0947|-0.1387|0.0420||75.60|36|70.80|26
GME211217C00245000|3.25|3.25|3.17|3.98|3.17|25|-0.81|-0.2035|143|230|1|2|0.3310|0.0041|0.0610|-0.3009|0.2375||3.45|13|3.05|22
GME211217P00245000||||71.40|71.40|25|0.00|0.0000|-2|47|0|0|-0.8026|0.0047|-0.0891|-0.5509|0.0966||80.05|19|75.80|16
GME211217C00250000|4.20|4.20|2.88|3.70|3.00|26|-0.70|-0.1892|-24|1145|1|93|0.0379|0.0024|0.0025|-0.0943|0.0288||3.25|15|2.94|19
GME211217P00250000|84.85|84.85|84.85|73.53|84.85|26|11.32|0.1540|0|56|1|1|-0.9588|0.0025|-0.1000|-0.1021|0.0308||84.80|33|80.40|27
GME211217C00255000|2.84|2.85|2.84|3.60|2.85|27|-0.75|-0.2083|0|355|1|2|0.1073|0.0038|0.0066|-0.3023|0.0643||3.10|23|2.60|83
GME211217P00255000||||39.75|39.75|27|0.00|0.0000|0|5|0|0|-0.9998|0.0000|-0.1048|0.0005|0.0002||89.80|34|85.40|14
GME211217C00260000|2.55|2.55|2.55|3.40|2.55|28|-0.85|-0.2500|3|519|1|1|0.0257|0.0017|0.0017|-0.0691|0.0209||3.05|14|2.59|41
GME211217P00260000|90.26|90.26|90.26|78.20|90.26|28|12.06|0.1542|0|21|1|1|-0.9725|0.0018|-0.1050|-0.0735|0.0220||94.65|20|90.30|13
GME211217C00270000|2.41|2.41|2.41|2.82|2.41|29|-0.41|-0.1454|34|575|1|1|0.0180|0.0013|0.0012|-0.0521|0.0154||2.71|12|2.23|114
GME211217P00270000||||65.35|65.35|29|0.00|0.0000|0|49|0|0|-0.9758|0.0015|-0.1167|-0.0654|0.0204||104.65|37|99.95|14
GME211217C00280000|2.50|2.50|2.32|2.63|2.32|30|-0.31|-0.1179|-3|2029|1|2|0.1508|0.0034|0.0311|-0.1504|0.1532||2.56|15|2.23|34
GME211217P00280000||||91.00|91.00|30|0.00|0.0000|0|10|0|0|-0.9857|0.0010|-0.1141|-0.0437|0.0126||114.65|26|109.70|5
GME211217C00290000|2.00|2.00|2.00|2.57|2.00|31|-0.57|-0.2218|1|523|1|1|0.1376|0.0032|0.0284|-0.1443|0.1440||2.53|76|2.10|24
GME211217P00290000||||68.50|68.50|31|0.00|0.0000|0|25|0|0|-0.9877|0.0008|-0.1184|-0.0395|0.0111||124.65|28|119.25|7
GME211217C00300000|2.05|2.20|1.84|2.15|2.00|32|-0.15|-0.0698|560|5707|5|78|0.1247|0.0029|0.0257|-0.1368|0.1346||2.18|11|2.00|24
GME211217P00300000|126.50|126.50|126.50|125.00|126.50|32|1.50|0.0120|0|20|1|1|-0.9896|0.0007|-0.1308|-0.0330|0.0099||133.80|8|129.10|5
GME211217C00310000|1.80|1.80|1.80|2.03|1.80|33|-0.23|-0.1133|-2|367|1|1|0.0051|0.0004|0.0003|-0.0186|0.0051||2.05|19|1.67|90
GME211217P00310000||||102.75|102.75|33|0.00|0.0000|0|3|0|0|-0.8789|0.0027|-0.4252|-0.1382|0.1318||143.80|10|138.95|7
GME211217C00320000|1.78|1.78|1.78|1.73|1.78|34|0.05|0.0289|41|448|3|3|0.0040|0.0003|0.0003|-0.0153|0.0041||2.00|59|1.67|39
GME211217P00320000||||96.00|96.00|34|0.00|0.0000|0|17|0|0|-0.9951|0.0004|-0.1312|-0.0176|0.0049||153.60|7|148.80|7
GME211217C00330000||||1.75|1.75|35|0.00|0.0000|0|213|0|0|0.0961|0.0023|0.0199|-0.1187|0.1116||1.74|1|1.56|44
GME211217P00330000||||159.50|159.50|35|0.00|0.0000|0|3|0|0|-0.9961|0.0003|-0.1354|-0.0143|0.0040||163.60|10|158.80|5
GME211217C00340000|1.51|1.51|1.51|1.60|1.51|36|-0.09|-0.0563|0|232|1|1|0.0024|0.0002|0.0002|-0.0100|0.0026||1.73|56|1.35|104
GME211217P00340000||||126.85|126.85|36|0.00|0.0000|0|7|0|0|-0.9970|0.0002|-0.1395|-0.0112|0.0032||173.60|10|168.70|20
GME211217C00350000|1.50|1.51|1.30|1.40|1.45|37|0.05|0.0357|23|1013|1|30|0.0027|0.0002|0.0002|-0.0109|0.0030||1.56|18|1.35|38
GME211217P00350000||||133.85|133.85|37|0.00|0.0000|0|4|0|0|-0.9976|0.0002|-0.1437|-0.0092|0.0026||183.60|16|178.60|14
GME211217C00360000|1.30|1.39|1.25|1.37|1.39|38|0.02|0.0146|-4|304|1|11|0.0017|0.0001|0.0001|-0.0076|0.0019||1.56|92|1.24|54
GME211217P00360000||||||38|||0|0|0|0|-0.9979|0.0002|-0.1478|-0.0082|0.0023||193.60|12|188.50|18
GME211217C00370000|1.24|1.35|1.24|1.45|1.30|39|-0.15|-0.1034|0|447|2|9|0.0020|0.0001|0.0001|-0.0088|0.0023||1.56|96|1.25|8
GME211217P00370000||||172.65|172.65|39|0.00|0.0000|0|3|0|0|-0.9976|0.0002|-0.1620|-0.0091|0.0027||203.60|15|198.45|13
GME211217C00380000||||1.20|1.20|40|0.00|0.0000|-1|168|0|0|0.0012|0.0001|0.0001|-0.0058|0.0014||1.39|53|1.20|4
GME211217P00380000||||165.60|165.60|40|0.00|0.0000|0|17|0|0|-0.9985|0.0001|-0.1561|-0.0057|0.0017||213.40|9|208.30|11
GME211217C00390000|1.18|1.18|1.18|1.18|1.18|41|0.00|0.0000|1|193|1|1|0.0011|0.0001|0.0001|-0.0055|0.0013||1.18|7|1.10|11
GME211217P00390000||||||41|||0|0|0|0|-0.9987|0.0001|-0.1602|-0.0049|0.0015||223.40|4|218.30|12
GME211217C00400000|1.12|1.12|0.90|1.08|1.00|42|-0.08|-0.0741|19|1185|1|39|0.0009|0.0001|0.0001|-0.0046|0.0011||1.13|11|1.00|15
GME211217P00400000||||198.90|198.90|42|0.00|0.0000|0|3|0|0|-0.9988|0.0001|-0.1643|-0.0046|0.0014||233.40|6|228.30|12
GME211217C00410000|0.90|1.00|0.90|1.00|0.99|43|-0.01|-0.0100|1|205|1|26|0.0007|0.0001|0.0000|-0.0037|0.0009||1.08|17|0.95|20
GME211217P00410000||||190.90|190.90|43|0.00|0.0000|0|3|0|0|-0.9990|0.0001|-0.1684|-0.0040|0.0012||243.35|8|238.30|12
GME211217C00420000|1.00|1.00|1.00|0.95|1.00|44|0.05|0.0526|3|542|5|10|0.0007|0.0000|0.0000|-0.0035|0.0008||1.00|12|0.91|2
GME211217P00420000||||189.85|189.85|44|0.00|0.0000|0|16|0|0|-0.9995|0.0000|-0.1726|-0.0014|0.0007||254.15|5|248.30|3
GME211217C00430000|0.99|0.99|0.97|0.97|0.97|45|0.00|0.0000|0|208|1|11|0.0005|0.0000|0.0000|-0.0030|0.0007||1.00|33|0.69|33
GME211217P00430000||||244.20|244.20|45|0.00|0.0000|0|0|0|0|-0.9420|0.0013|-0.6124|-0.0932|0.0760||264.15|1|255.90|30
GME211217C00440000||||1.15|1.15|46|0.00|0.0000|0|472|0|0|0.0005|0.0000|0.0000|-0.0027|0.0006||1.00|29|0.61|77
GME211217P00440000||||||46|||0|0|0|0|-0.9996|0.0000|-0.1808|-0.0006|0.0005||274.15|1|265.90|21
GME211217C00450000|0.60|0.75|0.60|0.79|0.75|47|-0.04|-0.0506|2|686|2|6|0.0004|0.0000|0.0000|-0.0021|0.0005||0.97|7|0.61|69
GME211217P00450000||||||47|||0|0|0|0|-0.9997|0.0000|-0.1849|-0.0004|0.0004||284.35|10|275.85|54
GME211217C00460000|0.74|0.74|0.74|0.76|0.74|48|-0.02|-0.0263|2|1138|17|17|0.0004|0.0000|0.0000|-0.0022|0.0005||0.97|31|0.60|13
GME211217P00460000||||261.60|261.60|48|0.00|0.0000|0|5|0|0|-0.9493|0.0012|-0.6575|-0.0862|0.0683||294.30|10|285.85|21
GME211217C00470000|0.65|0.65|0.65|0.78|0.65|49|-0.13|-0.1667|1|190|2|2|0.0201|0.0006|0.0012|-0.1233|0.0170||0.97|37|0.54|26
GME211217P00470000||||||49||||0|0|0|-1.0000|0.0000|-0.1931|0.0016|0.0000||303.95|1|295.85|30
GME211217C00480000||||0.60|0.60|50|0.00|0.0000|16|240|0|0|0.0154|0.0005|0.0009|-0.0956|0.0134||0.97|37|0.52|15
GME211217P00480000||||264.21|264.21|50|0.00|0.0000|0|7|0|0|-0.9852|0.0005|-0.1963|-0.0906|0.0130||313.90|1|305.85|30
GME211217C00490000|0.66|0.66|0.52|0.52|0.66|51|0.14|0.2692|8|105|1|5|0.0138|0.0005|0.0008|-0.0876|0.0123||0.87|16|0.54|1
GME211217P00490000||||274.04|274.04|51|0.00|0.0000|0|7|0|0|-0.9865|0.0005|-0.2005|-0.0840|0.0120||324.10|10|315.85|30
GME211217C00500000|0.70|0.70|0.60|0.50|0.60|52|0.10|0.2000|-47|2441|3|6|0.0130|0.0004|0.0008|-0.0840|0.0117||0.87|36|0.50|12
GME211217P00500000||||290.05|290.05|52|0.00|0.0000|0|7|0|0|-0.7754|0.0020|-0.6897|-0.4303|0.1962||333.80|1|325.85|30
GME211217C00510000|0.61|0.62|0.42|0.53|0.60|53|0.07|0.1321|25|1391|1|143|0.0138|0.0005|0.0008|-0.0903|0.0123||0.60|10|0.54|1
GME211217P00510000||||277.97|277.97|53|0.00|0.0000|0|0|0|0|-0.9962|0.0002|-0.2093|-0.0228|0.0039||343.75|1|335.85|22
GME211223C00100000||||80.77|80.77|11|0.00|0.0000|0|14|0|0|0.8725|0.0018|0.0390|-0.5755|0.0859||74.50|4|70.00|11
GME211223P00100000|1.13|1.13|1.01|0.88|1.01|11|0.13|0.1477|8|124|3|14|-0.0341|0.0014|-0.0039|-0.1005|0.0311||1.64|47|1.20|8
GME211223C00110000||||||10||||0|0|0|1.0000|0.0000|0.0633|-0.0004|0.0000||65.80|6|59.85|13
GME211223P00110000|1.52|1.71|1.43|1.33|1.71|10|0.38|0.2857|9|37|1|16|-0.0541|0.0021|-0.0061|-0.1386|0.0453||2.08|13|1.69|11
GME211223C00120000||||103.35|103.35|9|0.00|0.0000|0|1|0|0|0.8334|0.0010|0.0220|-1.4673|0.1028||55.80|7|50.80|14
GME211223P00120000||||1.15|1.15|9|0.00|0.0000|0|25|0|0|-0.0536|0.0026|-0.0062|-0.1020|0.0459||2.92|8|1.83|31
GME211223C00130000||||||8||||0|0|0|1.0000|0.0000|0.0784|-0.0005|0.0000||47.95|12|42.10|11
GME211223P00130000||||2.69|2.69|8|0.00|0.0000|70|142|0|0|-0.1234|0.0043|-0.0141|-0.2295|0.0842||4.35|8|3.00|49
GME211223C00140000||||||7||||0|0|0|1.0000|0.0000|0.0805|-0.0005|0.0000||39.05|8|34.15|18
GME211223P00140000||||4.40|4.40|7|0.00|0.0000|2|42|0|0|-0.1850|0.0057|-0.0214|-0.2964|0.1102||6.50|7|4.75|32
GME211223C00145000||||||6||||0|0|0|1.0000|0.0000|0.0834|-0.0005|0.0000||35.30|8|30.30|29
GME211223P00145000||||||6||||0|0|0|0.0000|0.0000|0.0000|0.0000|0.0000||7.90|10|5.95|30
GME211223C00150000||||55.90|55.90|5|0.00|0.0000|0|4|0|0|0.6997|0.0034|0.0429|-0.7979|0.1466||31.20|4|26.80|23
GME211223P00150000|6.60|7.50|6.60|6.07|7.50|5|1.43|0.2356|-6|200|1|2|-0.2583|0.0072|-0.0316|-0.3283|0.1362||9.65|51|7.45|68
GME211223C00155000|29.20|29.20|29.20|57.05|29.20|4|-27.85|-0.4882|0|10|1|1|0.6850|0.0033|0.0392|-0.9215|0.1466||27.95|5|23.95|34
GME211223P00155000|9.85|9.85|9.85|9.30|9.85|4|0.55|0.0591|16|127|8|8|-0.3099|0.0070|-0.0391|-0.4013|0.1487||11.30|9|9.30|43
GME211223C00160000|23.28|23.31|23.28|53.80|23.31|3|-30.49|-0.5667|0|12|1|2|0.6656|0.0034|0.0404|-0.8994|0.1534||25.15|26|21.20|25
GME211223P00160000|11.83|12.40|11.83|9.45|12.10|3|2.65|0.2804|1|62|1|20|-0.3405|0.0083|-0.0404|-0.3872|0.1513||13.55|36|11.45|23
GME211223C00165000|20.45|20.45|20.45|20.45|20.45|2|0.00|0.0000|0|0|1|1|0.6067|0.0084|0.0476|-0.4205|0.1579||21.50|5|19.65|17
GME211223P00165000||||11.60|11.60|2|0.00|0.0000|0|21|0|0|-0.3888|0.0085|-0.0467|-0.4096|0.1578||16.00|10|13.90|6
GME211223C00170000|18.25|19.95|18.00|25.94|18.00|1|-7.94|-0.3061|0|15|1|11|0.5689|0.0083|0.0449|-0.4437|0.1618||19.50|4|17.20|13
GME211223P00170000|16.83|17.67|16.05|14.35|17.65|1|3.30|0.2300|0|33|1|30|-0.4319|0.0085|-0.0528|-0.4345|0.1619||18.75|30|16.40|22
GME211223C00175000|23.00|23.00|16.00|19.00|17.45|1|-1.55|-0.0816|0|3|1|18|0.5118|0.0108|0.0429|-0.3520|0.1646||17.55|12|15.15|25
GME211223P00175000|16.28|20.69|16.28|15.02|20.69|1|5.67|0.3775|-6|48|1|8|-0.4866|0.0094|-0.0588|-0.4005|0.1637||20.75|1|19.25|10
