symbol|open|high|low|preClose|close|activeLevel|change|changeRatio|openIntChange|openInterest|latestPriceVol|volume|delta|gamma|rho|theta|vega|tradeStamptradeTime|ask|avol|bid|bvol
GME211203C00100000||||83.51|83.51|10|0.00|0.0000|-1|9|0|0|0.9774|0.0010|0.0026|-1.3841|0.0049||74.60|12|70.10|36
GME211203P00100000|0.04|0.05|0.01|0.06|0.01|10|-0.05|-0.8333|21|534|1|194|-0.0031|0.0003|0.0000|-0.1714|0.0009||0.03|2|0.00|0
GME211203C00110000||||135.99|135.99|9|0.00|0.0000|0|1|0|0|0.8727|0.0023|0.0022|-9.3922|0.0190||64.80|12|60.45|13
GME211203P00110000|0.08|0.08|0.08|0.11|0.08|9|-0.03|-0.2727|27|199|9|37|-0.0065|0.0006|0.0000|-0.3039|0.0017||0.11|25|0.01|1
GME211203C00120000||||||8||||0|0|0|1.0000|0.0000|0.0033|-0.0004|0.0000||55.10|12|50.30|27
GME211203P00120000|0.04|0.11|0.04|0.19|0.04|8|-0.15|-0.7895|165|546|1|44|-0.0068|0.0007|0.0000|-0.2528|0.0017||0.12|22|0.01|18
GME211203C00130000||||65.44|65.44|7|0.00|0.0000|0|1|0|0|0.8249|0.0038|0.0025|-8.7754|0.0234||45.50|16|40.20|12
GME211203P00130000|0.14|0.18|0.09|0.29|0.12|7|-0.17|-0.5862|7|983|3|42|-0.0069|0.0009|0.0000|-0.2001|0.0017||0.15|1|0.10|23
GME211203C00140000|32.50|32.50|32.50|55.33|32.50|6|-22.83|-0.4126|0|6|4|4|0.7545|0.0038|0.0045|-6.5427|0.0404||35.60|14|29.85|12
GME211203P00140000|0.15|0.38|0.01|0.30|0.23|6|-0.07|-0.2333|17|1168|1|299|-0.0123|0.0019|-0.0001|-0.2701|0.0029||0.29|5|0.20|15
GME211203C00150000|23.50|24.00|21.00|44.80|24.00|5|-20.80|-0.4643|0|6|1|42|0.7448|0.0065|0.0027|-7.8910|0.0292||25.10|31|20.60|14
GME211203P00150000|0.20|0.59|0.20|0.65|0.33|5|-0.32|-0.4923|149|1347|1|290|-0.0454|0.0062|-0.0002|-0.7353|0.0087||0.46|19|0.34|29
GME211203C00155000||||27.75|27.75|4|0.00|0.0000|0|5|0|0|0.8976|0.0111|0.0037|-1.4400|0.0162||20.40|30|15.40|23
GME211203P00155000|0.39|0.70|0.33|0.68|0.43|4|-0.25|-0.3676|-29|963|10|99|-0.0656|0.0095|-0.0003|-0.8550|0.0116||0.60|44|0.38|47
GME211203C00160000|23.77|23.77|23.77|23.00|23.77|3|0.77|0.0335|2|117|3|3|0.8446|0.0164|0.0036|-1.7410|0.0217||15.50|37|10.50|72
GME211203P00160000|1.14|1.24|0.35|0.68|0.68|3|0.00|0.0000|108|548|1|743|-0.3429|0.0053|-0.0854|-0.3296|0.2086||0.81|5|0.57|25
GME211203C00165000|15.40|15.40|6.20|32.50|6.80|2|-25.70|-0.7908|0|31|1|109|0.6299|0.0090|0.0024|-7.9187|0.0343||9.45|27|7.85|1
GME211203P00165000|0.62|2.20|0.40|1.20|1.15|2|-0.05|-0.0417|41|824|1|757|-0.1949|0.0255|-0.0010|-1.4894|0.0251||1.38|3|0.98|37
GME211203C00170000|6.30|6.30|3.10|13.35|4.65|1|-8.70|-0.6517|13|63|1|562|0.6516|0.0352|0.0029|-1.9402|0.0336||4.90|2|3.85|15
GME211203P00170000|1.42|4.00|0.80|1.87|2.01|1|0.14|0.0749|480|1414|4|1217|-0.3468|0.0368|-0.0017|-1.8493|0.0335||2.67|1|1.98|80
GME211203C00175000|7.05|7.05|1.40|9.00|1.95|1|-7.05|-0.7833|6|123|1|1577|0.4495|0.0438|0.0021|-1.7891|0.0360||2.12|16|1.70|1
GME211203P00175000|1.75|7.00|1.50|2.73|4.30|1|1.57|0.5751|485|968|1|592|-0.5516|0.0444|-0.0027|-1.7628|0.0359||5.70|11|4.25|42
GME211203C00177500|4.12|4.12|0.85|8.24|0.99|2|-7.25|-0.8799|34|41|1|995|0.3704|0.0356|0.0017|-2.0047|0.0343||1.50|29|0.94|41
GME211203P00177500|2.70|8.95|2.20|3.58|6.85|2|3.27|0.9134|267|466|1|461|-0.4643|0.0072|-0.1119|-0.2805|0.2255||8.05|39|4.70|75
GME211203C00180000|4.60|5.00|0.54|5.75|0.76|3|-4.99|-0.8678|33|766|2|638|0.2444|0.0359|0.0011|-1.3733|0.0285||0.93|27|0.60|41
GME211203P00180000|5.29|11.50|2.63|4.40|9.68|3|5.28|1.2000|-355|1413|3|174|-0.7654|0.0366|-0.0038|-1.2872|0.0279||9.40|1|8.15|14
GME211203C00182500|3.75|3.90|0.42|4.40|0.51|4|-3.89|-0.8841|61|146|1|135|0.2486|0.0261|0.0023|-0.9610|0.0407||0.59|27|0.42|16
GME211203P00182500|7.75|13.03|3.89|5.41|11.95|4|6.54|1.2089|-45|252|16|55|-0.8563|0.0284|-0.0043|-0.9030|0.0206||12.40|16|8.95|27
GME211203C00185000|2.43|3.10|0.25|3.22|0.42|5|-2.80|-0.8696|314|795|2|1085|0.0997|0.0210|0.0005|-0.7309|0.0159||0.46|25|0.30|24
GME211203P00185000|9.16|15.95|4.90|7.21|13.00|5|5.79|0.8031|-47|541|1|86|-0.8935|0.0214|-0.0046|-0.7889|0.0167||14.40|1|11.60|26
GME211203C00187500|2.00|2.16|0.25|2.40|0.37|6|-2.03|-0.8458|-120|610|1|95|0.0584|0.0139|0.0003|-0.4891|0.0106||0.55|91|0.26|6
GME211203P00187500|7.14|17.61|7.14|8.59|15.61|6|7.02|0.8172|-33|442|1|14|-0.9467|0.0133|-0.0049|-0.4420|0.0099||17.35|18|13.25|70
GME211203C00190000|1.42|1.60|0.21|1.70|0.27|7|-1.43|-0.8412|-141|637|1|510|0.0315|0.0085|0.0001|-0.2942|0.0064||0.35|18|0.21|5
GME211203P00190000|11.26|20.31|8.25|11.17|18.00|7|6.83|0.6115|-67|766|1|95|-0.5332|0.0066|-0.1355|-0.3086|0.2256||19.75|9|16.50|26
GME211203C00192500|1.00|1.09|0.20|1.27|0.25|8|-1.02|-0.8031|-248|254|1|371|0.0728|0.0115|0.0007|-0.4162|0.0178||0.29|23|0.18|14
GME211203P00192500|10.85|24.24|10.85|12.49|24.24|8|11.75|0.9408|-8|265|3|18|-0.9811|0.0054|-0.0052|-0.1961|0.0042||23.10|32|18.75|65
GME211203C00195000|1.09|1.09|0.13|1.07|0.19|9|-0.88|-0.8224|-71|526|4|291|0.0142|0.0040|0.0001|-0.1633|0.0033||0.25|15|0.17|5
GME211203P00195000|15.20|24.67|12.95|14.76|23.00|9|8.24|0.5583|-69|557|1|20|-0.5759|0.0069|-0.1454|-0.2846|0.2223||25.25|27|21.05|122
GME211203C00197500|0.35|0.35|0.15|0.89|0.23|10|-0.66|-0.7416|-133|357|1|35|0.0099|0.0028|0.0000|-0.1249|0.0024||0.31|42|0.13|31
GME211203P00197500|17.15|26.97|15.00|17.43|25.98|10|8.55|0.4905|-4|198|5|47|-0.9816|0.0043|-0.0053|-0.2372|0.0041||27.95|15|23.00|137
GME211203C00200000|0.65|0.74|0.14|0.68|0.14|11|-0.54|-0.7941|599|1650|11|633|0.0060|0.0018|0.0000|-0.0827|0.0016||0.15|11|0.12|1
GME211203P00200000|18.50|29.61|18.50|19.88|28.02|11|8.14|0.4095|-271|727|1|18|-0.9827|0.0037|-0.0054|-0.2441|0.0039||30.00|24|26.20|27
GME211203C00202500|0.30|0.51|0.12|0.50|0.14|12|-0.36|-0.7200|164|445|1|22|0.3969|0.0063|0.0584|-0.3020|0.2188||0.20|23|0.10|21
GME211203P00202500|21.15|31.85|21.15|21.93|31.85|12|9.92|0.4523|-30|154|1|3|-0.5735|0.0057|-0.1559|-0.3482|0.2226||32.95|21|28.00|95
GME211203C00205000|0.88|0.88|0.10|0.55|0.12|13|-0.43|-0.7818|-141|693|1|89|0.0041|0.0011|0.0000|-0.0653|0.0011||0.14|7|0.09|10
GME211203P00205000|26.93|34.70|26.93|24.98|34.70|13|9.72|0.3891|-135|349|39|49|-0.5371|0.0047|-0.1578|-0.4333|0.2254||35.20|35|30.40|134
GME211203C00207500|0.15|0.15|0.11|0.55|0.13|14|-0.42|-0.7636|148|548|2|18|0.4127|0.0054|0.0581|-0.3605|0.2210||0.12|11|0.08|8
GME211203P00207500|38.35|38.35|36.84|25.68|36.84|14|11.16|0.4346|-2|33|1|6|-0.8612|0.0083|-0.0051|-2.9362|0.0201||37.50|20|32.55|88
GME211203C00210000|0.33|0.39|0.08|0.46|0.08|15|-0.38|-0.8261|73|1012|2|462|0.0029|0.0008|0.0000|-0.0531|0.0008||0.09|3|0.07|12
GME211203P00210000|28.88|40.95|28.55|29.77|39.05|15|9.28|0.3117|-51|334|1|15|-0.9854|0.0025|-0.0057|-0.2738|0.0034||40.00|22|36.20|24
GME211203C00212500|0.22|0.22|0.09|0.48|0.11|16|-0.37|-0.7708|47|344|11|31|0.0031|0.0008|0.0000|-0.0602|0.0009||0.10|11|0.06|18
GME211203P00212500|37.02|41.83|37.02|33.40|41.55|16|8.15|0.2440|0|67|1|6|-0.9645|0.0041|-0.0057|-0.7374|0.0071||42.80|19|38.45|115
GME211203C00215000|0.17|0.23|0.08|0.37|0.12|17|-0.25|-0.6757|0|792|1|76|0.0020|0.0005|0.0000|-0.0394|0.0006||0.10|5|0.08|78
GME211203P00215000|35.00|45.70|35.00|31.97|43.83|17|11.86|0.3710|-11|215|1|14|-0.9437|0.0050|-0.0056|-1.2728|0.0103||45.40|25|40.00|144
GME211203C00217500|0.16|0.16|0.07|0.38|0.07|18|-0.31|-0.8158|-3|180|1|108|0.0021|0.0005|0.0000|-0.0439|0.0006||0.08|4|0.05|18
GME211203P00217500|46.36|48.06|46.36|38.35|48.06|18|9.71|0.2532|-2|72|3|13|-0.9677|0.0035|-0.0058|-0.7415|0.0066||47.70|26|42.75|129
GME211203C00220000|0.17|0.20|0.05|0.36|0.07|19|-0.29|-0.8056|32|1410|2|175|0.0018|0.0004|0.0000|-0.0400|0.0005||0.08|2|0.06|3
GME211203P00220000|49.15|50.41|48.50|40.13|48.50|19|8.37|0.2086|-18|195|1|7|-0.9812|0.0024|-0.0059|-0.4413|0.0042||49.85|20|46.20|13
GME211203C00222500|0.09|0.09|0.07|0.37|0.07|20|-0.30|-0.8108|4|185|1|3|0.4177|0.0043|0.0550|-0.4576|0.2216||0.07|8|0.05|3
GME211203P00222500|44.57|44.57|44.57|45.85|44.57|20|-1.28|-0.0279|-6|45|1|1|-0.9245|0.0050|-0.0058|-2.0182|0.0129||52.70|20|47.60|63
GME211203C00225000|0.20|0.20|0.05|0.30|0.07|21|-0.23|-0.7667|-60|596|1|46|0.5012|0.0032|0.0567|-0.6420|0.2264||0.07|7|0.05|1
GME211203P00225000|42.95|53.85|42.95|45.20|53.43|21|8.23|0.1821|0|125|2|13|-0.9811|0.0022|-0.0061|-0.4845|0.0042||55.00|18|50.75|80
GME211203C00227500|0.14|0.14|0.04|0.50|0.08|22|-0.42|-0.8400|16|113|1|4|0.0600|0.0042|0.0005|-0.8530|0.0153||0.07|8|0.06|1
GME211203P00227500|55.10|55.10|55.10|45.48|55.10|22|9.62|0.2115|0|26|1|1|-0.9869|0.0016|-0.0062|-0.3467|0.0031||57.20|14|52.60|94
GME211203C00230000|0.24|0.24|0.03|0.24|0.08|23|-0.16|-0.6667|-39|888|1|70|0.0008|0.0002|0.0000|-0.0217|0.0003||0.08|10|0.04|6
GME211203P00230000|47.00|47.00|47.00|49.84|47.00|23|-2.84|-0.0570|-4|63|1|1|-0.9871|0.0016|-0.0062|-0.3530|0.0030||60.00|12|55.10|104
GME211203C00232500||||0.25|0.25|24|0.00|0.0000|-7|86|0|0|0.5764|0.0023|0.0535|-0.8551|0.2222||0.07|6|0.03|11
GME211203P00232500||||52.32|52.32|24|0.00|0.0000|-1|33|0|0|-0.9387|0.0039|-0.0122|-0.9389|0.0156||62.45|12|57.65|62
GME211203C00235000|0.56|0.56|0.02|0.25|0.04|25|-0.21|-0.8400|-14|317|1|8|0.0065|0.0009|0.0000|-0.1890|0.0017||0.07|10|0.03|5
GME211203P00235000|53.48|64.17|53.48|53.95|64.17|25|10.22|0.1894|-31|340|1|22|-0.9972|0.0005|-0.0064|-0.0804|0.0008||64.85|12|60.15|80
GME211203C00237500|0.13|0.13|0.02|0.27|0.02|26|-0.25|-0.9259|-1|114|1|8|0.0063|0.0008|0.0000|-0.1895|0.0016||0.07|13|0.02|22
GME211203P00237500|55.98|66.67|55.98|56.45|66.67|26|10.22|0.1810|-22|262|1|22|-0.9972|0.0004|-0.0065|-0.0822|0.0008||67.35|12|62.70|116
GME211203C00240000|0.20|0.20|0.04|0.27|0.04|27|-0.23|-0.8519|64|656|1|16|0.0115|0.0013|0.0001|-0.3599|0.0027||0.05|3|0.04|7
GME211203P00240000|69.64|69.64|69.63|60.48|69.63|27|9.15|0.1513|-6|95|3|4|-0.9801|0.0018|-0.0065|-0.6363|0.0044||69.85|12|65.20|76
GME211203C00245000|0.05|0.06|0.01|0.23|0.02|28|-0.21|-0.9130|-115|299|1|31|0.0122|0.0012|0.0001|-0.4087|0.0029||0.04|1|0.02|14
GME211203P00245000|66.88|66.88|66.88|60.55|66.88|28|6.33|0.1045|-1|67|1|1|-0.6312|0.0039|-0.2132|-0.4694|0.2141||74.85|12|70.30|69
GME211203C00250000|0.06|0.12|0.02|0.14|0.02|29|-0.12|-0.8571|1181|4523|2|230|0.5184|0.0025|0.0524|-0.7995|0.2262||0.03|1|0.02|11
GME211203P00250000|75.53|75.81|75.53|70.43|75.81|29|5.38|0.0764|0|123|1|3|-0.9824|0.0015|-0.0068|-0.6269|0.0039||79.65|12|75.35|80
GME211203C00260000|0.05|0.05|0.01|0.15|0.03|30|-0.12|-0.8000|-5|709|1|59|0.0062|0.0006|0.0000|-0.2392|0.0016||0.05|5|0.01|15
GME211203P00260000|88.15|88.15|88.15|75.00|88.15|30|13.15|0.1753|0|6|1|1|-0.9988|0.0002|-0.0071|-0.0436|0.0004||90.35|12|85.85|13
GME211203C00270000|0.04|0.06|0.02|0.02|0.03|31|0.01|0.5000|20|607|1|14|0.0057|0.0006|0.0000|-0.2381|0.0015||0.04|1|0.01|6
GME211203P00270000|99.66|99.66|99.66|86.50|99.66|31|13.16|0.1521|0|21|3|4|-0.9995|0.0001|-0.0074|-0.0187|0.0002||99.80|6|95.50|62
GME211203C00280000|0.08|0.08|0.01|0.07|0.04|32|-0.03|-0.4286|46|618|1|11|0.0067|0.0006|0.0000|-0.3014|0.0017||0.05|10|0.01|5
GME211203P00280000||||95.00|95.00|32|0.00|0.0000|0|10|0|0|-0.9990|0.0001|-0.0077|-0.0452|0.0003||109.95|12|105.55|27
GME211203C00290000|0.04|0.04|0.01|0.09|0.01|33|-0.08|-0.8889|-7|495|10|11|0.0063|0.0005|0.0000|-0.3057|0.0016||0.05|1|0.01|5
GME211203P00290000||||||33||||0|0|0|-1.0000|0.0000|-0.0079|0.0009|0.0000||119.95|7|115.60|6
GME211203C00300000|0.06|0.06|0.01|0.07|0.01|34|-0.06|-0.8571|-116|2079|1|91|0.0020|0.0002|0.0000|-0.1004|0.0006||0.03|2|0.01|13
GME211203P00300000||||111.10|111.10|34|0.00|0.0000|0|2|0|0|-0.9960|0.0003|-0.0164|-0.1002|0.0015||129.95|12|125.60|3
GME211203C00310000|0.04|0.05|0.01|0.08|0.05|35|-0.03|-0.3750|-1|343|2|32|0.0064|0.0005|0.0000|-0.3506|0.0016||0.07|14|0.01|9
GME211203P00310000||||71.90|71.90|35|0.00|0.0000|0|4|0|0|-0.8881|0.0027|-0.3139|-0.1720|0.1080||139.95|12|135.60|3
GME211203C00320000|0.04|0.04|0.02|0.04|0.02|36|-0.02|-0.5000|-1|388|2|3|0.0000|0.0000|0.0000|-0.0012|0.0000||0.02|1|0.01|1
GME211203P00320000||||||36||||0|0|0|-1.0000|0.0000|-0.0175|0.0010|0.0000||149.95|7|145.60|6
GME211203C00330000||||0.06|0.06|37|0.00|0.0000|2|350|0|0|0.0067|0.0004|0.0000|-0.3999|0.0017||0.07|15|0.00|0
GME211203P00330000||||127.27|127.27|37|0.00|0.0000|-2|0|0|0|-1.0000|0.0000|-0.0090|0.0003|0.0000||159.90|12|155.65|3
GME211203C00340000|0.01|0.01|0.01|0.06|0.01|38|-0.05|-0.8333|4|139|1|2|0.0017|0.0001|0.0000|-0.1064|0.0005||0.04|2|0.00|0
GME211203P00340000||||134.20|134.20|38|0.00|0.0000|0|1|0|0|-0.9995|0.0001|-0.0186|-0.0149|0.0002||169.90|12|165.65|12
GME211203C00350000|0.01|0.03|0.01|0.04|0.01|39|-0.03|-0.7500|-10|1227|4|92|0.0014|0.0001|0.0000|-0.0877|0.0004||0.01|1|0.00|0
GME211203P00350000||||136.35|136.35|39|0.00|0.0000|-1|2|0|0|-1.0000|0.0000|-0.0096|0.0010|0.0000||179.90|12|175.65|3
GME211203C00360000|0.01|0.02|0.01|0.09|0.01|40|-0.08|-0.8889|0|159|1|3|0.0014|0.0001|0.0000|-0.0963|0.0004||0.02|1|0.00|0
GME211203P00360000||||||40||||0|0|0|-1.0000|0.0000|-0.0099|0.0011|0.0000||189.90|12|185.65|12
GME211203C00370000||||0.02|0.02|41|0.00|0.0000|-1|87|0|0|0.0024|0.0002|0.0000|-0.1684|0.0007||0.02|1|0.00|0
GME211203P00370000||||136.05|136.05|41|0.00|0.0000|0|1|0|0|-1.0000|0.0000|-0.0101|0.0011|0.0000||199.90|16|195.65|3
GME211203C00380000|0.01|0.01|0.01|0.04|0.01|42|-0.03|-0.7500|-1|100|6|20|0.0040|0.0002|0.0000|-0.2906|0.0011||0.02|10|0.00|0
GME211203P00380000||||170.35|170.35|42|0.00|0.0000|0|0|0|0|-1.0000|0.0000|-0.0104|0.0007|0.0000||209.90|11|205.65|5
GME211203C00390000|0.04|0.04|0.04|0.02|0.04|43|0.02|1.0000|-2|89|1|1|0.6742|0.0012|0.0369|-1.4448|0.2045||0.04|2|0.00|0
GME211203P00390000|216.55|216.55|216.55|216.55|216.55|43|0.00|0.0000|0|0|1|1|-1.0000|0.0000|-0.0107|0.0012|0.0000||219.85|12|215.65|12
GME211203C00400000|0.01|0.01|0.01|0.02|0.01|44|-0.01|-0.5000|-4|2445|1|17|0.0279|0.0009|0.0001|-2.1985|0.0058||0.01|2|0.00|0
GME211203P00400000||||215.38|215.38|44|0.00|0.0000|0|0|0|0|-0.6890|0.0023|-0.3917|-0.6987|0.2005||229.90|12|225.65|12
GME211203C00410000||||0.03|0.03|45|0.00|0.0000|3|1058|0|0|0.6779|0.0011|0.0360|-1.4781|0.2035||0.01|8|0.00|0
GME211203P00410000||||||45||||0|0|0|-1.0000|0.0000|-0.4380|0.0013|0.0000||239.90|12|235.65|12
GME211203C00420000|0.01|0.01|0.01|0.01|0.01|46|0.00|0.0000|3|234|2|2|0.0012|0.0001|0.0000|-0.0956|0.0004||0.01|1|0.00|0
GME211203P00420000||||||46||||0|0|0|-1.0000|0.0000|-0.0115|0.0013|0.0000||249.90|12|245.65|3
GME211203C00430000||||0.03|0.03|47|0.00|0.0000|0|70|0|0|0.0028|0.0002|0.0000|-0.2303|0.0008||0.02|100|0.00|0
GME211203P00430000||||||47||||0|0|0|-1.0000|0.0000|-0.0118|0.0013|0.0000||260.50|4|255.65|12
GME211203C00440000||||0.08|0.08|48|0.00|0.0000|1|71|0|0|0.0072|0.0003|0.0000|-0.6139|0.0018||0.02|100|0.00|0
GME211203P00440000||||||48||||0|0|0|-1.0000|0.0000|-0.0121|0.0014|0.0000||270.90|13|265.20|27
GME211203C00450000|0.01|0.01|0.01|0.01|0.01|49|0.00|0.0000|4|487|2|4|0.6593|0.0011|0.0360|-1.5104|0.2081||0.01|100|0.00|0
GME211203P00450000||||||49||||0|0|0|-1.0000|0.0000|-0.0123|0.0014|0.0000||280.15|4|275.65|3
GME211203C00460000||||0.01|0.01|50|0.00|0.0000|4|63|0|0|0.0011|0.0001|0.0000|-0.0947|0.0003||0.01|100|0.00|0
GME211203P00460000||||||50||||0|0|0|-1.0000|0.0000|-0.0126|0.0014|0.0000||290.50|4|285.65|5
GME211203C00470000||||0.01|0.01|51|0.00|0.0000|9|200|0|0|0.0010|0.0001|0.0000|-0.0923|0.0003||0.01|100|0.00|0
GME211203P00470000||||||51||||0|0|0|-1.0000|0.0000|-0.0258|0.0014|0.0000||300.90|13|295.20|27
GME211203C00480000||||0.06|0.06|52|0.00|0.0000|0|91|0|0|0.0044|0.0002|0.0000|-0.4087|0.0012||0.01|100|0.00|0
GME211203P00480000||||||52||||0|0|0|-1.0000|0.0000|-0.0132|0.0015|0.0000||310.90|12|305.20|27
GME211203C00490000|0.01|0.01|0.01|0.06|0.01|53|-0.05|-0.8333|0|250|1|10|0.6834|0.0010|0.0338|-1.5807|0.2020||0.01|100|0.00|0
GME211203P00490000||||||53||||0|0|0|-1.0000|0.0000|-0.0134|0.0015|0.0000||320.90|12|315.20|27
GME211203C00500000|0.01|0.02|0.01|0.03|0.02|54|-0.01|-0.3333|9|1379|20|37|0.0016|0.0001|0.0000|-0.1558|0.0005||0.02|300|0.00|0
GME211203P00500000||||||54||||0|0|0|-1.0000|0.0000|-0.0274|0.0015|0.0000||330.50|12|325.20|27
GME211203C00510000|0.01|0.01|0.01|0.02|0.01|55|-0.01|-0.5000|121|5819|4|102|0.0026|0.0001|0.0000|-0.2565|0.0007||0.01|94|0.00|0
GME211203P00510000||||||55||||0|0|0|-1.0000|0.0000|-0.0140|0.0016|0.0000||340.50|4|335.20|27
GME211210C00100000||||86.01|86.01|11|0.00|0.0000|0|1|0|0|0.8551|0.0011|0.0565|-0.5108|0.1404||75.15|3|71.05|12
GME211210P00100000|0.55|0.98|0.50|0.48|0.94|11|0.46|0.9583|29|239|1|146|-0.0208|0.0010|-0.0009|-0.1583|0.0129||0.98|1|0.70|68
GME211210C00110000||||76.13|76.13|10|0.00|0.0000|0|2|0|0|0.8396|0.0019|0.0146|-1.9126|0.0626||65.55|4|61.45|6
GME211210P00110000|0.58|1.22|0.54|0.60|1.22|10|0.62|1.0333|9|215|5|91|-0.0297|0.0015|-0.0013|-0.1901|0.0173||1.46|42|0.85|58
GME211210C00120000|56.97|56.97|56.97|76.03|56.97|9|-19.06|-0.2507|0|1|1|1|0.8616|0.0030|0.0197|-1.0095|0.0568||56.00|13|51.90|14
GME211210P00120000|0.97|1.61|0.75|1.00|1.45|9|0.45|0.4500|167|263|1|495|-0.0500|0.0025|-0.0021|-0.2713|0.0265||1.64|10|1.42|18
GME211210C00130000||||||8||||0|0|0|1.0000|0.0000|0.0285|-0.0004|0.0000||46.70|13|42.40|14
GME211210P00130000|1.50|2.25|1.28|1.45|2.08|8|0.63|0.4345|0|431|1|485|-0.0904|0.0040|-0.0043|-0.3729|0.0444||2.29|7|2.05|1
GME211210C00140000|36.10|36.10|36.10|56.44|36.10|7|-20.34|-0.3604|0|29|2|4|0.7560|0.0038|0.0180|-1.6066|0.0807||37.75|14|33.60|31
GME211210P00140000|1.89|3.50|1.89|2.18|3.50|7|1.32|0.6055|142|441|1|76|-0.1255|0.0058|-0.0053|-0.4615|0.0531||3.50|15|3.05|21
GME211210C00145000|30.25|30.25|30.25|30.25|30.25|6|0.00|0.0000||0|1|1|0.8169|0.0067|0.0238|-0.6566|0.0682||33.55|35|29.55|35
GME211210P00145000|2.92|4.50|2.92|2.80|4.09|6|1.29|0.4607||15|1|39|-0.1593|0.0070|-0.0068|-0.5288|0.0624||4.35|14|3.90|41
GME211210C00150000|30.00|31.00|25.20|34.20|25.20|5|-9.00|-0.2632|1|20|2|6|0.8174|0.0085|0.0252|-0.5152|0.0681||29.60|46|25.65|36
GME211210P00150000|3.30|6.05|3.30|3.50|5.21|5|1.71|0.4886|240|460|1|469|-0.1979|0.0082|-0.0084|-0.5871|0.0715||5.60|13|4.90|35
GME211210C00155000|25.10|25.10|23.00|58.70|23.00|4|-35.70|-0.6082|0|45|1|2|0.6903|0.0032|0.0151|-2.4390|0.0906||25.90|44|21.75|36
GME211210P00155000|4.27|6.90|4.27|4.65|6.40|4|1.75|0.3763|49|244|1|31|-0.2478|0.0094|-0.0106|-0.6658|0.0813||7.10|42|6.40|1
GME211210C00160000|25.52|25.52|18.78|29.75|18.78|3|-10.97|-0.3687|0|204|1|14|0.6754|0.0084|0.0204|-0.9622|0.0925||21.75|41|18.40|56
GME211210P00160000|5.47|9.10|5.47|5.80|8.30|3|2.50|0.4310|55|441|1|156|-0.2984|0.0105|-0.0129|-0.7138|0.0892||8.30|1|7.70|56
GME211210C00165000|21.90|21.90|18.92|21.75|18.92|2|-2.83|-0.1301|1|3|3|5|0.6542|0.0132|0.0214|-0.6451|0.0948||19.05|23|15.35|21
GME211210P00165000|7.22|11.25|7.22|7.35|10.00|2|2.65|0.3605|42|362|5|147|-0.3674|0.0048|-0.1133|-0.3204|0.2322||10.50|2|9.25|109
GME211210C00170000|17.07|17.07|12.81|20.20|14.10|1|-6.10|-0.3020|5|21|3|61|0.6070|0.0049|0.0921|-0.3256|0.2370||16.10|47|13.50|35
GME211210P00170000|8.15|13.47|8.15|9.07|12.50|1|3.43|0.3782|81|441|1|183|-0.4182|0.0121|-0.0183|-0.7856|0.1004||13.25|28|11.90|56
GME211210C00175000|17.95|17.95|11.00|17.18|12.05|1|-5.13|-0.2986|48|73|1|92|0.5197|0.0124|0.0171|-0.7997|0.1024||13.15|43|11.20|41
GME211210P00175000|10.83|16.50|9.85|10.95|14.80|1|3.85|0.3516|104|522|1|117|-0.4813|0.0126|-0.0212|-0.7844|0.1024||16.10|27|13.60|70
GME211210C00177500|11.55|11.60|10.00|15.85|11.05|2|-4.80|-0.3028||27|1|114|0.4892|0.0124|0.0162|-0.8002|0.1025||12.55|59|10.10|48
GME211210P00177500|10.66|17.25|10.66|12.55|16.60|2|4.05|0.3227||234|10|77|-0.4304|0.0050|-0.1359|-0.3322|0.2421||17.30|10|15.75|47
GME211210C00180000|15.00|16.00|8.78|14.20|11.00|3|-3.20|-0.2254|227|306|5|124|0.4572|0.0127|0.0153|-0.7736|0.1020||10.75|50|9.45|22
GME211210P00180000|13.51|19.40|11.89|13.30|18.40|3|5.10|0.3835|99|705|8|68|-0.5437|0.0127|-0.0242|-0.7756|0.1019||19.15|25|16.45|77
GME211210C00182500|11.05|11.05|8.10|13.40|8.10|4|-5.30|-0.3955||66|1|32|0.4293|0.0123|0.0143|-0.7864|0.1009||10.20|43|8.55|23
GME211210P00182500|13.50|21.30|13.50|15.15|19.90|4|4.75|0.3135||205|5|15|-0.5687|0.0121|-0.0256|-0.7980|0.1010||21.00|44|17.70|50
GME211210C00185000|12.65|12.65|7.20|12.66|8.25|5|-4.41|-0.3483|24|132|1|54|0.5349|0.0050|0.0832|-0.3407|0.2450||9.30|53|8.00|1
GME211210P00185000|15.65|21.60|13.50|16.25|21.00|5|4.75|0.2923|98|456|1|26|-0.5990|0.0121|-0.0271|-0.7695|0.0994||22.10|24|19.40|65
GME211210C00187500|11.40|11.40|6.76|11.44|7.17|6|-4.27|-0.3733|45|64|1|10|0.3753|0.0117|0.0126|-0.7695|0.0975||8.55|45|6.65|95
GME211210P00187500|23.89|24.95|23.89|17.83|24.95|6|7.12|0.3993|129|256|3|4|-0.6254|0.0118|-0.0285|-0.7612|0.0975||23.95|25|20.75|84
GME211210C00190000|11.00|11.00|6.05|10.60|7.10|7|-3.50|-0.3302|103|199|1|169|0.3505|0.0113|0.0118|-0.7585|0.0953||7.45|29|6.45|18
GME211210P00190000|19.20|26.50|18.05|19.55|24.55|7|5.00|0.2558|70|498|3|52|-0.6505|0.0114|-0.0299|-0.7534|0.0951||26.45|28|22.60|56
GME211210C00192500|10.00|10.00|5.75|10.00|5.88|8|-4.12|-0.4120|23|88|1|8|0.5031|0.0050|0.0788|-0.3479|0.2459||7.20|48|5.75|72
GME211210P00192500|20.34|20.34|20.34|21.35|20.34|8|-1.01|-0.0473|32|118|1|1|-0.4988|0.0050|-0.1638|-0.3436|0.2459||28.70|34|24.80|49
GME211210C00195000|8.25|9.15|5.10|8.91|5.75|9|-3.16|-0.3547|116|250|1|37|0.3020|0.0106|0.0102|-0.7166|0.0896||6.40|47|5.45|25
GME211210P00195000|22.27|30.00|22.27|22.88|29.20|9|6.32|0.2762|95|285|5|9|-0.6983|0.0106|-0.0325|-0.7151|0.0896||30.65|32|26.55|46
GME211210C00197500|7.69|7.69|4.85|8.26|5.15|10|-3.11|-0.3765|60|106|1|25|0.2826|0.0102|0.0096|-0.7019|0.0870||6.10|50|4.90|48
GME211210P00197500|24.10|24.10|24.10|24.48|24.10|10|-0.38|-0.0155|15|119|1|1|-0.7218|0.0103|-0.0338|-0.6843|0.0863||32.50|15|28.50|16
GME211210C00200000|7.56|7.56|4.05|7.25|5.05|11|-2.20|-0.3034|140|774|1|311|0.2551|0.0099|0.0087|-0.6529|0.0826||5.15|14|4.55|20
GME211210P00200000|24.90|33.83|24.90|26.33|32.53|11|6.20|0.2355|21|680|1|12|-0.7429|0.0098|-0.0351|-0.6621|0.0829||33.50|1|30.60|50
GME211210C00202500|6.70|6.70|4.11|8.00|4.95|12|-3.05|-0.3813|10|77|1|13|0.2617|0.0090|0.0088|-0.7327|0.0837||4.90|55|4.15|12
GME211210P00202500|32.05|34.10|32.05|27.95|33.56|12|5.61|0.2007|0|48|12|16|-0.7672|0.0094|-0.0364|-0.6194|0.0786||36.00|10|32.80|32
GME211210C00205000|6.00|6.00|3.71|5.85|4.00|13|-1.85|-0.3162|10|169|1|31|0.2110|0.0090|0.0073|-0.5815|0.0743||4.65|31|3.85|11
GME211210P00205000|31.96|38.30|31.96|30.85|38.30|13|7.45|0.2415|-1|176|1|2|-0.7480|0.0086|-0.0410|-0.6590|0.0870||38.50|24|34.90|15
GME211210C00207500|3.99|3.99|3.62|5.72|3.92|14|-1.80|-0.3147|10|78|1|12|0.2028|0.0085|0.0070|-0.5885|0.0726||4.25|23|3.50|61
GME211210P00207500|40.40|40.40|40.40|31.10|40.40|14|9.30|0.2990|2|20|1|1|-0.8195|0.0085|-0.0392|-0.5069|0.0676||41.00|16|37.05|12
GME211210C00210000|5.15|5.30|3.20|5.15|3.40|15|-1.75|-0.3398|27|336|1|143|0.1847|0.0080|0.0064|-0.5542|0.0685||4.00|35|3.30|43
GME211210P00210000|33.23|42.30|31.95|34.54|41.12|15|6.58|0.1905|7|112|1|6|-0.8016|0.0080|-0.0392|-0.6062|0.0716||43.20|15|39.05|12
GME211210C00212500|3.50|3.50|3.02|5.00|3.02|16|-1.98|-0.3960|-3|80|1|18|0.1769|0.0076|0.0061|-0.5549|0.0667||3.75|30|3.10|37
GME211210P00212500||||37.87|37.87|16|0.00|0.0000|-1|37|0|0|-0.7885|0.0075|-0.0394|-0.6953|0.0744||45.50|15|41.30|12
GME211210C00215000|4.05|4.05|2.80|4.43|3.15|17|-1.28|-0.2889|1|166|1|34|0.1592|0.0072|0.0055|-0.5137|0.0623||3.35|16|2.97|5
GME211210P00215000|48.00|48.00|48.00|37.79|48.00|17|10.21|0.2702|-2|32|1|1|-0.8494|0.0071|-0.0419|-0.4798|0.0601||47.75|23|43.55|24
GME211210C00217500|3.25|3.25|2.68|4.50|2.68|18|-1.82|-0.4044|0|30|1|7|0.1576|0.0068|0.0054|-0.5326|0.0619||3.15|15|2.78|5
GME211210P00217500|49.60|49.60|49.60|42.15|49.60|18|7.45|0.1767|2|27|10|10|-0.8105|0.0069|-0.0413|-0.6666|0.0696||50.10|22|46.00|30
GME211210C00220000|3.70|3.70|2.45|3.90|2.80|19|-1.10|-0.2821|12|413|1|62|0.1402|0.0064|0.0048|-0.4843|0.0573||2.91|14|2.60|9
GME211210P00220000|45.07|51.65|45.07|42.22|51.57|19|9.35|0.2215|1|156|2|7|-0.8685|0.0063|-0.0437|-0.4495|0.0548||52.45|23|48.50|27
GME211210C00222500|2.35|2.67|2.35|3.65|2.67|20|-0.98|-0.2685|25|88|1|6|0.3942|0.0046|0.0632|-0.3525|0.2372||2.86|34|2.43|46
GME211210P00222500|42.95|42.95|42.95|46.97|42.95|20|-4.02|-0.0856|-7|38|1|1|-0.8203|0.0063|-0.0427|-0.6804|0.0674||54.80|22|51.00|22
GME211210C00225000|3.10|3.10|2.15|3.45|2.50|21|-0.95|-0.2754|14|348|1|36|0.1226|0.0057|0.0042|-0.4520|0.0522||2.68|21|2.29|30
GME211210P00225000|51.00|58.60|51.00|47.35|55.30|21|7.95|0.1679|1|462|1|16|-0.8693|0.0058|-0.0448|-0.4855|0.0546||57.30|18|53.50|28
GME211210C00227500|2.74|2.74|2.10|3.35|2.10|22|-1.25|-0.3731|1|24|1|3|0.1185|0.0054|0.0041|-0.4510|0.0510||2.53|21|2.17|28
GME211210P00227500||||34.06|34.06|22|0.00|0.0000|0|35|0|0|-0.9985|0.0003|-0.0498|-0.0042|0.0013||59.75|4|55.15|16
GME211210C00230000|2.73|2.75|1.99|3.09|2.15|23|-0.94|-0.3042|2|395|2|135|0.1253|0.0053|0.0048|-0.4437|0.0562||2.39|11|2.10|12
GME211210P00230000||||41.51|41.51|23|0.00|0.0000|0|38|0|0|-0.6809|0.0050|-0.2353|-0.2790|0.2201||62.05|11|57.50|29
GME211210C00232500|2.40|2.58|1.99|2.69|1.99|24|-0.70|-0.2602|3|33|1|6|0.1407|0.0053|0.0048|-0.5903|0.0574||2.26|10|1.91|50
GME211210P00232500||||56.09|56.09|24|0.00|0.0000|-5|6|0|0|-0.8472|0.0054|-0.0458|-0.6479|0.0607||64.55|9|59.90|15
GME211210C00235000|2.43|2.46|1.92|2.78|2.03|25|-0.75|-0.2698|-4|898|2|16|0.3717|0.0042|0.0590|-0.3688|0.2331||2.11|16|1.89|21
GME211210P00235000|61.85|67.00|61.85|58.42|65.99|25|7.57|0.1296|-1|35|7|10|-0.8533|0.0052|-0.0466|-0.6392|0.0590||67.00|11|62.25|37
GME211210C00237500||||2.69|2.69|26|0.00|0.0000|1|19|0|0|0.1551|0.0050|0.0052|-0.7040|0.0613||2.38|39|1.50|85
GME211210P00237500|64.40|68.49|64.40|48.03|68.49|26|20.46|0.4260|0|25|7|8|-0.9553|0.0031|-0.0505|-0.1787|0.0242||69.30|18|64.60|29
GME211210C00240000|2.31|2.47|1.61|2.92|1.64|27|-1.28|-0.4384|-13|317|1|27|0.0980|0.0043|0.0034|-0.4314|0.0444||1.97|13|1.71|26
GME211210P00240000||||58.15|58.15|27|0.00|0.0000|1|34|0|0|-0.9371|0.0036|-0.0504|-0.2658|0.0318||71.50|4|67.00|16
GME211210C00245000|2.10|2.10|1.46|2.20|1.69|28|-0.51|-0.2318|-6|166|1|8|0.0763|0.0037|0.0026|-0.3478|0.0369||1.86|17|1.58|27
GME211210P00245000||||50.19|50.19|28|0.00|0.0000|0|23|0|0|-0.9963|0.0005|-0.0536|-0.0143|0.0028||76.40|13|71.80|15
GME211210C00250000|1.90|2.02|1.42|2.01|1.65|29|-0.36|-0.1791|110|2300|5|97|0.0693|0.0034|0.0024|-0.3299|0.0343||1.68|6|1.46|18
GME211210P00250000||||60.35|60.35|29|0.00|0.0000|0|15|0|0|-0.9916|0.0009|-0.0545|-0.0361|0.0059||81.30|13|76.60|6
GME211210C00255000|1.55|1.55|1.44|2.02|1.50|30|-0.52|-0.2574|-4|61|1|3|0.0674|0.0032|0.0023|-0.3369|0.0335||1.58|17|1.29|57
GME211210P00255000||||40.40|40.40|30|0.00|0.0000|0|5|0|0|-0.9998|0.0000|-0.0559|0.0000|0.0002||86.15|14|81.45|18
GME211210C00260000|1.79|1.79|1.20|1.73|1.26|31|-0.47|-0.2717|38|974|1|19|0.0579|0.0028|0.0020|-0.3002|0.0298||1.49|9|1.29|6
GME211210P00260000||||69.85|69.85|31|0.00|0.0000|0|22|0|0|-0.9909|0.0009|-0.0567|-0.0430|0.0063||91.10|14|86.35|13
GME211210C00270000|1.31|1.31|1.15|1.60|1.26|32|-0.34|-0.2125|-27|193|1|33|0.0522|0.0024|0.0018|-0.2920|0.0274||1.36|21|1.11|57
GME211210P00270000||||75.18|75.18|32|0.00|0.0000|0|14|0|0|-0.9657|0.0019|-0.0580|-0.1875|0.0196||101.10|15|96.20|4
GME211210C00280000|1.00|1.15|1.00|1.40|1.05|33|-0.35|-0.2500|16|242|1|11|0.0445|0.0021|0.0015|-0.2662|0.0242||1.20|9|1.02|17
GME211210P00280000||||84.53|84.53|33|0.00|0.0000|0|1|0|0|-0.9733|0.0015|-0.0604|-0.1554|0.0159||111.10|16|106.10|10
GME211210C00290000|1.16|1.16|0.93|1.25|1.02|34|-0.23|-0.1840|21|171|1|8|0.0392|0.0018|0.0013|-0.2486|0.0218||1.11|6|0.99|1
GME211210P00290000||||82.25|82.25|34|0.00|0.0000|0|7|0|0|-0.9989|0.0001|-0.0635|-0.0058|0.0010||120.65|15|115.85|14
GME211210C00300000|1.20|1.20|0.80|1.11|1.00|35|-0.11|-0.0991|43|919|1|218|0.0340|0.0016|0.0012|-0.2279|0.0194||1.00|53|0.95|9
GME211210P00300000||||76.00|76.00|35|0.00|0.0000|0|14|0|0|-0.9999|0.0000|-0.0657|0.0002|0.0001||130.65|12|125.80|12
GME211210C00310000|0.84|0.90|0.76|0.95|0.90|36|-0.05|-0.0526|108|264|1|5|0.0288|0.0013|0.0010|-0.2024|0.0169||0.97|7|0.84|9
GME211210P00310000||||83.61|83.61|36|0.00|0.0000|0|4|0|0|-0.9998|0.0000|-0.0679|-0.0003|0.0002||140.65|6|135.80|5
GME211210C00320000||||0.93|0.93|37|0.00|0.0000|2|276|0|0|0.0274|0.0012|0.0009|-0.2025|0.0162||0.92|17|0.75|11
GME211210P00320000||||89.47|89.47|37|0.00|0.0000|0|3|0|0|-0.9494|0.0018|-0.3936|-0.0654|0.0641||150.65|12|145.80|27
GME211210C00330000||||0.72|0.72|38|0.00|0.0000|-17|246|0|0|0.0291|0.0012|0.0011|-0.2001|0.0181||0.85|11|0.69|23
GME211210P00330000||||||38||||0|0|0|-1.0000|0.0000|-0.0723|0.0011|0.0000||160.65|6|155.80|27
GME211210C00340000|0.75|0.78|0.66|0.75|0.78|39|0.03|0.0400|-1|87|10|37|0.0559|0.0017|0.0021|-0.4104|0.0307||0.85|29|0.70|5
GME211210P00340000||||||39||||0|0|0|-1.0000|0.0000|-0.0745|0.0011|0.0000||170.65|12|165.80|12
GME211210C00350000|0.49|0.78|0.49|0.69|0.72|40|0.03|0.0435|49|437|1|89|0.0397|0.0014|0.0013|-0.3363|0.0220||0.72|2|0.67|9
GME211210P00350000||||||40||||0|0|0|-1.0000|0.0000|-0.0767|0.0011|0.0000||180.65|12|175.80|5
GME211210C00360000|0.55|0.62|0.55|0.61|0.62|41|0.01|0.0164|-2|85|1|3|0.0361|0.0012|0.0012|-0.3166|0.0204||0.72|5|0.65|1
GME211210P00360000||||||41||||0|0|0|-1.0000|0.0000|-0.4536|0.0012|0.0000||190.60|9|185.80|6
GME211210C00370000|0.50|0.55|0.50|0.75|0.55|42|-0.20|-0.2667|0|21|5|8|0.0325|0.0011|0.0011|-0.2934|0.0187||0.68|12|0.52|33
GME211210P00370000||||||42||||0|0|0|-1.0000|0.0000|-0.0811|0.0012|0.0000||200.60|9|195.80|7
GME211210C00380000|0.54|0.54|0.54|0.54|0.54|43|0.00|0.0000|-1|50|1|1|0.0147|0.0006|0.0005|-0.1347|0.0096||0.66|14|0.52|2
GME211210P00380000||||||43||||0|0|0|-1.0000|0.0000|-0.0833|0.0012|0.0000||210.60|9|205.80|6
GME211210C00390000|0.40|0.58|0.40|0.49|0.52|44|0.03|0.0612|5|52|8|15|0.0131|0.0006|0.0004|-0.1238|0.0087||0.65|23|0.45|41
GME211210P00390000||||||44||||0|0|0|-1.0000|0.0000|-0.4914|0.0013|0.0000||220.40|9|215.80|5
GME211210C00400000|0.40|0.70|0.37|0.45|0.50|45|0.05|0.1111|-6|420|1|156|0.0281|0.0009|0.0009|-0.2769|0.0166||0.55|10|0.45|4
GME211210P00400000||||||45||||0|0|0|-1.0000|0.0000|-0.0877|0.0013|0.0000||230.30|10|225.80|5
GME211210C00410000|0.34|0.50|0.34|0.44|0.40|46|-0.04|-0.0909|7|59|1|5|0.0115|0.0005|0.0004|-0.1142|0.0077||0.55|44|0.36|37
GME211210P00410000||||||46||||0|0|0|-1.0000|0.0000|-0.1011|0.0013|0.0000||240.25|9|235.80|7
GME211210C00420000|0.31|0.55|0.31|0.40|0.55|47|0.15|0.3750|2|171|1|3|0.0289|0.0009|0.0009|-0.2997|0.0169||0.49|8|0.40|2
GME211210P00420000||||||47||||0|0|0|-1.0000|0.0000|-0.0921|0.0014|0.0000||250.15|12|245.80|12
GME211210C00430000|0.41|0.41|0.41|0.40|0.41|48|0.01|0.0250|262|304|1|1|0.0101|0.0004|0.0003|-0.1062|0.0069||0.49|6|0.27|15
GME211210P00430000||||||48||||0|0|0|-1.0000|0.0000|-0.5418|0.0014|0.0000||261.00|12|255.80|12
GME211210C00440000|0.23|0.45|0.23|0.36|0.45|49|0.09|0.2500|34|67|1|2|0.0091|0.0004|0.0003|-0.0975|0.0063||0.49|13|0.27|13
GME211210P00440000||||||49||||0|0|0|-1.0000|0.0000|-0.0964|0.0014|0.0000||270.05|3|265.40|30
GME211210C00450000|0.38|0.38|0.38|0.37|0.38|50|0.01|0.0270|190|288|1|1|0.0208|0.0007|0.0007|-0.2304|0.0129||0.38|1|0.27|6
GME211210P00450000||||||50||||0|0|0|-1.0000|0.0000|-0.0986|0.0015|0.0000||280.05|3|275.40|7
GME211210C00460000|0.33|0.41|0.31|0.27|0.31|51|0.04|0.1481|0|18|2|25|0.0105|0.0004|0.0004|-0.1045|0.0076||0.36|1|0.25|58
GME211210P00460000||||||51||||0|0|0|-1.0000|0.0000|-0.1008|0.0015|0.0000||290.05|5|285.40|16
GME211210C00470000|0.39|0.39|0.39|0.22|0.39|52|0.17|0.7727|7|22|1|1|0.0087|0.0004|0.0003|-0.0886|0.0065||0.49|15|0.25|10
GME211210P00470000||||||52||||0|0|0|-1.0000|0.0000|-0.5922|0.0015|0.0000||300.05|12|295.40|16
GME211210C00480000|0.26|0.36|0.26|0.25|0.26|53|0.01|0.0400|1|33|2|4|0.0061|0.0003|0.0002|-0.0705|0.0044||0.46|13|0.25|5
GME211210P00480000||||||53||||0|0|0|-1.0000|0.0000|-0.1052|0.0016|0.0000||310.05|4|305.40|15
GME211210C00490000|0.47|0.47|0.47|0.24|0.47|54|0.23|0.9583|2|93|2|2|0.0092|0.0004|0.0003|-0.0969|0.0068||0.46|13|0.25|6
GME211210P00490000||||||54||||0|0|0|-1.0000|0.0000|-0.1074|0.0016|0.0000||320.05|12|315.40|25
GME211210C00500000|0.33|0.40|0.22|0.26|0.29|55|0.03|0.1154|-6|850|1|280|0.0185|0.0006|0.0006|-0.2248|0.0116||0.30|1|0.25|6
GME211210P00500000||||||55||||0|0|0|-1.0000|0.0000|-0.1096|0.0016|0.0000||331.50|1|325.40|41
GME211210C00510000|0.27|0.43|0.18|0.18|0.29|56|0.11|0.6111|1|2026|2|242|0.0043|0.0002|0.0001|-0.0530|0.0033||0.35|12|0.29|16
GME211210P00510000||||||56||||0|0|0|-1.0000|0.0000|-0.1118|0.0017|0.0000||340.05|12|335.40|10
GME211217C00080000||||94.56|94.56|18|0.00|0.0000|1|2|0|0|0.9338|0.0011|0.0281|-0.4602|0.0467||95.15|10|90.05|15
GME211217P00080000|0.50|0.72|0.50|0.35|0.72|18|0.37|1.0571|1|350|50|55|-0.0770|0.0011|-0.0283|-0.1730|0.0956||0.85|1|0.57|6
GME211217C00085000||||95.85|95.85|17|0.00|0.0000|0|1|0|0|0.9650|0.0010|0.0340|-0.1888|0.0281||90.30|10|85.15|29
GME211217P00085000|0.50|0.58|0.40|0.43|0.58|17|0.15|0.3488|-1|121|1|8|-0.0172|0.0007|-0.0014|-0.0913|0.0150||0.96|1|0.65|32
GME211217C00090000||||137.00|137.00|16|0.00|0.0000|0|4|0|0|0.8987|0.0006|0.0114|-1.7596|0.0644||85.45|5|80.20|28
GME211217P00090000|0.62|0.62|0.62|0.53|0.62|16|0.09|0.1698|2|68|8|8|-0.0192|0.0008|-0.0016|-0.0939|0.0165||1.77|33|0.57|74
GME211217C00100000||||79.69|79.69|15|0.00|0.0000|1|50|0|0|0.9983|0.0002|0.0410|-0.0065|0.0019||75.50|3|71.55|3
GME211217P00100000|0.71|1.23|0.68|0.76|1.20|15|0.44|0.5789|-205|664|10|369|-0.0020|0.0002|-0.0001|-0.0071|0.0022||1.15|26|0.95|19
GME211217C00105000||||66.05|66.05|14|0.00|0.0000|0|1|0|0|0.9967|0.0003|0.0429|-0.0115|0.0035||70.70|3|65.75|3
GME211217P00105000|1.00|1.00|0.85|0.86|0.95|14|0.09|0.1047|51|140|1|7|-0.0035|0.0003|-0.0003|-0.0119|0.0037||1.82|22|0.95|145
GME211217C00110000||||73.25|73.25|13|0.00|0.0000|0|1|0|0|0.9947|0.0005|0.0448|-0.0167|0.0054||66.25|14|61.95|16
GME211217P00110000|0.35|1.50|0.35|1.02|1.48|13|0.46|0.4510|-21|354|1|34|-0.0078|0.0006|-0.0006|-0.0227|0.0077||1.64|14|1.31|25
GME211217C00115000||||112.11|112.11|12|0.00|0.0000|0|2|0|0|0.9913|0.0008|0.0466|-0.0249|0.0083||61.20|3|56.35|12
GME211217P00115000|1.17|1.87|1.15|1.21|1.61|12|0.40|0.3306|14|162|4|33|-0.0112|0.0009|-0.0009|-0.0320|0.0103||1.84|8|1.58|25
GME211217C00120000||||64.15|64.15|11|0.00|0.0000|0|51|0|0|0.8983|0.0031|0.1439|-0.0977|0.1175||56.55|13|51.60|13
GME211217P00120000|1.56|2.01|1.56|1.39|2.01|11|0.62|0.4460|5|158|1|4|-0.0188|0.0014|-0.0014|-0.0493|0.0161||2.35|12|1.88|41
GME211217C00125000||||79.68|79.68|10|0.00|0.0000|0|35|0|0|0.8728|0.0035|0.1431|-0.1160|0.1379||52.00|13|47.15|13
GME211217P00125000|2.35|2.43|1.80|1.88|2.43|10|0.55|0.2926|2|207|1|6|-0.0358|0.0024|-0.0029|-0.0822|0.0286||2.67|28|2.29|43
GME211217C00130000||||55.70|55.70|9|0.00|0.0000|0|10|0|0|0.9567|0.0030|0.0501|-0.0951|0.0323||47.60|3|43.30|13
GME211217P00130000|2.09|3.05|2.05|2.21|3.00|9|0.79|0.3575|11|206|1|25|-0.0487|0.0031|-0.0038|-0.1079|0.0355||3.30|11|2.76|37
GME211217C00135000||||90.47|90.47|8|0.00|0.0000|0|3|0|0|0.9327|0.0042|0.0503|-0.1352|0.0458||43.60|8|38.50|15
GME211217P00135000|3.25|3.95|3.25|2.72|3.85|8|1.13|0.4154|9|149|1|22|-0.0711|0.0043|-0.0055|-0.1437|0.0478||4.05|18|3.30|44
GME211217C00140000|39.35|39.35|34.60|44.07|34.60|7|-9.47|-0.2149|2|148|1|2|0.9048|0.0055|0.0501|-0.1731|0.0596||39.20|3|34.45|13
GME211217P00140000|3.32|4.58|3.32|3.50|4.58|7|1.08|0.3086|264|813|1|19|-0.1083|0.0057|-0.0091|-0.1902|0.0676||4.80|5|4.05|94
GME211217C00145000||||96.94|96.94|6|0.00|0.0000|0|57|0|0|0.8657|0.0070|0.0491|-0.2230|0.0762||35.35|10|31.20|13
GME211217P00145000|5.49|5.49|5.49|4.02|5.49|6|1.47|0.3657|23|234|1|1|-0.1418|0.0070|-0.0112|-0.2399|0.0791||6.55|69|5.15|101
GME211217C00150000|32.04|32.04|29.50|35.91|29.50|5|-6.41|-0.1785|0|71|1|8|0.8186|0.0085|0.0473|-0.2737|0.0929||31.50|42|27.80|24
GME211217P00150000|4.30|7.45|4.15|5.05|7.30|5|2.25|0.4455|223|1842|1|69|-0.1874|0.0084|-0.0148|-0.2862|0.0947||7.65|60|6.65|55
GME211217C00155000|28.00|28.00|24.50|30.10|24.50|4|-5.60|-0.1860|1|12|1|3|0.7664|0.0099|0.0451|-0.3158|0.1078||28.10|46|24.05|33
GME211217P00155000|5.75|9.20|5.75|6.54|9.15|4|2.61|0.3991|0|308|1|150|-0.2430|0.0096|-0.0208|-0.3198|0.1138||9.90|101|8.15|88
GME211217C00160000|26.47|26.47|21.08|29.27|22.80|3|-6.47|-0.2210|-1|96|4|38|0.7092|0.0112|0.0425|-0.3507|0.1206||24.20|52|21.25|42
GME211217P00160000|7.30|11.40|7.30|7.75|11.40|3|3.65|0.4710|390|1040|1|57|-0.2988|0.0106|-0.0258|-0.3548|0.1262||11.20|53|10.00|102
GME211217C00165000||||24.60|24.60|2|0.00|0.0000|0|82|0|0|0.6458|0.0120|0.0391|-0.3863|0.1309||21.70|56|17.95|65
GME211217P00165000|8.93|13.40|8.93|9.77|13.40|2|3.63|0.3715|3|310|1|8|-0.3561|0.0117|-0.0289|-0.3967|0.1312||14.55|97|12.05|107
GME211217C00170000|19.90|19.90|16.00|23.22|16.18|1|-7.04|-0.3032|0|117|1|28|0.5921|0.0066|0.1127|-0.2174|0.2569||18.95|49|15.45|65
GME211217P00170000|11.88|16.35|11.70|11.75|14.88|1|3.13|0.2664|-17|1066|1|26|-0.4182|0.0121|-0.0344|-0.4209|0.1375||16.00|22|14.50|92
GME211217C00175000|17.40|17.40|14.05|20.50|14.24|1|-6.26|-0.3054|-5|183|1|41|0.5185|0.0127|0.0321|-0.4158|0.1403||16.80|59|14.15|33
GME211217P00175000|13.36|19.20|13.36|14.33|17.90|1|3.57|0.2491|17|720|1|314|-0.4798|0.0124|-0.0398|-0.4281|0.1402||18.50|8|16.85|71
GME211217C00180000|14.00|14.45|11.96|17.98|12.70|2|-5.28|-0.2937|-23|442|1|13|0.4566|0.0126|0.0285|-0.4154|0.1396||14.40|73|11.50|146
GME211217P00180000|15.88|22.00|15.88|17.10|21.68|2|4.58|0.2678|12|1074|2|35|-0.5369|0.0120|-0.0483|-0.4121|0.1444||22.35|51|19.40|94
GME211217C00185000|15.60|15.60|10.40|15.00|11.00|3|-4.00|-0.2667|2|270|1|10|0.3982|0.0122|0.0251|-0.4061|0.1358||12.75|95|10.20|72
GME211217P00185000|22.25|24.46|22.25|19.25|24.46|3|5.21|0.2706|-14|255|1|3|-0.5987|0.0120|-0.0508|-0.4142|0.1361||26.30|25|22.45|75
GME211217C00187500|14.08|14.08|10.53|15.87|10.77|4|-5.10|-0.3214|0|39|1|3|0.5293|0.0049|0.0939|-0.3079|0.2632||11.50|18|9.55|20
GME211217P00187500||||19.77|19.77|4|0.00|0.0000|1|116|0|0|-0.7128|0.0159|-0.0580|-0.2427|0.1199||28.00|16|24.30|56
GME211217C00190000|13.45|13.45|8.80|13.83|9.45|5|-4.38|-0.3167|15|254|1|27|0.3442|0.0116|0.0218|-0.3899|0.1296||10.55|10|9.20|63
GME211217P00190000|20.42|29.00|20.42|22.61|28.20|5|5.59|0.2472|-4|446|2|20|-0.6508|0.0114|-0.0560|-0.4009|0.1303||29.65|24|25.90|83
GME211217C00192500|11.38|11.95|8.61|12.50|8.80|6|-3.70|-0.2960|2|30|3|7|0.3710|0.0094|0.0227|-0.5072|0.1330||9.95|15|8.60|25
GME211217P00192500||||24.00|24.00|6|0.00|0.0000|-1|111|0|0|-0.6280|0.0094|-0.0563|-0.5095|0.1331||31.60|21|27.75|65
GME211217C00195000|11.07|11.07|7.75|11.09|8.60|7|-2.49|-0.2245|-1|147|1|52|0.2961|0.0108|0.0189|-0.3699|0.1216||9.45|23|7.95|56
GME211217P00195000|27.94|30.80|27.94|25.45|30.80|7|5.35|0.2102|50|473|9|76|-0.6987|0.0106|-0.0610|-0.3802|0.1226||33.50|16|29.40|82
GME211217C00197500|9.62|9.62|7.50|10.80|7.95|8|-2.85|-0.2639|3|41|1|16|0.3302|0.0090|0.0204|-0.4864|0.1275||8.75|19|7.40|46
GME211217P00197500|32.65|34.08|32.65|27.65|34.08|8|6.43|0.2325|0|93|5|6|-0.5250|0.0051|-0.1994|-0.2920|0.2634||35.35|15|31.50|53
GME211217C00200000|9.90|9.90|6.70|10.05|7.55|9|-2.50|-0.2488|902|2001|1|361|0.2545|0.0099|0.0163|-0.3484|0.1129||8.20|56|6.90|72
GME211217P00200000|32.40|34.56|32.40|29.20|34.56|9|5.36|0.1836|-2|1919|1|7|-0.7390|0.0097|-0.0655|-0.3606|0.1144||36.80|19|33.45|93
GME211217C00202500|7.85|7.85|7.50|9.79|7.50|10|-2.29|-0.2339|18|36|3|4|0.3001|0.0084|0.0185|-0.4812|0.1224||7.60|22|6.40|51
GME211217P00202500|34.54|34.54|34.54|30.45|34.54|10|4.09|0.1343|1|117|1|1|-0.7102|0.0086|-0.0652|-0.4550|0.1204||39.40|13|35.35|60
GME211217C00205000|9.80|9.80|6.20|8.75|6.70|11|-2.05|-0.2343|-4|53|1|22|0.2767|0.0082|0.0172|-0.4536|0.1178||7.10|40|6.05|55
GME211217P00205000|36.55|38.79|36.55|33.98|38.79|11|4.81|0.1416|0|165|1|3|-0.7002|0.0079|-0.0659|-0.5118|0.1223||41.35|15|37.15|57
GME211217C00207500|6.15|6.15|6.15|8.90|6.15|12|-2.75|-0.3090|4|32|1|1|0.4386|0.0049|0.0810|-0.2984|0.2608||6.80|22|5.50|48
GME211217P00207500||||21.30|21.30|12|0.00|0.0000|0|181|0|0|-0.9883|0.0023|-0.0845|-0.0129|0.0108||43.45|15|39.55|13
GME211217C00210000|5.92|6.80|5.45|7.50|5.85|13|-1.65|-0.2200|-30|815|2|31|0.1787|0.0080|0.0116|-0.2837|0.0919||6.25|24|5.40|12
GME211217P00210000|45.16|45.16|45.16|36.95|45.16|13|8.21|0.2222|-11|215|10|20|-0.8160|0.0080|-0.0744|-0.2935|0.0936||45.55|16|41.35|17
GME211217C00212500|5.95|6.20|5.95|6.50|6.20|14|-0.30|-0.0462|0|22|1|3|0.2192|0.0075|0.0138|-0.3889|0.1040||6.20|45|5.05|35
GME211217P00212500||||42.25|42.25|14|0.00|0.0000|0|59|0|0|-0.5349|0.0041|-0.2281|-0.3600|0.2629||47.75|16|43.50|17
GME211217C00215000|6.25|6.25|4.40|6.90|5.20|15|-1.70|-0.2464|4|97|1|12|0.2229|0.0071|0.0139|-0.4178|0.1050||5.80|56|4.90|1
GME211217P00215000|49.03|49.03|48.60|42.25|48.60|15|6.35|0.1503|2|101|1|4|-0.5684|0.0045|-0.2342|-0.3237|0.2600||49.95|16|45.90|15
GME211217C00217500||||7.20|7.20|16|0.00|0.0000|1|39|0|0|0.2253|0.0068|0.0140|-0.4429|0.1057||5.60|45|4.55|33
GME211217P00217500||||47.80|47.80|16|0.00|0.0000|0|23|0|0|-0.5287|0.0038|-0.2369|-0.3923|0.2633||52.15|19|48.20|19
GME211217C00220000|5.35|5.49|4.20|6.50|4.75|17|-1.75|-0.2692|1|1903|1|17|0.1240|0.0062|0.0081|-0.2244|0.0720||5.30|57|4.35|68
GME211217P00220000|54.10|54.10|54.10|46.55|54.10|17|7.55|0.1622|1|446|10|20|-0.8685|0.0063|-0.0819|-0.2393|0.0750||54.40|19|50.40|23
GME211217C00222500||||6.60|6.60|18|0.00|0.0000|2|69|0|0|0.2058|0.0063|0.0128|-0.4298|0.1002||5.10|54|4.20|1
GME211217P00222500||||49.15|49.15|18|0.00|0.0000|11|21|0|0|-0.7673|0.0062|-0.0772|-0.5025|0.1076||56.70|13|52.65|17
GME211217C00225000|4.75|4.75|4.30|5.80|4.35|19|-1.45|-0.2500|-7|98|1|5|0.1875|0.0061|0.0117|-0.3973|0.0948||4.80|21|4.00|1
GME211217P00225000||||49.64|49.64|19|0.00|0.0000|-1|30|0|0|-0.8058|0.0061|-0.0804|-0.4149|0.0968||59.00|13|54.50|11
GME211217C00227500||||5.60|5.60|20|0.00|0.0000|0|8|0|0|0.1797|0.0058|0.0112|-0.3920|0.0922||4.60|14|3.80|6
GME211217P00227500||||51.86|51.86|20|0.00|0.0000|0|60|0|0|-0.8035|0.0058|-0.0868|-0.4094|0.1007||61.30|16|57.00|4
GME211217C00230000|6.00|6.00|3.83|5.09|4.10|21|-0.99|-0.1945|11|442|1|42|0.0892|0.0048|0.0058|-0.1819|0.0568||4.30|35|3.65|11
GME211217P00230000||||54.21|54.21|21|0.00|0.0000|1|64|0|0|-0.8984|0.0050|-0.0938|-0.1962|0.0645||63.65|16|59.30|9
GME211217C00232500|4.35|4.35|3.80|4.45|3.80|22|-0.65|-0.1461|0|80|1|2|0.1496|0.0053|0.0094|-0.3382|0.0819||4.05|10|3.40|40
GME211217P00232500||||53.30|53.30|22|0.00|0.0000|0|19|0|0|-0.8957|0.0049|-0.0888|-0.2234|0.0637||65.95|13|61.40|26
GME211217C00235000|4.25|4.25|4.25|5.14|4.25|23|-0.89|-0.1732|0|74|1|1|0.1626|0.0052|0.0101|-0.3848|0.0865||4.00|11|3.35|28
GME211217P00235000||||54.70|54.70|23|0.00|0.0000|0|60|0|0|-0.7378|0.0051|-0.2875|-0.1960|0.2155||68.35|12|63.95|9
GME211217C00240000|3.80|3.80|3.21|4.35|3.50|24|-0.85|-0.1954|48|356|3|27|0.0608|0.0035|0.0040|-0.1369|0.0424||3.65|5|3.15|12
GME211217P00240000||||65.50|65.50|24|0.00|0.0000|0|54|0|0|-0.9336|0.0037|-0.0943|-0.1498|0.0454||73.15|4|68.65|10
GME211217C00245000|3.25|3.40|3.17|3.98|3.40|25|-0.58|-0.1457|143|230|1|3|0.3383|0.0041|0.0628|-0.3066|0.2420||3.50|16|3.00|1
GME211217P00245000||||71.40|71.40|25|0.00|0.0000|-2|47|0|0|-0.7934|0.0047|-0.0884|-0.5727|0.1005||78.15|4|73.40|14
GME211217C00250000|4.20|4.20|2.88|3.70|3.06|26|-0.64|-0.1730|-24|1145|1|96|0.0418|0.0026|0.0028|-0.1030|0.0314||3.25|10|2.80|9
GME211217P00250000|84.85|84.85|84.85|73.53|84.85|26|11.32|0.1540|0|56|1|1|-0.9547|0.0027|-0.0998|-0.1112|0.0335||83.15|2|78.15|14
GME211217C00255000|2.84|3.05|2.84|3.60|3.05|27|-0.55|-0.1528|0|355|2|4|0.1148|0.0039|0.0072|-0.3209|0.0683||3.15|6|2.67|18
GME211217P00255000||||39.75|39.75|27|0.00|0.0000|0|5|0|0|-0.9997|0.0001|-0.1048|0.0002|0.0004||87.70|6|82.95|15
GME211217C00260000|2.55|2.55|2.55|3.40|2.55|28|-0.85|-0.2500|3|519|1|1|0.0285|0.0019|0.0019|-0.0760|0.0229||3.05|1|2.55|22
GME211217P00260000|90.26|90.26|90.26|78.20|90.26|28|12.06|0.1542|0|21|1|1|-0.9688|0.0020|-0.1048|-0.0827|0.0247||92.60|11|87.80|16
GME211217C00270000|2.41|2.41|2.41|2.82|2.41|29|-0.41|-0.1454|34|575|1|1|0.0206|0.0014|0.0014|-0.0591|0.0175||2.86|12|2.23|72
GME211217P00270000||||65.35|65.35|29|0.00|0.0000|0|49|0|0|-0.9727|0.0017|-0.1164|-0.0733|0.0229||102.60|16|97.70|22
GME211217C00280000|2.50|2.50|2.32|2.63|2.32|30|-0.31|-0.1179|-3|2029|1|2|0.1569|0.0035|0.0326|-0.1561|0.1590||2.56|7|2.20|2
GME211217P00280000||||91.00|91.00|30|0.00|0.0000|0|10|0|0|-0.9829|0.0011|-0.1139|-0.0517|0.0149||112.55|12|107.10|12
GME211217C00290000|2.00|2.20|2.00|2.57|2.20|31|-0.37|-0.1440|1|523|2|3|0.1432|0.0032|0.0298|-0.1498|0.1496||2.44|14|2.00|24
GME211217P00290000||||68.50|68.50|31|0.00|0.0000|0|25|0|0|-0.9864|0.0009|-0.1183|-0.0437|0.0123||122.25|12|116.90|3
GME211217C00300000|2.05|2.20|1.84|2.15|2.08|32|-0.07|-0.0326|560|5707|1|80|0.1299|0.0030|0.0270|-0.1422|0.1399||2.22|8|2.00|24
GME211217P00300000|126.50|126.50|126.50|125.00|126.50|32|1.50|0.0120|0|20|1|1|-0.9882|0.0008|-0.1307|-0.0375|0.0112||132.20|15|126.70|4
GME211217C00310000|1.80|1.80|1.80|2.03|1.80|33|-0.23|-0.1133|-2|367|1|1|0.0059|0.0004|0.0004|-0.0214|0.0059||2.05|9|1.69|35
GME211217P00310000||||102.75|102.75|33|0.00|0.0000|0|3|0|0|-0.8740|0.0028|-0.4240|-0.1436|0.1369||142.15|15|136.50|3
GME211217C00320000|1.78|1.78|1.78|1.73|1.78|34|0.05|0.0289|41|448|3|3|0.0045|0.0003|0.0003|-0.0171|0.0046||2.00|8|1.64|1
GME211217P00320000||||96.00|96.00|34|0.00|0.0000|0|17|0|0|-0.9944|0.0004|-0.1311|-0.0203|0.0056||152.05|12|146.35|3
GME211217C00330000|1.74|1.74|1.74|1.75|1.74|35|-0.01|-0.0057|0|213|1|1|0.1002|0.0024|0.0209|-0.1237|0.1163||1.81|8|1.49|8
GME211217P00330000||||159.50|159.50|35|0.00|0.0000|0|3|0|0|-0.9957|0.0003|-0.1353|-0.0161|0.0045||162.00|12|156.25|12
GME211217C00340000|1.51|1.51|1.51|1.60|1.51|36|-0.09|-0.0563|0|232|1|1|0.0028|0.0002|0.0002|-0.0116|0.0030||1.73|9|1.35|63
GME211217P00340000||||126.85|126.85|36|0.00|0.0000|0|7|0|0|-0.9967|0.0002|-0.1395|-0.0127|0.0035||171.95|12|166.15|12
GME211217C00350000|1.50|1.51|1.30|1.40|1.45|37|0.05|0.0357|23|1013|1|30|0.0031|0.0002|0.0002|-0.0125|0.0034||1.73|12|1.35|1
GME211217P00350000||||133.85|133.85|37|0.00|0.0000|0|4|0|0|-0.9972|0.0002|-0.1436|-0.0108|0.0030||181.85|13|176.05|13
GME211217C00360000|1.30|1.39|1.25|1.37|1.39|38|0.02|0.0146|-4|304|1|11|0.0020|0.0001|0.0001|-0.0088|0.0022||1.56|10|1.22|8
GME211217P00360000||||||38|||0|0|0|0|-0.9976|0.0002|-0.1478|-0.0093|0.0026||191.80|12|186.00|12
GME211217C00370000|1.24|1.35|1.24|1.45|1.33|39|-0.12|-0.0828|0|447|1|10|0.0023|0.0002|0.0002|-0.0101|0.0027||1.55|20|1.25|4
GME211217P00370000||||172.65|172.65|39|0.00|0.0000|0|3|0|0|-0.9973|0.0002|-0.1620|-0.0106|0.0030||201.70|13|195.90|13
GME211217C00380000||||1.20|1.20|40|0.00|0.0000|-1|168|0|0|0.0015|0.0001|0.0001|-0.0070|0.0017||1.55|14|1.20|4
GME211217P00380000||||165.60|165.60|40|0.00|0.0000|0|17|0|0|-0.9983|0.0001|-0.1560|-0.0066|0.0019||211.70|12|205.85|13
GME211217C00390000|1.18|1.18|1.18|1.18|1.18|41|0.00|0.0000|1|193|1|2|0.0013|0.0001|0.0001|-0.0064|0.0015||1.55|47|1.10|4
GME211217P00390000||||||41|||0|0|0|0|-0.9985|0.0001|-0.1602|-0.0059|0.0017||221.70|3|215.80|27
GME211217C00400000|1.12|1.12|0.90|1.08|1.00|42|-0.08|-0.0741|19|1185|1|39|0.0010|0.0001|0.0001|-0.0052|0.0012||1.25|2|1.00|2
GME211217P00400000||||198.90|198.90|42|0.00|0.0000|0|3|0|0|-0.9987|0.0001|-0.1643|-0.0053|0.0015||231.70|1|225.75|12
GME211217C00410000|0.90|1.00|0.90|1.00|0.99|43|-0.01|-0.0100|1|205|1|26|0.0008|0.0001|0.0001|-0.0043|0.0010||1.38|21|0.95|5
GME211217P00410000||||190.90|190.90|43|0.00|0.0000|0|3|0|0|-0.9989|0.0001|-0.1684|-0.0046|0.0013||241.65|3|235.70|28
GME211217C00420000|1.00|1.00|1.00|0.95|1.00|44|0.05|0.0526|3|542|5|10|0.0007|0.0001|0.0000|-0.0039|0.0009||1.08|6|0.91|1
GME211217P00420000||||189.85|189.85|44|0.00|0.0000|0|16|0|0|-0.9993|0.0001|-0.1726|-0.0021|0.0008||251.35|12|245.70|3
GME211217C00430000|0.99|0.99|0.97|0.97|0.97|45|0.00|0.0000|0|208|1|11|0.0006|0.0000|0.0000|-0.0035|0.0008||1.08|8|0.69|27
GME211217P00430000||||244.20|244.20|45|0.00|0.0000|0|0|0|0|-0.9396|0.0014|-0.6118|-0.0973|0.0793||261.35|12|255.65|27
GME211217C00440000||||1.15|1.15|46|0.00|0.0000|0|472|0|0|0.0005|0.0000|0.0000|-0.0030|0.0007||1.08|16|0.90|1
GME211217P00440000||||||46|||0|0|0|0|-0.9996|0.0000|-0.1808|-0.0009|0.0005||271.35|12|265.65|27
GME211217C00450000|0.60|0.75|0.60|0.79|0.75|47|-0.04|-0.0506|2|686|2|6|0.0004|0.0000|0.0000|-0.0024|0.0005||0.97|8|0.61|39
GME211217P00450000||||||47|||0|0|0|0|-0.9996|0.0000|-0.1849|-0.0007|0.0005||281.35|3|275.65|27
GME211217C00460000|0.74|0.74|0.74|0.76|0.74|48|-0.02|-0.0263|2|1138|17|17|0.0004|0.0000|0.0000|-0.0024|0.0005||0.97|13|0.80|8
GME211217P00460000||||261.60|261.60|48|0.00|0.0000|0|5|0|0|-0.9472|0.0012|-0.6569|-0.0900|0.0713||291.35|3|285.60|27
GME211217C00470000|0.65|0.65|0.65|0.78|0.65|49|-0.13|-0.1667|1|190|2|2|0.0211|0.0007|0.0013|-0.1297|0.0178||0.97|34|0.54|16
GME211217P00470000||||||49||||0|0|0|-1.0000|0.0000|-0.1931|0.0016|0.0000||301.10|12|295.60|27
GME211217C00480000||||0.60|0.60|50|0.00|0.0000|16|240|0|0|0.0167|0.0006|0.0010|-0.1045|0.0147||0.97|14|0.54|5
GME211217P00480000||||264.21|264.21|50|0.00|0.0000|0|7|0|0|-0.9842|0.0005|-0.1963|-0.0971|0.0140||311.35|12|305.60|27
GME211217C00490000|0.66|0.66|0.52|0.52|0.66|51|0.14|0.2692|8|105|1|5|0.0146|0.0005|0.0009|-0.0925|0.0130||0.97|13|0.52|2
GME211217P00490000||||274.04|274.04|51|0.00|0.0000|0|7|0|0|-0.9856|0.0005|-0.2005|-0.0901|0.0129||320.95|3|315.60|27
GME211217C00500000|0.70|0.70|0.60|0.50|0.60|52|0.10|0.2000|-47|2441|3|6|0.0139|0.0005|0.0009|-0.0900|0.0125||0.87|15|0.50|12
GME211217P00500000||||290.05|290.05|52|0.00|0.0000|0|7|0|0|-0.7719|0.0020|-0.6888|-0.4385|0.2000||330.80|12|325.60|27
GME211217C00510000|0.61|0.65|0.42|0.53|0.55|53|0.02|0.0377|25|1391|1|151|0.0145|0.0005|0.0009|-0.0952|0.0129||0.72|13|0.54|1
GME211217P00510000||||277.97|277.97|53|0.00|0.0000|0|0|0|0|-0.9958|0.0002|-0.2093|-0.0259|0.0044||340.75|12|335.60|25
GME211223C00100000||||80.77|80.77|11|0.00|0.0000|0|14|0|0|0.8760|0.0017|0.0394|-0.5709|0.0852||76.15|10|70.80|13
GME211223P00100000|1.13|1.13|1.01|0.88|1.01|11|0.13|0.1477|8|124|3|14|-0.0315|0.0013|-0.0036|-0.0954|0.0295||1.64|13|1.20|1
GME211223C00110000||||||10||||0|0|0|1.0000|0.0000|0.0633|-0.0004|0.0000||66.60|13|61.30|3
GME211223P00110000|1.52|1.71|1.43|1.33|1.71|10|0.38|0.2857|9|37|1|16|-0.0510|0.0020|-0.0058|-0.1334|0.0436||2.54|5|1.60|1
GME211223C00120000||||103.35|103.35|9|0.00|0.0000|0|1|0|0|0.8354|0.0010|0.0222|-1.4727|0.1032||57.40|13|52.20|16
GME211223P00120000|2.80|2.80|2.80|1.15|2.80|9|1.65|1.4348|0|25|1|1|-0.0486|0.0024|-0.0056|-0.0955|0.0430||3.00|14|1.86|138
GME211223C00130000||||||8||||0|0|0|1.0000|0.0000|0.0784|-0.0005|0.0000||48.70|26|43.50|13
GME211223P00130000|3.71|3.71|3.64|2.69|3.64|8|0.95|0.3532|70|142|1|6|-0.1168|0.0041|-0.0134|-0.2228|0.0818||4.50|14|3.25|22
GME211223C00140000||||||7||||0|0|0|1.0000|0.0000|0.0805|-0.0005|0.0000||40.60|26|35.40|14
GME211223P00140000||||4.40|4.40|7|0.00|0.0000|2|42|0|0|-0.1763|0.0055|-0.0206|-0.2902|0.1079||7.75|14|4.75|14
GME211223C00145000||||||6||||0|0|0|1.0000|0.0000|0.0834|-0.0005|0.0000||36.60|4|31.65|8
GME211223P00145000||||||6||||0|0|0|0.0000|0.0000|0.0000|0.0000|0.0000||7.90|16|6.05|1
GME211223C00150000||||55.90|55.90|5|0.00|0.0000|0|4|0|0|0.7064|0.0034|0.0436|-0.7987|0.1468||33.00|13|28.10|14
GME211223P00150000|6.60|7.50|6.60|6.07|7.50|5|1.43|0.2356|-6|200|1|2|-0.2445|0.0069|-0.0301|-0.3225|0.1338||9.65|19|7.45|1
GME211223C00155000|29.20|29.20|29.20|57.05|29.20|4|-27.85|-0.4882|0|10|1|1|0.6900|0.0032|0.0397|-0.9233|0.1469||30.20|20|25.35|1
GME211223P00155000|9.85|9.85|9.85|9.30|9.85|4|0.55|0.0591|16|127|8|8|-0.2963|0.0068|-0.0377|-0.3978|0.1474||11.30|17|9.15|1
GME211223C00160000|23.28|23.31|23.28|53.80|23.31|3|-30.49|-0.5667|0|12|1|2|0.6721|0.0033|0.0410|-0.9026|0.1540||26.80|13|21.85|14
GME211223P00160000|11.83|12.40|11.83|9.45|12.10|3|2.65|0.2804|1|62|1|20|-0.3278|0.0081|-0.0392|-0.3849|0.1504||13.55|14|11.15|1
GME211223C00165000|20.45|21.50|20.45|20.45|21.50|2|1.05|0.0513|0|0|1|2|0.6280|0.0081|0.0497|-0.4198|0.1576||23.65|22|20.20|7
GME211223P00165000||||11.60|11.60|2|0.00|0.0000|0|21|0|0|-0.3724|0.0083|-0.0450|-0.4089|0.1576||16.00|14|13.20|23
GME211223C00170000|18.25|19.95|18.00|25.94|19.50|1|-6.44|-0.2483|0|15|1|12|0.5850|0.0081|0.0465|-0.4452|0.1624||20.90|16|17.50|1
GME211223P00170000|16.83|17.67|16.05|14.35|17.65|1|3.30|0.2300|0|33|1|30|-0.4156|0.0083|-0.0511|-0.4359|0.1624||18.75|21|15.00|22
GME211223C00175000|23.00|23.00|16.00|19.00|17.03|1|-1.97|-0.1037|0|3|1|22|0.5284|0.0106|0.0446|-0.3544|0.1657||18.00|15|15.50|7
GME211223P00175000|16.28|20.69|16.28|15.02|20.10|1|5.08|0.3382|-6|48|1|9|-0.4625|0.0093|-0.0564|-0.4050|0.1655||20.80|14|18.70|4
