symbol|open|high|low|preClose|close|activeLevel|change|changeRatio|openIntChange|openInterest|latestPriceVol|volume|delta|gamma|rho|theta|vega|tradeStamptradeTime|ask|avol|bid|bvol
GME211210C00100000|67.07|72.35|67.00|65.54|67.00|10|1.46|0.0223|1|2|1|15|0.9409|0.0019|0.0121|-0.7230|0.0229||68.70|15|64.55|22
GME211210P00100000|1.49|2.05|1.23|1.45|1.68|10|0.23|0.1586|481|720|5|1877|-0.0547|0.0019|-0.0015|-0.6579|0.0215||1.76|7|1.66|13
GME211210C00110000||||76.13|76.13|9|0.00|0.0000|0|2|0|0|0.8196|0.0019|0.0081|-3.5930|0.0511||59.15|15|54.90|8
GME211210P00110000|1.65|2.30|1.65|1.80|2.05|9|0.25|0.1389|89|304|2|534|-0.0724|0.0026|-0.0019|-0.7291|0.0268||2.16|10|1.96|6
GME211210C00120000||||56.97|56.97|8|0.00|0.0000|0|1|0|0|0.8119|0.0031|0.0105|-2.3484|0.0525||49.70|13|45.40|10
GME211210P00120000|2.50|2.90|2.03|2.43|2.50|8|0.07|0.0288|529|792|1|895|-0.0961|0.0037|-0.0025|-0.7938|0.0332||2.60|1|2.41|18
GME211210C00130000|38.97|43.65|38.97|38.97|41.19|7|2.22|0.0570|0|0|1|11|0.8229|0.0049|0.0130|-1.3887|0.0505||40.85|9|36.25|15
GME211210P00130000|3.25|3.85|2.88|3.10|3.30|7|0.20|0.0645|414|845|1|420|-0.1310|0.0051|-0.0034|-0.8896|0.0415||3.50|20|3.15|13
GME211210C00140000|30.25|30.92|30.25|29.50|30.92|6|1.42|0.0481|5|34|1|11|0.7898|0.0068|0.0136|-1.2156|0.0561||31.00|1|28.10|42
GME211210P00140000|4.70|5.50|3.70|4.30|4.65|6|0.35|0.0814|290|731|1|471|-0.1899|0.0073|-0.0049|-1.0134|0.0528||4.80|20|4.45|20
GME211210C00145000|28.00|28.00|25.50|24.75|27.05|5|2.30|0.0929|8|8|1|14|0.7524|0.0078|0.0133|-1.2869|0.0615||28.50|19|24.25|22
GME211210P00145000|5.25|6.55|4.98|5.20|5.85|5|0.65|0.1250|108|123|1|176|-0.2244|0.0083|-0.0058|-1.0821|0.0585||5.80|21|5.35|20
GME211210C00150000|25.89|26.40|23.26|24.62|23.26|4|-1.36|-0.0552|53|73|18|34|0.7165|0.0087|0.0130|-1.3246|0.0661||24.95|21|20.75|60
GME211210P00150000|6.90|8.20|5.75|6.25|6.50|4|0.25|0.0400|435|895|9|564|-0.2727|0.0097|-0.0071|-1.1342|0.0647||6.55|9|6.50|16
GME211210C00155000|21.89|23.00|21.89|23.55|23.00|3|-0.55|-0.0234|13|58|1|3|0.6523|0.0080|0.0116|-1.7122|0.0719||20.55|20|17.15|53
GME211210P00155000|8.20|9.73|7.55|8.00|8.44|3|0.44|0.0550|127|371|3|249|-0.3269|0.0107|-0.0086|-1.2136|0.0702||8.60|24|8.00|8
GME211210C00160000|18.50|19.60|15.00|21.00|15.98|2|-5.02|-0.2390|50|254|1|28|0.6136|0.0110|0.0117|-1.3295|0.0745||16.90|12|15.15|62
GME211210P00160000|10.40|11.85|8.50|9.45|10.18|2|0.73|0.0772|56|497|1|462|-0.3846|0.0116|-0.0101|-1.2596|0.0744||10.40|17|9.80|1
GME211210C00165000|16.50|16.50|12.35|18.15|13.41|1|-4.74|-0.2612|57|60|1|162|0.5553|0.0118|0.0107|-1.3211|0.0769||13.95|5|12.95|31
GME211210P00165000|12.95|14.18|10.30|10.85|12.30|1|1.45|0.1336|22|384|3|438|-0.4457|0.0124|-0.0118|-1.2647|0.0769||12.75|18|11.95|4
GME211210C00170000|12.80|14.60|10.00|14.85|11.20|1|-3.65|-0.2458|156|177|1|471|0.4954|0.0120|0.0097|-1.3210|0.0776||11.45|1|10.80|19
GME211210P00170000|15.35|17.00|12.10|13.48|15.01|1|1.53|0.1135|154|595|1|249|-0.5086|0.0126|-0.0136|-1.2580|0.0776||15.40|22|14.45|8
GME211210C00175000|10.15|11.91|8.30|13.46|8.73|2|-4.73|-0.3514|199|272|10|174|0.4368|0.0120|0.0086|-1.2971|0.0767||9.40|5|8.40|51
GME211210P00175000|18.75|19.50|15.38|16.00|18.57|2|2.57|0.1606|-4|518|100|190|-0.5696|0.0125|-0.0154|-1.2360|0.0765||19.45|50|17.35|10
GME211210C00177500|12.00|12.00|7.50|12.00|7.63|3|-4.37|-0.3642|20|47|1|154|0.4049|0.0120|0.0081|-1.2472|0.0754||8.50|5|7.30|108
GME211210P00177500|20.35|20.35|16.80|22.55|19.54|3|-3.01|-0.1335|32|266|18|41|-0.6090|0.0129|-0.0164|-1.1386|0.0747||21.80|38|18.90|7
GME211210C00180000|8.40|10.00|6.50|11.20|7.21|4|-3.99|-0.3563|98|404|1|386|0.3793|0.0117|0.0076|-1.2381|0.0741||7.65|5|7.00|54
GME211210P00180000|21.67|23.10|18.48|19.50|22.55|4|3.05|0.1564|-75|630|1|38|-0.6176|0.0115|-0.0170|-1.2609|0.0742||23.55|40|20.70|4
GME211210C00182500|7.53|8.70|6.00|9.20|6.25|5|-2.95|-0.3207|82|148|1|97|0.3528|0.0114|0.0071|-1.2089|0.0723||6.85|15|6.20|64
GME211210P00182500|21.20|23.00|21.20|26.97|21.60|5|-5.37|-0.1991|27|232|5|10|-0.7025|0.0136|-0.0188|-0.8808|0.0674||25.50|37|22.35|7
GME211210C00185000|7.00|8.00|5.30|9.00|5.89|6|-3.11|-0.3456|114|246|1|467|0.3276|0.0111|0.0066|-1.1765|0.0703||6.15|1|5.55|65
GME211210P00185000|24.00|26.95|22.09|22.22|26.37|6|4.15|0.1868|13|469|100|113|-0.6647|0.0108|-0.0186|-1.2268|0.0709||27.45|34|24.25|4
GME211210C00187500|5.05|7.00|4.70|8.15|5.15|7|-3.00|-0.3681|18|82|1|59|0.3048|0.0107|0.0062|-1.1479|0.0682||5.50|1|4.85|72
GME211210P00187500|24.95|28.00|24.95|29.08|28.00|7|-1.08|-0.0371|3|259|3|7|-0.7289|0.0115|-0.0201|-0.9506|0.0645||29.25|46|26.00|7
GME211210C00190000|6.42|6.71|4.25|8.00|4.70|8|-3.30|-0.4125|151|350|3|267|0.2764|0.0104|0.0056|-1.0745|0.0651||4.90|1|4.65|7
GME211210P00190000|27.48|30.38|26.60|29.43|27.21|8|-2.22|-0.0754|14|512|1|13|-0.8003|0.0116|-0.0218|-0.6769|0.0544||31.40|38|27.90|10
GME211210C00192500|5.25|5.85|4.05|6.25|4.05|9|-2.20|-0.3520|0|88|1|42|0.2578|0.0099|0.0052|-1.0510|0.0628||4.50|5|3.90|64
GME211210P00192500|30.60|30.60|27.83|35.21|27.83|9|-7.38|-0.2096|4|122|2|7|-0.9135|0.0092|-0.0245|-0.2708|0.0307||33.50|34|30.10|4
GME211210C00195000|6.25|6.25|3.50|6.43|3.90|10|-2.53|-0.3935|42|292|1|142|0.2396|0.0095|0.0049|-1.0202|0.0604||4.00|5|3.75|30
GME211210P00195000|31.53|31.53|31.53|35.56|31.53|10|-4.03|-0.1133|18|303|4|8|-0.8389|0.0100|-0.0233|-0.5965|0.0477||35.75|33|31.80|9
GME211210C00197500|4.90|4.90|3.24|6.00|3.40|11|-2.60|-0.4333|21|127|1|97|0.2182|0.0090|0.0045|-0.9620|0.0574||3.70|14|3.30|59
GME211210P00197500|34.54|34.54|31.95|36.83|33.48|11|-3.35|-0.0910|1|120|4|15|-0.8786|0.0087|-0.0245|-0.4657|0.0393||37.85|19|34.20|4
GME211210C00200000|4.30|5.20|2.84|5.67|3.20|12|-2.47|-0.4356|954|1728|1|1342|0.2025|0.0086|0.0041|-0.9294|0.0549||3.30|4|3.10|10
GME211210P00200000|36.41|39.35|35.85|43.50|38.12|12|-5.38|-0.1237|19|699|1|24|-0.7788|0.0086|-0.0229|-1.0286|0.0580||40.05|24|35.95|13
GME211210C00202500|4.30|4.35|2.59|5.15|2.79|13|-2.36|-0.4583|17|94|5|79|0.1838|0.0081|0.0038|-0.8717|0.0517||3.05|7|2.64|57
GME211210P00202500||||45.70|45.70|13|0.00|0.0000|-13|35|0|0|-0.6869|0.0070|-0.0218|-1.7907|0.0692||42.30|23|38.15|4
GME211210C00205000|3.50|3.85|2.36|4.74|2.60|14|-2.14|-0.4515|69|238|1|112|0.1720|0.0077|0.0035|-0.8480|0.0496||2.79|18|2.45|42
GME211210P00205000||||38.52|38.52|14|0.00|0.0000|4|180|0|0|-0.7866|0.0076|-0.0238|-1.1127|0.0566||44.65|21|40.20|12
GME211210C00207500|3.00|3.35|2.32|4.00|2.45|15|-1.55|-0.3875|4|82|1|30|0.1687|0.0073|0.0035|-0.8717|0.0490||2.55|6|2.15|49
GME211210P00207500|42.18|42.53|42.18|49.37|42.53|15|-6.84|-0.1385|6|26|5|6|-0.9523|0.0047|-0.0274|-0.2104|0.0193||46.95|21|42.70|2
GME211210C00210000|2.99|3.21|2.00|4.02|2.20|16|-1.82|-0.4527|23|359|1|219|0.1516|0.0069|0.0031|-0.8047|0.0457||2.35|5|2.10|23
GME211210P00210000|44.42|46.60|42.55|47.00|46.60|16|-0.40|-0.0085|29|141|2|29|-0.8685|0.0067|-0.0260|-0.6805|0.0415||49.35|25|45.20|1
GME211210C00212500|2.92|2.96|1.91|3.05|2.01|17|-1.04|-0.3410|8|88|1|27|0.1406|0.0065|0.0029|-0.7706|0.0434||2.15|5|1.94|28
GME211210P00212500|48.25|48.25|48.25|44.38|48.25|17|3.87|0.0872|1|38|1|1|-0.9103|0.0057|-0.0272|-0.4620|0.0315||51.55|15|47.70|13
GME211210C00215000|3.35|3.35|1.78|3.50|1.86|18|-1.64|-0.4686|50|216|10|59|0.1310|0.0061|0.0027|-0.7407|0.0414||2.00|9|1.80|32
GME211210P00215000|52.12|52.12|52.12|50.45|52.12|18|1.67|0.0331|41|73|1|1|-0.9286|0.0049|-0.0279|-0.3754|0.0265||54.05|33|49.80|13
GME211210C00217500|3.20|3.20|1.63|2.86|1.63|19|-1.23|-0.4301|5|35|1|13|0.1216|0.0058|0.0025|-0.7082|0.0393||1.83|3|1.70|20
GME211210P00217500|53.30|53.30|53.30|49.60|53.30|19|3.70|0.0746|10|37|1|1|-0.9119|0.0052|-0.0279|-0.4931|0.0311||56.50|18|52.30|4
GME211210C00220000|2.95|2.95|1.50|3.00|1.66|20|-1.34|-0.4467|8|421|1|398|0.1153|0.0055|0.0024|-0.6930|0.0378||1.70|3|1.60|9
GME211210P00220000|54.50|54.50|54.50|55.33|54.50|20|-0.83|-0.0150|9|165|2|2|-0.7713|0.0058|-0.0257|-1.5672|0.0589||58.80|20|54.75|13
GME211210C00222500|2.64|2.64|1.47|2.00|1.47|21|-0.53|-0.2650|4|92|1|29|0.1092|0.0052|0.0022|-0.6762|0.0364||1.59|3|1.36|63
GME211210P00222500||||42.95|42.95|21|0.00|0.0000|1|39|0|0|-0.9984|0.0003|-0.0304|-0.0078|0.0010||61.25|5|56.45|13
GME211210C00225000|2.60|2.60|1.27|2.70|1.37|22|-1.33|-0.4926|124|472|1|152|0.1068|0.0050|0.0022|-0.6776|0.0359||1.47|1|1.36|18
GME211210P00225000|54.45|61.85|54.45|63.55|61.85|22|-1.70|-0.0268|15|477|1|2|-0.8720|0.0053|-0.0282|-0.8307|0.0409||63.65|11|58.85|18
GME211210C00227500|2.19|2.19|1.36|2.10|1.36|23|-0.74|-0.3524|11|35|1|12|0.0998|0.0047|0.0021|-0.6547|0.0341||1.40|4|1.24|50
GME211210P00227500||||34.06|34.06|23|0.00|0.0000|0|35|0|0|-1.0000|0.0000|-0.0312|0.0007|0.0000||66.10|4|61.30|8
GME211210C00230000|2.02|2.02|1.15|2.40|1.29|24|-1.11|-0.4625|75|470|2|151|0.0942|0.0044|0.0019|-0.6341|0.0327||1.33|6|1.24|11
GME211210P00230000||||63.29|63.29|24|0.00|0.0000|-18|20|0|0|-0.8210|0.0052|-0.0280|-1.3171|0.0509||68.60|11|63.75|8
GME211210C00232500|1.97|1.97|1.20|1.90|1.20|25|-0.70|-0.3684|22|55|1|14|0.0887|0.0042|0.0018|-0.6122|0.0313||1.27|17|1.08|32
GME211210P00232500||||68.97|68.97|25|0.00|0.0000|-1|5|0|0|-0.8945|0.0045|-0.0297|-0.7397|0.0355||70.95|4|66.20|16
GME211210C00235000|2.04|2.04|1.09|2.11|1.11|26|-1.00|-0.4739|-34|864|8|104|0.0820|0.0040|0.0017|-0.5780|0.0295||1.20|13|1.06|43
GME211210P00235000||||74.05|74.05|26|0.00|0.0000|-3|32|0|0|-0.8222|0.0049|-0.0287|-1.3818|0.0507||73.40|7|68.70|16
GME211210C00237500|1.67|1.67|1.26|2.00|1.35|27|-0.65|-0.3250|1|20|1|3|0.0944|0.0041|0.0019|-0.6894|0.0329||1.15|6|1.03|38
GME211210P00237500||||76.45|76.45|27|0.00|0.0000|-1|24|0|0|-0.8268|0.0048|-0.0292|-1.3752|0.0498||75.80|3|71.15|16
GME211210C00240000|1.58|1.67|0.96|1.91|1.07|28|-0.84|-0.4398|-15|302|1|113|0.0752|0.0036|0.0015|-0.5565|0.0276||1.09|4|1.06|1
GME211210P00240000|74.06|74.06|74.06|79.00|74.06|28|-4.94|-0.0625|-3|31|1|1|-0.8136|0.0047|-0.0293|-1.5372|0.0522||78.30|11|73.65|16
GME211210C00245000|1.42|1.45|0.90|1.80|1.00|29|-0.80|-0.4444|16|182|1|104|0.0722|0.0034|0.0015|-0.5601|0.0268||1.02|10|0.91|22
GME211210P00245000||||50.19|50.19|29|0.00|0.0000|0|23|0|0|-0.9999|0.0000|-0.0336|0.0003|0.0001||83.20|11|78.50|16
GME211210C00250000|1.50|1.60|0.81|1.71|0.92|30|-0.79|-0.4620|563|2863|3|1802|0.0662|0.0031|0.0014|-0.5349|0.0250||0.94|1|0.89|9
GME211210P00250000|83.20|83.20|83.20|60.35|83.20|30|22.85|0.3786|0|15|2|2|-0.9997|0.0001|-0.0342|-0.0016|0.0002||88.10|11|83.45|16
GME211210C00255000|1.33|1.33|0.58|1.61|0.85|31|-0.76|-0.4720|12|73|1|211|0.0575|0.0028|0.0012|-0.4817|0.0224||0.88|1|0.81|13
GME211210P00255000||||40.40|40.40|31|0.00|0.0000|0|5|0|0|-1.0000|0.0000|-0.0349|0.0008|0.0000||93.00|11|88.40|16
GME211210C00260000|1.45|1.45|0.73|1.44|0.80|32|-0.64|-0.4444|-82|892|1|1284|0.0554|0.0026|0.0011|-0.4822|0.0218||0.84|3|0.76|8
GME211210P00260000||||69.85|69.85|32|0.00|0.0000|0|22|0|0|-0.9996|0.0001|-0.0356|-0.0022|0.0003||97.95|11|93.40|16
GME211210C00270000|0.88|1.15|0.64|1.30|0.68|33|-0.62|-0.4769|-13|180|1|296|0.0482|0.0022|0.0010|-0.4488|0.0195||0.75|6|0.62|19
GME211210P00270000||||103.46|103.46|33|0.00|0.0000|1|15|0|0|-0.8417|0.0036|-0.0340|-1.6177|0.0470||107.85|10|103.35|12
GME211210C00280000|1.14|1.14|0.57|1.08|0.65|34|-0.43|-0.3981|17|259|1|60|0.0438|0.0020|0.0009|-0.4337|0.0181||0.68|3|0.60|19
GME211210P00280000||||112.20|112.20|34|0.00|0.0000|5|6|0|0|-0.8695|0.0032|-0.0359|-1.3903|0.0413||117.75|10|113.30|9
GME211210C00290000|1.09|1.09|0.54|1.10|0.56|35|-0.54|-0.4909|384|555|1|45|0.0394|0.0018|0.0008|-0.4121|0.0166||0.62|2|0.54|15
GME211210P00290000||||82.25|82.25|35|0.00|0.0000|0|7|0|0|-1.0000|0.0000|-0.0397|0.0008|0.0000||127.65|10|123.25|12
GME211210C00300000|0.90|0.95|0.43|1.00|0.56|36|-0.44|-0.4400|291|1210|1|601|0.0367|0.0016|0.0007|-0.4064|0.0157||0.56|11|0.55|1
GME211210P00300000||||76.00|76.00|36|0.00|0.0000|0|14|0|0|-1.0000|0.0000|-0.0411|0.0010|0.0000||137.55|12|133.25|3
GME211210C00310000|0.93|0.93|0.45|1.00|0.47|37|-0.53|-0.5300|19|283|1|32|0.0312|0.0014|0.0006|-0.3609|0.0137||0.54|17|0.46|17
GME211210P00310000||||83.61|83.61|37|0.00|0.0000|0|4|0|0|-1.0000|0.0000|-0.0425|0.0008|0.0000||147.50|12|143.25|8
GME211210C00320000|1.10|1.10|0.44|0.90|0.49|38|-0.41|-0.4556|1|277|1|21|0.0287|0.0012|0.0006|-0.3468|0.0128||0.49|14|0.45|3
GME211210P00320000||||89.47|89.47|38|0.00|0.0000|0|3|0|0|-1.0000|0.0000|-0.0438|0.0010|0.0000||157.45|12|153.25|3
GME211210C00330000|0.73|0.73|0.42|0.80|0.44|39|-0.36|-0.4500|3|249|1|205|0.0278|0.0012|0.0006|-0.3499|0.0124||0.46|4|0.43|10
GME211210P00330000||||||39||||0|0|0|-1.0000|0.0000|-0.0452|0.0011|0.0000||167.40|10|161.40|15
GME211210C00340000|0.75|0.78|0.34|0.82|0.34|40|-0.48|-0.5854|44|131|1|63|0.0229|0.0010|0.0005|-0.2982|0.0106||0.43|16|0.34|6
GME211210P00340000||||||40||||0|0|0|-1.0000|0.0000|-0.0466|0.0011|0.0000||177.35|10|171.40|15
GME211210C00350000|0.65|0.79|0.33|0.77|0.39|41|-0.38|-0.4935|62|499|10|303|0.0217|0.0009|0.0004|-0.2929|0.0101||0.39|4|0.36|2
GME211210P00350000||||||41||||0|0|0|-1.0000|0.0000|-0.0479|0.0011|0.0000||187.30|12|182.25|12
GME211210C00360000|0.61|0.61|0.32|0.77|0.32|42|-0.45|-0.5844|4|89|1|71|0.0201|0.0008|0.0004|-0.2811|0.0095||0.36|4|0.31|15
GME211210P00360000||||||42||||0|0|0|-1.0000|0.0000|-0.0493|0.0012|0.0000||197.25|12|192.25|12
GME211210C00370000|0.30|0.30|0.29|0.73|0.29|43|-0.44|-0.6027|17|38|1|2|0.0182|0.0008|0.0004|-0.2625|0.0087||0.34|5|0.29|11
GME211210P00370000||||||43||||0|0|0|-1.0000|0.0000|-0.0507|0.0012|0.0000||207.25|12|201.40|15
GME211210C00380000|0.70|0.70|0.30|0.66|0.30|44|-0.36|-0.5455|7|57|1|3|0.0184|0.0007|0.0004|-0.2735|0.0088||0.32|7|0.25|16
GME211210P00380000||||||44||||0|0|0|-1.0000|0.0000|-0.0521|0.0012|0.0000||217.20|12|212.25|5
GME211210C00390000|0.56|0.56|0.26|0.60|0.26|45|-0.34|-0.5667|27|79|1|113|0.0160|0.0007|0.0003|-0.2439|0.0078||0.29|6|0.27|7
GME211210P00390000||||||45||||0|0|0|-1.0000|0.0000|-0.0534|0.0013|0.0000||227.15|10|221.45|15
GME211210C00400000|0.54|0.54|0.20|0.54|0.26|46|-0.28|-0.5185|108|528|2|101|0.0161|0.0006|0.0003|-0.2524|0.0078||0.28|7|0.25|11
GME211210P00400000||||||46||||0|0|0|-1.0000|0.0000|-0.0548|0.0013|0.0000||237.15|10|232.25|12
GME211210C00410000|0.29|0.29|0.23|0.53|0.23|47|-0.30|-0.5660|11|70|1|43|0.0140|0.0006|0.0003|-0.2241|0.0069||0.26|6|0.22|10
GME211210P00410000||||||47||||0|0|0|-1.0000|0.0000|-0.0562|0.0013|0.0000||247.10|10|242.30|12
GME211210C00420000|0.48|0.48|0.21|0.49|0.24|48|-0.25|-0.5102|7|178|2|64|0.0137|0.0005|0.0003|-0.2249|0.0068||0.25|6|0.23|6
GME211210P00420000||||||48||||0|0|0|-1.0000|0.0000|-0.0575|0.0014|0.0000||257.05|10|252.30|12
GME211210C00430000|0.98|0.98|0.20|0.50|0.20|49|-0.30|-0.6000|2|306|1|6|0.0121|0.0005|0.0002|-0.2024|0.0061||0.31|8|0.20|1
GME211210P00430000||||||49||||0|0|0|-1.0000|0.0000|-0.0589|0.0014|0.0000||267.05|10|262.60|12
GME211210C00440000|0.35|0.42|0.20|0.44|0.21|50|-0.23|-0.5227|13|80|5|13|0.0118|0.0005|0.0002|-0.2032|0.0060||0.22|273|0.12|5
GME211210P00440000||||||50||||0|0|0|-1.0000|0.0000|-0.0644|0.0015|0.0000||277.00|10|272.30|12
GME211210C00450000|0.47|0.47|0.15|0.40|0.19|51|-0.21|-0.5250|8|296|1|555|0.0111|0.0004|0.0002|-0.1949|0.0057||0.20|1|0.11|3
GME211210P00450000||||||51||||0|0|0|-1.0000|0.0000|-0.0616|0.0015|0.0000||287.00|10|280.85|4
GME211210C00460000|0.36|0.36|0.12|0.40|0.19|52|-0.21|-0.5250|48|66|1|104|0.0110|0.0004|0.0002|-0.1964|0.0056||0.29|11|0.08|14
GME211210P00460000||||||52||||0|0|0|-1.0000|0.0000|-0.0630|0.0015|0.0000||297.00|10|291.85|12
GME211210C00470000|0.35|0.35|0.16|0.37|0.16|53|-0.21|-0.5676|1|23|1|211|0.0095|0.0004|0.0002|-0.1720|0.0049||0.67|17|0.12|100
GME211210P00470000||||||53||||0|0|0|-1.0000|0.0000|-0.0644|0.0015|0.0000||306.95|10|300.60|12
GME211210C00480000|0.31|0.48|0.15|0.40|0.18|54|-0.22|-0.5500|40|73|1|22|-0.1739|0.1082|-0.0011|-0.0169|0.0069||0.32|2|0.05|16
GME211210P00480000||||||54||||0|0|0|-1.0000|0.0000|-0.0658|0.0016|0.0000||316.95|10|310.65|12
GME211210C00490000|0.50|0.50|0.15|0.35|0.18|55|-0.17|-0.4857|8|101|3|44|0.0087|0.0003|0.0002|-0.1644|0.0046||0.24|5|0.08|1
GME211210P00490000||||||55||||0|0|0|-0.6611|0.0000|-0.0937|0.0007|0.0000||326.90|10|320.65|12
GME211210C00500000|0.35|0.35|0.11|0.38|0.15|56|-0.23|-0.6053|43|893|5|113|0.0099|0.0004|0.0002|-0.1905|0.0052||0.20|1|0.10|2
GME211210P00500000||||||56||||0|0|0|-1.0000|0.0000|-0.0685|0.0016|0.0000||336.90|10|330.65|12
GME211210C00510000|0.30|0.34|0.11|0.35|0.15|57|-0.20|-0.5714|329|2355|1|624|0.0089|0.0003|0.0002|-0.1742|0.0047||0.15|33|0.14|10
GME211210P00510000||||||57||||0|0|0|-1.0000|0.0000|-0.0699|0.0017|0.0000||346.90|10|341.55|4
GME211217C00080000||||94.56|94.56|17|0.00|0.0000|0|2|0|0|0.9035|0.0012|0.0179|-0.9849|0.0517||88.80|3|85.75|12
GME211217P00080000|1.30|1.60|1.00|1.28|1.43|17|0.15|0.1172|256|606|1|393|-0.0364|0.0010|-0.0024|-0.2590|0.0240||1.50|1|1.41|10
GME211217C00085000||||95.85|95.85|16|0.00|0.0000|0|1|0|0|0.8803|0.0012|0.0162|-1.3455|0.0602||84.15|4|80.95|12
GME211217P00085000|1.75|1.77|1.52|1.39|1.63|16|0.24|0.1727|-1|120|1|9|-0.0414|0.0012|-0.0028|-0.2726|0.0267||1.79|14|1.55|11
GME211217C00090000||||137.00|137.00|15|0.00|0.0000|0|4|0|0|0.8815|0.0007|0.0102|-2.1869|0.0600||79.35|3|76.10|16
GME211217P00090000|1.88|1.98|1.57|1.47|1.78|15|0.31|0.2109|73|141|1|42|-0.0472|0.0014|-0.0031|-0.2860|0.0297||1.97|23|1.70|16
GME211217C00100000|67.18|67.18|67.18|79.69|67.18|14|-12.51|-0.1570|0|50|3|3|0.9987|0.0002|0.0328|-0.0056|0.0013||69.40|1|66.55|13
GME211217P00100000|2.04|2.41|1.85|1.90|2.18|14|0.28|0.1474|387|1051|1|414|-0.0015|0.0002|-0.0001|-0.0061|0.0015||2.34|4|2.10|5
GME211217C00105000||||66.05|66.05|13|0.00|0.0000|0|1|0|0|0.9971|0.0003|0.0344|-0.0110|0.0027||64.40|7|61.80|13
GME211217P00105000|2.50|2.55|2.45|2.36|2.52|13|0.16|0.0678|13|153|2|8|-0.0031|0.0003|-0.0002|-0.0112|0.0028||2.75|24|2.30|22
GME211217C00110000||||73.25|73.25|12|0.00|0.0000|0|1|0|0|0.9953|0.0005|0.0359|-0.0161|0.0041||60.00|13|57.10|16
GME211217P00110000|2.64|3.20|2.58|2.50|2.87|12|0.37|0.1480|0|354|1|126|-0.0060|0.0006|-0.0003|-0.0200|0.0051||3.10|19|2.58|17
GME211217C00115000||||112.11|112.11|11|0.00|0.0000|0|2|0|0|0.9911|0.0009|0.0373|-0.0271|0.0072||55.00|4|52.50|13
GME211217P00115000|3.30|3.45|3.05|2.87|3.05|11|0.18|0.0627|18|180|1|33|-0.0115|0.0011|-0.0007|-0.0352|0.0091||3.25|12|2.94|4
GME211217C00120000||||44.77|44.77|10|0.00|0.0000|5|56|0|0|0.9834|0.0016|0.0385|-0.0460|0.0125||50.40|4|48.00|22
GME211217P00120000|3.60|3.95|3.50|3.25|3.73|10|0.48|0.1477|170|328|10|126|-0.0204|0.0018|-0.0012|-0.0568|0.0149||4.05|58|3.40|14
GME211217C00125000||||79.68|79.68|9|0.00|0.0000|0|35|0|0|0.9679|0.0027|0.0392|-0.0808|0.0217||46.25|13|43.60|21
GME211217P00125000|4.70|4.90|3.75|4.41|4.05|9|-0.36|-0.0816|148|355|1|506|-0.0347|0.0028|-0.0020|-0.0889|0.0232||4.25|12|3.95|8
GME211217C00130000|39.61|39.61|39.61|43.52|39.61|8|-3.91|-0.0898|0|10|1|1|0.9503|0.0039|0.0398|-0.1140|0.0310||41.90|2|39.35|13
GME211217P00130000|5.00|5.55|4.66|5.00|4.80|8|-0.20|-0.0400|129|335|1|84|-0.0580|0.0042|-0.0034|-0.1328|0.0350||4.95|13|4.60|5
GME211217C00135000|35.61|35.61|35.61|36.02|35.61|7|-0.41|-0.0114|0|3|1|1|0.9167|0.0058|0.0395|-0.1703|0.0462||37.75|7|35.25|22
GME211217P00135000|5.78|6.34|5.50|6.65|6.14|7|-0.51|-0.0767|2|151|1|17|-0.0875|0.0058|-0.0052|-0.1800|0.0479||6.55|81|5.45|29
GME211217C00140000|33.50|33.50|33.50|34.60|33.50|6|-1.10|-0.0318|1|149|1|1|0.8790|0.0077|0.0389|-0.2202|0.0607||33.50|6|31.30|13
GME211217P00140000|7.35|8.13|5.90|6.90|6.65|6|-0.25|-0.0362|102|915|1|266|-0.1282|0.0077|-0.0076|-0.2369|0.0632||6.95|13|6.45|11
GME211217C00145000||||27.00|27.00|5|0.00|0.0000|2|59|0|0|0.8267|0.0097|0.0373|-0.2824|0.0772||29.80|6|27.60|63
GME211217P00145000|8.40|9.49|7.70|8.20|8.70|5|0.50|0.0610|18|252|1|40|-0.1808|0.0096|-0.0108|-0.3008|0.0793||8.65|55|7.80|4
GME211217C00150000||||27.40|27.40|4|0.00|0.0000|11|82|0|0|0.7654|0.0115|0.0352|-0.3410|0.0926||26.35|6|24.15|47
GME211217P00150000|10.75|11.40|8.35|9.15|9.72|4|0.57|0.0623|40|1882|1|540|-0.2391|0.0113|-0.0144|-0.3533|0.0935||9.90|18|9.30|7
GME211217C00155000|24.92|24.92|24.92|20.20|24.92|3|4.72|0.2337|14|26|4|4|0.6989|0.0132|0.0327|-0.3843|0.1050||23.35|14|20.85|21
GME211217P00155000|12.65|12.90|10.55|12.49|12.15|3|-0.34|-0.0272|97|405|1|35|-0.3042|0.0129|-0.0185|-0.3954|0.1055||12.35|99|11.05|22
GME211217C00160000|22.03|22.32|19.65|22.85|19.65|2|-3.20|-0.1400|41|137|1|11|0.6266|0.0144|0.0297|-0.4148|0.1142||20.15|6|17.95|73
GME211217P00160000|13.30|15.25|12.10|14.25|14.59|2|0.34|0.0239|6|1046|1|72|-0.3754|0.0140|-0.0231|-0.4288|0.1144||15.05|128|13.05|37
GME211217C00165000|19.10|19.35|16.35|19.49|16.75|1|-2.74|-0.1406|-3|79|1|27|0.5602|0.0147|0.0269|-0.4400|0.1193||17.60|13|16.35|51
GME211217P00165000|16.10|17.75|13.60|15.80|16.25|1|0.45|0.0285|43|353|1|167|-0.4485|0.0145|-0.0279|-0.4509|0.1193||16.20|12|15.20|20
GME211217C00170000|17.25|17.45|14.45|19.50|14.80|1|-4.70|-0.2410|18|135|1|81|0.4782|0.0147|0.0231|-0.4486|0.1201||15.35|20|13.80|76
GME211217P00170000|19.15|20.45|16.00|17.60|19.46|1|1.86|0.1057|26|1092|7|56|-0.5196|0.0144|-0.0327|-0.4598|0.1201||20.05|65|18.00|5
GME211217C00175000|14.32|16.15|12.00|15.96|12.70|2|-3.26|-0.2043|25|208|1|47|0.4066|0.0145|0.0199|-0.4333|0.1170||12.90|11|12.00|74
GME211217P00175000|21.55|23.50|18.92|19.30|21.25|2|1.95|0.1010|65|785|2|147|-0.5887|0.0141|-0.0375|-0.4476|0.1173||23.05|66|21.00|4
GME211217C00180000|12.68|13.50|9.50|14.75|10.58|3|-4.17|-0.2827|61|503|1|342|0.3413|0.0136|0.0168|-0.4115|0.1106||11.00|10|10.25|18
GME211217P00180000|24.32|26.18|23.42|23.68|26.18|3|2.50|0.1056|54|1128|1|9|-0.6537|0.0134|-0.0422|-0.4232|0.1112||26.35|66|24.00|4
GME211217C00185000|10.90|12.00|8.88|12.22|9.00|4|-3.22|-0.2635|14|284|1|69|0.2904|0.0126|0.0144|-0.3874|0.1037||9.40|34|8.60|103
GME211217P00185000|28.90|29.62|25.52|27.75|29.62|4|1.87|0.0674|-9|246|1|21|-0.7125|0.0124|-0.0466|-0.3910|0.1028||29.95|15|27.45|11
GME211217C00187500|9.22|9.40|9.22|8.62|9.22|5|0.60|0.0696|3|42|1|4|0.3758|0.0086|0.0172|-0.7015|0.1144||8.75|27|8.00|59
GME211217P00187500||||34.50|34.50|5|0.00|0.0000|0|116|0|0|-0.5945|0.0076|-0.0436|-0.8217|0.1169||31.80|15|29.05|11
GME211217C00190000|10.50|10.50|7.65|11.00|7.71|6|-3.29|-0.2991|19|273|1|55|0.2318|0.0112|0.0116|-0.3458|0.0919||8.20|32|7.50|79
GME211217P00190000|32.80|32.80|31.00|32.96|32.62|6|-0.34|-0.0103|-15|431|1|35|-0.7616|0.0111|-0.0506|-0.3591|0.0934||33.75|16|31.25|4
GME211217C00192500|8.45|10.60|7.35|8.20|7.35|7|-0.85|-0.1037|9|39|1|11|0.3301|0.0085|0.0154|-0.6463|0.1092||7.60|12|7.00|50
GME211217P00192500||||38.40|38.40|7|0.00|0.0000|2|113|0|0|-0.6238|0.0073|-0.0465|-0.8171|0.1144||35.70|11|33.15|6
GME211217C00195000|8.00|8.35|6.68|8.75|6.68|8|-2.07|-0.2366|11|158|1|10|0.1893|0.0098|0.0095|-0.3103|0.0816||7.10|9|6.40|81
GME211217P00195000|36.78|36.78|34.80|36.79|34.80|8|-1.99|-0.0541|-32|441|1|27|-0.8048|0.0098|-0.0544|-0.3223|0.0832||37.75|24|35.00|5
GME211217C00197500|7.80|7.80|7.80|8.05|7.80|9|-0.25|-0.0311|-4|37|1|1|0.3211|0.0076|0.0147|-0.7041|0.1080||6.80|66|5.85|86
GME211217P00197500||||42.50|42.50|9|0.00|0.0000|0|93|0|0|-0.6495|0.0070|-0.0492|-0.8135|0.1117||39.80|21|37.10|4
GME211217C00200000|7.80|8.05|5.55|8.80|5.95|10|-2.85|-0.3239|716|2717|1|565|0.1547|0.0085|0.0078|-0.2767|0.0718||6.20|16|5.70|70
GME211217P00200000|39.83|39.83|35.75|40.50|38.83|10|-1.67|-0.0412|0|1919|2|50|-0.8387|0.0086|-0.0577|-0.2905|0.0738||41.90|21|39.15|4
GME211217C00202500|6.70|6.70|5.40|6.50|6.00|11|-0.50|-0.0769|-1|35|1|7|0.2754|0.0075|0.0129|-0.6234|0.1007||5.80|9|5.15|87
GME211217P00202500||||39.87|39.87|11|0.00|0.0000|3|120|0|0|-0.8120|0.0082|-0.0573|-0.3680|0.0816||44.05|21|41.25|5
GME211217C00205000|6.65|6.80|4.89|6.70|5.20|12|-1.50|-0.2239|11|64|1|16|0.2529|0.0073|0.0119|-0.5821|0.0964||5.45|9|5.00|56
GME211217P00205000|44.49|44.49|42.73|44.80|44.45|12|-0.35|-0.0078|-2|163|1|12|-0.7647|0.0075|-0.0562|-0.5271|0.0927||46.10|40|43.30|5
GME211217C00207500|6.10|6.10|5.20|5.50|5.50|13|0.00|0.0000|-1|31|1|5|0.2537|0.0070|0.0119|-0.6135|0.0966||5.25|45|4.55|65
GME211217P00207500|44.50|46.65|44.50|50.60|46.65|13|-3.95|-0.0781|35|216|1|5|-0.7766|0.0072|-0.0576|-0.5167|0.0901||48.40|48|45.50|9
GME211217C00210000|5.30|6.00|4.45|7.10|4.45|14|-2.65|-0.3732|-18|797|1|98|0.0956|0.0061|0.0048|-0.1975|0.0512||4.80|2|4.50|68
GME211217P00210000|48.25|51.30|45.75|49.35|48.10|14|-1.25|-0.0253|-7|208|2|57|-0.8998|0.0062|-0.0640|-0.2075|0.0530||50.50|22|47.35|12
GME211217C00212500|5.50|5.50|4.35|5.15|4.40|15|-0.75|-0.1456|-8|14|1|9|0.2191|0.0066|0.0103|-0.5515|0.0891||4.70|46|4.05|64
GME211217P00212500||||42.25|42.25|15|0.00|0.0000|0|59|0|0|-0.8916|0.0061|-0.0644|-0.2375|0.0561||52.75|21|49.55|11
GME211217C00215000|5.10|5.23|4.15|4.55|4.40|16|-0.15|-0.0330|6|103|1|15|0.2148|0.0063|0.0101|-0.5601|0.0880||4.40|12|3.85|75
GME211217P00215000|52.75|54.30|51.43|55.04|54.30|16|-0.74|-0.0134|3|104|6|27|-0.7815|0.0064|-0.0604|-0.5666|0.0892||55.05|22|51.65|11
GME211217C00217500||||5.10|5.10|17|0.00|0.0000|1|40|0|0|0.2269|0.0061|0.0105|-0.6239|0.0909||4.15|6|3.65|40
GME211217P00217500|55.40|56.80|55.00|54.90|56.80|17|1.90|0.0346|32|55|6|9|-0.7890|0.0061|-0.0616|-0.5684|0.0871||57.30|13|54.10|12
GME211217C00220000|4.65|4.80|3.50|5.43|3.75|18|-1.68|-0.3094|-24|1879|1|48|0.0585|0.0041|0.0030|-0.1371|0.0352||4.00|27|3.70|24
GME211217P00220000|59.00|59.00|59.00|54.49|59.00|18|4.51|0.0828|-22|424|1|1|-0.9360|0.0043|-0.0691|-0.1504|0.0378||59.65|24|56.55|2
GME211217C00222500|3.50|3.60|3.30|4.60|3.55|19|-1.05|-0.2283|1|70|1|20|0.1832|0.0057|0.0087|-0.5135|0.0800||3.75|4|3.55|10
GME211217P00222500||||49.15|49.15|19|0.00|0.0000|0|21|0|0|-0.8455|0.0056|-0.0657|-0.4184|0.0717||61.95|21|58.85|3
GME211217C00225000|4.25|4.50|3.20|4.50|3.49|20|-1.01|-0.2244|30|128|4|32|0.1690|0.0055|0.0080|-0.4821|0.0760||3.60|6|3.35|20
GME211217P00225000||||49.64|49.64|20|0.00|0.0000|0|30|0|0|-0.8806|0.0051|-0.0681|-0.3217|0.0601||64.30|21|61.10|11
GME211217C00227500|3.45|3.45|3.45|4.50|3.45|21|-1.05|-0.2333|1|9|1|1|0.1730|0.0053|0.0082|-0.5117|0.0772||3.45|5|3.10|59
GME211217P00227500||||51.86|51.86|21|0.00|0.0000|0|60|0|0|-0.9749|0.0023|-0.0735|-0.0618|0.0177||66.65|22|63.50|11
GME211217C00230000|3.80|3.90|3.05|4.80|3.20|22|-1.60|-0.3333|-6|436|1|14|0.0380|0.0029|0.0019|-0.0998|0.0249||3.40|13|3.10|44
GME211217P00230000||||64.00|64.00|22|0.00|0.0000|-1|63|0|0|-0.9593|0.0030|-0.0735|-0.1064|0.0263||69.00|13|65.85|12
GME211217C00232500||||3.80|3.80|23|0.00|0.0000|6|86|0|0|0.1798|0.0051|0.0084|-0.5645|0.0793||3.25|5|3.00|19
GME211217P00232500||||53.30|53.30|23|0.00|0.0000|0|19|0|0|-0.9778|0.0020|-0.0753|-0.0577|0.0160||71.40|20|68.65|4
GME211217C00235000|3.08|3.20|2.87|3.95|2.87|24|-1.08|-0.2734|4|78|1|11|0.1489|0.0048|0.0071|-0.4686|0.0700||3.15|10|2.89|26
GME211217P00235000||||68.76|68.76|24|0.00|0.0000|1|61|0|0|-0.8063|0.0050|-0.0683|-0.6333|0.0831||73.75|20|71.10|4
GME211217C00240000|3.05|3.50|2.75|3.45|2.80|25|-0.65|-0.1884|-35|321|1|64|0.0226|0.0018|0.0012|-0.0654|0.0162||2.94|11|2.71|26
GME211217P00240000||||65.50|65.50|25|0.00|0.0000|0|54|0|0|-0.9727|0.0021|-0.0775|-0.0782|0.0190||78.55|20|75.95|4
GME211217C00245000|3.60|3.60|2.46|3.05|2.55|26|-0.50|-0.1639|-34|196|1|12|0.1337|0.0042|0.0063|-0.4567|0.0653||2.83|34|2.43|48
GME211217P00245000|78.25|78.25|78.25|83.35|78.25|26|-5.10|-0.0612|-9|38|1|1|-0.8229|0.0045|-0.0724|-0.6290|0.0786||83.40|20|80.80|5
GME211217C00250000|2.80|3.15|2.39|3.43|2.47|27|-0.96|-0.2799|99|1244|1|105|0.0139|0.0012|0.0007|-0.0439|0.0107||2.60|12|2.42|13
GME211217P00250000|85.24|85.24|85.24|84.85|85.24|27|0.39|0.0046|-1|55|1|1|-0.9843|0.0013|-0.0814|-0.0487|0.0119||88.25|20|85.40|4
GME211217C00255000|2.25|2.72|2.25|3.21|2.28|28|-0.93|-0.2897|4|359|1|4|0.1164|0.0037|0.0055|-0.4292|0.0590||2.46|3|2.24|31
GME211217P00255000||||39.75|39.75|28|0.00|0.0000|0|5|0|0|-1.0000|0.0000|-0.0838|0.0008|0.0000||93.10|20|90.40|4
GME211217C00260000|2.57|2.81|2.12|2.85|2.30|29|-0.55|-0.1930|4|523|1|46|0.0084|0.0008|0.0004|-0.0286|0.0069||2.36|3|2.06|16
GME211217P00260000||||89.25|89.25|29|0.00|0.0000|0|21|0|0|-0.9899|0.0009|-0.0850|-0.0335|0.0082||98.00|11|94.95|13
GME211217C00270000|2.98|2.98|1.93|2.71|1.93|30|-0.78|-0.2878|-3|572|3|43|0.0055|0.0005|0.0003|-0.0202|0.0048||2.18|3|1.88|22
GME211217P00270000|107.95|107.95|107.95|65.35|107.95|30|42.60|0.6519|0|49|2|2|-0.9934|0.0006|-0.0884|-0.0231|0.0056||107.80|11|105.10|4
GME211217C00280000|2.08|2.15|1.73|2.70|1.95|31|-0.75|-0.2778|-3|2026|1|38|0.0038|0.0004|0.0002|-0.0148|0.0034||2.00|4|1.82|18
GME211217P00280000||||91.00|91.00|31|0.00|0.0000|0|10|0|0|-0.9956|0.0004|-0.0918|-0.0162|0.0039||117.65|13|114.90|4
GME211217C00290000|2.00|2.07|1.70|2.15|1.80|32|-0.35|-0.1628|2|525|1|9|0.0026|0.0003|0.0001|-0.0107|0.0024||1.88|11|1.69|21
GME211217P00290000|127.73|127.73|127.73|68.50|127.73|32|59.23|0.8647|0|25|2|2|-0.9966|0.0003|-0.0952|-0.0129|0.0030||127.50|13|124.80|4
GME211217C00300000|3.27|3.27|1.60|2.29|1.72|33|-0.57|-0.2489|24|5731|1|443|0.0017|0.0002|0.0001|-0.0075|0.0017||1.75|6|1.69|4
GME211217P00300000||||126.50|126.50|33|0.00|0.0000|0|20|0|0|-0.9979|0.0002|-0.0985|-0.0081|0.0020||137.40|13|134.75|13
GME211217C00310000|3.06|3.06|1.50|1.97|1.50|34|-0.47|-0.2386|1|368|1|64|0.0012|0.0001|0.0001|-0.0054|0.0012||1.67|7|1.50|10
GME211217P00310000||||102.75|102.75|34|0.00|0.0000|0|3|0|0|-0.9985|0.0001|-0.1018|-0.0058|0.0015||147.30|13|144.50|13
GME211217C00320000|1.48|1.71|1.48|1.80|1.49|35|-0.31|-0.1722|0|448|1|13|0.0008|0.0001|0.0000|-0.0038|0.0008||1.65|27|1.31|42
GME211217P00320000||||96.00|96.00|35|0.00|0.0000|0|17|0|0|-0.9989|0.0001|-0.1051|-0.0040|0.0011||157.20|13|154.50|4
GME211217C00330000|1.90|1.90|1.35|1.81|1.40|36|-0.41|-0.2265|0|213|1|25|0.0006|0.0001|0.0000|-0.0029|0.0006||1.52|3|1.31|25
GME211217P00330000||||159.50|159.50|36|0.00|0.0000|0|3|0|0|-0.9992|0.0001|-0.1084|-0.0027|0.0008||167.10|13|164.50|4
GME211217C00340000|1.40|1.40|1.40|1.81|1.40|37|-0.41|-0.2265|0|232|2|2|0.0004|0.0000|0.0000|-0.0023|0.0005||1.46|4|1.31|4
GME211217P00340000||||126.85|126.85|37|0.00|0.0000|0|7|0|0|-0.9994|0.0001|-0.1117|-0.0017|0.0006||177.05|13|174.25|16
GME211217C00350000|1.45|1.51|1.18|1.64|1.35|38|-0.29|-0.1768|-9|1004|1|673|0.0003|0.0000|0.0000|-0.0018|0.0004||1.40|9|1.23|7
GME211217P00350000||||133.85|133.85|38|0.00|0.0000|0|4|0|0|-0.9996|0.0000|-0.1150|-0.0012|0.0005||187.00|11|184.25|4
GME211217C00360000|1.24|1.24|1.05|1.34|1.05|39|-0.29|-0.2164|11|315|1|2|0.0003|0.0000|0.0000|-0.0016|0.0003||1.35|6|1.17|15
GME211217P00360000||||||39|||0|0|0|0|-0.9996|0.0000|-0.1183|-0.0009|0.0004||196.90|13|194.05|16
GME211217C00370000|1.15|1.17|1.15|1.49|1.17|40|-0.32|-0.2148|-1|446|1|2|0.0002|0.0000|0.0000|-0.0013|0.0003||1.33|19|1.04|32
GME211217P00370000||||172.65|172.65|40|0.00|0.0000|0|3|0|0|-0.9997|0.0000|-0.1216|-0.0004|0.0003||206.85|12|203.85|12
GME211217C00380000|1.05|1.07|1.05|1.25|1.07|41|-0.18|-0.1440|0|168|1|5|0.0002|0.0000|0.0000|-0.0012|0.0002||1.33|49|1.03|11
GME211217P00380000||||208.83|208.83|41|0.00|0.0000|-1|16|0|0|-0.9998|0.0000|-0.1249|-0.0001|0.0003||216.80|11|213.85|12
GME211217C00390000|1.25|1.25|1.15|1.50|1.15|42|-0.35|-0.2333|1|194|1|21|0.0002|0.0000|0.0000|-0.0010|0.0002||1.20|26|1.14|5
GME211217P00390000||||||42|||0|0|0|0|-0.9998|0.0000|-0.1282|0.0001|0.0002||226.75|10|223.85|12
GME211217C00400000|1.28|1.28|1.00|1.36|1.10|43|-0.26|-0.1912|91|1276|1|87|0.0001|0.0000|0.0000|-0.0008|0.0002||1.15|4|1.06|5
GME211217P00400000||||238.75|238.75|43|0.00|0.0000|0|3|0|0|-0.9998|0.0000|-0.1315|0.0002|0.0002||236.70|10|233.85|12
GME211217C00410000|1.12|1.12|0.95|1.14|0.95|44|-0.19|-0.1667|21|226|1|3|0.0001|0.0000|0.0000|-0.0006|0.0001||1.11|6|0.88|32
GME211217P00410000||||190.90|190.90|44|0.00|0.0000|0|3|0|0|-0.9999|0.0000|-0.1348|0.0004|0.0002||246.65|12|243.40|12
GME211217C00420000|0.93|1.00|0.92|1.08|0.92|45|-0.16|-0.1481|0|542|1|8|0.0001|0.0000|0.0000|-0.0005|0.0001||1.08|7|0.85|6
GME211217P00420000||||189.85|189.85|45|0.00|0.0000|0|16|0|0|-0.9999|0.0000|-0.1381|0.0010|0.0001||256.60|12|253.40|12
GME211217C00430000|0.91|0.91|0.90|0.97|0.90|46|-0.07|-0.0722|5|213|4|6|0.0001|0.0000|0.0000|-0.0005|0.0001||1.05|4|0.75|21
GME211217P00430000||||244.20|244.20|46|0.00|0.0000|0|0|0|0|-0.9999|0.0000|-0.1414|0.0011|0.0001||266.55|12|262.85|2
GME211217C00440000||||1.15|1.15|47|0.00|0.0000|0|472|0|0|0.0001|0.0000|0.0000|-0.0004|0.0001||1.01|3|0.75|1
GME211217P00440000||||||47|||0|0|0|0|-1.0000|0.0000|-0.1447|0.0012|0.0001||276.50|12|272.85|2
GME211217C00450000|0.90|0.91|0.85|0.89|0.85|48|-0.04|-0.0449|-3|683|1|82|0.0000|0.0000|0.0000|-0.0003|0.0001||0.97|4|0.67|1
GME211217P00450000||||||48|||0|0|0|0|-1.0000|0.0000|-0.1479|0.0013|0.0000||286.45|10|282.85|2
GME211217C00460000|0.73|0.90|0.73|1.00|0.90|49|-0.10|-0.1000|1|1139|3|16|0.0000|0.0000|0.0000|-0.0003|0.0001||0.96|18|0.64|37
GME211217P00460000||||261.60|261.60|49|0.00|0.0000|0|5|0|0|-1.0000|0.0000|-0.1512|0.0013|0.0000||296.45|12|292.85|2
GME211217C00470000||||1.00|1.00|50|0.00|0.0000|0|190|0|0|-0.6611|0.0000|-0.0937|0.0007|0.0000||0.88|5|0.64|25
GME211217P00470000||||||50||||0|0|0|-1.0000|0.0000|-0.1545|0.0016|0.0000||306.40|12|302.80|2
GME211217C00480000||||0.87|0.87|51|0.00|0.0000|3|243|0|0|0.0352|0.0009|0.0016|-0.2760|0.0234||0.86|6|0.64|2
GME211217P00480000||||264.21|264.21|51|0.00|0.0000|0|7|0|0|-0.9947|0.0002|-0.1575|-0.0394|0.0046||316.35|12|312.80|12
GME211217C00490000|0.80|0.80|0.80|1.00|0.80|52|-0.20|-0.2000|47|152|1|1|0.0327|0.0009|0.0015|-0.2603|0.0220||0.80|5|0.65|2
GME211217P00490000||||274.04|274.04|52|0.00|0.0000|0|7|0|0|-0.9925|0.0003|-0.1607|-0.0569|0.0062||326.35|12|322.80|12
GME211217C00500000|0.75|0.89|0.61|0.81|0.68|53|-0.13|-0.1605|-5|2436|1|30|0.0286|0.0008|0.0013|-0.2311|0.0197||0.75|6|0.60|3
GME211217P00500000||||290.05|290.05|53|0.00|0.0000|0|7|0|0|-0.9837|0.0005|-0.1636|-0.1291|0.0123||336.30|12|332.05|12
GME211217C00510000|0.85|0.85|0.49|0.88|0.65|54|-0.23|-0.2614|163|1554|2|156|0.0279|0.0007|0.0013|-0.2295|0.0193||0.70|3|0.65|2
GME211217P00510000||||277.97|277.97|54|0.00|0.0000|0|0|0|0|-0.9959|0.0002|-0.1675|-0.0318|0.0037||346.30|20|342.05|12
GME211223C00100000||||71.00|71.00|10|0.00|0.0000|-1|13|0|0|0.8927|0.0021|0.0377|-0.4422|0.0682||69.95|3|66.70|16
GME211223P00100000|2.10|2.68|2.10|1.97|2.43|10|0.46|0.2335|190|314|6|82|-0.0664|0.0020|-0.0065|-0.2314|0.0476||2.59|2|2.27|5
GME211223C00110000||||||9||||0|0|0|1.0000|0.0000|0.0542|-0.0004|0.0000||61.20|13|57.45|13
GME211223P00110000|3.30|3.35|3.05|2.76|3.26|9|0.50|0.1812|68|105|7|452|-0.0913|0.0028|-0.0089|-0.2717|0.0606||3.55|16|2.97|6
GME211223C00120000|48.67|49.37|48.67|103.35|49.37|8|-53.98|-0.5223|0|1|1|2|0.8904|0.0037|0.0486|-0.2673|0.0695||51.80|6|48.60|22
GME211223P00120000|4.05|5.25|4.05|4.64|4.10|8|-0.54|-0.1164|12|37|1|4|-0.1211|0.0037|-0.0118|-0.3012|0.0744||5.00|16|3.90|6
GME211223C00130000|40.47|41.20|40.47|40.47|41.20|7|0.73|0.0180|0|0|1|2|0.8349|0.0050|0.0481|-0.3430|0.0917||43.35|5|40.25|13
GME211223P00130000|5.72|7.20|5.72|6.15|6.07|7|-0.08|-0.0130|-6|136|4|9|-0.1726|0.0049|-0.0169|-0.3687|0.0943||6.85|18|5.40|20
GME211223C00140000||||||6||||0|0|0|1.0000|0.0000|0.0690|-0.0005|0.0000||35.90|7|32.60|13
GME211223P00140000|8.38|8.50|8.17|9.55|8.17|6|-1.38|-0.1445|0|42|1|13|-0.2312|0.0063|-0.0227|-0.4109|0.1124||8.85|6|7.80|13
GME211223C00145000||||||5||||0|0|0|1.0000|0.0000|0.0715|-0.0005|0.0000||32.00|6|29.10|14
GME211223P00145000|10.00|10.40|9.98|11.64|10.40|5|-1.24|-0.1065|11|11|1|4|-0.2721|0.0067|-0.0271|-0.4600|0.1226||10.80|15|9.35|11
GME211223C00150000||||28.10|28.10|4|0.00|0.0000|17|21|0|0|0.6900|0.0067|0.0423|-0.5173|0.1308||28.50|4|25.85|5
GME211223P00150000|12.00|12.50|10.00|11.00|11.50|4|0.50|0.0455|-45|155|1|12|-0.3090|0.0072|-0.0309|-0.4760|0.1301||11.90|4|11.05|1
GME211223C00155000||||29.20|29.20|3|0.00|0.0000|1|11|0|0|0.6462|0.0059|0.0381|-0.6505|0.1373||25.40|4|22.70|30
GME211223P00155000|14.70|14.70|13.30|14.47|13.30|3|-1.17|-0.0809|-49|78|1|2|-0.3504|0.0074|-0.0357|-0.5138|0.1368||14.65|18|12.95|5
GME211223C00160000||||25.00|25.00|2|0.00|0.0000|7|19|0|0|0.6123|0.0066|0.0374|-0.6200|0.1414||22.75|13|21.20|5
GME211223P00160000|15.25|16.90|14.45|15.00|15.65|2|0.65|0.0433|4|66|1|40|-0.3904|0.0078|-0.0400|-0.5251|0.1417||16.65|17|15.15|4
GME211223C00165000|21.88|21.88|18.60|21.20|18.60|1|-2.60|-0.1226|16|16|7|29|0.5677|0.0082|0.0369|-0.5210|0.1452||19.60|10|18.80|5
GME211223P00165000|19.20|19.20|16.80|21.87|19.09|1|-2.78|-0.1271|263|284|7|17|-0.4319|0.0082|-0.0445|-0.5250|0.1452||19.70|30|17.65|3
GME211223C00170000|19.05|19.50|16.50|22.00|16.77|1|-5.23|-0.2377|15|30|2|66|0.5267|0.0083|0.0346|-0.5290|0.1470||17.80|5|16.50|14
GME211223P00170000|23.70|23.70|21.30|19.50|21.30|1|1.80|0.0923|28|61|2|3|-0.4757|0.0086|-0.0492|-0.5143|0.1470||22.55|18|20.30|6
GME211223C00175000|19.30|19.30|14.70|16.30|15.35|2|-0.95|-0.0583|16|19|10|45|0.4967|0.0080|0.0327|-0.5544|0.1478||15.85|12|14.65|10
GME211223P00175000|23.86|24.52|21.55|27.16|24.52|2|-2.64|-0.0972|-1|47|3|5|-0.5156|0.0085|-0.0540|-0.5204|0.1472||25.50|16|23.30|9
