symbol|open|high|low|preClose|close|activeLevel|change|changeRatio|openIntChange|openInterest|latestPriceVol|volume|delta|gamma|rho|theta|vega|tradeStamptradeTime|ask|avol|bid|bvol
GME211203C00100000||||83.51|83.51|10|0.00|0.0000|-1|9|0|0|0.9772|0.0010|0.0026|-1.3942|0.0049||75.30|10|71.25|12
GME211203P00100000|0.04|0.05|0.01|0.06|0.01|10|-0.05|-0.8333|21|534|1|194|-0.0010|0.0001|0.0000|-0.0514|0.0003||0.01|1|0.00|0
GME211203C00110000||||135.99|135.99|9|0.00|0.0000|0|1|0|0|0.8722|0.0023|0.0022|-9.4065|0.0190||65.40|5|61.35|12
GME211203P00110000|0.08|0.08|0.08|0.11|0.08|9|-0.03|-0.2727|27|199|9|37|-0.0063|0.0005|0.0000|-0.2912|0.0016||0.11|21|0.01|1
GME211203C00120000||||||8||||0|0|0|1.0000|0.0000|0.0033|-0.0004|0.0000||55.60|10|51.20|27
GME211203P00120000|0.04|0.11|0.03|0.19|0.03|8|-0.16|-0.8421|165|546|5|75|-0.0033|0.0004|0.0000|-0.1184|0.0009||0.11|16|0.00|0
GME211203C00130000||||65.44|65.44|7|0.00|0.0000|0|1|0|0|0.8240|0.0038|0.0025|-8.7908|0.0235||45.60|12|41.10|14
GME211203P00130000|0.14|0.18|0.05|0.29|0.05|7|-0.24|-0.8276|7|983|2|100|-0.0071|0.0009|0.0000|-0.2048|0.0018||0.12|7|0.04|3
GME211203C00140000|32.50|32.50|32.50|55.33|32.50|6|-22.83|-0.4126|0|6|4|4|0.7537|0.0038|0.0045|-6.5463|0.0405||35.75|12|30.95|20
GME211203P00140000|0.15|0.38|0.01|0.30|0.13|6|-0.17|-0.5667|17|1168|14|396|-0.0127|0.0019|-0.0001|-0.2777|0.0030||0.13|6|0.05|39
GME211203C00150000|23.50|24.00|21.00|44.80|24.00|5|-20.80|-0.4643|0|6|1|52|0.7434|0.0066|0.0026|-7.9036|0.0292||24.80|24|21.25|55
GME211203P00150000|0.20|0.59|0.20|0.65|0.21|5|-0.44|-0.6769|149|1347|11|769|-0.0467|0.0063|-0.0002|-0.7523|0.0089||0.22|11|0.19|5
GME211203C00155000||||27.75|27.75|4|0.00|0.0000|0|5|0|0|0.8951|0.0113|0.0037|-1.4631|0.0165||20.75|22|15.75|43
GME211203P00155000|0.39|0.70|0.29|0.68|0.29|4|-0.39|-0.5735|-29|963|1|305|-0.0677|0.0098|-0.0003|-0.8744|0.0119||0.36|5|0.25|6
GME211203C00160000|23.77|23.77|12.60|23.00|12.60|3|-10.40|-0.4522|2|117|1|4|0.8412|0.0166|0.0036|-1.7643|0.0220||15.00|29|11.05|164
GME211203P00160000|1.14|1.24|0.35|0.68|0.40|3|-0.28|-0.4118|108|548|1|841|-0.3441|0.0053|-0.0856|-0.3296|0.2086||0.48|12|0.38|3
GME211203C00165000|15.40|15.40|6.20|32.50|8.90|2|-23.60|-0.7262|0|31|1|111|0.6279|0.0090|0.0024|-7.9223|0.0343||11.00|47|7.40|79
GME211203P00165000|0.62|2.20|0.40|1.20|0.65|2|-0.55|-0.4583|41|824|3|804|-0.2138|0.0271|-0.0011|-1.5673|0.0264||0.92|15|0.60|16
GME211203C00170000|6.30|6.30|3.10|13.35|4.71|1|-8.64|-0.6472|13|63|1|588|0.6258|0.0363|0.0028|-1.9799|0.0343||5.45|3|4.05|65
GME211203P00170000|1.42|4.00|0.80|1.87|1.50|1|-0.37|-0.1979|480|1414|2|1358|-0.3549|0.0372|-0.0018|-1.8625|0.0338||1.75|1|1.23|87
GME211203C00175000|7.05|7.05|1.40|9.00|1.96|1|-7.04|-0.7822|6|123|2|1774|0.4403|0.0437|0.0020|-1.7812|0.0358||2.26|1|1.81|9
GME211203P00175000|1.75|7.00|1.50|2.73|3.78|1|1.05|0.3846|485|968|1|622|-0.5609|0.0443|-0.0028|-1.7548|0.0358||3.95|1|3.15|40
GME211203C00177500|4.12|4.12|0.85|8.24|1.35|2|-6.89|-0.8362|34|41|1|1038|0.3626|0.0354|0.0017|-1.9880|0.0340||1.40|3|1.01|71
GME211203P00177500|2.70|8.95|2.20|3.58|5.00|2|1.42|0.3966|267|466|2|464|-0.4659|0.0072|-0.1122|-0.2802|0.2253||5.85|1|4.70|21
GME211203C00180000|4.60|5.00|0.54|5.75|0.73|3|-5.02|-0.8730|33|766|2|752|0.2369|0.0353|0.0011|-1.3486|0.0280||0.88|2|0.66|46
GME211203P00180000|5.29|11.50|2.63|4.40|7.25|3|2.85|0.6477|-355|1413|1|210|-0.7730|0.0360|-0.0039|-1.2621|0.0274||9.00|38|6.40|19
GME211203C00182500|3.75|3.90|0.42|4.40|0.50|4|-3.90|-0.8864|61|146|1|167|0.2429|0.0258|0.0022|-0.9479|0.0402||0.63|41|0.37|73
GME211203P00182500|7.75|13.03|3.89|5.41|9.53|4|4.12|0.7616|-45|252|1|67|-0.8622|0.0276|-0.0044|-0.8767|0.0200||11.15|17|7.85|14
GME211203C00185000|2.43|3.10|0.25|3.22|0.37|5|-2.85|-0.8851|314|795|1|1118|0.0854|0.0188|0.0004|-0.6491|0.0141||0.49|21|0.30|15
GME211203P00185000|9.16|15.95|4.90|7.21|12.40|5|5.19|0.7198|-47|541|1|91|-0.9081|0.0193|-0.0046|-0.7051|0.0149||13.15|14|10.75|17
GME211203C00187500|2.00|2.16|0.25|2.40|0.26|6|-2.14|-0.8917|-120|610|1|98|0.0555|0.0134|0.0003|-0.4695|0.0102||0.36|18|0.23|28
GME211203P00187500|7.14|17.61|7.14|8.59|14.30|6|5.71|0.6647|-33|442|1|16|-0.9495|0.0128|-0.0049|-0.4233|0.0094||15.75|20|13.45|11
GME211203C00190000|1.42|1.60|0.21|1.70|0.23|7|-1.47|-0.8647|-141|637|1|554|0.0297|0.0081|0.0001|-0.2802|0.0061||0.29|11|0.19|13
GME211203P00190000|11.26|20.31|8.25|11.17|18.18|7|7.01|0.6276|-67|766|1|103|-0.5346|0.0066|-0.1357|-0.3081|0.2253||18.05|22|15.00|70
GME211203C00192500|1.00|1.09|0.20|1.27|0.26|8|-1.01|-0.7953|-248|254|3|374|0.0703|0.0112|0.0006|-0.4047|0.0173||0.36|42|0.16|32
GME211203P00192500|10.85|24.24|10.85|12.49|24.24|8|11.75|0.9408|-8|265|3|18|-0.9823|0.0051|-0.0052|-0.1855|0.0040||22.00|20|17.25|52
GME211203C00195000|1.09|1.09|0.13|1.07|0.18|9|-0.89|-0.8318|-71|526|1|304|0.0439|0.0078|0.0002|-0.5516|0.0084||0.22|6|0.17|5
GME211203P00195000|15.20|24.67|12.95|14.76|20.55|9|5.79|0.3923|-69|557|2|23|-0.5774|0.0069|-0.1457|-0.2841|0.2219||23.70|24|20.00|49
GME211203C00197500|0.35|0.35|0.15|0.89|0.18|10|-0.71|-0.7978|-133|357|1|49|0.0093|0.0026|0.0000|-0.1182|0.0023||0.18|13|0.12|30
GME211203P00197500|17.15|26.97|15.00|17.43|25.45|10|8.02|0.4601|-4|198|1|52|-0.9825|0.0041|-0.0053|-0.2272|0.0039||26.40|55|22.35|85
GME211203C00200000|0.65|0.74|0.11|0.68|0.13|11|-0.55|-0.8088|599|1650|2|695|0.0057|0.0017|0.0000|-0.0780|0.0015||0.13|50|0.11|25
GME211203P00200000|18.50|29.61|18.50|19.88|27.70|11|7.82|0.3934|-271|727|1|67|-0.9835|0.0036|-0.0054|-0.2344|0.0037||28.60|36|25.40|12
GME211203C00202500|0.30|0.51|0.11|0.50|0.13|12|-0.37|-0.7400|164|445|1|28|0.3955|0.0063|0.0581|-0.3013|0.2183||0.15|8|0.11|5
GME211203P00202500|21.15|31.85|21.15|21.93|30.22|12|8.29|0.3780|-30|154|8|11|-0.5747|0.0057|-0.1561|-0.3476|0.2221||32.00|18|27.25|26
GME211203C00205000|0.88|0.88|0.10|0.55|0.11|13|-0.44|-0.8000|-141|693|1|105|0.0039|0.0011|0.0000|-0.0619|0.0010||0.13|5|0.10|8
GME211203P00205000|26.93|34.70|26.93|24.98|34.70|13|9.72|0.3891|-135|349|39|49|-0.5381|0.0047|-0.1579|-0.4326|0.2251||33.65|18|29.75|27
GME211203C00207500|0.15|0.15|0.08|0.55|0.09|14|-0.46|-0.8364|148|548|2|30|0.4115|0.0054|0.0579|-0.3598|0.2205||0.13|9|0.09|8
GME211203P00207500|38.35|38.35|36.84|25.68|36.84|14|11.16|0.4346|-2|33|1|6|-0.8672|0.0081|-0.0051|-2.8379|0.0194||36.35|12|32.05|117
GME211203C00210000|0.33|0.39|0.07|0.46|0.09|15|-0.37|-0.8043|73|1012|8|495|0.0028|0.0007|0.0000|-0.0505|0.0008||0.10|3|0.07|30
GME211203P00210000|28.88|40.95|28.55|29.77|37.73|15|7.96|0.2674|-51|334|38|53|-0.9871|0.0023|-0.0057|-0.2448|0.0030||38.60|17|34.70|32
GME211203C00212500|0.22|0.22|0.06|0.48|0.08|16|-0.40|-0.8333|47|344|1|33|0.0030|0.0007|0.0000|-0.0574|0.0008||0.11|9|0.07|9
GME211203P00212500|37.02|41.83|37.02|33.40|41.55|16|8.15|0.2440|0|67|1|6|-0.9654|0.0041|-0.0057|-0.7210|0.0070||41.85|17|37.20|16
GME211203C00215000|0.17|0.23|0.08|0.37|0.09|17|-0.28|-0.7568|0|792|2|175|0.0288|0.0034|0.0001|-0.6266|0.0060||0.09|11|0.08|73
GME211203P00215000|35.00|45.70|35.00|31.97|40.60|17|8.63|0.2699|-11|215|3|17|-0.9448|0.0050|-0.0056|-1.2515|0.0101||44.30|27|39.60|32
GME211203C00217500|0.16|0.16|0.07|0.38|0.08|18|-0.30|-0.7895|-3|180|1|109|0.0017|0.0004|0.0000|-0.0374|0.0005||0.09|4|0.06|9
GME211203P00217500|46.36|48.06|45.41|38.35|45.41|18|7.06|0.1841|-2|72|38|51|-0.9685|0.0035|-0.0058|-0.7260|0.0064||46.65|12|42.00|123
GME211203C00220000|0.17|0.20|0.05|0.36|0.08|19|-0.28|-0.7778|32|1410|1|187|0.0017|0.0004|0.0000|-0.0382|0.0005||0.08|1|0.06|5
GME211203P00220000|49.15|50.41|48.10|40.13|48.14|19|8.01|0.1996|-18|195|2|11|-0.9817|0.0023|-0.0059|-0.4308|0.0041||48.60|27|44.60|57
GME211203C00222500|0.09|0.09|0.07|0.37|0.07|20|-0.30|-0.8108|4|185|1|3|0.4919|0.0034|0.0571|-0.6084|0.2261||0.08|3|0.05|12
GME211203P00222500|44.57|44.57|44.57|45.85|44.57|20|-1.28|-0.0279|-6|45|1|1|-0.9256|0.0050|-0.0058|-1.9932|0.0128||51.65|17|47.05|25
GME211203C00225000|0.20|0.20|0.05|0.30|0.07|21|-0.23|-0.7667|-60|596|1|49|0.5005|0.0032|0.0566|-0.6412|0.2261||0.07|7|0.06|1
GME211203P00225000|42.95|53.85|42.95|45.20|53.43|21|8.23|0.1821|0|125|2|13|-0.9816|0.0021|-0.0061|-0.4734|0.0041||54.10|12|49.55|22
GME211203C00227500|0.14|0.14|0.04|0.50|0.05|22|-0.45|-0.9000|16|113|1|7|0.0591|0.0041|0.0005|-0.8417|0.0151||0.07|7|0.05|6
GME211203P00227500|55.10|55.10|55.10|45.48|55.10|22|9.62|0.2115|0|26|1|1|-0.9872|0.0016|-0.0062|-0.3381|0.0030||56.55|16|52.15|21
GME211203C00230000|0.24|0.24|0.03|0.24|0.06|23|-0.18|-0.7500|-39|888|1|74|0.0148|0.0017|0.0001|-0.4095|0.0034||0.06|1|0.04|15
GME211203P00230000|47.00|55.64|47.00|49.84|55.64|23|5.80|0.1164|-4|63|2|3|-0.9875|0.0015|-0.0062|-0.3448|0.0029||58.90|12|54.65|18
GME211203C00232500|0.03|0.05|0.03|0.25|0.05|24|-0.20|-0.8000|-7|86|1|2|0.4961|0.0030|0.0551|-0.6706|0.2261||0.07|6|0.03|28
GME211203P00232500||||52.32|52.32|24|0.00|0.0000|-1|33|0|0|-0.9396|0.0039|-0.0122|-0.9274|0.0154||61.45|12|57.05|55
GME211203C00235000|0.56|0.56|0.02|0.25|0.05|25|-0.20|-0.8000|-14|317|1|14|0.0063|0.0009|0.0000|-0.1839|0.0016||0.07|18|0.04|13
GME211203P00235000|53.48|64.17|53.48|53.95|61.79|25|7.84|0.1453|-31|340|1|61|-0.9973|0.0005|-0.0064|-0.0777|0.0008||63.90|12|59.70|101
GME211203C00237500|0.13|0.13|0.02|0.27|0.05|26|-0.22|-0.8148|-1|114|1|10|0.0085|0.0010|0.0000|-0.2579|0.0021||0.05|12|0.02|6
GME211203P00237500|55.98|66.67|55.98|56.45|64.30|26|7.85|0.1391|-22|262|1|61|-0.9973|0.0004|-0.0065|-0.0795|0.0008||66.40|12|62.20|56
GME211203C00240000|0.20|0.20|0.03|0.27|0.03|27|-0.24|-0.8889|64|656|1|25|0.0056|0.0007|0.0000|-0.1745|0.0015||0.05|4|0.03|1
GME211203P00240000|69.64|69.64|69.63|60.48|69.63|27|9.15|0.1513|-6|95|3|4|-0.9804|0.0018|-0.0065|-0.6252|0.0043||68.85|12|64.65|17
GME211203C00245000|0.05|0.06|0.01|0.23|0.02|28|-0.21|-0.9130|-115|299|1|31|0.0039|0.0005|0.0000|-0.1263|0.0010||0.07|16|0.02|17
GME211203P00245000|66.88|66.88|66.88|60.55|66.88|28|6.33|0.1045|-1|67|1|1|-0.6320|0.0039|-0.2134|-0.4684|0.2136||73.80|12|69.70|85
GME211203C00250000|0.06|0.12|0.02|0.14|0.04|29|-0.10|-0.7143|1181|4523|2|265|0.5137|0.0026|0.0524|-0.7894|0.2260||0.04|1|0.03|10
GME211203P00250000|75.53|75.81|75.53|70.43|75.81|29|5.38|0.0764|0|123|1|3|-0.9827|0.0015|-0.0068|-0.6161|0.0039||78.80|12|74.70|96
GME211203C00260000|0.05|0.05|0.01|0.15|0.03|30|-0.12|-0.8000|-5|709|1|59|0.0058|0.0006|0.0000|-0.2229|0.0015||0.04|5|0.03|1
GME211203P00260000|88.15|88.15|88.15|75.00|88.15|30|13.15|0.1753|0|6|1|1|-0.9989|0.0002|-0.0071|-0.0422|0.0003||88.70|12|84.75|12
GME211203C00270000|0.04|0.06|0.02|0.02|0.03|31|0.01|0.5000|20|607|1|14|0.0043|0.0004|0.0000|-0.1779|0.0011||0.04|1|0.02|8
GME211203P00270000|99.66|99.66|99.66|86.50|99.66|31|13.16|0.1521|0|21|3|4|-0.9995|0.0001|-0.0074|-0.0180|0.0002||98.80|12|94.80|70
GME211203C00280000|0.08|0.08|0.01|0.07|0.01|32|-0.06|-0.8571|46|618|1|14|0.0016|0.0002|0.0000|-0.0726|0.0005||0.05|11|0.01|7
GME211203P00280000||||95.00|95.00|32|0.00|0.0000|0|10|0|0|-0.9990|0.0001|-0.0077|-0.0439|0.0003||108.80|12|104.80|12
GME211203C00290000|0.04|0.04|0.01|0.09|0.04|33|-0.05|-0.5556|-7|495|1|12|0.0047|0.0004|0.0000|-0.2271|0.0012||0.05|1|0.03|2
GME211203P00290000||||||33||||0|0|0|-1.0000|0.0000|-0.0079|0.0009|0.0000||118.80|12|114.85|19
GME211203C00300000|0.06|0.06|0.01|0.07|0.02|34|-0.05|-0.7143|-116|2079|1|96|0.0026|0.0002|0.0000|-0.1300|0.0007||0.02|1|0.01|12
GME211203P00300000||||111.10|111.10|34|0.00|0.0000|0|2|0|0|-0.9961|0.0003|-0.0164|-0.0984|0.0015||128.80|12|124.85|10
GME211203C00310000|0.04|0.05|0.01|0.08|0.01|35|-0.07|-0.8750|-1|343|1|33|0.0013|0.0001|0.0000|-0.0700|0.0004||0.06|5|0.01|8
GME211203P00310000||||71.90|71.90|35|0.00|0.0000|0|4|0|0|-0.8887|0.0027|-0.3140|-0.1711|0.1075||138.75|12|134.85|16
GME211203C00320000|0.04|0.04|0.02|0.04|0.02|36|-0.02|-0.5000|-1|388|2|3|0.0000|0.0000|0.0000|-0.0011|0.0000||0.04|1|0.01|1
GME211203P00320000||||||36||||0|0|0|-1.0000|0.0000|-0.0175|0.0010|0.0000||148.75|12|144.85|19
GME211203C00330000||||0.06|0.06|37|0.00|0.0000|2|350|0|0|0.0066|0.0004|0.0000|-0.3946|0.0017||0.07|7|0.00|0
GME211203P00330000||||127.27|127.27|37|0.00|0.0000|-2|0|0|0|-1.0000|0.0000|-0.0090|0.0004|0.0000||158.75|12|154.85|11
GME211203C00340000|0.01|0.01|0.01|0.06|0.01|38|-0.05|-0.8333|4|139|1|2|0.0012|0.0001|0.0000|-0.0758|0.0004||0.04|2|0.00|0
GME211203P00340000||||134.20|134.20|38|0.00|0.0000|0|1|0|0|-0.9995|0.0001|-0.0186|-0.0146|0.0002||168.75|12|164.85|15
GME211203C00350000|0.01|0.03|0.01|0.04|0.03|39|-0.01|-0.2500|-10|1227|1|94|0.0029|0.0002|0.0000|-0.1855|0.0008||0.04|1|0.00|0
GME211203P00350000||||136.35|136.35|39|0.00|0.0000|-1|2|0|0|-1.0000|0.0000|-0.0096|0.0010|0.0000||178.75|12|174.85|15
GME211203C00360000|0.01|0.03|0.01|0.09|0.03|40|-0.06|-0.6667|0|159|25|83|0.0026|0.0002|0.0000|-0.1731|0.0007||0.03|4|0.00|0
GME211203P00360000||||||40||||0|0|0|-1.0000|0.0000|-0.0099|0.0011|0.0000||188.75|12|184.85|16
GME211203C00370000|0.01|0.01|0.01|0.02|0.01|41|-0.01|-0.5000|-1|87|1|1|0.0011|0.0001|0.0000|-0.0777|0.0003||0.02|1|0.00|0
GME211203P00370000||||136.05|136.05|41|0.00|0.0000|0|1|0|0|-1.0000|0.0000|-0.0101|0.0011|0.0000||198.75|12|194.85|16
GME211203C00380000|0.01|0.01|0.01|0.04|0.01|42|-0.03|-0.7500|-1|100|6|20|0.0010|0.0001|0.0000|-0.0744|0.0003||0.01|1|0.00|0
GME211203P00380000||||170.35|170.35|42|0.00|0.0000|0|0|0|0|-1.0000|0.0000|-0.0104|0.0007|0.0000||208.75|12|204.85|16
GME211203C00390000|0.04|0.04|0.04|0.02|0.04|43|0.02|1.0000|-2|89|1|1|0.6648|0.0012|0.0374|-1.4324|0.2065||0.04|2|0.00|0
GME211203P00390000|216.55|216.55|216.55|216.55|216.55|43|0.00|0.0000|0|0|1|1|-1.0000|0.0000|-0.0107|0.0012|0.0000||218.75|12|214.85|16
GME211203C00400000|0.01|0.01|0.01|0.02|0.01|44|-0.01|-0.5000|-4|2445|1|17|0.0010|0.0001|0.0000|-0.0741|0.0003||0.01|2|0.00|0
GME211203P00400000||||215.38|215.38|44|0.00|0.0000|0|0|0|0|-0.6895|0.0023|-0.3918|-0.6973|0.2001||228.75|12|224.85|10
GME211203C00410000||||0.03|0.03|45|0.00|0.0000|3|1058|0|0|0.6675|0.0012|0.0366|-1.4653|0.2059||0.01|8|0.00|0
GME211203P00410000||||||45||||0|0|0|-1.0000|0.0000|-0.4380|0.0013|0.0000||238.75|12|234.85|16
GME211203C00420000|0.01|0.01|0.01|0.01|0.01|46|0.00|0.0000|3|234|2|2|0.0009|0.0001|0.0000|-0.0752|0.0003||0.01|1|0.00|0
GME211203P00420000||||||46||||0|0|0|-1.0000|0.0000|-0.0115|0.0013|0.0000||248.75|12|244.85|10
GME211203C00430000||||0.03|0.03|47|0.00|0.0000|0|70|0|0|0.0023|0.0001|0.0000|-0.1924|0.0007||0.02|100|0.00|0
GME211203P00430000||||||47||||0|0|0|-1.0000|0.0000|-0.0118|0.0013|0.0000||258.75|12|254.45|3
GME211203C00440000||||0.08|0.08|48|0.00|0.0000|1|71|0|0|0.0051|0.0003|0.0000|-0.4380|0.0013||0.01|4|0.00|0
GME211203P00440000||||||48||||0|0|0|-1.0000|0.0000|-0.0121|0.0014|0.0000||268.75|12|264.85|3
GME211203C00450000|0.01|0.01|0.01|0.01|0.01|49|0.00|0.0000|4|487|2|4|0.6507|0.0012|0.0364|-1.4989|0.2098||0.01|100|0.00|0
GME211203P00450000||||||49||||0|0|0|-1.0000|0.0000|-0.0123|0.0014|0.0000||278.75|12|274.45|3
GME211203C00460000||||0.01|0.01|50|0.00|0.0000|4|63|0|0|0.0009|0.0001|0.0000|-0.0760|0.0003||0.01|100|0.00|0
GME211203P00460000||||||50||||0|0|0|-1.0000|0.0000|-0.0126|0.0014|0.0000||288.75|12|284.45|3
GME211203C00470000||||0.01|0.01|51|0.00|0.0000|9|200|0|0|0.0008|0.0001|0.0000|-0.0734|0.0003||0.01|100|0.00|0
GME211203P00470000||||||51||||0|0|0|-1.0000|0.0000|-0.0258|0.0014|0.0000||298.75|12|294.45|3
GME211203C00480000||||0.06|0.06|52|0.00|0.0000|0|91|0|0|0.0037|0.0002|0.0000|-0.3450|0.0010||0.01|100|0.00|0
GME211203P00480000||||||52||||0|0|0|-1.0000|0.0000|-0.0132|0.0015|0.0000||308.75|12|304.85|3
GME211203C00490000|0.01|0.01|0.01|0.06|0.01|53|-0.05|-0.8333|0|250|1|10|0.6738|0.0011|0.0343|-1.5711|0.2043||0.01|100|0.00|0
GME211203P00490000||||||53||||0|0|0|-1.0000|0.0000|-0.0134|0.0015|0.0000||318.75|12|314.45|3
GME211203C00500000|0.01|0.02|0.01|0.03|0.02|54|-0.01|-0.3333|9|1379|20|37|0.0014|0.0001|0.0000|-0.1373|0.0004||0.02|300|0.00|0
GME211203P00500000||||||54||||0|0|0|-1.0000|0.0000|-0.0274|0.0015|0.0000||328.75|12|324.45|3
GME211203C00510000|0.01|0.01|0.01|0.02|0.01|55|-0.01|-0.5000|121|5819|4|102|0.0008|0.0000|0.0000|-0.0749|0.0002||0.01|132|0.00|0
GME211203P00510000||||||55||||0|0|0|-1.0000|0.0000|-0.0140|0.0016|0.0000||338.75|12|334.80|3
GME211210C00100000||||86.01|86.01|11|0.00|0.0000|0|1|0|0|0.8966|0.0005|0.0304|-0.6658|0.1107||76.40|10|72.10|12
GME211210P00100000|0.55|0.98|0.50|0.48|0.90|11|0.42|0.8750|29|239|1|169|-0.0314|0.0013|-0.0014|-0.2485|0.0182||0.90|13|0.86|10
GME211210C00110000||||76.13|76.13|10|0.00|0.0000|0|2|0|0|0.8392|0.0019|0.0146|-1.9135|0.0627||66.20|4|62.30|12
GME211210P00110000|0.58|1.22|0.54|0.60|1.05|10|0.45|0.7500|9|215|1|114|-0.0300|0.0015|-0.0013|-0.1916|0.0175||1.15|6|0.97|18
GME211210C00120000|56.97|56.97|56.97|76.03|56.97|9|-19.06|-0.2507|0|1|1|1|0.8610|0.0030|0.0196|-1.0115|0.0569||56.55|13|52.90|15
GME211210P00120000|0.97|1.61|0.75|1.00|1.35|9|0.35|0.3500|167|263|1|553|-0.0580|0.0026|-0.0025|-0.3206|0.0298||1.49|6|1.36|12
GME211210C00130000||||||8||||0|0|0|1.0000|0.0000|0.0285|-0.0004|0.0000||47.20|13|43.35|21
GME211210P00130000|1.50|2.25|1.28|1.45|2.15|8|0.70|0.4828|0|431|16|578|-0.0913|0.0040|-0.0044|-0.3751|0.0447||2.15|6|1.95|7
GME211210C00140000|36.10|36.10|36.10|56.44|36.10|7|-20.34|-0.3604|0|29|2|4|0.8178|0.0056|0.0226|-0.7869|0.0677||38.20|7|34.55|13
GME211210P00140000|1.89|3.50|1.89|2.18|3.31|7|1.13|0.5183|142|441|4|103|-0.1268|0.0058|-0.0054|-0.4642|0.0534||3.40|27|3.00|16
GME211210C00145000|30.25|30.25|30.25|30.25|30.25|6|0.00|0.0000||0|1|1|0.8155|0.0067|0.0238|-0.6590|0.0684||33.95|18|30.30|18
GME211210P00145000|2.92|4.50|2.92|2.80|4.25|6|1.45|0.5179||15|1|43|-0.1609|0.0070|-0.0068|-0.5314|0.0627||4.25|25|3.75|32
GME211210C00150000|30.00|31.00|25.20|34.20|27.79|5|-6.41|-0.1874|1|20|50|56|0.8156|0.0086|0.0251|-0.5177|0.0684||30.00|25|26.75|25
GME211210P00150000|3.30|6.05|3.30|3.50|4.98|5|1.48|0.4229|240|460|1|505|-0.1997|0.0083|-0.0085|-0.5896|0.0718||5.40|44|4.75|24
GME211210C00155000|25.10|25.10|23.00|58.70|23.00|4|-35.70|-0.6082|0|45|1|2|0.6896|0.0032|0.0151|-2.4383|0.0906||26.15|28|22.60|38
GME211210P00155000|4.27|6.90|4.27|4.65|6.40|4|1.75|0.3763|49|244|1|37|-0.2498|0.0094|-0.0107|-0.6678|0.0815||6.80|50|5.95|41
GME211210C00160000|25.52|25.52|18.78|29.75|21.00|3|-8.75|-0.2941|0|204|6|35|0.6735|0.0084|0.0204|-0.9633|0.0926||22.75|65|19.15|76
GME211210P00160000|5.47|9.10|5.47|5.80|7.85|3|2.05|0.3534|55|441|1|163|-0.3060|0.0107|-0.0132|-0.7190|0.0898||8.30|41|7.50|32
GME211210C00165000|21.90|21.90|18.92|21.75|18.92|2|-2.83|-0.1301|1|3|3|5|0.6274|0.0089|0.0192|-1.0101|0.0971||19.60|41|16.10|24
GME211210P00165000|7.22|11.25|7.22|7.35|10.00|2|2.65|0.3605|42|362|1|160|-0.3684|0.0048|-0.1135|-0.3203|0.2321||10.15|42|9.30|29
GME211210C00170000|17.07|17.07|12.81|20.20|15.10|1|-5.10|-0.2525|5|21|1|64|0.6059|0.0049|0.0918|-0.3255|0.2369||16.05|38|14.15|48
GME211210P00170000|8.15|13.47|8.15|9.07|11.81|1|2.74|0.3021|81|441|4|208|-0.4209|0.0122|-0.0184|-0.7857|0.1004||12.65|60|11.45|39
GME211210C00175000|17.95|17.95|11.00|17.18|13.22|1|-3.96|-0.2305|48|73|3|158|0.5171|0.0124|0.0170|-0.7990|0.1023||13.35|29|12.15|26
GME211210P00175000|10.83|16.50|9.85|10.95|14.50|1|3.55|0.3242|104|522|1|133|-0.4839|0.0127|-0.0213|-0.7837|0.1023||15.10|35|13.85|30
GME211210C00177500|11.55|12.00|10.00|15.85|12.00|2|-3.85|-0.2429||27|1|116|0.4865|0.0124|0.0161|-0.7990|0.1024||12.55|69|10.65|72
GME211210P00177500|10.66|17.25|10.66|12.55|16.35|2|3.80|0.3028||234|1|80|-0.4315|0.0051|-0.1362|-0.3319|0.2420||16.55|39|15.20|38
GME211210C00180000|15.00|16.00|8.78|14.20|9.95|3|-4.25|-0.2993|227|306|1|140|0.4480|0.0127|0.0149|-0.7683|0.1013||11.30|31|9.90|47
GME211210P00180000|13.51|19.40|11.89|13.30|17.05|3|3.75|0.2820|99|705|2|72|-0.5465|0.0127|-0.0243|-0.7740|0.1017||18.10|27|16.65|35
GME211210C00182500|11.05|11.05|8.10|13.40|10.10|4|-3.30|-0.2463||66|1|33|0.4267|0.0123|0.0142|-0.7845|0.1007||10.35|43|9.10|27
GME211210P00182500|13.50|21.30|13.50|15.15|18.95|4|3.80|0.2508||205|1|26|-0.5712|0.0121|-0.0257|-0.7961|0.1008||20.75|68|17.15|71
GME211210C00185000|12.65|12.65|7.20|12.66|8.80|5|-3.86|-0.3049|24|132|1|83|0.5337|0.0051|0.0830|-0.3403|0.2447||9.45|35|8.55|2
GME211210P00185000|15.65|21.60|13.50|16.25|20.50|5|4.25|0.2615|98|456|1|32|-0.6078|0.0121|-0.0274|-0.7618|0.0984||21.35|42|19.00|61
GME211210C00187500|11.40|11.40|6.76|11.44|7.17|6|-4.27|-0.3733|45|64|1|10|0.3832|0.0111|0.0128|-0.8171|0.0980||9.10|54|7.20|37
GME211210P00187500|23.89|24.95|21.00|17.83|21.00|6|3.17|0.1778|129|256|2|6|-0.6338|0.0118|-0.0288|-0.7524|0.0964||23.50|48|20.50|53
GME211210C00190000|11.00|11.00|6.05|10.60|7.50|7|-3.10|-0.2925|103|199|1|184|0.3481|0.0113|0.0117|-0.7557|0.0949||7.90|40|6.90|26
GME211210P00190000|19.20|26.50|18.05|19.55|23.99|7|4.44|0.2271|70|498|1|55|-0.6529|0.0113|-0.0300|-0.7506|0.0948||25.35|53|22.75|49
GME211210C00192500|10.00|10.00|5.75|10.00|7.00|8|-3.00|-0.3000|23|88|2|10|0.5020|0.0050|0.0786|-0.3475|0.2456||7.40|78|6.25|74
GME211210P00192500|20.34|20.34|20.34|21.35|20.34|8|-1.01|-0.0473|32|118|1|1|-0.4999|0.0050|-0.1640|-0.3432|0.2456||27.85|44|24.70|33
GME211210C00195000|8.25|9.15|5.10|8.91|6.20|9|-2.71|-0.3042|116|250|1|51|0.2997|0.0106|0.0101|-0.7132|0.0892||6.50|20|5.85|21
GME211210P00195000|22.27|30.00|22.27|22.88|28.23|9|5.35|0.2338|95|285|3|33|-0.7005|0.0106|-0.0326|-0.7118|0.0892||29.45|29|26.80|42
GME211210C00197500|7.69|7.69|4.85|8.26|5.25|10|-3.01|-0.3644|60|106|1|27|0.2753|0.0101|0.0093|-0.6901|0.0855||6.20|69|5.05|68
GME211210P00197500|24.10|24.10|24.10|24.48|24.10|10|-0.38|-0.0155|15|119|1|1|-0.7292|0.0102|-0.0341|-0.6725|0.0848||31.45|28|28.85|15
GME211210C00200000|7.56|7.56|4.05|7.25|5.16|11|-2.09|-0.2883|140|774|1|345|0.2480|0.0098|0.0084|-0.6406|0.0811||5.55|33|4.95|17
GME211210P00200000|24.90|33.83|24.90|26.33|32.24|11|5.91|0.2245|21|680|1|29|-0.7450|0.0098|-0.0351|-0.6586|0.0824||33.15|29|30.85|20
GME211210C00202500|6.70|6.70|4.11|8.00|4.95|12|-3.05|-0.3813|10|77|1|13|0.2597|0.0090|0.0088|-0.7289|0.0832||5.10|35|4.20|74
GME211210P00202500|32.05|34.10|32.05|27.95|33.56|12|5.61|0.2007|0|48|12|16|-0.7693|0.0094|-0.0365|-0.6156|0.0781||35.45|19|32.10|18
GME211210C00205000|6.00|6.00|3.71|5.85|4.40|13|-1.45|-0.2479|10|169|1|35|0.2090|0.0089|0.0072|-0.5776|0.0738||4.70|14|4.15|23
GME211210P00205000|31.96|38.30|31.96|30.85|38.30|13|7.45|0.2415|-1|176|1|2|-0.7499|0.0086|-0.0411|-0.6556|0.0866||37.60|29|34.50|20
GME211210C00207500|3.99|4.00|3.62|5.72|4.00|14|-1.72|-0.3007|10|78|1|14|0.2009|0.0084|0.0069|-0.5845|0.0721||4.35|27|3.80|27
GME211210P00207500|40.40|40.40|39.38|31.10|39.38|14|8.28|0.2662|2|20|1|2|-0.8212|0.0085|-0.0393|-0.5031|0.0671||39.55|13|36.65|11
GME211210C00210000|5.15|5.30|3.20|5.15|4.00|15|-1.15|-0.2233|27|336|1|152|0.1829|0.0080|0.0063|-0.5502|0.0680||4.00|16|3.45|40
GME211210P00210000|33.23|42.30|31.95|34.54|41.12|15|6.58|0.1905|7|112|1|6|-0.8034|0.0080|-0.0393|-0.6022|0.0711||42.05|17|38.80|21
GME211210C00212500|3.50|3.50|3.02|5.00|3.02|16|-1.98|-0.3960|-3|80|1|18|0.1753|0.0076|0.0060|-0.5511|0.0662||3.90|39|3.10|64
GME211210P00212500||||37.87|37.87|16|0.00|0.0000|-1|37|0|0|-0.7901|0.0075|-0.0395|-0.6912|0.0740||44.55|20|41.05|14
GME211210C00215000|4.05|4.05|2.80|4.43|3.35|17|-1.08|-0.2438|1|166|1|41|0.1576|0.0071|0.0054|-0.5097|0.0619||3.50|25|3.00|29
GME211210P00215000|48.00|48.00|43.60|37.79|43.60|17|5.81|0.1537|-2|32|3|4|-0.8509|0.0071|-0.0420|-0.4761|0.0596||46.60|21|43.05|19
GME211210C00217500|3.25|3.25|2.68|4.50|3.07|18|-1.43|-0.3178|0|30|4|13|0.1562|0.0068|0.0054|-0.5288|0.0615||3.35|33|2.84|46
GME211210P00217500|49.60|49.60|49.60|42.15|49.60|18|7.45|0.1767|2|27|10|10|-0.8298|0.0068|-0.0419|-0.5857|0.0650||49.10|9|45.55|15
GME211210C00220000|3.70|3.70|2.45|3.90|3.00|19|-0.90|-0.2308|12|413|1|77|0.1356|0.0063|0.0047|-0.4715|0.0558||3.05|13|2.69|16
GME211210P00220000|45.07|51.65|45.07|42.22|50.75|19|8.53|0.2020|1|156|2|11|-0.8491|0.0065|-0.0431|-0.5304|0.0601||51.50|8|47.60|21
GME211210C00222500|2.35|2.67|2.35|3.65|2.55|20|-1.10|-0.3014|25|88|1|8|0.3932|0.0046|0.0630|-0.3518|0.2367||2.91|23|2.51|26
GME211210P00222500|42.95|42.95|42.95|46.97|42.95|20|-4.02|-0.0856|-7|38|1|1|-0.8216|0.0063|-0.0428|-0.6763|0.0670||54.00|23|50.05|20
GME211210C00225000|3.10|3.10|2.15|3.45|2.53|21|-0.92|-0.2667|14|348|1|37|0.1508|0.0059|0.0051|-0.5763|0.0601||2.74|19|2.38|18
GME211210P00225000|51.00|58.60|51.00|47.35|55.30|21|7.95|0.1679|1|462|1|16|-0.8706|0.0058|-0.0449|-0.4816|0.0541||56.50|26|52.35|23
GME211210C00227500|2.74|2.74|2.10|3.35|2.35|22|-1.00|-0.2985|1|24|1|4|0.1146|0.0053|0.0039|-0.4386|0.0496||2.59|24|2.20|24
GME211210P00227500||||34.06|34.06|22|0.00|0.0000|0|35|0|0|-0.9985|0.0003|-0.0498|-0.0040|0.0012||58.90|8|54.80|21
GME211210C00230000|2.73|2.75|1.99|3.09|2.30|23|-0.79|-0.2557|2|395|1|143|0.1241|0.0053|0.0048|-0.4402|0.0558||2.44|14|2.13|18
GME211210P00230000|57.60|57.60|57.60|41.51|57.60|23|16.09|0.3876|0|38|2|2|-0.6820|0.0050|-0.2356|-0.2782|0.2196||61.30|8|57.15|15
GME211210C00232500|2.40|2.58|1.99|2.69|1.99|24|-0.70|-0.2602|3|33|1|6|0.1396|0.0053|0.0047|-0.5865|0.0570||2.32|17|2.02|18
GME211210P00232500||||56.09|56.09|24|0.00|0.0000|-5|6|0|0|-0.8511|0.0053|-0.0460|-0.6344|0.0594||63.75|8|59.55|22
GME211210C00235000|2.43|2.46|1.92|2.78|2.16|25|-0.62|-0.2230|-4|898|1|22|0.3707|0.0042|0.0588|-0.3680|0.2326||2.32|35|1.96|17
GME211210P00235000|61.85|67.00|61.85|58.42|65.99|25|7.57|0.1296|-1|35|7|10|-0.8547|0.0051|-0.0466|-0.6338|0.0586||66.15|6|61.90|15
GME211210C00237500|2.01|2.01|2.01|2.69|2.01|26|-0.68|-0.2528|1|19|1|1|0.1540|0.0050|0.0051|-0.6998|0.0609||2.28|74|1.71|85
GME211210P00237500|64.40|68.49|64.40|48.03|68.49|26|20.46|0.4260|0|25|7|8|-0.9560|0.0031|-0.0505|-0.1763|0.0239||68.55|14|64.25|17
GME211210C00240000|2.31|2.47|1.61|2.92|1.90|27|-1.02|-0.3493|-13|317|1|32|0.0970|0.0043|0.0033|-0.4278|0.0441||1.98|7|1.79|13
GME211210P00240000||||58.15|58.15|27|0.00|0.0000|1|34|0|0|-0.9378|0.0036|-0.0504|-0.2630|0.0314||71.15|20|66.65|23
GME211210C00245000|2.10|2.10|1.46|2.20|1.75|28|-0.45|-0.2045|-6|166|1|10|0.0755|0.0037|0.0026|-0.3446|0.0365||1.85|23|1.62|21
GME211210P00245000||||50.19|50.19|28|0.00|0.0000|0|23|0|0|-0.9964|0.0005|-0.0536|-0.0139|0.0028||76.00|11|71.40|17
GME211210C00250000|1.90|2.02|1.42|2.01|1.64|29|-0.37|-0.1841|110|2300|2|109|0.0669|0.0033|0.0023|-0.3198|0.0332||1.71|13|1.49|23
GME211210P00250000||||60.35|60.35|29|0.00|0.0000|0|15|0|0|-0.9917|0.0009|-0.0545|-0.0353|0.0058||80.75|21|76.10|4
GME211210C00255000|1.55|1.55|1.44|2.02|1.50|30|-0.52|-0.2574|-4|61|1|3|0.0983|0.0037|0.0033|-0.5077|0.0445||1.63|14|1.34|19
GME211210P00255000||||40.40|40.40|30|0.00|0.0000|0|5|0|0|-0.9998|0.0000|-0.0559|0.0001|0.0002||85.70|12|81.10|9
GME211210C00260000|1.79|1.79|1.20|1.73|1.50|31|-0.23|-0.1329|38|974|2|22|0.0573|0.0028|0.0020|-0.2974|0.0295||1.60|19|1.34|18
GME211210P00260000||||69.85|69.85|31|0.00|0.0000|0|22|0|0|-0.9911|0.0008|-0.0567|-0.0421|0.0062||90.65|22|85.75|17
GME211210C00270000|1.31|1.31|1.15|1.60|1.25|32|-0.35|-0.2188|-27|193|1|35|0.0505|0.0024|0.0017|-0.2830|0.0266||1.37|25|1.20|1
GME211210P00270000||||75.18|75.18|32|0.00|0.0000|0|14|0|0|-0.9661|0.0019|-0.0580|-0.1855|0.0193||100.55|20|95.75|7
GME211210C00280000|1.00|1.17|1.00|1.40|1.17|33|-0.23|-0.1643|16|242|1|13|0.0706|0.0026|0.0024|-0.4335|0.0347||1.37|25|1.02|44
GME211210P00280000||||84.53|84.53|33|0.00|0.0000|0|1|0|0|-0.9736|0.0015|-0.0604|-0.1536|0.0157||110.45|12|105.45|7
GME211210C00290000|1.16|1.16|0.93|1.25|0.99|34|-0.26|-0.2080|21|171|1|12|0.0586|0.0022|0.0020|-0.3806|0.0300||1.11|5|0.95|17
GME211210P00290000||||82.25|82.25|34|0.00|0.0000|0|7|0|0|-0.9989|0.0001|-0.0635|-0.0056|0.0010||120.35|21|115.45|17
GME211210C00300000|1.20|1.20|0.80|1.11|1.00|35|-0.11|-0.0991|43|919|1|309|0.0337|0.0016|0.0012|-0.2258|0.0192||1.00|45|0.95|1
GME211210P00300000||||76.00|76.00|35|0.00|0.0000|0|14|0|0|-0.9999|0.0000|-0.0657|0.0003|0.0001||130.25|13|125.25|20
GME211210C00310000|0.84|0.90|0.76|0.95|0.90|36|-0.05|-0.0526|108|264|1|5|0.0492|0.0018|0.0016|-0.3537|0.0261||0.98|5|0.84|9
GME211210P00310000||||83.61|83.61|36|0.00|0.0000|0|4|0|0|-0.9998|0.0000|-0.0679|-0.0003|0.0002||140.25|7|135.25|17
GME211210C00320000||||0.93|0.93|37|0.00|0.0000|2|276|0|0|0.0271|0.0012|0.0009|-0.2006|0.0161||0.98|15|0.75|21
GME211210P00320000||||89.47|89.47|37|0.00|0.0000|0|3|0|0|-0.9498|0.0018|-0.3936|-0.0649|0.0637||150.05|9|145.20|12
GME211210C00330000|0.87|0.87|0.87|0.72|0.87|38|0.15|0.2083|-17|246|1|1|0.0556|0.0018|0.0021|-0.3921|0.0306||0.97|23|0.70|29
GME211210P00330000||||||38||||0|0|0|-1.0000|0.0000|-0.0723|0.0011|0.0000||159.95|12|155.15|12
GME211210C00340000|0.75|0.78|0.66|0.75|0.78|39|0.03|0.0400|-1|87|10|37|0.0520|0.0017|0.0019|-0.3812|0.0290||0.85|10|0.70|5
GME211210P00340000||||||39||||0|0|0|-1.0000|0.0000|-0.0745|0.0011|0.0000||169.95|4|165.15|19
GME211210C00350000|0.49|0.78|0.49|0.69|0.67|40|-0.02|-0.0290|49|437|1|90|0.0352|0.0013|0.0012|-0.2979|0.0200||0.75|3|0.67|9
GME211210P00350000||||||40||||0|0|0|-1.0000|0.0000|-0.0767|0.0011|0.0000||179.95|4|175.15|12
GME211210C00360000|0.55|0.65|0.55|0.61|0.65|41|0.04|0.0656|-2|85|1|4|0.0336|0.0012|0.0011|-0.2939|0.0192||0.72|6|0.52|25
GME211210P00360000||||||41||||0|0|0|-1.0000|0.0000|-0.4536|0.0012|0.0000||189.75|12|185.15|12
GME211210C00370000|0.50|0.55|0.50|0.75|0.55|42|-0.20|-0.2667|0|21|5|8|0.0286|0.0010|0.0009|-0.2578|0.0167||0.68|6|0.52|14
GME211210P00370000||||||42||||0|0|0|-1.0000|0.0000|-0.0811|0.0012|0.0000||199.75|12|195.20|10
GME211210C00380000|0.54|0.54|0.54|0.54|0.54|43|0.00|0.0000|-1|50|1|1|0.0276|0.0010|0.0009|-0.2562|0.0162||0.66|17|0.52|11
GME211210P00380000||||||43||||0|0|0|-1.0000|0.0000|-0.0833|0.0012|0.0000||209.55|12|205.20|7
GME211210C00390000|0.40|0.58|0.40|0.49|0.52|44|0.03|0.0612|5|52|8|15|0.0293|0.0010|0.0010|-0.2815|0.0172||0.65|12|0.47|23
GME211210P00390000||||||44||||0|0|0|-1.0000|0.0000|-0.4914|0.0013|0.0000||219.55|7|215.20|12
GME211210C00400000|0.40|0.70|0.37|0.45|0.48|45|0.03|0.0667|-6|420|1|159|0.0279|0.0009|0.0009|-0.2749|0.0164||0.60|24|0.45|7
GME211210P00400000||||||45||||0|0|0|-1.0000|0.0000|-0.0877|0.0013|0.0000||229.55|8|225.15|11
GME211210C00410000|0.34|0.50|0.34|0.44|0.40|46|-0.04|-0.0909|7|59|1|5|0.0257|0.0009|0.0008|-0.2599|0.0154||0.55|11|0.41|18
GME211210P00410000||||||46||||0|0|0|-1.0000|0.0000|-0.1011|0.0013|0.0000||239.50|5|235.15|12
GME211210C00420000|0.31|0.55|0.31|0.40|0.46|47|0.06|0.1500|2|171|1|10|0.0228|0.0008|0.0008|-0.2359|0.0139||0.46|5|0.40|7
GME211210P00420000||||||47||||0|0|0|-1.0000|0.0000|-0.0921|0.0014|0.0000||249.25|4|245.15|7
GME211210C00430000|0.41|0.41|0.41|0.40|0.41|48|0.01|0.0250|262|304|1|1|0.0206|0.0007|0.0007|-0.2173|0.0127||0.55|7|0.35|1
GME211210P00430000||||||48||||0|0|0|-1.0000|0.0000|-0.5418|0.0014|0.0000||259.50|12|255.25|12
GME211210C00440000|0.23|0.45|0.23|0.36|0.40|49|0.04|0.1111|34|67|1|4|0.0236|0.0008|0.0008|-0.2557|0.0143||0.63|17|0.29|28
GME211210P00440000||||||49||||0|0|0|-1.0000|0.0000|-0.0964|0.0014|0.0000||269.45|12|265.25|12
GME211210C00450000|0.38|0.38|0.33|0.37|0.33|50|-0.04|-0.1081|190|288|1|3|0.0168|0.0006|0.0006|-0.1855|0.0107||0.51|2|0.29|25
GME211210P00450000||||||50||||0|0|0|-1.0000|0.0000|-0.0986|0.0015|0.0000||279.40|12|274.50|3
GME211210C00460000|0.33|0.41|0.31|0.27|0.36|51|0.09|0.3333|0|18|1|26|0.0104|0.0004|0.0004|-0.1036|0.0075||0.63|14|0.29|18
GME211210P00460000||||||51||||0|0|0|-1.0000|0.0000|-0.1008|0.0015|0.0000||289.35|12|284.50|3
GME211210C00470000|0.39|0.39|0.39|0.22|0.39|52|0.17|0.7727|7|22|1|1|0.0286|0.0008|0.0010|-0.2937|0.0178||0.49|8|0.29|2
GME211210P00470000||||||52||||0|0|0|-1.0000|0.0000|-0.5922|0.0015|0.0000||299.35|12|294.50|3
GME211210C00480000|0.26|0.46|0.26|0.25|0.46|53|0.21|0.8400|1|33|9|13|0.0208|0.0006|0.0007|-0.2436|0.0128||0.49|13|0.29|4
GME211210P00480000||||||53||||0|0|0|-1.0000|0.0000|-0.1052|0.0016|0.0000||309.30|12|304.50|3
GME211210C00490000|0.47|0.47|0.40|0.24|0.40|54|0.16|0.6667|2|93|2|4|0.0091|0.0004|0.0003|-0.0961|0.0067||0.49|17|0.26|6
GME211210P00490000||||||54||||0|0|0|-1.0000|0.0000|-0.1074|0.0016|0.0000||319.25|12|314.50|3
GME211210C00500000|0.33|0.48|0.22|0.26|0.48|55|0.22|0.8462|-6|850|1|312|0.0209|0.0006|0.0007|-0.2541|0.0129||0.47|14|0.25|7
GME211210P00500000||||||55||||0|0|0|-1.0000|0.0000|-0.1096|0.0016|0.0000||329.20|12|324.55|10
GME211210C00510000|0.27|0.43|0.18|0.18|0.34|56|0.16|0.8889|1|2026|1|271|0.0156|0.0005|0.0005|-0.1922|0.0100||0.35|15|0.29|11
GME211210P00510000||||||56||||0|0|0|-1.0000|0.0000|-0.1118|0.0017|0.0000||339.20|12|334.55|3
GME211217C00080000||||94.56|94.56|18|0.00|0.0000|1|2|0|0|0.9336|0.0011|0.0281|-0.4610|0.0468||96.05|5|92.00|12
GME211217P00080000|0.50|0.72|0.50|0.35|0.63|18|0.28|0.8000|1|350|8|78|-0.0831|0.0011|-0.0315|-0.1941|0.1010||0.85|17|0.62|4
GME211217C00085000||||95.85|95.85|17|0.00|0.0000|0|1|0|0|0.9648|0.0010|0.0340|-0.1895|0.0282||91.20|8|86.75|12
GME211217P00085000|0.50|0.58|0.40|0.43|0.58|17|0.15|0.3488|-1|121|1|8|-0.0174|0.0007|-0.0014|-0.0918|0.0151||0.96|17|0.65|36
GME211217C00090000||||137.00|137.00|16|0.00|0.0000|0|4|0|0|0.8986|0.0006|0.0114|-1.7589|0.0644||86.35|10|82.00|12
GME211217P00090000|0.62|0.62|0.62|0.53|0.62|16|0.09|0.1698|2|68|8|8|-0.0194|0.0008|-0.0016|-0.0945|0.0166||1.67|71|0.57|81
GME211217C00100000||||79.69|79.69|15|0.00|0.0000|1|50|0|0|0.9983|0.0002|0.0410|-0.0066|0.0019||76.05|14|72.45|15
GME211217P00100000|0.71|1.23|0.68|0.76|1.13|15|0.37|0.4868|-205|664|3|381|-0.0020|0.0002|-0.0002|-0.0073|0.0022||1.36|53|1.10|3
GME211217C00105000||||66.05|66.05|14|0.00|0.0000|0|1|0|0|0.9965|0.0003|0.0429|-0.0122|0.0037||71.30|9|67.30|12
GME211217P00105000|1.00|1.00|0.85|0.86|0.95|14|0.09|0.1047|51|140|1|7|-0.0036|0.0003|-0.0003|-0.0121|0.0038||1.82|72|0.95|91
GME211217C00110000||||73.25|73.25|13|0.00|0.0000|0|1|0|0|0.9946|0.0005|0.0448|-0.0169|0.0054||66.55|13|62.80|16
GME211217P00110000|0.35|1.50|0.35|1.02|1.48|13|0.46|0.4510|-21|354|1|34|-0.0079|0.0006|-0.0006|-0.0231|0.0079||1.64|16|1.31|59
GME211217C00115000||||112.11|112.11|12|0.00|0.0000|0|2|0|0|0.9912|0.0008|0.0466|-0.0253|0.0084||61.70|18|58.05|13
GME211217P00115000|1.17|1.87|1.15|1.21|1.61|12|0.40|0.3306|14|162|4|33|-0.0118|0.0009|-0.0009|-0.0335|0.0108||2.01|17|1.58|38
GME211217C00120000||||64.15|64.15|11|0.00|0.0000|0|51|0|0|0.8977|0.0031|0.1437|-0.0980|0.1179||57.15|10|53.45|14
GME211217P00120000|1.56|2.01|1.56|1.39|2.01|11|0.62|0.4460|5|158|1|4|-0.0191|0.0014|-0.0015|-0.0499|0.0163||2.35|46|1.86|49
GME211217C00125000||||79.68|79.68|10|0.00|0.0000|0|35|0|0|0.8720|0.0036|0.1429|-0.1163|0.1383||52.50|17|48.95|13
GME211217P00125000|2.35|2.43|1.80|1.88|2.43|10|0.55|0.2926|2|207|1|6|-0.0363|0.0024|-0.0030|-0.0831|0.0289||2.66|33|2.23|53
GME211217C00130000||||55.70|55.70|9|0.00|0.0000|0|10|0|0|0.9561|0.0030|0.0500|-0.0961|0.0327||48.15|7|44.50|17
GME211217P00130000|2.09|3.20|2.05|2.21|3.00|9|0.79|0.3575|11|206|2|40|-0.0494|0.0032|-0.0038|-0.1090|0.0359||3.15|13|2.69|49
GME211217C00135000||||90.47|90.47|8|0.00|0.0000|0|3|0|0|0.9318|0.0042|0.0502|-0.1364|0.0463||43.75|24|40.15|23
GME211217P00135000|3.25|3.95|3.25|2.72|3.85|8|1.13|0.4154|9|149|1|22|-0.0720|0.0043|-0.0056|-0.1450|0.0482||4.05|57|3.30|52
GME211217C00140000|39.35|39.35|34.60|44.07|34.60|7|-9.47|-0.2149|2|148|1|2|0.9036|0.0056|0.0500|-0.1745|0.0601||39.60|9|36.00|24
GME211217P00140000|3.32|4.58|3.32|3.50|4.58|7|1.08|0.3086|264|813|1|19|-0.1095|0.0057|-0.0091|-0.1915|0.0681||4.75|5|4.05|67
GME211217C00145000||||96.94|96.94|6|0.00|0.0000|0|57|0|0|0.8606|0.0072|0.0487|-0.2278|0.0778||35.65|27|32.05|55
GME211217P00145000|5.49|5.49|5.49|4.02|5.49|6|1.47|0.3657|23|234|1|1|-0.1469|0.0072|-0.0115|-0.2447|0.0807||6.20|70|5.15|47
GME211217C00150000|32.04|32.04|28.37|35.91|30.00|5|-5.91|-0.1646|0|71|2|27|0.8125|0.0087|0.0469|-0.2783|0.0944||31.45|41|28.60|81
GME211217P00150000|4.30|7.45|4.15|5.05|7.10|5|2.05|0.4059|223|1842|2|93|-0.1892|0.0085|-0.0150|-0.2875|0.0951||7.25|20|6.50|56
GME211217C00155000|28.00|28.00|24.50|30.10|24.50|4|-5.60|-0.1860|1|12|1|3|0.7642|0.0100|0.0450|-0.3170|0.1082||28.55|50|25.00|47
GME211217P00155000|5.75|9.20|5.75|6.54|9.00|4|2.46|0.3761|0|308|4|154|-0.2452|0.0096|-0.0209|-0.3209|0.1142||9.50|82|8.05|80
GME211217C00160000|26.47|26.47|21.08|29.27|22.80|3|-6.47|-0.2210|-1|96|4|38|0.7068|0.0112|0.0423|-0.3516|0.1210||25.35|59|21.70|105
GME211217P00160000|7.30|11.40|7.30|7.75|10.63|3|2.88|0.3716|390|1040|1|69|-0.3011|0.0107|-0.0259|-0.3556|0.1264||11.00|51|9.90|75
GME211217C00165000|20.00|20.70|20.00|24.60|20.70|2|-3.90|-0.1585|0|82|1|2|0.6432|0.0120|0.0389|-0.3868|0.1311||22.45|61|18.80|94
GME211217P00165000|8.93|13.40|8.93|9.77|13.40|2|3.63|0.3715|3|310|1|8|-0.3586|0.0117|-0.0291|-0.3972|0.1313||13.75|87|11.90|66
GME211217C00170000|19.90|19.90|16.00|23.22|17.15|1|-6.07|-0.2614|0|117|2|31|0.5907|0.0066|0.1124|-0.2173|0.2568||19.25|41|16.90|74
GME211217P00170000|11.88|16.35|11.70|11.75|15.40|1|3.65|0.3106|-17|1066|1|33|-0.4209|0.0121|-0.0346|-0.4209|0.1375||15.40|49|14.05|102
GME211217C00175000|17.40|17.40|14.05|20.50|15.50|1|-5.00|-0.2439|-5|183|2|46|0.5157|0.0128|0.0319|-0.4154|0.1401||16.85|47|15.05|64
GME211217P00175000|13.36|19.20|13.36|14.33|18.00|1|3.67|0.2561|17|720|1|326|-0.4826|0.0124|-0.0400|-0.4277|0.1401||18.15|39|16.80|62
GME211217C00180000|14.00|14.45|11.96|17.98|12.70|2|-5.28|-0.2937|-23|442|1|13|0.4539|0.0126|0.0284|-0.4146|0.1393||15.20|96|11.90|124
GME211217P00180000|15.88|22.00|15.88|17.10|20.60|2|3.50|0.2047|12|1074|5|41|-0.5395|0.0120|-0.0485|-0.4113|0.1441||21.10|39|19.05|87
GME211217C00185000|15.60|15.60|10.40|15.00|11.62|3|-3.38|-0.2253|2|270|1|11|0.3955|0.0122|0.0249|-0.4049|0.1354||13.10|93|11.10|73
GME211217P00185000|22.25|24.46|22.25|19.25|24.46|3|5.21|0.2706|-14|255|1|3|-0.6012|0.0120|-0.0510|-0.4130|0.1357||25.55|60|21.85|72
GME211217C00187500|14.08|14.08|10.53|15.87|10.77|4|-5.10|-0.3214|0|39|1|3|0.5283|0.0049|0.0937|-0.3076|0.2629||12.05|58|9.75|71
GME211217P00187500||||19.77|19.77|4|0.00|0.0000|1|116|0|0|-0.7163|0.0158|-0.0583|-0.2410|0.1191||27.30|61|23.65|58
GME211217C00190000|13.45|13.45|8.80|13.83|10.55|5|-3.28|-0.2372|15|254|1|28|0.3416|0.0116|0.0216|-0.3883|0.1290||10.95|49|9.65|80
GME211217P00190000|20.42|29.00|20.42|22.61|28.20|5|5.59|0.2472|-4|446|2|20|-0.6532|0.0114|-0.0562|-0.3994|0.1298||29.05|55|25.40|64
GME211217C00192500|11.38|11.95|8.61|12.50|8.80|6|-3.70|-0.2960|2|30|3|7|0.3690|0.0094|0.0226|-0.5057|0.1326||10.45|57|8.95|34
GME211217P00192500||||24.00|24.00|6|0.00|0.0000|-1|111|0|0|-0.6300|0.0093|-0.0565|-0.5080|0.1327||30.90|59|27.05|63
GME211217C00195000|11.07|11.07|7.75|11.09|9.25|7|-1.84|-0.1659|-1|147|1|54|0.2938|0.0107|0.0187|-0.3682|0.1211||9.60|50|8.50|60
GME211217P00195000|27.94|30.80|27.94|25.45|30.80|7|5.35|0.2102|50|473|9|76|-0.7009|0.0106|-0.0611|-0.3784|0.1220||32.45|56|29.10|67
GME211217C00197500|9.62|9.62|7.50|10.80|7.95|8|-2.85|-0.2639|3|41|1|16|0.3282|0.0090|0.0202|-0.4846|0.1270||9.15|56|7.85|45
GME211217P00197500|32.65|34.08|32.65|27.65|34.08|8|6.43|0.2325|0|93|5|6|-0.5493|0.0057|-0.2007|-0.2591|0.2616||34.70|58|31.05|48
GME211217C00200000|9.90|9.90|6.70|10.05|7.90|9|-2.15|-0.2139|902|2001|1|374|0.2525|0.0098|0.0161|-0.3465|0.1123||8.25|23|7.30|69
GME211217P00200000|32.40|35.35|32.40|29.20|35.33|9|6.13|0.2099|-2|1919|1|9|-0.7412|0.0097|-0.0657|-0.3586|0.1138||36.05|37|33.00|56
GME211217C00202500|7.85|7.85|7.50|9.79|7.50|10|-2.29|-0.2339|18|36|3|4|0.2983|0.0084|0.0184|-0.4793|0.1219||8.05|55|6.70|81
GME211217P00202500|34.54|34.54|34.54|30.45|34.54|10|4.09|0.1343|1|117|1|1|-0.7120|0.0086|-0.0653|-0.4532|0.1199||38.10|37|35.00|45
GME211217C00205000|9.80|9.80|6.20|8.75|6.86|11|-1.89|-0.2160|-4|53|1|24|0.2750|0.0082|0.0171|-0.4516|0.1173||7.75|82|6.30|77
GME211217P00205000|36.55|39.63|36.55|33.98|39.63|11|5.65|0.1663|0|165|1|4|-0.7018|0.0079|-0.0660|-0.5099|0.1219||40.75|42|37.05|50
GME211217C00207500|6.15|6.15|6.15|8.90|6.15|12|-2.75|-0.3090|4|32|1|1|0.4375|0.0049|0.0807|-0.2979|0.2604||7.30|59|5.65|106
GME211217P00207500|41.74|41.74|41.74|21.30|41.74|12|20.44|0.9596|0|181|34|34|-0.9898|0.0020|-0.0846|-0.0113|0.0095||42.85|42|39.15|56
GME211217C00210000|5.92|6.80|5.45|7.50|5.85|13|-1.65|-0.2200|-30|815|2|31|0.1771|0.0080|0.0114|-0.2817|0.0913||6.70|58|5.65|76
GME211217P00210000|45.16|45.16|45.16|36.95|45.16|13|8.21|0.2222|-11|215|10|20|-0.8177|0.0080|-0.0745|-0.2915|0.0930||45.00|42|41.25|17
GME211217C00212500|5.95|6.20|5.65|6.50|5.65|14|-0.85|-0.1308|0|22|1|4|0.2176|0.0075|0.0137|-0.3867|0.1034||6.45|60|5.25|95
GME211217P00212500||||42.25|42.25|14|0.00|0.0000|0|59|0|0|-0.5358|0.0041|-0.2283|-0.3595|0.2625||47.15|42|43.40|17
GME211217C00215000|6.25|6.25|4.40|6.90|5.20|15|-1.70|-0.2464|4|97|1|12|0.2213|0.0071|0.0138|-0.4156|0.1044||5.90|20|5.00|53
GME211217P00215000|49.03|49.03|46.65|42.25|48.24|15|5.99|0.1418|2|101|2|11|-0.5694|0.0045|-0.2345|-0.3231|0.2596||49.20|40|45.60|17
GME211217C00217500|4.80|5.10|4.80|7.20|5.10|16|-2.10|-0.2917|1|39|1|2|0.2204|0.0067|0.0136|-0.4356|0.1040||5.50|23|4.75|54
GME211217P00217500|50.51|50.51|50.50|47.80|50.50|16|2.70|0.0565|0|23|4|34|-0.6980|0.0061|-0.2533|-0.1882|0.2304||51.60|41|47.80|16
GME211217C00220000|5.35|5.49|4.20|6.50|4.90|17|-1.60|-0.2462|1|1903|1|20|0.1227|0.0062|0.0080|-0.2225|0.0714||5.25|32|4.65|62
GME211217P00220000|54.10|54.10|52.62|46.55|52.62|17|6.07|0.1304|1|446|1|21|-0.8699|0.0063|-0.0820|-0.2373|0.0744||53.90|42|50.05|11
GME211217C00222500||||6.60|6.60|18|0.00|0.0000|2|69|0|0|0.2045|0.0063|0.0127|-0.4277|0.0997||5.10|12|4.25|55
GME211217P00222500||||49.15|49.15|18|0.00|0.0000|11|21|0|0|-0.7686|0.0062|-0.0773|-0.5003|0.1071||56.10|25|52.30|15
GME211217C00225000|4.75|4.75|4.20|5.80|4.20|19|-1.60|-0.2759|-7|98|15|20|0.1831|0.0060|0.0114|-0.3899|0.0930||5.00|53|4.15|78
GME211217P00225000||||49.64|49.64|19|0.00|0.0000|-1|30|0|0|-0.8070|0.0061|-0.0805|-0.4128|0.0963||58.45|23|54.60|14
GME211217C00227500||||5.60|5.60|20|0.00|0.0000|0|8|0|0|0.1784|0.0058|0.0111|-0.3899|0.0917||4.75|13|3.90|33
GME211217P00227500||||51.86|51.86|20|0.00|0.0000|0|60|0|0|-0.8047|0.0058|-0.0869|-0.4073|0.1002||60.75|24|56.85|6
GME211217C00230000|6.00|6.00|3.83|5.09|3.90|21|-1.19|-0.2338|11|442|1|43|0.0882|0.0047|0.0058|-0.1801|0.0562||4.25|2|3.80|67
GME211217P00230000||||54.21|54.21|21|0.00|0.0000|1|64|0|0|-0.8995|0.0050|-0.0939|-0.1944|0.0639||63.05|20|59.15|6
GME211217C00232500|4.35|4.35|3.80|4.45|3.80|22|-0.65|-0.1461|0|80|1|2|0.1485|0.0053|0.0093|-0.3360|0.0814||4.30|26|3.40|86
GME211217P00232500||||53.30|53.30|22|0.00|0.0000|0|19|0|0|-0.8967|0.0048|-0.0889|-0.2215|0.0632||65.45|23|61.45|12
GME211217C00235000|4.25|4.25|4.25|5.14|4.25|23|-0.89|-0.1732|0|74|1|1|0.1614|0.0052|0.0100|-0.3826|0.0860||4.00|3|3.15|88
GME211217P00235000||||54.70|54.70|23|0.00|0.0000|0|60|0|0|-0.7389|0.0051|-0.2877|-0.1953|0.2148||67.80|23|63.55|8
GME211217C00240000|3.80|3.80|3.21|4.35|3.50|24|-0.85|-0.1954|48|356|3|27|0.0583|0.0034|0.0038|-0.1319|0.0409||3.90|40|3.05|130
GME211217P00240000||||65.50|65.50|24|0.00|0.0000|0|54|0|0|-0.9344|0.0036|-0.0943|-0.1482|0.0449||72.55|11|68.45|11
GME211217C00245000|3.25|3.40|3.17|3.98|3.20|25|-0.78|-0.1960|143|230|1|4|0.3374|0.0041|0.0626|-0.3059|0.2414||3.90|92|3.00|86
GME211217P00245000||||71.40|71.40|25|0.00|0.0000|-2|47|0|0|-0.7945|0.0047|-0.0885|-0.5702|0.1000||77.35|8|73.15|5
GME211217C00250000|4.20|4.20|2.88|3.70|3.15|26|-0.55|-0.1486|-24|1145|1|97|0.0412|0.0026|0.0027|-0.1018|0.0311||3.55|52|3.00|4
GME211217P00250000|84.85|84.85|84.85|73.53|84.85|26|11.32|0.1540|0|56|1|1|-0.9553|0.0027|-0.0998|-0.1099|0.0331||82.15|12|77.90|22
GME211217C00255000|2.84|3.05|2.84|3.60|2.95|27|-0.65|-0.1806|0|355|1|5|0.1140|0.0039|0.0071|-0.3188|0.0678||3.25|21|2.83|22
GME211217P00255000||||39.75|39.75|27|0.00|0.0000|0|5|0|0|-0.9998|0.0000|-0.1048|0.0003|0.0003||87.05|11|82.70|22
GME211217C00260000|2.55|2.94|2.55|3.40|2.94|28|-0.46|-0.1353|3|519|1|3|0.0281|0.0018|0.0019|-0.0750|0.0226||3.15|14|2.64|42
GME211217P00260000|90.26|90.26|90.26|78.20|90.26|28|12.06|0.1542|0|21|1|1|-0.9692|0.0020|-0.1048|-0.0816|0.0244||91.90|11|87.50|17
GME211217C00270000|2.41|2.41|2.41|2.82|2.41|29|-0.41|-0.1454|34|575|1|1|0.0203|0.0014|0.0013|-0.0583|0.0172||2.88|11|2.23|106
GME211217P00270000||||65.35|65.35|29|0.00|0.0000|0|49|0|0|-0.9731|0.0017|-0.1165|-0.0724|0.0226||101.65|20|96.90|22
GME211217C00280000|2.50|2.50|2.32|2.63|2.32|30|-0.31|-0.1179|-3|2029|1|3|0.1562|0.0035|0.0324|-0.1554|0.1582||2.64|14|2.20|39
GME211217P00280000||||91.00|91.00|30|0.00|0.0000|0|10|0|0|-0.9837|0.0011|-0.1140|-0.0493|0.0143||111.55|20|106.85|19
GME211217C00290000|2.00|2.20|2.00|2.57|2.20|31|-0.37|-0.1440|1|523|2|3|0.1425|0.0032|0.0296|-0.1491|0.1489||2.44|16|2.07|36
GME211217P00290000||||68.50|68.50|31|0.00|0.0000|0|25|0|0|-0.9866|0.0009|-0.1183|-0.0431|0.0121||121.45|20|116.45|17
GME211217C00300000|2.05|2.32|1.84|2.15|2.12|32|-0.03|-0.0140|560|5707|2|139|0.1292|0.0030|0.0269|-0.1415|0.1392||2.21|7|2.00|1
GME211217P00300000|126.50|126.50|126.50|125.00|126.50|32|1.50|0.0120|0|20|1|1|-0.9883|0.0008|-0.1307|-0.0369|0.0111||131.45|18|126.45|7
GME211217C00310000|1.80|1.80|1.80|2.03|1.80|33|-0.23|-0.1133|-2|367|1|1|0.0058|0.0004|0.0004|-0.0211|0.0058||2.14|12|1.80|34
GME211217P00310000||||102.75|102.75|33|0.00|0.0000|0|3|0|0|-0.8746|0.0028|-0.4241|-0.1429|0.1363||141.25|18|136.10|12
GME211217C00320000|1.78|1.87|1.78|1.73|1.87|34|0.14|0.0809|41|448|1|4|0.0044|0.0003|0.0003|-0.0168|0.0046||2.00|13|1.71|22
GME211217P00320000||||96.00|96.00|34|0.00|0.0000|0|17|0|0|-0.9945|0.0004|-0.1311|-0.0200|0.0056||151.25|14|146.10|19
GME211217C00330000|1.74|1.74|1.74|1.75|1.74|35|-0.01|-0.0057|0|213|1|1|0.0997|0.0024|0.0208|-0.1231|0.1157||1.88|42|1.49|65
GME211217P00330000||||159.50|159.50|35|0.00|0.0000|0|3|0|0|-0.9958|0.0003|-0.1353|-0.0158|0.0044||161.10|17|155.75|15
GME211217C00340000|1.51|1.51|1.51|1.60|1.51|36|-0.09|-0.0563|0|232|1|1|0.0028|0.0002|0.0002|-0.0115|0.0030||1.73|9|1.46|59
GME211217P00340000||||126.85|126.85|36|0.00|0.0000|0|7|0|0|-0.9967|0.0002|-0.1395|-0.0125|0.0035||171.10|19|165.65|18
GME211217C00350000|1.50|1.51|1.30|1.40|1.48|37|0.08|0.0571|23|1013|3|33|0.0030|0.0002|0.0002|-0.0123|0.0034||1.71|49|1.46|22
GME211217P00350000||||133.85|133.85|37|0.00|0.0000|0|4|0|0|-0.9973|0.0002|-0.1436|-0.0106|0.0030||180.95|13|175.50|13
GME211217C00360000|1.30|1.43|1.25|1.37|1.43|38|0.06|0.0438|-4|304|1|12|0.0019|0.0001|0.0001|-0.0087|0.0022||1.55|10|1.30|38
GME211217P00360000||||||38|||0|0|0|0|-0.9977|0.0002|-0.1478|-0.0091|0.0025||190.85|13|185.40|19
GME211217C00370000|1.24|1.40|1.24|1.45|1.40|39|-0.05|-0.0345|0|447|3|13|0.0023|0.0002|0.0002|-0.0100|0.0026||1.53|51|1.25|40
GME211217P00370000||||172.65|172.65|39|0.00|0.0000|0|3|0|0|-0.9973|0.0002|-0.1620|-0.0104|0.0030||200.75|17|195.35|20
GME211217C00380000||||1.20|1.20|40|0.00|0.0000|-1|168|0|0|0.0014|0.0001|0.0001|-0.0067|0.0016||1.53|82|1.20|21
GME211217P00380000|208.83|208.83|208.83|165.60|208.83|40|43.23|0.2611|0|17|1|1|-0.9984|0.0001|-0.1560|-0.0065|0.0018||210.70|22|205.35|32
GME211217C00390000|1.18|1.18|1.18|1.18|1.18|41|0.00|0.0000|1|193|1|2|0.0013|0.0001|0.0001|-0.0063|0.0015||1.53|84|1.10|45
GME211217P00390000||||||41|||0|0|0|0|-0.9986|0.0001|-0.1602|-0.0058|0.0017||220.60|5|215.20|25
GME211217C00400000|1.12|1.20|0.90|1.08|1.20|42|0.12|0.1111|19|1185|40|98|0.0010|0.0001|0.0001|-0.0051|0.0012||1.20|5|1.11|7
GME211217P00400000||||198.90|198.90|42|0.00|0.0000|0|3|0|0|-0.9987|0.0001|-0.1643|-0.0052|0.0015||230.70|2|225.15|16
GME211217C00410000|0.90|1.00|0.90|1.00|0.99|43|-0.01|-0.0100|1|205|1|26|0.0008|0.0001|0.0001|-0.0042|0.0010||1.20|33|0.99|44
GME211217P00410000||||190.90|190.90|43|0.00|0.0000|0|3|0|0|-0.9989|0.0001|-0.1684|-0.0045|0.0013||240.45|9|235.40|12
GME211217C00420000|1.00|1.00|1.00|0.95|1.00|44|0.05|0.0526|3|542|5|10|0.0007|0.0001|0.0000|-0.0038|0.0009||1.20|74|0.99|5
GME211217P00420000||||189.85|189.85|44|0.00|0.0000|0|16|0|0|-0.9994|0.0000|-0.1726|-0.0019|0.0008||250.40|16|245.10|21
GME211217C00430000|0.99|0.99|0.97|0.97|0.97|45|0.00|0.0000|0|208|1|11|0.0006|0.0000|0.0000|-0.0034|0.0008||1.20|53|0.69|66
GME211217P00430000||||244.20|244.20|45|0.00|0.0000|0|0|0|0|-0.9399|0.0014|-0.6119|-0.0968|0.0789||260.40|12|255.10|12
GME211217C00440000||||1.15|1.15|46|0.00|0.0000|0|472|0|0|0.0005|0.0000|0.0000|-0.0030|0.0007||1.20|64|0.90|1
GME211217P00440000||||||46|||0|0|0|0|-0.9996|0.0000|-0.1808|-0.0009|0.0005||270.40|12|265.20|3
GME211217C00450000|0.60|0.75|0.60|0.79|0.75|47|-0.04|-0.0506|2|686|2|6|0.0004|0.0000|0.0000|-0.0024|0.0005||1.02|17|0.63|54
GME211217P00450000||||||47|||0|0|0|0|-0.9996|0.0000|-0.1849|-0.0006|0.0005||280.45|12|275.20|6
GME211217C00460000|0.74|0.89|0.74|0.76|0.89|48|0.13|0.1711|2|1138|8|25|0.0004|0.0000|0.0000|-0.0024|0.0005||1.02|17|0.80|15
GME211217P00460000||||261.60|261.60|48|0.00|0.0000|0|5|0|0|-0.9474|0.0012|-0.6570|-0.0896|0.0709||290.40|12|285.20|12
GME211217C00470000|0.65|0.65|0.65|0.78|0.65|49|-0.13|-0.1667|1|190|2|2|0.0280|0.0008|0.0017|-0.1725|0.0226||1.02|13|0.60|36
GME211217P00470000||||||49||||0|0|0|-1.0000|0.0000|-0.1931|0.0016|0.0000||300.35|12|295.20|12
GME211217C00480000||||0.60|0.60|50|0.00|0.0000|16|240|0|0|0.0280|0.0008|0.0017|-0.1759|0.0225||1.02|14|0.56|27
GME211217P00480000||||264.21|264.21|50|0.00|0.0000|0|7|0|0|-0.9843|0.0005|-0.1963|-0.0964|0.0139||310.30|12|305.20|12
GME211217C00490000|0.66|0.78|0.52|0.52|0.78|51|0.26|0.5000|8|105|6|12|0.0272|0.0008|0.0016|-0.1741|0.0221||1.02|43|0.54|27
GME211217P00490000||||274.04|274.04|51|0.00|0.0000|0|7|0|0|-0.9857|0.0005|-0.2005|-0.0894|0.0128||320.25|12|315.10|12
GME211217C00500000|0.70|0.80|0.60|0.50|0.63|52|0.13|0.2600|-47|2441|2|9|0.0138|0.0005|0.0009|-0.0893|0.0124||0.75|13|0.54|1
GME211217P00500000||||290.05|290.05|52|0.00|0.0000|0|7|0|0|-0.7723|0.0020|-0.6889|-0.4375|0.1995||330.20|12|325.25|5
GME211217C00510000|0.61|0.70|0.42|0.53|0.70|53|0.17|0.3208|25|1391|1|259|0.0251|0.0007|0.0015|-0.1662|0.0206||0.70|15|0.54|1
GME211217P00510000||||277.97|277.97|53|0.00|0.0000|0|0|0|0|-0.9959|0.0002|-0.2093|-0.0250|0.0043||340.15|12|335.25|12
GME211223C00100000||||80.77|80.77|11|0.00|0.0000|0|14|0|0|0.8756|0.0018|0.0394|-0.5714|0.0853||76.95|4|72.40|12
GME211223P00100000|1.13|1.41|1.01|0.88|1.40|11|0.52|0.5909|8|124|1|26|-0.0432|0.0015|-0.0050|-0.1358|0.0382||1.65|13|1.25|3
GME211223C00110000||||||10||||0|0|0|1.0000|0.0000|0.0633|-0.0004|0.0000||67.45|18|62.90|26
GME211223P00110000|1.52|1.86|1.43|1.33|1.83|10|0.50|0.3759|9|37|2|19|-0.0514|0.0020|-0.0059|-0.1341|0.0439||2.17|14|1.63|6
GME211223C00120000||||103.35|103.35|9|0.00|0.0000|0|1|0|0|0.8307|0.0011|0.0232|-1.4387|0.1050||58.20|18|53.75|18
GME211223P00120000|2.80|2.80|2.61|1.15|2.61|9|1.46|1.2696|0|25|1|2|-0.0491|0.0024|-0.0057|-0.0962|0.0433||3.05|15|2.20|24
GME211223C00130000||||||8||||0|0|0|1.0000|0.0000|0.0784|-0.0005|0.0000||49.40|13|45.05|13
GME211223P00130000|3.71|3.71|3.64|2.69|3.64|8|0.95|0.3532|70|142|1|6|-0.0965|0.0040|-0.0109|-0.1725|0.0711||4.50|18|3.15|28
GME211223C00140000||||||7||||0|0|0|1.0000|0.0000|0.0805|-0.0005|0.0000||40.65|14|36.90|25
GME211223P00140000||||4.40|4.40|7|0.00|0.0000|2|42|0|0|-0.1524|0.0058|-0.0173|-0.2292|0.0980||7.05|21|4.75|18
GME211223C00145000||||||6||||0|0|0|1.0000|0.0000|0.0834|-0.0005|0.0000||36.95|13|33.10|21
GME211223P00145000||||||6||||0|0|0|0.0000|0.0000|0.0000|0.0000|0.0000||7.90|23|6.15|12
GME211223C00150000|28.10|28.10|28.10|55.90|28.10|5|-27.80|-0.4973|0|4|14|17|0.7145|0.0026|0.0389|-0.9943|0.1447||33.45|13|29.60|15
GME211223P00150000|6.60|9.65|6.60|6.07|8.10|5|2.03|0.3344|-6|200|1|20|-0.2460|0.0070|-0.0303|-0.3231|0.1341||9.20|14|7.55|21
GME211223C00155000|29.20|29.20|29.20|57.05|29.20|4|-27.85|-0.4882|0|10|1|1|0.6949|0.0063|0.0512|-0.4658|0.1457||30.10|15|26.30|21
GME211223P00155000|9.85|9.85|9.85|9.30|9.85|4|0.55|0.0591|16|127|8|8|-0.2849|0.0077|-0.0352|-0.3403|0.1445||11.30|26|9.20|11
GME211223C00160000|23.28|23.31|23.28|53.80|23.31|3|-30.49|-0.5667|0|12|1|2|0.6886|0.0026|0.0374|-1.0816|0.1505||27.05|24|23.20|20
GME211223P00160000|11.83|12.40|11.83|9.45|12.10|3|2.65|0.2804|1|62|1|20|-0.3296|0.0081|-0.0393|-0.3853|0.1506||13.55|25|11.00|17
GME211223C00165000|20.45|21.50|20.45|20.45|21.50|2|1.05|0.0513|0|0|1|2|0.6222|0.0082|0.0491|-0.4201|0.1577||24.25|27|20.45|24
GME211223P00165000||||11.60|11.60|2|0.00|0.0000|0|21|0|0|-0.3741|0.0084|-0.0452|-0.4090|0.1576||15.95|25|13.15|14
GME211223C00170000|18.25|19.95|18.00|25.94|19.50|1|-6.44|-0.2483|0|15|1|12|0.5832|0.0082|0.0463|-0.4450|0.1623||21.75|25|18.95|10
GME211223P00170000|16.83|17.67|16.05|14.35|16.91|1|2.56|0.1784|0|33|1|31|-0.4186|0.0088|-0.0508|-0.4103|0.1625||18.50|27|14.95|17
GME211223C00175000|23.00|23.00|16.00|19.00|17.70|1|-1.30|-0.0684|0|3|1|23|0.5260|0.0107|0.0443|-0.3541|0.1656||18.90|16|16.80|17
GME211223P00175000|16.28|20.69|16.28|15.02|20.10|1|5.08|0.3382|-6|48|1|9|-0.4692|0.0093|-0.0571|-0.4039|0.1651||21.00|22|18.35|11
