symbol|open|high|low|preClose|close|activeLevel|change|changeRatio|openIntChange|openInterest|latestPriceVol|volume|delta|gamma|rho|theta|vega|tradeStamptradeTime|ask|avol|bid|bvol
GME211210C00100000||||70.90|70.90|11|0.00|0.0000|209|211|0|0|0.9371|0.0018|0.0095|-1.0865|0.0223||76.35|12|71.30|4
GME211210P00100000|1.09|1.09|0.60|1.14|0.66|11|-0.48|-0.4211|1314|2034|8|1312|-0.0277|0.0012|-0.0006|-0.4216|0.0115||0.68|17|0.63|13
GME211210C00110000||||76.13|76.13|10|0.00|0.0000|0|2|0|0|0.8423|0.0021|0.0076|-3.4566|0.0434||66.65|12|61.30|10
GME211210P00110000|1.45|1.51|0.81|1.52|0.89|10|-0.63|-0.4145|314|618|6|272|-0.0394|0.0018|-0.0008|-0.5044|0.0153||0.96|15|0.87|22
GME211210C00120000||||51.40|51.40|9|0.00|0.0000|1|2|0|0|0.9070|0.0031|0.0111|-1.1026|0.0300||57.00|18|51.75|13
GME211210P00120000|1.69|1.69|1.11|2.00|1.31|9|-0.69|-0.3450|513|1305|1|216|-0.0586|0.0027|-0.0012|-0.6275|0.0211||1.28|9|1.22|7
GME211210C00130000|46.31|46.31|46.31|41.19|46.31|8|5.12|0.1243|11|11|4|4|0.8736|0.0043|0.0115|-1.2435|0.0373||47.55|19|41.80|13
GME211210P00130000|1.70|2.49|1.46|2.60|1.77|8|-0.83|-0.3192|286|1131|1|434|-0.0846|0.0041|-0.0018|-0.7384|0.0279||1.81|25|1.66|1
GME211210C00140000|37.03|37.03|37.03|34.35|37.03|7|2.68|0.0780|12|46|1|1|0.8324|0.0060|0.0117|-1.3193|0.0451||38.00|15|33.15|4
GME211210P00140000|2.50|2.97|1.90|3.80|2.34|7|-1.46|-0.3842|492|1223|4|251|-0.1250|0.0061|-0.0026|-0.8651|0.0371||2.53|30|2.34|25
GME211210C00145000|32.07|33.37|32.07|26.44|32.90|6|6.46|0.2443|13|21|1|12|0.7991|0.0069|0.0115|-1.4322|0.0505||33.00|19|28.15|37
GME211210P00145000|3.45|4.65|2.33|4.62|2.80|6|-1.82|-0.3939|250|373|2|210|-0.1512|0.0075|-0.0031|-0.9149|0.0422||3.20|42|2.89|32
GME211210C00150000|32.00|32.00|28.32|22.00|28.32|5|6.32|0.2873|-12|61|1|7|0.7694|0.0081|0.0115|-1.4261|0.0548||28.00|24|24.90|13
GME211210P00150000|3.90|5.15|2.64|5.68|3.86|5|-1.82|-0.3204|129|1024|1|707|-0.1951|0.0090|-0.0041|-1.0533|0.0497||3.90|29|3.65|24
GME211210C00155000|23.75|25.48|23.75|18.50|25.48|4|6.98|0.3773|2|60|1|12|0.7155|0.0086|0.0108|-1.6676|0.0611||24.50|51|21.15|23
GME211210P00155000|4.50|5.05|3.45|7.06|4.85|4|-2.21|-0.3130|20|391|1|127|-0.2448|0.0106|-0.0051|-1.1626|0.0566||5.00|46|4.65|64
GME211210C00160000|20.40|24.00|20.40|15.22|20.47|3|5.25|0.3449|22|276|1|8|0.6789|0.0105|0.0106|-1.5225|0.0645||20.30|38|17.60|21
GME211210P00160000|6.10|6.80|4.20|8.50|6.35|3|-2.15|-0.2529|362|859|1|499|-0.3016|0.0122|-0.0063|-1.2403|0.0628||6.35|18|6.00|30
GME211210C00165000|17.00|21.23|16.20|12.90|16.20|2|3.30|0.2558|143|203|1|25|0.6266|0.0124|0.0101|-1.4458|0.0682||17.30|80|14.25|60
GME211210P00165000|7.50|8.80|5.55|10.86|8.21|2|-2.65|-0.2440|224|608|5|232|-0.3652|0.0140|-0.0077|-1.2591|0.0677||8.25|44|7.85|1
GME211210C00170000|14.80|18.10|12.68|10.50|12.68|1|2.18|0.2076|271|448|10|169|0.5615|0.0129|0.0091|-1.5072|0.0710||13.15|60|11.65|60
GME211210P00170000|10.15|12.00|7.00|13.50|10.10|1|-3.40|-0.2519|-41|554|1|437|-0.4390|0.0139|-0.0094|-1.3971|0.0710||10.30|1|9.85|13
GME211210C00175000|12.00|16.00|9.70|8.30|9.99|1|1.69|0.2036|198|470|1|442|0.4944|0.0135|0.0082|-1.4790|0.0718||10.35|61|9.50|23
GME211210P00175000|12.67|14.70|9.15|16.30|12.65|1|-3.65|-0.2239|13|531|2|464|-0.5134|0.0149|-0.0110|-1.3312|0.0718||13.40|63|12.30|31
GME211210C00177500|10.95|13.70|9.50|7.70|9.50|2|1.80|0.2338|132|179|2|90|0.4600|0.0136|0.0077|-1.4489|0.0715||9.55|101|8.25|55
GME211210P00177500|11.95|12.94|9.95|18.90|12.94|2|-5.96|-0.3153|-9|257|6|41|-0.5550|0.0155|-0.0119|-1.2578|0.0711||14.80|31|13.35|42
GME211210C00180000|10.00|12.95|7.25|6.55|7.80|3|1.25|0.1908|292|696|1|528|0.4229|0.0139|0.0071|-1.3834|0.0705||8.20|43|7.30|52
GME211210P00180000|14.85|15.75|11.20|18.26|15.75|3|-2.51|-0.1375|-47|583|2|119|-0.5846|0.0145|-0.0127|-1.3061|0.0702||16.40|42|15.15|35
GME211210C00182500|8.00|11.40|6.95|5.66|6.95|4|1.29|0.2279|31|179|1|113|0.3903|0.0136|0.0066|-1.3556|0.0691||7.20|36|6.45|100
GME211210P00182500|12.40|16.50|12.40|20.00|16.50|4|-3.50|-0.1750|1|233|1|3|-0.6203|0.0143|-0.0135|-1.2642|0.0685||18.00|45|14.30|93
GME211210C00185000|7.85|10.20|6.00|5.02|6.00|5|0.98|0.1952|178|424|1|192|0.3655|0.0129|0.0062|-1.3736|0.0677||6.45|63|6.00|1
GME211210P00185000|18.95|18.95|14.55|23.17|14.55|5|-8.62|-0.3720|-119|350|1|54|-0.7604|0.0187|-0.0160|-0.6431|0.0559||19.80|24|15.90|82
GME211210C00187500|8.40|9.05|5.72|4.30|5.72|6|1.42|0.3302|45|127|1|78|0.3295|0.0128|0.0056|-1.2819|0.0652||5.75|31|5.35|4
GME211210P00187500|17.85|17.85|16.78|28.00|16.78|6|-11.22|-0.4007|2|261|1|13|-0.7872|0.0166|-0.0168|-0.6352|0.0523||21.95|17|17.50|79
GME211210C00190000|6.50|8.00|5.00|4.05|5.10|7|1.05|0.2593|226|576|1|269|0.3033|0.0122|0.0052|-1.2501|0.0629||5.15|25|4.80|1
GME211210P00190000|19.54|21.03|19.54|27.50|20.80|7|-6.70|-0.2436|0|512|18|40|-0.7418|0.0136|-0.0163|-0.9622|0.0582||23.80|18|19.30|53
GME211210C00192500|4.80|7.15|4.80|3.66|5.04|8|1.38|0.3770|32|120|11|76|0.2889|0.0114|0.0049|-1.2844|0.0615||4.95|103|4.10|53
GME211210P00192500||||27.83|27.83|8|0.00|0.0000|3|125|0|0|-0.6543|0.0097|-0.0154|-1.7575|0.0664||25.55|22|21.75|63
GME211210C00195000|3.50|6.35|3.50|3.30|3.99|9|0.69|0.2091|141|433|1|200|0.2542|0.0111|0.0043|-1.1604|0.0577||4.15|47|3.75|1
GME211210P00195000|22.22|22.22|21.97|31.02|21.97|9|-9.05|-0.2917|-9|294|10|21|-0.9671|0.0064|-0.0208|-0.1052|0.0132||28.05|20|24.25|42
GME211210C00197500|3.81|5.80|3.60|2.90|3.75|10|0.85|0.2931|46|173|1|136|0.2350|0.0104|0.0040|-1.1305|0.0553||3.75|51|3.25|58
GME211210P00197500||||33.48|33.48|10|0.00|0.0000|-5|115|0|0|-0.6628|0.0084|-0.0162|-1.9857|0.0658||29.70|11|25.80|57
GME211210C00200000|3.61|5.00|3.00|2.71|3.20|11|0.49|0.1808|637|2365|1|1284|0.2131|0.0099|0.0037|-1.0698|0.0523||3.25|1|3.10|1
GME211210P00200000|27.98|28.65|25.00|33.81|26.83|11|-6.98|-0.2064|-25|674|2|37|-0.8055|0.0100|-0.0186|-0.9472|0.0496||32.00|13|28.30|54
GME211210C00202500|3.00|4.50|2.94|2.41|3.35|12|0.94|0.3900|48|142|1|59|0.2077|0.0092|0.0035|-1.1110|0.0516||3.10|39|2.72|40
GME211210P00202500||||35.84|35.84|12|0.00|0.0000|-2|33|0|0|-0.7242|0.0085|-0.0177|-1.6507|0.0602||34.50|24|29.25|31
GME211210C00205000|2.95|4.00|2.62|2.21|3.00|13|0.79|0.3575|163|401|8|187|0.1901|0.0087|0.0033|-1.0580|0.0489||3.05|98|2.49|49
GME211210P00205000||||40.44|40.44|13|0.00|0.0000|-1|179|0|0|-0.6931|0.0075|-0.0176|-2.0655|0.0632||36.65|13|31.35|47
GME211210C00207500|2.39|3.60|2.39|1.99|2.47|14|0.48|0.2412|21|103|1|41|0.1675|0.0082|0.0029|-0.9599|0.0451||2.69|49|2.25|48
GME211210P00207500||||42.53|42.53|14|0.00|0.0000|-2|24|0|0|-0.7060|0.0073|-0.0180|-2.0440|0.0620||39.15|23|33.70|20
GME211210C00210000|2.37|3.30|2.12|1.80|2.26|15|0.46|0.2556|142|501|1|221|0.1564|0.0077|0.0027|-0.9349|0.0432||2.34|7|2.15|1
GME211210P00210000|38.25|38.25|38.25|45.79|38.25|15|-7.54|-0.1647|-17|124|1|1|-0.8929|0.0071|-0.0211|-0.6001|0.0332||41.20|22|36.00|35
GME211210C00212500|2.25|2.79|2.07|1.81|2.13|16|0.32|0.1768|15|103|1|92|0.1441|0.0072|0.0025|-0.8941|0.0409||2.29|21|1.91|38
GME211210P00212500|40.65|40.65|40.65|48.25|40.65|16|-7.60|-0.1575|1|39|2|2|-0.9004|0.0066|-0.0215|-0.5835|0.0315||43.70|16|38.30|22
GME211210C00215000|2.20|2.70|1.85|1.75|2.00|17|0.25|0.1429|118|334|1|208|0.1395|0.0070|0.0024|-0.8865|0.0402||2.21|75|1.80|29
GME211210P00215000||||52.12|52.12|17|0.00|0.0000|0|73|0|0|-0.6831|0.0061|-0.0187|-2.5911|0.0645||46.20|23|40.60|31
GME211210C00217500|3.70|3.70|1.73|1.50|2.09|18|0.59|0.3933|11|46|1|9|0.1352|0.0065|0.0023|-0.9142|0.0391||2.00|10|1.66|30
GME211210P00217500||||53.30|53.30|18|0.00|0.0000|0|37|0|0|-0.7140|0.0061|-0.0194|-2.3612|0.0612||48.40|24|43.00|42
GME211210C00220000|1.68|2.26|1.55|1.55|1.65|19|0.10|0.0645|161|582|3|239|0.1182|0.0060|0.0020|-0.8179|0.0356||1.70|1|1.57|17
GME211210P00220000||||54.32|54.32|19|0.00|0.0000|0|165|0|0|-0.7428|0.0061|-0.0200|-2.1204|0.0581||50.65|18|45.50|34
GME211210C00222500|1.45|3.50|1.45|1.50|1.85|20|0.35|0.2333|63|155|1|49|0.1198|0.0058|0.0021|-0.8660|0.0360||1.67|1|1.49|30
GME211210P00222500|49.15|49.15|49.15|42.95|49.15|20|6.20|0.1444|0|39|1|1|-0.8193|0.0062|-0.0214|-1.4030|0.0474||53.15|24|47.75|26
GME211210C00225000|1.59|1.91|1.38|1.21|1.45|21|0.24|0.1983|49|521|4|231|0.1135|0.0055|0.0020|-0.8342|0.0349||1.68|14|1.41|21
GME211210P00225000||||57.07|57.07|21|0.00|0.0000|-1|476|0|0|-0.7878|0.0060|-0.0212|-1.7523|0.0526||55.65|26|50.20|35
GME211210C00227500|1.39|1.74|1.33|1.22|1.36|22|0.14|0.1148|4|39|1|31|0.0985|0.0050|0.0017|-0.7501|0.0312||1.54|10|1.31|28
GME211210P00227500||||34.06|34.06|22|0.00|0.0000|0|35|0|0|-1.0000|0.0000|-0.0249|0.0007|0.0000||58.15|13|52.65|13
GME211210C00230000|1.21|1.69|1.15|1.14|1.38|23|0.24|0.2105|95|565|1|88|0.0934|0.0047|0.0016|-0.7330|0.0300||1.50|1|1.24|58
GME211210P00230000||||61.98|61.98|23|0.00|0.0000|0|20|0|0|-0.8026|0.0055|-0.0220|-1.7403|0.0500||60.65|18|55.05|18
GME211210C00232500|1.25|1.47|1.25|1.21|1.47|24|0.26|0.2149|12|67|38|63|0.0953|0.0046|0.0016|-0.7753|0.0305||1.37|1|1.21|42
GME211210P00232500||||68.97|68.97|24|0.00|0.0000|0|5|0|0|-0.7263|0.0051|-0.0213|-2.7237|0.0599||63.15|14|57.50|10
GME211210C00235000|1.05|1.50|1.05|1.04|1.25|25|0.21|0.2019|-13|851|2|36|0.0889|0.0044|0.0015|-0.7329|0.0292||1.39|1|1.17|25
GME211210P00235000||||74.05|74.05|25|0.00|0.0000|0|32|0|0|-0.6894|0.0047|-0.0212|-3.2907|0.0640||65.65|6|59.95|21
GME211210C00237500|1.14|1.39|1.05|0.95|1.30|26|0.35|0.3684|34|54|1|11|0.0847|0.0041|0.0015|-0.7258|0.0279||1.38|45|1.12|56
GME211210P00237500||||76.45|76.45|26|0.00|0.0000|0|24|0|0|-0.6989|0.0046|-0.0216|-3.2674|0.0627||68.15|3|62.45|16
GME211210C00240000|1.07|1.31|1.00|0.96|1.23|27|0.27|0.2813|34|336|1|41|0.0802|0.0039|0.0014|-0.7043|0.0268||1.25|2|1.08|33
GME211210P00240000||||71.95|71.95|27|0.00|0.0000|-1|30|0|0|-0.8137|0.0049|-0.0233|-1.8274|0.0483||70.65|3|64.90|17
GME211210C00245000|0.98|1.16|0.90|0.92|1.05|28|0.13|0.1413|45|227|1|75|0.0754|0.0037|0.0013|-0.6898|0.0258||1.18|18|1.01|33
GME211210P00245000||||50.19|50.19|28|0.00|0.0000|0|23|0|0|-0.9999|0.0000|-0.0268|0.0004|0.0000||75.65|6|69.80|13
GME211210C00250000|1.00|1.17|0.75|0.88|1.01|29|0.13|0.1477|806|3669|1|308|0.0647|0.0032|0.0011|-0.6233|0.0228||1.07|1|0.96|1
GME211210P00250000||||80.84|80.84|29|0.00|0.0000|3|18|0|0|-0.8465|0.0043|-0.0249|-1.6121|0.0426||80.35|13|74.75|17
GME211210C00255000|0.90|1.01|0.86|0.83|0.98|30|0.15|0.1807|155|228|1|11|0.0623|0.0030|0.0011|-0.6280|0.0221||1.00|5|0.88|28
GME211210P00255000||||40.40|40.40|30|0.00|0.0000|0|5|0|0|-1.0000|0.0000|-0.0279|0.0008|0.0000||85.35|13|79.70|13
GME211210C00260000|0.90|0.99|0.80|0.80|0.90|31|0.10|0.1250|953|1845|4|65|0.0571|0.0027|0.0010|-0.5981|0.0206||1.00|14|0.85|24
GME211210P00260000||||69.85|69.85|31|0.00|0.0000|0|22|0|0|-0.9998|0.0000|-0.0285|-0.0015|0.0002||90.35|11|84.70|18
GME211210C00270000|0.66|0.82|0.66|0.65|0.79|32|0.14|0.2154|225|405|5|122|0.0507|0.0024|0.0009|-0.5723|0.0188||0.83|4|0.74|23
GME211210P00270000||||103.46|103.46|32|0.00|0.0000|0|15|0|0|-0.8074|0.0038|-0.0267|-2.4610|0.0493||101.45|12|94.65|33
GME211210C00280000|0.68|0.77|0.59|0.60|0.70|33|0.10|0.1667|37|296|25|62|0.0431|0.0020|0.0007|-0.5197|0.0165||0.80|13|0.67|17
GME211210P00280000||||112.20|112.20|33|0.00|0.0000|0|6|0|0|-0.8355|0.0035|-0.0282|-2.1940|0.0446||110.75|12|104.60|43
GME211210C00290000|0.56|0.82|0.56|0.61|0.62|34|0.01|0.0164|-10|545|6|115|0.0378|0.0018|0.0006|-0.4831|0.0148||0.74|24|0.61|30
GME211210P00290000||||82.25|82.25|34|0.00|0.0000|0|7|0|0|-1.0000|0.0000|-0.0318|0.0009|0.0000||119.95|12|114.60|60
GME211210C00300000|0.51|1.15|0.49|0.50|0.60|35|0.10|0.2000|407|1617|2|406|0.0354|0.0016|0.0006|-0.4792|0.0141||0.62|1|0.59|10
GME211210P00300000||||76.00|76.00|35|0.00|0.0000|0|14|0|0|-1.0000|0.0000|-0.0329|0.0010|0.0000||129.90|12|124.55|61
GME211210C00310000|0.47|0.80|0.47|0.45|0.56|36|0.11|0.2444|76|359|1|103|0.0329|0.0014|0.0006|-0.4676|0.0132||0.59|1|0.56|8
GME211210P00310000||||83.61|83.61|36|0.00|0.0000|0|4|0|0|-1.0000|0.0000|-0.0340|0.0009|0.0000||139.75|12|134.55|54
GME211210C00320000|0.47|0.62|0.45|0.44|0.55|37|0.11|0.2500|143|420|3|15|0.0309|0.0013|0.0005|-0.4612|0.0126||0.55|14|0.48|1
GME211210P00320000||||89.47|89.47|37|0.00|0.0000|0|3|0|0|-1.0000|0.0000|-0.0351|0.0010|0.0000||150.50|17|144.60|50
GME211210C00330000|0.58|0.58|0.39|0.39|0.44|38|0.05|0.1282|233|482|1|30|0.0254|0.0011|0.0004|-0.3932|0.0107||0.51|17|0.38|19
GME211210P00330000||||||38||||0|0|0|-1.0000|0.0000|-0.0362|0.0011|0.0000||160.70|17|154.60|44
GME211210C00340000|0.28|0.42|0.28|0.33|0.32|39|-0.01|-0.0303|29|160|1|3|0.0193|0.0009|0.0003|-0.3101|0.0085||0.46|19|0.38|4
GME211210P00340000||||||39||||0|0|0|-1.0000|0.0000|-0.0373|0.0011|0.0000||170.75|5|164.65|41
GME211210C00350000|0.40|0.40|0.30|0.30|0.36|40|0.06|0.2000|176|675|2|273|0.0219|0.0009|0.0004|-0.3658|0.0094||0.39|22|0.34|13
GME211210P00350000||||||40||||0|0|0|-1.0000|0.0000|-0.0384|0.0011|0.0000||180.75|12|174.65|41
GME211210C00360000|0.39|0.39|0.34|0.28|0.34|41|0.06|0.2143|61|150|5|6|0.0213|0.0009|0.0004|-0.3692|0.0092||0.35|13|0.31|15
GME211210P00360000||||||41||||0|0|0|-1.0000|0.0000|-0.0395|0.0012|0.0000||190.65|17|184.70|29
GME211210C00370000|0.29|0.35|0.29|0.29|0.31|42|0.02|0.0690|8|46|2|8|0.0191|0.0008|0.0003|-0.3416|0.0084||0.32|29|0.29|2
GME211210P00370000||||||42||||0|0|0|-1.0000|0.0000|-0.0405|0.0012|0.0000||200.30|12|194.70|40
GME211210C00380000|0.33|0.33|0.32|0.25|0.32|43|0.07|0.2800|20|77|1|2|0.0182|0.0007|0.0003|-0.3363|0.0081||0.29|20|0.25|11
GME211210P00380000||||||43||||0|0|0|-1.0000|0.0000|-0.0416|0.0012|0.0000||210.25|12|204.75|28
GME211210C00390000|0.22|0.27|0.22|0.22|0.25|44|0.03|0.1364|77|156|1|11|0.0147|0.0006|0.0002|-0.2790|0.0068||0.26|11|0.23|11
GME211210P00390000||||||44||||0|0|0|-1.0000|0.0000|-0.0427|0.0013|0.0000||220.15|12|214.75|15
GME211210C00400000|0.21|0.27|0.21|0.20|0.22|45|0.02|0.1000|64|592|1|189|0.0144|0.0006|0.0002|-0.2808|0.0066||0.23|10|0.20|8
GME211210P00400000||||230.14|230.14|45|0.00|0.0000|1|1|0|0|-0.9011|0.0019|-0.0423|-2.0251|0.0315||230.75|5|224.80|41
GME211210C00410000|0.20|0.23|0.20|0.22|0.23|46|0.01|0.0455|28|98|1|3|0.0132|0.0005|0.0002|-0.2642|0.0062||0.21|1|0.20|1
GME211210P00410000||||||46||||0|0|0|-1.0000|0.0000|-0.0449|0.0013|0.0000||240.35|12|234.80|19
GME211210C00420000|0.28|0.28|0.19|0.18|0.20|47|0.02|0.1111|64|242|8|69|0.0116|0.0005|0.0002|-0.2378|0.0055||0.20|15|0.17|2
GME211210P00420000||||||47||||0|0|0|-1.0000|0.0000|-0.0460|0.0014|0.0000||250.30|12|244.85|12
GME211210C00430000|0.22|0.22|0.14|0.13|0.14|48|0.01|0.0769|5|311|1|3|0.0086|0.0004|0.0001|-0.1797|0.0042||0.29|25|0.05|42
GME211210P00430000||||||48||||0|0|0|-1.0000|0.0000|-0.0471|0.0014|0.0000||261.15|12|254.85|12
GME211210C00440000|0.15|0.15|0.15|0.15|0.15|49|0.00|0.0000|16|96|1|1|0.0089|0.0004|0.0002|-0.1907|0.0044||0.41|5|0.15|2
GME211210P00440000||||||49||||0|0|0|-1.0000|0.0000|-0.0482|0.0014|0.0000||271.10|12|264.90|12
GME211210C00450000|0.20|0.24|0.15|0.15|0.16|50|0.01|0.0667|511|807|1|35|0.0092|0.0004|0.0002|-0.2017|0.0045||0.34|1|0.12|1
GME211210P00450000||||||50||||0|0|0|-1.0000|0.0000|-0.0493|0.0015|0.0000||281.05|12|274.90|12
GME211210C00460000|0.22|0.22|0.12|0.11|0.12|51|0.01|0.0909|111|177|1|510|0.0082|0.0003|0.0001|-0.1821|0.0040||0.18|5|0.04|24
GME211210P00460000||||||51||||0|0|0|-1.0000|0.0000|-0.0504|0.0015|0.0000||291.05|12|284.90|12
GME211210C00470000|0.15|0.15|0.15|0.12|0.15|52|0.03|0.2500|310|333|1|1|0.0085|0.0003|0.0001|-0.1933|0.0042||0.18|1|0.12|3
GME211210P00470000||||||52||||0|0|0|-1.0000|0.0000|-0.0515|0.0015|0.0000||301.00|12|294.95|12
GME211210C00480000|0.14|0.15|0.13|0.10|0.15|53|0.05|0.5000|75|148|2|44|0.0087|0.0003|0.0001|-0.2016|0.0043||0.28|3|0.01|2
GME211210P00480000||||||53||||0|0|0|-1.0000|0.0000|-0.0526|0.0016|0.0000||310.95|12|304.95|12
GME211210C00490000|0.20|0.20|0.14|0.17|0.14|54|-0.03|-0.1765|-5|96|1|3|0.0078|0.0003|0.0001|-0.1839|0.0039||0.22|5|0.10|2
GME211210P00490000||||||54||||0|0|0|-1.0000|0.0000|-0.0537|0.0016|0.0000||320.95|12|314.95|12
GME211210C00500000|0.15|0.20|0.09|0.09|0.11|55|0.02|0.2222|84|977|1|92|0.0063|0.0003|0.0001|-0.1517|0.0032||0.15|2|0.10|1
GME211210P00500000||||||55||||0|0|0|-1.0000|0.0000|-0.0548|0.0016|0.0000||330.65|12|324.95|12
GME211210C00510000|0.10|0.18|0.08|0.10|0.10|56|0.00|0.0000|766|3121|12|404|0.0058|0.0002|0.0001|-0.1408|0.0030||0.10|434|0.09|1
GME211210P00510000||||||56||||0|0|0|-1.0000|0.0000|-0.0559|0.0017|0.0000||340.40|4|335.00|12
GME211217C00080000||||94.56|94.56|18|0.00|0.0000|0|2|0|0|0.9655|0.0009|0.0219|-0.2900|0.0228||94.80|6|91.60|12
GME211217P00080000|1.08|1.15|0.87|1.41|0.92|18|-0.49|-0.3475|464|1070|1|71|-0.0255|0.0008|-0.0016|-0.2059|0.0178||0.92|10|0.89|14
GME211217C00085000||||95.85|95.85|17|0.00|0.0000|0|1|0|0|0.9066|0.0013|0.0184|-0.9700|0.0498||89.90|3|86.70|12
GME211217P00085000|1.19|1.19|0.99|1.49|1.11|17|-0.38|-0.2550|5|125|3|5|-0.0314|0.0010|-0.0019|-0.2364|0.0211||1.16|43|0.96|75
GME211217C00090000|86.59|86.59|86.59|137.00|86.59|16|-50.41|-0.3680|0|4|10|10|0.9309|0.0015|0.0225|-0.5540|0.0397||85.00|10|81.75|12
GME211217P00090000|1.25|1.31|1.13|1.61|1.14|16|-0.47|-0.2919|39|180|1|37|-0.0344|0.0011|-0.0021|-0.2383|0.0228||1.28|71|1.04|87
GME211217C00100000|78.20|78.20|78.20|67.18|78.20|15|11.02|0.1640|-3|47|1|3|0.9996|0.0001|0.0301|-0.0023|0.0005||75.25|3|71.60|16
GME211217P00100000|1.68|1.68|0.71|1.88|1.38|15|-0.50|-0.2660|26|1077|1|98|-0.0005|0.0001|0.0000|-0.0024|0.0005||1.40|1|1.29|72
GME211217C00105000||||66.05|66.05|14|0.00|0.0000|0|1|0|0|0.9990|0.0001|0.0316|-0.0049|0.0010||70.40|19|67.40|14
GME211217P00105000|1.90|1.90|1.50|2.20|1.50|14|-0.70|-0.3182|13|166|1|7|-0.0011|0.0001|-0.0001|-0.0048|0.0011||1.81|82|1.41|100
GME211217C00110000||||73.25|73.25|13|0.00|0.0000|0|1|0|0|0.9981|0.0002|0.0330|-0.0078|0.0018||65.55|17|62.05|13
GME211217P00110000|2.05|2.05|1.69|2.42|1.70|13|-0.72|-0.2975|70|424|2|15|-0.0024|0.0003|-0.0001|-0.0094|0.0022||1.81|71|1.57|102
GME211217C00115000||||112.11|112.11|12|0.00|0.0000|0|2|0|0|0.9964|0.0004|0.0345|-0.0133|0.0032||60.75|14|57.55|13
GME211217P00115000|2.00|2.01|1.74|2.62|1.74|12|-0.88|-0.3359|19|199|1|14|-0.0050|0.0005|-0.0003|-0.0182|0.0043||1.97|73|1.73|117
GME211217C00120000|58.85|58.85|58.85|52.20|58.85|11|6.65|0.1274|2|58|1|1|0.9926|0.0008|0.0358|-0.0247|0.0061||56.00|19|53.10|15
GME211217P00120000|3.28|3.28|1.95|3.09|2.06|11|-1.03|-0.3333|51|379|6|57|-0.0096|0.0009|-0.0005|-0.0320|0.0077||2.16|61|1.95|97
GME211217C00125000||||47.70|47.70|10|0.00|0.0000|0|35|0|0|0.9840|0.0015|0.0368|-0.0486|0.0119||51.35|13|47.80|13
GME211217P00125000|2.00|2.81|1.20|3.60|2.30|10|-1.30|-0.3611|180|535|1|110|-0.0188|0.0017|-0.0010|-0.0575|0.0137||2.49|52|2.28|28
GME211217C00130000||||39.61|39.61|9|0.00|0.0000|0|10|0|0|0.9721|0.0024|0.0376|-0.0769|0.0191||46.80|12|43.35|25
GME211217P00130000|3.00|3.09|2.32|4.45|2.75|9|-1.70|-0.3820|35|370|1|34|-0.0323|0.0027|-0.0018|-0.0895|0.0216||2.88|34|2.54|139
GME211217C00135000||||35.61|35.61|8|0.00|0.0000|-1|2|0|0|0.9514|0.0038|0.0380|-0.1212|0.0301||42.30|14|39.25|14
GME211217P00135000|3.65|3.98|3.00|4.75|3.15|8|-1.60|-0.3368|1|152|1|64|-0.0520|0.0040|-0.0029|-0.1302|0.0318||3.50|40|3.00|118
GME211217C00140000|37.00|37.00|37.00|33.50|37.00|7|3.50|0.1045|0|149|1|1|0.9250|0.0055|0.0380|-0.1675|0.0423||38.00|41|34.90|58
GME211217P00140000|5.28|5.62|3.50|5.78|3.81|7|-1.97|-0.3408|68|983|1|90|-0.0815|0.0056|-0.0045|-0.1843|0.0450||4.15|58|3.80|78
GME211217C00145000||||27.00|27.00|6|0.00|0.0000|0|59|0|0|0.8847|0.0074|0.0372|-0.2318|0.0581||33.85|13|30.55|14
GME211217P00145000|6.26|6.26|3.90|7.10|4.75|6|-2.35|-0.3310|12|264|2|12|-0.1231|0.0075|-0.0069|-0.2515|0.0608||5.05|36|4.40|172
GME211217C00150000|29.40|29.40|29.40|27.40|29.40|5|2.00|0.0730|0|82|1|1|0.8339|0.0095|0.0358|-0.2992|0.0744||29.95|27|27.10|18
GME211217P00150000|8.80|8.80|4.90|8.50|5.87|5|-2.63|-0.3094|136|2018|1|244|-0.1715|0.0094|-0.0097|-0.3131|0.0760||6.10|5|5.75|67
GME211217C00155000||||24.92|24.92|4|0.00|0.0000|4|30|0|0|0.7762|0.0114|0.0340|-0.3565|0.0893||26.25|39|23.50|57
GME211217P00155000|8.03|8.03|6.65|9.47|7.00|4|-2.47|-0.2608|-1|404|1|7|-0.2283|0.0113|-0.0130|-0.3692|0.0903||7.60|58|6.60|204
GME211217C00160000|22.95|24.60|21.78|21.45|21.78|3|0.33|0.0154|6|143|2|6|0.7102|0.0132|0.0317|-0.4050|0.1022||22.85|43|20.15|84
GME211217P00160000|9.00|9.66|7.30|12.08|8.90|3|-3.18|-0.2632|-4|1042|5|52|-0.2942|0.0128|-0.0169|-0.4210|0.1029||9.20|53|8.70|69
GME211217C00165000|20.60|21.70|20.25|16.45|21.70|2|5.25|0.3191|8|87|1|7|0.6359|0.0142|0.0287|-0.4511|0.1121||19.75|43|17.20|79
GME211217P00165000|10.70|11.27|9.50|14.75|11.05|2|-3.70|-0.2508|76|429|1|50|-0.3659|0.0139|-0.0212|-0.4633|0.1123||11.45|64|9.85|176
GME211217C00170000|18.20|21.00|16.65|14.20|17.87|1|3.67|0.2585|42|177|1|23|0.5609|0.0147|0.0256|-0.4798|0.1177||17.00|47|15.00|68
GME211217P00170000|13.50|13.61|10.82|17.48|12.70|1|-4.78|-0.2735|-14|1078|1|51|-0.4391|0.0144|-0.0257|-0.4916|0.1177||13.60|1|13.00|64
GME211217C00175000|15.05|18.05|13.00|12.35|13.00|1|0.65|0.0526|5|213|4|34|0.4862|0.0150|0.0224|-0.4812|0.1190||14.00|58|12.60|99
GME211217P00175000|15.60|15.60|12.20|18.97|15.50|1|-3.47|-0.1829|-22|763|7|186|-0.5115|0.0146|-0.0303|-0.4958|0.1191||16.75|51|15.45|72
GME211217C00180000|11.50|15.25|10.85|10.25|10.85|2|0.60|0.0585|542|1045|3|48|0.4146|0.0146|0.0193|-0.4722|0.1164||11.70|46|10.50|117
GME211217P00180000|18.00|18.00|15.00|21.74|17.65|2|-4.09|-0.1881|-9|1119|1|40|-0.5820|0.0143|-0.0349|-0.4840|0.1166||19.70|49|18.15|80
GME211217C00185000|10.83|13.45|10.06|8.75|10.06|3|1.31|0.1497|62|346|1|38|0.3483|0.0138|0.0163|-0.4501|0.1104||9.85|23|9.00|107
GME211217P00185000|20.78|21.28|18.23|25.00|18.23|3|-6.77|-0.2708|8|254|2|9|-0.6479|0.0136|-0.0393|-0.4600|0.1108||23.30|28|20.65|104
GME211217C00187500|10.00|10.36|9.12|7.90|9.12|4|1.22|0.1544|2|44|1|6|0.3873|0.0102|0.0173|-0.6533|0.1143||9.70|96|8.35|115
GME211217P00187500||||27.07|27.07|4|0.00|0.0000|0|116|0|0|-0.5779|0.0087|-0.0383|-0.8040|0.1168||25.20|34|22.35|86
GME211217C00190000|9.00|11.65|8.55|7.20|8.73|5|1.53|0.2125|-19|254|3|41|0.2888|0.0127|0.0136|-0.4186|0.1020||9.20|109|7.70|118
GME211217P00190000|23.16|24.57|20.00|29.00|23.78|5|-5.22|-0.1800|4|435|2|26|-0.7053|0.0125|-0.0434|-0.4322|0.1030||27.05|34|24.15|100
GME211217C00192500|9.10|9.50|8.10|7.35|9.50|6|2.15|0.2925|4|43|1|26|0.3697|0.0089|0.0163|-0.7284|0.1127||8.55|91|7.15|82
GME211217P00192500||||38.40|38.40|6|0.00|0.0000|0|113|0|0|-0.5426|0.0061|-0.0398|-1.1764|0.1184||29.00|42|26.00|83
GME211217C00195000|7.72|9.55|7.59|6.35|7.65|7|1.30|0.2047|12|170|8|26|0.2378|0.0114|0.0113|-0.3830|0.0924||7.95|104|6.65|94
GME211217P00195000|29.00|29.00|25.35|31.75|25.35|7|-6.40|-0.2016|-12|429|10|25|-0.7565|0.0113|-0.0473|-0.3955|0.0936||30.85|22|27.90|85
GME211217C00197500|8.33|8.33|7.10|5.75|7.10|8|1.35|0.2348|2|39|1|8|0.3137|0.0090|0.0141|-0.6382|0.1059||7.35|86|6.20|73
GME211217P00197500||||42.50|42.50|8|0.00|0.0000|0|93|0|0|-0.5637|0.0059|-0.0422|-1.1981|0.1176||33.10|31|29.90|65
GME211217C00200000|5.40|8.30|5.40|5.55|6.37|9|0.82|0.1477|308|3025|3|309|0.1953|0.0100|0.0093|-0.3467|0.0824||6.45|57|5.70|87
GME211217P00200000|31.50|31.50|29.00|38.96|31.31|9|-7.65|-0.1964|-44|1875|1|17|-0.7981|0.0100|-0.0507|-0.3614|0.0841||35.05|44|31.90|85
GME211217C00202500|6.11|7.70|5.60|5.85|5.60|10|-0.25|-0.0427|4|39|2|17|0.3084|0.0079|0.0137|-0.7131|0.1051||6.15|89|5.15|87
GME211217P00202500||||38.80|38.80|10|0.00|0.0000|0|120|0|0|-0.6709|0.0075|-0.0467|-0.7917|0.1080||36.95|14|34.00|68
GME211217C00205000|5.53|7.00|5.53|4.50|5.75|11|1.25|0.2778|36|100|1|30|0.2649|0.0081|0.0120|-0.6024|0.0978||6.10|126|5.00|73
GME211217P00205000|36.60|36.60|36.60|41.50|36.60|11|-4.90|-0.1181|-2|161|1|1|-0.7647|0.0084|-0.0510|-0.5093|0.0918||39.10|28|36.15|75
GME211217C00207500|5.40|5.73|5.30|5.65|5.45|12|-0.20|-0.0354|3|34|1|8|0.2522|0.0078|0.0114|-0.5953|0.0953||5.75|113|4.65|80
GME211217P00207500|37.77|37.77|37.77|43.07|37.77|12|-5.30|-0.1231|3|219|1|1|-0.8050|0.0082|-0.0534|-0.4217|0.0823||41.30|16|38.45|71
GME211217C00210000|5.25|6.05|4.55|4.35|4.55|13|0.20|0.0460|16|813|8|164|0.1227|0.0074|0.0059|-0.2552|0.0607||4.80|26|4.45|60
GME211217P00210000|38.00|43.00|34.90|47.90|42.35|13|-5.55|-0.1159|65|273|1|81|-0.8724|0.0074|-0.0572|-0.2664|0.0623||43.05|3|42.25|1
GME211217C00212500|4.80|4.80|4.80|4.58|4.80|14|0.22|0.0480|21|35|4|6|0.2266|0.0072|0.0103|-0.5712|0.0899||4.80|91|4.10|79
GME211217P00212500||||42.25|42.25|14|0.00|0.0000|0|59|0|0|-0.8289|0.0073|-0.0560|-0.3993|0.0759||45.85|19|42.90|29
GME211217C00215000|4.45|5.20|4.15|3.82|4.21|15|0.39|0.1021|20|123|1|20|0.2058|0.0070|0.0094|-0.5287|0.0850||4.55|83|3.95|61
GME211217P00215000||||54.30|54.30|15|0.00|0.0000|-5|99|0|0|-0.6593|0.0057|-0.0508|-1.0705|0.1095||48.25|20|45.00|25
GME211217C00217500|4.85|5.00|3.97|5.10|3.97|16|-1.13|-0.2216|0|40|1|12|0.1976|0.0067|0.0090|-0.5253|0.0830||4.25|72|3.75|52
GME211217P00217500|46.54|46.80|46.54|56.80|46.80|16|-10.00|-0.1761|-6|49|2|3|-0.8494|0.0066|-0.0585|-0.3765|0.0698||50.75|35|47.30|22
GME211217C00220000|4.00|4.65|3.70|3.40|3.70|17|0.30|0.0882|-8|1871|1|58|0.0755|0.0051|0.0036|-0.1804|0.0425||3.85|1|3.55|30
GME211217P00220000||||59.00|59.00|17|0.00|0.0000|-1|423|0|0|-0.9183|0.0053|-0.0624|-0.1959|0.0451||52.70|16|49.60|22
GME211217C00222500|3.80|3.80|3.65|3.30|3.65|18|0.35|0.1061|11|81|1|7|0.1807|0.0062|0.0082|-0.5105|0.0785||3.80|19|3.40|40
GME211217P00222500||||49.15|49.15|18|0.00|0.0000|0|21|0|0|-0.8136|0.0062|-0.0586|-0.5298|0.0801||55.40|19|51.95|25
GME211217C00225000|3.75|4.15|3.38|3.00|3.60|19|0.60|0.2000|11|139|1|6|0.1761|0.0059|0.0080|-0.5139|0.0773||3.80|105|3.25|61
GME211217P00225000||||49.64|49.64|19|0.00|0.0000|0|30|0|0|-0.8641|0.0057|-0.0615|-0.3778|0.0651||57.80|25|54.30|20
GME211217C00227500|3.80|3.80|3.45|3.60|3.45|20|-0.15|-0.0417|1|10|1|2|0.1687|0.0057|0.0077|-0.5060|0.0752||3.70|87|3.15|61
GME211217P00227500||||51.86|51.86|20|0.00|0.0000|0|60|0|0|-0.8733|0.0054|-0.0627|-0.3618|0.0621||60.05|18|56.65|16
GME211217C00230000|3.25|3.67|3.25|3.05|3.50|21|0.45|0.1475|2|438|2|8|0.0487|0.0035|0.0024|-0.1317|0.0301||3.45|51|3.00|55
GME211217P00230000|57.65|57.65|57.65|64.00|57.65|21|-6.35|-0.0992|0|63|1|1|-0.9483|0.0036|-0.0668|-0.1396|0.0316||62.30|14|59.05|16
GME211217C00232500|3.25|3.30|3.25|2.66|3.30|22|0.64|0.2406|-1|85|1|2|0.1589|0.0053|0.0072|-0.5040|0.0723||3.45|110|2.97|5
GME211217P00232500||||53.30|53.30|22|0.00|0.0000|0|19|0|0|-0.9718|0.0025|-0.0687|-0.0761|0.0193||64.85|12|61.40|29
GME211217C00235000|3.10|3.35|2.98|2.80|2.98|23|0.18|0.0643|11|89|1|12|0.1473|0.0051|0.0067|-0.4761|0.0688||3.25|59|2.83|30
GME211217P00235000||||68.76|68.76|23|0.00|0.0000|0|61|0|0|-0.7679|0.0051|-0.0609|-0.8224|0.0911||67.35|16|63.80|36
GME211217C00240000|2.83|3.18|2.68|2.62|2.72|24|0.10|0.0382|25|346|1|38|0.0289|0.0023|0.0014|-0.0866|0.0197||2.99|32|2.67|48
GME211217P00240000||||73.45|73.45|24|0.00|0.0000|0|54|0|0|-0.9672|0.0025|-0.0707|-0.0982|0.0219||72.55|15|68.65|21
GME211217C00245000|2.75|2.95|2.75|2.74|2.80|25|0.06|0.0219|4|200|1|16|0.1335|0.0044|0.0060|-0.4761|0.0643||2.83|19|2.50|34
GME211217P00245000||||78.00|78.00|25|0.00|0.0000|1|39|0|0|-0.7910|0.0047|-0.0649|-0.8029|0.0858||76.80|12|73.50|22
GME211217C00250000|2.75|2.77|2.26|2.39|2.47|26|0.08|0.0335|58|1302|3|155|0.0176|0.0015|0.0009|-0.0579|0.0130||2.60|1|2.41|16
GME211217P00250000|76.30|76.30|76.30|85.24|76.30|26|-8.94|-0.1049|-1|54|1|1|-0.9804|0.0016|-0.0744|-0.0640|0.0142||81.80|49|78.35|54
GME211217C00255000|2.16|2.45|2.16|2.26|2.45|27|0.19|0.0841|0|359|1|8|0.1165|0.0039|0.0053|-0.4502|0.0585||2.60|14|2.27|35
GME211217P00255000||||39.75|39.75|27|0.00|0.0000|0|5|0|0|-1.0000|0.0000|-0.0768|0.0008|0.0000||86.80|30|83.25|20
GME211217C00260000|2.30|2.49|2.27|2.37|2.27|28|-0.10|-0.0422|-4|519|2|4|0.0105|0.0009|0.0005|-0.0374|0.0083||2.60|132|2.18|57
GME211217P00260000||||89.25|89.25|28|0.00|0.0000|0|21|0|0|-0.9881|0.0010|-0.0778|-0.0417|0.0092||91.55|12|88.15|26
GME211217C00270000|2.00|2.25|2.00|2.10|2.07|29|-0.03|-0.0143|64|636|2|8|0.0068|0.0006|0.0003|-0.0260|0.0056||2.28|2|2.02|57
GME211217P00270000||||102.35|102.35|29|0.00|0.0000|-19|30|0|0|-0.9920|0.0007|-0.0810|-0.0298|0.0065||101.55|15|97.95|13
GME211217C00280000|1.97|2.05|1.83|1.98|1.95|30|-0.03|-0.0152|32|2058|3|17|0.0046|0.0004|0.0002|-0.0188|0.0040||2.12|27|1.92|10
GME211217P00280000||||91.00|91.00|30|0.00|0.0000|0|10|0|0|-0.9948|0.0005|-0.0841|-0.0206|0.0045||111.55|16|107.95|16
GME211217C00290000|1.90|1.99|1.83|1.80|1.95|31|0.15|0.0833|6|531|3|29|0.0030|0.0003|0.0001|-0.0134|0.0028||2.00|11|1.79|41
GME211217P00290000||||127.73|127.73|31|0.00|0.0000|-2|23|0|0|-0.9961|0.0004|-0.0872|-0.0161|0.0034||121.45|13|117.70|19
GME211217C00300000|2.99|2.99|1.54|1.60|1.80|32|0.20|0.1250|-109|5622|1|128|0.0020|0.0002|0.0001|-0.0092|0.0019||1.85|2|1.75|5
GME211217P00300000|120.20|120.20|120.20|126.50|120.20|32|-6.30|-0.0498|0|20|1|1|-0.9976|0.0002|-0.0903|-0.0101|0.0022||131.55|13|127.55|13
GME211217C00310000|1.84|1.84|1.62|1.62|1.64|33|0.02|0.0123|16|384|1|17|0.0012|0.0001|0.0001|-0.0061|0.0012||1.75|3|1.63|2
GME211217P00310000||||102.75|102.75|33|0.00|0.0000|0|3|0|0|-0.9983|0.0002|-0.0933|-0.0071|0.0016||141.55|18|137.55|16
GME211217C00320000|1.65|1.69|1.65|1.49|1.69|34|0.20|0.1342|11|459|49|50|0.0009|0.0001|0.0000|-0.0044|0.0009||1.80|74|1.43|78
GME211217P00320000||||96.00|96.00|34|0.00|0.0000|0|17|0|0|-0.9988|0.0001|-0.0964|-0.0049|0.0012||151.50|20|147.55|19
GME211217C00330000|1.58|1.58|1.46|1.49|1.50|35|0.01|0.0067|21|234|1|34|0.0006|0.0001|0.0000|-0.0033|0.0006||1.65|16|1.43|55
GME211217P00330000||||159.50|159.50|35|0.00|0.0000|0|3|0|0|-0.9992|0.0001|-0.0994|-0.0033|0.0008||161.45|13|157.35|20
GME211217C00340000|1.45|1.50|1.45|1.41|1.50|36|0.09|0.0638|0|232|2|12|0.0005|0.0000|0.0000|-0.0025|0.0005||1.59|8|1.40|10
GME211217P00340000||||126.85|126.85|36|0.00|0.0000|0|7|0|0|-0.9994|0.0001|-0.1024|-0.0021|0.0006||171.40|13|167.30|20
GME211217C00350000|1.44|1.50|1.20|1.33|1.42|37|0.09|0.0677|-148|856|15|78|0.0003|0.0000|0.0000|-0.0020|0.0004||1.47|4|1.40|5
GME211217P00350000||||133.85|133.85|37|0.00|0.0000|0|4|0|0|-0.9996|0.0000|-0.1055|-0.0014|0.0005||181.35|13|177.30|17
GME211217C00360000|1.29|1.53|1.29|1.15|1.38|38|0.23|0.2000|-3|312|2|12|0.0003|0.0000|0.0000|-0.0017|0.0003||1.46|7|1.30|6
GME211217P00360000||||||38|||0|0|0|0|-0.9996|0.0000|-0.1085|-0.0009|0.0004||191.25|19|187.30|13
GME211217C00370000||||1.43|1.43|39|0.00|0.0000|1|447|0|0|0.0002|0.0000|0.0000|-0.0014|0.0003||1.43|22|1.19|25
GME211217P00370000||||172.65|172.65|39|0.00|0.0000|0|3|0|0|-0.9997|0.0000|-0.1115|-0.0005|0.0003||201.20|12|197.25|15
GME211217C00380000|1.34|1.34|1.30|1.20|1.30|40|0.10|0.0833|7|175|1|2|0.0002|0.0000|0.0000|-0.0012|0.0002||1.37|17|1.11|17
GME211217P00380000||||208.83|208.83|40|0.00|0.0000|0|16|0|0|-0.9998|0.0000|-0.1145|-0.0001|0.0002||211.15|1|207.05|12
GME211217C00390000|1.20|1.20|1.17|1.16|1.20|41|0.04|0.0345|71|265|1|4|0.0002|0.0000|0.0000|-0.0011|0.0002||1.22|1|1.20|1
GME211217P00390000||||||41|||0|0|0|0|-0.9998|0.0000|-0.1175|0.0001|0.0002||221.10|2|217.15|4
GME211217C00400000|1.10|1.21|0.90|1.10|1.15|42|0.05|0.0455|49|1325|1|137|0.0001|0.0000|0.0000|-0.0008|0.0001||1.15|29|1.13|5
GME211217P00400000||||238.75|238.75|42|0.00|0.0000|0|3|0|0|-0.9998|0.0000|-0.1205|0.0002|0.0002||231.05|1|226.95|12
GME211217C00410000|1.00|1.00|1.00|1.10|1.00|43|-0.10|-0.0909|1|227|1|1|0.0001|0.0000|0.0000|-0.0006|0.0001||1.23|17|0.91|40
GME211217P00410000||||190.90|190.90|43|0.00|0.0000|0|3|0|0|-0.9999|0.0000|-0.1236|0.0004|0.0002||241.00|10|236.50|12
GME211217C00420000|1.09|1.10|0.92|0.92|1.10|44|0.18|0.1957|-2|540|2|5|0.0001|0.0000|0.0000|-0.0005|0.0001||1.20|18|0.91|18
GME211217P00420000||||189.85|189.85|44|0.00|0.0000|0|16|0|0|-0.9999|0.0000|-0.1266|0.0010|0.0001||250.95|10|246.45|10
GME211217C00430000|1.00|1.00|0.83|1.04|0.90|45|-0.14|-0.1346|7|220|6|22|0.0001|0.0000|0.0000|-0.0004|0.0001||1.20|17|0.74|13
GME211217P00430000||||244.20|244.20|45|0.00|0.0000|0|0|0|0|-0.9999|0.0000|-0.1296|0.0011|0.0001||260.95|12|256.45|12
GME211217C00440000||||0.80|0.80|46|0.00|0.0000|2|474|0|0|0.0000|0.0000|0.0000|-0.0004|0.0001||1.03|1|0.71|12
GME211217P00440000||||||46|||0|0|0|0|-1.0000|0.0000|-0.1326|0.0012|0.0000||270.90|12|266.55|1
GME211217C00450000|0.90|0.92|0.81|0.84|0.92|47|0.08|0.0952|62|745|1|4|0.0000|0.0000|0.0000|-0.0003|0.0000||0.96|1|0.66|9
GME211217P00450000||||||47|||0|0|0|0|-1.0000|0.0000|-0.1356|0.0013|0.0000||280.85|12|276.35|10
GME211217C00460000|0.88|1.02|0.88|0.90|1.02|48|0.12|0.1333|0|1139|1|5|0.0000|0.0000|0.0000|-0.0003|0.0000||0.94|1|0.63|15
GME211217P00460000||||261.60|261.60|48|0.00|0.0000|0|5|0|0|-1.0000|0.0000|-0.1386|0.0014|0.0000||290.80|12|286.35|2
GME211217C00470000|0.80|0.86|0.80|1.00|0.86|49|-0.14|-0.1400|0|190|1|2|0.0340|0.0009|0.0015|-0.2866|0.0227||1.06|12|0.64|1
GME211217P00470000||||||49||||0|0|0|-1.0000|0.0000|-0.1416|0.0016|0.0000||300.75|12|296.30|2
GME211217C00480000|0.65|0.65|0.65|0.80|0.65|50|-0.15|-0.1875|2|245|1|1|0.0272|0.0008|0.0012|-0.2328|0.0188||1.06|24|0.59|16
GME211217P00480000||||264.21|264.21|50|0.00|0.0000|0|7|0|0|-0.9951|0.0002|-0.1444|-0.0394|0.0043||310.75|12|306.30|12
GME211217C00490000|0.74|0.80|0.73|0.80|0.73|51|-0.07|-0.0875|-1|151|1|4|0.0293|0.0008|0.0013|-0.2557|0.0200||1.06|27|0.58|13
GME211217P00490000||||274.04|274.04|51|0.00|0.0000|0|7|0|0|-0.9930|0.0003|-0.1473|-0.0585|0.0059||320.70|12|316.25|12
GME211217C00500000|0.75|0.80|0.60|0.66|0.63|52|-0.03|-0.0455|16|2452|1|18|0.0259|0.0007|0.0011|-0.2295|0.0181||0.78|2|0.55|16
GME211217P00500000||||290.05|290.05|52|0.00|0.0000|0|7|0|0|-0.9847|0.0005|-0.1500|-0.1332|0.0116||330.65|12|326.25|12
GME211217C00510000|0.63|0.79|0.63|0.65|0.72|53|0.07|0.1077|67|1621|1|139|0.0283|0.0007|0.0012|-0.2553|0.0195||0.75|2|0.65|6
GME211217P00510000||||277.97|277.97|53|0.00|0.0000|0|0|0|0|-0.9962|0.0002|-0.1535|-0.0321|0.0034||340.65|12|336.20|12
GME211223C00100000||||71.00|71.00|11|0.00|0.0000|0|13|0|0|0.9293|0.0018|0.0395|-0.3023|0.0505||75.50|18|71.95|14
GME211223P00100000|2.42|2.42|1.55|2.13|1.60|11|-0.53|-0.2488|61|375|1|33|-0.0477|0.0016|-0.0045|-0.1872|0.0371||1.70|150|1.50|22
GME211223C00110000||||||10||||0|0|0|1.0000|0.0000|0.0512|-0.0004|0.0000||65.80|18|62.45|13
GME211223P00110000|2.10|2.29|2.10|2.57|2.15|10|-0.42|-0.1634|415|520|1|4|-0.0666|0.0022|-0.0063|-0.2241|0.0483||2.40|35|1.84|28
GME211223C00120000||||49.37|49.37|9|0.00|0.0000|1|2|0|0|0.9403|0.0027|0.0505|-0.1553|0.0443||56.65|15|52.90|16
GME211223P00120000|3.00|3.17|2.66|4.10|2.70|9|-1.40|-0.3415|0|37|1|30|-0.0890|0.0030|-0.0083|-0.2518|0.0602||2.79|2|2.42|21
GME211223C00130000||||41.20|41.20|8|0.00|0.0000|1|1|0|0|0.8878|0.0042|0.0502|-0.2573|0.0713||47.70|13|43.95|20
GME211223P00130000|3.58|3.58|3.58|5.25|3.58|8|-1.67|-0.3181|5|141|2|2|-0.1226|0.0042|-0.0114|-0.2897|0.0759||4.10|28|3.15|63
GME211223C00140000|41.10|41.10|41.10|41.10|41.10|7|0.00|0.0000|0|0|1|1|0.7908|0.0050|0.0446|-0.4827|0.1074||39.35|19|35.50|14
GME211223P00140000||||7.23|7.23|7|0.00|0.0000|7|49|0|0|-0.1996|0.0052|-0.0193|-0.4388|0.1045||5.55|28|4.50|47
GME211223C00145000||||||6||||0|0|0|1.0000|0.0000|0.0675|-0.0005|0.0000||35.45|19|31.85|14
GME211223P00145000|6.77|6.77|5.88|8.30|5.88|6|-2.42|-0.2916|3|14|1|11|-0.2099|0.0067|-0.0195|-0.3653|0.1070||6.90|27|5.55|50
GME211223C00150000||||28.10|28.10|5|0.00|0.0000|0|21|0|0|0.7854|0.0081|0.0503|-0.3109|0.1090||31.75|18|28.15|14
GME211223P00150000|9.75|9.75|6.65|11.00|7.70|5|-3.30|-0.3000|6|161|1|21|-0.2458|0.0071|-0.0233|-0.4104|0.1176||8.35|31|6.80|45
GME211223C00155000||||29.20|29.20|4|0.00|0.0000|0|11|0|0|0.7006|0.0069|0.0428|-0.5136|0.1298||28.30|23|25.10|8
GME211223P00155000|9.27|9.27|9.00|13.30|9.00|4|-4.30|-0.3233|1|79|1|2|-0.2843|0.0079|-0.0270|-0.4278|0.1267||9.55|23|8.30|37
GME211223C00160000||||22.77|22.77|3|0.00|0.0000|1|20|0|0|0.6752|0.0089|0.0438|-0.4282|0.1344||25.10|42|22.00|16
GME211223P00160000|10.00|10.17|10.00|13.20|10.17|3|-3.03|-0.2295|5|71|2|4|-0.3253|0.0089|-0.0308|-0.4302|0.1345||11.45|30|10.15|48
GME211223C00165000|22.80|22.80|21.60|18.80|21.60|2|2.80|0.1489|32|48|1|11|0.6236|0.0084|0.0401|-0.5024|0.1418||22.25|30|19.80|1
GME211223P00165000|13.12|13.12|11.97|17.15|12.96|2|-4.19|-0.2443|31|315|5|28|-0.3741|0.0092|-0.0359|-0.4574|0.1416||14.40|66|12.40|87
GME211223C00170000|20.25|20.25|19.22|18.44|19.98|1|1.54|0.0835|5|35|10|15|0.5805|0.0083|0.0374|-0.5445|0.1460||19.65|31|16.55|34
GME211223P00170000|15.51|15.78|13.71|20.03|15.78|1|-4.25|-0.2122|1|62|15|85|-0.4229|0.0097|-0.0408|-0.4621|0.1463||16.85|21|14.95|18
GME211223C00175000|17.20|21.00|17.06|16.30|17.06|1|0.76|0.0466|19|38|5|46|0.5380|0.0085|0.0351|-0.5473|0.1484||17.30|29|15.00|13
GME211223P00175000|18.00|18.29|16.00|22.05|17.16|1|-4.89|-0.2218|-4|43|30|38|-0.4726|0.0099|-0.0460|-0.4679|0.1487||19.60|15|17.85|17
