symbol|open|high|low|preClose|close|activeLevel|change|changeRatio|openIntChange|openInterest|latestPriceVol|volume|delta|gamma|rho|theta|vega|tradeStamptradeTime|ask|avol|bid|bvol
GME211203C00100000||||83.51|83.51|9|0.00|0.0000|-1|9|0|0|0.9706|0.0013|0.0026|-1.6710|0.0059||72.80|4|66.85|49
GME211203P00100000|0.04|0.05|0.01|0.06|0.01|9|-0.05|-0.8333|21|534|1|195|-0.0027|0.0003|0.0000|-0.1353|0.0007||0.03|2|0.00|0
GME211203C00110000||||135.99|135.99|8|0.00|0.0000|0|1|0|0|0.8585|0.0026|0.0021|-9.7606|0.0197||62.65|12|56.80|53
GME211203P00110000|0.08|0.08|0.02|0.11|0.02|8|-0.09|-0.8182|27|199|5|42|-0.0101|0.0008|-0.0001|-0.4271|0.0024||0.11|12|0.01|1
GME211203C00120000||||||7||||0|0|0|1.0000|0.0000|0.0033|-0.0004|0.0000||52.90|5|47.05|49
GME211203P00120000|0.04|0.11|0.03|0.19|0.03|7|-0.16|-0.8421|165|546|5|75|-0.0065|0.0008|0.0000|-0.2116|0.0016||0.11|29|0.00|0
GME211203C00130000||||65.44|65.44|6|0.00|0.0000|0|1|0|0|0.8016|0.0042|0.0024|-9.1632|0.0245||42.65|4|36.95|53
GME211203P00130000|0.14|0.18|0.02|0.29|0.02|6|-0.27|-0.9310|7|983|1|113|-0.0145|0.0018|-0.0001|-0.3723|0.0032||0.15|22|0.01|12
GME211203C00140000|32.50|32.50|32.50|55.33|32.50|5|-22.83|-0.4126|0|6|4|4|0.7317|0.0041|0.0043|-6.6241|0.0409||32.80|12|27.05|61
GME211203P00140000|0.15|0.38|0.01|0.30|0.13|5|-0.17|-0.5667|17|1168|6|472|-0.0286|0.0040|-0.0001|-0.5368|0.0057||0.24|44|0.07|5
GME211203C00150000|23.50|24.00|21.00|44.80|24.00|4|-20.80|-0.4643|0|6|1|52|0.7048|0.0073|0.0025|-8.1948|0.0303||22.95|13|17.35|62
GME211203P00150000|0.20|0.59|0.15|0.65|0.15|4|-0.50|-0.7692|149|1347|4|806|-0.0953|0.0114|-0.0005|-1.2620|0.0149||0.24|5|0.15|10
GME211203C00155000||||27.75|27.75|3|0.00|0.0000|0|5|0|0|0.6673|0.0082|0.0024|-8.0716|0.0319||18.00|13|12.50|54
GME211203P00155000|0.39|0.70|0.27|0.68|0.38|3|-0.30|-0.4412|-29|963|2|308|-0.1425|0.0174|-0.0007|-1.4573|0.0198||0.37|33|0.16|30
GME211203C00160000|23.77|23.77|12.60|23.00|14.03|2|-8.97|-0.3900|2|117|1|6|0.7291|0.0235|0.0031|-2.3355|0.0291||12.90|19|8.50|113
GME211203P00160000|1.14|1.24|0.30|0.68|0.30|2|-0.38|-0.5588|108|548|1|975|-0.3744|0.0056|-0.0911|-0.3285|0.2079||0.38|2|0.27|10
GME211203C00165000|15.40|15.40|4.80|32.50|5.80|1|-26.70|-0.8215|0|31|10|188|0.5757|0.0097|0.0022|-7.9406|0.0344||8.30|43|5.65|16
GME211203P00165000|0.62|2.20|0.40|1.20|0.51|1|-0.69|-0.5750|41|824|2|1042|-0.4032|0.0372|-0.0019|-2.0133|0.0339||0.88|13|0.61|2
GME211203C00170000|6.30|6.30|1.61|13.35|3.00|1|-10.35|-0.7753|13|63|2|868|0.4037|0.0384|0.0018|-1.9555|0.0339||3.65|54|2.66|13
GME211203P00170000|1.42|4.00|0.80|1.87|1.48|1|-0.39|-0.2086|480|1414|1|1554|-0.5772|0.0404|-0.0028|-1.8954|0.0344||2.70|76|1.70|1
GME211203C00175000|7.05|7.05|0.48|9.00|0.90|2|-8.10|-0.9000|6|123|1|2410|0.2182|0.0337|0.0010|-1.2877|0.0259||1.11|5|0.80|10
GME211203P00175000|1.75|7.40|1.50|2.73|5.66|2|2.93|1.0733|485|968|1|676|-0.7853|0.0339|-0.0038|-1.2573|0.0256||6.15|33|3.85|67
GME211203C00177500|4.12|4.12|0.34|8.24|0.53|3|-7.71|-0.9357|34|41|1|1133|0.1876|0.0262|0.0008|-1.3815|0.0237||0.64|15|0.44|13
GME211203P00177500|2.70|9.65|2.20|3.58|7.76|3|4.18|1.1676|267|466|1|473|-0.5070|0.0075|-0.1197|-0.2721|0.2188||8.80|38|5.85|54
GME211203C00180000|4.60|5.00|0.18|5.75|0.30|4|-5.45|-0.9478|33|766|1|960|0.0861|0.0186|0.0004|-0.6641|0.0138||0.55|1|0.26|16
GME211203P00180000|5.29|12.00|2.63|4.40|10.25|4|5.85|1.3295|-355|1413|1|259|-0.9782|0.0090|-0.0048|-0.1501|0.0046||11.00|30|8.50|9
GME211203C00182500|3.75|3.90|0.12|4.40|0.12|5|-4.28|-0.9727|61|146|1|198|0.1220|0.0173|0.0011|-0.5932|0.0251||0.38|35|0.16|25
GME211203P00182500|7.75|14.00|3.89|5.41|12.70|5|7.29|1.3475|-45|252|1|79|-0.9642|0.0102|-0.0048|-0.3027|0.0069||13.50|26|9.95|67
GME211203C00185000|2.43|3.10|0.12|3.22|0.17|6|-3.05|-0.9472|314|795|3|1227|0.0188|0.0057|0.0001|-0.1845|0.0040||0.30|27|0.14|21
GME211203P00185000|9.16|15.95|4.90|7.21|15.07|6|7.86|1.0902|-47|541|5|115|-0.9782|0.0063|-0.0050|-0.2146|0.0046||16.55|50|12.80|50
GME211203C00187500|2.00|2.16|0.10|2.40|0.15|7|-2.25|-0.9375|-120|610|1|570|0.0116|0.0037|0.0001|-0.1229|0.0027||0.21|17|0.12|7
GME211203P00187500|7.14|17.61|7.14|8.59|14.49|7|5.90|0.6868|-33|442|1|21|-0.9902|0.0033|-0.0051|-0.1023|0.0023||18.40|22|14.95|45
GME211203C00190000|1.42|1.60|0.10|1.70|0.15|8|-1.55|-0.9118|-141|637|32|619|0.0200|0.0049|0.0001|-0.2426|0.0043||0.20|12|0.10|2
GME211203P00190000|11.26|20.95|8.25|11.17|20.05|8|8.88|0.7950|-67|766|5|125|-0.5716|0.0067|-0.1425|-0.2945|0.2153||20.40|19|18.00|24
GME211203C00192500|1.00|1.09|0.09|1.27|0.09|9|-1.18|-0.9291|-248|254|1|685|0.0259|0.0052|0.0002|-0.1748|0.0075||0.18|11|0.07|27
GME211203P00192500|10.85|24.24|10.85|12.49|24.24|9|11.75|0.9408|-8|265|3|18|-0.9972|0.0010|-0.0053|-0.0350|0.0008||25.30|37|20.15|13
GME211203C00195000|1.09|1.09|0.12|1.07|0.12|10|-0.95|-0.8879|-71|526|1|314|0.0138|0.0031|0.0001|-0.2019|0.0031||0.16|10|0.08|7
GME211203P00195000|15.20|24.67|12.95|14.76|24.65|10|9.89|0.6701|-69|557|1|25|-0.6161|0.0070|-0.1527|-0.2682|0.2095||26.60|50|22.55|57
GME211203C00197500|0.35|0.35|0.09|0.89|0.12|11|-0.77|-0.8652|-133|357|1|56|0.0133|0.0028|0.0001|-0.2071|0.0030||0.12|13|0.08|3
GME211203P00197500|17.15|26.97|15.00|17.43|23.41|11|5.98|0.3431|-4|198|1|53|-0.9959|0.0012|-0.0054|-0.0608|0.0011||30.05|39|24.95|19
GME211203C00200000|0.65|0.74|0.06|0.68|0.08|12|-0.60|-0.8824|599|1650|1|826|0.0107|0.0022|0.0000|-0.1779|0.0025||0.08|50|0.07|3
GME211203P00200000|18.50|31.67|18.50|19.88|30.95|12|11.07|0.5568|-271|727|10|93|-0.9957|0.0011|-0.0055|-0.0692|0.0011||32.50|51|27.65|18
GME211203C00202500|0.30|0.51|0.05|0.50|0.05|13|-0.45|-0.9000|164|445|1|67|0.4535|0.0047|0.0576|-0.4324|0.2174||0.11|6|0.06|12
GME211203P00202500|21.15|31.85|21.15|21.93|30.22|13|8.29|0.3780|-30|154|8|11|-0.6065|0.0057|-0.1619|-0.3301|0.2110||35.60|47|29.95|12
GME211203C00205000|0.88|0.88|0.05|0.55|0.07|14|-0.48|-0.8727|-141|693|4|144|0.0098|0.0018|0.0000|-0.1841|0.0023||0.11|7|0.06|12
GME211203P00205000|26.93|35.00|26.93|24.98|35.00|14|10.02|0.4011|-135|349|1|52|-0.5645|0.0048|-0.1628|-0.4151|0.2160||38.00|63|32.40|33
GME211203C00207500|0.15|0.15|0.05|0.55|0.05|15|-0.50|-0.9091|148|548|1|34|0.4679|0.0041|0.0567|-0.4927|0.2181||0.09|7|0.05|14
GME211203P00207500|38.35|38.35|35.25|25.68|37.50|15|11.82|0.4603|-2|33|1|9|-0.9093|0.0064|-0.0053|-2.0868|0.0143||39.70|46|34.75|33
GME211203C00210000|0.33|0.39|0.05|0.46|0.06|16|-0.40|-0.8696|73|1012|9|559|0.0080|0.0014|0.0000|-0.1670|0.0019||0.08|7|0.06|2
GME211203P00210000|28.88|41.00|28.55|29.77|40.29|16|10.52|0.3534|-51|334|2|110|-0.9957|0.0009|-0.0057|-0.0892|0.0011||41.95|48|37.35|31
GME211203C00212500|0.22|0.22|0.06|0.48|0.06|17|-0.42|-0.8750|47|344|1|35|0.0070|0.0012|0.0000|-0.1540|0.0017||0.08|8|0.04|14
GME211203P00212500|37.02|41.83|37.02|33.40|40.28|17|6.88|0.2060|0|67|1|7|-0.9829|0.0023|-0.0057|-0.3857|0.0037||45.60|35|39.70|19
GME211203C00215000|0.17|0.23|0.05|0.37|0.05|18|-0.32|-0.8649|0|792|4|265|0.0070|0.0012|0.0000|-0.1615|0.0017||0.07|11|0.05|8
GME211203P00215000|35.00|45.70|35.00|31.97|45.47|18|13.50|0.4223|-11|215|1|65|-0.9678|0.0033|-0.0057|-0.7835|0.0063||47.45|29|42.50|15
GME211203C00217500|0.16|0.16|0.06|0.38|0.06|19|-0.32|-0.8421|-3|180|1|110|0.0063|0.0010|0.0000|-0.1532|0.0016||0.08|7|0.04|14
GME211203P00217500|46.36|48.06|45.41|38.35|45.41|19|7.06|0.1841|-2|72|38|51|-0.9836|0.0021|-0.0059|-0.4040|0.0036||50.60|38|45.05|12
GME211203C00220000|0.17|0.20|0.05|0.36|0.06|20|-0.30|-0.8333|32|1410|1|215|0.0066|0.0010|0.0000|-0.1666|0.0016||0.07|1|0.05|7
GME211203P00220000|49.15|51.50|48.10|40.13|50.26|20|10.13|0.2524|-18|195|2|37|-0.9915|0.0012|-0.0060|-0.2152|0.0020||51.95|39|47.30|29
GME211203C00222500|0.09|0.09|0.05|0.37|0.05|21|-0.32|-0.8649|4|185|1|9|0.4922|0.0032|0.0538|-0.6280|0.2188||0.08|8|0.03|15
GME211203P00222500|44.57|48.74|44.57|45.85|48.74|21|2.89|0.0630|-6|45|1|2|-0.9499|0.0038|-0.0059|-1.4162|0.0091||55.80|13|49.90|6
GME211203C00225000|0.20|0.20|0.04|0.30|0.05|22|-0.25|-0.8333|-60|596|3|112|0.5026|0.0031|0.0534|-0.6629|0.2188||0.08|7|0.03|15
GME211203P00225000|42.95|53.85|42.95|45.20|51.95|22|6.75|0.1493|0|125|1|14|-0.9908|0.0012|-0.0061|-0.2512|0.0022||58.05|40|52.30|12
GME211203C00227500|0.14|0.14|0.03|0.50|0.03|23|-0.47|-0.9400|16|113|1|20|0.0412|0.0031|0.0004|-0.6196|0.0110||0.08|2|0.03|14
GME211203P00227500|55.10|55.10|55.10|45.48|55.10|23|9.62|0.2115|0|26|1|1|-0.9540|0.0033|-0.0060|-1.3916|0.0085||60.60|19|54.85|2
GME211203C00230000|0.24|0.24|0.03|0.24|0.07|24|-0.17|-0.7083|-39|888|32|144|0.0099|0.0012|0.0000|-0.2905|0.0023||0.08|19|0.02|12
GME211203P00230000|47.00|55.64|47.00|49.84|55.64|24|5.80|0.1164|-4|63|2|3|-0.9939|0.0008|-0.0063|-0.1770|0.0015||63.10|19|57.05|12
GME211203C00232500|0.03|0.05|0.03|0.25|0.05|25|-0.20|-0.8000|-7|86|1|2|0.4788|0.0031|0.0520|-0.6481|0.2185||0.07|3|0.03|17
GME211203P00232500||||52.32|52.32|25|0.00|0.0000|-1|33|0|0|-0.9586|0.0030|-0.0124|-0.6644|0.0110||65.70|18|59.70|12
GME211203C00235000|0.56|0.56|0.02|0.25|0.05|26|-0.20|-0.8000|-14|317|3|21|0.0042|0.0006|0.0000|-0.1291|0.0011||0.07|6|0.02|15
GME211203P00235000|53.48|66.26|53.48|53.95|66.15|26|12.20|0.2261|-31|340|1|83|-0.9957|0.0006|-0.0064|-0.1310|0.0011||67.85|18|62.35|12
GME211203C00237500|0.13|0.13|0.02|0.27|0.03|27|-0.24|-0.8889|-1|114|2|23|0.0041|0.0006|0.0000|-0.1316|0.0011||0.07|1|0.02|7
GME211203P00237500|55.98|68.79|55.98|56.45|68.35|27|11.90|0.2108|-22|262|1|84|-0.9952|0.0006|-0.0065|-0.1538|0.0012||70.45|48|64.95|12
GME211203C00240000|0.20|0.20|0.03|0.27|0.04|28|-0.23|-0.8519|64|656|1|33|0.0065|0.0008|0.0000|-0.2142|0.0016||0.04|20|0.03|2
GME211203P00240000|69.64|71.25|69.63|60.48|71.25|28|10.77|0.1781|-6|95|1|6|-0.8889|0.0043|-0.0061|-4.2024|0.0166||73.10|20|67.35|15
GME211203C00245000|0.05|0.06|0.01|0.23|0.05|29|-0.18|-0.7826|-115|299|7|40|0.0017|0.0003|0.0000|-0.0595|0.0005||0.07|10|0.01|15
GME211203P00245000|66.88|66.88|66.88|60.55|66.88|29|6.33|0.1045|-1|67|1|1|-0.6538|0.0039|-0.2173|-0.4437|0.2024||78.20|19|72.30|15
GME211203C00250000|0.06|0.12|0.01|0.14|0.03|30|-0.11|-0.7857|1181|4523|2|305|0.5255|0.0025|0.0495|-0.8215|0.2184||0.05|1|0.01|16
GME211203P00250000|75.53|75.81|75.53|70.43|75.81|30|5.38|0.0764|0|123|1|3|-0.9896|0.0010|-0.0068|-0.3858|0.0024||83.10|38|77.45|12
GME211203C00260000|0.05|0.05|0.01|0.15|0.04|31|-0.11|-0.7333|-5|709|32|151|0.0051|0.0005|0.0000|-0.2055|0.0013||0.05|5|0.02|1
GME211203P00260000|88.15|88.15|88.15|75.00|88.15|31|13.15|0.1753|0|6|1|1|-0.9406|0.0027|-0.0069|-2.5685|0.0104||93.30|17|87.05|18
GME211203C00270000|0.04|0.06|0.02|0.02|0.02|32|0.00|0.0000|20|607|1|24|0.0023|0.0003|0.0000|-0.0997|0.0006||0.07|4|0.02|5
GME211203P00270000|99.66|99.66|99.66|86.50|99.66|32|13.16|0.1521|0|21|3|4|-0.9006|0.0032|-0.0070|-4.8095|0.0153||103.20|19|97.30|12
GME211203C00280000|0.08|0.08|0.01|0.07|0.01|33|-0.06|-0.8571|46|618|1|16|0.0016|0.0002|0.0000|-0.0753|0.0005||0.03|1|0.01|5
GME211203P00280000||||95.00|95.00|33|0.00|0.0000|0|10|0|0|-0.9995|0.0001|-0.0077|-0.0209|0.0002||113.10|16|107.15|12
GME211203C00290000|0.04|0.04|0.01|0.09|0.03|34|-0.06|-0.6667|-7|495|1|14|0.0036|0.0003|0.0000|-0.1755|0.0009||0.05|30|0.01|5
GME211203P00290000||||||34||||0|0|0|-1.0000|0.0000|-0.0079|0.0009|0.0000||123.15|15|117.30|8
GME211203C00300000|0.06|0.06|0.01|0.07|0.01|35|-0.06|-0.8571|-116|2079|32|192|0.0025|0.0002|0.0000|-0.1291|0.0007||0.02|1|0.01|8
GME211203P00300000||||111.10|111.10|35|0.00|0.0000|0|2|0|0|-0.9976|0.0002|-0.0164|-0.0602|0.0009||133.30|17|127.10|12
GME211203C00310000|0.04|0.05|0.01|0.08|0.02|36|-0.06|-0.7500|-1|343|1|34|0.0007|0.0001|0.0000|-0.0385|0.0002||0.09|27|0.01|8
GME211203P00310000||||71.90|71.90|36|0.00|0.0000|0|4|0|0|-0.9031|0.0025|-0.3167|-0.1496|0.0941||143.20|18|137.20|12
GME211203C00320000|0.04|0.04|0.02|0.04|0.02|37|-0.02|-0.5000|-1|388|1|4|0.0022|0.0002|0.0000|-0.1288|0.0006||0.02|1|0.01|1
GME211203P00320000||||||37||||0|0|0|-1.0000|0.0000|-0.0175|0.0010|0.0000||153.25|16|147.15|15
GME211203C00330000||||0.06|0.06|38|0.00|0.0000|2|350|0|0|0.0036|0.0003|0.0000|-0.2203|0.0010||0.07|27|0.00|0
GME211203P00330000||||127.27|127.27|38|0.00|0.0000|-2|0|0|0|-1.0000|0.0000|-0.0090|0.0008|0.0000||163.10|16|157.30|12
GME211203C00340000|0.01|0.04|0.01|0.06|0.04|39|-0.02|-0.3333|4|139|1|3|0.0007|0.0001|0.0000|-0.0457|0.0002||0.04|1|0.00|0
GME211203P00340000||||134.20|134.20|39|0.00|0.0000|0|1|0|0|-0.9997|0.0000|-0.0186|-0.0076|0.0001||173.10|16|167.30|14
GME211203C00350000|0.01|0.03|0.01|0.04|0.01|40|-0.03|-0.7500|-10|1227|1|98|0.0011|0.0001|0.0000|-0.0728|0.0003||0.02|1|0.01|16
GME211203P00350000||||136.35|136.35|40|0.00|0.0000|-1|2|0|0|-1.0000|0.0000|-0.0096|0.0010|0.0000||183.10|16|177.25|12
GME211203C00360000|0.01|0.03|0.01|0.09|0.03|41|-0.06|-0.6667|0|159|25|83|0.0017|0.0001|0.0000|-0.1152|0.0005||0.03|4|0.00|0
GME211203P00360000||||||41||||0|0|0|-1.0000|0.0000|-0.0099|0.0011|0.0000||193.10|16|187.30|14
GME211203C00370000|0.01|0.01|0.01|0.02|0.01|42|-0.01|-0.5000|-1|87|1|1|0.0007|0.0001|0.0000|-0.0490|0.0002||0.02|1|0.00|0
GME211203P00370000||||136.05|136.05|42|0.00|0.0000|0|1|0|0|-1.0000|0.0000|-0.0101|0.0011|0.0000||203.20|16|197.05|7
GME211203C00380000|0.01|0.01|0.01|0.04|0.01|43|-0.03|-0.7500|-1|100|1|25|0.0007|0.0001|0.0000|-0.0473|0.0002||0.01|6|0.00|0
GME211203P00380000||||170.35|170.35|43|0.00|0.0000|0|0|0|0|-1.0000|0.0000|-0.0104|0.0010|0.0000||213.00|16|207.30|12
GME211203C00390000|0.04|0.04|0.04|0.02|0.04|44|0.02|1.0000|-2|89|1|1|0.6581|0.0012|0.0362|-1.3970|0.2014||0.01|1|0.00|0
GME211203P00390000|216.55|216.55|216.55|216.55|216.55|44|0.00|0.0000|0|0|1|1|-1.0000|0.0000|-0.0107|0.0012|0.0000||223.15|16|217.30|12
GME211203C00400000|0.01|0.01|0.01|0.02|0.01|45|-0.01|-0.5000|-4|2445|1|17|0.0007|0.0001|0.0000|-0.0530|0.0002||0.01|2|0.00|0
GME211203P00400000||||215.38|215.38|45|0.00|0.0000|0|0|0|0|-0.7023|0.0023|-0.3942|-0.6622|0.1901||233.10|16|227.00|15
GME211203C00410000||||0.03|0.03|46|0.00|0.0000|3|1058|0|0|0.6609|0.0012|0.0354|-1.4290|0.2008||0.01|8|0.00|0
GME211203P00410000||||||46||||0|0|0|-1.0000|0.0000|-0.4380|0.0013|0.0000||243.30|17|237.30|12
GME211203C00420000|0.01|0.01|0.01|0.01|0.01|47|0.00|0.0000|3|234|2|2|0.0006|0.0000|0.0000|-0.0498|0.0002||0.01|1|0.00|0
GME211203P00420000||||||47||||0|0|0|-1.0000|0.0000|-0.0115|0.0013|0.0000||253.30|16|247.20|12
GME211203C00430000||||0.03|0.03|48|0.00|0.0000|0|70|0|0|0.0017|0.0001|0.0000|-0.1366|0.0005||0.02|100|0.00|0
GME211203P00430000||||||48||||0|0|0|-1.0000|0.0000|-0.0118|0.0013|0.0000||265.00|3|255.50|27
GME211203C00440000||||0.08|0.08|49|0.00|0.0000|1|71|0|0|0.0039|0.0002|0.0000|-0.3298|0.0010||0.01|4|0.00|0
GME211203P00440000||||||49||||0|0|0|-1.0000|0.0000|-0.0121|0.0014|0.0000||273.55|12|264.75|15
GME211203C00450000|0.01|0.01|0.01|0.01|0.01|50|0.00|0.0000|4|487|2|4|0.6441|0.0012|0.0352|-1.4605|0.2044||0.01|100|0.00|0
GME211203P00450000||||||50||||0|0|0|-1.0000|0.0000|-0.0123|0.0014|0.0000||283.55|3|276.10|27
GME211203C00460000||||0.01|0.01|51|0.00|0.0000|4|63|0|0|0.0006|0.0000|0.0000|-0.0518|0.0002||0.01|100|0.00|0
GME211203P00460000||||||51||||0|0|0|-1.0000|0.0000|-0.0126|0.0014|0.0000||293.55|12|284.75|15
GME211203C00470000||||0.01|0.01|52|0.00|0.0000|9|200|0|0|0.0006|0.0000|0.0000|-0.0503|0.0002||0.01|100|0.00|0
GME211203P00470000||||||52||||0|0|0|-1.0000|0.0000|-0.0258|0.0014|0.0000||306.90|12|295.35|27
GME211203C00480000||||0.06|0.06|53|0.00|0.0000|0|91|0|0|0.0028|0.0001|0.0000|-0.2602|0.0008||0.01|100|0.00|0
GME211203P00480000||||||53||||0|0|0|-1.0000|0.0000|-0.0132|0.0015|0.0000||316.90|12|305.35|27
GME211203C00490000|0.01|0.01|0.01|0.06|0.01|54|-0.05|-0.8333|0|250|1|10|0.6677|0.0011|0.0332|-1.5318|0.1992||0.01|100|0.00|0
GME211203P00490000||||||54||||0|0|0|-1.0000|0.0000|-0.0134|0.0015|0.0000||325.45|12|315.35|27
GME211203C00500000|0.01|0.02|0.01|0.03|0.02|55|-0.01|-0.3333|9|1379|20|37|0.0010|0.0001|0.0000|-0.0990|0.0003||0.01|500|0.00|0
GME211203P00500000||||||55||||0|0|0|-1.0000|0.0000|-0.0274|0.0015|0.0000||336.90|12|325.35|27
GME211203C00510000|0.01|0.01|0.01|0.02|0.01|56|-0.01|-0.5000|121|5819|38|202|0.0005|0.0000|0.0000|-0.0517|0.0002||0.01|656|0.00|0
GME211203P00510000||||||56||||0|0|0|-1.0000|0.0000|-0.0140|0.0016|0.0000||346.90|3|335.35|27
GME211210C00100000||||86.01|86.01|10|0.00|0.0000|0|1|0|0|0.9022|0.0005|0.0267|-0.6595|0.1028||74.70|12|68.25|55
GME211210P00100000|0.55|1.19|0.50|0.48|1.10|10|0.62|1.2917|29|239|1|465|-0.0393|0.0016|-0.0017|-0.2887|0.0211||1.16|8|1.09|50
GME211210C00110000||||76.13|76.13|9|0.00|0.0000|0|2|0|0|0.8336|0.0022|0.0149|-1.7384|0.0620||64.90|12|57.90|62
GME211210P00110000|0.58|1.37|0.54|0.60|1.22|9|0.62|1.0333|9|215|1|181|-0.0396|0.0020|-0.0016|-0.2331|0.0212||1.41|13|1.24|22
GME211210C00120000|56.97|56.97|56.97|76.03|56.97|8|-19.06|-0.2507|0|1|1|1|0.8721|0.0036|0.0206|-0.7650|0.0520||55.10|13|48.55|62
GME211210P00120000|0.97|1.81|0.75|1.00|1.75|8|0.75|0.7500|167|263|1|573|-0.0745|0.0033|-0.0031|-0.3765|0.0350||1.79|9|1.61|20
GME211210C00130000||||||7||||0|0|0|1.0000|0.0000|0.0285|-0.0004|0.0000||45.45|11|39.40|18
GME211210P00130000|1.50|2.69|1.28|1.45|2.50|7|1.05|0.7241|0|431|1|617|-0.1161|0.0049|-0.0054|-0.4321|0.0515||2.54|21|2.33|23
GME211210C00140000|36.10|36.10|36.10|56.44|36.10|6|-20.34|-0.3604|0|29|2|4|0.8239|0.0072|0.0234|-0.5846|0.0641||37.05|16|30.85|40
GME211210P00140000|1.89|3.92|1.89|2.18|3.75|6|1.57|0.7202|142|441|1|176|-0.1628|0.0071|-0.0067|-0.5318|0.0612||3.80|1|3.50|22
GME211210C00145000|30.25|30.25|30.25|30.25|30.25|5|0.00|0.0000||0|1|1|0.7749|0.0078|0.0223|-0.7180|0.0745||31.95|5|27.35|46
GME211210P00145000|2.92|5.10|2.92|2.80|4.85|5|2.05|0.7321||15|1|82|-0.2038|0.0084|-0.0084|-0.5964|0.0703||4.85|24|4.30|43
GME211210C00150000|30.00|31.00|25.20|34.20|27.79|4|-6.41|-0.1874|1|20|50|56|0.7427|0.0094|0.0221|-0.6920|0.0802||29.15|42|23.35|44
GME211210P00150000|3.30|6.30|3.30|3.50|6.10|4|2.60|0.7429|240|460|1|603|-0.2500|0.0097|-0.0104|-0.6483|0.0790||6.05|30|5.45|33
GME211210C00155000|25.10|25.10|21.10|58.70|21.10|3|-37.60|-0.6405|0|45|1|4|0.6713|0.0034|0.0144|-2.4173|0.0898||24.30|43|20.65|63
GME211210P00155000|4.27|7.95|4.27|4.65|7.15|3|2.50|0.5376|49|244|1|79|-0.3062|0.0108|-0.0128|-0.7140|0.0872||7.45|42|6.95|19
GME211210C00160000|25.52|25.52|18.78|29.75|19.45|2|-10.30|-0.3462|0|204|1|37|0.6244|0.0092|0.0185|-0.9809|0.0943||20.90|46|18.60|50
GME211210P00160000|5.47|9.55|5.47|5.80|8.90|2|3.10|0.5345|55|441|10|203|-0.3717|0.0119|-0.0156|-0.7490|0.0936||9.10|18|8.55|18
GME211210C00165000|21.90|21.90|18.32|21.75|18.32|1|-3.43|-0.1577|1|3|1|6|0.5761|0.0095|0.0173|-1.0117|0.0973||18.05|26|16.05|25
GME211210P00165000|7.22|12.03|7.22|7.35|11.72|1|4.37|0.5946|42|362|15|196|-0.3961|0.0051|-0.1194|-0.3168|0.2296||11.60|50|10.25|87
GME211210C00170000|17.07|17.07|12.81|20.20|14.15|1|-6.05|-0.2995|5|21|1|90|0.5776|0.0052|0.0857|-0.3204|0.2332||14.70|9|13.75|16
GME211210P00170000|8.15|14.05|8.15|9.07|13.20|1|4.13|0.4553|81|441|2|260|-0.4907|0.0128|-0.0210|-0.7755|0.0991||13.55|13|12.80|5
GME211210C00175000|17.95|17.95|11.00|17.18|11.41|2|-5.77|-0.3359|48|73|1|200|0.4467|0.0127|0.0144|-0.7670|0.0982||12.55|32|11.25|24
GME211210P00175000|10.83|16.80|9.85|10.95|16.80|2|5.85|0.5342|104|522|3|148|-0.5557|0.0130|-0.0240|-0.7516|0.0982||18.05|76|15.00|63
GME211210C00177500|11.55|12.00|10.00|15.85|12.00|3|-3.85|-0.2429||27|1|116|0.4165|0.0126|0.0135|-0.7567|0.0969||11.85|46|9.05|52
GME211210P00177500|10.66|17.88|10.66|12.55|17.88|3|5.33|0.4247||234|1|84|-0.4603|0.0053|-0.1423|-0.3244|0.2365||19.60|52|16.45|42
GME211210C00180000|15.00|16.00|8.78|14.20|10.05|4|-4.15|-0.2923|227|306|9|186|0.3743|0.0126|0.0122|-0.7114|0.0938||10.15|18|9.40|21
GME211210P00180000|13.51|20.70|11.89|13.30|19.77|4|6.47|0.4865|99|705|1|110|-0.6172|0.0126|-0.0270|-0.7214|0.0948||20.50|63|18.00|41
GME211210C00182500|11.05|11.05|8.05|13.40|8.25|5|-5.15|-0.3843||66|5|45|0.3587|0.0121|0.0117|-0.7233|0.0928||9.65|49|8.45|34
GME211210P00182500|13.50|21.30|13.50|15.15|18.95|5|3.80|0.2508||205|1|26|-0.6384|0.0119|-0.0282|-0.7354|0.0931||22.90|52|19.40|41
GME211210C00185000|12.65|12.65|7.20|12.66|7.60|6|-5.06|-0.3997|24|132|1|91|0.5050|0.0052|0.0768|-0.3305|0.2377||8.80|53|7.70|34
GME211210P00185000|15.65|21.83|13.50|16.25|21.83|6|5.58|0.3434|98|456|1|33|-0.6770|0.0117|-0.0300|-0.6877|0.0889||24.70|79|21.10|49
GME211210C00187500|11.40|11.40|6.76|11.44|7.40|7|-4.04|-0.3531|45|64|15|25|0.3218|0.0108|0.0105|-0.7426|0.0891||7.70|9|7.10|20
GME211210P00187500|23.89|24.95|21.00|17.83|22.05|7|4.22|0.2367|129|256|1|7|-0.7174|0.0117|-0.0318|-0.6109|0.0837||26.90|52|22.45|43
GME211210C00190000|11.00|11.00|6.05|10.60|6.60|8|-4.00|-0.3774|103|199|1|236|0.2864|0.0108|0.0094|-0.6733|0.0846||7.20|45|6.35|46
GME211210P00190000|19.20|26.98|18.05|19.55|26.98|8|7.43|0.3801|70|498|1|62|-0.7090|0.0106|-0.0321|-0.6901|0.0852||28.15|47|24.60|42
GME211210C00192500|10.00|10.00|5.75|10.00|6.00|9|-4.00|-0.4000|23|88|1|12|0.4738|0.0051|0.0725|-0.3356|0.2372||6.65|47|5.80|32
GME211210P00192500|20.34|30.00|20.34|21.35|30.00|9|8.65|0.4052|32|118|1|2|-0.6866|0.0093|-0.1850|-0.1471|0.2112||30.35|63|26.25|46
GME211210C00195000|8.25|9.15|5.10|8.91|5.40|10|-3.51|-0.3939|116|250|1|84|0.2426|0.0098|0.0080|-0.6210|0.0777||6.00|40|5.30|28
GME211210P00195000|22.27|30.00|22.27|22.88|28.23|10|5.35|0.2338|95|285|3|33|-0.7577|0.0098|-0.0347|-0.6196|0.0776||32.45|52|28.30|35
GME211210C00197500|7.69|7.69|4.85|8.26|5.15|11|-3.11|-0.3765|60|106|1|29|0.2191|0.0092|0.0072|-0.5902|0.0731||5.65|53|4.70|65
GME211210P00197500|24.10|24.10|24.10|24.48|24.10|11|-0.38|-0.0155|15|119|1|1|-0.7857|0.0093|-0.0362|-0.5722|0.0722||34.80|54|30.15|26
GME211210C00200000|7.56|7.56|4.05|7.25|4.85|12|-2.40|-0.3310|140|774|1|462|0.1941|0.0088|0.0064|-0.5379|0.0681||4.95|12|4.50|19
GME211210P00200000|24.90|34.50|24.90|26.33|34.50|12|8.17|0.3103|21|680|1|35|-0.7971|0.0089|-0.0371|-0.5603|0.0702||36.30|55|32.15|34
GME211210C00202500|6.70|6.70|4.11|8.00|4.30|13|-3.70|-0.4625|10|77|1|14|0.2166|0.0083|0.0071|-0.6502|0.0729||4.85|68|3.75|88
GME211210P00202500|32.05|34.10|32.05|27.95|33.56|13|5.61|0.2007|0|48|12|16|-0.8190|0.0084|-0.0383|-0.5156|0.0654||38.80|46|34.30|25
GME211210C00205000|6.00|6.00|3.71|5.85|3.80|14|-2.05|-0.3504|10|169|1|40|0.1620|0.0079|0.0054|-0.4771|0.0609||4.35|56|3.75|24
GME211210P00205000|31.96|38.30|31.96|30.85|35.53|14|4.68|0.1517|-1|176|1|4|-0.7958|0.0079|-0.0430|-0.5657|0.0747||41.30|54|36.50|23
GME211210C00207500|3.99|4.00|3.62|5.72|4.00|15|-1.72|-0.3007|10|78|1|14|0.1566|0.0074|0.0052|-0.4834|0.0596||4.00|40|3.20|62
GME211210P00207500|40.40|41.49|39.38|31.10|41.49|15|10.39|0.3341|2|20|1|3|-0.7961|0.0075|-0.0388|-0.6695|0.0704||43.75|42|38.80|15
GME211210C00210000|5.15|5.30|3.20|5.15|3.43|16|-1.72|-0.3340|27|336|1|179|0.1412|0.0070|0.0047|-0.4496|0.0556||3.85|60|3.15|41
GME211210P00210000|33.23|43.05|31.95|34.54|43.05|16|8.51|0.2464|7|112|1|43|-0.8453|0.0071|-0.0409|-0.5003|0.0591||44.20|21|40.85|12
GME211210C00212500|3.50|3.50|3.00|5.00|3.00|17|-2.00|-0.4000|-3|80|2|20|0.1358|0.0066|0.0045|-0.4505|0.0542||3.50|21|3.00|23
GME211210P00212500|44.38|44.38|44.38|37.87|44.38|17|6.51|0.1719|-1|37|1|1|-0.8301|0.0068|-0.0410|-0.5873|0.0629||46.70|24|43.10|6
GME211210C00215000|4.05|4.05|2.80|4.43|2.89|18|-1.54|-0.3476|1|166|1|47|0.1206|0.0061|0.0040|-0.4111|0.0499||3.30|39|2.72|34
GME211210P00215000|48.00|48.00|43.60|37.79|47.82|18|10.03|0.2654|-2|32|1|40|-0.8874|0.0060|-0.0433|-0.3792|0.0475||49.20|19|45.45|6
GME211210C00217500|3.25|3.25|2.65|4.50|2.65|19|-1.85|-0.4111|0|30|1|14|0.1208|0.0059|0.0040|-0.4295|0.0499||3.10|45|2.48|62
GME211210P00217500|49.60|49.60|49.60|42.15|49.60|19|7.45|0.1767|2|27|10|10|-0.8046|0.0063|-0.0414|-0.7585|0.0686||51.70|33|47.70|22
GME211210C00220000|3.70|3.70|2.40|3.90|2.66|20|-1.24|-0.3179|12|413|1|117|0.1020|0.0053|0.0034|-0.3724|0.0441||2.88|18|2.46|18
GME211210P00220000|45.07|53.73|45.07|42.22|53.73|20|11.51|0.2726|1|156|1|13|-0.8387|0.0060|-0.0430|-0.6245|0.0608||54.20|31|50.15|13
GME211210C00222500|2.35|2.67|2.35|3.65|2.55|21|-1.10|-0.3014|25|88|1|8|0.3952|0.0043|0.0597|-0.3729|0.2294||2.74|33|2.22|61
GME211210P00222500|42.95|42.95|42.95|46.97|42.95|21|-4.02|-0.0856|-7|38|1|1|-0.8550|0.0057|-0.0440|-0.5716|0.0566||56.70|30|52.30|13
GME211210C00225000|3.10|3.10|2.15|3.45|2.32|22|-1.13|-0.3275|14|348|1|68|0.1196|0.0052|0.0040|-0.4757|0.0496||2.59|29|2.22|26
GME211210P00225000|51.00|58.60|51.00|47.35|54.42|22|7.07|0.1493|1|462|1|17|-0.9005|0.0049|-0.0460|-0.3864|0.0435||59.20|39|54.70|18
GME211210C00227500|2.74|2.74|2.10|3.35|2.20|23|-1.15|-0.3433|1|24|3|8|0.0861|0.0045|0.0029|-0.3440|0.0389||2.44|29|1.99|52
GME211210P00227500||||34.06|34.06|23|0.00|0.0000|0|35|0|0|-0.9996|0.0001|-0.0498|-0.0007|0.0004||61.70|29|57.20|18
GME211210C00230000|2.73|2.75|1.96|3.09|2.03|24|-1.06|-0.3430|2|395|1|166|0.0966|0.0046|0.0036|-0.3559|0.0451||2.33|29|1.95|36
GME211210P00230000|57.60|63.29|57.60|41.51|63.29|24|21.78|0.5247|0|38|23|25|-0.7096|0.0049|-0.2415|-0.2585|0.2041||64.20|53|59.30|28
GME211210C00232500|2.40|2.58|1.99|2.69|2.00|25|-0.69|-0.2565|3|33|1|8|0.1119|0.0047|0.0037|-0.4864|0.0473||2.22|37|1.95|15
GME211210P00232500||||56.09|56.09|25|0.00|0.0000|-5|6|0|0|-0.8802|0.0047|-0.0471|-0.5279|0.0495||66.65|16|61.70|19
GME211210C00235000|2.43|2.46|1.87|2.78|1.89|26|-0.89|-0.3201|-4|898|1|28|0.3848|0.0039|0.0568|-0.4032|0.2277||2.10|35|1.72|70
GME211210P00235000|61.85|67.00|61.85|58.42|65.99|26|7.57|0.1296|-1|35|7|10|-0.8818|0.0046|-0.0477|-0.5316|0.0492||69.15|15|64.10|13
GME211210C00237500|2.01|2.01|2.01|2.69|2.01|27|-0.68|-0.2528|1|19|1|1|0.0948|0.0041|0.0031|-0.4288|0.0419||2.28|96|1.64|74
GME211210P00237500|64.40|68.49|64.40|48.03|68.49|27|20.46|0.4260|0|25|7|8|-0.8467|0.0048|-0.0472|-0.7353|0.0588||72.40|28|66.55|13
GME211210C00240000|2.31|2.47|1.61|2.92|1.65|28|-1.27|-0.4349|-13|317|3|48|0.0748|0.0037|0.0025|-0.3407|0.0351||1.93|26|1.61|35
GME211210P00240000||||58.15|58.15|28|0.00|0.0000|1|34|0|0|-0.9556|0.0028|-0.0511|-0.1948|0.0233||74.15|25|69.10|2
GME211210C00245000|2.10|2.10|1.46|2.20|1.60|29|-0.60|-0.2727|-6|166|1|21|0.0568|0.0030|0.0019|-0.2674|0.0284||1.77|31|1.45|42
GME211210P00245000||||50.19|50.19|29|0.00|0.0000|0|23|0|0|-0.9984|0.0002|-0.0536|-0.0060|0.0013||79.15|34|73.65|17
GME211210C00250000|1.90|2.02|1.42|2.01|1.60|30|-0.41|-0.2040|110|2300|3|145|0.0496|0.0027|0.0017|-0.2443|0.0254||1.61|1|1.57|1
GME211210P00250000||||60.35|60.35|30|0.00|0.0000|0|15|0|0|-0.9956|0.0005|-0.0546|-0.0193|0.0032||84.15|38|78.55|14
GME211210C00255000|1.55|1.55|1.44|2.02|1.50|31|-0.52|-0.2574|-4|61|1|3|0.0789|0.0032|0.0026|-0.4172|0.0366||1.53|12|1.25|37
GME211210P00255000||||40.40|40.40|31|0.00|0.0000|0|5|0|0|-1.0000|0.0000|-0.0559|0.0006|0.0000||89.15|16|83.55|20
GME211210C00260000|1.79|1.79|1.20|1.73|1.39|32|-0.34|-0.1965|38|974|1|45|0.0432|0.0023|0.0014|-0.2297|0.0228||1.51|23|1.25|17
GME211210P00260000||||69.85|69.85|32|0.00|0.0000|0|22|0|0|-0.9949|0.0005|-0.0568|-0.0247|0.0037||94.15|27|88.55|6
GME211210C00270000|1.31|1.31|1.15|1.60|1.15|33|-0.45|-0.2813|-27|193|1|37|0.0379|0.0020|0.0013|-0.2171|0.0204||1.27|2|1.11|43
GME211210P00270000||||75.18|75.18|33|0.00|0.0000|0|14|0|0|-0.9755|0.0015|-0.0583|-0.1365|0.0143||104.15|19|98.40|4
GME211210C00280000|1.00|1.17|1.00|1.40|1.04|34|-0.36|-0.2571|16|242|1|25|0.0568|0.0023|0.0019|-0.3544|0.0284||1.15|10|1.02|5
GME211210P00280000||||84.53|84.53|34|0.00|0.0000|0|1|0|0|-0.9811|0.0012|-0.0607|-0.1120|0.0115||114.10|14|108.30|13
GME211210C00290000|1.16|1.16|0.93|1.25|0.95|35|-0.30|-0.2400|21|171|1|17|0.0465|0.0019|0.0015|-0.3060|0.0241||1.07|20|0.89|29
GME211210P00290000||||82.25|82.25|35|0.00|0.0000|0|7|0|0|-0.9994|0.0001|-0.0635|-0.0025|0.0005||124.00|29|118.00|23
GME211210C00300000|1.20|1.20|0.80|1.11|0.90|36|-0.21|-0.1892|43|919|9|339|0.0442|0.0018|0.0014|-0.3063|0.0232||0.99|17|0.87|14
GME211210P00300000||||76.00|76.00|36|0.00|0.0000|0|14|0|0|-1.0000|0.0000|-0.0658|0.0007|0.0000||133.85|23|127.80|12
GME211210C00310000|0.84|0.97|0.76|0.95|0.88|37|-0.07|-0.0737|108|264|9|20|0.0397|0.0016|0.0013|-0.2877|0.0213||0.94|6|0.75|9
GME211210P00310000||||83.61|83.61|37|0.00|0.0000|0|4|0|0|-0.9999|0.0000|-0.0679|0.0004|0.0001||143.85|12|137.00|12
GME211210C00320000|0.78|0.78|0.78|0.93|0.78|38|-0.15|-0.1613|2|276|1|1|0.0396|0.0015|0.0013|-0.3009|0.0212||0.87|17|0.71|37
GME211210P00320000||||89.47|89.47|38|0.00|0.0000|0|3|0|0|-0.9591|0.0015|-0.3956|-0.0531|0.0523||153.85|12|147.00|12
GME211210C00330000|0.87|0.87|0.87|0.72|0.87|39|0.15|0.2083|-17|246|1|1|0.0462|0.0016|0.0017|-0.3274|0.0255||0.86|11|0.69|8
GME211210P00330000||||||39||||0|0|0|-1.0000|0.0000|-0.0723|0.0011|0.0000||163.85|12|156.75|12
GME211210C00340000|0.75|0.78|0.66|0.75|0.78|40|0.03|0.0400|-1|87|10|37|0.0433|0.0015|0.0016|-0.3185|0.0242||0.85|25|0.70|5
GME211210P00340000||||||40||||0|0|0|-1.0000|0.0000|-0.0745|0.0011|0.0000||173.85|12|167.00|12
GME211210C00350000|0.49|0.78|0.49|0.69|0.75|41|0.06|0.0870|49|437|3|95|0.0286|0.0011|0.0009|-0.2429|0.0163||0.75|6|0.67|9
GME211210P00350000||||||41||||0|0|0|-1.0000|0.0000|-0.0767|0.0011|0.0000||183.85|15|177.00|4
GME211210C00360000|0.55|0.65|0.55|0.61|0.62|42|0.01|0.0164|-2|85|1|6|0.0274|0.0010|0.0009|-0.2402|0.0157||0.72|17|0.56|11
GME211210P00360000||||||42||||0|0|0|-1.0000|0.0000|-0.4536|0.0012|0.0000||196.05|12|187.00|26
GME211210C00370000|0.50|0.55|0.50|0.75|0.55|43|-0.20|-0.2667|0|21|5|8|0.0230|0.0009|0.0007|-0.2076|0.0135||0.68|16|0.56|6
GME211210P00370000||||||43||||0|0|0|-1.0000|0.0000|-0.0811|0.0012|0.0000||203.85|12|197.00|12
GME211210C00380000|0.54|0.54|0.54|0.54|0.54|44|0.00|0.0000|-1|50|1|1|0.0223|0.0008|0.0007|-0.2070|0.0131||0.66|22|0.53|34
GME211210P00380000||||||44||||0|0|0|-1.0000|0.0000|-0.0833|0.0012|0.0000||213.85|4|207.00|8
GME211210C00390000|0.40|0.60|0.40|0.49|0.60|45|0.11|0.2245|5|52|3|18|0.0218|0.0008|0.0007|-0.2083|0.0129||0.62|26|0.50|22
GME211210P00390000||||||45||||0|0|0|-1.0000|0.0000|-0.4914|0.0013|0.0000||223.85|12|217.00|12
GME211210C00400000|0.40|0.70|0.37|0.45|0.57|46|0.12|0.2667|-6|420|1|163|0.0200|0.0007|0.0006|-0.1965|0.0120||0.57|28|0.46|20
GME211210P00400000||||||46||||0|0|0|-1.0000|0.0000|-0.0877|0.0013|0.0000||233.85|12|227.00|12
GME211210C00410000|0.34|0.50|0.34|0.44|0.47|47|0.03|0.0682|7|59|1|6|0.0170|0.0007|0.0005|-0.1711|0.0105||0.52|2|0.42|18
GME211210P00410000||||||47||||0|0|0|-1.0000|0.0000|-0.1011|0.0013|0.0000||243.85|10|237.00|17
GME211210C00420000|0.31|0.55|0.31|0.40|0.46|48|0.06|0.1500|2|171|3|15|0.0188|0.0007|0.0006|-0.1934|0.0114||0.51|8|0.44|2
GME211210P00420000||||||48||||0|0|0|-1.0000|0.0000|-0.0921|0.0014|0.0000||253.85|12|247.00|12
GME211210C00430000|0.41|0.41|0.41|0.40|0.41|49|0.01|0.0250|262|304|1|1|0.0169|0.0006|0.0005|-0.1777|0.0104||0.44|3|0.35|1
GME211210P00430000||||||49||||0|0|0|-1.0000|0.0000|-0.5418|0.0014|0.0000||263.85|3|254.75|30
GME211210C00440000|0.23|0.45|0.23|0.36|0.40|50|0.04|0.1111|34|67|1|4|0.0159|0.0006|0.0005|-0.1716|0.0099||0.51|7|0.40|1
GME211210P00440000||||||50||||0|0|0|-1.0000|0.0000|-0.0964|0.0014|0.0000||276.20|3|264.75|30
GME211210C00450000|0.38|0.40|0.33|0.37|0.40|51|0.03|0.0811|190|288|2|6|0.0138|0.0005|0.0004|-0.1510|0.0087||0.51|13|0.29|31
GME211210P00450000||||||51||||0|0|0|-1.0000|0.0000|-0.0986|0.0015|0.0000||283.85|12|274.75|22
GME211210C00460000|0.33|0.46|0.31|0.27|0.40|52|0.13|0.4815|0|18|2|31|0.0211|0.0007|0.0007|-0.2113|0.0134||0.51|16|0.29|18
GME211210P00460000||||||52||||0|0|0|-1.0000|0.0000|-0.1008|0.0015|0.0000||296.20|3|286.45|3
GME211210C00470000|0.39|0.39|0.39|0.22|0.39|53|0.17|0.7727|7|22|1|1|0.0221|0.0007|0.0008|-0.2261|0.0139||0.51|20|0.27|15
GME211210P00470000||||||53||||0|0|0|-1.0000|0.0000|-0.5922|0.0015|0.0000||306.20|3|296.45|3
GME211210C00480000|0.26|0.46|0.26|0.25|0.43|54|0.18|0.7200|1|33|1|14|0.0174|0.0006|0.0005|-0.2027|0.0107||0.42|19|0.28|2
GME211210P00480000||||||54||||0|0|0|-1.0000|0.0000|-0.1052|0.0016|0.0000||316.20|3|306.45|3
GME211210C00490000|0.47|0.47|0.40|0.24|0.40|55|0.16|0.6667|2|93|2|4|0.0073|0.0003|0.0003|-0.0766|0.0053||0.42|6|0.25|1
GME211210P00490000||||||55||||0|0|0|-1.0000|0.0000|-0.1074|0.0016|0.0000||327.15|12|316.30|4
GME211210C00500000|0.33|0.48|0.22|0.26|0.31|56|0.05|0.1923|-6|850|3|328|0.0176|0.0006|0.0006|-0.2127|0.0108||0.39|6|0.32|2
GME211210P00500000||||||56||||0|0|0|-1.0000|0.0000|-0.1096|0.0016|0.0000||336.10|3|326.30|18
GME211210C00510000|0.27|0.43|0.18|0.18|0.31|57|0.13|0.7222|1|2026|1|296|0.0129|0.0004|0.0004|-0.1576|0.0082||0.31|2|0.30|1
GME211210P00510000||||||57||||0|0|0|-1.0000|0.0000|-0.1118|0.0017|0.0000||346.10|12|336.30|19
GME211217C00080000||||94.56|94.56|17|0.00|0.0000|1|2|0|0|0.9625|0.0010|0.0317|-0.2067|0.0287||94.45|3|87.80|60
GME211217P00080000|0.50|0.87|0.50|0.35|0.81|17|0.46|1.3143|1|350|5|119|-0.0937|0.0012|-0.0356|-0.2151|0.1070||0.88|7|0.77|7
GME211217C00085000||||95.85|95.85|16|0.00|0.0000|0|1|0|0|0.8987|0.0014|0.0259|-0.7070|0.0622||89.45|5|82.40|61
GME211217P00085000|0.50|0.97|0.40|0.43|0.97|16|0.54|1.2558|-1|121|1|12|-0.0232|0.0009|-0.0019|-0.1157|0.0187||1.21|75|0.71|66
GME211217C00090000||||137.00|137.00|15|0.00|0.0000|0|4|0|0|0.8954|0.0006|0.0111|-1.7412|0.0637||85.15|5|78.00|55
GME211217P00090000|0.62|0.79|0.62|0.53|0.79|15|0.26|0.4906|2|68|6|16|-0.0263|0.0010|-0.0021|-0.1209|0.0208||1.34|68|0.96|1
GME211217C00100000||||79.69|79.69|14|0.00|0.0000|1|50|0|0|0.9971|0.0003|0.0409|-0.0101|0.0030||74.25|12|68.25|86
GME211217P00100000|0.71|1.36|0.68|0.76|1.21|14|0.45|0.5921|-205|664|5|623|-0.0033|0.0003|-0.0002|-0.0111|0.0034||1.30|7|1.18|12
GME211217C00105000||||66.05|66.05|13|0.00|0.0000|0|1|0|0|0.9940|0.0005|0.0427|-0.0185|0.0057||70.10|12|62.95|51
GME211217P00105000|1.00|1.00|0.85|0.86|0.95|13|0.09|0.1047|51|140|1|7|-0.0059|0.0005|-0.0004|-0.0182|0.0057||1.82|67|1.00|285
GME211217C00110000||||73.25|73.25|12|0.00|0.0000|0|1|0|0|0.9912|0.0008|0.0446|-0.0251|0.0081||64.75|20|58.45|61
GME211217P00110000|0.35|1.62|0.35|1.02|1.56|12|0.54|0.5294|-21|354|1|86|-0.0123|0.0010|-0.0010|-0.0329|0.0112||1.85|64|1.56|16
GME211217C00115000||||112.11|112.11|11|0.00|0.0000|0|2|0|0|0.9858|0.0012|0.0462|-0.0368|0.0123||60.00|21|54.00|29
GME211217P00115000|1.17|1.87|1.15|1.21|1.61|11|0.40|0.3306|14|162|4|33|-0.0187|0.0015|-0.0014|-0.0480|0.0155||2.16|56|1.68|75
GME211217C00120000||||64.15|64.15|10|0.00|0.0000|0|51|0|0|0.8791|0.0036|0.1391|-0.1068|0.1286||55.05|13|49.40|33
GME211217P00120000|1.56|2.30|1.56|1.39|2.30|10|0.91|0.6547|5|158|1|18|-0.0289|0.0021|-0.0021|-0.0685|0.0224||2.42|29|2.14|34
GME211217C00125000||||79.68|79.68|9|0.00|0.0000|0|35|0|0|0.8507|0.0041|0.1376|-0.1250|0.1486||51.20|28|45.00|43
GME211217P00125000|2.35|2.56|1.80|1.88|2.56|9|0.68|0.3617|2|207|1|7|-0.0520|0.0033|-0.0042|-0.1075|0.0374||3.10|73|2.55|48
GME211217C00130000||||55.70|55.70|8|0.00|0.0000|0|10|0|0|0.9361|0.0042|0.0487|-0.1250|0.0425||46.05|15|40.70|42
GME211217P00130000|2.09|3.50|2.05|2.21|3.20|8|0.99|0.4480|11|206|1|43|-0.0702|0.0043|-0.0053|-0.1391|0.0458||3.60|49|3.20|56
GME211217C00135000||||90.47|90.47|7|0.00|0.0000|0|3|0|0|0.9043|0.0057|0.0483|-0.1704|0.0578||41.85|16|36.55|42
GME211217P00135000|3.25|4.40|3.25|2.72|4.40|7|1.68|0.6176|9|149|5|38|-0.0999|0.0057|-0.0075|-0.1793|0.0597||4.80|96|4.00|3
GME211217C00140000|39.35|39.35|34.60|44.07|34.60|6|-9.47|-0.2149|2|148|1|2|0.8679|0.0072|0.0475|-0.2113|0.0728||37.90|15|33.10|74
GME211217P00140000|3.32|5.53|3.32|3.50|5.53|6|2.03|0.5800|264|813|1|26|-0.1456|0.0072|-0.0118|-0.2259|0.0803||5.95|106|4.75|95
GME211217C00145000||||96.94|96.94|5|0.00|0.0000|0|57|0|0|0.8136|0.0090|0.0454|-0.2660|0.0909||33.85|41|29.45|63
GME211217P00145000|5.49|6.85|5.49|4.02|6.83|5|2.81|0.6990|23|234|1|39|-0.1936|0.0089|-0.0148|-0.2822|0.0930||7.30|109|6.15|63
GME211217C00150000|32.04|32.04|27.83|35.91|27.83|4|-8.08|-0.2250|0|71|1|28|0.7569|0.0105|0.0430|-0.3127|0.1061||30.15|21|25.85|81
GME211217P00150000|4.30|8.85|4.15|5.05|8.20|4|3.15|0.6238|223|1842|1|375|-0.2411|0.0101|-0.0186|-0.3203|0.1060||8.40|25|7.50|62
GME211217C00155000|28.00|28.00|24.50|30.10|24.50|3|-5.60|-0.1860|1|12|1|3|0.7040|0.0116|0.0408|-0.3443|0.1176||26.95|38|23.15|58
GME211217P00155000|5.75|10.20|5.75|6.54|9.50|3|2.96|0.4526|0|308|1|163|-0.3028|0.0110|-0.0252|-0.3449|0.1227||10.30|54|9.45|28
GME211217C00160000|26.47|26.47|21.08|29.27|22.80|2|-6.47|-0.2210|-1|96|4|38|0.6401|0.0126|0.0376|-0.3699|0.1273||23.95|17|20.40|80
GME211217P00160000|7.30|12.68|7.30|7.75|12.68|2|4.93|0.6361|390|1040|1|86|-0.3640|0.0119|-0.0306|-0.3710|0.1320||12.45|52|10.90|128
GME211217C00165000|20.00|20.70|18.45|24.60|18.55|1|-6.05|-0.2459|0|82|1|5|0.5732|0.0130|0.0340|-0.3936|0.1334||21.10|19|19.10|63
GME211217P00165000|8.93|15.05|8.93|9.77|13.85|1|4.08|0.4176|3|310|1|23|-0.4269|0.0127|-0.0339|-0.4035|0.1334||15.05|66|13.70|16
GME211217C00170000|19.90|19.90|16.00|23.22|17.15|1|-6.07|-0.2614|0|117|1|55|0.5531|0.0069|0.1031|-0.2140|0.2529||18.35|22|16.95|13
GME211217P00170000|11.88|17.63|11.70|11.75|16.65|1|4.90|0.4170|-17|1066|1|115|-0.4904|0.0128|-0.0394|-0.4154|0.1357||17.70|91|15.85|101
GME211217C00175000|17.40|17.40|13.85|20.50|15.40|2|-5.10|-0.2488|-5|183|6|66|0.4435|0.0131|0.0269|-0.3982|0.1344||15.65|10|14.90|14
GME211217P00175000|13.36|20.36|13.36|14.33|19.93|2|5.60|0.3908|17|720|1|447|-0.5526|0.0127|-0.0449|-0.4107|0.1345||20.70|71|18.35|109
GME211217C00180000|14.00|14.45|11.96|17.98|13.00|3|-4.98|-0.2770|-23|442|2|21|0.3834|0.0126|0.0234|-0.3865|0.1299||13.95|54|12.70|52
GME211217P00180000|15.88|23.45|15.88|17.10|23.45|3|6.35|0.3713|12|1074|1|108|-0.6065|0.0120|-0.0535|-0.3856|0.1352||23.90|72|21.55|58
GME211217C00185000|15.60|15.60|10.40|15.00|10.60|4|-4.40|-0.2933|2|270|1|24|0.3281|0.0118|0.0202|-0.3675|0.1229||12.00|16|10.90|66
GME211217P00185000|22.25|25.30|22.25|19.25|24.81|4|5.56|0.2888|-14|255|1|9|-0.6675|0.0117|-0.0556|-0.3760|0.1236||28.05|53|24.70|14
GME211217C00187500|14.08|14.08|10.53|15.87|10.77|5|-5.10|-0.3214|0|39|1|3|0.5006|0.0050|0.0868|-0.2984|0.2551||11.30|47|9.85|50
GME211217P00187500|26.55|26.55|26.55|19.77|26.55|5|6.78|0.3429|1|116|1|3|-0.7987|0.0136|-0.0641|-0.1933|0.0956||29.60|72|26.55|51
GME211217C00190000|13.45|13.45|8.80|13.83|9.90|6|-3.93|-0.2842|15|254|1|34|0.2787|0.0109|0.0172|-0.3438|0.1143||10.20|9|9.65|27
GME211217P00190000|20.42|29.00|20.42|22.61|26.85|6|4.24|0.1875|-4|446|1|21|-0.7151|0.0108|-0.0605|-0.3553|0.1155||31.55|57|28.00|46
GME211217C00192500|11.38|11.95|8.61|12.50|8.80|7|-3.70|-0.2960|2|30|3|7|0.3171|0.0092|0.0190|-0.4622|0.1212||10.20|86|8.35|91
GME211217P00192500||||24.00|24.00|7|0.00|0.0000|-1|111|0|0|-0.6816|0.0091|-0.0601|-0.4646|0.1214||33.80|56|29.60|52
GME211217C00195000|11.07|11.07|7.75|11.09|8.30|8|-2.79|-0.2516|-1|147|1|58|0.2360|0.0099|0.0147|-0.3187|0.1048||9.20|71|8.30|73
GME211217P00195000|27.94|34.43|27.94|25.45|34.20|8|8.75|0.3438|50|473|10|98|-0.7581|0.0099|-0.0652|-0.3292|0.1062||35.65|53|31.40|57
GME211217C00197500|9.62|9.62|7.50|10.80|8.53|9|-2.27|-0.2102|3|41|1|18|0.2790|0.0086|0.0168|-0.4362|0.1143||8.90|121|7.25|88
GME211217P00197500|32.65|34.08|32.65|27.65|34.08|9|6.43|0.2325|0|93|5|6|-0.5814|0.0058|-0.2087|-0.2474|0.2498||37.65|57|33.60|16
GME211217C00200000|9.90|9.90|6.70|10.05|7.00|10|-3.05|-0.3035|902|2001|3|696|0.2001|0.0089|0.0125|-0.2940|0.0953||8.00|61|7.20|72
GME211217P00200000|32.40|35.80|32.40|29.20|35.80|10|6.60|0.2260|-2|1919|1|10|-0.7931|0.0089|-0.0693|-0.3063|0.0972||37.80|34|35.55|22
GME211217C00202500|7.85|7.85|7.48|9.79|7.48|11|-2.31|-0.2360|18|36|1|5|0.2527|0.0080|0.0152|-0.4274|0.1087||7.55|54|6.25|92
GME211217P00202500|34.54|34.54|34.54|30.45|34.54|11|4.09|0.1343|1|117|1|1|-0.7584|0.0081|-0.0686|-0.4009|0.1061||41.85|54|37.35|44
GME211217C00205000|9.80|9.80|6.20|8.75|6.25|12|-2.50|-0.2857|-4|53|1|26|0.2304|0.0077|0.0140|-0.3981|0.1034||7.10|69|5.95|95
GME211217P00205000|36.55|39.63|36.55|33.98|39.63|12|5.65|0.1663|0|165|1|4|-0.7448|0.0075|-0.0690|-0.4572|0.1093||43.85|56|39.45|11
GME211217C00207500|6.15|6.15|6.15|8.90|6.15|13|-2.75|-0.3090|4|32|1|1|0.4098|0.0050|0.0738|-0.2844|0.2486||6.75|52|5.55|73
GME211217P00207500|41.74|41.74|41.74|21.30|41.74|13|20.44|0.9596|0|181|34|34|-0.9971|0.0007|-0.0851|-0.0031|0.0030||46.05|55|41.40|21
GME211217C00210000|5.92|6.80|5.45|7.50|5.45|14|-2.05|-0.2733|-30|815|1|44|0.1355|0.0069|0.0085|-0.2285|0.0740||6.35|67|5.55|92
GME211217P00210000|45.16|45.16|45.16|36.95|45.16|14|8.21|0.2222|-11|215|10|20|-0.8594|0.0070|-0.0775|-0.2379|0.0759||48.15|53|43.50|15
GME211217C00212500|5.95|6.20|5.65|6.50|5.65|15|-0.85|-0.1308|0|22|1|4|0.1777|0.0068|0.0109|-0.3311|0.0885||6.15|66|5.00|72
GME211217P00212500||||42.25|42.25|15|0.00|0.0000|0|59|0|0|-0.6595|0.0056|-0.2432|-0.2255|0.2345||50.55|55|45.80|16
GME211217C00215000|6.25|6.25|4.40|6.90|5.27|16|-1.63|-0.2362|4|97|1|14|0.1833|0.0065|0.0111|-0.3593|0.0903||5.95|104|4.70|76
GME211217P00215000|49.03|49.03|46.65|42.25|48.24|16|5.99|0.1418|2|101|2|11|-0.5948|0.0046|-0.2408|-0.3085|0.2479||52.75|55|48.00|7
GME211217C00217500|4.80|5.10|4.80|7.20|5.10|17|-2.10|-0.2917|1|39|1|2|0.1933|0.0062|0.0116|-0.4030|0.0930||5.95|165|4.50|103
GME211217P00217500|50.51|50.51|50.50|47.80|50.50|17|2.70|0.0565|0|23|4|34|-0.5870|0.0044|-0.2445|-0.3280|0.2490||54.90|47|50.25|15
GME211217C00220000|5.35|5.49|4.20|6.50|4.84|18|-1.66|-0.2554|1|1903|1|70|0.0910|0.0052|0.0058|-0.1736|0.0557||5.20|46|4.50|74
GME211217P00220000|54.10|55.68|52.62|46.55|55.68|18|9.13|0.1961|1|446|1|24|-0.9022|0.0053|-0.0842|-0.1872|0.0587||57.25|53|52.45|16
GME211217C00222500||||6.60|6.60|19|0.00|0.0000|2|69|0|0|0.1708|0.0058|0.0103|-0.3703|0.0863||5.05|59|4.30|43
GME211217P00222500||||49.15|49.15|19|0.00|0.0000|11|21|0|0|-0.8021|0.0058|-0.0797|-0.4420|0.0946||59.75|47|54.70|10
GME211217C00225000|4.75|5.00|4.20|5.80|5.00|20|-0.80|-0.1379|-7|98|1|21|0.1498|0.0055|0.0091|-0.3309|0.0790||4.80|77|4.10|81
GME211217P00225000||||49.64|49.64|20|0.00|0.0000|-1|30|0|0|-0.8395|0.0056|-0.0828|-0.3554|0.0830||62.30|35|56.85|15
GME211217C00227500||||5.60|5.60|21|0.00|0.0000|0|8|0|0|0.1473|0.0053|0.0089|-0.3331|0.0784||4.75|82|3.95|27
GME211217P00227500||||51.86|51.86|21|0.00|0.0000|0|60|0|0|-0.8361|0.0054|-0.0892|-0.3529|0.0868||64.65|49|59.15|18
GME211217C00230000|6.00|6.00|3.70|5.09|3.70|22|-1.39|-0.2731|11|442|1|45|0.0643|0.0038|0.0041|-0.1370|0.0428||4.40|47|3.80|91
GME211217P00230000||||54.21|54.21|22|0.00|0.0000|1|64|0|0|-0.9249|0.0041|-0.0958|-0.1512|0.0498||66.85|49|61.50|4
GME211217C00232500|4.35|4.35|3.80|4.45|3.80|23|-0.65|-0.1461|0|80|1|2|0.1203|0.0048|0.0074|-0.2814|0.0682||4.25|60|3.65|58
GME211217P00232500||||53.30|53.30|23|0.00|0.0000|0|19|0|0|-0.9216|0.0041|-0.0906|-0.1745|0.0498||69.35|23|63.60|20
GME211217C00235000|4.25|4.25|3.40|5.14|3.69|24|-1.45|-0.2821|0|74|1|4|0.1336|0.0047|0.0081|-0.3261|0.0733||4.10|49|3.55|60
GME211217P00235000||||54.70|54.70|24|0.00|0.0000|0|60|0|0|-0.7669|0.0049|-0.2947|-0.1778|0.1956||71.80|48|65.95|19
GME211217C00240000|3.80|3.80|3.21|4.35|3.60|25|-0.75|-0.1724|48|356|1|50|0.0407|0.0027|0.0026|-0.0956|0.0296||3.70|22|3.40|25
GME211217P00240000||||65.50|65.50|25|0.00|0.0000|0|54|0|0|-0.9527|0.0029|-0.0956|-0.1106|0.0336||76.20|44|70.75|19
GME211217C00245000|3.25|3.40|3.17|3.98|3.20|26|-0.78|-0.1960|143|230|1|4|0.3144|0.0041|0.0569|-0.2876|0.2270||3.60|66|3.15|30
GME211217P00245000||||71.40|71.40|26|0.00|0.0000|-2|47|0|0|-0.8202|0.0045|-0.0903|-0.5084|0.0892||81.15|31|75.55|18
GME211217C00250000|4.20|4.20|2.88|3.70|3.07|27|-0.63|-0.1703|-24|1145|1|114|0.0287|0.0020|0.0018|-0.0731|0.0223||3.35|11|3.00|19
GME211217P00250000|84.85|84.85|84.85|73.53|84.85|27|11.32|0.1540|0|56|1|1|-0.9685|0.0021|-0.1007|-0.0797|0.0241||85.90|41|79.80|27
GME211217C00255000|2.84|3.05|2.84|3.60|2.95|28|-0.65|-0.1806|0|355|1|5|0.0934|0.0035|0.0057|-0.2671|0.0568||3.20|26|2.75|52
GME211217P00255000||||39.75|39.75|28|0.00|0.0000|0|5|0|0|-0.9999|0.0000|-0.1048|0.0007|0.0001||90.75|27|84.80|26
GME211217C00260000|2.55|2.94|2.55|3.40|2.90|29|-0.50|-0.1471|3|519|1|4|0.0191|0.0014|0.0012|-0.0525|0.0159||3.05|51|2.61|54
GME211217P00260000|90.26|90.26|89.25|78.20|89.25|29|11.05|0.1413|0|21|10|11|-0.9788|0.0015|-0.1055|-0.0576|0.0173||95.65|21|89.75|13
GME211217C00270000|2.41|2.41|2.41|2.82|2.41|30|-0.41|-0.1454|34|575|1|1|0.0136|0.0010|0.0009|-0.0402|0.0119||2.81|32|2.29|78
GME211217P00270000||||65.35|65.35|30|0.00|0.0000|0|49|0|0|-0.9812|0.0013|-0.1171|-0.0516|0.0162||105.40|21|99.75|13
GME211217C00280000|2.50|2.50|2.30|2.63|2.33|31|-0.30|-0.1141|-3|2029|1|6|0.1372|0.0033|0.0277|-0.1379|0.1404||2.58|59|2.25|30
GME211217P00280000||||91.00|91.00|31|0.00|0.0000|0|10|0|0|-0.9892|0.0008|-0.1144|-0.0332|0.0097||115.20|19|109.60|4
GME211217C00290000|2.00|2.20|2.00|2.57|2.20|32|-0.37|-0.1440|1|523|2|3|0.1251|0.0030|0.0253|-0.1319|0.1317||2.44|62|2.13|10
GME211217P00290000||||68.50|68.50|32|0.00|0.0000|0|25|0|0|-0.9909|0.0007|-0.1186|-0.0294|0.0084||125.10|18|119.35|13
GME211217C00300000|2.05|2.32|1.84|2.15|2.10|33|-0.05|-0.0233|560|5707|3|190|0.1132|0.0028|0.0229|-0.1247|0.1227||2.17|15|2.00|8
GME211217P00300000|126.50|126.50|126.50|125.00|126.50|33|1.50|0.0120|0|20|1|1|-0.9920|0.0006|-0.1310|-0.0253|0.0077||134.95|24|129.00|14
GME211217C00310000|1.80|1.80|1.80|2.03|1.80|34|-0.23|-0.1133|-2|367|1|1|0.0038|0.0003|0.0002|-0.0139|0.0038||2.07|29|1.79|40
GME211217P00310000||||102.75|102.75|34|0.00|0.0000|0|3|0|0|-0.8898|0.0026|-0.4279|-0.1262|0.1204||144.95|30|138.90|10
GME211217C00320000|1.78|1.87|1.76|1.73|1.76|35|0.03|0.0173|41|448|1|6|0.0029|0.0002|0.0002|-0.0110|0.0030||1.94|12|1.67|56
GME211217P00320000||||96.00|96.00|35|0.00|0.0000|0|17|0|0|-0.9963|0.0003|-0.1313|-0.0130|0.0037||154.75|27|148.80|13
GME211217C00330000|1.74|1.74|1.74|1.75|1.74|36|-0.01|-0.0057|0|213|1|1|0.0870|0.0022|0.0176|-0.1077|0.1013||1.81|12|1.49|53
GME211217P00330000||||159.50|159.50|36|0.00|0.0000|0|3|0|0|-0.9972|0.0002|-0.1354|-0.0101|0.0029||164.70|24|158.80|14
GME211217C00340000|1.51|1.51|1.51|1.60|1.51|37|-0.09|-0.0563|0|232|1|1|0.0018|0.0001|0.0001|-0.0074|0.0019||1.73|35|1.46|55
GME211217P00340000||||126.85|126.85|37|0.00|0.0000|0|7|0|0|-0.9979|0.0002|-0.1396|-0.0078|0.0023||174.65|18|168.80|6
GME211217C00350000|1.50|1.52|1.30|1.40|1.52|38|0.12|0.0857|23|1013|1|34|0.0020|0.0002|0.0001|-0.0082|0.0022||1.70|63|1.40|48
GME211217P00350000||||133.85|133.85|38|0.00|0.0000|0|4|0|0|-0.9982|0.0001|-0.1437|-0.0066|0.0019||184.65|33|178.65|13
GME211217C00360000|1.30|1.43|1.25|1.37|1.43|39|0.06|0.0438|-4|304|1|12|0.0013|0.0001|0.0001|-0.0056|0.0014||1.55|34|1.29|39
GME211217P00360000||||||39|||0|0|0|0|-0.9985|0.0001|-0.1478|-0.0056|0.0017||194.65|13|188.65|14
GME211217C00370000|1.24|1.40|1.24|1.45|1.40|40|-0.05|-0.0345|0|447|3|13|0.0015|0.0001|0.0001|-0.0067|0.0017||1.53|56|1.25|40
GME211217P00370000||||172.65|172.65|40|0.00|0.0000|0|3|0|0|-0.9982|0.0001|-0.1621|-0.0066|0.0020||204.40|12|198.40|12
GME211217C00380000||||1.20|1.20|41|0.00|0.0000|-1|168|0|0|0.0009|0.0001|0.0001|-0.0043|0.0010||1.53|73|1.20|11
GME211217P00380000|208.83|208.83|208.83|165.60|208.83|41|43.23|0.2611|0|17|1|1|-0.9989|0.0001|-0.1561|-0.0038|0.0012||214.30|17|208.40|15
GME211217C00390000|1.18|1.18|1.18|1.18|1.18|42|0.00|0.0000|1|193|1|2|0.0008|0.0001|0.0001|-0.0041|0.0010||1.37|23|1.11|23
GME211217P00390000||||||42|||0|0|0|0|-0.9991|0.0001|-0.1602|-0.0034|0.0011||224.30|9|218.25|6
GME211217C00400000|1.12|1.24|0.90|1.08|1.20|43|0.12|0.1111|19|1185|1|105|0.0007|0.0001|0.0000|-0.0033|0.0008||1.24|5|1.11|1
GME211217P00400000||||198.90|198.90|43|0.00|0.0000|0|3|0|0|-0.9991|0.0001|-0.1643|-0.0030|0.0010||234.30|3|228.25|12
GME211217C00410000|0.90|1.00|0.90|1.00|0.99|44|-0.01|-0.0100|1|205|1|26|0.0005|0.0000|0.0000|-0.0027|0.0006||1.20|21|0.98|28
GME211217P00410000||||190.90|190.90|44|0.00|0.0000|0|3|0|0|-0.9993|0.0001|-0.1684|-0.0025|0.0009||245.40|12|238.25|12
GME211217C00420000|1.00|1.07|1.00|0.95|1.07|45|0.12|0.1263|3|542|1|11|0.0005|0.0000|0.0000|-0.0025|0.0006||1.19|24|1.01|1
GME211217P00420000||||189.85|189.85|45|0.00|0.0000|0|16|0|0|-0.9996|0.0000|-0.1726|-0.0007|0.0005||254.15|5|248.25|4
GME211217C00430000|0.99|0.99|0.97|0.97|0.97|46|0.00|0.0000|0|208|1|11|0.0004|0.0000|0.0000|-0.0022|0.0005||1.19|29|0.95|7
GME211217P00430000||||244.20|244.20|46|0.00|0.0000|0|0|0|0|-0.9472|0.0013|-0.6137|-0.0843|0.0688||264.15|3|256.95|12
GME211217C00440000||||1.15|1.15|47|0.00|0.0000|0|472|0|0|0.0003|0.0000|0.0000|-0.0019|0.0004||1.19|30|0.90|1
GME211217P00440000||||||47|||0|0|0|0|-0.9997|0.0000|-0.1808|0.0000|0.0003||274.15|3|266.95|3
GME211217C00450000|0.60|0.75|0.60|0.79|0.75|48|-0.04|-0.0506|2|686|2|6|0.0003|0.0000|0.0000|-0.0015|0.0003||1.04|19|0.89|1
GME211217P00450000||||||48|||0|0|0|0|-0.9998|0.0000|-0.1849|0.0001|0.0003||284.15|3|276.95|3
GME211217C00460000|0.74|0.95|0.74|0.76|0.91|49|0.15|0.1974|2|1138|1|28|0.0003|0.0000|0.0000|-0.0016|0.0003||1.00|3|0.80|15
GME211217P00460000||||261.60|261.60|49|0.00|0.0000|0|5|0|0|-0.9539|0.0011|-0.6586|-0.0779|0.0618||294.20|4|286.95|3
GME211217C00470000|0.65|0.66|0.65|0.78|0.66|50|-0.12|-0.1538|1|190|1|3|0.0237|0.0007|0.0014|-0.1456|0.0190||0.99|11|0.67|13
GME211217P00470000||||||50||||0|0|0|-1.0000|0.0000|-0.1931|0.0016|0.0000||304.15|3|296.95|3
GME211217C00480000||||0.60|0.60|51|0.00|0.0000|16|240|0|0|0.0216|0.0007|0.0013|-0.1349|0.0175||0.98|19|0.80|1
GME211217P00480000||||264.21|264.21|51|0.00|0.0000|0|7|0|0|-0.9870|0.0005|-0.1965|-0.0787|0.0114||314.20|12|306.95|12
GME211217C00490000|0.66|0.78|0.52|0.52|0.78|52|0.26|0.5000|8|105|6|12|0.0268|0.0008|0.0016|-0.1708|0.0211||0.98|23|0.58|12
GME211217P00490000||||274.04|274.04|52|0.00|0.0000|0|7|0|0|-0.9826|0.0006|-0.2003|-0.1085|0.0146||324.20|12|316.90|3
GME211217C00500000|0.70|0.80|0.60|0.50|0.63|53|0.13|0.2600|-47|2441|2|9|0.0224|0.0007|0.0013|-0.1448|0.0181||0.86|5|0.70|1
GME211217P00500000||||290.05|290.05|53|0.00|0.0000|0|7|0|0|-0.7833|0.0020|-0.6916|-0.4115|0.1877||334.20|12|326.90|3
GME211217C00510000|0.61|0.70|0.42|0.53|0.69|54|0.16|0.3019|25|1391|3|296|0.0241|0.0007|0.0014|-0.1586|0.0193||0.69|2|0.65|1
GME211217P00510000||||277.97|277.97|54|0.00|0.0000|0|0|0|0|-0.9969|0.0002|-0.2094|-0.0186|0.0032||344.25|3|336.90|3
GME211223C00100000|71.00|71.00|71.00|80.77|71.00|10|-9.77|-0.1210|0|14|1|1|0.8781|0.0020|0.0411|-0.4831|0.0814||74.70|11|68.50|58
GME211223P00100000|1.13|1.81|1.01|0.88|1.81|10|0.93|1.0568|8|124|1|47|-0.0523|0.0018|-0.0059|-0.1531|0.0430||2.02|21|1.60|151
GME211223C00110000||||||9||||0|0|0|1.0000|0.0000|0.0633|-0.0004|0.0000||65.65|12|59.05|31
GME211223P00110000|1.52|1.86|1.43|1.33|1.83|9|0.50|0.3759|9|37|2|19|-0.0725|0.0025|-0.0082|-0.1797|0.0555||2.43|19|1.99|4
GME211223C00120000||||103.35|103.35|8|0.00|0.0000|0|1|0|0|0.8247|0.0011|0.0226|-1.4239|0.1039||56.00|13|49.70|13
GME211223P00120000|2.80|3.20|2.61|1.15|3.20|8|2.05|1.7826|0|25|1|3|-0.1087|0.0036|-0.0129|-0.2213|0.0768||3.20|29|2.50|28
GME211223C00130000||||||7||||0|0|0|1.0000|0.0000|0.0784|-0.0005|0.0000||48.00|6|41.05|25
GME211223P00130000|3.71|3.71|3.64|2.69|3.64|7|0.95|0.3532|70|142|1|6|-0.1215|0.0049|-0.0133|-0.1969|0.0812||4.65|14|3.95|1
GME211223C00140000||||||6||||0|0|0|1.0000|0.0000|0.0805|-0.0005|0.0000||39.60|7|33.20|25
GME211223P00140000||||4.40|4.40|6|0.00|0.0000|2|42|0|0|-0.1956|0.0067|-0.0218|-0.2726|0.1112||7.20|17|5.55|11
GME211223C00145000||||||5||||0|0|0|1.0000|0.0000|0.0834|-0.0005|0.0000||36.05|19|29.70|29
GME211223P00145000||||||5||||0|0|0|0.0000|0.0000|0.0000|0.0000|0.0000||8.65|21|6.95|5
GME211223C00150000|28.10|28.10|28.10|55.90|28.10|4|-27.80|-0.4973|0|4|14|17|0.7394|0.0093|0.0603|-0.2594|0.1338||31.85|11|26.65|41
GME211223P00150000|6.60|9.65|6.60|6.07|9.50|4|3.43|0.5651|-6|200|5|130|-0.2909|0.0076|-0.0352|-0.3533|0.1412||9.80|15|8.45|10
GME211223C00155000|29.20|29.20|29.20|57.05|29.20|3|-27.85|-0.4882|0|10|1|1|0.6629|0.0076|0.0493|-0.4196|0.1470||28.45|6|23.50|35
GME211223P00155000|9.85|11.65|9.85|9.30|11.17|3|1.87|0.2011|16|127|17|124|-0.3300|0.0085|-0.0398|-0.3513|0.1492||12.25|38|10.25|14
GME211223C00160000|23.28|23.31|23.00|53.80|23.00|2|-30.80|-0.5725|0|12|1|3|0.6735|0.0028|0.0359|-1.0677|0.1486||25.70|35|20.70|56
GME211223P00160000|11.83|13.48|11.83|9.45|13.48|2|4.03|0.4265|1|62|3|23|-0.3773|0.0085|-0.0444|-0.4049|0.1529||14.40|23|12.35|14
GME211223C00165000|20.45|21.50|20.45|20.45|21.50|1|1.05|0.0513|0|0|1|2|0.5715|0.0092|0.0446|-0.4005|0.1574||23.00|8|18.45|25
GME211223P00165000|13.81|14.91|13.81|11.60|14.91|1|3.31|0.2853|0|21|6|11|-0.4227|0.0090|-0.0499|-0.4041|0.1576||17.05|23|14.50|12
GME211223C00170000|18.25|19.95|18.00|25.94|19.00|1|-6.94|-0.2675|0|15|1|13|0.5334|0.0090|0.0419|-0.4206|0.1600||19.90|6|18.40|7
GME211223P00170000|16.83|18.51|16.05|14.35|18.51|1|4.16|0.2899|0|33|6|60|-0.4656|0.0088|-0.0560|-0.4257|0.1600||19.80|22|16.95|15
GME211223C00175000|23.00|23.00|16.00|19.00|16.88|2|-2.12|-0.1116|0|3|6|29|0.4930|0.0087|0.0389|-0.4341|0.1606||18.40|17|13.85|37
GME211223P00175000|16.28|21.94|16.28|15.02|21.94|2|6.92|0.4607|-6|48|5|29|-0.5108|0.0087|-0.0623|-0.4374|0.1599||22.90|25|19.90|19
