symbol|open|high|low|preClose|close|activeLevel|change|changeRatio|openIntChange|openInterest|latestPriceVol|volume|delta|gamma|rho|theta|vega|tradeStamptradeTime|ask|avol|bid|bvol
GME211203C00100000||||83.51|83.51|9|0.00|0.0000|-1|9|0|0|0.9716|0.0013|0.0026|-1.6308|0.0057||70.25|12|66.20|16
GME211203P00100000|0.04|0.05|0.01|0.06|0.01|9|-0.05|-0.8333|21|534|1|197|-0.0024|0.0002|0.0000|-0.1214|0.0007||0.02|14|0.00|0
GME211203C00110000||||135.99|135.99|8|0.00|0.0000|0|1|0|0|0.8604|0.0025|0.0022|-9.7132|0.0196||60.25|12|56.30|16
GME211203P00110000|0.08|0.08|0.02|0.11|0.02|8|-0.09|-0.8182|27|199|5|42|-0.0020|0.0002|0.0000|-0.0803|0.0006||0.11|62|0.01|1
GME211203C00120000||||||7||||0|0|0|1.0000|0.0000|0.0033|-0.0004|0.0000||50.35|16|46.35|16
GME211203P00120000|0.04|0.11|0.03|0.19|0.05|7|-0.14|-0.7368|165|546|10|85|-0.0051|0.0006|0.0000|-0.1688|0.0013||0.11|18|0.01|101
GME211203C00130000||||65.44|65.44|6|0.00|0.0000|0|1|0|0|0.8048|0.0042|0.0024|-9.1146|0.0243||40.70|16|36.15|16
GME211203P00130000|0.14|0.18|0.02|0.29|0.02|6|-0.27|-0.9310|7|983|1|113|-0.0028|0.0005|0.0000|-0.0681|0.0007||0.10|12|0.02|48
GME211203C00140000|32.50|32.50|32.50|55.33|32.50|5|-22.83|-0.4126|0|6|4|4|0.7631|0.0054|0.0050|-4.4244|0.0385||30.80|18|26.45|12
GME211203P00140000|0.15|0.38|0.01|0.30|0.13|5|-0.17|-0.5667|17|1168|5|505|-0.0181|0.0029|-0.0001|-0.3393|0.0039||0.18|23|0.09|21
GME211203C00150000|23.50|24.00|21.00|44.80|24.00|4|-20.80|-0.4643|0|6|1|52|0.7103|0.0072|0.0025|-8.1604|0.0302||20.70|35|17.00|9
GME211203P00150000|0.20|0.59|0.15|0.65|0.30|4|-0.35|-0.5385|149|1347|3|957|-0.0870|0.0106|-0.0004|-1.1845|0.0140||0.30|11|0.19|25
GME211203C00155000||||27.75|27.75|3|0.00|0.0000|0|5|0|0|0.6735|0.0081|0.0024|-8.0474|0.0318||15.70|26|12.15|13
GME211203P00155000|0.39|0.70|0.26|0.68|0.34|3|-0.34|-0.5000|-29|963|3|314|-0.1297|0.0162|-0.0006|-1.3726|0.0186||0.46|30|0.32|28
GME211203C00160000|23.77|23.77|8.75|23.00|8.75|2|-14.25|-0.6196|2|117|1|7|0.7466|0.0226|0.0032|-2.2671|0.0282||9.95|26|7.80|27
GME211203P00160000|1.14|1.24|0.30|0.68|0.75|2|0.07|0.1029|108|548|3|1448|-0.3702|0.0056|-0.0904|-0.3288|0.2081||0.83|29|0.53|37
GME211203C00165000|15.40|15.40|4.18|32.50|4.35|1|-28.15|-0.8662|0|31|1|208|0.5830|0.0096|0.0022|-7.9468|0.0344||5.40|18|4.40|2
GME211203P00165000|0.62|2.20|0.40|1.20|1.51|1|0.31|0.2583|41|824|3|2211|-0.3544|0.0355|-0.0017|-1.9505|0.0328||1.65|1|1.37|1
GME211203C00170000|6.30|6.30|1.49|13.35|1.89|1|-11.46|-0.8584|13|63|1|1026|0.4556|0.0389|0.0020|-2.0181|0.0350||1.90|11|1.60|2
GME211203P00170000|1.42|4.15|0.80|1.87|4.15|1|2.28|1.2193|480|1414|1|1910|-0.5463|0.0407|-0.0027|-1.9273|0.0350||4.45|31|3.20|2
GME211203C00175000|7.05|7.05|0.40|9.00|0.49|2|-8.51|-0.9456|6|123|5|2824|0.2446|0.0358|0.0011|-1.3788|0.0277||0.63|2|0.42|11
GME211203P00175000|1.75|8.00|1.50|2.73|6.95|2|4.22|1.5458|485|968|6|717|-0.7587|0.0360|-0.0037|-1.3488|0.0275||8.75|35|6.30|14
GME211203C00177500|4.12|4.12|0.21|8.24|0.27|3|-7.97|-0.9672|34|41|9|1316|0.2082|0.0278|0.0009|-1.4777|0.0253||0.40|153|0.23|41
GME211203P00177500|2.70|9.65|2.20|3.58|9.30|3|5.72|1.5978|267|466|1|489|-0.5013|0.0075|-0.1187|-0.2734|0.2198||10.85|31|7.30|60
GME211203C00180000|4.60|5.00|0.15|5.75|0.20|4|-5.55|-0.9652|33|766|1|992|0.1010|0.0208|0.0005|-0.7510|0.0156||0.27|9|0.16|25
GME211203P00180000|5.29|13.09|2.63|4.40|11.95|4|7.55|1.7159|-355|1413|1|320|-0.9704|0.0116|-0.0048|-0.1950|0.0059||13.05|26|11.20|20
GME211203C00182500|3.75|3.90|0.12|4.40|0.23|5|-4.17|-0.9477|61|146|1|215|0.1356|0.0185|0.0012|-0.6412|0.0272||0.22|38|0.10|42
GME211203P00182500|7.75|14.00|3.89|5.41|11.87|5|6.46|1.1941|-45|252|20|99|-0.9558|0.0121|-0.0048|-0.3614|0.0082||15.60|32|12.15|42
GME211203C00185000|2.43|3.10|0.11|3.22|0.13|6|-3.09|-0.9596|314|795|1|1238|0.0279|0.0079|0.0001|-0.2591|0.0056||0.18|31|0.11|22
GME211203P00185000|9.16|17.40|4.90|7.21|17.40|6|10.19|1.4133|-47|541|1|168|-0.9684|0.0085|-0.0049|-0.2959|0.0063||18.90|42|16.10|13
GME211203C00187500|2.00|2.16|0.10|2.40|0.15|7|-2.25|-0.9375|-120|610|5|575|0.0507|0.0097|0.0002|-0.5603|0.0092||0.13|1|0.12|2
GME211203P00187500|7.14|18.40|7.14|8.59|17.65|7|9.06|1.0547|-33|442|1|25|-0.9874|0.0041|-0.0051|-0.1282|0.0029||20.85|24|17.05|86
GME211203C00190000|1.42|1.60|0.10|1.70|0.10|8|-1.60|-0.9412|-141|637|4|629|0.0240|0.0056|0.0001|-0.2839|0.0050||0.14|12|0.07|28
GME211203P00190000|11.26|22.50|8.25|11.17|21.14|8|9.97|0.8926|-67|766|1|139|-0.5666|0.0067|-0.1416|-0.2965|0.2168||23.40|37|20.70|36
GME211203C00192500|1.00|1.09|0.09|1.27|0.13|9|-1.14|-0.8976|-248|254|3|689|0.0969|0.0103|0.0009|-0.7107|0.0214||0.11|1|0.07|9
GME211203P00192500|10.85|24.24|10.85|12.49|23.32|9|10.83|0.8671|-8|265|2|21|-0.7623|0.0110|-0.0043|-4.3391|0.0273||25.90|41|22.95|36
GME211203C00195000|1.09|1.09|0.10|1.07|0.10|10|-0.97|-0.9065|-71|526|2|337|0.0184|0.0039|0.0001|-0.2611|0.0040||0.12|12|0.07|1
GME211203P00195000|15.20|28.05|12.95|14.76|28.05|10|13.29|0.9004|-69|557|8|36|-0.6108|0.0070|-0.1518|-0.2705|0.2113||27.50|21|24.60|105
GME211203C00197500|0.35|0.35|0.07|0.89|0.07|11|-0.82|-0.9213|-133|357|1|59|0.0156|0.0032|0.0001|-0.2385|0.0035||0.10|6|0.06|3
GME211203P00197500|17.15|28.95|15.00|17.43|28.95|11|11.52|0.6609|-4|198|1|57|-0.9191|0.0082|-0.0051|-1.3767|0.0132||30.85|19|27.10|94
GME211203C00200000|0.65|0.74|0.05|0.68|0.05|12|-0.63|-0.9265|599|1650|3|932|0.0125|0.0026|0.0001|-0.2049|0.0029||0.08|50|0.05|24
GME211203P00200000|18.50|32.80|18.50|19.88|31.79|12|11.91|0.5991|-271|727|1|100|-0.9948|0.0014|-0.0055|-0.0832|0.0013||33.35|25|29.60|62
GME211203C00202500|0.30|0.51|0.04|0.50|0.04|13|-0.46|-0.9200|164|445|20|107|0.4850|0.0042|0.0589|-0.4904|0.2197||0.09|6|0.05|7
GME211203P00202500|21.15|33.32|21.15|21.93|33.32|13|11.39|0.5194|-30|154|2|13|-0.6022|0.0057|-0.1611|-0.3326|0.2126||36.15|21|32.10|93
GME211203C00205000|0.88|0.88|0.05|0.55|0.06|14|-0.49|-0.8909|-141|693|11|170|0.0229|0.0034|0.0001|-0.4377|0.0048||0.08|1|0.04|17
GME211203P00205000|26.93|36.76|26.93|24.98|35.93|14|10.95|0.4384|-135|349|10|63|-0.5609|0.0048|-0.1621|-0.4176|0.2173||39.05|38|34.65|93
GME211203C00207500|0.15|0.15|0.05|0.55|0.05|15|-0.50|-0.9091|148|548|11|46|0.4710|0.0041|0.0573|-0.4952|0.2193||0.06|5|0.04|14
GME211203P00207500|38.35|38.35|35.25|25.68|37.50|15|11.82|0.4603|-2|33|1|9|-0.8682|0.0073|-0.0051|-3.1077|0.0188||41.15|21|37.15|51
GME211203C00210000|0.33|0.39|0.04|0.46|0.04|16|-0.42|-0.9130|73|1012|1|598|0.0129|0.0020|0.0001|-0.2706|0.0029||0.06|1|0.04|7
GME211203P00210000|28.88|41.38|28.55|29.77|40.97|16|11.20|0.3762|-51|334|2|145|-0.9944|0.0011|-0.0057|-0.1147|0.0014||43.40|22|39.65|54
GME211203C00212500|0.22|0.22|0.03|0.48|0.03|17|-0.45|-0.9375|47|344|1|57|0.0107|0.0017|0.0000|-0.2339|0.0025||0.06|1|0.05|2
GME211203P00212500|37.02|41.83|37.02|33.40|40.28|17|6.88|0.2060|0|67|1|7|-0.8838|0.0064|-0.0053|-2.9705|0.0173||46.20|14|42.20|51
GME211203C00215000|0.17|0.23|0.05|0.37|0.06|18|-0.31|-0.8378|0|792|1|278|0.0135|0.0019|0.0001|-0.3124|0.0030||0.06|1|0.05|1
GME211203P00215000|35.00|45.70|35.00|31.97|45.47|18|13.50|0.4223|-11|215|1|65|-0.9916|0.0014|-0.0059|-0.1906|0.0020||48.65|21|44.70|88
GME211203C00217500|0.16|0.16|0.04|0.38|0.04|19|-0.34|-0.8947|-3|180|5|157|0.0127|0.0017|0.0001|-0.3067|0.0029||0.07|4|0.05|1
GME211203P00217500|46.36|48.06|45.41|38.35|45.41|19|7.06|0.1841|-2|72|38|51|-0.9545|0.0039|-0.0058|-1.1657|0.0084||51.30|21|47.25|83
GME211203C00220000|0.17|0.20|0.02|0.36|0.04|20|-0.32|-0.8889|32|1410|1|275|0.0075|0.0011|0.0000|-0.1857|0.0018||0.07|5|0.04|5
GME211203P00220000|49.15|51.50|47.33|40.13|50.95|20|10.82|0.2696|-18|195|2|65|-0.9247|0.0048|-0.0057|-2.0879|0.0125||53.40|17|49.75|86
GME211203C00222500|0.09|0.09|0.04|0.37|0.05|21|-0.32|-0.8649|4|185|1|22|0.4947|0.0032|0.0542|-0.6309|0.2198||0.09|10|0.03|12
GME211203P00222500|44.57|48.74|44.57|45.85|48.74|21|2.89|0.0630|-6|45|1|2|-0.9470|0.0039|-0.0059|-1.4882|0.0095||56.25|20|52.25|82
GME211203C00225000|0.20|0.20|0.04|0.30|0.04|22|-0.26|-0.8667|-60|596|1|115|0.5049|0.0031|0.0538|-0.6659|0.2198||0.07|3|0.03|15
GME211203P00225000|42.95|55.58|42.95|45.20|55.58|22|10.38|0.2296|0|125|5|24|-0.9951|0.0008|-0.0061|-0.1291|0.0012||58.70|19|54.75|86
GME211203C00227500|0.14|0.14|0.03|0.50|0.03|23|-0.47|-0.9400|16|113|1|20|0.0437|0.0033|0.0004|-0.6520|0.0115||0.07|6|0.03|9
GME211203P00227500|55.10|55.10|55.10|45.48|55.10|23|9.62|0.2115|0|26|1|1|-0.9514|0.0035|-0.0060|-1.4608|0.0089||61.35|21|57.25|82
GME211203C00230000|0.24|0.24|0.03|0.24|0.04|24|-0.20|-0.8333|-39|888|1|147|0.0108|0.0013|0.0000|-0.3160|0.0025||0.04|1|0.03|1
GME211203P00230000|47.00|61.16|47.00|49.84|61.16|24|11.32|0.2271|-4|63|5|8|-0.9932|0.0009|-0.0063|-0.1949|0.0017||63.90|21|59.80|62
GME211203C00232500|0.03|0.05|0.03|0.25|0.05|25|-0.20|-0.8000|-7|86|1|2|0.5101|0.0029|0.0525|-0.7133|0.2198||0.06|4|0.03|1
GME211203P00232500||||52.32|52.32|25|0.00|0.0000|-1|33|0|0|-0.9563|0.0031|-0.0124|-0.6971|0.0116||66.25|20|62.30|62
GME211203C00235000|0.56|0.56|0.02|0.25|0.05|26|-0.20|-0.8000|-14|317|3|37|0.0089|0.0010|0.0000|-0.2755|0.0021||0.04|1|0.02|14
GME211203P00235000|53.48|66.72|53.48|53.95|66.72|26|12.77|0.2367|-31|340|1|87|-0.9953|0.0007|-0.0064|-0.1447|0.0012||68.85|21|64.80|85
GME211203C00237500|0.13|0.13|0.02|0.27|0.03|27|-0.24|-0.8889|-1|114|2|23|0.0060|0.0008|0.0000|-0.1909|0.0015||0.07|11|0.02|12
GME211203P00237500|55.98|69.25|55.98|56.45|69.25|27|12.80|0.2267|-22|262|1|88|-0.9946|0.0007|-0.0065|-0.1688|0.0014||71.40|24|67.30|85
GME211203C00240000|0.20|0.20|0.02|0.27|0.02|28|-0.25|-0.9259|64|656|1|46|0.0071|0.0008|0.0000|-0.2330|0.0017||0.04|7|0.02|20
GME211203P00240000|69.64|71.25|69.63|60.48|71.25|28|10.77|0.1781|-6|95|1|6|-0.8856|0.0043|-0.0061|-4.3098|0.0171||73.80|15|69.80|62
GME211203C00245000|0.05|0.06|0.01|0.23|0.01|29|-0.22|-0.9565|-115|299|1|41|0.0080|0.0009|0.0000|-0.2769|0.0019||0.06|8|0.02|14
GME211203P00245000|66.88|66.88|66.88|60.55|66.88|29|6.33|0.1045|-1|67|1|1|-0.6509|0.0039|-0.2168|-0.4472|0.2039||78.75|21|74.80|80
GME211203C00250000|0.06|0.12|0.01|0.14|0.02|30|-0.12|-0.8571|1181|4523|5|552|0.5273|0.0025|0.0499|-0.8249|0.2193||0.04|1|0.01|28
GME211203P00250000|75.53|75.81|75.53|70.43|75.81|30|5.38|0.0764|0|123|1|3|-0.9888|0.0010|-0.0068|-0.4126|0.0026||83.80|21|79.80|84
GME211203C00260000|0.05|0.05|0.01|0.15|0.02|31|-0.13|-0.8667|-5|709|1|152|0.0059|0.0006|0.0000|-0.2340|0.0015||0.04|5|0.02|1
GME211203P00260000|88.15|88.15|88.15|75.00|88.15|31|13.15|0.1753|0|6|1|1|-0.9385|0.0028|-0.0069|-2.6509|0.0107||93.80|17|89.80|12
GME211203C00270000|0.04|0.12|0.02|0.02|0.12|32|0.10|5.0000|20|607|3|40|0.0032|0.0003|0.0000|-0.1351|0.0008||0.04|4|0.02|4
GME211203P00270000|99.66|99.66|99.66|86.50|99.66|32|13.16|0.1521|0|21|3|4|-0.8982|0.0032|-0.0070|-4.9171|0.0157||103.70|12|99.80|80
GME211203C00280000|0.08|0.08|0.01|0.07|0.01|33|-0.06|-0.8571|46|618|2|19|0.0018|0.0002|0.0000|-0.0818|0.0005||0.02|2|0.01|6
GME211203P00280000||||95.00|95.00|33|0.00|0.0000|0|10|0|0|-0.9995|0.0001|-0.0077|-0.0232|0.0002||113.85|18|109.80|12
GME211203C00290000|0.04|0.04|0.01|0.09|0.03|34|-0.06|-0.6667|-7|495|1|14|0.0038|0.0003|0.0000|-0.1875|0.0010||0.04|20|0.01|6
GME211203P00290000||||||34||||0|0|0|-1.0000|0.0000|-0.0079|0.0009|0.0000||123.90|20|119.80|12
GME211203C00300000|0.06|0.06|0.01|0.07|0.01|35|-0.06|-0.8571|-116|2079|3|202|0.0027|0.0002|0.0000|-0.1382|0.0007||0.03|2|0.01|6
GME211203P00300000||||111.10|111.10|35|0.00|0.0000|0|2|0|0|-0.9975|0.0002|-0.0164|-0.0646|0.0010||133.90|20|129.80|12
GME211203C00310000|0.04|0.05|0.01|0.08|0.02|36|-0.06|-0.7500|-1|343|2|36|0.0025|0.0002|0.0000|-0.1371|0.0007||0.02|1|0.01|8
GME211203P00310000||||71.90|71.90|36|0.00|0.0000|0|4|0|0|-0.9012|0.0025|-0.3163|-0.1525|0.0958||143.70|12|139.80|12
GME211203C00320000|0.04|0.04|0.01|0.04|0.01|37|-0.03|-0.7500|-1|388|5|10|0.0024|0.0002|0.0000|-0.1372|0.0007||0.02|1|0.01|1
GME211203P00320000||||||37||||0|0|0|-1.0000|0.0000|-0.0175|0.0010|0.0000||153.80|15|149.80|12
GME211203C00330000||||0.06|0.06|38|0.00|0.0000|2|350|0|0|0.0056|0.0004|0.0000|-0.3389|0.0014||0.03|5|0.00|0
GME211203P00330000||||127.27|127.27|38|0.00|0.0000|-2|0|0|0|-1.0000|0.0000|-0.0090|0.0007|0.0000||163.90|20|159.80|12
GME211203C00340000|0.01|0.04|0.01|0.06|0.01|39|-0.05|-0.8333|4|139|1|5|0.0039|0.0003|0.0000|-0.2445|0.0010||0.03|5|0.00|0
GME211203P00340000||||134.20|134.20|39|0.00|0.0000|0|1|0|0|-0.9997|0.0000|-0.0186|-0.0084|0.0001||173.80|17|169.80|12
GME211203C00350000|0.01|0.03|0.01|0.04|0.01|40|-0.03|-0.7500|-10|1227|1|100|0.0012|0.0001|0.0000|-0.0776|0.0004||0.02|1|0.01|15
GME211203P00350000||||136.35|136.35|40|0.00|0.0000|-1|2|0|0|-1.0000|0.0000|-0.0096|0.0010|0.0000||183.65|12|179.80|12
GME211203C00360000|0.01|0.03|0.01|0.09|0.03|41|-0.06|-0.6667|0|159|25|83|0.0028|0.0002|0.0000|-0.1878|0.0008||0.01|2|0.00|0
GME211203P00360000||||||41||||0|0|0|-1.0000|0.0000|-0.0099|0.0011|0.0000||193.85|17|189.80|12
GME211203C00370000|0.01|0.01|0.01|0.02|0.01|42|-0.01|-0.5000|-1|87|1|1|0.0011|0.0001|0.0000|-0.0783|0.0003||0.01|1|0.00|0
GME211203P00370000||||136.05|136.05|42|0.00|0.0000|0|1|0|0|-1.0000|0.0000|-0.0101|0.0011|0.0000||203.90|20|199.80|12
GME211203C00380000|0.01|0.01|0.01|0.04|0.01|43|-0.03|-0.7500|-1|100|1|25|0.0011|0.0001|0.0000|-0.0790|0.0003||0.01|6|0.00|0
GME211203P00380000||||170.35|170.35|43|0.00|0.0000|0|0|0|0|-1.0000|0.0000|-0.0104|0.0009|0.0000||213.80|15|209.80|12
GME211203C00390000|0.04|0.04|0.04|0.02|0.04|44|0.02|1.0000|-2|89|1|1|0.6767|0.0012|0.0353|-1.4223|0.1979||0.01|1|0.00|0
GME211203P00390000|216.55|216.55|216.55|216.55|216.55|44|0.00|0.0000|0|0|1|1|-1.0000|0.0000|-0.0107|0.0012|0.0000||223.90|18|219.80|12
GME211203C00400000|0.01|0.01|0.01|0.02|0.01|45|-0.01|-0.5000|-4|2445|1|17|0.0010|0.0001|0.0000|-0.0785|0.0003||0.01|2|0.00|0
GME211203P00400000||||215.38|215.38|45|0.00|0.0000|0|0|0|0|-0.7006|0.0023|-0.3938|-0.6670|0.1914||233.90|12|229.80|12
GME211203C00410000||||0.03|0.03|46|0.00|0.0000|3|1058|0|0|0.6796|0.0011|0.0346|-1.4531|0.1972||0.01|8|0.00|0
GME211203P00410000||||||46||||0|0|0|-1.0000|0.0000|-0.4380|0.0013|0.0000||243.80|11|239.80|12
GME211203C00420000|0.01|0.02|0.01|0.01|0.02|47|0.01|1.0000|3|234|8|12|0.0010|0.0001|0.0000|-0.0785|0.0003||0.02|100|0.00|0
GME211203P00420000||||||47||||0|0|0|-1.0000|0.0000|-0.0115|0.0013|0.0000||253.80|17|249.80|12
GME211203C00430000||||0.03|0.03|48|0.00|0.0000|0|70|0|0|0.0024|0.0001|0.0000|-0.1990|0.0007||0.02|100|0.00|0
GME211203P00430000||||||48||||0|0|0|-1.0000|0.0000|-0.0118|0.0013|0.0000||263.90|13|259.80|12
GME211203C00440000||||0.08|0.08|49|0.00|0.0000|1|71|0|0|0.0053|0.0003|0.0000|-0.4502|0.0013||0.01|4|0.00|0
GME211203P00440000||||||49||||0|0|0|-1.0000|0.0000|-0.0121|0.0014|0.0000||273.90|13|269.80|12
GME211203C00450000|0.01|0.01|0.01|0.01|0.01|50|0.00|0.0000|4|487|2|4|0.6617|0.0012|0.0346|-1.4853|0.2015||0.01|100|0.00|0
GME211203P00450000||||||50||||0|0|0|-1.0000|0.0000|-0.0123|0.0014|0.0000||283.90|13|279.80|12
GME211203C00460000||||0.01|0.01|51|0.00|0.0000|4|63|0|0|0.0009|0.0001|0.0000|-0.0789|0.0003||0.01|100|0.00|0
GME211203P00460000||||||51||||0|0|0|-1.0000|0.0000|-0.0126|0.0014|0.0000||293.90|13|289.80|12
GME211203C00470000||||0.01|0.01|52|0.00|0.0000|9|200|0|0|0.0009|0.0001|0.0000|-0.0808|0.0003||0.01|100|0.00|0
GME211203P00470000||||||52||||0|0|0|-1.0000|0.0000|-0.0258|0.0014|0.0000||303.90|12|299.80|12
GME211203C00480000||||0.06|0.06|53|0.00|0.0000|0|91|0|0|0.0039|0.0002|0.0000|-0.3601|0.0010||0.01|100|0.00|0
GME211203P00480000||||||53||||0|0|0|-1.0000|0.0000|-0.0132|0.0015|0.0000||313.90|12|309.80|12
GME211203C00490000|0.01|0.01|0.01|0.06|0.01|54|-0.05|-0.8333|0|250|1|10|0.6836|0.0010|0.0325|-1.5498|0.1961||0.01|100|0.00|0
GME211203P00490000||||||54||||0|0|0|-1.0000|0.0000|-0.0134|0.0015|0.0000||323.90|12|319.80|12
GME211203C00500000|0.01|0.02|0.01|0.03|0.02|55|-0.01|-0.3333|9|1379|20|37|0.0015|0.0001|0.0000|-0.1439|0.0004||0.01|500|0.00|0
GME211203P00500000||||||55||||0|0|0|-1.0000|0.0000|-0.0274|0.0015|0.0000||333.90|10|329.80|12
GME211203C00510000|0.01|0.01|0.01|0.02|0.01|56|-0.01|-0.5000|121|5819|40|252|0.0008|0.0001|0.0000|-0.0795|0.0002||0.01|616|0.00|0
GME211203P00510000||||||56||||0|0|0|-1.0000|0.0000|-0.0140|0.0016|0.0000||343.90|12|339.80|12
GME211210C00100000||||86.01|86.01|10|0.00|0.0000|0|1|0|0|0.9026|0.0005|0.0268|-0.6606|0.1030||71.70|12|67.00|17
GME211210P00100000|0.55|1.19|0.50|0.48|1.14|10|0.66|1.3750|29|239|1|775|-0.0390|0.0015|-0.0017|-0.2909|0.0211||1.20|1|1.10|8
GME211210C00110000||||76.13|76.13|9|0.00|0.0000|0|2|0|0|0.8262|0.0020|0.0137|-2.0852|0.0641||62.10|13|57.35|16
GME211210P00110000|0.58|1.44|0.54|0.60|1.44|9|0.84|1.4000|9|215|1|192|-0.0382|0.0019|-0.0016|-0.2271|0.0207||1.51|18|1.37|16
GME211210C00120000|56.97|56.97|56.97|76.03|56.97|8|-19.06|-0.2507|0|1|1|1|0.8304|0.0032|0.0180|-1.2578|0.0631||52.65|27|47.70|18
GME211210P00120000|0.97|2.02|0.75|1.00|1.92|8|0.92|0.9200|167|263|5|725|-0.0720|0.0032|-0.0030|-0.3686|0.0343||2.04|9|1.92|3
GME211210C00130000||||||7||||0|0|0|1.0000|0.0000|0.0285|-0.0004|0.0000||43.50|11|38.85|21
GME211210P00130000|1.50|2.90|1.28|1.45|2.90|7|1.45|1.0000|0|431|1|648|-0.1124|0.0048|-0.0053|-0.4243|0.0505||2.98|19|2.74|19
GME211210C00140000|36.10|36.10|36.10|56.44|36.10|6|-20.34|-0.3604|0|29|2|4|0.7731|0.0057|0.0205|-1.0019|0.0753||34.75|27|30.30|41
GME211210P00140000|1.89|4.40|1.89|2.18|4.20|6|2.02|0.9266|142|441|1|278|-0.1575|0.0069|-0.0065|-0.5227|0.0601||4.65|30|4.20|42
GME211210C00145000|30.25|30.25|30.25|30.25|30.25|5|0.00|0.0000||0|1|1|0.7808|0.0077|0.0225|-0.7104|0.0737||30.75|43|27.40|27
GME211210P00145000|2.92|5.65|2.92|2.80|5.25|5|2.45|0.8750||15|2|135|-0.1975|0.0082|-0.0082|-0.5879|0.0693||5.70|44|5.30|22
GME211210C00150000|30.00|31.00|25.20|34.20|27.79|4|-6.41|-0.1874|1|20|50|56|0.7497|0.0092|0.0224|-0.6850|0.0794||26.95|45|23.35|45
GME211210P00150000|3.30|6.90|3.30|3.50|6.70|4|3.20|0.9143|240|460|2|697|-0.2427|0.0095|-0.0101|-0.6409|0.0781||7.00|15|6.50|40
GME211210C00155000|25.10|25.10|21.10|58.70|21.10|3|-37.60|-0.6405|0|45|1|4|0.6738|0.0034|0.0145|-2.4206|0.0900||23.55|48|20.15|42
GME211210P00155000|4.27|8.54|4.27|4.65|8.35|3|3.70|0.7957|49|244|1|142|-0.2981|0.0106|-0.0125|-0.7087|0.0865||8.70|27|8.05|28
GME211210C00160000|25.52|25.52|18.78|29.75|19.45|2|-10.30|-0.3462|0|204|1|37|0.6313|0.0091|0.0188|-0.9795|0.0941||20.40|60|16.95|51
GME211210P00160000|5.47|10.30|5.47|5.80|10.30|2|4.50|0.7759|55|441|4|270|-0.3559|0.0117|-0.0150|-0.7440|0.0930||10.75|30|10.00|1
GME211210C00165000|21.90|21.90|15.03|21.75|15.20|1|-6.55|-0.3011|1|3|1|14|0.5833|0.0094|0.0176|-1.0125|0.0974||17.55|73|14.80|25
GME211210P00165000|7.22|12.60|7.22|7.35|12.40|1|5.05|0.6871|42|362|1|222|-0.3922|0.0051|-0.1186|-0.3174|0.2300||12.65|42|12.05|21
GME211210C00170000|17.07|17.07|12.63|20.20|13.10|1|-7.10|-0.3515|5|21|2|130|0.5815|0.0052|0.0866|-0.3212|0.2337||13.50|16|12.55|30
GME211210P00170000|8.15|15.10|8.15|9.07|14.81|1|5.74|0.6329|81|441|1|285|-0.4810|0.0127|-0.0207|-0.7784|0.0995||15.35|19|14.50|1
GME211210C00175000|17.95|17.95|10.47|17.18|12.00|2|-5.18|-0.3015|48|73|2|244|0.4564|0.0127|0.0147|-0.7728|0.0990||11.50|49|10.25|51
GME211210P00175000|10.83|17.95|9.85|10.95|17.95|2|7.00|0.6393|104|522|1|152|-0.5458|0.0130|-0.0237|-0.7574|0.0989||18.50|35|15.60|77
GME211210C00177500|11.55|12.00|10.00|15.85|10.50|3|-5.35|-0.3375||27|1|117|0.4261|0.0126|0.0138|-0.7638|0.0979||10.60|72|9.20|61
GME211210P00177500|10.66|17.88|10.66|12.55|17.88|3|5.33|0.4247||234|1|84|-0.4630|0.0055|-0.1411|-0.3102|0.2377||20.10|21|16.85|51
GME211210C00180000|15.00|16.00|8.78|14.20|9.00|4|-5.20|-0.3662|227|306|1|196|0.3913|0.0127|0.0128|-0.7267|0.0958||9.45|28|8.55|23
GME211210P00180000|13.51|20.75|11.89|13.30|20.50|4|7.20|0.5414|99|705|1|126|-0.6076|0.0126|-0.0266|-0.7299|0.0959||21.65|45|19.50|54
GME211210C00182500|11.05|11.05|8.00|13.40|8.00|5|-5.40|-0.4030||66|1|50|0.3678|0.0121|0.0120|-0.7328|0.0941||8.90|45|7.75|14
GME211210P00182500|13.50|21.52|13.50|15.15|21.52|5|6.37|0.4205||205|3|29|-0.6293|0.0120|-0.0279|-0.7448|0.0943||23.50|23|20.20|51
GME211210C00185000|12.65|12.65|7.10|12.66|7.48|6|-5.18|-0.4092|24|132|1|140|0.5090|0.0052|0.0776|-0.3320|0.2387||7.80|28|7.10|51
GME211210P00185000|15.65|21.83|13.50|16.25|21.83|6|5.58|0.3434|98|456|1|33|-0.6612|0.0118|-0.0294|-0.7065|0.0913||25.40|26|22.05|58
GME211210C00187500|11.40|11.40|6.75|11.44|6.75|7|-4.69|-0.4100|45|64|1|32|0.3300|0.0109|0.0108|-0.7537|0.0904||7.35|60|6.45|75
GME211210P00187500|23.89|24.95|21.00|17.83|22.05|7|4.22|0.2367|129|256|1|7|-0.7016|0.0119|-0.0312|-0.6317|0.0865||27.25|32|23.85|65
GME211210C00190000|11.00|11.00|6.00|10.60|6.45|8|-4.15|-0.3915|103|199|1|258|0.2947|0.0108|0.0097|-0.6853|0.0861||6.80|76|5.90|59
GME211210P00190000|19.20|27.62|18.05|19.55|27.62|8|8.07|0.4128|70|498|1|63|-0.7008|0.0107|-0.0318|-0.7021|0.0867||29.10|25|25.95|58
GME211210C00192500|10.00|10.00|5.75|10.00|5.75|9|-4.25|-0.4250|23|88|2|14|0.4777|0.0051|0.0733|-0.3373|0.2384||6.45|80|5.40|49
GME211210P00192500|20.34|30.00|20.34|21.35|30.00|9|8.65|0.4052|32|118|1|2|-0.6796|0.0093|-0.1835|-0.1492|0.2141||31.25|16|28.45|33
GME211210C00195000|8.25|9.15|4.90|8.91|4.90|10|-4.01|-0.4501|116|250|1|92|0.2501|0.0100|0.0083|-0.6341|0.0793||5.40|15|4.95|20
GME211210P00195000|22.27|30.82|22.27|22.88|30.82|10|7.94|0.3470|95|285|1|34|-0.7501|0.0100|-0.0345|-0.6327|0.0793||33.10|13|30.55|46
GME211210C00197500|7.69|7.69|4.85|8.26|5.65|11|-2.61|-0.3160|60|106|1|34|0.2316|0.0095|0.0077|-0.6139|0.0761||5.05|54|4.50|55
GME211210P00197500|24.10|24.10|24.10|24.48|24.10|11|-0.38|-0.0155|15|119|1|1|-0.7731|0.0095|-0.0357|-0.5960|0.0752||35.40|21|33.05|10
GME211210C00200000|7.56|7.56|4.05|7.25|4.55|12|-2.70|-0.3724|140|774|1|525|0.2060|0.0090|0.0069|-0.5621|0.0711||4.55|3|4.15|9
GME211210P00200000|24.90|35.94|24.90|26.33|35.23|12|8.90|0.3380|21|680|1|43|-0.7903|0.0090|-0.0368|-0.5740|0.0719||37.45|19|35.55|12
GME211210C00202500|6.70|6.70|4.11|8.00|4.30|13|-3.70|-0.4625|10|77|1|14|0.2394|0.0082|0.0078|-0.7313|0.0775||4.50|74|3.80|38
GME211210P00202500|32.05|34.10|32.05|27.95|33.56|13|5.61|0.2007|0|48|12|16|-0.8126|0.0085|-0.0381|-0.5294|0.0672||39.55|12|36.15|35
GME211210C00205000|6.00|6.00|3.71|5.85|3.87|14|-1.98|-0.3385|10|169|4|50|0.1680|0.0080|0.0056|-0.4908|0.0627||4.05|41|3.55|26
GME211210P00205000|31.96|40.55|31.96|30.85|40.55|14|9.70|0.3144|-1|176|1|5|-0.7898|0.0080|-0.0428|-0.5781|0.0763||41.85|23|38.35|34
GME211210C00207500|3.99|4.00|3.62|5.72|4.00|15|-1.72|-0.3007|10|78|1|14|0.1623|0.0076|0.0054|-0.4971|0.0613||3.75|28|3.30|24
GME211210P00207500|40.40|41.49|39.38|31.10|41.49|15|10.39|0.3341|2|20|1|3|-0.7904|0.0076|-0.0386|-0.6837|0.0718||44.35|14|40.55|27
GME211210C00210000|5.15|5.30|3.20|5.15|3.43|16|-1.72|-0.3340|27|336|1|204|0.1465|0.0071|0.0049|-0.4632|0.0573||3.45|9|3.05|47
GME211210P00210000|33.23|45.05|31.95|34.54|45.05|16|10.51|0.3043|7|112|1|54|-0.8399|0.0072|-0.0407|-0.5141|0.0607||46.85|31|42.80|13
GME211210C00212500|3.50|3.50|3.00|5.00|3.00|17|-2.00|-0.4000|-3|80|2|20|0.1408|0.0067|0.0047|-0.4640|0.0558||3.40|34|2.89|47
GME211210P00212500|44.38|44.38|44.38|37.87|44.38|17|6.51|0.1719|-1|37|1|1|-0.8249|0.0069|-0.0408|-0.6015|0.0644||48.90|23|45.05|30
GME211210C00215000|4.05|4.05|2.80|4.43|3.00|18|-1.43|-0.3228|1|166|1|64|0.1254|0.0063|0.0042|-0.4242|0.0515||3.15|32|2.74|21
GME211210P00215000|48.00|48.00|43.60|37.79|47.82|18|10.03|0.2654|-2|32|1|40|-0.9161|0.0055|-0.0442|-0.2693|0.0385||51.40|20|47.35|29
GME211210C00217500|3.25|3.25|2.65|4.50|2.65|19|-1.85|-0.4111|0|30|1|14|0.1619|0.0063|0.0053|-0.5971|0.0612||3.00|26|2.54|17
GME211210P00217500|49.60|49.60|49.60|42.15|49.60|19|7.45|0.1767|2|27|10|10|-0.7998|0.0063|-0.0412|-0.7732|0.0699||53.85|21|49.65|37
GME211210C00220000|3.70|3.70|2.40|3.90|2.66|20|-1.24|-0.3179|12|413|1|146|0.1092|0.0055|0.0037|-0.3946|0.0467||3.00|71|2.40|50
GME211210P00220000|45.07|53.73|45.07|42.22|53.73|20|11.51|0.2726|1|156|1|13|-0.8341|0.0061|-0.0428|-0.6389|0.0622||56.05|20|52.00|28
GME211210C00222500|2.35|2.67|2.35|3.65|2.56|21|-1.09|-0.2986|25|88|1|9|0.3985|0.0043|0.0604|-0.3755|0.2310||2.75|43|2.26|23
GME211210P00222500|42.95|42.95|42.95|46.97|42.95|21|-4.02|-0.0856|-7|38|1|1|-0.8507|0.0058|-0.0439|-0.5857|0.0580||58.55|17|54.30|31
GME211210C00225000|3.10|3.10|2.15|3.45|2.16|22|-1.29|-0.3739|14|348|1|74|0.1236|0.0053|0.0041|-0.4891|0.0510||2.50|15|2.15|23
GME211210P00225000|51.00|58.60|51.00|47.35|57.78|22|10.43|0.2203|1|462|5|27|-0.8502|0.0056|-0.0444|-0.6095|0.0582||60.85|9|56.70|23
GME211210C00227500|2.74|2.74|2.10|3.35|2.26|23|-1.09|-0.3254|1|24|1|9|0.0922|0.0047|0.0031|-0.3650|0.0413||2.42|20|2.07|11
GME211210P00227500||||34.06|34.06|23|0.00|0.0000|0|35|0|0|-0.9995|0.0001|-0.0498|-0.0010|0.0005||63.30|19|59.05|33
GME211210C00230000|2.73|2.75|1.96|3.09|2.16|24|-0.93|-0.3010|2|395|2|169|0.1001|0.0047|0.0038|-0.3670|0.0465||2.32|34|1.96|116
GME211210P00230000|57.60|63.29|57.60|41.51|63.29|24|21.78|0.5247|0|38|23|25|-0.7059|0.0049|-0.2407|-0.2613|0.2062||65.80|22|61.40|34
GME211210C00232500|2.40|2.58|1.95|2.69|1.98|25|-0.71|-0.2639|3|33|2|11|0.1155|0.0047|0.0038|-0.4997|0.0486||2.03|2|1.80|41
GME211210P00232500||||56.09|56.09|25|0.00|0.0000|-5|6|0|0|-0.8737|0.0049|-0.0468|-0.5520|0.0517||68.10|19|63.80|25
GME211210C00235000|2.43|2.46|1.72|2.78|1.72|26|-1.06|-0.3813|-4|898|1|44|0.3878|0.0039|0.0574|-0.4060|0.2292||2.09|31|1.76|53
GME211210P00235000|61.85|67.00|61.85|58.42|65.99|26|7.57|0.1296|-1|35|7|10|-0.8413|0.0049|-0.0464|-0.7392|0.0604||70.60|22|66.15|36
GME211210C00237500|2.01|2.01|2.01|2.69|2.01|27|-0.68|-0.2528|1|19|1|1|0.1184|0.0045|0.0039|-0.5446|0.0494||2.09|81|1.65|46
GME211210P00237500|64.40|68.49|64.40|48.03|68.49|27|20.46|0.4260|0|25|7|8|-0.8431|0.0048|-0.0470|-0.7502|0.0600||73.25|27|68.55|36
GME211210C00240000|2.31|2.47|1.61|2.92|1.89|28|-1.03|-0.3527|-13|317|1|53|0.0776|0.0037|0.0026|-0.3520|0.0363||1.95|37|1.65|46
GME211210P00240000||||58.15|58.15|28|0.00|0.0000|1|34|0|0|-0.9534|0.0029|-0.0510|-0.2034|0.0243||75.35|18|70.95|36
GME211210C00245000|2.10|2.10|1.46|2.20|1.60|29|-0.60|-0.2727|-6|166|1|21|0.0981|0.0039|0.0032|-0.4789|0.0432||1.81|22|1.52|43
GME211210P00245000||||50.19|50.19|29|0.00|0.0000|0|23|0|0|-0.9982|0.0003|-0.0536|-0.0068|0.0014||80.15|21|75.75|28
GME211210C00250000|1.90|2.02|1.42|2.01|1.54|30|-0.47|-0.2338|110|2300|2|425|0.0533|0.0028|0.0018|-0.2607|0.0271||1.60|6|1.47|1
GME211210P00250000||||60.35|60.35|30|0.00|0.0000|0|15|0|0|-0.9952|0.0006|-0.0546|-0.0210|0.0035||85.15|21|80.40|21
GME211210C00255000|1.55|1.55|1.40|2.02|1.40|31|-0.62|-0.3069|-4|61|2|6|0.0814|0.0033|0.0027|-0.4290|0.0376||1.54|33|1.32|42
GME211210P00255000||||40.40|40.40|31|0.00|0.0000|0|5|0|0|-0.9999|0.0000|-0.0559|0.0006|0.0001||90.15|18|85.40|24
GME211210C00260000|1.79|1.79|1.20|1.73|1.38|32|-0.35|-0.2023|38|974|1|61|0.0450|0.0024|0.0015|-0.2383|0.0236||1.45|13|1.22|50
GME211210P00260000||||69.85|69.85|32|0.00|0.0000|0|22|0|0|-0.9945|0.0006|-0.0568|-0.0266|0.0039||95.10|13|90.30|29
GME211210C00270000|1.31|1.31|1.15|1.60|1.15|33|-0.45|-0.2813|-27|193|1|37|0.0690|0.0027|0.0023|-0.4050|0.0331||1.36|37|1.07|58
GME211210P00270000||||75.18|75.18|33|0.00|0.0000|0|14|0|0|-0.9744|0.0016|-0.0583|-0.1426|0.0149||104.85|13|100.10|19
GME211210C00280000|1.00|1.17|1.00|1.40|1.06|34|-0.34|-0.2429|16|242|1|26|0.0625|0.0024|0.0020|-0.3902|0.0307||1.26|35|1.00|21
GME211210P00280000||||84.53|84.53|34|0.00|0.0000|0|1|0|0|-0.9802|0.0012|-0.0607|-0.1171|0.0120||114.60|14|109.95|22
GME211210C00290000|1.16|1.16|0.93|1.25|1.04|35|-0.21|-0.1680|21|171|1|18|0.0491|0.0020|0.0016|-0.3224|0.0254||1.10|8|0.90|37
GME211210P00290000||||82.25|82.25|35|0.00|0.0000|0|7|0|0|-0.9994|0.0001|-0.0635|-0.0028|0.0005||124.60|21|119.85|28
GME211210C00300000|1.20|1.20|0.80|1.11|0.95|36|-0.16|-0.1441|43|919|1|351|0.0456|0.0018|0.0015|-0.3153|0.0239||1.00|50|0.93|1
GME211210P00300000||||76.00|76.00|36|0.00|0.0000|0|14|0|0|-0.9999|0.0000|-0.0658|0.0006|0.0001||134.60|17|129.75|23
GME211210C00310000|0.84|0.97|0.76|0.95|0.88|37|-0.07|-0.0737|108|264|9|20|0.0489|0.0018|0.0016|-0.3570|0.0253||0.95|3|0.75|17
GME211210P00310000||||83.61|83.61|37|0.00|0.0000|0|4|0|0|-0.9999|0.0000|-0.0679|0.0003|0.0001||144.60|10|139.65|37
GME211210C00320000|0.78|0.78|0.78|0.93|0.78|38|-0.15|-0.1613|2|276|1|1|0.0435|0.0016|0.0014|-0.3310|0.0230||0.94|15|0.75|13
GME211210P00320000||||89.47|89.47|38|0.00|0.0000|0|3|0|0|-0.9579|0.0016|-0.3954|-0.0547|0.0538||154.60|12|149.65|14
GME211210C00330000|0.87|0.87|0.81|0.72|0.81|39|0.09|0.1250|-17|246|1|2|0.0554|0.0018|0.0020|-0.3949|0.0296||0.87|6|0.69|36
GME211210P00330000||||||39||||0|0|0|-1.0000|0.0000|-0.0723|0.0011|0.0000||164.60|6|159.65|25
GME211210C00340000|0.75|0.78|0.66|0.75|0.77|40|0.02|0.0267|-1|87|5|42|0.0444|0.0015|0.0016|-0.3267|0.0248||0.84|9|0.75|5
GME211210P00340000||||||40||||0|0|0|-1.0000|0.0000|-0.0745|0.0011|0.0000||174.60|9|169.65|25
GME211210C00350000|0.49|0.78|0.49|0.69|0.69|41|0.00|0.0000|49|437|1|104|0.0373|0.0013|0.0012|-0.3180|0.0203||0.77|4|0.69|5
GME211210P00350000||||||41||||0|0|0|-1.0000|0.0000|-0.0767|0.0011|0.0000||184.60|8|179.65|39
GME211210C00360000|0.55|0.69|0.55|0.61|0.69|42|0.08|0.1311|-2|85|1|7|0.0330|0.0012|0.0011|-0.2906|0.0184||0.73|8|0.65|3
GME211210P00360000||||||42||||0|0|0|-1.0000|0.0000|-0.4536|0.0012|0.0000||194.60|6|189.65|24
GME211210C00370000|0.50|0.55|0.50|0.75|0.55|43|-0.20|-0.2667|0|21|5|8|0.0295|0.0011|0.0009|-0.2671|0.0167||0.69|10|0.63|1
GME211210P00370000||||||43||||0|0|0|-1.0000|0.0000|-0.0811|0.0012|0.0000||204.60|11|199.65|26
GME211210C00380000|0.54|0.54|0.54|0.54|0.54|44|0.00|0.0000|-1|50|1|1|0.0234|0.0009|0.0008|-0.2178|0.0138||0.66|9|0.52|7
GME211210P00380000||||||44||||0|0|0|-1.0000|0.0000|-0.0833|0.0012|0.0000||214.60|12|209.65|26
GME211210C00390000|0.40|0.60|0.40|0.49|0.60|45|0.11|0.2245|5|52|3|18|0.0301|0.0010|0.0010|-0.2896|0.0170||0.62|7|0.49|10
GME211210P00390000||||||45||||0|0|0|-1.0000|0.0000|-0.4914|0.0013|0.0000||224.60|12|219.65|13
GME211210C00400000|0.40|0.70|0.37|0.45|0.49|46|0.04|0.0889|-6|420|1|171|0.0250|0.0009|0.0008|-0.2461|0.0146||0.58|6|0.46|6
GME211210P00400000||||||46||||0|0|0|-1.0000|0.0000|-0.0877|0.0013|0.0000||234.60|12|229.65|25
GME211210C00410000|0.34|0.50|0.34|0.44|0.47|47|0.03|0.0682|7|59|1|6|0.0241|0.0008|0.0008|-0.2437|0.0142||0.50|2|0.48|2
GME211210P00410000||||||47||||0|0|0|-1.0000|0.0000|-0.1011|0.0013|0.0000||244.60|12|239.65|27
GME211210C00420000|0.31|0.55|0.31|0.40|0.51|48|0.11|0.2750|2|171|1|16|0.0233|0.0008|0.0007|-0.2411|0.0137||0.51|8|0.44|1
GME211210P00420000||||||48||||0|0|0|-1.0000|0.0000|-0.0921|0.0014|0.0000||254.60|12|249.65|12
GME211210C00430000|0.41|0.41|0.40|0.40|0.40|49|0.00|0.0000|262|304|1|2|0.0206|0.0007|0.0007|-0.2177|0.0124||0.51|17|0.35|1
GME211210P00430000||||||49||||0|0|0|-1.0000|0.0000|-0.5418|0.0014|0.0000||264.60|4|259.65|13
GME211210C00440000|0.23|0.45|0.23|0.36|0.40|50|0.04|0.1111|34|67|1|5|0.0202|0.0007|0.0006|-0.2185|0.0122||0.50|9|0.33|1
GME211210P00440000||||||50||||0|0|0|-1.0000|0.0000|-0.0964|0.0014|0.0000||274.60|12|269.65|12
GME211210C00450000|0.38|0.40|0.33|0.37|0.34|51|-0.03|-0.0811|190|288|1|14|0.0199|0.0007|0.0006|-0.2198|0.0120||0.38|2|0.28|3
GME211210P00450000||||||51||||0|0|0|-1.0000|0.0000|-0.0986|0.0015|0.0000||284.60|4|279.65|5
GME211210C00460000|0.33|0.46|0.31|0.27|0.40|52|0.13|0.4815|0|18|2|31|0.0276|0.0008|0.0010|-0.2770|0.0168||0.46|10|0.26|30
GME211210P00460000||||||52||||0|0|0|-1.0000|0.0000|-0.1008|0.0015|0.0000||294.60|4|289.65|5
GME211210C00470000|0.39|0.39|0.39|0.22|0.39|53|0.17|0.7727|7|22|1|1|0.0268|0.0008|0.0009|-0.2742|0.0164||0.46|18|0.25|8
GME211210P00470000||||||53||||0|0|0|-1.0000|0.0000|-0.5922|0.0015|0.0000||304.60|12|299.65|9
GME211210C00480000|0.26|0.46|0.26|0.25|0.32|54|0.07|0.2800|1|33|1|15|0.0202|0.0006|0.0006|-0.2356|0.0122||0.41|5|0.29|2
GME211210P00480000||||||54||||0|0|0|-1.0000|0.0000|-0.1052|0.0016|0.0000||314.60|12|309.65|9
GME211210C00490000|0.47|0.47|0.40|0.24|0.40|55|0.16|0.6667|2|93|2|4|0.0266|0.0007|0.0009|-0.2827|0.0163||0.39|9|0.25|6
GME211210P00490000||||||55||||0|0|0|-1.0000|0.0000|-0.1074|0.0016|0.0000||324.60|4|319.65|5
GME211210C00500000|0.33|0.48|0.22|0.26|0.32|56|0.06|0.2308|-6|850|3|341|0.0153|0.0005|0.0005|-0.1841|0.0096||0.33|1|0.30|1
GME211210P00500000||||||56||||0|0|0|-1.0000|0.0000|-0.1096|0.0016|0.0000||334.80|10|329.65|9
GME211210C00510000|0.27|0.43|0.18|0.18|0.28|57|0.10|0.5556|1|2026|8|330|0.0147|0.0005|0.0005|-0.1806|0.0093||0.28|1|0.23|5
GME211210P00510000||||||57||||0|0|0|-1.0000|0.0000|-0.1118|0.0017|0.0000||344.60|2|339.65|7
GME211217C00080000||||94.56|94.56|17|0.00|0.0000|1|2|0|0|0.9132|0.0012|0.0255|-0.6331|0.0558||91.20|5|86.75|18
GME211217P00080000|0.50|0.95|0.50|0.35|0.88|17|0.53|1.5143|1|350|5|126|-0.0928|0.0012|-0.0354|-0.2145|0.1067||1.00|10|0.92|9
GME211217C00085000||||95.85|95.85|16|0.00|0.0000|0|1|0|0|0.8998|0.0014|0.0260|-0.7049|0.0620||86.40|5|81.50|12
GME211217P00085000|0.50|0.97|0.40|0.43|0.96|16|0.53|1.2326|-1|121|1|13|-0.0285|0.0010|-0.0023|-0.1472|0.0223||1.20|79|1.00|24
GME211217C00090000||||137.00|137.00|15|0.00|0.0000|0|4|0|0|0.8959|0.0006|0.0112|-1.7437|0.0638||81.55|6|77.15|22
GME211217P00090000|0.62|1.15|0.62|0.53|1.05|15|0.52|0.9811|2|68|9|30|-0.0256|0.0010|-0.0020|-0.1185|0.0204||1.20|2|1.13|8
GME211217C00100000||||79.69|79.69|14|0.00|0.0000|1|50|0|0|0.9973|0.0003|0.0409|-0.0095|0.0029||71.90|29|67.55|28
GME211217P00100000|0.71|1.44|0.68|0.76|1.44|14|0.68|0.8947|-205|664|1|819|-0.0031|0.0003|-0.0002|-0.0105|0.0032||1.46|12|1.34|20
GME211217C00105000||||66.05|66.05|13|0.00|0.0000|0|1|0|0|0.9947|0.0005|0.0428|-0.0168|0.0052||67.15|23|62.95|12
GME211217P00105000|1.00|1.37|0.85|0.86|1.37|13|0.51|0.5930|51|140|1|8|-0.0055|0.0005|-0.0004|-0.0172|0.0054||1.71|46|1.45|88
GME211217C00110000||||73.25|73.25|12|0.00|0.0000|0|1|0|0|0.9917|0.0007|0.0446|-0.0238|0.0077||62.40|20|58.00|20
GME211217P00110000|0.35|1.81|0.35|1.02|1.79|12|0.77|0.7549|-21|354|4|109|-0.0116|0.0009|-0.0009|-0.0314|0.0107||1.98|26|1.68|72
GME211217C00115000||||112.11|112.11|11|0.00|0.0000|0|2|0|0|0.9866|0.0011|0.0463|-0.0350|0.0117||57.75|24|53.45|17
GME211217P00115000|1.17|1.87|1.15|1.21|1.61|11|0.40|0.3306|14|162|4|33|-0.0168|0.0013|-0.0013|-0.0442|0.0143||2.36|11|1.93|74
GME211217C00120000||||64.15|64.15|10|0.00|0.0000|0|51|0|0|0.8818|0.0035|0.1398|-0.1056|0.1271||53.20|26|48.70|21
GME211217P00120000|1.56|2.57|1.56|1.39|2.57|10|1.18|0.8489|5|158|4|39|-0.0273|0.0020|-0.0020|-0.0657|0.0215||2.81|47|2.50|27
GME211217C00125000||||79.68|79.68|9|0.00|0.0000|0|35|0|0|0.8538|0.0040|0.1384|-0.1238|0.1472||48.80|31|44.25|35
GME211217P00125000|2.35|3.15|1.80|1.88|3.05|9|1.17|0.6223|2|207|1|22|-0.0496|0.0032|-0.0040|-0.1039|0.0361||3.40|52|3.00|37
GME211217C00130000||||55.70|55.70|8|0.00|0.0000|0|10|0|0|0.9393|0.0040|0.0489|-0.1208|0.0411||44.50|34|39.95|40
GME211217P00130000|2.09|4.10|2.05|2.21|4.10|8|1.89|0.8552|11|206|4|130|-0.0670|0.0042|-0.0050|-0.1348|0.0444||4.10|1|3.80|15
GME211217C00135000||||90.47|90.47|7|0.00|0.0000|0|3|0|0|0.9085|0.0055|0.0486|-0.1656|0.0562||40.40|28|36.55|24
GME211217P00135000|3.25|4.80|3.25|2.72|4.80|7|2.08|0.7647|9|149|4|55|-0.0956|0.0055|-0.0072|-0.1744|0.0581||5.15|39|4.50|46
GME211217C00140000|39.35|39.35|34.60|44.07|34.60|6|-9.47|-0.2149|2|148|1|2|0.8733|0.0070|0.0479|-0.2062|0.0710||36.45|51|33.00|26
GME211217P00140000|3.32|6.35|3.32|3.50|6.35|6|2.85|0.8143|264|813|1|101|-0.1402|0.0070|-0.0114|-0.2212|0.0786||6.35|46|5.75|40
GME211217C00145000||||96.94|96.94|5|0.00|0.0000|0|57|0|0|0.8254|0.0086|0.0462|-0.2573|0.0880||32.75|46|29.35|25
GME211217P00145000|5.49|7.45|5.49|4.02|7.45|5|3.43|0.8532|23|234|1|83|-0.1819|0.0085|-0.0140|-0.2737|0.0903||7.80|46|7.05|70
GME211217C00150000|32.04|32.04|27.83|35.91|27.83|4|-8.08|-0.2250|0|71|1|28|0.7707|0.0100|0.0439|-0.3053|0.1036||29.40|57|25.85|29
GME211217P00150000|4.30|9.40|4.15|5.05|8.99|4|3.94|0.7802|223|1842|1|409|-0.2335|0.0099|-0.0181|-0.3162|0.1046||9.45|46|8.75|27
GME211217C00155000|28.00|28.00|24.30|30.10|25.00|3|-5.10|-0.1694|1|12|1|5|0.7127|0.0114|0.0414|-0.3410|0.1165||25.90|70|23.00|50
GME211217P00155000|5.75|10.65|5.75|6.54|10.65|3|4.11|0.6284|0|308|1|185|-0.2945|0.0109|-0.0246|-0.3421|0.1217||11.35|36|9.50|135
GME211217C00160000|26.47|26.47|21.08|29.27|21.92|2|-7.35|-0.2511|-1|96|1|39|0.6496|0.0124|0.0383|-0.3681|0.1266||23.30|60|20.00|45
GME211217P00160000|7.30|13.00|7.30|7.75|13.00|2|5.25|0.6774|390|1040|9|120|-0.3551|0.0117|-0.0300|-0.3695|0.1314||13.55|39|12.70|40
GME211217C00165000|20.00|20.70|18.45|24.60|18.55|1|-6.05|-0.2459|0|82|1|5|0.5830|0.0129|0.0347|-0.3934|0.1334||20.70|52|17.45|48
GME211217P00165000|8.93|15.50|8.93|9.77|15.00|1|5.23|0.5353|3|310|1|31|-0.4173|0.0126|-0.0332|-0.4034|0.1334||16.10|45|15.05|25
GME211217C00170000|19.90|19.90|16.00|23.22|17.15|1|-6.07|-0.2614|0|117|1|55|0.5583|0.0069|0.1043|-0.2146|0.2535||18.00|74|15.70|37
GME211217P00170000|11.88|18.80|11.70|11.75|18.80|1|7.05|0.6000|-17|1066|1|124|-0.4807|0.0127|-0.0388|-0.4169|0.1362||18.70|27|17.60|42
GME211217C00175000|17.40|17.40|13.85|20.50|14.65|2|-5.85|-0.2854|-5|183|1|68|0.4534|0.0130|0.0276|-0.4013|0.1354||16.10|81|13.50|48
GME211217P00175000|13.36|21.02|13.36|14.33|19.50|2|5.17|0.3608|17|720|40|530|-0.5430|0.0127|-0.0443|-0.4138|0.1355||21.65|19|20.05|57
GME211217C00180000|14.00|14.45|11.96|17.98|12.80|3|-5.18|-0.2881|-23|442|1|25|0.3930|0.0126|0.0241|-0.3910|0.1314||13.75|106|11.75|63
GME211217P00180000|15.88|24.08|15.88|17.10|24.08|3|6.98|0.4082|12|1074|1|109|-0.5974|0.0120|-0.0528|-0.3897|0.1366||25.10|44|21.60|88
GME211217C00185000|15.60|15.60|10.40|15.00|11.12|4|-3.88|-0.2587|2|270|1|26|0.3372|0.0119|0.0208|-0.3732|0.1248||12.25|99|10.20|55
GME211217P00185000|22.25|25.30|22.25|19.25|24.81|4|5.56|0.2888|-14|255|1|9|-0.6586|0.0117|-0.0550|-0.3816|0.1254||28.55|45|25.10|85
GME211217C00187500|14.08|14.08|10.53|15.87|10.60|5|-5.27|-0.3321|0|39|2|5|0.5045|0.0050|0.0878|-0.2998|0.2563||10.95|61|9.40|52
GME211217P00187500|26.55|26.55|26.55|19.77|26.55|5|6.78|0.3429|1|116|1|3|-0.6578|0.0105|-0.0563|-0.4293|0.1255||30.55|48|26.80|67
GME211217C00190000|13.45|13.45|8.80|13.83|10.29|6|-3.54|-0.2560|15|254|1|36|0.2870|0.0110|0.0178|-0.3503|0.1164||10.25|69|8.90|80
GME211217P00190000|20.42|31.40|20.42|22.61|30.50|6|7.89|0.3490|-4|446|1|30|-0.7069|0.0109|-0.0600|-0.3618|0.1176||32.35|50|28.80|89
GME211217C00192500|11.38|11.95|8.61|12.50|8.80|7|-3.70|-0.2960|2|30|3|7|0.3573|0.0083|0.0209|-0.5580|0.1275||9.90|102|8.15|72
GME211217P00192500||||24.00|24.00|7|0.00|0.0000|-1|111|0|0|-0.6746|0.0092|-0.0596|-0.4709|0.1231||34.15|42|30.70|56
GME211217C00195000|11.07|11.07|7.75|11.09|7.95|8|-3.14|-0.2831|-1|147|1|62|0.2436|0.0101|0.0152|-0.3257|0.1071||9.00|81|7.85|34
GME211217P00195000|27.94|34.43|27.94|25.45|34.37|8|8.92|0.3505|50|473|1|101|-0.7506|0.0100|-0.0646|-0.3362|0.1085||36.10|42|32.65|78
GME211217C00197500|9.62|9.62|7.50|10.80|8.53|9|-2.27|-0.2102|3|41|1|18|0.3369|0.0077|0.0196|-0.5782|0.1248||8.00|1|7.10|80
GME211217P00197500|32.65|34.08|32.65|27.65|34.08|9|6.43|0.2325|0|93|5|6|-0.5836|0.0059|-0.2082|-0.2413|0.2506||38.20|43|34.65|56
GME211217C00200000|9.90|9.90|6.70|10.05|7.55|10|-2.50|-0.2488|902|2001|1|711|0.2069|0.0090|0.0129|-0.3013|0.0976||8.00|91|6.90|43
GME211217P00200000|32.40|37.00|32.40|29.20|37.00|10|7.80|0.2671|-2|1919|1|12|-0.7863|0.0090|-0.0689|-0.3136|0.0995||40.15|41|36.70|112
GME211217C00202500|7.85|7.85|7.48|9.79|7.48|11|-2.31|-0.2360|18|36|1|5|0.2587|0.0080|0.0156|-0.4347|0.1106||7.65|96|6.35|54
GME211217P00202500|34.54|39.87|34.54|30.45|39.87|11|9.42|0.3094|1|117|2|3|-0.7523|0.0082|-0.0682|-0.4082|0.1081||42.30|44|38.75|60
GME211217C00205000|9.80|9.80|6.20|8.75|6.25|12|-2.50|-0.2857|-4|53|1|26|0.2776|0.0074|0.0164|-0.5083|0.1146||7.25|99|6.00|46
GME211217P00205000|36.55|39.63|36.55|33.98|39.63|12|5.65|0.1663|0|165|1|4|-0.7390|0.0076|-0.0686|-0.4646|0.1111||44.45|18|40.85|60
GME211217C00207500|6.15|6.15|6.15|8.90|6.15|13|-2.75|-0.3090|4|32|1|1|0.4136|0.0050|0.0748|-0.2863|0.2502||6.80|79|5.60|49
GME211217P00207500|41.74|41.74|41.74|21.30|41.74|13|20.44|0.9596|0|181|34|34|-0.9961|0.0009|-0.0850|-0.0043|0.0040||46.40|11|43.00|67
GME211217C00210000|5.92|6.80|5.45|7.50|5.60|14|-1.90|-0.2533|-30|815|4|51|0.1408|0.0071|0.0089|-0.2356|0.0763||5.95|21|5.45|20
GME211217P00210000|45.16|48.15|45.16|36.95|48.10|14|11.15|0.3018|-11|215|5|41|-0.8541|0.0071|-0.0771|-0.2451|0.0782||48.80|33|45.20|72
GME211217C00212500|5.95|6.20|5.65|6.50|5.65|15|-0.85|-0.1308|0|22|1|4|0.1829|0.0069|0.0113|-0.3387|0.0906||5.85|60|5.00|40
GME211217P00212500||||42.25|42.25|15|0.00|0.0000|0|59|0|0|-0.6552|0.0056|-0.2421|-0.2276|0.2366||51.00|13|47.40|47
GME211217C00215000|6.25|6.25|4.40|6.90|5.33|16|-1.57|-0.2275|4|97|1|17|0.1883|0.0066|0.0115|-0.3670|0.0922||5.85|126|4.80|52
GME211217P00215000|49.03|49.03|46.65|42.25|48.24|16|5.99|0.1418|2|101|2|11|-0.5913|0.0046|-0.2399|-0.3106|0.2495||52.95|10|49.60|51
GME211217C00217500|4.80|5.10|4.80|7.20|5.10|17|-2.10|-0.2917|1|39|1|2|0.2018|0.0063|0.0121|-0.4169|0.0962||5.70|136|4.45|61
GME211217P00217500|50.51|54.90|50.50|47.80|54.90|17|7.10|0.1485|0|23|1|35|-0.5837|0.0043|-0.2437|-0.3301|0.2506||55.35|33|51.85|62
GME211217C00220000|5.35|5.49|4.20|6.50|5.05|18|-1.45|-0.2231|1|1903|1|71|0.0950|0.0053|0.0060|-0.1799|0.0578||5.10|48|4.30|76
GME211217P00220000|54.10|55.68|52.62|46.55|55.68|18|9.13|0.1961|1|446|1|24|-0.8981|0.0054|-0.0840|-0.1938|0.0608||58.55|34|54.15|68
GME211217C00222500||||6.60|6.60|19|0.00|0.0000|2|69|0|0|0.1752|0.0059|0.0106|-0.3781|0.0882||5.05|87|4.20|8
GME211217P00222500||||49.15|49.15|19|0.00|0.0000|11|21|0|0|-0.7977|0.0059|-0.0794|-0.4500|0.0963||60.65|21|56.45|29
GME211217C00225000|4.75|5.00|4.20|5.80|5.00|20|-0.80|-0.1379|-7|98|1|21|0.2149|0.0057|0.0126|-0.5030|0.0998||4.80|89|3.90|57
GME211217P00225000||||49.64|49.64|20|0.00|0.0000|-1|30|0|0|-0.8352|0.0056|-0.0825|-0.3632|0.0848||63.05|22|58.75|29
GME211217C00227500||||5.60|5.60|21|0.00|0.0000|0|8|0|0|0.1514|0.0054|0.0092|-0.3408|0.0802||4.25|2|3.75|44
GME211217P00227500||||51.86|51.86|21|0.00|0.0000|0|60|0|0|-0.8320|0.0055|-0.0889|-0.3603|0.0886||65.80|37|61.05|33
GME211217C00230000|6.00|6.00|3.70|5.09|3.90|22|-1.19|-0.2338|11|442|1|46|0.0672|0.0040|0.0043|-0.1425|0.0445||4.25|32|3.70|27
GME211217P00230000||||54.21|54.21|22|0.00|0.0000|1|64|0|0|-0.9217|0.0042|-0.0955|-0.1568|0.0516||67.55|20|63.40|33
GME211217C00232500|4.35|4.35|3.80|4.45|4.04|23|-0.41|-0.0921|0|80|6|9|0.1240|0.0048|0.0076|-0.2887|0.0699||4.25|103|3.45|59
GME211217P00232500||||53.30|53.30|23|0.00|0.0000|0|19|0|0|-0.9185|0.0042|-0.0904|-0.1806|0.0515||70.10|22|65.70|32
GME211217C00235000|4.25|4.25|3.40|5.14|3.69|24|-1.45|-0.2821|0|74|1|4|0.1721|0.0050|0.0102|-0.4339|0.0872||4.10|77|3.30|53
GME211217P00235000||||54.70|54.70|24|0.00|0.0000|0|60|0|0|-0.7632|0.0050|-0.2938|-0.1802|0.1983||72.35|23|68.05|34
GME211217C00240000|3.80|3.80|3.21|4.35|3.64|25|-0.71|-0.1632|48|356|1|55|0.0444|0.0028|0.0028|-0.1034|0.0320||3.60|8|3.20|57
GME211217P00240000||||65.50|65.50|25|0.00|0.0000|0|54|0|0|-0.9504|0.0030|-0.0955|-0.1154|0.0350||77.40|24|72.80|30
GME211217C00245000|3.25|3.40|3.17|3.98|3.30|26|-0.68|-0.1709|143|230|1|5|0.3175|0.0041|0.0576|-0.2902|0.2290||3.50|43|3.00|61
GME211217P00245000||||71.40|71.40|26|0.00|0.0000|-2|47|0|0|-0.8168|0.0045|-0.0901|-0.5168|0.0907||82.40|38|77.55|30
GME211217C00250000|4.20|4.20|2.88|3.70|3.20|27|-0.50|-0.1351|-24|1145|1|120|0.0302|0.0020|0.0019|-0.0766|0.0234||3.25|10|2.91|7
GME211217P00250000|84.85|84.85|84.85|73.53|84.85|27|11.32|0.1540|0|56|1|1|-0.9669|0.0022|-0.1006|-0.0834|0.0252||86.75|20|82.25|43
GME211217C00255000|2.84|3.05|2.84|3.60|2.98|28|-0.62|-0.1722|0|355|1|6|0.1360|0.0039|0.0081|-0.4022|0.0746||3.25|65|2.60|73
GME211217P00255000||||39.75|39.75|28|0.00|0.0000|0|5|0|0|-0.9999|0.0000|-0.1048|0.0006|0.0001||91.70|23|87.05|42
GME211217C00260000|2.55|2.94|2.55|3.40|2.90|29|-0.50|-0.1471|3|519|1|4|0.0202|0.0014|0.0013|-0.0553|0.0167||3.15|77|2.50|60
GME211217P00260000|90.26|90.26|89.25|78.20|89.25|29|11.05|0.1413|0|21|10|11|-0.9776|0.0015|-0.1054|-0.0606|0.0182||96.70|20|91.85|39
GME211217C00270000|2.41|2.45|2.41|2.82|2.45|30|-0.37|-0.1312|34|575|5|6|0.0144|0.0011|0.0009|-0.0424|0.0125||2.82|39|2.31|52
GME211217P00270000||||65.35|65.35|30|0.00|0.0000|0|49|0|0|-0.9802|0.0013|-0.1170|-0.0541|0.0170||106.50|23|101.55|42
GME211217C00280000|2.50|2.50|2.25|2.63|2.25|31|-0.38|-0.1445|-3|2029|2|10|0.1398|0.0033|0.0283|-0.1402|0.1428||2.58|31|2.14|53
GME211217P00280000||||91.00|91.00|31|0.00|0.0000|0|10|0|0|-0.9881|0.0009|-0.1143|-0.0365|0.0106||116.50|19|111.25|34
GME211217C00290000|2.00|2.27|2.00|2.57|2.09|32|-0.48|-0.1868|1|523|1|6|0.1274|0.0031|0.0259|-0.1342|0.1340||2.40|48|2.02|38
GME211217P00290000||||68.50|68.50|32|0.00|0.0000|0|25|0|0|-0.9904|0.0007|-0.1186|-0.0311|0.0088||126.40|18|121.05|12
GME211217C00300000|2.05|2.32|1.84|2.15|2.00|33|-0.15|-0.0698|560|5707|1|199|0.1153|0.0028|0.0234|-0.1270|0.1249||2.22|15|2.00|1
GME211217P00300000|126.50|126.50|126.50|125.00|126.50|33|1.50|0.0120|0|20|1|1|-0.9916|0.0006|-0.1309|-0.0267|0.0081||136.25|19|130.85|19
GME211217C00310000|1.80|1.80|1.80|2.03|1.80|34|-0.23|-0.1133|-2|367|1|1|0.0040|0.0003|0.0003|-0.0147|0.0041||2.07|23|1.77|26
GME211217P00310000||||102.75|102.75|34|0.00|0.0000|0|3|0|0|-0.8878|0.0027|-0.4274|-0.1284|0.1226||145.85|18|140.65|19
GME211217C00320000|1.78|1.87|1.76|1.73|1.76|35|0.03|0.0173|41|448|1|6|0.0030|0.0002|0.0002|-0.0117|0.0032||1.94|20|1.67|11
GME211217P00320000||||96.00|96.00|35|0.00|0.0000|0|17|0|0|-0.9961|0.0003|-0.1313|-0.0138|0.0039||155.85|18|150.55|37
GME211217C00330000|1.74|1.74|1.69|1.75|1.69|36|-0.06|-0.0343|0|213|1|2|0.0887|0.0022|0.0180|-0.1097|0.1032||1.81|10|1.51|53
GME211217P00330000||||159.50|159.50|36|0.00|0.0000|0|3|0|0|-0.9970|0.0002|-0.1354|-0.0108|0.0031||165.65|15|160.40|37
GME211217C00340000|1.51|1.51|1.51|1.60|1.51|37|-0.09|-0.0563|0|232|1|1|0.0019|0.0002|0.0001|-0.0079|0.0021||1.73|16|1.46|35
GME211217P00340000||||126.85|126.85|37|0.00|0.0000|0|7|0|0|-0.9977|0.0002|-0.1396|-0.0084|0.0024||175.65|19|170.30|35
GME211217C00350000|1.50|1.60|1.30|1.40|1.60|38|0.20|0.1429|23|1013|1|39|0.0021|0.0002|0.0001|-0.0087|0.0024||1.63|15|1.39|29
GME211217P00350000||||133.85|133.85|38|0.00|0.0000|0|4|0|0|-0.9981|0.0001|-0.1437|-0.0070|0.0021||185.65|13|180.20|25
GME211217C00360000|1.30|1.43|1.25|1.37|1.43|39|0.06|0.0438|-4|304|1|12|0.0013|0.0001|0.0001|-0.0060|0.0015||1.55|15|1.29|44
GME211217P00360000||||||39|||0|0|0|0|-0.9984|0.0001|-0.1478|-0.0060|0.0018||195.65|21|190.10|27
GME211217C00370000|1.24|1.40|1.24|1.45|1.40|40|-0.05|-0.0345|0|447|3|13|0.0016|0.0001|0.0001|-0.0071|0.0018||1.53|64|1.25|39
GME211217P00370000||||172.65|172.65|40|0.00|0.0000|0|3|0|0|-0.9981|0.0001|-0.1621|-0.0071|0.0021||205.65|29|200.00|37
GME211217C00380000||||1.20|1.20|41|0.00|0.0000|-1|168|0|0|0.0010|0.0001|0.0001|-0.0047|0.0011||1.53|104|1.20|37
GME211217P00380000|208.83|208.83|208.83|165.60|208.83|41|43.23|0.2611|0|17|1|1|-0.9989|0.0001|-0.1561|-0.0041|0.0013||215.65|16|209.95|34
GME211217C00390000|1.18|1.18|1.18|1.18|1.18|42|0.00|0.0000|1|193|1|2|0.0009|0.0001|0.0001|-0.0044|0.0010||1.37|54|1.11|34
GME211217P00390000||||||42|||0|0|0|0|-0.9990|0.0001|-0.1602|-0.0036|0.0012||225.65|8|219.90|13
GME211217C00400000|1.12|1.24|0.90|1.08|1.23|43|0.15|0.1389|19|1185|1|131|0.0007|0.0001|0.0000|-0.0035|0.0008||1.25|9|1.15|1
GME211217P00400000||||198.90|198.90|43|0.00|0.0000|0|3|0|0|-0.9991|0.0001|-0.1643|-0.0033|0.0011||235.65|5|229.85|30
GME211217C00410000|0.90|1.00|0.90|1.00|0.99|44|-0.01|-0.0100|1|205|1|26|0.0006|0.0000|0.0000|-0.0029|0.0007||1.22|18|1.05|10
GME211217P00410000||||190.90|190.90|44|0.00|0.0000|0|3|0|0|-0.9992|0.0001|-0.1684|-0.0027|0.0009||245.65|12|239.80|15
GME211217C00420000|1.00|1.07|1.00|0.95|1.03|45|0.08|0.0842|3|542|1|12|0.0005|0.0000|0.0000|-0.0026|0.0006||1.13|6|1.01|16
GME211217P00420000||||189.85|189.85|45|0.00|0.0000|0|16|0|0|-0.9996|0.0000|-0.1726|-0.0009|0.0005||255.20|14|249.75|33
GME211217C00430000|0.99|0.99|0.97|0.97|0.97|46|0.00|0.0000|0|208|1|11|0.0004|0.0000|0.0000|-0.0023|0.0005||1.13|44|0.95|7
GME211217P00430000||||244.20|244.20|46|0.00|0.0000|0|0|0|0|-0.9463|0.0013|-0.6135|-0.0860|0.0702||265.20|4|259.75|12
GME211217C00440000||||1.15|1.15|47|0.00|0.0000|0|472|0|0|0.0004|0.0000|0.0000|-0.0021|0.0005||1.13|28|0.76|74
GME211217P00440000||||||47|||0|0|0|0|-0.9997|0.0000|-0.1808|-0.0001|0.0004||275.20|12|269.70|12
GME211217C00450000|0.60|0.75|0.60|0.79|0.75|48|-0.04|-0.0506|2|686|2|6|0.0003|0.0000|0.0000|-0.0016|0.0004||1.07|15|0.89|1
GME211217P00450000||||||48|||0|0|0|0|-0.9997|0.0000|-0.1849|0.0000|0.0003||286.20|10|279.70|12
GME211217C00460000|0.74|0.95|0.74|0.76|0.91|49|0.15|0.1974|2|1138|1|28|0.0003|0.0000|0.0000|-0.0017|0.0004||1.00|6|0.80|15
GME211217P00460000||||261.60|261.60|49|0.00|0.0000|0|5|0|0|-0.9530|0.0011|-0.6584|-0.0795|0.0630||295.20|5|289.70|14
GME211217C00470000|0.65|0.66|0.65|0.78|0.66|50|-0.12|-0.1538|1|190|1|3|0.0243|0.0007|0.0014|-0.1491|0.0195||0.99|15|0.67|35
GME211217P00470000||||||50||||0|0|0|-1.0000|0.0000|-0.1931|0.0016|0.0000||305.20|12|299.65|13
GME211217C00480000||||0.60|0.60|51|0.00|0.0000|16|240|0|0|0.0265|0.0008|0.0015|-0.1659|0.0210||0.97|14|0.62|49
GME211217P00480000||||264.21|264.21|51|0.00|0.0000|0|7|0|0|-0.9867|0.0005|-0.1965|-0.0810|0.0117||315.20|3|309.65|24
GME211217C00490000|0.66|0.78|0.52|0.52|0.78|52|0.26|0.5000|8|105|6|12|0.0319|0.0008|0.0018|-0.2037|0.0245||0.96|29|0.59|25
GME211217P00490000||||274.04|274.04|52|0.00|0.0000|0|7|0|0|-0.9822|0.0006|-0.2003|-0.1113|0.0150||325.20|12|319.65|13
GME211217C00500000|0.70|0.80|0.60|0.50|0.75|53|0.25|0.5000|-47|2441|1|10|0.0268|0.0007|0.0016|-0.1739|0.0212||0.89|13|0.75|9
GME211217P00500000||||290.05|290.05|53|0.00|0.0000|0|7|0|0|-0.7818|0.0020|-0.6912|-0.4151|0.1893||335.20|12|329.60|13
GME211217C00510000|0.61|0.80|0.42|0.53|0.80|54|0.27|0.5094|25|1391|3|326|0.0284|0.0008|0.0016|-0.1870|0.0222||0.80|12|0.64|1
GME211217P00510000||||277.97|277.97|54|0.00|0.0000|0|0|0|0|-0.9966|0.0002|-0.2094|-0.0199|0.0035||345.85|12|339.60|12
GME211223C00100000|71.00|71.00|71.00|80.77|71.00|10|-9.77|-0.1210|0|14|1|1|0.9264|0.0020|0.0488|-0.2366|0.0564||72.15|19|68.05|13
GME211223P00100000|1.13|1.89|1.01|0.88|1.82|10|0.94|1.0682|8|124|1|203|-0.0521|0.0017|-0.0059|-0.1547|0.0431||2.04|12|1.53|13
GME211223C00110000||||||9||||0|0|0|1.0000|0.0000|0.0633|-0.0004|0.0000||62.80|25|57.95|20
GME211223P00110000|1.52|2.30|1.43|1.33|2.30|9|0.97|0.7293|9|37|1|20|-0.0628|0.0024|-0.0070|-0.1535|0.0499||2.81|14|2.15|7
GME211223C00120000||||103.35|103.35|8|0.00|0.0000|0|1|0|0|0.8344|0.0010|0.0210|-1.4840|0.1006||53.85|14|49.15|14
GME211223P00120000|2.80|3.20|2.61|1.15|3.20|8|2.05|1.7826|0|25|1|3|-0.1071|0.0035|-0.0128|-0.2213|0.0763||3.75|10|3.00|29
GME211223C00130000||||||7||||0|0|0|1.0000|0.0000|0.0784|-0.0005|0.0000||45.45|8|40.50|17
GME211223P00130000|3.71|4.75|3.64|2.69|4.75|7|2.06|0.7658|70|142|1|8|-0.1178|0.0048|-0.0130|-0.1935|0.0798||5.75|38|4.55|21
GME211223C00140000||||||6||||0|0|0|1.0000|0.0000|0.0805|-0.0005|0.0000||37.70|18|32.75|22
GME211223P00140000|6.50|6.50|6.50|4.40|6.50|6|2.10|0.4773|2|42|1|1|-0.2057|0.0062|-0.0234|-0.3095|0.1151||7.90|15|6.70|13
GME211223C00145000||||||5||||0|0|0|1.0000|0.0000|0.0834|-0.0005|0.0000||34.15|18|29.20|29
GME211223P00145000||||||5||||0|0|0|0.0000|0.0000|0.0000|0.0000|0.0000||9.40|17|8.10|12
GME211223C00150000|28.10|28.10|28.10|55.90|28.10|4|-27.80|-0.4973|0|4|14|17|0.7084|0.0070|0.0545|-0.3803|0.1420||30.85|28|26.10|24
GME211223P00150000|6.60|9.65|6.60|6.07|9.50|4|3.43|0.5651|-6|200|5|130|-0.2850|0.0075|-0.0346|-0.3507|0.1405||11.25|24|9.80|11
GME211223C00155000|29.20|29.20|29.20|57.05|29.20|3|-27.85|-0.4882|0|10|1|1|0.6610|0.0062|0.0469|-0.5132|0.1480||27.95|28|23.95|20
GME211223P00155000|9.85|11.65|9.85|9.30|11.17|3|1.87|0.2011|16|127|17|124|-0.3262|0.0081|-0.0398|-0.3641|0.1492||13.20|15|11.80|12
GME211223C00160000|23.28|23.31|23.00|53.80|23.00|2|-30.80|-0.5725|0|12|1|3|0.6272|0.0075|0.0492|-0.4334|0.1566||25.15|35|20.75|23
GME211223P00160000|11.83|13.48|11.83|9.45|13.48|2|4.03|0.4265|1|62|3|23|-0.3709|0.0084|-0.0437|-0.4046|0.1528||15.30|9|13.90|7
GME211223C00165000|20.45|21.50|20.25|20.45|20.25|1|-0.20|-0.0098|0|0|1|3|0.5882|0.0075|0.0443|-0.4795|0.1573||22.65|28|18.45|18
GME211223P00165000|13.81|17.00|13.81|11.60|17.00|1|5.40|0.4655|0|21|2|20|-0.4158|0.0089|-0.0492|-0.4045|0.1577||18.10|23|17.00|1
GME211223C00170000|18.25|19.95|18.00|25.94|18.50|1|-7.44|-0.2868|0|15|1|18|0.5402|0.0089|0.0425|-0.4218|0.1605||19.20|22|17.25|9
GME211223P00170000|16.83|18.51|16.05|14.35|18.51|1|4.16|0.2899|0|33|6|60|-0.4589|0.0088|-0.0553|-0.4269|0.1605||20.90|15|19.15|9
GME211223C00175000|23.00|23.00|15.75|19.00|15.75|2|-3.25|-0.1711|0|3|4|34|0.5110|0.0078|0.0394|-0.4840|0.1613||18.35|49|14.55|53
GME211223P00175000|16.28|23.20|16.28|15.02|22.50|2|7.48|0.4980|-6|48|2|38|-0.5037|0.0089|-0.0612|-0.4235|0.1613||24.45|34|22.05|26
