symbol|open|high|low|preClose|close|activeLevel|change|changeRatio|openIntChange|openInterest|latestPriceVol|volume|delta|gamma|rho|theta|vega|tradeStamptradeTime|ask|avol|bid|bvol
GME211203C00100000|83.51|83.51|83.51|82.00|83.51|14|1.51|0.0184|0|10|1|1|0.9563|0.0013|0.0050|-1.6505|0.0124||85.75|10|81.95|7
GME211203P00100000|0.08|0.09|0.02|0.08|0.02|14|-0.06|-0.7500|146|513|1|57|-0.0043|0.0003|0.0000|-0.1362|0.0017||0.05|1|0.02|26
GME211203C00110000||||135.99|135.99|13|0.00|0.0000|0|1|0|0|0.9622|0.0001|0.0084|-0.6249|0.0492||75.90|1|71.95|9
GME211203P00110000|0.09|0.25|0.09|0.17|0.09|13|-0.08|-0.4706|15|172|1|15|-0.0070|0.0005|-0.0001|-0.1871|0.0026||0.10|1|0.05|68
GME211203C00120000||||||12||||0|0|0|1.0000|0.0000|0.0066|-0.0004|0.0000||65.85|11|61.95|5
GME211203P00120000|0.29|0.30|0.10|0.25|0.14|12|-0.11|-0.4400|148|381|8|123|-0.0123|0.0009|-0.0001|-0.2779|0.0043||0.25|32|0.10|48
GME211203C00130000||||65.44|65.44|11|0.00|0.0000|0|1|0|0|0.8197|0.0028|0.0047|-6.2212|0.0355||56.10|10|51.80|12
GME211203P00130000|0.16|0.50|0.16|0.40|0.29|11|-0.11|-0.2750|26|976|1|35|-0.0242|0.0018|-0.0003|-0.4547|0.0076||0.20|1|0.14|32
GME211203C00140000||||55.33|55.33|10|0.00|0.0000|0|6|0|0|0.7887|0.0036|0.0049|-5.8658|0.0388||46.10|22|41.75|12
GME211203P00140000|0.69|0.77|0.28|0.50|0.28|10|-0.22|-0.4400|57|1151|10|269|-0.2313|0.0025|-0.0703|-0.4710|0.1820||0.34|1|0.21|17
GME211203C00150000||||44.80|44.80|9|0.00|0.0000|0|6|0|0|0.7568|0.0046|0.0052|-5.2809|0.0420||36.60|22|31.90|13
GME211203P00150000|1.85|1.85|0.42|0.94|0.47|9|-0.47|-0.5000|17|1198|1|649|-0.0527|0.0046|-0.0006|-0.6271|0.0146||0.57|1|0.32|58
GME211203C00155000||||27.75|27.75|8|0.00|0.0000|0|5|0|0|0.9338|0.0062|0.0078|-0.6727|0.0174||31.75|34|26.75|15
GME211203P00155000|0.73|1.61|0.50|1.30|0.59|8|-0.71|-0.5462|34|992|1|102|-0.0817|0.0071|-0.0009|-0.8045|0.0203||0.80|15|0.42|83
GME211203C00160000|20.00|20.00|20.00|28.80|20.00|7|-8.80|-0.3056|0|115|2|15|0.7218|0.0066|0.0054|-4.2442|0.0450||26.85|20|22.05|13
GME211203P00160000|1.00|2.35|0.72|1.85|0.85|7|-1.00|-0.5405|14|440|1|671|-0.3017|0.0041|-0.0817|-0.3791|0.2083||0.80|1|0.61|68
GME211203C00165000||||32.50|32.50|6|0.00|0.0000|-1|31|0|0|0.6834|0.0061|0.0051|-5.1943|0.0481||21.70|33|17.65|12
GME211203P00165000|1.61|3.55|0.94|2.60|1.04|6|-1.56|-0.6000|467|783|1|1048|-0.1589|0.0134|-0.0017|-1.0912|0.0325||1.20|1|1.00|1
GME211203C00170000|11.23|12.00|8.50|13.25|12.00|5|-1.25|-0.0943|10|50|8|46|0.7460|0.0167|0.0066|-1.5394|0.0430||17.20|34|12.65|13
GME211203P00170000|2.31|5.10|1.45|3.72|1.50|5|-2.22|-0.5968|275|934|2|1880|-0.1873|0.0170|-0.0020|-1.0639|0.0364||1.75|1|1.45|1
GME211203C00175000|9.64|10.53|6.00|9.70|10.53|4|0.83|0.0856|29|117|5|43|0.6994|0.0263|0.0065|-1.1538|0.0467||12.80|40|9.55|21
GME211203P00175000|1.95|7.25|1.95|4.95|2.05|4|-2.90|-0.5859|181|483|1|1104|-0.3109|0.0249|-0.0033|-1.2531|0.0474||2.80|1|2.17|1
GME211203C00177500|10.10|10.10|4.70|7.55|8.24|3|0.69|0.0914|4|7|1|54|0.6889|0.0297|0.0065|-1.0509|0.0478||10.85|46|7.75|18
GME211203P00177500|4.40|8.60|2.87|5.85|3.15|3|-2.70|-0.4615|136|199|2|781|-0.3966|0.0059|-0.1022|-0.3247|0.2303||3.45|4|2.67|51
GME211203C00180000|8.54|11.00|3.20|7.10|7.36|2|0.26|0.0366|57|733|31|835|0.5536|0.0286|0.0052|-1.3674|0.0531||8.25|13|6.25|46
GME211203P00180000|5.50|10.10|3.35|6.98|3.90|2|-3.08|-0.4413|493|1768|2|1556|-0.4155|0.0064|-0.1053|-0.3042|0.2330||4.25|1|3.45|17
GME211203C00182500|7.88|8.47|3.11|6.70|6.43|1|-0.27|-0.0403|74|85|1|76|0.4837|0.0276|0.0045|-1.4387|0.0535||6.65|20|5.50|2
GME211203P00182500|5.90|11.00|4.40|8.00|5.00|1|-3.00|-0.3750|98|297|3|155|-0.5103|0.0243|-0.0055|-1.6337|0.0535||5.55|12|4.30|12
GME211203C00185000|4.90|7.95|2.08|4.90|4.65|1|-0.25|-0.0510|313|481|1|947|0.4574|0.0277|0.0043|-1.4225|0.0537||5.10|7|4.20|2
GME211203P00185000|6.43|14.03|5.35|9.80|5.35|1|-4.45|-0.4541|77|588|1|837|-0.5546|0.0207|-0.0060|-1.8892|0.0530||7.35|37|5.35|97
GME211203C00187500|3.85|6.50|1.83|3.95|3.50|2|-0.45|-0.1139|713|730|1|543|0.3581|0.0249|0.0034|-1.3990|0.0501||4.00|23|3.25|15
GME211203P00187500|7.91|15.14|7.00|10.70|9.23|2|-1.47|-0.1374|113|475|1|39|-0.6216|0.0224|-0.0067|-1.6172|0.0510||8.40|19|6.50|46
GME211203C00190000|3.95|5.18|1.50|3.70|2.52|3|-1.18|-0.3189|634|778|2|802|0.2849|0.0243|0.0027|-1.1843|0.0456||2.95|1|2.60|1
GME211203P00190000|11.24|18.00|8.00|12.00|8.87|3|-3.13|-0.2608|-109|833|1|233|-0.4758|0.0063|-0.1242|-0.3213|0.2380||10.00|17|7.75|59
GME211203C00192500|2.95|4.25|1.47|2.96|2.10|4|-0.86|-0.2905|434|502|1|485|0.2276|0.0219|0.0022|-1.0424|0.0405||2.39|25|1.73|1
GME211203P00192500|11.75|16.88|11.63|14.20|15.35|4|1.15|0.0810|-101|273|1|9|-0.6264|0.0153|-0.0071|-2.3383|0.0512||11.90|5|9.50|44
GME211203C00195000|2.37|3.40|1.00|2.40|1.65|5|-0.75|-0.3125|397|597|5|521|0.2229|0.0204|0.0021|-1.0900|0.0404||1.80|3|1.36|12
GME211203P00195000|14.00|21.77|12.00|16.71|13.53|5|-3.18|-0.1903|-61|626|5|163|-0.8063|0.0211|-0.0088|-0.8940|0.0372||13.85|4|11.50|43
GME211203C00197500|2.55|2.85|0.96|2.04|1.20|6|-0.84|-0.4118|386|490|1|445|0.1622|0.0163|0.0015|-0.9253|0.0329||1.34|18|1.06|13
GME211203P00197500|23.22|23.22|20.41|18.95|20.41|6|1.46|0.0770|38|202|8|9|-0.6762|0.0125|-0.0079|-2.5920|0.0482||16.35|12|13.15|37
GME211203C00200000|1.75|2.33|0.81|1.69|0.95|7|-0.74|-0.4379|381|1051|1|2151|0.4749|0.0060|0.0714|-0.3411|0.2379||1.08|3|0.95|3
GME211203P00200000|17.55|26.85|16.00|22.15|17.60|7|-4.55|-0.2054|-71|998|1|218|-0.8176|0.0154|-0.0092|-1.1395|0.0358||18.85|16|15.50|42
GME211203C00202500|2.00|2.00|0.78|1.48|0.78|8|-0.70|-0.4730|35|281|25|459|0.1323|0.0133|0.0013|-0.8601|0.0290||0.85|1|0.71|14
GME211203P00202500|20.05|22.43|20.05|21.91|22.43|8|0.52|0.0237|-27|184|20|22|-0.4520|0.0037|-0.1471|-0.5458|0.2367||21.35|12|17.60|38
GME211203C00205000|1.17|1.68|0.68|1.34|0.68|9|-0.66|-0.4925|206|834|2|584|0.0925|0.0102|0.0009|-0.6725|0.0222||0.79|17|0.63|2
GME211203P00205000|22.06|31.10|22.06|28.45|25.48|9|-2.97|-0.1044|-4|484|10|65|-0.7509|0.0114|-0.0089|-2.1973|0.0429||23.85|12|20.10|30
GME211203C00207500|1.29|1.35|0.61|1.10|0.76|10|-0.34|-0.3091|-5|400|1|48|0.1000|0.0101|0.0010|-0.7624|0.0238||0.73|29|0.54|16
GME211203P00207500|23.40|31.50|23.40|20.90|31.50|10|10.60|0.5072|-2|35|1|3|-0.6830|0.0090|-0.0086|-3.5193|0.0482||26.35|12|22.50|26
GME211203C00210000|1.01|1.24|0.55|1.11|0.64|11|-0.47|-0.4234|79|939|1|625|0.0796|0.0084|0.0008|-0.6490|0.0200||0.65|12|0.51|8
GME211203P00210000|28.16|35.15|27.10|30.40|28.84|11|-1.56|-0.0513|1|385|1|30|-0.8225|0.0102|-0.0099|-1.6521|0.0352||28.75|12|25.00|33
GME211203C00212500|0.95|1.05|0.53|0.92|0.54|12|-0.38|-0.4130|119|297|1|132|0.4544|0.0049|0.0653|-0.4142|0.2368||0.62|27|0.47|6
GME211203P00212500||||34.12|34.12|12|0.00|0.0000|-1|67|0|0|-0.7492|0.0089|-0.0094|-2.8589|0.0430||31.25|12|27.50|27
GME211203C00215000|0.81|1.00|0.49|0.87|0.53|13|-0.34|-0.3908|21|792|1|202|0.0639|0.0067|0.0006|-0.5876|0.0169||0.52|2|0.43|17
GME211203P00215000|31.50|35.35|31.50|34.35|32.97|13|-1.38|-0.0402|-1|226|8|24|-0.7858|0.0087|-0.0098|-2.4399|0.0395||33.75|12|30.00|29
GME211203C00217500|0.70|0.70|0.47|0.71|0.47|14|-0.24|-0.3380|-7|183|1|17|0.0542|0.0055|0.0005|-0.5458|0.0148||0.50|1|0.40|16
GME211203P00217500||||30.09|30.09|14|0.00|0.0000|0|74|0|0|-0.9920|0.0017|-0.0118|-0.0708|0.0030||36.25|12|32.25|26
GME211203C00220000|0.77|0.81|0.40|0.77|0.42|15|-0.35|-0.4545|-11|1378|1|376|0.0523|0.0051|0.0005|-0.5576|0.0144||0.44|1|0.39|76
GME211203P00220000|35.30|44.52|35.30|40.00|38.63|15|-1.37|-0.0343|1|213|1|17|-0.8640|0.0073|-0.0108|-1.6200|0.0293||38.75|16|34.75|30
GME211203C00222500|0.66|0.73|0.45|0.57|0.45|16|-0.12|-0.2105|-15|181|1|19|0.4558|0.0041|0.0623|-0.4884|0.2369||0.46|1|0.37|12
GME211203P00222500|47.10|47.10|45.85|34.99|45.85|16|10.86|0.3104|0|51|2|6|-0.7357|0.0069|-0.0099|-3.8602|0.0443||41.25|12|37.20|26
GME211203C00225000|0.71|0.72|0.41|0.71|0.41|17|-0.30|-0.4225|-80|656|1|108|0.0510|0.0047|0.0005|-0.5849|0.0142||0.44|12|0.35|21
GME211203P00225000||||45.20|45.20|17|0.00|0.0000|-3|125|0|0|-0.8106|0.0070|-0.0106|-2.6030|0.0367||43.75|15|39.70|31
GME211203C00227500|0.50|0.70|0.46|0.77|0.50|18|-0.27|-0.3506|3|97|2|27|0.0477|0.0042|0.0004|-0.5890|0.0133||0.45|38|0.33|21
GME211203P00227500|53.85|53.85|45.47|33.03|45.48|18|12.45|0.3769|0|26|1|5|-0.8980|0.0059|-0.0115|-1.3520|0.0239||46.25|13|41.90|28
GME211203C00230000|0.54|0.63|0.35|0.62|0.35|19|-0.27|-0.4355|192|927|1|180|0.0394|0.0036|0.0004|-0.5040|0.0114||0.37|46|0.35|2
GME211203P00230000|47.50|56.35|46.57|45.00|46.57|19|1.57|0.0349|-3|67|1|7|-0.9001|0.0056|-0.0117|-1.3793|0.0235||48.75|13|44.40|28
GME211203C00232500|0.48|0.48|0.38|0.57|0.38|20|-0.19|-0.3333|-8|93|1|9|0.0424|0.0037|0.0004|-0.5544|0.0122||0.40|13|0.32|5
GME211203P00232500|49.07|49.07|49.07|46.88|49.07|20|2.19|0.0467|-1|34|1|1|-0.9986|0.0003|-0.0127|-0.0158|0.0006||51.25|12|46.90|28
GME211203C00235000|0.33|0.60|0.32|0.54|0.32|21|-0.22|-0.4074|-1|331|1|104|0.0427|0.0035|0.0004|-0.5818|0.0123||0.38|6|0.30|16
GME211203P00235000|51.57|61.30|50.00|54.89|51.58|21|-3.31|-0.0603|-6|371|2|52|-0.9216|0.0047|-0.0122|-1.1446|0.0197||53.75|16|49.40|35
GME211203C00237500|0.42|0.42|0.42|0.52|0.42|22|-0.10|-0.1923|0|115|1|1|0.0430|0.0034|0.0004|-0.6092|0.0124||0.35|1|0.28|16
GME211203P00237500|54.06|63.79|52.54|57.38|54.08|22|-3.30|-0.0575|-6|284|2|41|-0.9231|0.0045|-0.0123|-1.1644|0.0194||56.25|12|51.90|31
GME211203C00240000|0.50|0.60|0.30|0.50|0.30|23|-0.20|-0.4000|1|592|1|206|0.0352|0.0029|0.0003|-0.5149|0.0105||0.33|1|0.28|6
GME211203P00240000|54.95|66.50|54.95|57.50|57.87|23|0.37|0.0064|-1|101|3|9|-0.9117|0.0046|-0.0123|-1.4046|0.0215||58.75|22|54.30|29
GME211203C00245000|0.47|0.47|0.27|0.44|0.27|24|-0.17|-0.3864|-31|414|1|46|0.0254|0.0022|0.0002|-0.3993|0.0080||0.34|8|0.24|20
GME211203P00245000|60.55|60.55|60.55|62.45|60.55|24|-1.90|-0.0304|-1|68|1|1|-0.6134|0.0040|-0.2076|-0.4742|0.2287||63.75|12|59.20|10
GME211203C00250000|0.25|0.45|0.25|0.41|0.25|25|-0.16|-0.3902|-50|3342|1|1483|0.0285|0.0023|0.0003|-0.4694|0.0088||0.28|1|0.25|1
GME211203P00250000|71.49|74.50|67.82|65.43|67.82|25|2.39|0.0365|-9|123|3|6|-0.9128|0.0041|-0.0129|-1.5470|0.0215||68.75|12|64.20|20
GME211203C00260000|0.23|0.34|0.22|0.37|0.22|26|-0.15|-0.4054|10|714|25|147|0.0224|0.0017|0.0002|-0.4128|0.0072||0.26|1|0.22|74
GME211203P00260000||||75.00|75.00|26|0.00|0.0000|-1|6|0|0|-0.9657|0.0023|-0.0139|-0.6388|0.0103||78.75|10|74.20|3
GME211203C00270000|0.22|0.34|0.20|0.26|0.20|27|-0.06|-0.2308|-1|587|1|227|0.0210|0.0015|0.0002|-0.4238|0.0068||0.25|19|0.20|6
GME211203P00270000|85.99|86.50|85.99|90.50|86.50|27|-4.00|-0.0442|4|21|2|4|-0.9781|0.0015|-0.0146|-0.4418|0.0071||88.65|5|84.20|16
GME211203C00280000|0.22|0.30|0.16|0.25|0.17|28|-0.08|-0.3200|-8|572|1|68|0.0134|0.0010|0.0001|-0.2922|0.0046||0.22|1|0.16|7
GME211203P00280000||||95.00|95.00|28|0.00|0.0000|-3|10|0|0|-0.9704|0.0017|-0.0151|-0.6569|0.0091||98.55|6|94.40|16
GME211203C00290000|0.27|0.27|0.12|0.25|0.12|29|-0.13|-0.5200|200|502|1|16|0.0100|0.0008|0.0001|-0.2353|0.0036||0.18|4|0.11|6
GME211203P00290000||||||29||||0|0|0|-1.0000|0.0000|-0.3098|0.0009|0.0000||108.35|9|104.10|1
GME211203C00300000|0.17|0.22|0.09|0.17|0.12|30|-0.05|-0.2941|16|2195|1|272|0.0090|0.0007|0.0001|-0.2236|0.0032||0.13|2|0.11|5
GME211203P00300000||||111.10|111.10|30|0.00|0.0000|-1|2|0|0|-1.0000|0.0000|-0.0164|-0.0003|0.0000||118.30|3|114.20|10
GME211203C00310000|0.11|0.13|0.10|0.20|0.13|31|-0.07|-0.3500|-10|344|1|3|0.0099|0.0007|0.0001|-0.2623|0.0035||0.13|3|0.08|3
GME211203P00310000||||71.90|71.90|31|0.00|0.0000|0|4|0|0|-0.8621|0.0030|-0.3090|-0.2097|0.1316||128.25|3|124.40|12
GME211203C00320000|0.10|0.12|0.08|0.17|0.08|32|-0.09|-0.5294|100|389|1|3|0.0072|0.0005|0.0001|-0.1995|0.0027||0.11|4|0.08|2
GME211203P00320000||||||32||||0|0|0|-1.0000|0.0000|-0.0175|0.0010|0.0000||138.20|4|134.25|10
GME211203C00330000|0.08|0.08|0.07|0.11|0.07|33|-0.04|-0.3636|68|348|1|5|0.0055|0.0004|0.0001|-0.1612|0.0021||0.09|1|0.07|1
GME211203P00330000||||127.27|127.27|33|0.00|0.0000|0|2|0|0|-0.9963|0.0003|-0.0180|-0.1061|0.0015||148.15|5|144.30|12
GME211203C00340000|0.08|0.08|0.07|0.11|0.07|34|-0.04|-0.3636|21|135|1|3|0.0059|0.0004|0.0001|-0.1805|0.0023||0.08|11|0.04|12
GME211203P00340000||||134.20|134.20|34|0.00|0.0000|0|1|0|0|-0.9989|0.0001|-0.0186|-0.0322|0.0005||158.15|4|154.25|10
GME211203C00350000|0.09|0.09|0.05|0.10|0.05|35|-0.05|-0.5000|226|1237|1|26|0.0043|0.0003|0.0000|-0.1352|0.0017||0.06|1|0.04|1
GME211203P00350000||||136.35|136.35|35|0.00|0.0000|0|3|0|0|-1.0000|0.0000|-0.0192|0.0008|0.0000||168.15|10|164.15|12
GME211203C00360000||||0.09|0.09|36|0.00|0.0000|-2|159|0|0|0.0062|0.0004|0.0001|-0.2070|0.0024||0.07|1|0.02|32
GME211203P00360000||||||36||||0|0|0|-1.0000|0.0000|-0.0197|0.0011|0.0000||178.15|10|174.15|12
GME211203C00370000||||0.05|0.05|37|0.00|0.0000|-2|88|0|0|0.0040|0.0003|0.0000|-0.1366|0.0016||0.08|12|0.01|22
GME211203P00370000||||136.05|136.05|37|0.00|0.0000|0|1|0|0|-1.0000|0.0000|-0.0203|0.0011|0.0000||188.10|7|184.20|1
GME211203C00380000|0.06|0.06|0.06|0.10|0.06|38|-0.04|-0.4000|15|101|1|1|0.0046|0.0003|0.0000|-0.1629|0.0018||0.05|6|0.01|19
GME211203P00380000||||170.35|170.35|38|0.00|0.0000|0|0|0|0|-0.9995|0.0000|-0.0208|-0.0160|0.0002||198.10|9|194.20|1
GME211203C00390000|0.02|0.02|0.02|0.09|0.02|39|-0.07|-0.7778|9|91|2|2|0.0017|0.0001|0.0000|-0.0620|0.0007||0.10|13|0.01|200
GME211203P00390000||||||39||||0|0|0|-1.0000|0.0000|-0.0214|0.0012|0.0000||208.10|7|204.20|1
GME211203C00400000|0.04|0.06|0.01|0.07|0.04|40|-0.03|-0.4286|-34|2449|10|44|0.0028|0.0002|0.0000|-0.1073|0.0012||0.06|43|0.03|1
GME211203P00400000||||215.38|215.38|40|0.00|0.0000|-10|0|0|0|-0.9999|0.0000|-0.0219|-0.0016|0.0000||218.10|6|214.30|10
GME211203C00410000|0.05|0.05|0.02|0.05|0.03|41|-0.02|-0.4000|-2|1055|2|37|0.0024|0.0001|0.0000|-0.0926|0.0010||0.07|3|0.03|5
GME211203P00410000||||||41||||0|0|0|-1.0000|0.0000|-0.4380|0.0013|0.0000||228.10|6|224.20|1
GME211203C00420000|0.04|0.04|0.04|0.05|0.04|42|-0.01|-0.2000|7|231|4|4|0.0027|0.0002|0.0000|-0.1084|0.0011||0.06|1|0.01|1
GME211203P00420000||||||42||||0|0|0|-1.0000|0.0000|-0.0230|0.0013|0.0000||238.10|7|234.20|1
GME211203C00430000||||0.03|0.03|43|0.00|0.0000|21|70|0|0|0.0021|0.0001|0.0000|-0.0856|0.0009||0.10|2|0.01|6
GME211203P00430000||||||43||||0|0|0|-1.0000|0.0000|-0.0236|0.0013|0.0000||248.10|2|244.20|1
GME211203C00440000|0.08|0.08|0.08|0.05|0.08|44|0.03|0.6000|1|70|1|1|0.0049|0.0002|0.0000|-0.2098|0.0019||0.17|1|0.00|0
GME211203P00440000||||||44||||0|0|0|-1.0000|0.0000|-0.0241|0.0014|0.0000||258.10|2|254.20|1
GME211203C00450000|0.02|0.02|0.02|0.03|0.02|45|-0.01|-0.3333|5|483|1|1|0.0015|0.0001|0.0000|-0.0653|0.0007||0.11|1|0.01|20
GME211203P00450000||||||45||||0|0|0|-1.0000|0.0000|-0.0247|0.0014|0.0000||268.10|2|264.20|1
GME211203C00460000|0.11|0.11|0.03|0.02|0.05|46|0.03|1.5000|-1|59|1|5|0.0030|0.0002|0.0000|-0.1346|0.0012||0.05|1|0.01|1
GME211203P00460000||||||46||||0|0|0|-1.0000|0.0000|-0.0252|0.0014|0.0000||278.20|2|274.20|1
GME211203C00470000||||0.07|0.07|47|0.00|0.0000|-57|191|0|0|0.0040|0.0002|0.0000|-0.1796|0.0016||0.05|1|0.00|0
GME211203P00470000||||||47||||0|0|0|-1.0000|0.0000|-0.0258|0.0014|0.0000||288.20|2|284.20|1
GME211203C00480000|0.05|0.06|0.05|0.04|0.06|48|0.02|0.5000|1|91|1|2|0.0037|0.0002|0.0000|-0.1693|0.0015||0.10|1|0.00|0
GME211203P00480000||||||48||||0|0|0|-1.0000|0.0000|-0.5128|0.0015|0.0000||298.20|2|294.20|1
GME211203C00490000||||0.06|0.06|49|0.00|0.0000|16|250|0|0|0.0036|0.0002|0.0000|-0.1674|0.0014||0.04|1|0.01|1
GME211203P00490000||||||49||||0|0|0|-1.0000|0.0000|-0.5235|0.0015|0.0000||308.40|10|304.20|1
GME211203C00500000|0.05|0.05|0.01|0.05|0.01|50|-0.04|-0.8000|1|1370|1|19|0.0007|0.0000|0.0000|-0.0346|0.0003||0.05|5|0.01|4
GME211203P00500000||||||50||||0|0|0|-1.0000|0.0000|-0.0274|0.0015|0.0000||318.70|10|314.30|10
GME211203C00510000|0.04|0.04|0.01|0.05|0.02|51|-0.03|-0.6000|217|5698|5|421|0.0013|0.0001|0.0000|-0.0632|0.0006||0.02|49|0.01|20
GME211203P00510000||||||51||||0|0|0|-1.0000|0.0000|-0.0279|0.0016|0.0000||328.40|10|324.20|1
GME211210C00100000||||86.01|86.01|15|0.00|0.0000|0|1|0|0|0.8652|0.0012|0.0684|-0.4297|0.1408||85.55|6|82.65|4
GME211210P00100000|0.57|0.79|0.34|0.57|0.53|15|-0.04|-0.0702|65|210|1|26|-0.0202|0.0008|-0.0010|-0.1588|0.0140||0.60|1|0.38|1
GME211210C00110000||||76.13|76.13|14|0.00|0.0000|0|2|0|0|0.9308|0.0019|0.0234|-0.5203|0.0379||76.10|2|72.75|6
GME211210P00110000|0.85|0.85|0.64|0.71|0.71|14|0.00|0.0000|50|206|1|9|-0.0318|0.0013|-0.0016|-0.2142|0.0204||0.93|25|0.44|149
GME211210C00120000||||76.03|76.03|13|0.00|0.0000|0|1|0|0|0.8375|0.0022|0.0192|-1.5014|0.0700||66.40|2|62.65|5
GME211210P00120000|0.60|1.31|0.60|0.95|1.10|13|0.15|0.1579|2|96|1|174|-0.0459|0.0019|-0.0023|-0.2644|0.0276||1.22|60|0.73|104
GME211210C00130000||||||12||||0|0|0|1.0000|0.0000|0.0321|-0.0004|0.0000||56.90|2|53.65|9
GME211210P00130000|1.30|2.00|1.00|1.50|1.40|12|-0.10|-0.0667|20|431|1|69|-0.0737|0.0031|-0.0037|-0.3537|0.0398||1.55|10|1.23|4
GME211210C00140000||||56.44|56.44|11|0.00|0.0000|0|29|0|0|0.7841|0.0034|0.0216|-1.3838|0.0834||47.50|10|44.40|4
GME211210P00140000|2.30|3.20|1.75|2.49|2.23|11|-0.26|-0.1044|47|299|1|241|-0.0974|0.0042|-0.0049|-0.3947|0.0494||2.33|10|1.98|5
GME211210C00145000||||||10|||||0|0|1.0000|0.0000|0.0358|-0.0005|0.0000||43.05|1|39.65|20
GME211210P00145000|2.60|3.60|2.60|2.60|2.77|10|0.17|0.0654|||1|6|-0.1379|0.0053|-0.0070|-0.5086|0.0627||3.10|14|2.46|25
GME211210C00150000|37.50|37.50|37.50|47.05|37.50|9|-9.55|-0.2030|0|19|1|1|0.7436|0.0041|0.0217|-1.4057|0.0917||38.70|33|35.85|4
GME211210P00150000|3.00|5.00|2.81|3.70|3.35|9|-0.35|-0.0946|51|220|8|390|-0.1630|0.0063|-0.0082|-0.5388|0.0701||3.55|15|3.15|8
GME211210C00155000||||58.70|58.70|8|0.00|0.0000|0|45|0|0|0.7190|0.0028|0.0180|-2.2321|0.0968||34.55|16|31.70|6
GME211210P00155000|4.95|6.40|4.40|4.95|4.50|8|-0.45|-0.0909|94|195|13|40|-0.1828|0.0075|-0.0091|-0.5183|0.0754||4.35|1|3.95|58
GME211210C00160000||||29.75|29.75|7|0.00|0.0000|0|204|0|0|0.7499|0.0079|0.0266|-0.7125|0.0905||30.40|33|27.80|14
GME211210P00160000|5.00|8.20|5.00|6.00|5.36|7|-0.64|-0.1067|153|386|1|190|-0.2278|0.0079|-0.0117|-0.6393|0.0867||5.50|5|5.05|61
GME211210C00165000|21.75|21.75|21.75|23.22|21.75|6|-1.47|-0.0633|2|2|1|1|0.7894|0.0113|0.0304|-0.4116|0.0829||26.65|32|24.15|12
GME211210P00165000|7.65|10.05|6.48|7.75|6.93|6|-0.82|-0.1058|18|320|1|58|-0.3252|0.0044|-0.1039|-0.3233|0.2336||7.45|33|6.40|25
GME211210C00170000|24.00|24.00|17.52|20.07|21.00|5|0.93|0.0463|11|16|2|17|0.6495|0.0048|0.1035|-0.3138|0.2405||23.25|34|20.80|18
GME211210P00170000|8.54|12.29|7.15|8.90|8.30|5|-0.60|-0.0674|-2|360|10|160|-0.3200|0.0099|-0.0165|-0.7144|0.1027||8.50|1|7.95|21
GME211210C00175000|19.14|19.20|13.80|18.40|19.20|4|0.80|0.0435|7|25|4|37|0.6086|0.0103|0.0228|-0.7979|0.1094||20.15|34|17.80|22
GME211210P00175000|9.55|15.25|9.50|11.66|10.65|4|-1.01|-0.0866|117|418|5|203|-0.3915|0.0102|-0.0204|-0.7997|0.1094||10.70|13|9.90|24
GME211210C00177500|16.27|16.27|16.26|16.27|16.26|3|-0.01|-0.0006|||1|2|0.6006|0.0115|0.0231|-0.7218|0.1109||18.75|24|16.45|15
GME211210P00177500|11.31|16.03|11.00|11.31|11.00|3|-0.31|-0.0274|||1|18|-0.3845|0.0046|-0.1264|-0.3473|0.2480||11.85|1|10.90|41
GME211210C00180000|14.20|18.25|11.72|14.75|16.00|2|1.25|0.0847|58|79|1|261|0.5713|0.0108|0.0219|-0.7932|0.1127||17.45|40|15.15|46
GME211210P00180000|13.00|17.50|11.63|14.30|12.65|2|-1.65|-0.1154|117|606|1|206|-0.4290|0.0114|-0.0224|-0.7540|0.1128||12.95|3|12.00|33
GME211210C00182500|15.85|15.85|10.82|15.85|15.05|1|-0.80|-0.0505|||1|38|0.5245|0.0116|0.0202|-0.7626|0.1134||15.50|1|14.10|12
GME211210P00182500|14.38|19.00|14.38|14.38|15.26|1|0.88|0.0612|||3|14|-0.4834|0.0135|-0.0247|-0.6514|0.1135||14.40|10|13.20|10
GME211210C00185000|15.95|15.95|9.20|12.60|13.64|1|1.04|0.0825|53|108|1|53|0.5807|0.0047|0.0931|-0.3563|0.2536||14.30|6|13.10|8
GME211210P00185000|14.53|20.50|14.50|17.01|18.00|1|0.99|0.0582|61|358|1|38|-0.4880|0.0095|-0.0265|-0.9330|0.1135||15.35|2|14.15|61
GME211210C00187500|15.35|15.35|9.15|11.00|12.20|2|1.20|0.1091|9|19|1|22|0.5646|0.0049|0.0923|-0.3444|0.2555||13.80|57|11.70|18
GME211210P00187500|16.10|18.80|16.10|15.45|17.90|2|2.45|0.1586|45|127|1|3|-0.5208|0.0104|-0.0279|-0.8493|0.1134||17.65|29|15.35|49
GME211210C00190000|12.50|13.20|8.50|10.75|12.00|3|1.25|0.1163|10|96|1|122|0.4583|0.0111|0.0179|-0.7877|0.1138||12.55|46|10.85|5
GME211210P00190000|20.96|23.00|17.84|21.52|17.85|3|-3.67|-0.1705|50|428|1|12|-0.5465|0.0104|-0.0294|-0.8389|0.1128||18.90|12|16.80|64
GME211210C00192500|11.15|11.65|7.78|9.50|11.24|4|1.74|0.1832|33|65|1|20|0.5454|0.0048|0.0889|-0.3583|0.2572||11.40|31|10.05|4
GME211210P00192500|18.46|21.38|18.46|22.09|20.00|4|-2.09|-0.0946|14|86|2|24|-0.5623|0.0108|-0.0303|-0.7985|0.1132||20.75|17|18.75|14
GME211210C00195000|10.22|11.43|7.00|9.70|9.61|5|-0.09|-0.0093|76|134|31|189|0.4086|0.0107|0.0160|-0.7827|0.1114||10.60|43|8.95|47
GME211210P00195000|20.40|23.13|20.40|22.97|21.21|5|-1.76|-0.0766|41|190|1|30|-0.5865|0.0097|-0.0322|-0.8662|0.1109||21.80|3|20.55|1
GME211210C00197500|8.80|9.30|8.18|9.50|9.10|6|-0.40|-0.0421|10|46|5|18|0.3896|0.0104|0.0153|-0.7859|0.1102||9.75|29|8.35|12
GME211210P00197500||||19.25|19.25|6|0.00|0.0000|27|104|0|0|-0.6798|0.0137|-0.0355|-0.5179|0.1027||24.10|14|21.70|38
GME211210C00200000|8.80|10.00|6.00|7.80|8.62|7|0.82|0.1051|82|634|1|240|0.3643|0.0103|0.0144|-0.7635|0.1079||8.35|1|7.85|1
GME211210P00200000|25.18|31.28|24.10|27.05|24.10|7|-2.95|-0.1091|-20|659|1|24|-0.4767|0.0045|-0.1677|-0.3843|0.2585||25.55|10|23.45|58
GME211210C00202500|8.75|8.75|6.10|7.25|8.00|8|0.75|0.1034|3|67|1|22|0.3448|0.0099|0.0137|-0.7609|0.1058||8.30|27|7.00|49
GME211210P00202500|27.95|27.95|27.95|26.32|27.95|8|1.63|0.0619|15|48|1|1|-0.6407|0.0094|-0.0359|-0.8270|0.1073||27.40|13|25.15|39
GME211210C00205000|7.30|7.44|5.28|6.79|6.99|9|0.20|0.0295|26|159|1|38|0.3316|0.0094|0.0131|-0.7779|0.1042||7.20|4|6.50|10
GME211210P00205000|27.42|32.21|26.88|31.25|29.88|9|-1.37|-0.0438|2|177|1|6|-0.6726|0.0090|-0.0378|-0.7999|0.1028||29.20|4|27.00|49
GME211210C00207500|5.55|7.35|5.10|5.55|6.84|10|1.29|0.2324|4|68|1|13|0.3091|0.0091|0.0122|-0.7562|0.1010||6.95|3|5.90|52
GME211210P00207500|29.52|32.00|29.52|28.58|32.00|10|3.42|0.1197|-5|18|1|2|-0.8776|0.0101|-0.0460|-0.2254|0.0577||31.35|10|28.95|36
GME211210C00210000|7.00|7.00|4.50|5.82|6.30|11|0.48|0.0825|10|309|1|50|0.2800|0.0087|0.0110|-0.7222|0.0958||6.45|10|5.50|49
GME211210P00210000|34.85|38.38|34.47|36.62|34.47|11|-2.15|-0.0587|-4|105|1|18|-0.6952|0.0083|-0.0400|-0.8245|0.0997||33.75|10|30.90|36
GME211210C00212500|6.00|6.00|4.40|5.55|5.75|12|0.20|0.0360|54|83|20|27|0.2733|0.0086|0.0109|-0.7173|0.0955||6.20|16|5.05|23
GME211210P00212500|33.64|33.64|33.64|32.63|33.64|12|1.01|0.0310|-1|38|1|1|-0.5526|0.0050|-0.1911|-0.3389|0.2567||35.80|10|32.90|36
GME211210C00215000|3.95|5.75|3.95|5.09|5.50|13|0.41|0.0806|6|165|4|31|0.2489|0.0081|0.0098|-0.6918|0.0903||5.70|23|4.70|3
GME211210P00215000|42.73|42.73|37.79|40.77|37.79|13|-2.98|-0.0731|-4|34|1|2|-0.7386|0.0079|-0.0428|-0.7412|0.0926||37.95|10|34.95|36
GME211210C00217500|5.45|5.45|4.28|5.55|4.50|14|-1.05|-0.1892|3|30|1|4|0.2299|0.0080|0.0092|-0.6387|0.0870||5.45|37|4.25|33
GME211210P00217500||||28.08|28.08|14|0.00|0.0000|0|25|0|0|-0.9061|0.0070|-0.0497|-0.2212|0.0477||40.10|10|37.05|36
GME211210C00220000|5.00|5.35|3.57|4.80|4.80|15|0.00|0.0000|47|401|1|203|0.2262|0.0076|0.0091|-0.6575|0.0864||4.80|18|4.05|4
GME211210P00220000|39.30|42.63|39.30|42.99|42.22|15|-0.77|-0.0179|0|155|1|3|-0.7513|0.0074|-0.0444|-0.7519|0.0909||42.25|12|39.20|35
GME211210C00222500|4.55|4.55|3.50|4.14|4.13|16|-0.01|-0.0024|5|63|1|31|0.2116|0.0073|0.0085|-0.6345|0.0831||4.65|24|3.75|13
GME211210P00222500||||33.35|33.35|16|0.00|0.0000|0|45|0|0|-0.8893|0.0068|-0.0502|-0.2890|0.0542||44.45|14|41.40|30
GME211210C00225000|4.28|4.60|3.20|4.05|4.20|17|0.15|0.0370|16|334|1|27|0.2065|0.0070|0.0082|-0.6494|0.0818||4.20|26|3.50|13
GME211210P00225000|47.35|47.35|47.35|47.49|47.35|17|-0.14|-0.0029|2|461|1|1|-0.7585|0.0068|-0.0460|-0.7975|0.0894||46.70|16|43.60|44
GME211210C00227500|4.25|4.25|3.22|3.65|3.35|18|-0.30|-0.0822|2|23|1|5|0.1708|0.0065|0.0068|-0.5480|0.0723||4.20|45|3.30|16
GME211210P00227500||||34.06|34.06|18|0.00|0.0000|0|35|0|0|-0.8173|0.0067|-0.2491|-0.1129|0.1719||49.00|10|45.75|34
GME211210C00230000|4.00|4.05|2.55|3.55|3.41|19|-0.14|-0.0394|9|393|2|28|0.1709|0.0063|0.0068|-0.5723|0.0723||3.80|1|3.20|1
GME211210P00230000||||41.51|41.51|19|0.00|0.0000|-1|38|0|0|-0.8765|0.0061|-0.0516|-0.3799|0.0586||51.30|10|48.10|37
GME211210C00232500|3.60|3.90|3.05|3.00|3.35|20|0.35|0.1167|-19|30|1|5|0.1639|0.0060|0.0065|-0.5666|0.0704||3.85|69|3.00|23
GME211210P00232500||||49.93|49.93|20|0.00|0.0000|1|11|0|0|-0.9023|0.0054|-0.0533|-0.3037|0.0495||53.60|10|50.30|20
GME211210C00235000|3.40|3.55|2.49|3.15|3.15|21|0.00|0.0000|-30|902|1|36|0.1643|0.0059|0.0066|-0.5774|0.0711||3.45|17|2.86|14
GME211210P00235000|57.29|57.29|57.29|45.86|57.29|21|11.43|0.2492|0|36|1|1|-0.7829|0.0058|-0.0496|-0.8313|0.0837||55.95|17|52.60|33
GME211210C00237500|2.69|2.69|2.69|2.90|2.69|22|-0.21|-0.0724|0|18|1|3|0.1468|0.0056|0.0059|-0.5254|0.0660||3.30|22|2.63|26
GME211210P00237500||||48.03|48.03|22|0.00|0.0000|1|25|0|0|-0.9051|0.0050|-0.0546|-0.3184|0.0485||58.25|10|54.90|33
GME211210C00240000|2.82|3.60|2.48|2.84|2.87|23|0.03|0.0106|20|330|1|81|0.1492|0.0054|0.0060|-0.5565|0.0666||3.05|14|2.52|10
GME211210P00240000|58.15|58.15|58.15|45.67|58.15|23|12.48|0.2733|0|33|1|1|-0.8897|0.0049|-0.0547|-0.3993|0.0537||60.60|8|57.20|20
GME211210C00245000|3.23|3.23|2.20|2.56|2.59|24|0.03|0.0117|4|172|1|9|0.1341|0.0049|0.0054|-0.5254|0.0620||2.90|59|2.25|22
GME211210P00245000||||50.19|50.19|24|0.00|0.0000|0|23|0|0|-0.9858|0.0015|-0.0598|-0.0478|0.0103||65.35|10|61.90|1
GME211210C00250000|3.15|3.20|1.90|2.35|2.14|25|-0.21|-0.0894|-1|2190|4|213|0.1140|0.0044|0.0046|-0.4704|0.0549||2.43|14|2.10|10
GME211210P00250000||||60.35|60.35|25|0.00|0.0000|1|15|0|0|-0.9139|0.0040|-0.0581|-0.3382|0.0451||70.15|10|66.60|20
GME211210C00255000|2.37|2.37|1.80|2.20|2.11|26|-0.09|-0.0409|12|65|1|17|0.1061|0.0041|0.0042|-0.4589|0.0522||2.23|11|1.92|2
GME211210P00255000||||40.40|40.40|26|0.00|0.0000|0|5|0|0|-0.9985|0.0002|-0.0628|-0.0046|0.0014||75.00|10|71.40|20
GME211210C00260000|3.10|3.10|1.65|2.20|1.89|27|-0.31|-0.1409|-16|936|15|78|0.1016|0.0039|0.0041|-0.4544|0.0510||2.04|16|1.79|10
GME211210P00260000||||69.85|69.85|27|0.00|0.0000|1|22|0|0|-0.9292|0.0033|-0.0612|-0.3062|0.0388||79.85|10|76.25|20
GME211210C00270000|2.00|2.02|1.48|1.82|1.66|28|-0.16|-0.0879|16|220|1|14|0.0887|0.0033|0.0036|-0.4293|0.0461||1.76|9|1.52|2
GME211210P00270000||||75.18|75.18|28|0.00|0.0000|0|14|0|0|-0.9362|0.0028|-0.0640|-0.3041|0.0356||89.80|4|86.05|22
GME211210C00280000|1.83|1.83|1.19|1.50|1.45|29|-0.05|-0.0333|22|226|3|33|0.3510|0.0033|0.0560|-0.4545|0.2406||1.53|6|1.31|4
GME211210P00280000||||84.53|84.53|29|0.00|0.0000|0|1|0|0|-0.9449|0.0025|-0.0668|-0.2792|0.0320||99.65|12|95.85|21
GME211210C00290000|1.45|1.47|1.22|1.49|1.25|30|-0.24|-0.1611|9|150|1|15|0.0656|0.0025|0.0026|-0.3627|0.0367||1.37|7|1.15|12
GME211210P00290000||||82.25|82.25|30|0.00|0.0000|0|7|0|0|-0.9956|0.0004|-0.0713|-0.0218|0.0037||109.40|3|105.50|1
GME211210C00300000|1.28|1.36|1.05|1.24|1.16|31|-0.08|-0.0645|-171|876|10|229|0.0593|0.0022|0.0024|-0.3478|0.0339||1.18|11|1.05|10
GME211210P00300000||||76.00|76.00|31|0.00|0.0000|0|14|0|0|-0.9991|0.0001|-0.0739|-0.0038|0.0009||119.25|3|115.35|1
GME211210C00310000|1.10|1.10|0.95|1.06|0.96|32|-0.10|-0.0943|3|156|3|116|0.0550|0.0020|0.0022|-0.3413|0.0319||1.10|7|0.95|10
GME211210P00310000||||83.61|83.61|32|0.00|0.0000|0|4|0|0|-0.8814|0.0028|-0.3677|-0.1505|0.1287||129.15|4|125.25|15
GME211210C00320000|1.00|1.00|0.93|0.99|0.93|33|-0.06|-0.0606|11|274|1|5|0.0485|0.0018|0.0019|-0.3159|0.0289||1.05|34|0.81|16
GME211210P00320000||||89.47|89.47|33|0.00|0.0000|0|3|0|0|-0.9999|0.0000|-0.0789|0.0003|0.0001||139.15|4|135.15|10
GME211210C00330000|0.89|0.92|0.89|1.05|0.92|34|-0.13|-0.1238|26|263|9|23|0.0438|0.0016|0.0017|-0.2993|0.0264||1.00|40|0.70|31
GME211210P00330000||||||34||||0|0|0|-1.0000|0.0000|-0.0814|0.0011|0.0000||149.10|2|145.05|1
GME211210C00340000|0.80|0.84|0.75|0.87|0.79|35|-0.08|-0.0920|2|88|1|12|0.0384|0.0014|0.0015|-0.2732|0.0237||0.83|12|0.75|3
GME211210P00340000||||||35||||0|0|0|-1.0000|0.0000|-0.0838|0.0011|0.0000||159.00|10|155.00|10
GME211210C00350000|1.05|1.05|0.68|0.76|0.71|36|-0.05|-0.0658|-501|388|1|48|0.0362|0.0013|0.0014|-0.2671|0.0228||0.72|16|0.70|1
GME211210P00350000||||||36||||0|0|0|-1.0000|0.0000|-0.0863|0.0011|0.0000||168.95|1|164.95|1
GME211210C00360000|0.62|0.68|0.62|0.63|0.68|37|0.05|0.0794|5|87|1|4|0.0338|0.0012|0.0013|-0.2585|0.0215||0.67|4|0.54|16
GME211210P00360000||||||37||||0|0|0|-1.0000|0.0000|-0.0888|0.0012|0.0000||178.85|12|174.90|1
GME211210C00370000||||0.75|0.75|38|0.00|0.0000|-3|21|0|0|0.0339|0.0012|0.0013|-0.2696|0.0214||0.67|14|0.46|51
GME211210P00370000||||||38||||0|0|0|-1.0000|0.0000|-0.0912|0.0012|0.0000||188.80|4|184.85|2
GME211210C00380000|0.62|0.62|0.62|0.52|0.62|39|0.10|0.1923|6|51|3|3|0.0298|0.0010|0.0012|-0.2438|0.0194||0.62|20|0.46|24
GME211210P00380000||||||39||||0|0|0|-1.0000|0.0000|-0.0937|0.0012|0.0000||198.75|2|194.85|1
GME211210C00390000|0.55|0.55|0.55|0.59|0.55|40|-0.04|-0.0678|3|47|2|4|0.0257|0.0009|0.0010|-0.2165|0.0170||0.56|11|0.43|24
GME211210P00390000||||||40||||0|0|0|-1.0000|0.0000|-0.0962|0.0013|0.0000||208.70|12|204.80|1
GME211210C00400000|0.72|0.72|0.45|0.57|0.48|41|-0.09|-0.1579|-207|426|1|42|0.0226|0.0008|0.0009|-0.1964|0.0153||0.48|7|0.42|6
GME211210P00400000||||||41||||0|0|0|-1.0000|0.0000|-0.5040|0.0013|0.0000||218.65|2|214.80|1
GME211210C00410000|0.49|0.49|0.49|0.38|0.49|42|0.11|0.2895|6|52|1|1|0.0236|0.0008|0.0009|-0.2104|0.0160||0.51|14|0.39|6
GME211210P00410000||||||42||||0|0|0|-1.0000|0.0000|-0.1011|0.0013|0.0000||228.65|4|224.75|10
GME211210C00420000|0.50|0.55|0.45|0.42|0.45|43|0.03|0.0714|11|169|1|5|0.0217|0.0008|0.0009|-0.1984|0.0149||0.50|14|0.36|7
GME211210P00420000||||||43||||0|0|0|-1.0000|0.0000|-0.1036|0.0014|0.0000||238.60|10|234.65|2
GME211210C00430000|0.34|0.40|0.31|0.38|0.40|44|0.02|0.0526|17|42|1|302|0.2855|0.0022|0.0417|-0.5798|0.2205||0.43|1|0.33|4
GME211210P00430000||||||44||||0|0|0|-1.0000|0.0000|-0.1060|0.0014|0.0000||248.85|1|244.70|20
GME211210C00440000|0.52|0.52|0.32|0.30|0.39|45|0.09|0.3000|0|33|1|34|0.0189|0.0007|0.0007|-0.1815|0.0133||0.43|2|0.36|4
GME211210P00440000||||||45||||0|0|0|-1.0000|0.0000|-0.1085|0.0014|0.0000||258.55|20|254.60|2
GME211210C00450000|0.24|0.37|0.23|0.31|0.37|46|0.06|0.1935|6|98|1|214|0.0162|0.0006|0.0006|-0.1588|0.0115||0.43|15|0.27|2
GME211210P00450000||||||46||||0|0|0|-1.0000|0.0000|-0.1110|0.0015|0.0000||268.50|10|264.60|2
GME211210C00460000||||0.27|0.27|47|0.00|0.0000|1|18|0|0|0.0130|0.0005|0.0005|-0.1296|0.0095||0.43|15|0.30|3
GME211210P00460000||||||47||||0|0|0|-1.0000|0.0000|-0.1134|0.0015|0.0000||278.45|10|274.60|2
GME211210C00470000|0.34|0.34|0.34|0.28|0.34|48|0.06|0.2143|3|15|1|1|0.0154|0.0005|0.0006|-0.1570|0.0110||0.43|32|0.20|1
GME211210P00470000||||||48||||0|0|0|-1.0000|0.0000|-0.5922|0.0015|0.0000||288.75|1|284.65|20
GME211210C00480000|0.40|0.40|0.40|0.25|0.40|49|0.15|0.6000|7|32|1|1|0.0172|0.0006|0.0007|-0.1795|0.0121||0.36|10|0.20|1
GME211210P00480000||||||49||||0|0|0|-1.0000|0.0000|-0.1184|0.0016|0.0000||298.70|1|294.65|20
GME211210C00490000|0.30|0.35|0.24|0.40|0.24|50|-0.16|-0.4000|4|91|2|16|0.0121|0.0004|0.0005|-0.1280|0.0089||0.33|11|0.20|1
GME211210P00490000||||||50||||0|0|0|-1.0000|0.0000|-0.1208|0.0016|0.0000||308.70|1|304.65|20
GME211210C00500000|0.38|0.38|0.19|0.38|0.26|51|-0.12|-0.3158|-12|856|2|35|0.0126|0.0004|0.0005|-0.1364|0.0093||0.26|8|0.24|1
GME211210P00500000||||||51||||0|0|0|-1.0000|0.0000|-0.1233|0.0016|0.0000||318.65|1|314.65|10
GME211210C00510000|0.55|0.55|0.11|0.37|0.26|52|-0.11|-0.2973|139|2025|1|214|0.0125|0.0004|0.0005|-0.1371|0.0092||0.26|13|0.25|2
GME211210P00510000||||||52||||0|0|0|-1.0000|0.0000|-0.6426|0.0017|0.0000||328.65|1|324.60|10
GME211217C00080000|94.56|94.56|94.56|110.26|94.56|20|-15.70|-0.1424|0|1|1|1|0.9080|0.0009|0.0224|-0.9086|0.0627||105.70|10|102.50|4
GME211217P00080000|0.47|0.47|0.32|0.30|0.35|20|0.05|0.1667|26|349|3|8|-0.0111|0.0004|-0.0010|-0.0660|0.0112||0.50|21|0.13|124
GME211217C00085000||||95.85|95.85|19|0.00|0.0000|0|1|0|0|0.9499|0.0010|0.0321|-0.3249|0.0392||100.75|10|97.50|2
GME211217P00085000|0.45|0.45|0.42|0.35|0.42|19|0.07|0.2000|1|122|1|3|-0.0139|0.0005|-0.0013|-0.0768|0.0135||0.45|1|0.32|23
GME211217C00090000||||137.00|137.00|18|0.00|0.0000|0|4|0|0|0.8999|0.0005|0.0123|-1.7623|0.0667||95.85|10|92.65|3
GME211217P00090000|0.49|0.51|0.49|0.46|0.51|18|0.05|0.1087|0|66|1|3|-0.0179|0.0007|-0.0016|-0.0910|0.0167||0.71|34|0.35|126
GME211217C00100000||||114.96|114.96|17|0.00|0.0000|0|49|0|0|0.9990|0.0001|0.0438|-0.0041|0.0012||86.05|10|82.80|5
GME211217P00100000|0.80|0.81|0.50|0.78|0.69|17|-0.09|-0.1154|126|869|10|274|-0.0013|0.0001|-0.0001|-0.0050|0.0016||0.86|35|0.59|26
GME211217C00105000||||66.05|66.05|16|0.00|0.0000|0|1|0|0|0.9978|0.0002|0.0458|-0.0081|0.0026||81.15|10|77.90|4
GME211217P00105000|0.87|0.95|0.87|0.78|0.94|16|0.16|0.2051|-2|89|1|54|-0.0020|0.0002|-0.0002|-0.0073|0.0025||1.10|71|0.73|29
GME211217C00110000||||73.25|73.25|15|0.00|0.0000|0|1|0|0|0.9970|0.0003|0.0480|-0.0104|0.0035||76.40|2|73.10|5
GME211217P00110000|0.89|1.40|0.89|0.82|1.10|15|0.28|0.3415|2|375|50|57|-0.0041|0.0003|-0.0003|-0.0136|0.0046||1.18|51|0.87|93
GME211217C00115000||||112.11|112.11|14|0.00|0.0000|0|2|0|0|0.9945|0.0005|0.0499|-0.0169|0.0060||71.50|10|67.85|2
GME211217P00115000|1.34|1.45|1.34|0.68|1.45|14|0.77|1.1324|0|148|5|17|-0.0074|0.0006|-0.0006|-0.0225|0.0077||1.41|60|1.04|92
GME211217C00120000||||64.15|64.15|13|0.00|0.0000|24|51|0|0|0.9915|0.0007|0.0519|-0.0248|0.0089||66.75|10|63.60|5
GME211217P00120000|1.37|1.43|1.37|1.34|1.43|13|0.09|0.0672|17|153|7|9|-0.0112|0.0008|-0.0010|-0.0323|0.0113||1.78|77|1.27|80
GME211217C00125000||||79.68|79.68|12|0.00|0.0000|0|35|0|0|0.9018|0.0028|0.1506|-0.1015|0.1206||62.05|10|58.95|4
GME211217P00125000|1.55|1.88|1.55|1.56|1.88|12|0.32|0.2051|-4|205|3|6|-0.0213|0.0015|-0.0018|-0.0557|0.0194||2.02|57|1.53|68
GME211217C00130000||||55.70|55.70|11|0.00|0.0000|0|10|0|0|0.8822|0.0032|0.1515|-0.1143|0.1375||57.45|10|54.35|4
GME211217P00130000|1.86|2.65|1.80|2.20|2.10|11|-0.10|-0.0455|9|195|1|32|-0.0298|0.0019|-0.0026|-0.0738|0.0259||2.32|14|1.90|65
GME211217C00135000||||90.47|90.47|10|0.00|0.0000|0|3|0|0|0.9588|0.0026|0.0556|-0.0937|0.0338||52.90|10|49.45|12
GME211217P00135000|2.62|2.62|2.62|2.75|2.62|10|-0.13|-0.0473|0|140|1|1|-0.0487|0.0030|-0.0042|-0.1081|0.0384||3.05|64|2.34|60
GME211217C00140000|40.15|40.15|40.15|47.75|40.15|9|-7.60|-0.1592|1|146|1|1|0.8343|0.0041|0.1502|-0.1426|0.1734||48.50|20|45.50|9
GME211217P00140000|3.26|4.39|3.00|3.21|3.18|9|-0.03|-0.0093|11|549|7|314|-0.0713|0.0040|-0.0062|-0.1455|0.0517||3.30|11|2.99|6
GME211217C00145000||||96.94|96.94|8|0.00|0.0000|0|57|0|0|0.9126|0.0047|0.0559|-0.1670|0.0608||44.25|20|41.25|12
GME211217P00145000|4.18|4.18|3.35|4.15|4.02|8|-0.13|-0.0313|16|211|1|26|-0.1023|0.0052|-0.0089|-0.1926|0.0677||4.35|50|3.65|80
GME211217C00150000||||35.85|35.85|7|0.00|0.0000|0|71|0|0|0.8684|0.0064|0.0542|-0.2240|0.0810||40.15|20|37.35|6
GME211217P00150000|4.25|6.92|4.00|5.25|4.80|7|-0.45|-0.0857|86|1619|1|194|-0.1369|0.0064|-0.0120|-0.2357|0.0832||5.10|10|4.70|24
GME211217C00155000|35.95|35.95|35.95|42.74|35.95|6|-6.79|-0.1589|0|11|1|1|0.7458|0.0052|0.1413|-0.1852|0.2233||36.20|54|33.50|15
GME211217P00155000|4.10|8.13|4.10|6.88|8.13|6|1.25|0.1817|13|308|1|15|-0.1769|0.0076|-0.0156|-0.2770|0.0985||6.70|70|5.80|30
GME211217C00160000|25.00|25.00|25.00|38.33|25.00|5|-13.33|-0.3478|-1|97|1|1|0.7952|0.0085|0.0519|-0.2965|0.1087||32.50|14|29.80|43
GME211217P00160000|6.80|10.00|6.40|8.40|7.27|5|-1.13|-0.1345|26|650|1|751|-0.2241|0.0088|-0.0199|-0.3195|0.1136||7.70|10|7.15|62
GME211217C00165000||||34.08|34.08|4|0.00|0.0000|0|82|0|0|0.7418|0.0095|0.0491|-0.3424|0.1238||29.10|32|26.50|54
GME211217P00165000|8.60|10.85|8.60|10.05|9.36|4|-0.69|-0.0687|22|307|1|12|-0.2621|0.0094|-0.0237|-0.3536|0.1247||9.50|13|8.75|32
GME211217C00170000||||23.22|23.22|3|0.00|0.0000|-2|117|0|0|0.6857|0.0103|0.0459|-0.3809|0.1359||25.90|32|23.40|54
GME211217P00170000|11.28|14.80|10.85|11.92|10.97|3|-0.95|-0.0797|291|1083|1|76|-0.3330|0.0104|-0.0302|-0.3961|0.1380||11.20|1|10.60|32
GME211217C00175000|21.90|21.90|16.27|21.60|20.50|2|-1.10|-0.0509|-22|188|1|11|0.6174|0.0062|0.1230|-0.2231|0.2658||22.95|32|20.60|52
GME211217P00175000|15.80|16.43|12.98|14.30|13.10|2|-1.20|-0.0839|18|703|2|22|-0.3722|0.0108|-0.0343|-0.4147|0.1449||13.65|11|12.65|75
GME211217C00180000|21.00|21.00|14.24|17.51|19.00|1|1.49|0.0851|17|465|1|51|0.5529|0.0117|0.0378|-0.4189|0.1501||20.35|62|18.05|60
GME211217P00180000|15.35|20.86|15.00|17.60|15.28|1|-2.32|-0.1318|199|1062|1|23|-0.4465|0.0114|-0.0412|-0.4284|0.1501||16.50|63|14.90|87
GME211217C00185000|17.00|18.25|12.92|16.00|18.00|1|2.00|0.1250|13|268|1|28|0.5123|0.0116|0.0355|-0.4279|0.1526||18.05|79|16.00|22
GME211217P00185000|17.32|23.60|17.00|19.85|18.00|1|-1.85|-0.0932|1|269|3|61|-0.4441|0.0062|-0.1564|-0.2369|0.2752||18.85|10|17.45|48
GME211217C00187500|15.87|15.87|15.87|14.09|15.87|2|1.78|0.1263|15|39|1|2|0.4990|0.0099|0.0338|-0.5026|0.1528||16.95|68|14.80|13
GME211217P00187500|20.48|20.48|19.77|21.85|19.77|2|-2.08|-0.0952|15|115|1|2|-0.5043|0.0089|-0.0495|-0.5602|0.1515||20.75|64|18.60|57
GME211217C00190000|15.00|16.15|10.20|13.65|15.30|3|1.65|0.1209|83|239|3|103|0.4394|0.0115|0.0305|-0.4224|0.1497||15.80|84|14.15|4
GME211217P00190000|20.10|26.92|20.10|22.75|22.18|3|-0.57|-0.0251|3|450|2|16|-0.5574|0.0113|-0.0527|-0.4326|0.1499||22.25|55|20.00|73
GME211217C00192500|12.74|12.74|12.74|12.10|12.74|4|0.64|0.0529|20|28|1|1|0.4421|0.0095|0.0299|-0.5134|0.1499||14.90|16|12.90|16
GME211217P00192500||||24.70|24.70|4|0.00|0.0000|7|112|0|0|-0.5369|0.0083|-0.0540|-0.5966|0.1508||23.90|54|21.50|48
GME211217C00195000|13.00|13.35|11.85|11.79|12.00|5|0.21|0.0178|18|148|1|5|0.3879|0.0111|0.0271|-0.4147|0.1454||14.00|68|12.05|39
GME211217P00195000|29.90|31.30|23.65|25.08|24.00|5|-1.08|-0.0431|8|423|1|107|-0.6083|0.0109|-0.0582|-0.4240|0.1458||24.90|13|23.75|1
GME211217C00197500|12.50|13.00|10.99|10.50|10.99|6|0.49|0.0467|33|38|1|41|0.4126|0.0093|0.0282|-0.5117|0.1490||13.15|84|11.25|16
GME211217P00197500||||27.65|27.65|6|0.00|0.0000|1|93|0|0|-0.5640|0.0082|-0.0575|-0.5907|0.1508||27.20|52|24.80|41
GME211217C00200000|11.05|12.80|8.47|10.50|11.55|7|1.05|0.1000|134|1099|1|1066|0.3569|0.0105|0.0252|-0.4130|0.1428||11.45|10|10.80|3
GME211217P00200000|28.60|32.77|28.10|28.61|29.00|7|0.39|0.0136|4|1921|1|10|-0.6535|0.0103|-0.0634|-0.4142|0.1401||29.00|51|26.55|56
GME211217C00202500|10.60|10.80|10.50|10.00|10.60|8|0.60|0.0600|5|18|1|30|0.4980|0.0049|0.0957|-0.3077|0.2779||11.35|62|9.95|12
GME211217P00202500||||24.10|24.10|8|0.00|0.0000|0|116|0|0|-0.7508|0.0119|-0.0706|-0.2638|0.1204||30.80|50|28.20|42
GME211217C00205000|10.00|10.05|7.47|9.40|10.00|9|0.60|0.0638|16|57|1|21|0.3669|0.0083|0.0250|-0.5351|0.1440||10.40|58|9.25|36
GME211217P00205000|36.08|36.08|33.98|33.95|33.98|9|0.03|0.0009|6|165|10|11|-0.6069|0.0075|-0.0638|-0.6159|0.1470||32.70|52|30.00|18
GME211217C00207500|10.20|10.20|7.35|9.03|9.00|10|-0.03|-0.0033|12|28|1|7|0.3468|0.0083|0.0238|-0.5159|0.1414||10.05|67|8.60|22
GME211217P00207500||||21.30|21.30|10|0.00|0.0000|0|181|0|0|-0.9433|0.0076|-0.0866|-0.0528|0.0432||34.60|52|32.00|48
GME211217C00210000|10.25|10.25|6.70|9.00|8.62|11|-0.38|-0.0422|323|845|1|35|0.2545|0.0091|0.0181|-0.3524|0.1218||9.00|4|8.10|51
GME211217P00210000|40.00|40.70|40.00|40.00|40.21|11|0.21|0.0053|7|226|1|6|-0.7405|0.0091|-0.0737|-0.3618|0.1230||36.55|45|33.80|76
GME211217C00212500|6.50|6.50|6.50|7.88|6.50|12|-1.38|-0.1751|1|22|1|1|0.2875|0.0083|0.0201|-0.4381|0.1303||8.80|62|7.55|19
GME211217P00212500|42.25|42.25|42.25|27.00|42.25|12|15.25|0.5648|0|59|4|4|-0.4849|0.0037|-0.2186|-0.4034|0.2777||38.60|48|35.75|27
GME211217C00215000|8.03|8.03|7.30|7.33|7.30|13|-0.03|-0.0041|3|93|1|4|0.4455|0.0048|0.0871|-0.3059|0.2753||8.50|70|7.10|17
GME211217P00215000|38.00|46.00|38.00|32.68|42.25|13|9.57|0.2928|0|99|1|4|-0.5119|0.0040|-0.2234|-0.3710|0.2778||40.60|17|37.75|20
GME211217C00217500|7.20|7.20|7.20|7.75|7.20|14|-0.55|-0.0710|18|38|1|1|0.2888|0.0074|0.0199|-0.4950|0.1308||7.90|69|6.70|41
GME211217P00217500|47.80|47.80|47.80|34.55|47.80|14|13.25|0.3835|0|23|1|1|-0.6256|0.0059|-0.0714|-0.7575|0.1451||42.65|15|39.80|20
GME211217C00220000|6.89|7.58|5.30|6.70|7.20|15|0.50|0.0746|257|1902|1|48|0.3663|0.0058|0.0775|-0.2312|0.2622||7.50|64|6.45|22
GME211217P00220000|46.55|46.55|46.55|42.02|46.55|15|4.53|0.1078|-1|445|1|1|-0.8055|0.0076|-0.0825|-0.3128|0.1045||44.75|15|41.85|20
GME211217C00222500|7.50|7.50|6.70|5.85|6.70|16|0.85|0.1453|1|67|1|3|0.2675|0.0067|0.0182|-0.5048|0.1249||7.05|57|6.00|17
GME211217P00222500|52.45|52.95|51.52|31.45|52.95|16|21.50|0.6836|0|10|1|11|-0.6431|0.0056|-0.0751|-0.7826|0.1416||46.95|15|44.00|36
GME211217C00225000|6.35|6.35|5.50|6.00|6.30|17|0.30|0.0500|6|105|1|18|0.2452|0.0066|0.0168|-0.4684|0.1194||6.65|55|5.80|11
GME211217P00225000|48.50|48.50|48.50|32.35|48.50|17|16.15|0.4992|0|31|1|2|-0.9512|0.0044|-0.0949|-0.0712|0.0384||49.10|15|46.05|36
GME211217C00227500|5.60|5.60|5.60|5.85|5.60|18|-0.25|-0.0427|-1|8|1|1|0.2268|0.0064|0.0156|-0.4407|0.1144||6.45|58|5.45|39
GME211217P00227500||||48.05|48.05|18|0.00|0.0000|17|60|0|0|-0.8027|0.0065|-0.0859|-0.3679|0.1054||51.30|13|48.25|34
GME211217C00230000|5.65|6.40|5.30|5.33|5.75|19|0.42|0.0788|-3|431|1|20|0.1399|0.0061|0.0101|-0.2538|0.0845||6.05|54|5.20|58
GME211217P00230000|54.21|54.21|54.21|49.83|54.21|19|4.38|0.0879|-10|63|1|1|-0.8555|0.0061|-0.0904|-0.2628|0.0863||53.55|12|50.50|33
GME211217C00232500|4.50|4.50|4.45|5.20|4.45|20|-0.75|-0.1442|3|80|1|3|0.1936|0.0060|0.0135|-0.3905|0.1042||5.85|59|4.90|47
GME211217P00232500||||53.30|53.30|20|0.00|0.0000|0|19|0|0|-0.7956|0.0061|-0.0876|-0.4096|0.1084||55.80|12|52.65|20
GME211217C00235000|5.70|5.70|5.14|4.79|5.14|21|0.35|0.0731|17|74|1|6|0.2148|0.0059|0.0149|-0.4522|0.1118||5.25|10|4.70|12
GME211217P00235000||||54.70|54.70|21|0.00|0.0000|43|60|0|0|-0.6390|0.0047|-0.2682|-0.2816|0.2609||58.05|11|54.90|39
GME211217C00240000|4.37|4.78|4.37|4.70|4.78|22|0.08|0.0170|-4|308|1|65|0.1001|0.0048|0.0073|-0.2017|0.0667||5.00|17|4.35|46
GME211217P00240000|65.50|65.50|65.50|65.23|65.50|22|0.27|0.0041|8|54|1|1|-0.8848|0.0051|-0.0968|-0.2308|0.0744||62.60|10|59.40|48
GME211217C00245000|4.75|4.75|4.10|4.10|4.44|23|0.34|0.0829|5|87|1|154|0.1800|0.0052|0.0125|-0.4161|0.1005||4.80|60|4.00|32
GME211217P00245000|71.40|71.40|71.40|56.01|71.40|23|15.39|0.2748|-5|49|2|5|-0.7240|0.0048|-0.0898|-0.7242|0.1269||67.25|10|64.00|20
GME211217C00250000|4.46|4.75|3.45|4.00|4.00|24|0.00|0.0000|14|1169|5|90|0.0725|0.0037|0.0053|-0.1608|0.0524||4.05|1|3.80|5
GME211217P00250000||||73.53|73.53|24|0.00|0.0000|-1|56|0|0|-0.9168|0.0040|-0.1035|-0.1828|0.0586||71.95|11|68.65|20
GME211217C00255000|3.60|3.60|3.45|3.60|3.45|25|-0.15|-0.0417|-1|355|1|2|0.1455|0.0044|0.0101|-0.3684|0.0867||4.15|81|3.50|42
GME211217P00255000||||39.75|39.75|25|0.00|0.0000|0|5|0|0|-0.9985|0.0002|-0.1117|-0.0022|0.0018||76.70|17|73.35|20
GME211217C00260000|3.55|3.85|3.20|3.59|3.25|26|-0.34|-0.0947|30|516|15|28|0.0563|0.0030|0.0041|-0.1348|0.0434||3.75|46|3.30|36
GME211217P00260000|78.20|78.20|78.20|72.05|78.20|26|6.15|0.0854|0|21|1|1|-0.9444|0.0029|-0.1099|-0.1340|0.0426||81.50|10|78.05|10
GME211217C00270000|3.25|3.25|2.90|3.19|3.05|27|-0.14|-0.0439|18|541|13|21|0.0387|0.0022|0.0028|-0.1010|0.0318||3.20|22|2.92|18
GME211217P00270000||||65.35|65.35|27|0.00|0.0000|0|49|0|0|-0.9575|0.0023|-0.1152|-0.1107|0.0344||91.10|10|87.60|20
GME211217C00280000|3.29|3.29|2.60|2.55|2.75|28|0.20|0.0784|7|2032|1|9|0.1903|0.0037|0.0412|-0.1858|0.1892||3.00|65|2.64|33
GME211217P00280000||||91.00|91.00|28|0.00|0.0000|0|10|0|0|-0.9650|0.0019|-0.1202|-0.0969|0.0296||100.80|10|97.25|20
GME211217C00290000|2.60|2.69|2.48|2.43|2.57|29|0.14|0.0576|3|522|1|45|0.1740|0.0035|0.0378|-0.1792|0.1789||2.71|43|2.42|2
GME211217P00290000||||68.50|68.50|29|0.00|0.0000|0|25|0|0|-0.9715|0.0016|-0.1250|-0.0843|0.0250||110.60|10|107.00|43
GME211217C00300000|2.55|2.60|2.20|2.35|2.33|30|-0.02|-0.0085|199|5147|1|748|0.1583|0.0032|0.0344|-0.1711|0.1683||2.40|85|2.21|2
GME211217P00300000|125.00|125.00|125.00|116.00|125.00|30|9.00|0.0776|0|20|4|5|-0.9810|0.0011|-0.1301|-0.0595|0.0176||120.55|12|116.70|15
GME211217C00310000|2.10|2.40|2.10|2.21|2.40|31|0.19|0.0860|-1|369|5|11|0.0125|0.0008|0.0009|-0.0419|0.0123||2.34|75|2.03|22
GME211217P00310000||||102.75|102.75|31|0.00|0.0000|0|3|0|0|-0.9836|0.0010|-0.1347|-0.0537|0.0157||130.45|4|126.60|16
GME211217C00320000|2.00|2.04|2.00|2.00|2.00|32|0.00|0.0000|4|407|1|44|0.0108|0.0007|0.0008|-0.0378|0.0109||2.16|69|1.92|1
GME211217P00320000||||96.00|96.00|32|0.00|0.0000|0|17|0|0|-0.9882|0.0007|-0.1394|-0.0404|0.0117||140.30|2|136.35|21
GME211217C00330000||||1.75|1.75|33|0.00|0.0000|28|213|0|0|0.1230|0.0026|0.0268|-0.1508|0.1418||2.07|104|1.73|5
GME211217P00330000||||159.50|159.50|33|0.00|0.0000|0|3|0|0|-0.9898|0.0006|-0.1439|-0.0362|0.0104||150.30|2|146.15|22
GME211217C00340000|2.00|2.00|1.70|1.53|1.70|34|0.17|0.1111|5|232|1|2|0.0063|0.0004|0.0005|-0.0243|0.0068||1.77|10|1.61|12
GME211217P00340000||||126.85|126.85|34|0.00|0.0000|0|7|0|0|-0.9919|0.0005|-0.1484|-0.0297|0.0084||160.05|12|156.15|22
GME211217C00350000|1.75|1.84|1.50|1.75|1.60|35|-0.15|-0.0857|13|990|1|40|0.0052|0.0003|0.0004|-0.0209|0.0057||1.60|1|1.50|8
GME211217P00350000||||133.85|133.85|35|0.00|0.0000|0|4|0|0|-0.9938|0.0004|-0.1530|-0.0235|0.0066||170.00|4|165.90|24
GME211217C00360000|1.50|1.60|1.50|1.58|1.60|36|0.02|0.0127|0|308|1|4|0.0050|0.0003|0.0004|-0.0207|0.0055||1.60|19|1.40|8
GME211217P00360000||||||36|||0|0|0|0|-0.8898|0.0022|-0.4989|-0.1497|0.1311||179.80|4|175.90|22
GME211217C00370000|1.45|1.45|1.45|1.97|1.45|37|-0.52|-0.2640|0|447|1|1|0.0039|0.0003|0.0003|-0.0169|0.0044||1.58|85|1.31|6
GME211217P00370000||||172.65|172.65|37|0.00|0.0000|0|3|0|0|-0.9955|0.0003|-0.1619|-0.0181|0.0050||189.70|4|185.90|21
GME211217C00380000|1.60|1.60|1.60|1.36|1.60|38|0.24|0.1765|1|169|1|1|0.0034|0.0002|0.0003|-0.0151|0.0039||1.58|121|1.24|1
GME211217P00380000||||165.60|165.60|38|0.00|0.0000|0|17|0|0|-0.9958|0.0003|-0.1663|-0.0172|0.0047||199.60|12|195.65|24
GME211217C00390000||||1.38|1.38|39|0.00|0.0000|0|192|0|0|0.0030|0.0002|0.0002|-0.0139|0.0035||1.39|67|1.15|6
GME211217P00390000||||||39|||0|0|0|0|-0.9966|0.0002|-0.1707|-0.0141|0.0038||209.65|2|205.65|8
GME211217C00400000|1.20|1.39|1.20|1.29|1.20|40|-0.09|-0.0698|16|1166|2|9|0.0027|0.0002|0.0002|-0.0128|0.0032||1.32|73|1.08|4
GME211217P00400000||||198.90|198.90|40|0.00|0.0000|0|3|0|0|-0.9970|0.0002|-0.1751|-0.0130|0.0035||219.70|2|215.45|10
GME211217C00410000||||1.22|1.22|41|0.00|0.0000|1|204|0|0|0.0020|0.0001|0.0001|-0.0098|0.0024||1.29|76|1.01|1
GME211217P00410000||||190.90|190.90|41|0.00|0.0000|0|3|0|0|-0.9973|0.0002|-0.1795|-0.0116|0.0031||229.50|12|225.40|1
GME211217C00420000|1.37|1.37|1.01|1.16|1.13|42|-0.03|-0.0259|-1|539|1|11|0.0020|0.0001|0.0001|-0.0098|0.0024||1.24|104|1.01|1
GME211217P00420000||||189.85|189.85|42|0.00|0.0000|0|16|0|0|-0.9982|0.0001|-0.1840|-0.0075|0.0022||239.40|6|235.30|10
GME211217C00430000|0.97|0.97|0.97|1.08|0.97|43|-0.11|-0.1019|0|208|7|7|0.0016|0.0001|0.0001|-0.0080|0.0019||1.24|68|0.81|57
GME211217P00430000||||244.20|244.20|43|0.00|0.0000|0|0|0|0|-0.9984|0.0001|-0.1884|-0.0066|0.0019||249.35|12|245.25|10
GME211217C00440000||||1.15|1.15|44|0.00|0.0000|4|472|0|0|0.0015|0.0001|0.0001|-0.0078|0.0019||1.02|15|0.78|22
GME211217P00440000||||||44|||0|0|0|0|-0.9988|0.0001|-0.1928|-0.0049|0.0015||259.40|12|255.20|3
GME211217C00450000|1.03|1.03|0.76|1.02|0.90|45|-0.12|-0.1176|5|684|2|6|0.0011|0.0001|0.0001|-0.0058|0.0014||0.95|12|0.72|5
GME211217P00450000||||||45|||0|0|0|0|-0.9989|0.0001|-0.1972|-0.0044|0.0014||269.55|1|265.20|1
GME211217C00460000|1.11|1.11|0.96|1.02|0.96|46|-0.06|-0.0588|-133|1136|1|4|0.0012|0.0001|0.0001|-0.0064|0.0015||0.95|34|0.64|16
GME211217P00460000||||261.60|261.60|46|0.00|0.0000|0|5|0|0|-0.9990|0.0001|-0.2016|-0.0039|0.0013||279.20|1|275.15|10
GME211217C00470000|0.90|0.90|0.78|0.84|0.78|47|-0.06|-0.0714|0|189|1|11|0.0324|0.0009|0.0022|-0.1884|0.0277||0.95|40|0.59|38
GME211217P00470000||||||47||||0|0|0|-1.0000|0.0000|-0.2060|0.0016|0.0000||289.45|1|285.10|10
GME211217C00480000|0.82|0.82|0.82|0.67|0.82|48|0.15|0.2239|7|224|1|1|0.0319|0.0008|0.0022|-0.1892|0.0274||0.80|11|0.57|6
GME211217P00480000||||264.21|264.21|48|0.00|0.0000|0|7|0|0|-0.9755|0.0007|-0.2087|-0.1430|0.0218||299.10|1|295.10|1
GME211217C00490000|1.01|1.01|0.76|0.86|0.76|49|-0.10|-0.1163|1|97|1|2|0.0296|0.0008|0.0020|-0.1791|0.0258||0.74|27|0.52|42
GME211217P00490000||||274.04|274.04|49|0.00|0.0000|0|7|0|0|-0.9775|0.0007|-0.2133|-0.1338|0.0203||309.35|1|305.05|1
GME211217C00500000|0.90|0.90|0.64|0.80|0.64|50|-0.16|-0.2000|-5|2488|2|16|0.0267|0.0007|0.0018|-0.1641|0.0235||0.71|9|0.52|22
GME211217P00500000||||290.05|290.05|50|0.00|0.0000|0|7|0|0|-0.9721|0.0007|-0.2173|-0.1695|0.0245||319.30|1|315.00|20
GME211217C00510000|0.72|0.96|0.52|0.72|0.60|51|-0.12|-0.1667|101|1366|1|122|0.0242|0.0007|0.0017|-0.1513|0.0218||0.68|9|0.53|1
GME211217P00510000||||277.97|277.97|51|0.00|0.0000|0|0|0|0|-0.9924|0.0003|-0.2230|-0.0451|0.0080||329.25|1|325.00|1
GME211223C00100000||||80.77|80.77|15|0.00|0.0000|-2|14|0|0|0.9428|0.0014|0.0526|-0.2075|0.0511||86.30|10|82.60|5
GME211223P00100000|0.90|0.90|0.88|0.80|0.88|15|0.08|0.1000|7|116|10|11|-0.0302|0.0011|-0.0038|-0.0986|0.0305||1.13|49|0.43|13
GME211223C00110000||||||14||||0|0|0|1.0000|0.0000|0.0663|-0.0004|0.0000||76.60|1|72.95|5
GME211223P00110000|0.80|1.33|0.80|1.69|1.33|14|-0.36|-0.2130|6|28|10|20|-0.1127|0.0019|-0.0445|-0.1598|0.1407||1.25|2|0.94|17
GME211223C00120000||||103.35|103.35|13|0.00|0.0000|0|1|0|0|0.8268|0.0012|0.0291|-1.2542|0.1140||67.15|10|63.55|12
GME211223P00120000||||1.15|1.15|13|0.00|0.0000|0|25|0|0|-0.0489|0.0021|-0.0060|-0.1133|0.0451||2.20|48|1.50|11
GME211223C00130000||||||12||||0|0|0|1.0000|0.0000|0.0784|-0.0005|0.0000||58.00|10|54.50|3
GME211223P00130000|2.84|2.84|2.69|2.33|2.69|12|0.36|0.1545|4|72|1|111|-0.0919|0.0031|-0.0117|-0.1970|0.0740||3.00|18|2.31|12
GME211223C00140000||||||11||||0|0|0|1.0000|0.0000|0.0844|-0.0005|0.0000||49.30|10|45.90|12
GME211223P00140000|4.10|4.10|4.10|3.90|4.10|11|0.20|0.0513|11|40|1|1|-0.1363|0.0043|-0.0174|-0.2515|0.0980||4.55|25|3.60|8
GME211223C00145000||||||10|||||0|0|1.0000|0.0000|0.0874|-0.0005|0.0000||45.15|10|41.85|12
GME211223P00145000||||||10|||||0|0|0.0000|0.0000|0.0000|0.0000|0.0000||5.55|30|4.30|2
GME211223C00150000||||55.90|55.90|9|0.00|0.0000|0|4|0|0|0.7319|0.0032|0.0473|-0.7626|0.1467||41.20|1|38.00|12
GME211223P00150000|4.80|7.60|4.10|6.45|6.07|9|-0.38|-0.0589|82|206|1|56|-0.2002|0.0058|-0.0256|-0.3097|0.1247||6.65|13|5.35|51
GME211223C00155000||||57.05|57.05|8|0.00|0.0000|0|10|0|0|0.7173|0.0030|0.0449|-0.8749|0.1516||37.45|1|34.35|12
GME211223P00155000|8.65|9.55|8.65|3.81|9.30|8|5.49|1.4409|0|111|8|18|-0.2506|0.0058|-0.0332|-0.3940|0.1417||8.00|4|6.55|1
GME211223C00160000||||53.80|53.80|7|0.00|0.0000|0|12|0|0|0.6951|0.0032|0.0444|-0.8803|0.1559||33.90|1|30.95|12
GME211223P00160000|10.28|11.60|8.10|9.59|9.45|7|-0.14|-0.0146|14|61|3|9|-0.2656|0.0066|-0.0349|-0.3723|0.1472||9.60|20|7.95|36
GME211223C00165000||||||6||||0|0|0|1.0000|0.0000|0.0994|-0.0006|0.0000||30.60|12|27.70|4
GME211223P00165000||||11.60|11.60|6|0.00|0.0000|12|21|0|0|-0.3070|0.0069|-0.0408|-0.4046|0.1575||11.45|22|9.65|30
GME211223C00170000||||25.94|25.94|5|0.00|0.0000|11|15|0|0|0.6472|0.0078|0.0560|-0.4004|0.1654||27.55|1|24.75|4
GME211223P00170000||||14.35|14.35|5|0.00|0.0000|2|33|0|0|-0.3472|0.0070|-0.0469|-0.4406|0.1656||13.50|12|11.55|32
GME211223C00175000||||19.00|19.00|4|0.00|0.0000|1|3|0|0|0.6228|0.0104|0.0574|-0.3169|0.1703||24.80|22|22.10|12
GME211223P00175000|13.64|17.35|13.50|16.30|16.05|4|-0.25|-0.0153|30|54|1|32|-0.3829|0.0075|-0.0519|-0.4419|0.1714||15.90|21|13.75|30
