symbol|open|high|low|preClose|close|activeLevel|change|changeRatio|openIntChange|openInterest|latestPriceVol|volume|delta|gamma|rho|theta|vega|tradeStamptradeTime|ask|avol|bid|bvol
GME211203C00100000|83.51|83.51|83.51|82.00|83.51|13|1.51|0.0184|0|10|1|1|0.9691|0.0011|0.0051|-1.0953|0.0093||82.75|8|78.95|15
GME211203P00100000|0.08|0.09|0.03|0.08|0.06|13|-0.02|-0.2500|146|513|1|52|-0.0037|0.0003|0.0000|-0.1155|0.0015||0.06|3|0.01|46
GME211203C00110000||||135.99|135.99|12|0.00|0.0000|0|1|0|0|0.9619|0.0001|0.0084|-0.6213|0.0489||72.80|8|68.90|36
GME211203P00110000|0.09|0.25|0.09|0.17|0.25|12|0.08|0.4706|15|172|1|14|-0.0024|0.0002|0.0000|-0.0624|0.0010||0.25|15|0.07|10
GME211203C00120000||||||11||||0|0|0|1.0000|0.0000|0.0066|-0.0004|0.0000||62.90|8|58.85|20
GME211203P00120000|0.29|0.30|0.10|0.25|0.20|11|-0.05|-0.2000|148|381|1|81|-0.0046|0.0005|0.0000|-0.0982|0.0018||0.20|9|0.07|113
GME211203C00130000||||65.44|65.44|10|0.00|0.0000|0|1|0|0|0.8225|0.0030|0.0048|-5.5774|0.0347||53.50|12|48.80|27
GME211203P00130000|0.16|0.50|0.16|0.40|0.50|10|0.10|0.2500|26|976|1|28|-0.2023|0.0025|-0.0587|-0.4157|0.1663||0.34|1|0.33|1
GME211203C00140000||||55.33|55.33|9|0.00|0.0000|0|6|0|0|0.7943|0.0038|0.0051|-5.2870|0.0380||43.50|13|38.55|34
GME211203P00140000|0.69|0.77|0.38|0.50|0.57|9|0.07|0.1400|57|1151|1|52|-0.2358|0.0028|-0.0688|-0.4409|0.1816||0.60|11|0.55|10
GME211203C00150000||||44.80|44.80|8|0.00|0.0000|0|6|0|0|0.7365|0.0041|0.0047|-6.5801|0.0435||33.50|12|28.55|27
GME211203P00150000|1.85|1.85|0.50|0.94|0.85|8|-0.09|-0.0957|17|1198|1|457|-0.0383|0.0043|-0.0004|-0.4035|0.0111||0.85|17|0.73|18
GME211203C00155000||||27.75|27.75|7|0.00|0.0000|0|5|0|0|0.7099|0.0032|0.0741|-0.5069|0.1940||29.00|14|23.60|34
GME211203P00155000|0.73|1.61|0.65|1.30|0.99|7|-0.31|-0.2385|34|992|1|66|-0.2864|0.0042|-0.0751|-0.3523|0.2007||1.44|14|0.89|18
GME211203C00160000|20.00|20.00|20.00|28.80|20.00|6|-8.80|-0.3056|0|115|2|15|0.7230|0.0020|0.0633|-0.7149|0.1975||24.10|12|18.85|50
GME211203P00160000|1.00|2.35|0.85|1.85|1.36|6|-0.49|-0.2649|14|440|5|517|-0.0989|0.0100|-0.0010|-0.7542|0.0232||1.53|13|1.21|30
GME211203C00165000||||32.50|32.50|5|0.00|0.0000|-1|31|0|0|0.6730|0.0068|0.0051|-4.7750|0.0481||19.65|10|14.40|16
GME211203P00165000|1.61|3.55|0.98|2.60|1.85|5|-0.75|-0.2885|467|783|2|820|-0.1562|0.0147|-0.0016|-0.9786|0.0319||2.00|4|1.72|9
GME211203C00170000|11.23|12.00|8.50|13.25|12.00|4|-1.25|-0.0943|10|50|8|46|0.7644|0.0195|0.0069|-1.2176|0.0411||15.15|13|10.50|46
GME211203P00170000|2.31|5.10|1.53|3.72|3.20|4|-0.52|-0.1398|275|934|1|1433|-0.2318|0.0195|-0.0024|-1.1916|0.0407||3.35|18|2.36|12
GME211203C00175000|9.64|9.64|6.00|9.70|8.00|3|-1.70|-0.1753|29|117|1|36|0.6057|0.0058|0.0860|-0.3287|0.2270||11.30|25|7.10|56
GME211203P00175000|1.95|7.25|1.95|4.95|3.80|3|-1.15|-0.2323|181|483|1|634|-0.3963|0.0061|-0.0999|-0.3113|0.2273||4.35|3|3.60|15
GME211203C00177500|10.10|10.10|4.70|7.55|6.90|2|-0.65|-0.0861|4|7|1|41|0.6018|0.0285|0.0056|-1.3058|0.0515||9.00|4|8.00|18
GME211203P00177500|4.40|8.60|2.87|5.85|5.70|2|-0.15|-0.0256|136|199|9|661|-0.4055|0.0280|-0.0042|-1.3434|0.0517||5.05|4|4.30|17
GME211203C00180000|8.54|11.00|3.20|7.10|7.34|1|0.24|0.0338|57|733|1|470|0.5768|0.0058|0.0825|-0.3383|0.2310||7.50|2|6.50|19
GME211203P00180000|5.50|10.10|3.50|6.98|6.00|1|-0.98|-0.1404|493|1768|2|1173|-0.4304|0.0065|-0.1083|-0.3039|0.2317||6.00|4|5.30|33
GME211203C00182500|7.88|8.47|3.11|6.70|5.42|1|-1.28|-0.1910|74|85|1|47|0.4686|0.0237|0.0043|-1.6655|0.0531||6.60|16|5.00|22
GME211203P00182500|5.90|11.00|4.48|8.00|7.00|1|-1.00|-0.1250|98|297|1|93|-0.4508|0.0069|-0.1125|-0.2902|0.2335||7.75|14|6.15|21
GME211203C00185000|4.90|7.95|2.08|4.90|5.05|2|0.15|0.0306|313|481|5|723|0.3901|0.0255|0.0036|-1.4452|0.0512||5.30|14|4.15|16
GME211203P00185000|6.43|14.03|5.65|9.80|10.92|2|1.12|0.1143|77|588|10|786|-0.6170|0.0281|-0.0065|-1.2944|0.0510||10.30|25|7.40|76
GME211203C00187500|3.85|6.50|1.83|3.95|4.00|3|0.05|0.0127|713|730|1|443|0.3349|0.0244|0.0031|-1.3576|0.0486||4.25|13|3.40|11
GME211203P00187500|7.91|15.14|7.00|10.70|15.14|3|4.44|0.4150|113|475|1|26|-0.4940|0.0076|-0.1220|-0.2689|0.2353||12.80|42|9.00|53
GME211203C00190000|3.95|5.18|1.50|3.70|3.04|4|-0.66|-0.1784|634|778|1|571|0.5260|0.0056|0.0755|-0.3615|0.2348||3.55|22|3.00|1
GME211203P00190000|11.24|18.00|8.00|12.00|13.61|4|1.61|0.1342|-109|833|6|162|-0.8061|0.0259|-0.0086|-0.7290|0.0367||12.75|12|10.70|65
GME211203C00192500|2.95|4.25|1.47|2.96|2.70|5|-0.26|-0.0878|434|502|4|86|0.2404|0.0197|0.0023|-1.2298|0.0415||2.84|14|2.50|2
GME211203P00192500|11.75|16.88|11.63|14.20|16.88|5|2.68|0.1887|-101|273|2|8|-0.5443|0.0083|-0.1227|-0.2626|0.2247||15.25|22|12.60|18
GME211203C00195000|2.37|3.40|1.00|2.40|2.30|6|-0.10|-0.0417|397|597|1|382|0.1940|0.0174|0.0018|-1.0844|0.0366||2.49|9|1.91|4
GME211203P00195000|14.00|21.77|12.00|16.71|18.18|6|1.47|0.0880|-61|626|8|132|-0.8587|0.0178|-0.0093|-0.7052|0.0299||17.75|18|14.60|16
GME211203C00197500|2.55|2.85|0.96|2.04|1.85|7|-0.19|-0.0931|386|490|1|435|0.1641|0.0154|0.0015|-0.9960|0.0330||2.07|10|1.58|5
GME211203P00197500|23.22|23.22|20.41|18.95|20.41|7|1.46|0.0770|38|202|8|9|-0.8871|0.0147|-0.0097|-0.6246|0.0256||20.25|22|16.45|4
GME211203C00200000|1.75|2.33|0.81|1.69|1.55|8|-0.14|-0.0828|381|1051|1|1587|0.4766|0.0055|0.0692|-0.3673|0.2349||1.55|1|1.46|7
GME211203P00200000|17.55|26.85|16.00|22.15|23.70|8|1.55|0.0700|-71|998|1|164|-0.5291|0.0057|-0.1335|-0.3846|0.2255||22.75|18|18.45|17
GME211203C00202500|2.00|2.00|0.81|1.48|1.33|9|-0.15|-0.1014|35|281|1|334|0.1156|0.0117|0.0011|-0.8148|0.0260||1.48|9|1.22|12
GME211203P00202500|20.05|20.55|20.05|21.91|20.55|9|-1.36|-0.0621|-27|184|1|2|-0.9911|0.0027|-0.0110|-0.0518|0.0032||25.25|16|20.75|12
GME211203C00205000|1.17|1.68|0.75|1.34|1.15|10|-0.19|-0.1418|206|834|2|516|0.4645|0.0052|0.0666|-0.3894|0.2344||1.37|15|1.03|12
GME211203P00205000|22.06|31.10|22.06|28.45|26.85|10|-1.60|-0.0562|-4|484|1|55|-0.8307|0.0112|-0.0097|-1.4238|0.0337||27.75|22|23.15|16
GME211203C00207500|1.29|1.35|0.61|1.10|0.79|11|-0.31|-0.2818|-5|400|2|39|0.0806|0.0086|0.0008|-0.6498|0.0200||1.20|28|0.77|52
GME211203P00207500|23.40|31.50|23.40|20.90|31.50|11|10.60|0.5072|-2|35|1|3|-0.9560|0.0064|-0.0109|-0.3395|0.0124||30.25|23|25.65|12
GME211203C00210000|1.01|1.24|0.61|1.11|0.97|12|-0.14|-0.1261|79|939|1|489|0.4469|0.0051|0.0591|-0.4291|0.2241||1.00|5|0.85|11
GME211203P00210000|28.16|35.15|27.10|30.40|32.00|12|1.60|0.0526|1|385|1|12|-0.9780|0.0039|-0.0113|-0.1765|0.0070||32.65|16|28.15|12
GME211203C00212500|0.95|1.05|0.60|0.92|0.64|13|-0.28|-0.3043|119|297|1|52|0.4464|0.0048|0.0632|-0.4140|0.2332||1.04|22|0.66|33
GME211203P00212500||||34.12|34.12|13|0.00|0.0000|-1|67|0|0|-0.9208|0.0073|-0.0109|-0.7458|0.0197||35.15|15|30.45|13
GME211203C00215000|0.81|1.00|0.53|0.87|0.75|14|-0.12|-0.1379|21|792|1|153|0.0551|0.0058|0.0005|-0.5329|0.0149||0.91|8|0.66|20
GME211203P00215000|31.50|31.50|31.50|34.35|31.50|14|-2.85|-0.0830|-1|226|1|13|-0.9334|0.0064|-0.0112|-0.6549|0.0173||37.65|22|32.95|15
GME211203C00217500|0.70|0.70|0.56|0.71|0.60|15|-0.11|-0.1549|-7|183|1|13|0.0436|0.0048|0.0004|-0.4418|0.0123||0.89|11|0.59|12
GME211203P00217500||||30.09|30.09|15|0.00|0.0000|0|74|0|0|-0.9994|0.0002|-0.0119|-0.0045|0.0003||40.15|16|35.45|12
GME211203C00220000|0.77|0.81|0.50|0.77|0.70|16|-0.07|-0.0909|-11|1378|1|235|0.4407|0.0044|0.0609|-0.4543|0.2327||0.79|6|0.58|10
GME211203P00220000|35.30|44.52|35.30|40.00|44.52|16|4.52|0.1130|1|213|4|5|-0.6186|0.0053|-0.1780|-0.3489|0.2249||42.65|12|37.95|12
GME211203C00222500|0.66|0.73|0.47|0.57|0.47|17|-0.10|-0.1754|-15|181|1|18|0.0318|0.0036|0.0003|-0.3541|0.0095||0.79|31|0.51|26
GME211203P00222500|47.10|47.10|45.85|34.99|45.85|17|10.86|0.3104|0|51|2|6|-1.0000|0.0000|-0.0122|0.0007|0.0000||45.15|16|40.35|12
GME211203C00225000|0.71|0.72|0.45|0.71|0.62|18|-0.09|-0.1268|-80|656|1|73|0.0373|0.0038|0.0004|-0.4395|0.0109||0.70|15|0.51|10
GME211203P00225000||||45.20|45.20|18|0.00|0.0000|-3|125|0|0|-0.9911|0.0015|-0.0122|-0.0981|0.0032||47.65|17|42.85|12
GME211203C00227500|0.50|0.70|0.46|0.77|0.51|19|-0.26|-0.3377|3|97|1|20|0.0374|0.0036|0.0004|-0.4638|0.0109||0.70|19|0.42|26
GME211203P00227500|53.85|53.85|53.85|33.03|53.85|19|20.82|0.6303|0|26|1|1|-0.9665|0.0034|-0.0122|-0.4121|0.0099||50.15|16|45.35|12
GME211203C00230000|0.54|0.63|0.40|0.62|0.55|20|-0.07|-0.1129|192|927|5|152|0.4350|0.0040|0.0583|-0.5025|0.2322||0.65|6|0.42|10
GME211203P00230000|47.50|56.35|47.50|45.00|56.35|20|11.35|0.2522|-3|67|1|3|-0.9671|0.0032|-0.0123|-0.4241|0.0098||52.40|12|47.85|12
GME211203C00232500|0.48|0.48|0.45|0.57|0.45|21|-0.12|-0.2105|-8|93|1|6|0.0267|0.0027|0.0003|-0.3534|0.0082||0.64|5|0.37|15
GME211203P00232500||||46.88|46.88|21|0.00|0.0000|-1|34|0|0|-0.9989|0.0002|-0.0127|-0.0125|0.0005||54.90|15|50.35|12
GME211203C00235000|0.33|0.60|0.33|0.54|0.45|22|-0.09|-0.1667|-1|331|1|33|0.0536|0.0039|0.0005|-0.7686|0.0146||0.55|3|0.33|28
GME211203P00235000|51.57|61.30|50.00|54.89|61.30|22|6.41|0.1168|-6|371|1|32|-0.9992|0.0002|-0.0129|-0.0093|0.0004||57.25|14|52.85|12
GME211203C00237500|0.42|0.42|0.42|0.52|0.42|23|-0.10|-0.1923|0|115|1|1|0.0225|0.0022|0.0002|-0.3206|0.0072||0.55|4|0.33|27
GME211203P00237500|54.06|63.79|52.54|57.38|63.78|23|6.40|0.1115|-6|284|1|22|-0.9722|0.0026|-0.0128|-0.4001|0.0085||59.70|12|55.15|12
GME211203C00240000|0.50|0.60|0.31|0.50|0.41|24|-0.09|-0.1800|1|592|1|176|0.0205|0.0020|0.0002|-0.3016|0.0066||0.55|4|0.33|11
GME211203P00240000|54.95|66.50|54.95|57.50|66.50|24|9.00|0.1565|-1|101|1|5|-0.9837|0.0017|-0.0130|-0.2369|0.0054||62.15|19|57.60|13
GME211203C00245000|0.47|0.47|0.31|0.44|0.35|25|-0.09|-0.2045|-31|414|1|35|0.0442|0.0030|0.0004|-0.7218|0.0125||0.52|6|0.27|11
GME211203P00245000|60.55|60.55|60.55|62.45|60.55|25|-1.90|-0.0304|-1|68|1|1|-0.9938|0.0008|-0.0134|-0.0939|0.0023||67.05|12|62.60|12
GME211203C00250000|0.25|0.45|0.25|0.41|0.35|26|-0.06|-0.1463|-50|3342|11|1325|0.0149|0.0014|0.0001|-0.2471|0.0050||0.40|11|0.25|1
GME211203P00250000|71.49|74.50|71.49|65.43|74.50|26|9.07|0.1386|-9|123|1|3|-0.9803|0.0017|-0.0135|-0.3287|0.0064||71.95|12|67.60|12
GME211203C00260000|0.23|0.34|0.23|0.37|0.30|27|-0.07|-0.1892|10|714|2|53|0.0115|0.0011|0.0001|-0.2113|0.0040||0.49|15|0.22|1
GME211203P00260000||||75.00|75.00|27|0.00|0.0000|-1|6|0|0|-0.5309|0.0028|-0.2063|-0.7773|0.2254||81.80|12|77.55|12
GME211203C00270000|0.22|0.34|0.20|0.26|0.34|28|0.08|0.3077|-1|587|1|33|0.0074|0.0007|0.0001|-0.1483|0.0027||0.43|16|0.21|10
GME211203P00270000|85.99|86.50|85.99|90.50|86.50|28|-4.00|-0.0442|4|21|2|4|-0.9871|0.0011|-0.0147|-0.2603|0.0044||91.65|12|87.40|4
GME211203C00280000|0.22|0.30|0.16|0.25|0.28|29|0.03|0.1200|-8|572|1|54|0.4899|0.0024|0.0521|-0.8418|0.2353||0.30|135|0.16|15
GME211203P00280000||||95.00|95.00|29|0.00|0.0000|-3|10|0|0|-0.5113|0.0024|-0.2280|-0.9081|0.2260||101.55|12|97.45|12
GME211203C00290000|0.27|0.27|0.13|0.25|0.13|30|-0.12|-0.4800|200|502|1|15|0.0203|0.0012|0.0002|-0.4819|0.0066||0.22|1|0.09|63
GME211203P00290000||||||30||||0|0|0|-1.0000|0.0000|-0.3098|0.0009|0.0000||111.45|10|107.30|12
GME211203C00300000|0.17|0.22|0.09|0.17|0.12|31|-0.05|-0.2941|16|2195|1|222|0.0146|0.0009|0.0001|-0.3695|0.0049||0.15|1|0.07|63
GME211203P00300000||||111.10|111.10|31|0.00|0.0000|-1|2|0|0|-1.0000|0.0000|-0.0164|-0.0001|0.0000||121.40|10|117.35|13
GME211203C00310000|0.11|0.13|0.10|0.20|0.13|32|-0.07|-0.3500|-10|344|1|3|0.0039|0.0003|0.0000|-0.1026|0.0015||0.21|1|0.06|18
GME211203P00310000||||71.90|71.90|32|0.00|0.0000|0|4|0|0|-1.0000|0.0000|-0.0170|0.0010|0.0000||131.30|12|126.80|13
GME211203C00320000|0.10|0.12|0.10|0.17|0.12|33|-0.05|-0.2941|100|389|1|2|0.4046|0.0025|0.0430|-0.8311|0.2196||0.17|4|0.08|15
GME211203P00320000||||||33||||0|0|0|-1.0000|0.0000|-0.0175|0.0010|0.0000||141.25|4|137.20|12
GME211203C00330000|0.08|0.08|0.08|0.11|0.08|34|-0.03|-0.2727|68|348|2|2|0.0084|0.0005|0.0001|-0.2488|0.0031||0.16|2|0.05|10
GME211203P00330000||||127.27|127.27|34|0.00|0.0000|0|2|0|0|-0.9970|0.0002|-0.0181|-0.0856|0.0012||151.25|10|146.90|9
GME211203C00340000|0.08|0.08|0.08|0.11|0.08|35|-0.03|-0.2727|21|135|1|2|0.3919|0.0024|0.0414|-0.8515|0.2177||0.13|1|0.02|19
GME211203P00340000||||134.20|134.20|35|0.00|0.0000|0|1|0|0|-0.9990|0.0001|-0.0186|-0.0292|0.0005||161.20|10|157.30|13
GME211203C00350000|0.09|0.09|0.05|0.10|0.08|36|-0.02|-0.2000|226|1237|1|16|0.0053|0.0003|0.0000|-0.1686|0.0020||0.08|2|0.04|15
GME211203P00350000||||136.35|136.35|36|0.00|0.0000|0|3|0|0|-0.7468|0.0027|-0.3395|-0.4909|0.1887||171.15|13|167.15|9
GME211203C00360000||||0.09|0.09|37|0.00|0.0000|-2|159|0|0|0.0081|0.0005|0.0001|-0.2717|0.0030||0.14|15|0.01|30
GME211203P00360000||||||37||||0|0|0|-1.0000|0.0000|-0.3550|0.0011|0.0000||181.15|3|176.90|12
GME211203C00370000||||0.05|0.05|38|0.00|0.0000|-2|88|0|0|0.4718|0.0019|0.0424|-1.1290|0.2273||0.23|14|0.01|1
GME211203P00370000||||136.05|136.05|38|0.00|0.0000|0|1|0|0|-1.0000|0.0000|-0.0203|0.0011|0.0000||191.15|10|187.15|7
GME211203C00380000|0.06|0.06|0.06|0.10|0.06|39|-0.04|-0.4000|15|101|1|1|0.0082|0.0004|0.0001|-0.2963|0.0030||0.10|5|0.02|14
GME211203P00380000||||170.35|170.35|39|0.00|0.0000|0|0|0|0|-0.6408|0.0023|-0.3367|-0.8533|0.2119||201.15|12|196.10|12
GME211203C00390000|0.02|0.02|0.02|0.09|0.02|40|-0.07|-0.7778|9|91|2|2|0.0022|0.0002|0.0000|-0.0823|0.0009||0.12|13|0.01|14
GME211203P00390000||||||40||||0|0|0|-1.0000|0.0000|-0.3846|0.0012|0.0000||211.10|5|206.65|12
GME211203C00400000|0.04|0.04|0.01|0.07|0.04|41|-0.03|-0.4286|-34|2449|1|22|0.0037|0.0002|0.0000|-0.1411|0.0015||0.05|2|0.03|1
GME211203P00400000||||215.38|215.38|41|0.00|0.0000|-10|0|0|0|-0.9999|0.0000|-0.0219|-0.0010|0.0000||221.45|12|217.30|7
GME211203C00410000|0.05|0.05|0.02|0.05|0.03|42|-0.02|-0.4000|-2|1055|1|33|0.0023|0.0001|0.0000|-0.0894|0.0010||0.05|1|0.03|7
GME211203P00410000||||||42||||0|0|0|-1.0000|0.0000|-0.0225|0.0013|0.0000||231.10|10|227.20|12
GME211203C00420000|0.04|0.04|0.04|0.05|0.04|43|-0.01|-0.2000|7|231|4|4|0.5080|0.0017|0.0439|-1.2216|0.2369||0.12|13|0.01|5
GME211203P00420000||||||43||||0|0|0|-1.0000|0.0000|-0.4487|0.0013|0.0000||241.10|10|236.15|4
GME211203C00430000||||0.03|0.03|44|0.00|0.0000|21|70|0|0|0.0027|0.0002|0.0000|-0.1118|0.0011||0.25|4|0.01|6
GME211203P00430000||||||44||||0|0|0|-1.0000|0.0000|-0.0236|0.0013|0.0000||251.10|12|246.15|10
GME211203C00440000|0.08|0.08|0.08|0.05|0.08|45|0.03|0.6000|1|70|1|1|0.0043|0.0002|0.0000|-0.1833|0.0017||0.15|14|0.00|0
GME211203P00440000||||||45||||0|0|0|-1.0000|0.0000|-0.0241|0.0014|0.0000||261.10|10|256.30|12
GME211203C00450000|0.02|0.02|0.02|0.03|0.02|46|-0.01|-0.3333|5|483|1|1|0.0019|0.0001|0.0000|-0.0820|0.0008||0.11|1|0.01|20
GME211203P00450000||||||46||||0|0|0|-1.0000|0.0000|-0.0247|0.0014|0.0000||271.10|12|266.15|10
GME211203C00460000|0.11|0.11|0.03|0.02|0.03|47|0.01|0.5000|-1|59|2|3|0.0026|0.0001|0.0000|-0.1134|0.0011||0.05|1|0.02|3
GME211203P00460000||||||47||||0|0|0|-1.0000|0.0000|-0.0252|0.0014|0.0000||281.10|12|276.15|10
GME211203C00470000||||0.07|0.07|48|0.00|0.0000|-57|191|0|0|0.0050|0.0002|0.0000|-0.2284|0.0019||0.05|1|0.00|0
GME211203P00470000||||||48||||0|0|0|-1.0000|0.0000|-0.0258|0.0014|0.0000||291.10|12|286.15|10
GME211203C00480000|0.05|0.06|0.05|0.04|0.06|49|0.02|0.5000|1|91|1|2|0.0043|0.0002|0.0000|-0.1994|0.0017||0.10|1|0.00|0
GME211203P00480000||||||49||||0|0|0|-1.0000|0.0000|-0.5128|0.0015|0.0000||301.10|12|296.15|10
GME211203C00490000||||0.06|0.06|50|0.00|0.0000|16|250|0|0|0.0042|0.0002|0.0000|-0.1998|0.0017||0.04|1|0.01|1
GME211203P00490000||||||50||||0|0|0|-1.0000|0.0000|-0.5235|0.0015|0.0000||311.10|12|306.15|10
GME211203C00500000|0.05|0.05|0.04|0.05|0.05|51|0.00|0.0000|1|1370|1|16|0.0036|0.0002|0.0000|-0.1721|0.0014||0.05|5|0.01|5
GME211203P00500000||||||51||||0|0|0|-1.0000|0.0000|-0.0274|0.0015|0.0000||321.10|12|316.15|10
GME211203C00510000|0.04|0.04|0.01|0.05|0.02|52|-0.03|-0.6000|217|5698|1|220|0.0017|0.0001|0.0000|-0.0846|0.0007||0.03|1|0.02|86
GME211203P00510000||||||52||||0|0|0|-1.0000|0.0000|-0.0279|0.0016|0.0000||331.10|12|326.15|10
GME211210C00100000||||86.01|86.01|14|0.00|0.0000|0|1|0|0|0.8931|0.0016|0.0179|-1.1766|0.0522||83.85|11|79.40|25
GME211210P00100000|0.57|0.79|0.51|0.57|0.58|14|0.01|0.0175|65|210|1|16|-0.0190|0.0008|-0.0010|-0.1455|0.0132||0.60|2|0.45|1
GME211210C00110000||||76.13|76.13|13|0.00|0.0000|0|2|0|0|0.8770|0.0020|0.0197|-1.1452|0.0576||73.85|12|69.55|12
GME211210P00110000|0.85|0.85|0.80|0.71|0.80|13|0.09|0.1268|50|206|1|2|-0.0250|0.0012|-0.0013|-0.1628|0.0167||1.02|30|0.64|5
GME211210C00120000||||76.03|76.03|12|0.00|0.0000|0|1|0|0|0.8231|0.0020|0.0173|-1.8533|0.0735||64.20|12|59.85|12
GME211210P00120000|0.60|1.31|0.60|0.95|1.31|12|0.36|0.3789|2|96|3|172|-0.0390|0.0019|-0.0019|-0.2101|0.0239||1.41|29|1.00|10
GME211210C00130000||||||11||||0|0|0|1.0000|0.0000|0.0321|-0.0004|0.0000||55.10|12|50.30|12
GME211210P00130000|1.30|2.00|1.00|1.50|1.93|11|0.43|0.2867|20|431|1|56|-0.0568|0.0028|-0.0028|-0.2537|0.0323||2.05|35|1.26|19
GME211210C00140000||||56.44|56.44|10|0.00|0.0000|0|29|0|0|0.7758|0.0033|0.0208|-1.4945|0.0848||45.40|11|41.25|12
GME211210P00140000|2.30|3.20|1.75|2.49|2.50|10|0.01|0.0040|47|299|1|199|-0.2172|0.0035|-0.0617|-0.2839|0.1820||3.05|36|2.08|18
GME211210C00145000||||||9|||||0|0|1.0000|0.0000|0.0358|-0.0005|0.0000||41.10|12|36.90|15
GME211210P00145000|2.60|3.60|2.60|2.60|3.60|9|1.00|0.3846|||1|4|-0.1196|0.0055|-0.0059|-0.4044|0.0565||4.30|43|2.65|25
GME211210C00150000||||47.05|47.05|8|0.00|0.0000|0|19|0|0|0.7378|0.0041|0.0214|-1.4272|0.0921||36.75|12|32.75|12
GME211210P00150000|3.00|5.00|2.81|3.70|3.70|8|0.00|0.0000|51|220|1|244|-0.1467|0.0066|-0.0072|-0.4466|0.0651||4.00|10|3.40|22
GME211210C00155000||||58.70|58.70|7|0.00|0.0000|0|45|0|0|0.7124|0.0029|0.0176|-2.2576|0.0966||32.60|17|28.75|20
GME211210P00155000|4.95|6.40|4.40|4.95|4.40|7|-0.55|-0.1111|94|195|1|18|-0.1922|0.0078|-0.0095|-0.5311|0.0773||5.05|6|4.45|34
GME211210C00160000||||29.75|29.75|6|0.00|0.0000|0|204|0|0|0.7245|0.0072|0.0250|-0.8626|0.0946||28.80|20|25.00|18
GME211210P00160000|5.00|8.20|5.00|6.00|5.65|6|-0.35|-0.0583|153|386|4|143|-0.2338|0.0091|-0.0116|-0.5734|0.0867||6.65|18|5.65|20
GME211210C00165000|21.75|21.75|21.75|23.22|21.75|5|-1.47|-0.0633|2|2|1|1|0.6643|0.0045|0.0953|-0.3430|0.2258||25.15|15|21.55|18
GME211210P00165000|7.65|10.05|6.48|7.75|7.15|5|-0.60|-0.0774|18|320|1|41|-0.2860|0.0100|-0.0144|-0.6391|0.0963||8.00|12|7.20|28
GME211210C00170000|24.00|24.00|17.52|20.07|20.50|4|0.43|0.0214|11|16|1|12|0.6520|0.0101|0.0241|-0.7506|0.1046||22.05|19|20.50|2
GME211210P00170000|8.54|12.29|7.15|8.90|10.50|4|1.60|0.1798|-2|360|7|133|-0.3367|0.0115|-0.0169|-0.6423|0.1033||10.60|50|8.90|30
GME211210C00175000|19.14|19.14|13.80|18.40|15.55|3|-2.85|-0.1549|7|25|14|33|0.6211|0.0043|0.0943|-0.3664|0.2437||18.80|14|15.65|26
GME211210P00175000|9.55|15.25|9.50|11.66|11.50|3|-0.16|-0.0137|117|418|1|189|-0.3976|0.0117|-0.0203|-0.7077|0.1093||12.10|12|11.05|25
GME211210C00177500||||||2|||||0|0|1.0000|0.0000|0.0438|-0.0006|0.0000||17.45|11|14.35|31
GME211210P00177500|11.31|16.03|11.31|11.31|13.01|2|1.70|0.1503|||1|15|-0.4300|0.0115|-0.0221|-0.7436|0.1112||13.30|10|12.10|35
GME211210C00180000|14.20|18.25|11.72|14.75|13.00|1|-1.75|-0.1186|58|79|11|40|0.5411|0.0110|0.0205|-0.7970|0.1122||16.15|16|13.45|20
GME211210P00180000|13.00|17.50|11.63|14.30|14.01|1|-0.29|-0.0203|117|606|1|161|-0.4577|0.0119|-0.0236|-0.7336|0.1124||14.30|1|13.10|81
GME211210C00182500|15.85|15.85|10.82|15.85|13.60|1|-2.25|-0.1420|||1|7|0.5339|0.0086|0.0194|-1.0250|0.1126||15.00|15|12.65|24
GME211210P00182500|14.38|19.00|14.38|14.38|19.00|1|4.62|0.3213|||1|11|-0.4961|0.0136|-0.0252|-0.6485|0.1130||17.45|41|14.45|18
GME211210C00185000|15.95|15.95|9.20|12.60|11.18|2|-1.42|-0.1127|53|108|1|29|0.4887|0.0110|0.0187|-0.8032|0.1129||13.90|20|11.50|38
GME211210P00185000|14.53|20.50|14.50|17.01|18.00|2|0.99|0.0582|61|358|1|38|-0.5218|0.0121|-0.0271|-0.7302|0.1127||18.90|42|15.85|16
GME211210C00187500|15.35|15.35|9.15|11.00|9.15|3|-1.85|-0.1682|9|19|2|16|0.5520|0.0050|0.0898|-0.3387|0.2534||12.80|17|9.95|24
GME211210P00187500|16.10|16.10|16.10|15.45|16.10|3|0.65|0.0421|45|127|1|1|-0.5792|0.0152|-0.0293|-0.5581|0.1108||20.40|32|17.15|15
GME211210C00190000|12.50|13.20|8.50|10.75|10.00|4|-0.75|-0.0698|10|96|1|62|0.5415|0.0050|0.0824|-0.3677|0.2458||11.80|16|9.05|42
GME211210P00190000|20.96|23.00|20.96|21.52|23.00|4|1.48|0.0688|50|428|1|3|-0.4535|0.0048|-0.1517|-0.3556|0.2538||22.10|49|18.90|25
GME211210C00192500|11.15|11.65|7.78|9.50|7.78|5|-1.72|-0.1811|33|65|2|11|0.4071|0.0109|0.0158|-0.7653|0.1098||10.95|19|8.25|26
GME211210P00192500|18.46|18.46|18.46|22.09|18.46|5|-3.63|-0.1643|14|86|1|1|-0.5979|0.0114|-0.0317|-0.7311|0.1096||23.80|28|20.35|15
GME211210C00195000|10.22|11.43|7.00|9.70|8.85|6|-0.85|-0.0876|76|134|1|36|0.5248|0.0048|0.0793|-0.3850|0.2466||10.20|21|7.95|37
GME211210P00195000|20.40|20.45|20.40|22.97|20.45|6|-2.52|-0.1097|41|190|1|5|-0.4967|0.0055|-0.1604|-0.3138|0.2556||25.55|20|22.20|14
GME211210C00197500|8.80|8.80|8.18|9.50|8.18|7|-1.32|-0.1389|10|46|1|11|0.3773|0.0097|0.0145|-0.8311|0.1074||9.40|17|7.50|16
GME211210P00197500||||19.25|19.25|7|0.00|0.0000|27|104|0|0|-0.8261|0.0152|-0.0413|-0.2398|0.0726||27.35|25|24.00|10
GME211210C00200000|8.80|10.00|6.00|7.80|7.60|8|-0.20|-0.0256|82|634|1|113|0.3412|0.0099|0.0133|-0.7521|0.1038||8.70|21|7.65|1
GME211210P00200000|25.18|31.28|25.18|27.05|28.27|8|1.22|0.0451|-20|659|1|21|-0.5142|0.0053|-0.1702|-0.3271|0.2554||28.70|38|25.65|28
GME211210C00202500|8.75|8.75|6.10|7.25|6.10|9|-1.15|-0.1586|3|67|1|19|0.3246|0.0097|0.0127|-0.7446|0.1019||8.10|21|6.05|56
GME211210P00202500||||26.32|26.32|9|0.00|0.0000|15|48|0|0|-0.5799|0.0068|-0.1666|-0.2611|0.2421||31.10|18|27.70|14
GME211210C00205000|7.30|7.30|5.28|6.79|6.05|10|-0.74|-0.1090|26|159|4|14|0.3063|0.0093|0.0120|-0.7345|0.0994||7.50|16|5.55|56
GME211210P00205000|27.42|32.21|26.88|31.25|32.21|10|0.96|0.0307|2|177|1|5|-0.7151|0.0098|-0.0393|-0.6539|0.0961||33.05|18|29.20|14
GME211210C00207500|5.55|7.35|5.10|5.55|5.10|11|-0.45|-0.0811|4|68|1|4|0.2708|0.0093|0.0107|-0.6579|0.0937||7.20|38|5.00|58
GME211210P00207500|29.52|29.52|29.52|28.58|29.52|11|0.94|0.0329|-5|18|1|1|-0.8869|0.0096|-0.0464|-0.2120|0.0543||35.10|25|31.35|16
GME211210C00210000|7.00|7.00|4.50|5.82|5.06|12|-0.76|-0.1306|10|309|1|32|0.2681|0.0087|0.0105|-0.6960|0.0933||6.10|1|4.70|106
GME211210P00210000|34.85|38.38|34.85|36.62|38.38|12|1.76|0.0481|-4|105|1|2|-0.7259|0.0086|-0.0410|-0.7185|0.0943||37.15|21|33.65|10
GME211210C00212500|6.00|6.00|4.40|5.55|4.75|13|-0.80|-0.1441|54|83|1|7|0.4548|0.0047|0.0701|-0.3903|0.2455||6.55|45|4.25|72
GME211210P00212500|33.64|33.64|33.64|32.63|33.64|13|1.01|0.0310|-1|38|1|1|-0.7206|0.0080|-0.2124|-0.1531|0.2154||39.25|20|35.70|9
GME211210C00215000|3.95|5.75|3.95|5.09|4.45|14|-0.64|-0.1257|6|165|1|22|0.2394|0.0080|0.0094|-0.6685|0.0880||5.90|33|4.20|67
GME211210P00215000|42.73|42.73|42.73|40.77|42.73|14|1.96|0.0481|-4|34|1|1|-0.7551|0.0080|-0.0434|-0.6889|0.0891||41.40|12|37.75|11
GME211210C00217500|5.45|5.45|4.28|5.55|4.28|15|-1.27|-0.2288|3|30|1|3|0.4523|0.0044|0.0684|-0.4179|0.2453||5.35|18|4.00|24
GME211210P00217500||||28.08|28.08|15|0.00|0.0000|0|25|0|0|-0.6840|0.0066|-0.2141|-0.2068|0.2279||43.55|12|39.85|11
GME211210C00220000|5.00|5.35|3.57|4.80|4.20|16|-0.60|-0.1250|47|401|2|82|0.2179|0.0073|0.0086|-0.6613|0.0833||4.45|11|4.05|16
GME211210P00220000|39.30|39.30|39.30|42.99|39.30|16|-3.69|-0.0858|0|155|1|1|-0.6124|0.0052|-0.1957|-0.3254|0.2372||45.80|20|41.75|11
GME211210C00222500|4.55|4.55|3.50|4.14|3.50|17|-0.64|-0.1546|5|63|1|29|0.1992|0.0071|0.0079|-0.6147|0.0791||4.70|23|3.40|54
GME211210P00222500||||33.35|33.35|17|0.00|0.0000|0|45|0|0|-0.9052|0.0062|-0.0509|-0.2548|0.0478||48.00|21|44.10|18
GME211210C00225000|4.28|4.60|3.20|4.05|3.20|18|-0.85|-0.2099|16|334|3|24|0.4192|0.0044|0.0646|-0.4025|0.2420||4.20|4|3.25|71
GME211210P00225000||||47.49|47.49|18|0.00|0.0000|2|461|0|0|-0.8597|0.0065|-0.0498|-0.4210|0.0631||50.30|12|46.35|13
GME211210C00227500|4.25|4.25|3.22|3.65|3.22|19|-0.43|-0.1178|2|23|1|4|0.1749|0.0064|0.0069|-0.5755|0.0729||4.20|15|3.15|31
GME211210P00227500||||34.06|34.06|19|0.00|0.0000|0|35|0|0|-0.8327|0.0064|-0.2526|-0.1053|0.1604||52.60|16|48.25|12
GME211210C00230000|4.00|4.05|2.55|3.55|3.46|20|-0.09|-0.0254|9|393|3|18|0.1700|0.0062|0.0067|-0.5769|0.0717||3.90|15|3.20|7
GME211210P00230000||||41.51|41.51|20|0.00|0.0000|-1|38|0|0|-0.8907|0.0057|-0.0522|-0.3435|0.0530||54.90|16|50.95|12
GME211210C00232500|3.60|3.90|3.05|3.00|3.05|21|0.05|0.0167|-19|30|1|3|0.1513|0.0059|0.0060|-0.5217|0.0664||3.75|16|3.00|8
GME211210P00232500||||49.93|49.93|21|0.00|0.0000|1|11|0|0|-0.9441|0.0041|-0.0550|-0.1720|0.0319||57.25|16|53.25|13
GME211210C00235000|3.40|3.55|2.49|3.15|2.91|22|-0.24|-0.0762|-30|902|10|26|0.1522|0.0056|0.0060|-0.5455|0.0667||3.50|15|2.89|14
GME211210P00235000||||45.86|45.86|22|0.00|0.0000|0|36|0|0|-0.7912|0.0057|-0.2552|-0.1559|0.1840||59.60|16|55.65|12
GME211210C00237500|2.69|2.69|2.69|2.90|2.69|23|-0.21|-0.0724|0|18|1|3|0.1585|0.0055|0.0062|-0.5943|0.0684||3.30|15|2.49|51
GME211210P00237500||||48.03|48.03|23|0.00|0.0000|1|25|0|0|-0.9167|0.0046|-0.0551|-0.2851|0.0434||61.95|1|57.60|12
GME211210C00240000|2.82|3.60|2.48|2.84|2.69|24|-0.15|-0.0528|20|330|10|70|0.1362|0.0051|0.0054|-0.5151|0.0618||3.05|1|2.45|78
GME211210P00240000|58.15|58.15|58.15|45.67|58.15|24|12.48|0.2733|0|33|1|1|-0.6854|0.0048|-0.2464|-0.2873|0.2275||64.30|11|60.00|11
GME211210C00245000|3.23|3.23|2.20|2.56|2.53|25|-0.03|-0.0117|4|172|1|4|0.1228|0.0047|0.0049|-0.4876|0.0575||2.88|22|2.45|1
GME211210P00245000||||50.19|50.19|25|0.00|0.0000|0|23|0|0|-0.6960|0.0046|-0.2547|-0.2890|0.2241||69.05|13|64.85|10
GME211210C00250000|3.15|3.20|1.90|2.35|2.01|26|-0.34|-0.1447|-1|2190|1|110|0.1126|0.0043|0.0045|-0.4685|0.0542||2.50|1|2.04|18
GME211210P00250000||||60.35|60.35|26|0.00|0.0000|1|15|0|0|-0.9234|0.0038|-0.0585|-0.3055|0.0408||73.90|12|69.55|13
GME211210C00255000|2.37|2.37|1.80|2.20|1.92|27|-0.28|-0.1273|12|65|5|15|0.1044|0.0040|0.0041|-0.4543|0.0513||2.47|20|1.93|4
GME211210P00255000||||40.40|40.40|27|0.00|0.0000|0|5|0|0|-0.9987|0.0002|-0.0628|-0.0039|0.0012||78.75|12|74.50|12
GME211210C00260000|3.10|3.10|1.65|2.20|1.79|28|-0.41|-0.1864|-16|936|10|49|0.3648|0.0036|0.0553|-0.4512|0.2345||2.47|46|1.65|81
GME211210P00260000||||69.85|69.85|28|0.00|0.0000|1|22|0|0|-0.9367|0.0031|-0.0615|-0.2770|0.0352||83.65|13|79.10|13
GME211210C00270000|2.00|2.02|1.48|1.82|1.48|29|-0.34|-0.1868|16|220|1|12|0.0917|0.0033|0.0036|-0.4546|0.0466||1.95|13|1.35|82
GME211210P00270000||||75.18|75.18|29|0.00|0.0000|0|14|0|0|-0.9396|0.0027|-0.0641|-0.2892|0.0339||93.45|13|88.85|12
GME211210C00280000|1.83|1.83|1.19|1.50|1.60|30|0.10|0.0667|22|226|1|13|0.3414|0.0033|0.0541|-0.4420|0.2351||1.64|3|1.31|5
GME211210P00280000||||84.53|84.53|30|0.00|0.0000|0|1|0|0|-0.7010|0.0035|-0.2828|-0.3963|0.2167||103.30|12|98.25|12
GME211210C00290000|1.45|1.45|1.34|1.49|1.34|31|-0.15|-0.1007|9|150|3|5|0.0644|0.0024|0.0025|-0.3611|0.0356||1.52|12|1.13|8
GME211210P00290000||||82.25|82.25|31|0.00|0.0000|0|7|0|0|-0.9954|0.0004|-0.0713|-0.0226|0.0038||113.15|12|108.25|9
GME211210C00300000|1.28|1.36|1.05|1.24|1.23|32|-0.01|-0.0081|-171|876|1|105|0.3151|0.0031|0.0466|-0.4741|0.2201||1.35|16|1.05|4
GME211210P00300000||||76.00|76.00|32|0.00|0.0000|0|14|0|0|-0.9993|0.0001|-0.0739|-0.0026|0.0007||123.05|12|117.90|10
GME211210C00310000|1.10|1.10|0.95|1.06|1.00|33|-0.06|-0.0566|3|156|1|6|0.3285|0.0029|0.0476|-0.5200|0.2256||1.23|16|0.95|10
GME211210P00310000||||83.61|83.61|33|0.00|0.0000|0|4|0|0|-0.8845|0.0028|-0.3684|-0.1468|0.1256||132.95|12|127.35|12
GME211210C00320000||||0.99|0.99|34|0.00|0.0000|11|274|0|0|0.3285|0.0028|0.0465|-0.5421|0.2239||1.23|32|0.77|19
GME211210P00320000||||89.47|89.47|34|0.00|0.0000|0|3|0|0|-0.9999|0.0000|-0.0789|0.0005|0.0001||142.80|12|137.60|12
GME211210C00330000|0.89|0.92|0.89|1.05|0.92|35|-0.13|-0.1238|26|263|9|23|0.0504|0.0017|0.0020|-0.3477|0.0294||1.00|12|0.68|46
GME211210P00330000||||||35||||0|0|0|-1.0000|0.0000|-0.3887|0.0011|0.0000||152.70|12|147.55|12
GME211210C00340000|0.80|0.80|0.80|0.87|0.80|36|-0.07|-0.0805|2|88|1|1|0.0452|0.0016|0.0018|-0.3243|0.0269||0.87|5|0.63|17
GME211210P00340000||||||36||||0|0|0|-1.0000|0.0000|-0.0838|0.0011|0.0000||162.60|4|156.15|10
GME211210C00350000|1.05|1.05|0.68|0.76|0.68|37|-0.08|-0.1053|-501|388|1|27|0.2840|0.0026|0.0410|-0.5078|0.2099||0.72|16|0.60|14
GME211210P00350000||||||37||||0|0|0|-1.0000|0.0000|-0.0863|0.0011|0.0000||172.50|4|166.10|12
GME211210C00360000||||0.63|0.63|38|0.00|0.0000|5|87|0|0|0.3051|0.0025|0.0429|-0.5670|0.2187||0.70|2|0.54|16
GME211210P00360000||||||38||||0|0|0|-1.0000|0.0000|-0.0888|0.0012|0.0000||182.40|4|176.80|12
GME211210C00370000||||0.75|0.75|39|0.00|0.0000|-3|21|0|0|0.0396|0.0013|0.0015|-0.3173|0.0242||1.00|14|0.46|54
GME211210P00370000||||||39||||0|0|0|-1.0000|0.0000|-0.0912|0.0012|0.0000||192.35|3|186.60|12
GME211210C00380000||||0.52|0.52|40|0.00|0.0000|6|51|0|0|0.0295|0.0010|0.0011|-0.2422|0.0190||0.67|14|0.46|35
GME211210P00380000||||||40||||0|0|0|-1.0000|0.0000|-0.0937|0.0012|0.0000||202.25|4|196.05|20
GME211210C00390000|0.55|0.55|0.55|0.59|0.55|41|-0.04|-0.0678|3|47|2|4|0.0301|0.0010|0.0012|-0.2554|0.0193||0.59|14|0.43|16
GME211210P00390000||||||41||||0|0|0|-1.0000|0.0000|-0.0962|0.0013|0.0000||212.15|12|206.05|20
GME211210C00400000|0.72|0.72|0.45|0.57|0.52|42|-0.05|-0.0877|-207|426|1|38|0.2853|0.0023|0.0420|-0.5437|0.2176||0.52|14|0.47|4
GME211210P00400000||||||42||||0|0|0|-1.0000|0.0000|-0.5040|0.0013|0.0000||222.10|12|216.05|12
GME211210C00410000|0.49|0.49|0.49|0.38|0.49|43|0.11|0.2895|6|52|1|1|0.2942|0.0022|0.0401|-0.6150|0.2151||0.51|11|0.36|16
GME211210P00410000||||||43||||0|0|0|-1.0000|0.0000|-0.1011|0.0013|0.0000||232.05|12|226.80|12
GME211210C00420000|0.50|0.55|0.45|0.42|0.45|44|0.03|0.0714|11|169|2|4|0.0158|0.0006|0.0006|-0.1441|0.0112||0.51|14|0.34|14
GME211210P00420000||||||44||||0|0|0|-1.0000|0.0000|-0.4947|0.0014|0.0000||242.10|12|236.05|20
GME211210C00430000|0.34|0.34|0.31|0.38|0.31|45|-0.07|-0.1842|17|42|246|300|0.2814|0.0022|0.0407|-0.5695|0.2162||0.43|1|0.40|1
GME211210P00430000||||||45||||0|0|0|-1.0000|0.0000|-0.1060|0.0014|0.0000||252.45|12|246.05|20
GME211210C00440000|0.52|0.52|0.32|0.30|0.40|46|0.10|0.3333|0|33|1|32|0.0114|0.0005|0.0004|-0.1084|0.0084||0.40|9|0.12|77
GME211210P00440000||||||46||||0|0|0|-1.0000|0.0000|-0.1085|0.0014|0.0000||262.40|12|256.30|1
GME211210C00450000|0.24|0.35|0.23|0.31|0.35|47|0.04|0.1290|6|98|12|212|0.0116|0.0005|0.0005|-0.1134|0.0086||0.50|20|0.12|48
GME211210P00450000||||||47||||0|0|0|-1.0000|0.0000|-0.1110|0.0015|0.0000||272.35|12|266.10|10
GME211210C00460000||||0.27|0.27|48|0.00|0.0000|1|18|0|0|0.0101|0.0004|0.0004|-0.1006|0.0076||0.50|20|0.12|35
GME211210P00460000||||||48||||0|0|0|-1.0000|0.0000|-0.1134|0.0015|0.0000||281.75|12|276.10|20
GME211210C00470000|0.34|0.34|0.34|0.28|0.34|49|0.06|0.2143|3|15|1|1|0.0102|0.0004|0.0004|-0.1035|0.0077||0.50|10|0.20|1
GME211210P00470000||||||49||||0|0|0|-1.0000|0.0000|-0.1159|0.0015|0.0000||292.25|12|286.10|20
GME211210C00480000|0.40|0.40|0.40|0.25|0.40|50|0.15|0.6000|7|32|1|1|0.0091|0.0004|0.0004|-0.0940|0.0069||0.50|12|0.20|1
GME211210P00480000||||||50||||0|0|0|-1.0000|0.0000|-0.6048|0.0016|0.0000||301.45|12|296.10|20
GME211210C00490000|0.30|0.35|0.30|0.40|0.35|51|-0.05|-0.1250|4|91|6|11|0.0133|0.0005|0.0005|-0.1412|0.0097||0.50|20|0.20|1
GME211210P00490000||||||51||||0|0|0|-1.0000|0.0000|-0.1208|0.0016|0.0000||311.40|12|306.10|1
GME211210C00500000|0.38|0.38|0.19|0.38|0.20|52|-0.18|-0.4737|-12|856|3|27|0.2903|0.0019|0.0400|-0.6588|0.2209||0.50|20|0.20|5
GME211210P00500000||||||52||||0|0|0|-1.0000|0.0000|-0.6300|0.0016|0.0000||321.35|12|316.35|1
GME211210C00510000|0.55|0.55|0.11|0.37|0.26|53|-0.11|-0.2973|139|2025|5|169|0.0157|0.0005|0.0006|-0.1736|0.0113||0.26|8|0.22|1
GME211210P00510000||||||53||||0|0|0|-1.0000|0.0000|-0.6426|0.0017|0.0000||331.30|12|326.35|1
GME211217C00080000|94.56|94.56|94.56|110.26|94.56|20|-15.70|-0.1424|0|1|1|1|0.9136|0.0010|0.0240|-0.7822|0.0595||103.85|13|99.40|13
GME211217P00080000|0.47|0.47|0.32|0.30|0.35|20|0.05|0.1667|26|349|3|8|-0.0082|0.0003|-0.0007|-0.0464|0.0085||0.77|17|0.10|73
GME211217C00085000||||95.85|95.85|19|0.00|0.0000|0|1|0|0|0.9822|0.0006|0.0356|-0.0977|0.0165||99.00|1|94.45|12
GME211217P00085000|0.45|0.45|0.45|0.35|0.45|19|0.10|0.2857|1|122|2|2|-0.0685|0.0011|-0.0236|-0.1575|0.0889||0.45|1|0.32|4
GME211217C00090000||||137.00|137.00|18|0.00|0.0000|0|4|0|0|0.9020|0.0005|0.0117|-1.7776|0.0653||94.10|4|89.50|12
GME211217P00090000|0.49|0.51|0.49|0.46|0.51|18|0.05|0.1087|0|66|1|3|-0.0799|0.0013|-0.0290|-0.1620|0.1021||0.90|14|0.28|34
GME211217C00100000||||114.96|114.96|17|0.00|0.0000|0|49|0|0|0.9686|0.0011|0.1279|-0.0460|0.0476||83.95|12|79.60|13
GME211217P00100000|0.80|0.81|0.50|0.78|0.79|17|0.01|0.0128|126|869|1|163|-0.0014|0.0001|-0.0001|-0.0053|0.0017||0.97|14|0.59|4
GME211217C00105000||||66.05|66.05|16|0.00|0.0000|0|1|0|0|0.9976|0.0002|0.0458|-0.0088|0.0029||79.45|3|74.50|12
GME211217P00105000|0.87|0.90|0.87|0.78|0.90|16|0.12|0.1538|-2|89|1|3|-0.0025|0.0002|-0.0002|-0.0088|0.0029||1.57|52|0.60|53
GME211217C00110000||||73.25|73.25|15|0.00|0.0000|0|1|0|0|0.9488|0.0017|0.1359|-0.0645|0.0702||74.30|13|69.90|12
GME211217P00110000|0.89|1.40|0.89|0.82|1.40|15|0.58|0.7073|2|375|2|7|-0.0045|0.0004|-0.0004|-0.0146|0.0050||1.44|57|0.78|76
GME211217C00115000||||112.11|112.11|14|0.00|0.0000|0|2|0|0|0.9940|0.0005|0.0499|-0.0182|0.0064||69.75|13|64.90|12
GME211217P00115000|1.34|1.45|1.34|0.68|1.45|14|0.77|1.1324|0|148|5|17|-0.0081|0.0006|-0.0007|-0.0243|0.0084||1.70|47|1.02|43
GME211217C00120000||||64.15|64.15|13|0.00|0.0000|24|51|0|0|0.9896|0.0008|0.0517|-0.0289|0.0104||65.25|4|60.25|4
GME211217P00120000|1.37|1.43|1.37|1.34|1.43|13|0.09|0.0672|17|153|7|9|-0.0850|0.0025|-0.0248|-0.0952|0.1039||2.02|50|1.50|10
GME211217C00125000||||79.68|79.68|12|0.00|0.0000|0|35|0|0|0.9803|0.0014|0.0531|-0.0505|0.0180||59.85|12|55.60|12
GME211217P00125000|1.55|1.88|1.55|1.56|1.88|12|0.32|0.2051|-4|205|3|6|-0.0229|0.0016|-0.0020|-0.0589|0.0205||2.62|63|1.56|34
GME211217C00130000||||55.70|55.70|11|0.00|0.0000|0|10|0|0|0.8744|0.0034|0.1495|-0.1180|0.1420||55.60|15|51.25|16
GME211217P00130000|1.86|2.65|1.80|2.20|2.65|11|0.45|0.2045|9|195|1|10|-0.0349|0.0022|-0.0030|-0.0829|0.0291||3.05|50|1.98|25
GME211217C00135000||||90.47|90.47|10|0.00|0.0000|0|3|0|0|0.9519|0.0030|0.0551|-0.1045|0.0378||51.15|12|46.70|16
GME211217P00135000|2.62|2.62|2.62|2.75|2.62|10|-0.13|-0.0473|0|140|1|1|-0.1546|0.0038|-0.0491|-0.1390|0.1636||4.05|65|2.52|25
GME211217C00140000|40.15|40.15|40.15|47.75|40.15|9|-7.60|-0.1592|1|146|1|1|0.8244|0.0043|0.1476|-0.1461|0.1776||46.80|18|42.40|15
GME211217P00140000|3.26|4.39|3.00|3.21|3.78|9|0.57|0.1776|11|549|1|276|-0.0757|0.0042|-0.0065|-0.1514|0.0538||4.40|62|3.20|40
GME211217C00145000||||96.94|96.94|8|0.00|0.0000|0|57|0|0|0.8985|0.0054|0.0548|-0.1836|0.0669||42.30|6|38.25|12
GME211217P00145000|4.18|4.18|3.35|4.15|3.90|8|-0.25|-0.0602|16|211|1|22|-0.1072|0.0054|-0.0093|-0.1983|0.0697||5.90|88|4.05|24
GME211217C00150000||||35.85|35.85|7|0.00|0.0000|0|71|0|0|0.8623|0.0066|0.0537|-0.2298|0.0831||38.55|12|34.35|12
GME211217P00150000|4.25|6.92|4.00|5.25|5.35|7|0.10|0.0190|86|1619|1|144|-0.1430|0.0066|-0.0125|-0.2416|0.0853||5.95|73|5.10|5
GME211217C00155000||||42.74|42.74|6|0.00|0.0000|0|11|0|0|0.7332|0.0054|0.1380|-0.1874|0.2260||34.30|12|30.60|18
GME211217P00155000|4.10|8.13|4.10|6.88|8.13|6|1.25|0.1817|13|308|1|15|-0.1852|0.0079|-0.0163|-0.2834|0.1008||8.35|86|6.40|5
GME211217C00160000|25.00|25.00|25.00|38.33|25.00|5|-13.33|-0.3478|-1|97|1|1|0.7036|0.0059|0.1280|-0.2015|0.2309||30.90|20|27.10|58
GME211217P00160000|6.80|10.00|6.40|8.40|9.42|5|1.02|0.1214|26|650|1|245|-0.2324|0.0090|-0.0206|-0.3244|0.1154||9.75|93|7.85|30
GME211217C00165000||||34.08|34.08|4|0.00|0.0000|0|82|0|0|0.6692|0.0061|0.1229|-0.2144|0.2421||27.60|17|23.90|58
GME211217P00165000|8.60|10.85|8.60|10.05|10.85|4|0.80|0.0796|22|307|1|8|-0.2855|0.0099|-0.0256|-0.3640|0.1284||11.80|85|9.60|36
GME211217C00170000||||23.22|23.22|3|0.00|0.0000|-2|117|0|0|0.6600|0.0108|0.0439|-0.3880|0.1384||24.55|14|20.90|65
GME211217P00170000|11.28|14.80|10.85|11.92|12.35|3|0.43|0.0361|291|1083|1|42|-0.3421|0.0106|-0.0309|-0.3984|0.1388||12.50|4|11.60|29
GME211217C00175000|21.90|21.90|16.27|21.60|16.27|2|-5.33|-0.2468|-22|188|1|10|0.6028|0.0063|0.1191|-0.2226|0.2652||21.85|54|18.35|76
GME211217P00175000|15.80|16.43|14.60|14.30|14.60|2|0.30|0.0210|18|703|1|5|-0.3972|0.0063|-0.1273|-0.2358|0.2576||15.05|12|13.75|31
GME211217C00180000|21.00|21.00|14.24|17.51|14.24|1|-3.27|-0.1868|17|465|1|14|0.5427|0.0118|0.0370|-0.4182|0.1499||19.20|18|17.00|24
GME211217P00180000|15.35|20.86|15.00|17.60|18.00|1|0.40|0.0227|199|1062|1|20|-0.4573|0.0115|-0.0421|-0.4276|0.1498||19.00|89|16.05|13
GME211217C00185000|17.00|18.25|12.92|16.00|15.40|1|-0.60|-0.0375|13|268|1|22|0.4824|0.0118|0.0331|-0.4217|0.1504||17.00|23|14.45|68
GME211217P00185000|17.32|23.60|17.00|19.85|18.75|1|-1.10|-0.0554|1|269|1|54|-0.4589|0.0063|-0.1603|-0.2349|0.2729||19.75|1|18.75|61
GME211217C00187500||||14.09|14.09|2|0.00|0.0000|15|39|0|0|0.4840|0.0092|0.0321|-0.5380|0.1506||15.80|12|12.90|56
GME211217P00187500||||21.85|21.85|2|0.00|0.0000|15|115|0|0|-0.5203|0.0094|-0.0503|-0.5250|0.1504||23.45|53|20.05|19
GME211217C00190000|15.00|16.15|10.20|13.65|11.00|3|-2.65|-0.1941|83|239|6|65|0.4271|0.0115|0.0295|-0.4177|0.1480||14.80|14|12.20|105
GME211217P00190000|20.10|26.92|20.10|22.75|26.92|3|4.17|0.1833|3|450|1|6|-0.5671|0.0113|-0.0534|-0.4288|0.1486||25.05|64|21.95|4
GME211217C00192500|12.74|12.74|12.74|12.10|12.74|4|0.64|0.0529|20|28|1|1|0.4391|0.0092|0.0294|-0.5279|0.1490||14.00|15|11.15|71
GME211217P00192500||||24.70|24.70|4|0.00|0.0000|7|112|0|0|-0.4776|0.0053|-0.1794|-0.2841|0.2739||26.70|26|22.85|38
GME211217C00195000|13.00|13.35|11.85|11.79|11.85|5|0.06|0.0051|18|148|1|4|0.3775|0.0110|0.0263|-0.4092|0.1435||13.15|15|10.85|49
GME211217P00195000|29.90|31.30|28.00|25.08|28.00|5|2.92|0.1164|8|423|1|64|-0.6217|0.0108|-0.0592|-0.4169|0.1434||28.45|59|24.80|28
GME211217C00197500|12.50|13.00|10.99|10.50|10.99|6|0.49|0.0467|33|38|1|41|0.4984|0.0053|0.0908|-0.3030|0.2665||12.30|17|10.20|56
GME211217P00197500||||27.65|27.65|6|0.00|0.0000|1|93|0|0|-0.6129|0.0094|-0.0602|-0.4866|0.1447||30.30|53|26.55|17
GME211217C00200000|11.05|12.80|8.47|10.50|10.60|7|0.10|0.0095|134|1099|1|427|0.4489|0.0064|0.0873|-0.2447|0.2643||11.00|10|10.50|1
GME211217P00200000|28.60|32.77|28.60|28.61|32.77|7|4.16|0.1454|4|1921|1|8|-0.6644|0.0102|-0.0643|-0.4068|0.1376||32.10|52|28.45|26
GME211217C00202500|10.60|10.60|10.60|10.00|10.60|8|0.60|0.0600|5|18|3|3|0.4911|0.0048|0.0928|-0.3112|0.2743||10.85|15|8.60|83
GME211217P00202500||||24.10|24.10|8|0.00|0.0000|0|116|0|0|-0.8282|0.0123|-0.0760|-0.1647|0.0962||34.00|50|30.10|13
GME211217C00205000|10.00|10.05|7.47|9.40|7.47|9|-1.93|-0.2053|16|57|1|18|0.4759|0.0049|0.0858|-0.3220|0.2660||10.20|16|8.00|111
GME211217P00205000|36.08|36.08|36.08|33.95|36.08|9|2.13|0.0627|6|165|1|1|-0.5351|0.0052|-0.1954|-0.3037|0.2654||35.90|54|32.05|11
GME211217C00207500|10.20|10.20|7.35|9.03|7.35|10|-1.68|-0.1860|12|28|1|6|0.3390|0.0079|0.0228|-0.5301|0.1383||9.60|15|8.00|53
GME211217P00207500||||21.30|21.30|10|0.00|0.0000|0|181|0|0|-0.9521|0.0067|-0.0873|-0.0458|0.0376||37.85|53|33.75|15
GME211217C00210000|10.25|10.25|6.70|9.00|7.50|11|-1.50|-0.1667|323|845|1|26|0.2466|0.0090|0.0175|-0.3449|0.1192||9.05|20|7.90|14
GME211217P00210000|40.00|40.70|40.00|40.00|40.21|11|0.21|0.0053|7|226|1|6|-0.7484|0.0090|-0.0743|-0.3543|0.1205||39.85|53|35.60|56
GME211217C00212500|6.50|6.50|6.50|7.88|6.50|12|-1.38|-0.1751|1|22|1|1|0.4476|0.0048|0.0811|-0.3247|0.2642||8.65|19|6.25|119
GME211217P00212500|42.25|42.25|42.25|27.00|42.25|12|15.25|0.5648|0|59|4|4|-0.9199|0.0073|-0.0871|-0.0938|0.0562||41.90|32|37.40|20
GME211217C00215000|8.03|8.03|7.90|7.33|7.90|13|0.57|0.0778|3|93|1|3|0.4443|0.0047|0.0848|-0.3148|0.2717||8.20|20|6.25|81
GME211217P00215000|38.00|46.00|38.00|32.68|46.00|13|13.32|0.4076|0|99|1|3|-0.9033|0.0074|-0.0870|-0.1238|0.0646||43.95|28|39.90|19
GME211217C00217500||||7.75|7.75|14|0.00|0.0000|18|38|0|0|0.2884|0.0070|0.0194|-0.5224|0.1287||7.65|15|6.10|73
GME211217P00217500|47.80|47.80|47.80|34.55|47.80|14|13.25|0.3835|0|23|1|1|-0.9308|0.0061|-0.0901|-0.0901|0.0503||46.05|29|42.15|13
GME211217C00220000|6.89|7.58|5.30|6.70|6.65|15|-0.05|-0.0075|257|1902|1|31|0.3527|0.0058|0.0739|-0.2253|0.2554||7.25|17|6.10|22
GME211217P00220000||||42.02|42.02|15|0.00|0.0000|-1|445|0|0|-0.8135|0.0074|-0.0832|-0.3030|0.1012||48.20|24|43.95|17
GME211217C00222500|7.50|7.50|7.25|5.85|7.25|16|1.40|0.2393|1|67|1|2|0.4145|0.0046|0.0800|-0.3094|0.2680||6.90|16|5.45|41
GME211217P00222500|52.45|52.95|51.52|31.45|52.95|16|21.50|0.6836|0|10|1|11|-0.7876|0.0070|-0.2739|-0.1126|0.1995||50.35|21|45.90|19
GME211217C00225000|6.35|6.35|5.50|6.00|5.50|17|-0.50|-0.0833|6|105|1|12|0.2427|0.0065|0.0165|-0.4690|0.1181||6.60|18|5.20|40
GME211217P00225000||||32.35|32.35|17|0.00|0.0000|0|31|0|0|-0.9552|0.0042|-0.0953|-0.0660|0.0356||52.55|22|48.25|17
GME211217C00227500||||5.85|5.85|18|0.00|0.0000|-1|8|0|0|0.2354|0.0063|0.0160|-0.4692|0.1162||6.35|18|4.90|53
GME211217P00227500||||48.05|48.05|18|0.00|0.0000|17|60|0|0|-0.9106|0.0055|-0.0932|-0.1475|0.0610||54.75|23|50.75|15
GME211217C00230000|5.65|6.40|5.30|5.33|5.40|19|0.07|0.0131|-3|431|1|13|0.1325|0.0059|0.0095|-0.2429|0.0808||6.00|16|4.75|76
GME211217P00230000||||49.83|49.83|19|0.00|0.0000|-10|63|0|0|-0.8612|0.0060|-0.0909|-0.2544|0.0836||57.00|20|52.70|19
GME211217C00232500|4.50|4.50|4.45|5.20|4.45|20|-0.75|-0.1442|3|80|1|3|0.2124|0.0059|0.0145|-0.4453|0.1095||5.70|13|4.55|36
GME211217P00232500||||53.30|53.30|20|0.00|0.0000|0|19|0|0|-0.9046|0.0052|-0.0950|-0.1728|0.0640||59.25|22|55.20|12
GME211217C00235000|5.70|5.70|5.70|4.79|5.70|21|0.91|0.1900|17|74|5|5|0.3779|0.0044|0.0691|-0.3289|0.2539||5.50|15|4.35|39
GME211217P00235000||||54.70|54.70|21|0.00|0.0000|43|60|0|0|-0.8556|0.0056|-0.0928|-0.2886|0.0858||61.55|20|57.30|17
GME211217C00240000|4.37|4.37|4.37|4.70|4.37|22|-0.33|-0.0702|-4|308|25|50|0.0956|0.0046|0.0069|-0.1941|0.0641||5.10|16|4.05|65
GME211217P00240000|65.50|65.50|65.50|65.23|65.50|22|0.27|0.0041|8|54|1|1|-0.8968|0.0048|-0.0978|-0.2104|0.0679||66.15|16|61.90|14
GME211217C00245000|4.75|4.75|4.10|4.10|4.17|23|0.07|0.0171|5|87|2|153|0.1724|0.0050|0.0118|-0.4055|0.0965||4.80|17|3.75|75
GME211217P00245000|71.40|71.40|71.40|56.01|71.40|23|15.39|0.2748|-5|49|2|5|-0.8926|0.0045|-0.0997|-0.2346|0.0698||70.85|15|66.05|22
GME211217C00250000|4.46|4.75|3.45|4.00|3.90|24|-0.10|-0.0250|14|1169|2|54|0.0693|0.0036|0.0050|-0.1547|0.0503||4.35|8|3.60|54
GME211217P00250000||||73.53|73.53|24|0.00|0.0000|-1|56|0|0|-0.9262|0.0037|-0.1042|-0.1647|0.0528||75.55|17|71.05|16
GME211217C00255000|3.60|3.60|3.45|3.60|3.45|25|-0.15|-0.0417|-1|355|1|2|0.1504|0.0044|0.0103|-0.3856|0.0883||4.10|8|3.25|91
GME211217P00255000||||39.75|39.75|25|0.00|0.0000|0|5|0|0|-0.9988|0.0002|-0.1117|-0.0017|0.0015||80.35|12|75.90|11
GME211217C00260000|3.55|3.55|3.20|3.59|3.27|26|-0.32|-0.0891|30|516|7|10|0.0494|0.0027|0.0036|-0.1198|0.0386||3.85|28|3.25|14
GME211217P00260000|78.20|78.20|78.20|72.05|78.20|26|6.15|0.0854|0|21|1|1|-0.9469|0.0028|-0.1101|-0.1286|0.0409||85.15|12|80.05|26
GME211217C00270000|3.25|3.25|2.90|3.19|3.00|27|-0.19|-0.0596|18|541|1|5|0.0364|0.0021|0.0027|-0.0956|0.0301||3.45|15|3.00|8
GME211217P00270000||||65.35|65.35|27|0.00|0.0000|0|49|0|0|-0.9599|0.0022|-0.1154|-0.1049|0.0326||94.80|13|90.05|10
GME211217C00280000|3.29|3.29|2.60|2.55|2.69|28|0.14|0.0549|7|2032|2|7|0.0279|0.0016|0.0020|-0.0785|0.0242||3.40|58|2.51|84
GME211217P00280000||||91.00|91.00|28|0.00|0.0000|0|10|0|0|-0.9700|0.0017|-0.1206|-0.0838|0.0256||104.60|12|99.75|3
GME211217C00290000|2.60|2.60|2.48|2.43|2.50|29|0.07|0.0288|3|522|1|35|0.0213|0.0013|0.0016|-0.0638|0.0192||2.97|16|2.28|80
GME211217P00290000||||68.50|68.50|29|0.00|0.0000|0|25|0|0|-0.8344|0.0034|-0.3637|-0.1805|0.1662||114.40|12|109.55|12
GME211217C00300000|2.55|2.60|2.20|2.35|2.32|30|-0.03|-0.0128|199|5147|1|348|0.0159|0.0010|0.0012|-0.0507|0.0151||2.69|23|2.17|75
GME211217P00300000|125.00|125.00|125.00|116.00|125.00|30|9.00|0.0776|0|20|4|5|-0.9820|0.0011|-0.1302|-0.0565|0.0167||124.25|12|119.50|7
GME211217C00310000|2.10|2.10|2.10|2.21|2.10|31|-0.11|-0.0498|-1|369|1|1|0.0118|0.0008|0.0009|-0.0396|0.0116||2.44|11|1.98|81
GME211217P00310000||||102.75|102.75|31|0.00|0.0000|0|3|0|0|-0.9858|0.0009|-0.1348|-0.0467|0.0137||134.15|12|129.20|12
GME211217C00320000|2.00|2.00|2.00|2.00|2.00|32|0.00|0.0000|4|407|40|40|0.1165|0.0026|0.0239|-0.1449|0.1308||2.33|14|1.82|77
GME211217P00320000||||96.00|96.00|32|0.00|0.0000|0|17|0|0|-0.9889|0.0007|-0.1395|-0.0382|0.0110||144.05|13|139.05|5
GME211217C00330000||||1.75|1.75|33|0.00|0.0000|28|213|0|0|0.0073|0.0005|0.0005|-0.0267|0.0076||2.13|14|1.71|13
GME211217P00330000||||159.50|159.50|33|0.00|0.0000|0|3|0|0|-0.8811|0.0026|-0.4276|-0.1534|0.1338||153.95|12|149.00|5
GME211217C00340000|2.00|2.00|1.70|1.53|1.70|34|0.17|0.1111|5|232|1|2|0.0059|0.0004|0.0004|-0.0228|0.0063||1.94|13|1.60|25
GME211217P00340000||||126.85|126.85|34|0.00|0.0000|0|7|0|0|-0.9931|0.0004|-0.1485|-0.0255|0.0073||163.85|12|158.45|12
GME211217C00350000|1.75|1.84|1.50|1.75|1.79|35|0.04|0.0229|13|990|1|35|0.0049|0.0003|0.0004|-0.0197|0.0054||1.78|14|1.53|9
GME211217P00350000||||133.85|133.85|35|0.00|0.0000|0|4|0|0|-0.8900|0.0023|-0.4846|-0.1446|0.1293||173.75|13|168.45|13
GME211217C00360000|1.50|1.50|1.50|1.58|1.50|36|-0.08|-0.0506|0|308|3|3|0.0908|0.0020|0.0186|-0.1309|0.1092||1.71|8|1.32|68
GME211217P00360000||||||36|||0|0|0|0|-0.8923|0.0022|-0.4995|-0.1464|0.1283||183.65|3|178.45|12
GME211217C00370000||||1.97|1.97|37|0.00|0.0000|0|447|0|0|0.0037|0.0002|0.0003|-0.0158|0.0041||1.60|14|1.27|38
GME211217P00370000||||172.65|172.65|37|0.00|0.0000|0|3|0|0|-0.9958|0.0003|-0.1619|-0.0169|0.0047||193.55|12|188.45|12
GME211217C00380000|1.60|1.60|1.60|1.36|1.60|38|0.24|0.1765|1|169|1|1|0.0031|0.0002|0.0002|-0.0140|0.0036||1.60|29|1.22|13
GME211217P00380000||||165.60|165.60|38|0.00|0.0000|0|17|0|0|-0.9961|0.0002|-0.1663|-0.0159|0.0044||203.45|12|198.45|12
GME211217C00390000||||1.38|1.38|39|0.00|0.0000|0|192|0|0|0.0888|0.0018|0.0189|-0.1326|0.1105||1.45|14|1.10|44
GME211217P00390000||||||39|||0|0|0|0|-0.9079|0.0019|-0.5466|-0.1365|0.1136||213.35|12|207.40|12
GME211217C00400000|1.20|1.39|1.20|1.29|1.25|40|-0.04|-0.0310|16|1166|1|5|0.0749|0.0017|0.0152|-0.1211|0.0944||1.45|29|1.20|3
GME211217P00400000||||198.90|198.90|40|0.00|0.0000|0|3|0|0|-0.9969|0.0002|-0.1751|-0.0134|0.0036||223.25|12|218.10|12
GME211217C00410000||||1.22|1.22|41|0.00|0.0000|1|204|0|0|0.0781|0.0016|0.0167|-0.1226|0.1004||1.29|14|1.01|14
GME211217P00410000||||190.90|190.90|41|0.00|0.0000|0|3|0|0|-0.9973|0.0002|-0.1795|-0.0119|0.0032||233.20|12|228.10|12
GME211217C00420000|1.37|1.37|1.01|1.16|1.01|42|-0.15|-0.1293|-1|539|6|7|0.0677|0.0015|0.0137|-0.1149|0.0874||1.24|14|1.01|5
GME211217P00420000||||189.85|189.85|42|0.00|0.0000|0|16|0|0|-0.9985|0.0001|-0.1840|-0.0060|0.0018||243.10|13|238.10|12
GME211217C00430000|0.97|0.97|0.97|1.08|0.97|43|-0.11|-0.1019|0|208|7|7|0.0015|0.0001|0.0001|-0.0074|0.0018||1.24|24|0.85|41
GME211217P00430000||||244.20|244.20|43|0.00|0.0000|0|0|0|0|-0.9986|0.0001|-0.1884|-0.0060|0.0018||253.05|12|246.30|10
GME211217C00440000||||1.15|1.15|44|0.00|0.0000|4|472|0|0|0.0013|0.0001|0.0001|-0.0067|0.0016||1.24|24|0.80|45
GME211217P00440000||||||44|||0|0|0|0|-0.9406|0.0013|-0.5904|-0.1038|0.0796||262.95|12|256.30|12
GME211217C00450000|1.03|1.03|0.76|1.02|0.95|45|-0.07|-0.0686|5|684|1|4|0.0648|0.0014|0.0138|-0.1110|0.0870||1.24|24|0.76|12
GME211217P00450000||||||45|||0|0|0|0|-0.9423|0.0013|-0.6045|-0.1028|0.0777||272.90|12|266.25|12
GME211217C00460000|1.11|1.11|1.11|1.02|1.11|46|0.09|0.0882|-133|1136|1|1|0.0010|0.0001|0.0001|-0.0055|0.0013||1.24|12|0.68|12
GME211217P00460000||||261.60|261.60|46|0.00|0.0000|0|5|0|0|-0.9991|0.0001|-0.2016|-0.0035|0.0012||282.80|12|276.20|12
GME211217C00470000|0.90|0.90|0.83|0.84|0.83|47|-0.01|-0.0119|0|189|8|10|0.0356|0.0009|0.0024|-0.2071|0.0295||1.24|20|0.62|18
GME211217P00470000||||||47||||0|0|0|-1.0000|0.0000|-0.2060|0.0016|0.0000||292.75|12|286.20|20
GME211217C00480000|0.82|0.82|0.82|0.67|0.82|48|0.15|0.2239|7|224|1|1|0.0347|0.0009|0.0023|-0.2058|0.0289||1.24|12|0.56|157
GME211217P00480000||||264.21|264.21|48|0.00|0.0000|0|7|0|0|-0.9763|0.0007|-0.2088|-0.1384|0.0211||302.70|12|296.20|1
GME211217C00490000||||0.86|0.86|49|0.00|0.0000|1|97|0|0|0.0288|0.0008|0.0019|-0.1735|0.0248||1.24|20|0.39|98
GME211217P00490000||||274.04|274.04|49|0.00|0.0000|0|7|0|0|-0.7948|0.0019|-0.6751|-0.3915|0.1955||312.60|12|306.15|20
GME211217C00500000|0.90|0.90|0.66|0.80|0.77|50|-0.03|-0.0375|-5|2488|1|6|0.0270|0.0007|0.0018|-0.1654|0.0235||0.90|4|0.38|42
GME211217P00500000||||290.05|290.05|50|0.00|0.0000|0|7|0|0|-0.9739|0.0007|-0.2174|-0.1582|0.0229||322.55|12|316.15|20
GME211217C00510000|0.72|0.96|0.62|0.72|0.69|51|-0.03|-0.0417|101|1366|1|86|0.2155|0.0019|0.0351|-0.4515|0.1954||0.69|2|0.57|1
GME211217P00510000||||277.97|277.97|51|0.00|0.0000|0|0|0|0|-0.9927|0.0003|-0.2230|-0.0434|0.0077||332.50|12|326.15|10
GME211223C00100000||||80.77|80.77|14|0.00|0.0000|-2|14|0|0|0.9904|0.0005|0.0591|-0.0284|0.0114||84.05|10|79.90|12
GME211223P00100000|0.90|0.90|0.90|0.80|0.90|14|0.10|0.1250|7|116|1|1|-0.0231|0.0009|-0.0029|-0.0737|0.0244||1.29|17|0.46|12
GME211223C00110000||||||13||||0|0|0|1.0000|0.0000|0.0663|-0.0004|0.0000||75.00|12|70.05|12
GME211223P00110000|0.80|0.80|0.80|1.69|0.80|13|-0.89|-0.5266|6|28|10|10|-0.1180|0.0020|-0.0462|-0.1637|0.1434||1.83|17|0.85|11
GME211223C00120000||||103.35|103.35|12|0.00|0.0000|0|1|0|0|0.8281|0.0011|0.0281|-1.2854|0.1129||65.10|4|60.90|12
GME211223P00120000||||1.15|1.15|12|0.00|0.0000|0|25|0|0|-0.0427|0.0020|-0.0052|-0.0952|0.0402||2.79|18|1.10|22
GME211223C00130000||||||11||||0|0|0|1.0000|0.0000|0.0784|-0.0005|0.0000||56.55|12|51.75|4
GME211223P00130000||||2.33|2.33|11|0.00|0.0000|4|72|0|0|-0.0811|0.0032|-0.0100|-0.1584|0.0665||4.05|18|2.05|16
GME211223C00140000||||||10||||0|0|0|1.0000|0.0000|0.0844|-0.0005|0.0000||47.85|12|43.25|12
GME211223P00140000||||3.90|3.90|10|0.00|0.0000|11|40|0|0|-0.1294|0.0046|-0.0161|-0.2177|0.0933||5.75|19|3.45|23
GME211223C00145000||||||9|||||0|0|1.0000|0.0000|0.0874|-0.0005|0.0000||44.10|4|39.25|15
GME211223P00145000||||||9|||||0|0|0.0000|0.0000|0.0000|0.0000|0.0000||6.90|17|4.50|21
GME211223C00150000||||55.90|55.90|8|0.00|0.0000|0|4|0|0|0.7281|0.0029|0.0442|-0.8616|0.1469||39.30|10|35.45|15
GME211223P00150000|4.80|7.60|4.10|6.45|7.20|8|0.75|0.1163|82|206|1|55|-0.1984|0.0061|-0.0250|-0.2914|0.1233||8.00|44|5.45|19
GME211223C00155000||||57.05|57.05|7|0.00|0.0000|0|10|0|0|0.7115|0.0029|0.0432|-0.9140|0.1511||35.65|15|31.85|12
GME211223P00155000|8.65|9.55|8.65|3.81|9.30|7|5.49|1.4409|0|111|8|18|-0.1735|0.0080|-0.0208|-0.1861|0.1135||9.75|38|6.75|22
GME211223C00160000||||53.80|53.80|6|0.00|0.0000|0|12|0|0|0.6935|0.0031|0.0432|-0.9173|0.1553||32.20|15|28.50|14
GME211223P00160000|10.28|11.60|8.10|9.59|10.00|6|0.41|0.0428|14|61|1|6|-0.2734|0.0073|-0.0350|-0.3450|0.1474||10.45|30|8.45|18
GME211223C00165000||||||5||||0|0|0|1.0000|0.0000|0.0994|-0.0006|0.0000||29.00|10|25.40|14
GME211223P00165000||||11.60|11.60|5|0.00|0.0000|12|21|0|0|-0.3289|0.0049|-0.1227|-0.2375|0.2576||13.60|16|9.90|14
GME211223C00170000||||25.94|25.94|4|0.00|0.0000|11|15|0|0|0.6371|0.0071|0.0536|-0.4503|0.1662||26.15|11|22.60|15
GME211223P00170000||||14.35|14.35|4|0.00|0.0000|2|33|0|0|-0.3623|0.0050|-0.1372|-0.2524|0.2650||15.20|15|12.20|15
GME211223C00175000||||19.00|19.00|3|0.00|0.0000|1|3|0|0|0.5964|0.0093|0.0533|-0.3657|0.1714||23.80|11|20.10|17
GME211223P00175000|13.64|17.35|13.50|16.30|16.05|3|-0.25|-0.0153|30|54|1|32|-0.4050|0.0084|-0.0534|-0.4054|0.1714||18.25|25|14.90|6
