symbol|open|high|low|preClose|close|activeLevel|change|changeRatio|openIntChange|openInterest|latestPriceVol|volume|delta|gamma|rho|theta|vega|tradeStamptradeTime|ask|avol|bid|bvol
GME211203C00100000|83.51|83.51|83.51|82.00|83.51|14|1.51|0.0184|0|10|1|1|0.9600|0.0012|0.0050|-1.5616|0.0118||84.30|4|80.45|12
GME211203P00100000|0.08|0.09|0.03|0.08|0.06|14|-0.02|-0.2500|146|513|1|56|-0.0032|0.0002|0.0000|-0.1045|0.0013||0.07|4|0.02|9
GME211203C00110000||||135.99|135.99|13|0.00|0.0000|0|1|0|0|0.9624|0.0001|0.0085|-0.6271|0.0493||74.30|12|70.45|12
GME211203P00110000|0.09|0.25|0.09|0.17|0.25|13|0.08|0.4706|15|172|1|14|-0.0056|0.0004|-0.0001|-0.1576|0.0022||0.24|25|0.05|44
GME211203C00120000||||||12||||0|0|0|1.0000|0.0000|0.0066|-0.0004|0.0000||64.40|11|60.35|19
GME211203P00120000|0.29|0.30|0.10|0.25|0.15|12|-0.10|-0.4000|148|381|1|112|-0.0099|0.0008|-0.0001|-0.2309|0.0036||0.17|1|0.16|115
GME211203C00130000||||65.44|65.44|11|0.00|0.0000|0|1|0|0|0.8192|0.0026|0.0046|-6.6206|0.0359||54.30|12|50.25|30
GME211203P00130000|0.16|0.50|0.16|0.40|0.26|11|-0.14|-0.3500|26|976|2|34|-0.2004|0.0020|-0.0644|-0.4957|0.1688||0.30|1|0.25|9
GME211203C00140000||||55.33|55.33|10|0.00|0.0000|0|6|0|0|0.7936|0.0033|0.0049|-6.2011|0.0389||44.70|12|40.15|24
GME211203P00140000|0.69|0.77|0.35|0.50|0.36|10|-0.14|-0.2800|57|1151|77|220|-0.2274|0.0025|-0.0689|-0.4622|0.1817||0.59|1|0.36|10
GME211203C00150000||||44.80|44.80|9|0.00|0.0000|0|6|0|0|0.7643|0.0042|0.0052|-5.5823|0.0420||34.70|13|30.10|21
GME211203P00150000|1.85|1.85|0.50|0.94|0.58|9|-0.36|-0.3830|17|1198|8|622|-0.0452|0.0041|-0.0005|-0.5496|0.0130||0.64|1|0.53|4
GME211203C00155000||||27.75|27.75|8|0.00|0.0000|0|5|0|0|0.7248|0.0037|0.0833|-0.4141|0.1930||29.95|18|25.05|31
GME211203P00155000|0.73|1.61|0.65|1.30|0.74|8|-0.56|-0.4308|34|992|10|79|-0.2743|0.0041|-0.0728|-0.3506|0.1998||0.96|16|0.69|11
GME211203C00160000|20.00|20.00|20.00|28.80|20.00|7|-8.80|-0.3056|0|115|2|15|0.7674|0.0013|0.0527|-0.8890|0.1840||25.00|13|20.45|41
GME211203P00160000|1.00|2.35|0.85|1.85|0.97|7|-0.88|-0.4757|14|440|10|653|-0.0644|0.0071|-0.0007|-0.5576|0.0172||1.14|9|0.90|12
GME211203C00165000||||32.50|32.50|6|0.00|0.0000|-1|31|0|0|0.6905|0.0057|0.0051|-5.4658|0.0481||20.65|23|15.70|25
GME211203P00165000|1.61|3.55|0.98|2.60|1.36|6|-1.24|-0.4769|467|783|12|998|-0.1030|0.0107|-0.0011|-0.7496|0.0245||1.57|10|1.31|12
GME211203C00170000|11.23|12.00|8.50|13.25|12.00|5|-1.25|-0.0943|10|50|8|46|0.8329|0.0155|0.0075|-1.0119|0.0342||16.30|37|12.40|28
GME211203P00170000|2.31|5.10|1.53|3.72|2.00|5|-1.72|-0.4624|275|934|1|1780|-0.1681|0.0158|-0.0018|-1.0014|0.0342||2.30|13|1.96|15
GME211203C00175000|9.64|10.53|6.00|9.70|10.53|4|0.83|0.0856|29|117|5|43|0.6270|0.0056|0.0901|-0.3300|0.2280||11.45|31|9.10|38
GME211203P00175000|1.95|7.25|1.95|4.95|3.05|4|-1.90|-0.3838|181|483|3|911|-0.3737|0.0059|-0.0955|-0.3124|0.2281||3.50|12|2.99|4
GME211203C00177500|10.10|10.10|4.70|7.55|8.24|3|0.69|0.0914|4|7|1|54|0.7038|0.0250|0.0066|-1.1945|0.0471||9.90|43|7.55|21
GME211203P00177500|4.40|8.60|2.87|5.85|4.00|3|-1.85|-0.3162|136|199|1|763|-0.2987|0.0245|-0.0032|-1.2295|0.0473||4.25|11|3.65|25
GME211203C00180000|8.54|11.00|3.20|7.10|6.97|2|-0.13|-0.0183|57|733|37|774|0.5983|0.0056|0.0866|-0.3412|0.2329||7.60|30|6.60|9
GME211203P00180000|5.50|10.10|3.50|6.98|4.55|2|-2.43|-0.3481|493|1768|8|1515|-0.4064|0.0063|-0.1036|-0.3063|0.2336||5.25|21|4.40|71
GME211203C00182500|7.88|8.47|3.11|6.70|5.50|1|-1.20|-0.1791|74|85|1|66|0.5607|0.0230|0.0052|-1.6872|0.0538||6.50|53|5.15|35
GME211203P00182500|5.90|11.00|4.48|8.00|6.25|1|-1.75|-0.2188|98|297|10|147|-0.4150|0.0056|-0.1102|-0.3491|0.2348||6.55|33|5.30|79
GME211203C00185000|4.90|7.95|2.08|4.90|4.49|1|-0.41|-0.0837|313|481|1|832|0.4989|0.0259|0.0047|-1.5377|0.0544||4.65|5|4.05|17
GME211203P00185000|6.43|14.03|5.65|9.80|8.65|1|-1.15|-0.1173|77|588|1|828|-0.5048|0.0288|-0.0054|-1.3825|0.0544||7.70|13|6.15|75
GME211203C00187500|3.85|6.50|1.83|3.95|3.75|2|-0.20|-0.0506|713|730|1|515|0.4340|0.0258|0.0041|-1.4983|0.0537||4.00|59|3.10|11
GME211203P00187500|7.91|15.14|7.00|10.70|9.23|2|-1.47|-0.1374|113|475|1|39|-0.4658|0.0074|-0.1165|-0.2736|0.2393||9.90|31|7.45|72
GME211203C00190000|3.95|5.18|1.50|3.70|2.90|3|-0.80|-0.2162|634|778|5|732|0.5468|0.0055|0.0795|-0.3673|0.2386||2.95|11|2.33|18
GME211203P00190000|11.24|18.00|8.00|12.00|10.50|3|-1.50|-0.1250|-109|833|1|211|-0.6867|0.0326|-0.0074|-0.9617|0.0484||10.50|1|9.15|49
GME211203C00192500|2.95|4.25|1.47|2.96|2.26|4|-0.70|-0.2365|434|502|1|108|0.3257|0.0223|0.0031|-1.4559|0.0491||2.47|54|1.80|37
GME211203P00192500|11.75|16.88|11.63|14.20|15.35|4|1.15|0.0810|-101|273|1|9|-0.5146|0.0082|-0.1174|-0.2693|0.2305||13.35|9|10.80|48
GME211203C00195000|2.37|3.40|1.00|2.40|1.77|5|-0.63|-0.2625|397|597|2|473|0.2744|0.0206|0.0026|-1.3458|0.0455||1.87|31|1.40|14
GME211203P00195000|14.00|21.77|12.00|16.71|14.00|5|-2.71|-0.1622|-61|626|1|146|-0.7814|0.0229|-0.0086|-0.9486|0.0402||15.55|20|12.75|53
GME211203C00197500|2.55|2.85|0.96|2.04|1.50|6|-0.54|-0.2647|386|490|1|443|0.2384|0.0184|0.0023|-1.3029|0.0423||1.55|33|1.12|18
GME211203P00197500|23.22|23.22|20.41|18.95|20.41|6|1.46|0.0770|38|202|8|9|-0.6626|0.0138|-0.0077|-2.4087|0.0498||17.85|10|14.75|41
GME211203C00200000|1.75|2.33|0.81|1.69|1.05|7|-0.64|-0.3787|381|1051|5|1946|0.4977|0.0054|0.0732|-0.3766|0.2402||1.10|5|0.91|18
GME211203P00200000|17.55|26.85|16.00|22.15|18.76|7|-3.39|-0.1530|-71|998|1|216|-0.5086|0.0056|-0.1298|-0.3933|0.2306||19.95|12|17.20|33
GME211203C00202500|2.00|2.00|0.81|1.48|1.00|8|-0.48|-0.3243|35|281|2|410|0.1653|0.0146|0.0016|-1.0611|0.0339||1.08|30|0.77|22
GME211203P00202500|20.05|22.43|20.05|21.91|22.43|8|0.52|0.0237|-27|184|20|22|-0.9398|0.0109|-0.0105|-0.3267|0.0163||22.40|8|19.45|24
GME211203C00205000|1.17|1.68|0.70|1.34|0.84|9|-0.50|-0.3731|206|834|5|565|0.4859|0.0051|0.0704|-0.4033|0.2401||0.83|2|0.67|23
GME211203P00205000|22.06|31.10|22.06|28.45|25.48|9|-2.97|-0.1044|-4|484|10|65|-0.7854|0.0127|-0.0092|-1.6810|0.0398||24.80|12|21.85|21
GME211203C00207500|1.29|1.35|0.61|1.10|0.69|10|-0.41|-0.3727|-5|400|1|47|0.1159|0.0110|0.0011|-0.8655|0.0266||0.77|46|0.59|39
GME211203P00207500|23.40|31.50|23.40|20.90|31.50|10|10.60|0.5072|-2|35|1|3|-0.6899|0.0096|-0.0086|-3.2362|0.0481||27.25|7|24.25|13
GME211203C00210000|1.01|1.24|0.60|1.11|0.64|11|-0.47|-0.4234|79|939|1|544|0.4650|0.0050|0.0624|-0.4399|0.2297||0.70|18|0.54|18
GME211203P00210000|28.16|35.15|27.10|30.40|28.84|11|-1.56|-0.0513|1|385|1|30|-0.9559|0.0068|-0.0111|-0.3211|0.0127||29.75|12|26.50|37
GME211203C00212500|0.95|1.05|0.53|0.92|0.57|12|-0.35|-0.3804|119|297|49|129|0.4847|0.0044|0.0672|-0.4683|0.2401||0.66|24|0.49|25
GME211203P00212500||||34.12|34.12|12|0.00|0.0000|-1|67|0|0|-0.7650|0.0095|-0.0095|-2.4861|0.0419||32.05|12|29.00|25
GME211203C00215000|0.81|1.00|0.50|0.87|0.50|13|-0.37|-0.4253|21|792|1|194|0.0946|0.0081|0.0009|-0.8793|0.0230||0.59|1|0.47|10
GME211203P00215000|31.50|35.35|31.50|34.35|35.35|13|1.00|0.0291|-1|226|1|14|-0.8168|0.0091|-0.0101|-1.9298|0.0361||34.55|12|31.50|23
GME211203C00217500|0.70|0.70|0.50|0.71|0.50|14|-0.21|-0.2958|-7|183|1|15|0.0909|0.0075|0.0009|-0.8952|0.0223||0.59|25|0.43|10
GME211203P00217500||||30.09|30.09|14|0.00|0.0000|0|74|0|0|-0.9981|0.0006|-0.0119|-0.0148|0.0008||36.95|12|34.00|13
GME211203C00220000|0.77|0.81|0.43|0.77|0.47|15|-0.30|-0.3896|-11|1378|5|294|0.4977|0.0037|0.0648|-0.5560|0.2402||0.47|1|0.41|13
GME211203P00220000|35.30|44.52|35.30|40.00|38.63|15|-1.37|-0.0343|1|213|1|17|-0.4409|0.0028|-0.1717|-0.7101|0.2376||39.45|11|36.25|24
GME211203C00222500|0.66|0.73|0.47|0.57|0.47|16|-0.10|-0.1754|-15|181|1|18|0.0491|0.0050|0.0005|-0.5158|0.0139||0.47|1|0.37|17
GME211203P00222500|47.10|47.10|45.85|34.99|45.85|16|10.86|0.3104|0|51|2|6|-0.7510|0.0072|-0.0100|-3.4729|0.0432||41.95|12|38.75|13
GME211203C00225000|0.71|0.72|0.41|0.71|0.45|17|-0.26|-0.3662|-80|656|2|103|0.0529|0.0049|0.0005|-0.5940|0.0147||0.47|5|0.43|3
GME211203P00225000||||45.20|45.20|17|0.00|0.0000|-3|125|0|0|-0.8426|0.0072|-0.0109|-2.0197|0.0328||44.45|12|41.20|21
GME211203C00227500|0.50|0.70|0.46|0.77|0.50|18|-0.27|-0.3506|3|97|2|27|0.0542|0.0047|0.0005|-0.6390|0.0150||0.46|13|0.35|12
GME211203P00227500|53.85|53.85|45.47|33.03|45.48|18|12.45|0.3769|0|26|1|5|-0.7055|0.0062|-0.0100|-4.8297|0.0470||46.95|12|43.50|12
GME211203C00230000|0.54|0.63|0.35|0.62|0.40|19|-0.22|-0.3548|192|927|1|168|0.4754|0.0036|0.0619|-0.5712|0.2398||0.44|6|0.35|8
GME211203P00230000|47.50|56.35|47.50|45.00|47.98|19|2.98|0.0662|-3|67|1|6|-0.7106|0.0060|-0.0102|-4.9083|0.0467||49.45|12|46.00|12
GME211203C00232500|0.48|0.48|0.38|0.57|0.38|20|-0.19|-0.3333|-8|93|1|8|0.0385|0.0036|0.0004|-0.4885|0.0114||0.43|11|0.31|12
GME211203P00232500||||46.88|46.88|20|0.00|0.0000|-1|34|0|0|-0.9974|0.0005|-0.0127|-0.0293|0.0011||51.95|7|48.50|12
GME211203C00235000|0.33|0.60|0.33|0.54|0.40|21|-0.14|-0.2593|-1|331|6|101|0.0524|0.0040|0.0005|-0.7109|0.0146||0.41|14|0.31|12
GME211203P00235000|51.57|61.30|50.00|54.89|53.44|21|-1.45|-0.0264|-6|371|1|43|-0.8817|0.0057|-0.0118|-1.7336|0.0270||54.45|12|50.95|29
GME211203C00237500|0.42|0.42|0.42|0.52|0.42|22|-0.10|-0.1923|0|115|1|1|0.0522|0.0039|0.0005|-0.7370|0.0145||0.41|22|0.28|21
GME211203P00237500|54.06|63.79|52.54|57.38|55.94|22|-1.44|-0.0251|-6|284|1|32|-0.8848|0.0054|-0.0120|-1.7494|0.0265||56.95|12|53.45|23
GME211203C00240000|0.50|0.60|0.31|0.50|0.35|23|-0.15|-0.3000|1|592|2|193|0.0531|0.0038|0.0005|-0.7768|0.0148||0.35|12|0.30|5
GME211203P00240000|54.95|66.50|54.95|57.50|66.50|23|9.00|0.1565|-1|101|1|5|-0.7264|0.0053|-0.0109|-5.2530|0.0454||59.45|12|55.95|12
GME211203C00245000|0.47|0.47|0.27|0.44|0.27|24|-0.17|-0.3864|-31|414|1|46|0.0448|0.0032|0.0004|-0.6972|0.0129||0.35|7|0.25|12
GME211203P00245000|60.55|60.55|60.55|62.45|60.55|24|-1.90|-0.0304|-1|68|1|1|-0.9897|0.0012|-0.0133|-0.1505|0.0037||64.45|12|60.90|12
GME211203C00250000|0.25|0.45|0.25|0.41|0.25|25|-0.16|-0.3902|-50|3342|1|1450|0.0344|0.0026|0.0003|-0.5628|0.0104||0.33|7|0.25|6
GME211203P00250000|71.49|74.50|71.49|65.43|74.50|25|9.07|0.1386|-9|123|1|3|-0.9071|0.0042|-0.0128|-1.6328|0.0227||69.45|12|65.90|12
GME211203C00260000|0.23|0.34|0.23|0.37|0.24|26|-0.13|-0.3514|10|714|2|60|0.0305|0.0021|0.0003|-0.5569|0.0094||0.28|14|0.22|1
GME211203P00260000||||75.00|75.00|26|0.00|0.0000|-1|6|0|0|-0.5208|0.0028|-0.2045|-0.7942|0.2303||79.45|12|75.85|18
GME211203C00270000|0.22|0.34|0.20|0.26|0.22|27|-0.04|-0.1538|-1|587|1|209|0.0229|0.0016|0.0002|-0.4578|0.0074||0.26|10|0.20|7
GME211203P00270000|85.99|86.50|85.99|90.50|86.50|27|-4.00|-0.0442|4|21|2|4|-0.9822|0.0014|-0.0146|-0.3510|0.0060||89.45|12|85.80|12
GME211203C00280000|0.22|0.30|0.16|0.25|0.16|28|-0.09|-0.3600|-8|572|1|67|0.4647|0.0026|0.0535|-0.7797|0.2393||0.22|1|0.19|1
GME211203P00280000||||95.00|95.00|28|0.00|0.0000|-3|10|0|0|-0.5026|0.0024|-0.2265|-0.9267|0.2306||100.00|12|95.85|11
GME211203C00290000|0.27|0.27|0.12|0.25|0.12|29|-0.13|-0.5200|200|502|1|16|0.0123|0.0009|0.0001|-0.2850|0.0044||0.15|4|0.10|18
GME211203P00290000||||||29||||0|0|0|-1.0000|0.0000|-0.3098|0.0009|0.0000||109.90|12|105.70|12
GME211203C00300000|0.17|0.22|0.09|0.17|0.13|30|-0.04|-0.2353|16|2195|1|238|0.0111|0.0008|0.0001|-0.2738|0.0040||0.15|1|0.11|31
GME211203P00300000||||111.10|111.10|30|0.00|0.0000|-1|2|0|0|-0.9999|0.0000|-0.0164|-0.0010|0.0000||119.80|12|115.90|12
GME211203C00310000|0.11|0.13|0.10|0.20|0.13|31|-0.07|-0.3500|-10|344|1|3|0.0120|0.0008|0.0001|-0.3161|0.0043||0.15|12|0.08|23
GME211203P00310000||||71.90|71.90|31|0.00|0.0000|0|4|0|0|-1.0000|0.0000|-0.0170|0.0010|0.0000||129.75|12|125.95|4
GME211203C00320000|0.10|0.12|0.10|0.17|0.12|32|-0.05|-0.2941|100|389|1|2|0.4707|0.0022|0.0459|-0.9976|0.2294||0.13|6|0.08|2
GME211203P00320000||||||32||||0|0|0|-1.0000|0.0000|-0.0175|0.0010|0.0000||139.70|12|136.05|12
GME211203C00330000|0.08|0.08|0.07|0.11|0.07|33|-0.04|-0.3636|68|348|1|4|0.0067|0.0004|0.0001|-0.1933|0.0025||0.09|1|0.07|1
GME211203P00330000||||127.27|127.27|33|0.00|0.0000|0|2|0|0|-0.9959|0.0003|-0.0180|-0.1179|0.0017||149.70|12|145.60|12
GME211203C00340000|0.08|0.08|0.07|0.11|0.07|34|-0.04|-0.3636|21|135|1|3|0.4541|0.0022|0.0445|-1.0115|0.2291||0.08|1|0.05|12
GME211203P00340000||||134.20|134.20|34|0.00|0.0000|0|1|0|0|-0.9986|0.0001|-0.0186|-0.0423|0.0006||159.65|12|155.85|12
GME211203C00350000|0.09|0.09|0.05|0.10|0.05|35|-0.05|-0.5000|226|1237|1|26|0.0048|0.0003|0.0000|-0.1512|0.0019||0.07|2|0.04|9
GME211203P00350000||||136.35|136.35|35|0.00|0.0000|0|3|0|0|-0.7368|0.0027|-0.3376|-0.5114|0.1966||169.65|12|165.95|5
GME211203C00360000||||0.09|0.09|36|0.00|0.0000|-2|159|0|0|0.0070|0.0004|0.0001|-0.2331|0.0026||0.07|5|0.03|10
GME211203P00360000||||||36||||0|0|0|-1.0000|0.0000|-0.3550|0.0011|0.0000||179.60|12|176.00|4
GME211203C00370000||||0.05|0.05|37|0.00|0.0000|-2|88|0|0|0.4564|0.0020|0.0429|-1.0923|0.2292||0.11|23|0.02|13
GME211203P00370000||||136.05|136.05|37|0.00|0.0000|0|1|0|0|-1.0000|0.0000|-0.0203|0.0011|0.0000||189.60|10|185.65|12
GME211203C00380000|0.06|0.06|0.06|0.10|0.06|38|-0.04|-0.4000|15|101|1|1|0.0047|0.0003|0.0000|-0.1678|0.0019||0.07|6|0.01|5
GME211203P00380000||||170.35|170.35|38|0.00|0.0000|0|0|0|0|-0.6336|0.0022|-0.3354|-0.8741|0.2170||199.60|3|195.85|12
GME211203C00390000|0.02|0.02|0.02|0.09|0.02|39|-0.07|-0.7778|9|91|2|2|0.0021|0.0001|0.0000|-0.0757|0.0009||0.07|2|0.00|0
GME211203P00390000||||||39||||0|0|0|-1.0000|0.0000|-0.3846|0.0012|0.0000||209.60|3|205.85|12
GME211203C00400000|0.04|0.06|0.01|0.07|0.04|40|-0.03|-0.4286|-34|2449|10|44|0.0044|0.0003|0.0000|-0.1686|0.0018||0.06|43|0.03|1
GME211203P00400000||||215.38|215.38|40|0.00|0.0000|-10|0|0|0|-0.9999|0.0000|-0.0219|-0.0018|0.0000||219.60|10|215.65|12
GME211203C00410000|0.05|0.05|0.02|0.05|0.05|41|0.00|0.0000|-2|1055|1|35|0.0025|0.0002|0.0000|-0.0969|0.0011||0.11|24|0.03|7
GME211203P00410000||||||41||||0|0|0|-1.0000|0.0000|-0.0225|0.0013|0.0000||229.55|12|224.90|12
GME211203C00420000|0.04|0.04|0.04|0.05|0.04|42|-0.01|-0.2000|7|231|4|4|0.4922|0.0017|0.0444|-1.1892|0.2391||0.06|1|0.01|1
GME211203P00420000||||||42||||0|0|0|-1.0000|0.0000|-0.4487|0.0013|0.0000||239.55|12|234.90|12
GME211203C00430000||||0.03|0.03|43|0.00|0.0000|21|70|0|0|0.0026|0.0002|0.0000|-0.1075|0.0011||0.23|2|0.01|6
GME211203P00430000||||||43||||0|0|0|-1.0000|0.0000|-0.0236|0.0013|0.0000||249.80|12|244.90|12
GME211203C00440000|0.08|0.08|0.08|0.05|0.08|44|0.03|0.6000|1|70|1|1|0.0056|0.0003|0.0001|-0.2362|0.0022||0.17|1|0.00|0
GME211203P00440000||||||44||||0|0|0|-1.0000|0.0000|-0.0241|0.0014|0.0000||259.75|12|254.90|12
GME211203C00450000|0.02|0.02|0.02|0.03|0.02|45|-0.01|-0.3333|5|483|1|1|0.0018|0.0001|0.0000|-0.0764|0.0008||0.11|1|0.01|20
GME211203P00450000||||||45||||0|0|0|-1.0000|0.0000|-0.0247|0.0014|0.0000||269.85|12|264.90|12
GME211203C00460000|0.11|0.11|0.03|0.02|0.05|46|0.03|1.5000|-1|59|1|5|0.0037|0.0002|0.0000|-0.1655|0.0015||0.05|1|0.01|1
GME211203P00460000||||||46||||0|0|0|-1.0000|0.0000|-0.0252|0.0014|0.0000||279.70|12|274.90|12
GME211203C00470000||||0.07|0.07|47|0.00|0.0000|-57|191|0|0|0.0048|0.0002|0.0000|-0.2173|0.0019||0.05|1|0.00|0
GME211203P00470000||||||47||||0|0|0|-1.0000|0.0000|-0.0258|0.0014|0.0000||289.70|12|284.90|12
GME211203C00480000|0.05|0.06|0.05|0.04|0.06|48|0.02|0.5000|1|91|1|2|0.0043|0.0002|0.0000|-0.1975|0.0017||0.10|1|0.00|0
GME211203P00480000||||||48||||0|0|0|-1.0000|0.0000|-0.5128|0.0015|0.0000||299.70|12|294.90|12
GME211203C00490000||||0.06|0.06|49|0.00|0.0000|16|250|0|0|0.0042|0.0002|0.0000|-0.1975|0.0017||0.04|1|0.01|1
GME211203P00490000||||||49||||0|0|0|-1.0000|0.0000|-0.5235|0.0015|0.0000||310.50|1|304.90|12
GME211203C00500000|0.05|0.05|0.01|0.05|0.01|50|-0.04|-0.8000|1|1370|1|19|0.0009|0.0001|0.0000|-0.0417|0.0004||0.05|5|0.01|4
GME211203P00500000||||||50||||0|0|0|-1.0000|0.0000|-0.0274|0.0015|0.0000||320.50|1|314.90|12
GME211203C00510000|0.04|0.04|0.01|0.05|0.01|51|-0.04|-0.8000|217|5698|1|373|0.0015|0.0001|0.0000|-0.0746|0.0007||0.02|2|0.01|25
GME211203P00510000||||||51||||0|0|0|-1.0000|0.0000|-0.0279|0.0016|0.0000||330.50|1|324.90|12
GME211210C00100000||||86.01|86.01|15|0.00|0.0000|0|1|0|0|0.9277|0.0015|0.0204|-0.7158|0.0399||85.05|7|80.80|12
GME211210P00100000|0.57|0.79|0.34|0.57|0.53|15|-0.04|-0.0702|65|210|1|26|-0.0198|0.0008|-0.0010|-0.1564|0.0138||0.60|1|0.31|66
GME211210C00110000||||76.13|76.13|14|0.00|0.0000|0|2|0|0|0.9363|0.0017|0.0237|-0.4965|0.0361||74.90|9|71.00|4
GME211210P00110000|0.85|0.85|0.79|0.71|0.79|14|0.08|0.1127|50|206|1|3|-0.0287|0.0012|-0.0015|-0.1956|0.0189||1.00|52|0.64|5
GME211210C00120000||||76.03|76.03|13|0.00|0.0000|0|1|0|0|0.8440|0.0021|0.0194|-1.4857|0.0693||65.25|9|61.30|4
GME211210P00120000|0.60|1.31|0.60|0.95|1.10|13|0.15|0.1579|2|96|1|174|-0.0460|0.0019|-0.0024|-0.2738|0.0279||1.23|42|0.81|75
GME211210C00130000||||||12||||0|0|0|1.0000|0.0000|0.0321|-0.0004|0.0000||55.80|13|51.90|12
GME211210P00130000|1.30|2.00|1.00|1.50|1.65|12|0.15|0.1000|20|431|1|68|-0.0407|0.0022|-0.0020|-0.1909|0.0253||1.65|10|1.32|18
GME211210C00140000||||56.44|56.44|11|0.00|0.0000|0|29|0|0|0.7942|0.0033|0.0220|-1.3678|0.0824||46.60|17|42.80|12
GME211210P00140000|2.30|3.20|1.75|2.49|2.28|11|-0.21|-0.0843|47|299|1|228|-0.2124|0.0032|-0.0631|-0.3098|0.1833||2.45|22|2.11|10
GME211210C00145000||||||10|||||0|0|1.0000|0.0000|0.0358|-0.0005|0.0000||42.15|25|38.45|12
GME211210P00145000|2.60|3.60|2.60|2.60|3.15|10|0.55|0.2115|||1|5|-0.0991|0.0047|-0.0050|-0.3612|0.0505||3.30|52|2.65|43
GME211210C00150000||||47.05|47.05|9|0.00|0.0000|0|19|0|0|0.7556|0.0039|0.0223|-1.3931|0.0909||37.85|26|34.25|12
GME211210P00150000|3.00|5.00|2.81|3.70|3.55|9|-0.15|-0.0405|51|220|1|302|-0.1235|0.0057|-0.0062|-0.4051|0.0591||3.70|1|3.35|22
GME211210C00155000||||58.70|58.70|8|0.00|0.0000|0|45|0|0|0.7229|0.0027|0.0179|-2.2952|0.0968||33.45|23|30.25|15
GME211210P00155000|4.95|6.40|4.40|4.95|4.50|8|-0.45|-0.0909|94|195|13|40|-0.1614|0.0068|-0.0082|-0.4866|0.0708||4.95|16|4.25|65
GME211210C00160000||||29.75|29.75|7|0.00|0.0000|0|204|0|0|0.7581|0.0069|0.0267|-0.7803|0.0903||29.65|33|26.40|22
GME211210P00160000|5.00|8.20|5.00|6.00|5.72|7|-0.28|-0.0467|153|386|13|189|-0.1977|0.0081|-0.0100|-0.5324|0.0805||6.20|18|5.35|96
GME211210C00165000|21.75|21.75|21.75|23.22|21.75|6|-1.47|-0.0633|2|2|1|1|0.6860|0.0054|0.1069|-0.2728|0.2241||26.00|37|22.85|26
GME211210P00165000|7.65|10.05|6.48|7.75|7.44|6|-0.31|-0.0400|18|320|9|56|-0.2471|0.0091|-0.0126|-0.6069|0.0914||7.75|22|6.75|82
GME211210C00170000|24.00|24.00|17.52|20.07|21.00|5|0.93|0.0463|11|16|2|17|0.6901|0.0093|0.0258|-0.7424|0.1021||22.65|36|19.65|39
GME211210P00170000|8.54|12.29|7.15|8.90|8.90|5|0.00|0.0000|-2|360|1|144|-0.2919|0.0106|-0.0149|-0.6177|0.0994||9.30|1|8.55|74
GME211210C00175000|19.14|19.14|13.80|18.40|15.55|4|-2.85|-0.1549|7|25|14|33|0.6276|0.0054|0.1055|-0.2878|0.2474||19.65|38|17.10|15
GME211210P00175000|9.55|15.25|9.50|11.66|10.45|4|-1.21|-0.1038|117|418|1|196|-0.3565|0.0111|-0.0184|-0.6978|0.1078||11.55|15|10.65|12
GME211210C00177500|16.27|16.27|16.26|16.27|16.26|3|-0.01|-0.0006|||1|2|0.6114|0.0105|0.0234|-0.7751|0.1108||17.70|13|15.80|18
GME211210P00177500|11.31|16.03|11.31|11.31|12.00|3|0.69|0.0610|||1|17|-0.3845|0.0110|-0.0201|-0.7396|0.1106||12.80|25|11.55|56
GME211210C00180000|14.20|18.25|11.72|14.75|15.80|2|1.05|0.0712|58|79|1|209|0.5864|0.0105|0.0225|-0.8007|0.1127||16.15|22|15.05|10
GME211210P00180000|13.00|17.50|11.63|14.30|13.50|2|-0.80|-0.0559|117|606|1|175|-0.4154|0.0115|-0.0217|-0.7356|0.1127||13.95|6|13.00|12
GME211210C00182500|15.85|15.85|10.82|15.85|14.13|1|-1.72|-0.1085|||1|37|0.5643|0.0083|0.0208|-1.0357|0.1138||15.60|38|13.45|21
GME211210P00182500|14.38|19.00|14.38|14.38|15.26|1|0.88|0.0612|||3|14|-0.4435|0.0132|-0.0229|-0.6560|0.1143||15.45|14|13.70|39
GME211210C00185000|15.95|15.95|9.20|12.60|13.25|1|0.65|0.0516|53|108|1|46|0.5327|0.0107|0.0206|-0.8188|0.1151||13.90|18|12.50|32
GME211210P00185000|14.53|20.50|14.50|17.01|18.00|1|0.99|0.0582|61|358|1|38|-0.4715|0.0118|-0.0248|-0.7465|0.1152||17.05|17|15.15|61
GME211210C00187500|15.35|15.35|9.15|11.00|12.20|2|1.20|0.1091|9|19|1|22|0.5706|0.0049|0.0941|-0.3433|0.2568||13.35|49|11.40|19
GME211210P00187500|16.10|18.80|16.10|15.45|17.90|2|2.45|0.1586|45|127|1|3|-0.5195|0.0152|-0.0266|-0.5811|0.1153||18.75|41|16.35|56
GME211210C00190000|12.50|13.20|8.50|10.75|11.25|3|0.50|0.0465|10|96|1|120|0.5593|0.0049|0.0862|-0.3730|0.2493||11.60|4|10.75|13
GME211210P00190000|20.96|23.00|19.26|21.52|19.26|3|-2.26|-0.1050|50|428|1|6|-0.4357|0.0047|-0.1476|-0.3608|0.2575||20.20|36|17.85|65
GME211210C00192500|11.15|11.65|7.78|9.50|10.65|4|1.15|0.1211|33|65|1|13|0.4514|0.0109|0.0178|-0.7985|0.1146||10.90|14|9.85|7
GME211210P00192500|18.46|21.38|18.46|22.09|20.00|4|-2.09|-0.0946|14|86|2|24|-0.5548|0.0114|-0.0298|-0.7625|0.1143||22.15|38|19.55|46
GME211210C00195000|10.22|11.43|7.00|9.70|9.45|5|-0.25|-0.0258|76|134|100|139|0.5419|0.0047|0.0830|-0.3913|0.2507||10.45|28|8.85|12
GME211210P00195000|20.40|23.13|20.40|22.97|23.13|5|0.16|0.0070|41|190|20|25|-0.4820|0.0056|-0.1555|-0.3069|0.2606||24.00|22|21.10|57
GME211210C00197500|8.80|8.99|8.18|9.50|8.99|6|-0.51|-0.0537|10|46|1|12|0.4044|0.0104|0.0160|-0.8000|0.1121||9.75|50|8.15|20
GME211210P00197500||||19.25|19.25|6|0.00|0.0000|27|104|0|0|-0.6858|0.0152|-0.0355|-0.4583|0.1027||25.80|22|22.65|38
GME211210C00200000|8.80|10.00|6.00|7.80|8.07|7|0.27|0.0346|82|634|1|155|0.3835|0.0101|0.0152|-0.8009|0.1105||8.75|19|7.65|21
GME211210P00200000|25.18|31.28|25.18|27.05|26.05|7|-1.00|-0.0370|-20|659|1|22|-0.4569|0.0041|-0.1670|-0.4184|0.2594||27.55|38|24.55|63
GME211210C00202500|8.75|8.75|6.10|7.25|7.60|8|0.35|0.0483|3|67|1|21|0.3565|0.0100|0.0142|-0.7751|0.1078||8.25|33|6.90|53
GME211210P00202500|27.95|27.95|27.95|26.32|27.95|8|1.63|0.0619|15|48|1|1|-0.5195|0.0055|-0.1598|-0.3325|0.2517||29.50|34|26.40|32
GME211210C00205000|7.30|7.30|5.28|6.79|7.00|9|0.21|0.0309|26|159|3|30|0.3404|0.0095|0.0135|-0.7826|0.1060||7.60|21|6.45|14
GME211210P00205000|27.42|32.21|26.88|31.25|32.21|9|0.96|0.0307|2|177|1|5|-0.6274|0.0086|-0.0361|-0.9266|0.1095||31.40|34|28.30|53
GME211210C00207500|5.55|7.35|5.10|5.55|6.55|10|1.00|0.1802|4|68|1|12|0.3092|0.0096|0.0124|-0.7157|0.1020||7.00|37|6.05|6
GME211210P00207500|29.52|32.00|29.52|28.58|32.00|10|3.42|0.1197|-5|18|1|2|-0.8452|0.0117|-0.0445|-0.2691|0.0689||33.45|36|30.25|30
GME211210C00210000|7.00|7.00|4.50|5.82|6.30|11|0.48|0.0825|10|309|1|38|0.3039|0.0090|0.0121|-0.7553|0.1012||6.60|28|5.40|76
GME211210P00210000|34.85|38.38|34.47|36.62|34.47|11|-2.15|-0.0587|-4|105|1|18|-0.6718|0.0084|-0.0389|-0.8597|0.1046||35.50|36|32.00|31
GME211210C00212500|6.00|6.00|4.40|5.55|5.75|12|0.20|0.0360|54|83|20|27|0.4716|0.0046|0.0737|-0.3997|0.2514||6.00|14|4.95|48
GME211210P00212500|33.64|33.64|33.64|32.63|33.64|12|1.01|0.0310|-1|38|1|1|-0.5710|0.0055|-0.1910|-0.3018|0.2568||37.55|34|34.25|25
GME211210C00215000|3.95|5.75|3.95|5.09|5.20|13|0.11|0.0216|6|165|1|24|0.2705|0.0084|0.0108|-0.7275|0.0958||5.30|1|4.65|32
GME211210P00215000|42.73|42.73|42.73|40.77|42.73|13|1.96|0.0481|-4|34|1|1|-0.7258|0.0083|-0.0421|-0.7450|0.0963||39.40|12|36.10|29
GME211210C00217500|5.45|5.45|4.28|5.55|4.50|14|-1.05|-0.1892|3|30|1|4|0.4679|0.0043|0.0717|-0.4280|0.2512||5.25|21|4.40|7
GME211210P00217500||||28.08|28.08|14|0.00|0.0000|0|25|0|0|-0.6590|0.0067|-0.2083|-0.2178|0.2399||41.85|34|38.10|39
GME211210C00220000|5.00|5.35|3.57|4.80|4.50|15|-0.30|-0.0625|47|401|1|198|0.2494|0.0077|0.0100|-0.7294|0.0919||4.80|13|4.05|15
GME211210P00220000|39.30|42.63|39.30|42.99|42.63|15|-0.36|-0.0084|0|155|1|2|-0.6410|0.0060|-0.1963|-0.2687|0.2361||43.95|33|40.60|35
GME211210C00222500|4.55|4.55|3.50|4.14|4.20|16|0.06|0.0145|5|63|1|30|0.2133|0.0075|0.0086|-0.6243|0.0842||4.55|29|3.75|39
GME211210P00222500||||33.35|33.35|16|0.00|0.0000|0|45|0|0|-0.8811|0.0072|-0.0498|-0.3062|0.0574||46.30|34|42.70|31
GME211210C00225000|4.28|4.60|3.20|4.05|4.20|17|0.15|0.0370|16|334|1|27|0.4419|0.0043|0.0683|-0.4260|0.2494||4.20|12|3.55|19
GME211210P00225000|47.35|47.35|47.35|47.49|47.35|17|-0.14|-0.0029|2|461|1|1|-0.7694|0.0071|-0.0463|-0.7267|0.0880||48.55|22|44.75|47
GME211210C00227500|4.25|4.25|3.22|3.65|3.35|18|-0.30|-0.0822|2|23|1|5|0.1989|0.0069|0.0080|-0.6296|0.0808||4.15|16|3.30|40
GME211210P00227500||||34.06|34.06|18|0.00|0.0000|0|35|0|0|-0.8077|0.0069|-0.2469|-0.1175|0.1788||50.80|22|47.05|23
GME211210C00230000|4.00|4.05|2.55|3.55|3.40|19|-0.15|-0.0423|9|393|1|25|0.1950|0.0066|0.0079|-0.6422|0.0798||3.80|14|3.20|18
GME211210P00230000||||41.51|41.51|19|0.00|0.0000|-1|38|0|0|-0.8692|0.0063|-0.0513|-0.3980|0.0614||53.15|19|49.25|24
GME211210C00232500|3.60|3.90|3.05|3.00|3.32|20|0.32|0.1067|-19|30|1|4|0.1799|0.0063|0.0073|-0.6090|0.0758||3.65|14|3.00|31
GME211210P00232500||||49.93|49.93|20|0.00|0.0000|1|11|0|0|-0.9250|0.0050|-0.0541|-0.2214|0.0410||55.45|19|51.65|13
GME211210C00235000|3.40|3.55|2.49|3.15|3.10|21|-0.05|-0.0159|-30|902|4|35|0.1732|0.0060|0.0070|-0.6053|0.0740||3.40|16|2.94|9
GME211210P00235000|57.29|57.29|57.29|45.86|57.29|21|11.43|0.2492|0|36|1|1|-0.5495|0.0037|-0.2253|-0.4625|0.2589||57.80|19|53.95|24
GME211210C00237500|2.69|2.69|2.69|2.90|2.69|22|-0.21|-0.0724|0|18|1|3|0.1625|0.0058|0.0066|-0.5805|0.0711||3.30|30|2.73|19
GME211210P00237500||||48.03|48.03|22|0.00|0.0000|1|25|0|0|-0.8992|0.0052|-0.0544|-0.3352|0.0510||60.15|19|56.20|13
GME211210C00240000|2.82|3.60|2.48|2.84|2.90|23|0.06|0.0211|20|330|3|77|0.1592|0.0056|0.0064|-0.5873|0.0702||3.10|29|2.58|76
GME211210P00240000|58.15|58.15|58.15|45.67|58.15|23|12.48|0.2733|0|33|1|1|-0.6243|0.0043|-0.2378|-0.3613|0.2481||62.50|15|58.20|35
GME211210C00245000|3.23|3.23|2.20|2.56|2.57|24|0.01|0.0039|4|172|1|8|0.1503|0.0052|0.0060|-0.5874|0.0676||2.76|25|2.35|24
GME211210P00245000||||50.19|50.19|24|0.00|0.0000|0|23|0|0|-0.7867|0.0052|-0.2666|-0.1748|0.1902||67.25|28|63.20|26
GME211210C00250000|3.15|3.20|1.90|2.35|2.18|25|-0.17|-0.0723|-1|2190|2|153|0.1350|0.0047|0.0054|-0.5523|0.0628||2.40|1|2.15|9
GME211210P00250000||||60.35|60.35|25|0.00|0.0000|1|15|0|0|-0.9091|0.0042|-0.0579|-0.3546|0.0473||72.10|22|67.85|36
GME211210C00255000|2.37|2.37|1.80|2.20|2.11|26|-0.09|-0.0409|12|65|1|17|0.1176|0.0043|0.0048|-0.5014|0.0570||2.27|19|1.93|21
GME211210P00255000||||40.40|40.40|26|0.00|0.0000|0|5|0|0|-0.9979|0.0003|-0.0628|-0.0069|0.0019||76.95|16|72.85|13
GME211210C00260000|3.10|3.10|1.65|2.20|1.89|27|-0.31|-0.1409|-16|936|1|63|0.3853|0.0035|0.0580|-0.4822|0.2416||2.14|43|1.80|22
GME211210P00260000||||69.85|69.85|27|0.00|0.0000|1|22|0|0|-0.9234|0.0035|-0.0609|-0.3283|0.0416||81.85|20|77.85|13
GME211210C00270000|2.00|2.02|1.48|1.82|1.66|28|-0.16|-0.0879|16|220|1|14|0.0962|0.0035|0.0039|-0.4640|0.0494||1.75|11|1.53|12
GME211210P00270000||||75.18|75.18|28|0.00|0.0000|0|14|0|0|-0.9273|0.0031|-0.0636|-0.3418|0.0400||91.65|15|87.55|5
GME211210C00280000|1.83|1.83|1.19|1.50|1.45|29|-0.05|-0.0333|22|226|3|33|0.3538|0.0033|0.0569|-0.4571|0.2432||1.59|16|1.31|17
GME211210P00280000||||84.53|84.53|29|0.00|0.0000|0|1|0|0|-0.6932|0.0035|-0.2811|-0.4058|0.2219||101.45|15|97.15|13
GME211210C00290000|1.45|1.47|1.34|1.49|1.47|30|-0.02|-0.0134|9|150|8|13|0.0821|0.0028|0.0033|-0.4573|0.0439||1.39|17|1.16|4
GME211210P00290000||||82.25|82.25|30|0.00|0.0000|0|7|0|0|-0.9943|0.0005|-0.0713|-0.0279|0.0047||111.30|24|107.15|15
GME211210C00300000|1.28|1.36|1.05|1.24|1.10|31|-0.14|-0.1129|-171|876|1|218|0.3361|0.0030|0.0499|-0.5091|0.2305||1.15|2|1.12|1
GME211210P00300000||||76.00|76.00|31|0.00|0.0000|0|14|0|0|-0.9990|0.0001|-0.0739|-0.0045|0.0010||121.20|24|117.00|14
GME211210C00310000|1.10|1.10|0.95|1.06|1.07|32|0.01|0.0094|3|156|100|106|0.3216|0.0030|0.0477|-0.5051|0.2259||1.10|5|0.95|10
GME211210P00310000||||83.61|83.61|32|0.00|0.0000|0|4|0|0|-0.8774|0.0029|-0.3668|-0.1553|0.1328||131.05|15|126.05|17
GME211210C00320000|1.00|1.00|0.95|0.99|0.95|33|-0.04|-0.0404|11|274|1|4|0.3236|0.0028|0.0472|-0.5303|0.2264||1.05|21|0.81|9
GME211210P00320000||||89.47|89.47|33|0.00|0.0000|0|3|0|0|-0.9999|0.0000|-0.0789|0.0002|0.0002||141.00|10|136.05|1
GME211210C00330000|0.89|0.92|0.89|1.05|0.92|34|-0.13|-0.1238|26|263|9|23|0.0513|0.0018|0.0021|-0.3501|0.0305||1.00|33|0.73|7
GME211210P00330000||||||34||||0|0|0|-1.0000|0.0000|-0.3887|0.0011|0.0000||151.00|4|146.05|12
GME211210C00340000|0.80|0.84|0.75|0.87|0.75|35|-0.12|-0.1379|2|88|1|9|0.0451|0.0016|0.0018|-0.3201|0.0275||0.82|11|0.76|1
GME211210P00340000||||||35||||0|0|0|-1.0000|0.0000|-0.0838|0.0011|0.0000||160.75|6|156.05|3
GME211210C00350000|1.05|1.05|0.68|0.76|0.71|36|-0.05|-0.0658|-501|388|1|48|0.2991|0.0026|0.0436|-0.5375|0.2194||0.72|16|0.67|1
GME211210P00350000||||||36||||0|0|0|-1.0000|0.0000|-0.0863|0.0011|0.0000||171.75|4|165.20|12
GME211210C00360000|0.62|0.68|0.62|0.63|0.68|37|0.05|0.0794|5|87|1|4|0.2974|0.0025|0.0429|-0.5505|0.2188||0.67|5|0.54|7
GME211210P00360000||||||37||||0|0|0|-1.0000|0.0000|-0.0888|0.0012|0.0000||180.65|12|176.05|12
GME211210C00370000||||0.75|0.75|38|0.00|0.0000|-3|21|0|0|0.0375|0.0012|0.0015|-0.2976|0.0236||0.67|11|0.46|74
GME211210P00370000||||||38||||0|0|0|-1.0000|0.0000|-0.0912|0.0012|0.0000||190.60|12|186.00|12
GME211210C00380000|0.62|0.62|0.62|0.52|0.62|39|0.10|0.1923|6|51|3|3|0.0296|0.0010|0.0012|-0.2416|0.0195||0.62|8|0.46|59
GME211210P00380000||||||39||||0|0|0|-1.0000|0.0000|-0.0937|0.0012|0.0000||200.50|4|195.10|20
GME211210C00390000|0.55|0.55|0.55|0.59|0.55|40|-0.04|-0.0678|3|47|2|4|0.0285|0.0010|0.0011|-0.2402|0.0189||0.57|4|0.51|1
GME211210P00390000||||||40||||0|0|0|-1.0000|0.0000|-0.0962|0.0013|0.0000||210.45|12|205.10|20
GME211210C00400000|0.72|0.72|0.45|0.57|0.48|41|-0.09|-0.1579|-207|426|1|41|0.3057|0.0023|0.0450|-0.5875|0.2293||0.48|8|0.42|13
GME211210P00400000||||||41||||0|0|0|-1.0000|0.0000|-0.5040|0.0013|0.0000||220.35|2|215.10|20
GME211210C00410000|0.49|0.49|0.49|0.38|0.49|42|0.11|0.2895|6|52|1|1|0.2813|0.0023|0.0395|-0.5867|0.2126||0.51|14|0.40|8
GME211210P00410000||||||42||||0|0|0|-1.0000|0.0000|-0.1011|0.0013|0.0000||230.30|4|225.10|10
GME211210C00420000|0.50|0.55|0.45|0.42|0.45|43|0.03|0.0714|11|169|2|4|0.0242|0.0008|0.0010|-0.2220|0.0165||0.47|9|0.37|5
GME211210P00420000||||||43||||0|0|0|-1.0000|0.0000|-0.4947|0.0014|0.0000||240.25|4|235.10|12
GME211210C00430000|0.34|0.40|0.31|0.38|0.40|44|0.02|0.0526|17|42|1|302|0.2930|0.0022|0.0428|-0.5969|0.2249||0.43|1|0.25|17
GME211210P00430000||||||44||||0|0|0|-1.0000|0.0000|-0.1060|0.0014|0.0000||250.25|8|245.10|12
GME211210C00440000|0.52|0.52|0.32|0.30|0.39|45|0.09|0.3000|0|33|1|34|0.0210|0.0007|0.0008|-0.2013|0.0146||0.47|33|0.24|7
GME211210P00440000||||||45||||0|0|0|-1.0000|0.0000|-0.1085|0.0014|0.0000||260.25|12|255.10|1
GME211210C00450000|0.24|0.35|0.23|0.31|0.35|46|0.04|0.1290|6|98|1|213|0.0188|0.0006|0.0007|-0.1847|0.0133||0.47|33|0.18|1
GME211210P00450000||||||46||||0|0|0|-1.0000|0.0000|-0.1110|0.0015|0.0000||270.25|8|265.10|1
GME211210C00460000||||0.27|0.27|47|0.00|0.0000|1|18|0|0|0.0153|0.0005|0.0006|-0.1535|0.0112||0.47|20|0.30|3
GME211210P00460000||||||47||||0|0|0|-1.0000|0.0000|-0.1134|0.0015|0.0000||280.25|12|275.10|2
GME211210C00470000|0.34|0.34|0.34|0.28|0.34|48|0.06|0.2143|3|15|1|1|0.0179|0.0006|0.0007|-0.1836|0.0128||0.47|32|0.20|1
GME211210P00470000||||||48||||0|0|0|-1.0000|0.0000|-0.1159|0.0015|0.0000||290.25|12|285.10|5
GME211210C00480000|0.40|0.40|0.40|0.25|0.40|49|0.15|0.6000|7|32|1|1|0.0199|0.0006|0.0008|-0.2085|0.0140||0.47|23|0.20|1
GME211210P00480000||||||49||||0|0|0|-1.0000|0.0000|-0.6048|0.0016|0.0000||300.60|8|295.00|20
GME211210C00490000|0.30|0.35|0.26|0.40|0.26|50|-0.14|-0.3500|4|91|1|14|0.0162|0.0005|0.0006|-0.1722|0.0117||0.42|3|0.25|1
GME211210P00490000||||||50||||0|0|0|-1.0000|0.0000|-0.1208|0.0016|0.0000||310.60|12|305.00|20
GME211210C00500000|0.38|0.38|0.19|0.38|0.28|51|-0.10|-0.2632|-12|856|1|33|0.2782|0.0019|0.0394|-0.6325|0.2185||0.35|3|0.26|2
GME211210P00500000||||||51||||0|0|0|-1.0000|0.0000|-0.6300|0.0016|0.0000||320.60|12|315.00|20
GME211210C00510000|0.55|0.55|0.11|0.37|0.30|52|-0.07|-0.1892|139|2025|1|200|0.0133|0.0004|0.0005|-0.1469|0.0099||0.30|5|0.26|2
GME211210P00510000||||||52||||0|0|0|-1.0000|0.0000|-0.6426|0.0017|0.0000||330.60|12|325.00|10
GME211217C00080000|94.56|94.56|94.56|110.26|94.56|20|-15.70|-0.1424|0|1|1|1|0.9107|0.0009|0.0226|-0.9030|0.0623||105.20|10|100.75|12
GME211217P00080000|0.47|0.47|0.32|0.30|0.35|20|0.05|0.1667|26|349|3|8|-0.0106|0.0004|-0.0010|-0.0637|0.0108||0.63|57|0.13|73
GME211217C00085000||||95.85|95.85|19|0.00|0.0000|0|1|0|0|0.9522|0.0010|0.0323|-0.3167|0.0382||100.30|10|95.80|12
GME211217P00085000|0.45|0.45|0.42|0.35|0.42|19|0.07|0.2000|1|122|1|3|-0.0685|0.0011|-0.0241|-0.1632|0.0900||0.45|1|0.32|1
GME211217C00090000||||137.00|137.00|18|0.00|0.0000|0|4|0|0|0.9015|0.0005|0.0124|-1.7702|0.0670||95.35|10|90.90|12
GME211217P00090000|0.49|0.51|0.49|0.46|0.51|18|0.05|0.1087|0|66|1|3|-0.0792|0.0012|-0.0295|-0.1681|0.1031||0.82|59|0.35|44
GME211217C00100000||||114.96|114.96|17|0.00|0.0000|0|49|0|0|0.9709|0.0010|0.1285|-0.0437|0.0451||84.90|12|81.05|12
GME211217P00100000|0.80|0.81|0.50|0.78|0.69|17|-0.09|-0.1154|126|869|10|274|-0.0010|0.0001|-0.0001|-0.0040|0.0013||0.81|13|0.63|8
GME211217C00105000||||66.05|66.05|16|0.00|0.0000|0|1|0|0|0.9983|0.0001|0.0459|-0.0066|0.0021||80.00|12|76.15|4
GME211217P00105000|0.87|0.95|0.87|0.78|0.94|16|0.16|0.2051|-2|89|1|54|-0.0019|0.0002|-0.0002|-0.0070|0.0023||1.14|68|0.74|64
GME211217C00110000||||73.25|73.25|15|0.00|0.0000|0|1|0|0|0.9540|0.0016|0.1372|-0.0603|0.0656||75.25|12|71.30|12
GME211217P00110000|0.89|1.40|0.89|0.82|1.10|15|0.28|0.3415|2|375|50|57|-0.0032|0.0003|-0.0003|-0.0110|0.0038||1.36|88|0.87|98
GME211217C00115000||||112.11|112.11|14|0.00|0.0000|0|2|0|0|0.9957|0.0004|0.0500|-0.0138|0.0048||70.45|12|66.55|12
GME211217P00115000|1.34|1.45|1.34|0.68|1.45|14|0.77|1.1324|0|148|5|17|-0.0058|0.0005|-0.0005|-0.0186|0.0064||1.45|51|1.05|110
GME211217C00120000||||64.15|64.15|13|0.00|0.0000|24|51|0|0|0.9924|0.0006|0.0519|-0.0227|0.0081||65.75|14|61.85|13
GME211217P00120000|1.37|1.43|1.37|1.34|1.43|13|0.09|0.0672|17|153|7|9|-0.0763|0.0023|-0.0226|-0.0895|0.0977||1.87|67|1.33|47
GME211217C00125000||||79.68|79.68|12|0.00|0.0000|0|35|0|0|0.9853|0.0011|0.0535|-0.0402|0.0143||61.10|17|57.25|13
GME211217P00125000|1.55|1.88|1.55|1.56|1.88|12|0.32|0.2051|-4|205|3|6|-0.0173|0.0012|-0.0015|-0.0475|0.0165||2.11|63|1.62|63
GME211217C00130000||||55.70|55.70|11|0.00|0.0000|0|10|0|0|0.8867|0.0031|0.1527|-0.1121|0.1348||56.50|23|52.70|12
GME211217P00130000|1.86|2.65|1.80|2.20|2.54|11|0.34|0.1545|9|195|20|30|-0.0276|0.0018|-0.0024|-0.0697|0.0245||2.45|21|1.99|67
GME211217C00135000||||90.47|90.47|10|0.00|0.0000|0|3|0|0|0.9617|0.0024|0.0558|-0.0887|0.0320||52.00|29|48.30|12
GME211217P00135000|2.62|2.62|2.62|2.75|2.62|10|-0.13|-0.0473|0|140|1|1|-0.1408|0.0035|-0.0454|-0.1333|0.1568||3.35|84|2.47|68
GME211217C00140000|40.15|40.15|40.15|47.75|40.15|9|-7.60|-0.1592|1|146|1|1|0.8400|0.0040|0.1517|-0.1405|0.1708||47.40|13|44.00|12
GME211217P00140000|3.26|4.39|3.00|3.21|3.25|9|0.04|0.0125|11|549|1|289|-0.0603|0.0034|-0.0053|-0.1298|0.0461||3.50|4|3.25|7
GME211217C00145000||||96.94|96.94|8|0.00|0.0000|0|57|0|0|0.9191|0.0044|0.0564|-0.1589|0.0578||43.45|28|39.85|12
GME211217P00145000|4.18|4.18|3.35|4.15|4.15|8|0.00|0.0000|16|211|2|24|-0.0878|0.0045|-0.0078|-0.1750|0.0615||4.45|7|3.90|91
GME211217C00150000||||35.85|35.85|7|0.00|0.0000|0|71|0|0|0.8862|0.0057|0.0557|-0.2055|0.0743||39.45|28|35.90|12
GME211217P00150000|4.25|6.92|4.00|5.25|5.15|7|-0.10|-0.0190|86|1619|1|178|-0.1190|0.0057|-0.0106|-0.2173|0.0767||5.45|16|5.05|9
GME211217C00155000||||42.74|42.74|6|0.00|0.0000|0|11|0|0|0.7531|0.0051|0.1433|-0.1838|0.2216||35.35|47|32.15|23
GME211217P00155000|4.10|8.13|4.10|6.88|8.13|6|1.25|0.1817|13|308|1|15|-0.1554|0.0069|-0.0139|-0.2589|0.0921||6.75|15|6.05|110
GME211217C00160000|25.00|25.00|25.00|38.33|25.00|5|-13.33|-0.3478|-1|97|1|1|0.7245|0.0056|0.1332|-0.1986|0.2275||31.85|51|28.55|49
GME211217P00160000|6.80|10.00|6.40|8.40|8.10|5|-0.30|-0.0357|26|650|4|259|-0.1991|0.0080|-0.0179|-0.3030|0.1077||8.20|25|7.60|89
GME211217C00165000||||34.08|34.08|4|0.00|0.0000|0|82|0|0|0.6909|0.0058|0.1283|-0.2126|0.2401||28.50|52|25.35|46
GME211217P00165000|8.60|10.85|8.60|10.05|10.30|4|0.25|0.0249|22|307|1|11|-0.2512|0.0091|-0.0228|-0.3481|0.1228||10.10|29|9.20|95
GME211217C00170000||||23.22|23.22|3|0.00|0.0000|-2|117|0|0|0.6996|0.0101|0.0471|-0.3762|0.1342||25.50|58|22.30|71
GME211217P00170000|11.28|14.80|10.85|11.92|11.50|3|-0.42|-0.0352|291|1083|1|75|-0.3034|0.0099|-0.0278|-0.3870|0.1348||12.25|23|11.20|97
GME211217C00175000|21.90|21.90|16.27|21.60|20.50|2|-1.10|-0.0509|-22|188|1|11|0.6261|0.0061|0.1253|-0.2233|0.2659||22.40|69|19.55|75
GME211217P00175000|15.80|16.43|14.45|14.30|14.45|2|0.15|0.0105|18|703|1|6|-0.3748|0.0061|-0.1218|-0.2365|0.2583||14.45|12|13.25|86
GME211217C00180000|21.00|21.00|14.24|17.51|18.70|1|1.19|0.0680|17|465|1|50|0.5845|0.0113|0.0403|-0.4194|0.1503||20.15|85|17.70|48
GME211217P00180000|15.35|20.86|15.00|17.60|18.00|1|0.40|0.0227|199|1062|1|20|-0.4131|0.0110|-0.0386|-0.4289|0.1503||16.95|12|15.60|95
GME211217C00185000|17.00|18.25|12.92|16.00|16.10|1|0.10|0.0063|13|268|1|23|0.5296|0.0115|0.0369|-0.4304|0.1535||17.55|104|15.50|15
GME211217P00185000|17.32|23.60|17.00|19.85|19.70|1|-0.15|-0.0076|1|269|1|56|-0.4355|0.0061|-0.1541|-0.2379|0.2764||20.00|15|18.05|82
GME211217C00187500||||14.09|14.09|2|0.00|0.0000|15|39|0|0|0.5161|0.0093|0.0349|-0.5315|0.1538||16.35|69|14.50|13
GME211217P00187500||||21.85|21.85|2|0.00|0.0000|15|115|0|0|-0.4755|0.0084|-0.0474|-0.5875|0.1537||21.80|50|19.45|45
GME211217C00190000|15.00|16.15|10.20|13.65|14.50|3|0.85|0.0623|83|239|10|75|0.4736|0.0114|0.0333|-0.4334|0.1536||14.95|52|13.55|11
GME211217P00190000|20.10|26.92|20.10|22.75|22.69|3|-0.06|-0.0026|3|450|2|14|-0.5266|0.0112|-0.0502|-0.4428|0.1534||23.70|83|20.85|65
GME211217C00192500|12.74|12.74|12.74|12.10|12.74|4|0.64|0.0529|20|28|1|1|0.4750|0.0090|0.0322|-0.5495|0.1536||14.45|80|12.70|4
GME211217P00192500||||24.70|24.70|4|0.00|0.0000|7|112|0|0|-0.4458|0.0046|-0.1754|-0.3171|0.2775||25.35|48|22.45|34
GME211217C00195000|13.00|13.35|11.85|11.79|12.00|5|0.21|0.0178|18|148|1|5|0.4209|0.0111|0.0298|-0.4303|0.1509||13.45|63|11.75|41
GME211217P00195000|29.90|31.30|24.50|25.08|24.50|5|-0.58|-0.0231|8|423|1|98|-0.5759|0.0109|-0.0556|-0.4395|0.1512||26.40|43|24.05|57
GME211217C00197500|12.50|13.00|10.99|10.50|10.99|6|0.49|0.0467|33|38|1|41|0.5172|0.0051|0.0955|-0.3088|0.2715||12.60|62|11.10|14
GME211217P00197500||||27.65|27.65|6|0.00|0.0000|1|93|0|0|-0.5604|0.0085|-0.0568|-0.5681|0.1521||28.80|58|25.80|44
GME211217C00200000|11.05|12.80|8.47|10.50|11.00|7|0.50|0.0476|134|1099|1|448|0.4718|0.0063|0.0931|-0.2511|0.2711||11.80|81|10.70|1
GME211217P00200000|28.60|32.77|28.10|28.61|28.10|7|-0.51|-0.0178|4|1921|1|9|-0.6227|0.0104|-0.0610|-0.4335|0.1466||29.00|4|27.70|75
GME211217C00202500|10.60|10.60|10.50|10.00|10.50|8|0.50|0.0500|5|18|5|8|0.5091|0.0047|0.0975|-0.3177|0.2800||11.05|61|9.80|10
GME211217P00202500||||24.10|24.10|8|0.00|0.0000|0|116|0|0|-0.7143|0.0125|-0.0676|-0.2874|0.1312||32.45|52|29.05|53
GME211217C00205000|10.00|10.05|7.47|9.40|10.00|9|0.60|0.0638|16|57|1|21|0.4935|0.0048|0.0902|-0.3290|0.2718||10.35|60|9.15|18
GME211217P00205000|36.08|36.08|33.98|33.95|33.98|9|0.03|0.0009|6|165|10|11|-0.4964|0.0046|-0.1905|-0.3467|0.2718||34.35|46|31.20|40
GME211217C00207500|10.20|10.20|7.35|9.03|9.00|10|-0.03|-0.0033|12|28|1|7|0.3691|0.0080|0.0252|-0.5579|0.1455||9.60|51|8.60|14
GME211217P00207500||||21.30|21.30|10|0.00|0.0000|0|181|0|0|-0.9173|0.0100|-0.0845|-0.0722|0.0588||36.25|55|32.80|55
GME211217C00210000|10.25|10.25|6.70|9.00|9.15|11|0.15|0.0167|323|845|1|32|0.2800|0.0094|0.0201|-0.3753|0.1297||8.90|11|8.15|14
GME211217P00210000|40.00|40.70|40.00|40.00|40.21|11|0.21|0.0053|7|226|1|6|-0.7153|0.0093|-0.0716|-0.3846|0.1308||38.25|57|35.00|60
GME211217C00212500|6.50|6.50|6.50|7.88|6.50|12|-1.38|-0.1751|1|22|1|1|0.4649|0.0047|0.0855|-0.3328|0.2707||8.55|53|7.60|13
GME211217P00212500|42.25|42.25|42.25|27.00|42.25|12|15.25|0.5648|0|59|4|4|-0.6203|0.0067|-0.0681|-0.6767|0.1469||40.30|50|36.95|38
GME211217C00215000|8.03|8.03|7.30|7.33|7.30|13|-0.03|-0.0041|3|93|1|4|0.4617|0.0046|0.0894|-0.3230|0.2788||8.10|55|7.15|12
GME211217P00215000|38.00|46.00|38.00|32.68|42.25|13|9.57|0.2928|0|99|1|4|-0.6576|0.0071|-0.0711|-0.5955|0.1418||42.30|39|39.00|32
GME211217C00217500|7.20|7.20|7.20|7.75|7.20|14|-0.55|-0.0710|18|38|1|1|0.3159|0.0072|0.0216|-0.5525|0.1373||7.65|56|6.75|30
GME211217P00217500|47.80|47.80|47.80|34.55|47.80|14|13.25|0.3835|0|23|1|1|-0.9063|0.0075|-0.0882|-0.1158|0.0645||44.45|43|41.05|28
GME211217C00220000|6.89|7.58|5.30|6.70|6.80|15|0.10|0.0149|257|1902|1|46|0.3744|0.0058|0.0797|-0.2347|0.2661||7.35|69|6.40|33
GME211217P00220000|46.55|46.55|46.55|42.02|46.55|15|4.53|0.1078|-1|445|1|1|-0.7824|0.0079|-0.0807|-0.3399|0.1135||46.55|36|42.90|68
GME211217C00222500|7.50|7.50|7.25|5.85|7.25|16|1.40|0.2393|1|67|1|2|0.4318|0.0046|0.0846|-0.3186|0.2759||6.90|54|6.05|38
GME211217P00222500|52.45|52.95|51.52|31.45|52.95|16|21.50|0.6836|0|10|1|11|-0.4869|0.0033|-0.2361|-0.4485|0.2799||48.75|34|45.00|38
GME211217C00225000|6.35|6.35|5.50|6.00|6.20|17|0.20|0.0333|6|105|1|16|0.2686|0.0067|0.0186|-0.5053|0.1273||6.55|56|5.80|31
GME211217P00225000|48.50|48.50|48.50|32.35|48.50|17|16.15|0.4992|0|31|1|2|-0.9366|0.0054|-0.0938|-0.0892|0.0480||49.50|18|47.55|35
GME211217C00227500|5.60|5.60|5.60|5.85|5.60|18|-0.25|-0.0427|-1|8|1|1|0.2585|0.0065|0.0179|-0.5032|0.1246||6.20|52|5.50|36
GME211217P00227500||||48.05|48.05|18|0.00|0.0000|17|60|0|0|-0.8146|0.0069|-0.0863|-0.3232|0.1031||53.10|24|49.40|56
GME211217C00230000|5.65|6.40|5.30|5.33|5.45|19|0.12|0.0225|-3|431|2|16|0.1587|0.0065|0.0116|-0.2806|0.0934||5.95|54|5.35|8
GME211217P00230000|54.21|54.21|54.21|49.83|54.21|19|4.38|0.0879|-10|63|1|1|-0.8366|0.0065|-0.0889|-0.2899|0.0952||55.35|41|51.90|25
GME211217C00232500|4.50|4.50|4.45|5.20|4.45|20|-0.75|-0.1442|3|80|1|3|0.2194|0.0062|0.0154|-0.4381|0.1141||5.75|58|5.00|35
GME211217P00232500||||53.30|53.30|20|0.00|0.0000|0|19|0|0|-0.8152|0.0063|-0.0887|-0.3519|0.1029||57.60|27|54.05|25
GME211217C00235000|5.70|5.70|5.70|4.79|5.70|21|0.91|0.1900|17|74|5|5|0.4108|0.0042|0.0745|-0.3644|0.2650||5.45|40|4.75|32
GME211217P00235000||||54.70|54.70|21|0.00|0.0000|43|60|0|0|-0.8499|0.0060|-0.0921|-0.2849|0.0900||59.85|25|55.95|51
GME211217C00240000|4.37|4.75|4.37|4.70|4.75|22|0.05|0.0106|-4|308|10|60|0.1149|0.0052|0.0084|-0.2266|0.0749||5.00|17|4.40|28
GME211217P00240000|65.50|65.50|65.50|65.23|65.50|22|0.27|0.0041|8|54|1|1|-0.8787|0.0053|-0.0963|-0.2410|0.0777||64.45|13|60.50|21
GME211217C00245000|4.75|4.75|4.10|4.10|4.17|23|0.07|0.0171|5|87|2|153|0.1862|0.0052|0.0130|-0.4276|0.1033||4.70|56|4.10|43
GME211217P00245000|71.40|71.40|71.40|56.01|71.40|23|15.39|0.2748|-5|49|2|5|-0.7255|0.0050|-0.0894|-0.6989|0.1286||69.15|19|65.20|20
GME211217C00250000|4.46|4.75|3.45|4.00|4.05|24|0.05|0.0125|14|1169|1|59|0.0831|0.0040|0.0061|-0.1811|0.0589||4.25|19|3.80|32
GME211217P00250000||||73.53|73.53|24|0.00|0.0000|-1|56|0|0|-0.9121|0.0041|-0.1031|-0.1919|0.0615||73.85|22|69.80|23
GME211217C00255000|3.60|3.60|3.45|3.60|3.45|25|-0.15|-0.0417|-1|355|1|2|0.1648|0.0046|0.0115|-0.4145|0.0957||4.05|56|3.55|61
GME211217P00255000||||39.75|39.75|25|0.00|0.0000|0|5|0|0|-0.9976|0.0004|-0.1116|-0.0039|0.0028||78.60|19|74.35|23
GME211217C00260000|3.55|3.65|3.20|3.59|3.65|26|0.06|0.0167|30|516|2|12|0.0604|0.0031|0.0045|-0.1436|0.0462||3.75|17|3.40|3
GME211217P00260000|78.20|78.20|78.20|72.05|78.20|26|6.15|0.0854|0|21|1|1|-0.9354|0.0032|-0.1092|-0.1532|0.0487||83.40|16|79.15|22
GME211217C00270000|3.25|3.25|2.90|3.19|3.00|27|-0.19|-0.0596|18|541|1|5|0.0456|0.0024|0.0034|-0.1172|0.0369||3.40|55|3.00|18
GME211217P00270000||||65.35|65.35|27|0.00|0.0000|0|49|0|0|-0.9502|0.0026|-0.1147|-0.1278|0.0396||93.05|16|88.85|20
GME211217C00280000|3.29|3.29|2.60|2.55|2.69|28|0.14|0.0549|7|2032|2|7|0.0351|0.0019|0.0026|-0.0971|0.0299||3.35|93|2.75|1
GME211217P00280000||||91.00|91.00|28|0.00|0.0000|0|10|0|0|-0.9622|0.0020|-0.1199|-0.1041|0.0318||102.80|15|98.45|20
GME211217C00290000|2.60|2.69|2.48|2.43|2.69|29|0.26|0.1070|3|522|8|44|0.0269|0.0015|0.0020|-0.0795|0.0240||2.70|22|2.43|36
GME211217P00290000||||68.50|68.50|29|0.00|0.0000|0|25|0|0|-0.8219|0.0035|-0.3605|-0.1929|0.1775||112.60|13|107.95|31
GME211217C00300000|2.55|2.60|2.20|2.35|2.40|30|0.05|0.0213|199|5147|20|661|0.0197|0.0012|0.0015|-0.0621|0.0184||2.40|43|2.29|3
GME211217P00300000|125.00|125.00|125.00|116.00|125.00|30|9.00|0.0776|0|20|4|5|-0.9774|0.0013|-0.1298|-0.0701|0.0207||122.40|13|117.95|5
GME211217C00310000|2.10|2.40|2.10|2.21|2.40|31|0.19|0.0860|-1|369|5|11|0.0151|0.0009|0.0011|-0.0499|0.0147||2.37|47|2.08|24
GME211217P00310000||||102.75|102.75|31|0.00|0.0000|0|3|0|0|-0.9823|0.0010|-0.1346|-0.0579|0.0169||132.30|13|127.80|13
GME211217C00320000|2.00|2.04|2.00|2.00|2.00|32|0.00|0.0000|4|407|1|44|0.1262|0.0027|0.0263|-0.1564|0.1412||2.12|15|1.92|10
GME211217P00320000||||96.00|96.00|32|0.00|0.0000|0|17|0|0|-0.9860|0.0008|-0.1392|-0.0480|0.0138||142.20|15|137.80|12
GME211217C00330000||||1.75|1.75|33|0.00|0.0000|28|213|0|0|0.0094|0.0006|0.0007|-0.0343|0.0097||2.07|52|1.77|36
GME211217P00330000||||159.50|159.50|33|0.00|0.0000|0|3|0|0|-0.8753|0.0026|-0.4262|-0.1606|0.1400||152.10|13|147.70|10
GME211217C00340000|2.00|2.00|1.70|1.53|1.70|34|0.17|0.1111|5|232|1|2|0.0077|0.0005|0.0006|-0.0292|0.0081||1.90|36|1.66|25
GME211217P00340000||||126.85|126.85|34|0.00|0.0000|0|7|0|0|-0.9913|0.0005|-0.1484|-0.0323|0.0091||161.95|4|157.45|7
GME211217C00350000|1.75|1.84|1.50|1.75|1.69|35|-0.06|-0.0343|13|990|1|38|0.0063|0.0004|0.0005|-0.0251|0.0069||1.76|24|1.55|10
GME211217P00350000||||133.85|133.85|35|0.00|0.0000|0|4|0|0|-0.8813|0.0024|-0.4823|-0.1560|0.1393||171.85|16|167.20|13
GME211217C00360000|1.50|1.60|1.50|1.58|1.60|36|0.02|0.0127|0|308|1|4|0.0984|0.0021|0.0204|-0.1416|0.1181||1.60|14|1.43|38
GME211217P00360000||||||36|||0|0|0|0|-0.8867|0.0022|-0.4980|-0.1539|0.1348||181.75|16|177.05|14
GME211217C00370000|1.45|1.45|1.45|1.97|1.45|37|-0.52|-0.2640|0|447|1|1|0.0046|0.0003|0.0003|-0.0197|0.0052||1.60|33|1.34|37
GME211217P00370000||||172.65|172.65|37|0.00|0.0000|0|3|0|0|-0.9946|0.0003|-0.1618|-0.0219|0.0060||191.70|19|187.05|13
GME211217C00380000|1.60|1.60|1.60|1.36|1.60|38|0.24|0.1765|1|169|1|1|0.0041|0.0003|0.0003|-0.0182|0.0047||1.60|51|1.28|6
GME211217P00380000||||165.60|165.60|38|0.00|0.0000|0|17|0|0|-0.9955|0.0003|-0.1662|-0.0187|0.0051||201.60|13|197.05|13
GME211217C00390000||||1.38|1.38|39|0.00|0.0000|0|192|0|0|0.0958|0.0019|0.0208|-0.1432|0.1194||1.39|18|1.15|66
GME211217P00390000||||||39|||0|0|0|0|-0.9023|0.0019|-0.5452|-0.1449|0.1205||211.60|2|206.75|12
GME211217C00400000|1.20|1.39|1.20|1.29|1.20|40|-0.09|-0.0698|16|1166|2|9|0.0802|0.0017|0.0165|-0.1298|0.1012||1.32|16|1.11|9
GME211217P00400000||||198.90|198.90|40|0.00|0.0000|0|3|0|0|-0.9964|0.0002|-0.1751|-0.0156|0.0041||221.40|7|216.75|12
GME211217C00410000||||1.22|1.22|41|0.00|0.0000|1|204|0|0|0.0844|0.0017|0.0183|-0.1327|0.1087||1.29|28|1.03|39
GME211217P00410000||||190.90|190.90|41|0.00|0.0000|0|3|0|0|-0.9969|0.0002|-0.1795|-0.0139|0.0037||231.40|12|226.75|12
GME211217C00420000|1.37|1.37|1.01|1.16|1.13|42|-0.03|-0.0259|-1|539|1|11|0.0732|0.0016|0.0151|-0.1244|0.0947||1.24|31|1.01|2
GME211217P00420000||||189.85|189.85|42|0.00|0.0000|0|16|0|0|-0.9980|0.0001|-0.1840|-0.0083|0.0024||241.25|12|236.75|12
GME211217C00430000|0.97|0.97|0.97|1.08|0.97|43|-0.11|-0.1019|0|208|7|7|0.0019|0.0001|0.0001|-0.0096|0.0023||1.24|40|0.85|50
GME211217P00430000||||244.20|244.20|43|0.00|0.0000|0|0|0|0|-0.9983|0.0001|-0.1884|-0.0073|0.0021||251.15|4|245.40|10
GME211217C00440000||||1.15|1.15|44|0.00|0.0000|4|472|0|0|0.0016|0.0001|0.0001|-0.0084|0.0020||1.09|14|0.80|31
GME211217P00440000||||||44|||0|0|0|0|-0.9376|0.0014|-0.5897|-0.1093|0.0837||261.10|4|255.40|12
GME211217C00450000|1.03|1.03|0.76|1.02|0.95|45|-0.07|-0.0686|5|684|1|4|0.0700|0.0014|0.0152|-0.1203|0.0943||0.95|1|0.76|21
GME211217P00450000||||||45|||0|0|0|0|-0.9394|0.0013|-0.6038|-0.1083|0.0817||271.00|4|265.35|12
GME211217C00460000|1.11|1.11|0.96|1.02|0.96|46|-0.06|-0.0588|-133|1136|1|4|0.0013|0.0001|0.0001|-0.0069|0.0016||1.06|11|0.72|11
GME211217P00460000||||261.60|261.60|46|0.00|0.0000|0|5|0|0|-0.9989|0.0001|-0.2016|-0.0043|0.0014||280.95|5|275.35|12
GME211217C00470000|0.90|0.90|0.83|0.84|0.83|47|-0.01|-0.0119|0|189|8|10|0.0353|0.0009|0.0024|-0.2062|0.0301||1.03|14|0.63|40
GME211217P00470000||||||47||||0|0|0|-1.0000|0.0000|-0.2060|0.0016|0.0000||290.90|4|285.30|2
GME211217C00480000|0.82|0.82|0.82|0.67|0.82|48|0.15|0.2239|7|224|1|1|0.0345|0.0009|0.0024|-0.2054|0.0295||0.74|9|0.62|17
GME211217P00480000||||264.21|264.21|48|0.00|0.0000|0|7|0|0|-0.9733|0.0008|-0.2086|-0.1563|0.0238||300.85|5|295.30|5
GME211217C00490000|1.01|1.01|0.76|0.86|0.76|49|-0.10|-0.1163|1|97|1|2|0.0320|0.0008|0.0022|-0.1939|0.0277||0.70|11|0.55|29
GME211217P00490000||||274.04|274.04|49|0.00|0.0000|0|7|0|0|-0.7876|0.0019|-0.6732|-0.4080|0.2037||310.80|4|305.25|16
GME211217C00500000|0.90|0.90|0.66|0.80|0.71|50|-0.09|-0.1125|-5|2488|1|13|0.0298|0.0008|0.0020|-0.1837|0.0261||0.67|13|0.52|13
GME211217P00500000||||290.05|290.05|50|0.00|0.0000|0|7|0|0|-0.9711|0.0008|-0.2172|-0.1761|0.0254||320.80|4|315.25|20
GME211217C00510000|0.72|0.96|0.52|0.72|0.60|51|-0.12|-0.1667|101|1366|3|103|0.2162|0.0019|0.0361|-0.4555|0.1997||0.64|17|0.53|1
GME211217P00510000||||277.97|277.97|51|0.00|0.0000|0|0|0|0|-0.9915|0.0003|-0.2229|-0.0508|0.0089||330.75|12|325.25|10
GME211223C00100000||||80.77|80.77|15|0.00|0.0000|-2|14|0|0|0.9469|0.0013|0.0531|-0.1987|0.0490||85.20|11|81.25|9
GME211223P00100000|0.90|0.90|0.88|0.80|0.88|15|0.08|0.1000|7|116|10|11|-0.0272|0.0010|-0.0035|-0.0919|0.0284||1.13|23|0.27|57
GME211223C00110000||||||14||||0|0|0|1.0000|0.0000|0.0663|-0.0004|0.0000||76.35|10|71.75|12
GME211223P00110000|0.80|1.33|0.80|1.69|1.33|14|-0.36|-0.2130|6|28|10|20|-0.1100|0.0019|-0.0437|-0.1582|0.1393||1.51|21|1.01|11
GME211223C00120000||||103.35|103.35|13|0.00|0.0000|0|1|0|0|0.8302|0.0012|0.0295|-1.2583|0.1144||66.20|10|62.30|12
GME211223P00120000||||1.15|1.15|13|0.00|0.0000|0|25|0|0|-0.0431|0.0018|-0.0054|-0.1041|0.0414||2.21|21|1.50|18
GME211223C00130000||||||12||||0|0|0|1.0000|0.0000|0.0784|-0.0005|0.0000||57.15|12|53.30|12
GME211223P00130000||||2.33|2.33|12|0.00|0.0000|4|72|0|0|-0.0873|0.0030|-0.0111|-0.1912|0.0718||3.35|31|2.84|11
GME211223C00140000||||||11||||0|0|0|1.0000|0.0000|0.0844|-0.0005|0.0000||48.75|17|44.75|12
GME211223P00140000||||3.90|3.90|11|0.00|0.0000|11|40|0|0|-0.1222|0.0041|-0.0156|-0.2263|0.0917||4.75|23|3.80|8
GME211223C00145000||||||10|||||0|0|1.0000|0.0000|0.0874|-0.0005|0.0000||44.70|14|40.55|15
GME211223P00145000||||||10|||||0|0|0.0000|0.0000|0.0000|0.0000|0.0000||5.75|19|4.25|35
GME211223C00150000||||55.90|55.90|9|0.00|0.0000|0|4|0|0|0.7406|0.0030|0.0475|-0.7895|0.1466||40.85|19|36.90|8
GME211223P00150000|4.80|7.60|4.10|6.45|7.20|9|0.75|0.1163|82|206|1|55|-0.1932|0.0052|-0.0254|-0.3267|0.1240||6.95|39|5.30|77
GME211223C00155000||||57.05|57.05|8|0.00|0.0000|0|10|0|0|0.7227|0.0028|0.0448|-0.9012|0.1516||36.85|18|33.25|20
GME211223P00155000|8.65|9.55|8.65|3.81|9.30|8|5.49|1.4409|0|111|8|18|-0.2307|0.0056|-0.0307|-0.3743|0.1376||8.40|23|6.75|35
GME211223C00160000||||53.80|53.80|7|0.00|0.0000|0|12|0|0|0.7052|0.0030|0.0448|-0.9070|0.1561||33.35|19|29.90|23
GME211223P00160000|10.28|11.60|8.10|9.59|9.45|7|-0.14|-0.0146|14|61|3|9|-0.2568|0.0064|-0.0339|-0.3686|0.1458||10.70|47|8.40|15
GME211223C00165000||||||6||||0|0|0|1.0000|0.0000|0.0994|-0.0006|0.0000||30.15|30|26.75|24
GME211223P00165000||||11.60|11.60|6|0.00|0.0000|12|21|0|0|-0.3196|0.0044|-0.1239|-0.2600|0.2577||12.40|30|10.25|10
GME211223C00170000||||25.94|25.94|5|0.00|0.0000|11|15|0|0|0.6661|0.0071|0.0574|-0.4233|0.1646||26.90|24|23.85|21
GME211223P00170000||||14.35|14.35|5|0.00|0.0000|2|33|0|0|-0.3434|0.0044|-0.1362|-0.2771|0.2652||14.55|28|12.20|12
GME211223C00175000||||19.00|19.00|4|0.00|0.0000|1|3|0|0|0.6363|0.0094|0.0583|-0.3397|0.1699||24.35|20|21.20|27
GME211223P00175000|13.64|17.35|13.50|16.30|16.05|4|-0.25|-0.0153|30|54|1|32|-0.3717|0.0076|-0.0503|-0.4276|0.1711||17.00|29|14.40|12
