symbol|open|high|low|preClose|close|activeLevel|change|changeRatio|openIntChange|openInterest|latestPriceVol|volume|delta|gamma|rho|theta|vega|tradeStamptradeTime|ask|avol|bid|bvol
GME211210C00100000|67.07|72.35|67.00|65.54|67.00|10|1.46|0.0223|1|2|1|15|0.9459|0.0018|0.0122|-0.6854|0.0217||69.60|4|65.75|12
GME211210P00100000|1.49|2.05|1.23|1.45|1.65|10|0.20|0.1379|481|720|1|1893|-0.0498|0.0017|-0.0014|-0.6212|0.0203||1.67|3|1.65|2
GME211210C00110000||||76.13|76.13|9|0.00|0.0000|0|2|0|0|0.8247|0.0019|0.0082|-3.5858|0.0510||60.00|5|56.00|13
GME211210P00110000|1.65|2.30|1.65|1.80|2.05|9|0.25|0.1389|89|304|2|534|-0.0657|0.0024|-0.0018|-0.6870|0.0253||2.02|2|1.93|5
GME211210C00120000||||56.97|56.97|8|0.00|0.0000|0|1|0|0|0.8201|0.0030|0.0107|-2.3211|0.0519||50.40|4|46.35|11
GME211210P00120000|2.50|2.90|2.03|2.43|2.50|8|0.07|0.0288|529|792|2|903|-0.0866|0.0033|-0.0023|-0.7468|0.0312||2.51|1|2.32|8
GME211210C00130000|38.97|43.65|38.97|38.97|41.19|7|2.22|0.0570|0|0|1|11|0.8357|0.0046|0.0132|-1.3453|0.0490||41.15|4|37.10|21
GME211210P00130000|3.25|3.85|2.88|3.10|3.10|7|0.00|0.0000|414|845|1|425|-0.1199|0.0047|-0.0032|-0.8479|0.0396||3.30|16|3.05|7
GME211210C00140000|30.25|31.00|30.25|29.50|31.00|6|1.50|0.0508|5|34|1|16|0.8077|0.0064|0.0140|-1.1710|0.0541||32.30|4|28.30|35
GME211210P00140000|4.70|5.50|3.70|4.30|4.47|6|0.17|0.0395|290|731|1|494|-0.1710|0.0067|-0.0045|-0.9642|0.0502||4.65|40|4.20|19
GME211210C00145000|28.00|28.00|25.50|24.75|27.05|5|2.30|0.0929|8|8|1|14|0.7729|0.0073|0.0138|-1.2474|0.0596||28.50|18|24.35|22
GME211210P00145000|5.25|6.55|4.98|5.20|5.30|5|0.10|0.0192|108|123|2|179|-0.2074|0.0078|-0.0055|-1.0469|0.0566||5.50|19|5.10|14
GME211210C00150000|25.89|26.40|22.00|24.62|22.00|4|-2.62|-0.1064|53|73|1|35|0.7344|0.0083|0.0134|-1.2989|0.0649||24.25|5|21.10|50
GME211210P00150000|6.90|8.20|5.75|6.25|6.60|4|0.35|0.0560|435|895|1|588|-0.2471|0.0091|-0.0065|-1.0956|0.0625||6.45|9|6.20|5
GME211210C00155000|21.89|23.00|21.89|23.55|23.00|3|-0.55|-0.0234|13|58|1|3|0.6735|0.0077|0.0121|-1.6981|0.0713||20.70|9|17.25|33
GME211210P00155000|8.20|9.73|7.55|8.00|7.86|3|-0.14|-0.0175|127|371|1|254|-0.2985|0.0101|-0.0079|-1.1861|0.0686||8.05|16|7.65|5
GME211210C00160000|18.50|19.60|15.00|21.00|16.16|2|-4.84|-0.2305|50|254|1|29|0.6430|0.0106|0.0123|-1.3173|0.0738||17.35|1|15.15|48
GME211210P00160000|10.40|11.85|8.50|9.45|9.66|2|0.21|0.0222|56|497|1|470|-0.3537|0.0111|-0.0094|-1.2457|0.0735||9.85|14|9.35|6
GME211210C00165000|16.50|16.50|12.35|18.15|14.00|1|-4.15|-0.2287|57|60|1|183|0.5870|0.0115|0.0115|-1.3234|0.0770||14.55|9|13.75|13
GME211210P00165000|12.95|14.18|10.30|10.85|11.75|1|0.90|0.0829|22|384|1|445|-0.4126|0.0120|-0.0110|-1.2662|0.0770||12.20|31|11.35|12
GME211210C00170000|12.80|14.60|10.00|14.85|11.10|1|-3.75|-0.2525|156|177|5|480|0.5279|0.0118|0.0104|-1.3394|0.0787||12.00|7|10.80|46
GME211210P00170000|15.35|17.00|12.10|13.48|14.75|1|1.27|0.0942|154|595|1|305|-0.4745|0.0124|-0.0128|-1.2763|0.0788||14.85|25|13.75|15
GME211210C00175000|10.15|11.91|8.30|13.46|9.50|2|-3.96|-0.2942|199|272|1|178|0.4693|0.0119|0.0094|-1.3312|0.0787||9.65|1|9.20|15
GME211210P00175000|18.75|19.50|15.38|16.00|18.57|2|2.57|0.1606|-4|518|100|190|-0.5357|0.0124|-0.0146|-1.2706|0.0786||18.00|28|16.60|5
GME211210C00177500|12.00|12.00|7.50|12.00|7.63|3|-4.37|-0.3642|20|47|1|154|0.4377|0.0121|0.0088|-1.2889|0.0779||8.80|14|8.10|14
GME211210P00177500|20.35|20.35|16.80|22.55|19.54|3|-3.01|-0.1335|32|266|18|41|-0.5737|0.0130|-0.0156|-1.1818|0.0776||20.50|40|18.20|9
GME211210C00180000|8.40|10.00|6.50|11.20|7.55|4|-3.65|-0.3259|98|404|1|399|0.4112|0.0118|0.0083|-1.2864|0.0769||7.95|14|7.55|1
GME211210P00180000|21.67|23.10|18.48|19.50|21.84|4|2.34|0.1200|-75|630|1|40|-0.5861|0.0116|-0.0163|-1.3089|0.0771||23.00|43|19.80|6
GME211210C00182500|7.53|8.70|6.00|9.20|6.25|5|-2.95|-0.3207|82|148|1|97|0.3841|0.0116|0.0078|-1.2634|0.0756||7.05|5|6.55|60
GME211210P00182500|21.20|23.00|21.20|26.97|21.60|5|-5.37|-0.1991|27|232|5|10|-0.6648|0.0141|-0.0180|-0.9419|0.0721||25.30|34|21.50|4
GME211210C00185000|7.00|8.00|5.30|9.00|6.15|6|-2.85|-0.3167|114|246|1|475|0.3581|0.0113|0.0073|-1.2365|0.0739||6.35|6|6.10|1
GME211210P00185000|24.00|26.95|22.09|22.22|26.37|6|4.15|0.1868|13|469|100|113|-0.6351|0.0110|-0.0179|-1.2860|0.0743||27.15|34|23.30|4
GME211210C00187500|5.05|7.00|4.70|8.15|5.55|7|-2.60|-0.3190|18|82|1|61|0.3342|0.0109|0.0068|-1.2127|0.0720||5.70|9|5.40|16
GME211210P00187500|24.95|28.00|24.95|29.08|28.00|7|-1.08|-0.0371|3|259|3|7|-0.6969|0.0120|-0.0194|-1.0187|0.0691||29.00|48|25.20|4
GME211210C00190000|6.42|6.71|4.25|8.00|5.00|8|-3.00|-0.3750|151|350|1|298|0.3051|0.0107|0.0063|-1.1439|0.0693||5.15|6|4.85|15
GME211210P00190000|27.48|30.38|26.60|29.43|29.38|8|-0.05|-0.0017|14|512|1|14|-0.7677|0.0124|-0.0211|-0.7511|0.0604||31.10|35|27.10|4
GME211210C00192500|5.25|5.85|4.05|6.25|4.40|9|-1.85|-0.2960|0|88|1|43|0.2852|0.0103|0.0059|-1.1235|0.0672||4.60|12|4.20|56
GME211210P00192500|30.60|30.60|27.83|35.21|27.83|9|-7.38|-0.2096|4|122|2|7|-0.8861|0.0110|-0.0239|-0.3367|0.0381||33.15|34|29.15|4
GME211210C00195000|6.25|6.25|3.50|6.43|4.05|10|-2.38|-0.3701|42|292|1|143|0.2658|0.0098|0.0055|-1.0953|0.0649||4.20|12|3.90|16
GME211210P00195000|31.53|33.73|31.53|35.56|33.73|10|-1.83|-0.0515|18|303|2|10|-0.8171|0.0107|-0.0228|-0.6553|0.0524||35.25|32|30.75|10
GME211210C00197500|4.90|4.90|3.24|6.00|3.58|11|-2.42|-0.4033|21|127|1|99|0.2433|0.0094|0.0050|-1.0392|0.0620||3.75|6|3.40|58
GME211210P00197500|34.54|34.54|31.95|36.83|33.48|11|-3.35|-0.0910|1|120|4|15|-0.8534|0.0098|-0.0239|-0.5389|0.0454||37.35|27|33.25|5
GME211210C00200000|4.30|5.20|2.84|5.67|3.25|12|-2.42|-0.4268|954|1728|1|1370|0.2264|0.0090|0.0047|-1.0078|0.0595||3.35|4|3.15|14
GME211210P00200000|36.41|39.35|35.85|43.50|38.03|12|-5.47|-0.1257|19|699|2|26|-0.7604|0.0089|-0.0225|-1.0892|0.0614||39.55|29|35.45|4
GME211210C00202500|4.30|4.35|2.59|5.15|2.90|13|-2.25|-0.4369|17|94|1|81|0.2065|0.0086|0.0043|-0.9509|0.0564||3.10|4|2.78|35
GME211210P00202500||||45.70|45.70|13|0.00|0.0000|-13|35|0|0|-0.6720|0.0071|-0.0214|-1.8488|0.0715||41.65|17|37.25|2
GME211210C00205000|3.50|3.85|2.36|4.74|2.68|14|-2.06|-0.4346|69|238|1|115|0.1934|0.0081|0.0040|-0.9276|0.0543||2.82|9|2.57|28
GME211210P00205000||||38.52|38.52|14|0.00|0.0000|4|180|0|0|-0.7655|0.0079|-0.0233|-1.1932|0.0607||43.95|19|39.35|7
GME211210C00207500|3.00|3.35|2.32|4.00|2.47|15|-1.53|-0.3825|4|82|1|31|0.1890|0.0077|0.0039|-0.9519|0.0535||2.59|4|2.20|46
GME211210P00207500|42.18|42.53|42.18|49.37|42.53|15|-6.84|-0.1385|6|26|5|6|-0.9384|0.0056|-0.0271|-0.2622|0.0241||46.10|17|41.70|2
GME211210C00210000|2.99|3.21|2.00|4.02|2.21|16|-1.81|-0.4502|23|359|1|238|0.1708|0.0073|0.0036|-0.8842|0.0502||2.31|1|2.12|22
GME211210P00210000|44.42|46.60|42.55|47.00|46.60|16|-0.40|-0.0085|29|141|2|29|-0.8496|0.0072|-0.0256|-0.7576|0.0462||48.40|17|43.90|3
GME211210C00212500|2.92|2.96|1.91|3.05|2.01|17|-1.04|-0.3410|8|88|1|27|0.1588|0.0069|0.0033|-0.8495|0.0479||2.18|3|1.94|27
GME211210P00212500|48.25|48.25|48.25|44.38|48.25|17|3.87|0.0872|1|38|1|1|-0.8940|0.0063|-0.0268|-0.5308|0.0362||50.70|11|46.70|4
GME211210C00215000|3.35|3.35|1.78|3.50|1.92|18|-1.58|-0.4514|50|216|1|60|0.1481|0.0065|0.0031|-0.8187|0.0457||2.04|14|1.88|15
GME211210P00215000|52.12|52.12|52.12|50.45|52.12|18|1.67|0.0331|41|73|1|1|-0.9143|0.0056|-0.0276|-0.4384|0.0310||53.05|16|48.95|2
GME211210C00217500|3.20|3.20|1.63|2.86|1.63|19|-1.23|-0.4301|5|35|1|13|0.1378|0.0062|0.0029|-0.7850|0.0435||1.88|3|1.69|34
GME211210P00217500|53.30|53.30|53.30|49.60|53.30|19|3.70|0.0746|10|37|1|1|-0.8971|0.0057|-0.0276|-0.5619|0.0354||55.45|21|51.45|4
GME211210C00220000|2.95|2.95|1.50|3.00|1.64|20|-1.36|-0.4533|8|421|1|400|0.1307|0.0059|0.0027|-0.7690|0.0420||1.76|14|1.58|21
GME211210P00220000|54.50|54.85|54.50|55.33|54.85|20|-0.48|-0.0087|9|165|1|3|-0.7552|0.0060|-0.0254|-1.6534|0.0622||57.75|13|53.35|16
GME211210C00222500|2.64|2.64|1.47|2.00|1.47|21|-0.53|-0.2650|4|92|1|29|0.1238|0.0056|0.0026|-0.7513|0.0404||1.63|14|1.47|34
GME211210P00222500||||42.95|42.95|21|0.00|0.0000|1|39|0|0|-0.9973|0.0005|-0.0304|-0.0132|0.0017||60.15|2|55.85|13
GME211210C00225000|2.60|2.60|1.27|2.70|1.37|22|-1.33|-0.4926|124|472|1|152|0.1176|0.0053|0.0025|-0.7353|0.0390||1.50|1|1.38|15
GME211210P00225000|54.45|61.85|54.45|63.55|61.85|22|-1.70|-0.0268|15|477|1|2|-0.8606|0.0055|-0.0279|-0.8920|0.0439||62.55|11|58.30|13
GME211210C00227500|2.19|2.19|1.36|2.10|1.40|23|-0.70|-0.3333|11|35|1|13|0.1130|0.0050|0.0024|-0.7281|0.0379||1.45|21|1.32|24
GME211210P00227500||||34.06|34.06|23|0.00|0.0000|0|35|0|0|-1.0000|0.0000|-0.0312|0.0006|0.0000||64.95|11|60.80|2
GME211210C00230000|2.02|2.02|1.15|2.40|1.29|24|-1.11|-0.4625|75|470|1|167|0.1068|0.0048|0.0022|-0.7062|0.0364||1.31|6|1.24|15
GME211210P00230000||||63.29|63.29|24|0.00|0.0000|-18|20|0|0|-0.8066|0.0054|-0.0277|-1.4042|0.0543||67.35|11|63.30|1
GME211210C00232500|1.97|1.97|1.20|1.90|1.20|25|-0.70|-0.3684|22|55|1|14|0.1007|0.0046|0.0021|-0.6828|0.0349||1.30|8|1.16|15
GME211210P00232500||||68.97|68.97|25|0.00|0.0000|-1|5|0|0|-0.8819|0.0048|-0.0294|-0.8153|0.0391||69.80|11|65.65|1
GME211210C00235000|2.04|2.04|1.09|2.11|1.16|26|-0.95|-0.4502|-34|864|2|114|0.0932|0.0043|0.0019|-0.6466|0.0330||1.25|14|1.15|17
GME211210P00235000||||74.05|74.05|26|0.00|0.0000|-3|32|0|0|-0.8086|0.0051|-0.0284|-1.4701|0.0539||72.20|11|68.15|1
GME211210C00237500|1.67|1.67|1.26|2.00|1.35|27|-0.65|-0.3250|1|20|1|3|0.1039|0.0043|0.0022|-0.7496|0.0357||1.18|5|1.04|30
GME211210P00237500||||76.45|76.45|27|0.00|0.0000|-1|24|0|0|-0.8137|0.0049|-0.0289|-1.4636|0.0530||74.65|11|70.60|1
GME211210C00240000|1.58|1.67|0.96|1.91|1.02|28|-0.89|-0.4660|-15|302|2|123|0.0855|0.0039|0.0018|-0.6230|0.0309||1.10|3|1.04|27
GME211210P00240000|74.06|74.06|74.06|79.00|74.06|28|-4.94|-0.0625|-3|31|1|1|-0.8008|0.0048|-0.0290|-1.6275|0.0552||77.05|11|73.05|4
GME211210C00245000|1.42|1.45|0.90|1.80|1.02|29|-0.78|-0.4333|16|182|1|106|0.0817|0.0037|0.0017|-0.6256|0.0299||1.04|10|0.99|3
GME211210P00245000||||50.19|50.19|29|0.00|0.0000|0|23|0|0|-0.9999|0.0000|-0.0336|0.0000|0.0001||81.95|11|78.05|1
GME211210C00250000|1.50|1.60|0.81|1.71|0.94|30|-0.77|-0.4503|563|2863|1|1811|0.0749|0.0033|0.0016|-0.5981|0.0280||0.97|10|0.90|15
GME211210P00250000|83.20|83.20|83.20|60.35|83.20|30|22.85|0.3786|0|15|2|2|-0.9995|0.0001|-0.0342|-0.0028|0.0004||86.85|1|83.00|1
GME211210C00255000|1.33|1.33|0.58|1.61|0.85|31|-0.76|-0.4720|12|73|1|211|0.0654|0.0030|0.0014|-0.5409|0.0252||0.92|14|0.86|7
GME211210P00255000||||40.40|40.40|31|0.00|0.0000|0|5|0|0|-1.0000|0.0000|-0.0349|0.0008|0.0000||91.80|1|87.95|1
GME211210C00260000|1.45|1.45|0.73|1.44|0.80|32|-0.64|-0.4444|-82|892|1|1284|0.0627|0.0028|0.0013|-0.5404|0.0244||0.87|14|0.74|18
GME211210P00260000||||69.85|69.85|32|0.00|0.0000|0|22|0|0|-0.9994|0.0001|-0.0356|-0.0039|0.0004||96.70|4|92.80|1
GME211210C00270000|0.88|1.15|0.64|1.30|0.68|33|-0.62|-0.4769|-13|180|1|296|0.0545|0.0024|0.0011|-0.5032|0.0218||0.75|7|0.62|19
GME211210P00270000||||103.46|103.46|33|0.00|0.0000|1|15|0|0|-0.8318|0.0037|-0.0338|-1.7105|0.0497||106.60|16|102.70|4
GME211210C00280000|1.14|1.14|0.57|1.08|0.65|34|-0.43|-0.3981|17|259|1|60|0.0485|0.0021|0.0010|-0.4764|0.0199||0.70|1|0.61|8
GME211210P00280000||||112.20|112.20|34|0.00|0.0000|5|6|0|0|-0.8606|0.0033|-0.0357|-1.4787|0.0439||116.50|12|112.45|12
GME211210C00290000|1.09|1.09|0.54|1.10|0.56|35|-0.54|-0.4909|384|555|1|45|0.0432|0.0019|0.0009|-0.4498|0.0181||0.65|9|0.54|6
GME211210P00290000||||82.25|82.25|35|0.00|0.0000|0|7|0|0|-1.0000|0.0000|-0.0397|0.0007|0.0000||126.40|12|122.45|12
GME211210C00300000|0.90|0.95|0.43|1.00|0.60|36|-0.40|-0.4000|291|1210|1|614|0.0413|0.0017|0.0008|-0.4538|0.0175||0.60|11|0.57|1
GME211210P00300000||||76.00|76.00|36|0.00|0.0000|0|14|0|0|-1.0000|0.0000|-0.0411|0.0010|0.0000||136.35|12|132.40|12
GME211210C00310000|0.93|0.93|0.45|1.00|0.56|37|-0.44|-0.4400|19|283|2|62|0.0351|0.0015|0.0007|-0.4040|0.0153||0.56|1|0.55|1
GME211210P00310000||||83.61|83.61|37|0.00|0.0000|0|4|0|0|-1.0000|0.0000|-0.0425|0.0006|0.0000||146.30|12|142.40|4
GME211210C00320000|1.10|1.10|0.44|0.90|0.50|38|-0.40|-0.4444|1|277|7|78|0.0322|0.0013|0.0007|-0.3878|0.0143||0.52|5|0.49|7
GME211210P00320000||||89.47|89.47|38|0.00|0.0000|0|3|0|0|-1.0000|0.0000|-0.0438|0.0010|0.0000||156.25|1|152.20|12
GME211210C00330000|0.73|0.73|0.42|0.80|0.47|39|-0.33|-0.4125|3|249|1|223|0.0311|0.0013|0.0006|-0.3903|0.0139||0.48|4|0.45|7
GME211210P00330000||||||39||||0|0|0|-1.0000|0.0000|-0.0452|0.0011|0.0000||166.20|12|161.40|12
GME211210C00340000|0.75|0.78|0.34|0.82|0.34|40|-0.48|-0.5854|44|131|1|63|0.0250|0.0011|0.0005|-0.3257|0.0116||0.45|23|0.35|17
GME211210P00340000||||||40||||0|0|0|-1.0000|0.0000|-0.0466|0.0011|0.0000||176.15|1|171.40|16
GME211210C00350000|0.65|0.79|0.33|0.77|0.39|41|-0.38|-0.4935|62|499|10|303|0.0243|0.0010|0.0005|-0.3275|0.0113||0.41|10|0.36|13
GME211210P00350000||||||41||||0|0|0|-1.0000|0.0000|-0.0479|0.0011|0.0000||186.10|12|182.25|4
GME211210C00360000|0.61|0.61|0.32|0.77|0.32|42|-0.45|-0.5844|4|89|1|71|0.0225|0.0009|0.0005|-0.3141|0.0106||0.38|4|0.31|13
GME211210P00360000||||||42||||0|0|0|-1.0000|0.0000|-0.0493|0.0012|0.0000||196.05|12|192.25|4
GME211210C00370000|0.30|0.30|0.29|0.73|0.29|43|-0.44|-0.6027|17|38|1|2|0.0204|0.0008|0.0004|-0.2934|0.0097||0.36|11|0.29|15
GME211210P00370000||||||43||||0|0|0|-1.0000|0.0000|-0.0507|0.0012|0.0000||206.00|1|201.40|8
GME211210C00380000|0.70|0.70|0.30|0.66|0.30|44|-0.36|-0.5455|7|57|1|3|0.0205|0.0008|0.0004|-0.3047|0.0098||0.33|10|0.25|15
GME211210P00380000||||||44||||0|0|0|-1.0000|0.0000|-0.0521|0.0012|0.0000||216.00|12|212.25|4
GME211210C00390000|0.56|0.56|0.26|0.60|0.26|45|-0.34|-0.5667|27|79|1|113|0.0179|0.0007|0.0004|-0.2723|0.0087||0.30|4|0.27|15
GME211210P00390000||||||45||||0|0|0|-1.0000|0.0000|-0.0534|0.0013|0.0000||225.95|1|221.45|8
GME211210C00400000|0.54|0.54|0.20|0.54|0.26|46|-0.28|-0.5185|108|528|1|109|0.0179|0.0007|0.0004|-0.2811|0.0087||0.29|3|0.25|14
GME211210P00400000||||||46||||0|0|0|-1.0000|0.0000|-0.0548|0.0013|0.0000||235.95|12|232.25|4
GME211210C00410000|0.29|0.29|0.23|0.53|0.23|47|-0.30|-0.5660|11|70|1|43|0.0156|0.0006|0.0003|-0.2501|0.0077||0.27|3|0.22|15
GME211210P00410000||||||47||||0|0|0|-1.0000|0.0000|-0.0562|0.0013|0.0000||245.90|12|240.45|16
GME211210C00420000|0.48|0.48|0.21|0.49|0.25|48|-0.24|-0.4898|7|178|1|75|0.0152|0.0006|0.0003|-0.2506|0.0076||0.25|3|0.22|14
GME211210P00420000||||||48||||0|0|0|-1.0000|0.0000|-0.0575|0.0014|0.0000||255.85|1|250.45|16
GME211210C00430000|0.98|0.98|0.20|0.50|0.20|49|-0.30|-0.6000|2|306|1|6|0.0134|0.0005|0.0003|-0.2259|0.0068||0.27|8|0.20|1
GME211210P00430000||||||49||||0|0|0|-1.0000|0.0000|-0.0589|0.0014|0.0000||265.85|1|260.80|12
GME211210C00440000|0.35|0.42|0.20|0.44|0.22|50|-0.22|-0.5000|13|80|1|14|0.0132|0.0005|0.0003|-0.2264|0.0067||0.21|4|0.17|3
GME211210P00440000||||||50||||0|0|0|-1.0000|0.0000|-0.0603|0.0014|0.0000||275.85|12|271.10|12
GME211210C00450000|0.47|0.47|0.15|0.40|0.19|51|-0.21|-0.5250|8|296|1|555|0.0124|0.0005|0.0003|-0.2171|0.0063||0.17|87|0.16|1
GME211210P00450000||||||51||||0|0|0|-1.0000|0.0000|-0.0616|0.0015|0.0000||285.80|12|280.90|12
GME211210C00460000|0.36|0.36|0.12|0.40|0.19|52|-0.21|-0.5250|48|66|1|104|0.0122|0.0005|0.0002|-0.2185|0.0063||0.28|2|0.08|5
GME211210P00460000||||||52||||0|0|0|-1.0000|0.0000|-0.0630|0.0015|0.0000||295.80|12|290.75|12
GME211210C00470000|0.35|0.35|0.16|0.37|0.16|53|-0.21|-0.5676|1|23|1|211|0.0105|0.0004|0.0002|-0.1918|0.0055||0.65|10|0.12|100
GME211210P00470000||||||53||||0|0|0|-1.0000|0.0000|-0.0644|0.0015|0.0000||305.75|12|300.05|4
GME211210C00480000|0.31|0.48|0.15|0.40|0.15|54|-0.25|-0.6250|40|73|1|24|0.0207|0.0006|0.0004|-0.3881|0.0099||0.18|1|0.10|1
GME211210P00480000||||||54||||0|0|0|-1.0000|0.0000|-0.0658|0.0016|0.0000||315.75|12|309.95|12
GME211210C00490000|0.50|0.50|0.15|0.35|0.18|55|-0.17|-0.4857|8|101|3|44|0.0097|0.0004|0.0002|-0.1831|0.0051||0.20|5|0.08|1
GME211210P00490000||||||55||||0|0|0|-1.0000|0.0000|-0.0671|0.0016|0.0000||325.75|12|320.05|4
GME211210C00500000|0.35|0.35|0.11|0.38|0.15|56|-0.23|-0.6053|43|893|1|114|0.0110|0.0004|0.0002|-0.2112|0.0057||0.20|1|0.10|2
GME211210P00500000||||||56||||0|0|0|-1.0000|0.0000|-0.0685|0.0016|0.0000||335.70|12|329.95|12
GME211210C00510000|0.30|0.34|0.11|0.35|0.14|57|-0.21|-0.6000|329|2355|49|721|0.0099|0.0004|0.0002|-0.1934|0.0052||0.15|33|0.13|5
GME211210P00510000||||||57||||0|0|0|-1.0000|0.0000|-0.0699|0.0017|0.0000||345.70|12|339.95|4
GME211217C00080000||||94.56|94.56|17|0.00|0.0000|0|2|0|0|0.9063|0.0012|0.0181|-0.9773|0.0513||90.00|6|86.80|12
GME211217P00080000|1.30|1.60|1.00|1.28|1.44|17|0.16|0.1250|256|606|2|419|-0.0337|0.0009|-0.0023|-0.2472|0.0229||1.47|1|1.41|2
GME211217C00085000||||95.85|95.85|16|0.00|0.0000|0|1|0|0|0.8836|0.0012|0.0164|-1.3407|0.0600||85.15|6|81.95|10
GME211217P00085000|1.75|1.77|1.52|1.39|1.63|16|0.24|0.1727|-1|120|1|9|-0.0383|0.0011|-0.0026|-0.2598|0.0255||1.79|12|1.54|7
GME211217C00090000||||137.00|137.00|15|0.00|0.0000|0|4|0|0|0.8831|0.0007|0.0103|-2.1943|0.0602||80.20|3|77.10|12
GME211217P00090000|1.88|1.98|1.57|1.47|1.78|15|0.31|0.2109|73|141|1|42|-0.0435|0.0013|-0.0029|-0.2723|0.0282||1.97|23|1.70|10
GME211217C00100000|67.18|67.18|67.18|79.69|67.18|14|-12.51|-0.1570|0|50|3|3|0.9990|0.0001|0.0328|-0.0043|0.0010||70.40|2|67.55|1
GME211217P00100000|2.04|2.41|1.85|1.90|2.10|14|0.20|0.1053|387|1051|1|431|-0.0011|0.0001|-0.0001|-0.0047|0.0012||2.20|2|2.06|5
GME211217C00105000||||66.05|66.05|13|0.00|0.0000|0|1|0|0|0.9978|0.0002|0.0344|-0.0086|0.0021||65.40|1|62.75|11
GME211217P00105000|2.50|2.55|2.45|2.36|2.52|13|0.16|0.0678|13|153|2|8|-0.0023|0.0002|-0.0001|-0.0088|0.0022||2.75|47|2.30|1
GME211217C00110000||||73.25|73.25|12|0.00|0.0000|0|1|0|0|0.9963|0.0004|0.0359|-0.0132|0.0034||60.65|1|58.05|11
GME211217P00110000|2.64|3.20|2.58|2.50|2.87|12|0.37|0.1480|0|354|1|126|-0.0046|0.0005|-0.0003|-0.0159|0.0041||3.10|42|2.55|1
GME211217C00115000||||112.11|112.11|11|0.00|0.0000|0|2|0|0|0.9933|0.0007|0.0374|-0.0217|0.0058||56.10|1|53.40|11
GME211217P00115000|3.30|3.45|3.05|2.87|3.05|11|0.18|0.0627|18|180|1|33|-0.0089|0.0008|-0.0005|-0.0286|0.0074||3.25|27|2.86|1
GME211217C00120000||||44.77|44.77|10|0.00|0.0000|5|56|0|0|0.9872|0.0012|0.0387|-0.0375|0.0101||51.60|9|48.90|22
GME211217P00120000|3.60|3.95|3.35|3.25|3.44|10|0.19|0.0585|170|328|1|132|-0.0161|0.0014|-0.0009|-0.0470|0.0123||3.55|22|3.25|14
GME211217C00125000||||79.68|79.68|9|0.00|0.0000|0|35|0|0|0.9745|0.0022|0.0396|-0.0678|0.0182||47.25|13|44.50|22
GME211217P00125000|4.70|4.90|3.75|4.41|3.90|9|-0.51|-0.1156|148|355|1|522|-0.0293|0.0024|-0.0017|-0.0783|0.0204||4.10|18|3.75|7
GME211217C00130000|39.61|39.61|39.61|43.52|39.61|8|-3.91|-0.0898|0|10|1|1|0.9579|0.0033|0.0402|-0.1011|0.0275||42.95|4|40.20|21
GME211217P00130000|5.00|5.55|4.60|5.00|4.60|8|-0.40|-0.0800|129|335|1|94|-0.0475|0.0035|-0.0028|-0.1152|0.0303||4.80|19|4.40|14
GME211217C00135000|35.61|35.61|35.61|36.02|35.61|7|-0.41|-0.0114|0|3|1|1|0.9312|0.0049|0.0403|-0.1497|0.0406||38.50|4|36.05|22
GME211217P00135000|5.78|6.34|5.50|6.65|5.70|7|-0.95|-0.1429|2|151|1|18|-0.0727|0.0050|-0.0044|-0.1592|0.0424||5.80|22|5.20|14
GME211217C00140000|33.50|33.50|33.50|34.60|33.50|6|-1.10|-0.0318|1|149|1|1|0.8985|0.0067|0.0399|-0.1974|0.0544||34.30|6|32.10|11
GME211217P00140000|7.35|8.13|5.90|6.90|6.30|6|-0.60|-0.0870|102|915|10|285|-0.1085|0.0067|-0.0065|-0.2141|0.0571||6.50|7|6.20|4
GME211217C00145000||||27.00|27.00|5|0.00|0.0000|2|59|0|0|0.8516|0.0086|0.0387|-0.2594|0.0709||30.45|5|28.35|14
GME211217P00145000|8.40|9.49|7.70|8.20|8.70|5|0.50|0.0610|18|252|1|40|-0.1561|0.0086|-0.0095|-0.2781|0.0734||8.65|97|7.40|29
GME211217C00150000||||27.40|27.40|4|0.00|0.0000|11|82|0|0|0.7954|0.0105|0.0368|-0.3204|0.0870||27.10|8|24.85|14
GME211217P00150000|10.75|11.40|8.35|9.15|9.27|4|0.12|0.0131|40|1882|1|547|-0.2096|0.0104|-0.0128|-0.3332|0.0882||9.40|16|8.85|8
GME211217C00155000|24.92|24.92|24.92|20.20|24.92|3|4.72|0.2337|14|26|4|4|0.7334|0.0122|0.0346|-0.3685|0.1007||23.60|5|21.60|20
GME211217P00155000|12.65|12.90|10.55|12.49|12.15|3|-0.34|-0.0272|97|405|1|35|-0.2704|0.0120|-0.0167|-0.3800|0.1014||11.70|74|10.55|13
GME211217C00160000|22.03|22.32|19.65|22.85|20.08|2|-2.77|-0.1212|41|137|1|12|0.6648|0.0136|0.0319|-0.4057|0.1117||20.60|6|19.60|17
GME211217P00160000|13.30|15.25|12.10|14.25|12.80|2|-1.45|-0.1018|6|1046|1|79|-0.3383|0.0133|-0.0210|-0.4202|0.1121||13.15|13|12.45|11
GME211217C00165000|19.10|19.35|16.35|19.49|16.75|1|-2.74|-0.1406|-3|79|1|27|0.5929|0.0143|0.0287|-0.4388|0.1190||18.00|7|16.65|21
GME211217P00165000|16.10|17.75|13.60|15.80|15.20|1|-0.60|-0.0380|43|353|50|217|-0.4098|0.0140|-0.0258|-0.4503|0.1191||16.00|65|14.80|4
GME211217C00170000|17.25|17.45|14.45|19.50|14.65|1|-4.85|-0.2487|18|135|1|82|0.5180|0.0145|0.0253|-0.4562|0.1221||15.50|9|14.20|72
GME211217P00170000|19.15|20.45|16.00|17.60|19.46|1|1.86|0.1057|26|1092|7|56|-0.4808|0.0141|-0.0306|-0.4674|0.1221||19.20|55|17.40|4
GME211217C00175000|14.32|16.15|12.00|15.96|12.70|2|-3.26|-0.2043|25|208|1|47|0.4460|0.0145|0.0221|-0.4488|0.1211||13.15|7|12.25|87
GME211217P00175000|21.55|23.50|18.92|19.30|21.25|2|1.95|0.1010|65|785|2|147|-0.5504|0.0141|-0.0354|-0.4628|0.1213||22.10|54|19.90|17
GME211217C00180000|12.68|13.50|9.50|14.75|11.00|3|-3.75|-0.2542|61|503|10|425|0.3788|0.0139|0.0189|-0.4336|0.1166||11.15|10|10.75|12
GME211217P00180000|24.32|26.18|23.42|23.68|24.15|3|0.47|0.0198|54|1128|1|11|-0.6169|0.0136|-0.0401|-0.4450|0.1170||24.90|50|22.95|20
GME211217C00185000|10.90|12.00|8.88|12.22|9.00|4|-3.22|-0.2635|14|284|1|69|0.3174|0.0130|0.0159|-0.4082|0.1092||9.60|29|8.60|121
GME211217P00185000|28.90|29.62|25.52|27.75|28.13|4|0.38|0.0137|-9|246|1|22|-0.6782|0.0128|-0.0447|-0.4178|0.1098||28.85|34|26.30|18
GME211217C00187500|9.22|9.40|9.22|8.62|9.22|5|0.60|0.0696|3|42|1|4|0.3990|0.0086|0.0185|-0.7255|0.1183||8.90|22|8.00|76
GME211217P00187500||||34.50|34.50|5|0.00|0.0000|0|116|0|0|-0.5739|0.0076|-0.0425|-0.8446|0.1201||30.70|34|28.10|20
GME211217C00190000|10.50|10.50|7.65|11.00|7.71|6|-3.29|-0.2991|19|273|1|55|0.2631|0.0118|0.0133|-0.3762|0.1000||8.30|30|7.50|109
GME211217P00190000|32.80|32.80|31.00|32.96|32.62|6|-0.34|-0.0103|-15|431|1|35|-0.7306|0.0117|-0.0489|-0.3893|0.1012||32.60|34|30.00|14
GME211217C00192500|8.45|10.60|7.35|8.20|7.35|7|-0.85|-0.1037|9|39|1|11|0.3532|0.0085|0.0166|-0.6740|0.1139||7.70|23|6.95|66
GME211217P00192500||||38.40|38.40|7|0.00|0.0000|2|113|0|0|-0.6038|0.0073|-0.0454|-0.8432|0.1181||34.55|25|32.15|5
GME211217C00195000|8.00|8.35|6.68|8.75|6.68|8|-2.07|-0.2366|11|158|1|10|0.2170|0.0105|0.0110|-0.3422|0.0900||7.20|20|6.45|106
GME211217P00195000|36.78|36.78|34.80|36.79|34.80|8|-1.99|-0.0541|-32|441|1|27|-0.7772|0.0105|-0.0528|-0.3542|0.0914||36.50|25|34.15|6
GME211217C00197500|7.80|7.80|6.30|8.05|6.30|9|-1.75|-0.2174|-4|37|2|3|0.3419|0.0077|0.0159|-0.7337|0.1125||6.80|44|5.95|96
GME211217P00197500||||42.50|42.50|9|0.00|0.0000|0|93|0|0|-0.6304|0.0070|-0.0482|-0.8421|0.1157||38.55|25|36.15|6
GME211217C00200000|7.80|8.05|5.55|8.80|5.90|10|-2.90|-0.3295|716|2717|4|569|0.1789|0.0092|0.0091|-0.3089|0.0801||6.30|5|5.80|71
GME211217P00200000|39.83|39.83|35.75|40.50|38.83|10|-1.67|-0.0412|0|1919|2|50|-0.8145|0.0092|-0.0563|-0.3228|0.0819||40.65|25|38.05|4
GME211217C00202500|6.70|6.70|5.40|6.50|6.00|11|-0.50|-0.0769|-1|35|1|7|0.2959|0.0076|0.0140|-0.6556|0.1059||5.95|24|5.15|67
GME211217P00202500||||39.87|39.87|11|0.00|0.0000|3|120|0|0|-0.7943|0.0086|-0.0563|-0.3935|0.0872||42.75|25|40.30|5
GME211217C00205000|6.65|6.80|4.89|6.70|5.20|12|-1.50|-0.2239|11|64|1|16|0.2731|0.0075|0.0130|-0.6153|0.1019||5.55|6|5.10|20
GME211217P00205000|44.49|44.49|42.73|44.80|44.45|12|-0.35|-0.0078|-2|163|1|12|-0.7440|0.0077|-0.0551|-0.5605|0.0986||44.95|25|42.25|5
GME211217C00207500|6.10|6.10|4.58|5.50|4.58|13|-0.92|-0.1673|-1|31|1|6|0.2729|0.0071|0.0129|-0.6472|0.1019||5.25|7|4.80|63
GME211217P00207500|44.50|46.65|44.50|50.60|46.65|13|-3.95|-0.0781|35|216|1|5|-0.7568|0.0074|-0.0565|-0.5506|0.0960||47.10|17|44.25|13
GME211217C00210000|5.30|6.00|4.45|7.10|4.70|14|-2.40|-0.3380|-18|797|1|101|0.1131|0.0068|0.0058|-0.2267|0.0588||4.95|7|4.55|52
GME211217P00210000|48.25|51.30|45.75|49.35|48.10|14|-1.25|-0.0253|-7|208|2|57|-0.8821|0.0068|-0.0630|-0.2372|0.0606||49.40|24|46.95|4
GME211217C00212500|5.50|5.50|4.35|5.15|4.40|15|-0.75|-0.1456|-8|14|1|24|0.2373|0.0068|0.0113|-0.5863|0.0947||4.70|10|4.30|26
GME211217P00212500||||42.25|42.25|15|0.00|0.0000|0|59|0|0|-0.8744|0.0066|-0.0635|-0.2681|0.0633||51.65|26|49.05|4
GME211217C00215000|5.10|5.23|4.15|4.55|4.40|16|-0.15|-0.0330|6|103|1|15|0.2323|0.0065|0.0111|-0.5952|0.0936||4.45|8|4.05|53
GME211217P00215000|52.75|54.30|51.43|55.04|54.30|16|-0.74|-0.0134|3|104|6|27|-0.7679|0.0065|-0.0596|-0.5938|0.0935||53.85|14|50.90|6
GME211217C00217500||||5.10|5.10|17|0.00|0.0000|1|40|0|0|0.2436|0.0062|0.0115|-0.6595|0.0960||4.20|5|3.90|11
GME211217P00217500|55.40|56.80|55.00|54.90|56.80|17|1.90|0.0346|32|55|6|9|-0.7721|0.0063|-0.0607|-0.6038|0.0926||56.20|25|53.05|12
GME211217C00220000|4.65|4.80|3.50|5.43|3.83|18|-1.60|-0.2947|-24|1879|9|57|0.0705|0.0047|0.0036|-0.1611|0.0414||4.05|6|3.65|28
GME211217P00220000|59.00|59.00|59.00|54.49|59.00|18|4.51|0.0828|-22|424|1|1|-0.9234|0.0049|-0.0684|-0.1755|0.0441||58.50|29|55.55|3
GME211217C00222500|3.50|3.60|3.30|4.60|3.55|19|-1.05|-0.2283|1|70|1|20|0.1991|0.0059|0.0095|-0.5491|0.0855||3.85|6|3.50|20
GME211217P00222500||||49.15|49.15|19|0.00|0.0000|0|21|0|0|-0.8299|0.0059|-0.0648|-0.4529|0.0776||60.85|22|57.90|3
GME211217C00225000|4.25|4.50|3.20|4.50|3.60|20|-0.90|-0.2000|30|128|1|34|0.1843|0.0057|0.0089|-0.5174|0.0816||3.70|10|3.45|9
GME211217P00225000||||49.64|49.64|20|0.00|0.0000|0|30|0|0|-0.8662|0.0055|-0.0673|-0.3541|0.0661||63.20|21|60.25|3
GME211217C00227500|3.45|3.45|3.45|4.50|3.45|21|-1.05|-0.2333|1|9|1|1|0.1878|0.0055|0.0090|-0.5475|0.0826||3.55|5|3.15|50
GME211217P00227500||||51.86|51.86|21|0.00|0.0000|0|60|0|0|-0.9680|0.0028|-0.0731|-0.0770|0.0220||65.55|21|62.60|3
GME211217C00230000|3.80|3.90|3.05|4.80|3.20|22|-1.60|-0.3333|-6|436|1|15|0.0464|0.0033|0.0024|-0.1192|0.0298||3.40|6|3.15|11
GME211217P00230000||||64.00|64.00|22|0.00|0.0000|-1|63|0|0|-0.9507|0.0034|-0.0731|-0.1265|0.0313||67.90|21|64.95|3
GME211217C00232500||||3.80|3.80|23|0.00|0.0000|6|86|0|0|0.1914|0.0052|0.0091|-0.5947|0.0836||3.30|8|3.00|15
GME211217P00232500||||53.30|53.30|23|0.00|0.0000|0|19|0|0|-0.9729|0.0023|-0.0750|-0.0692|0.0192||70.30|21|67.10|5
GME211217C00235000|3.08|3.20|2.87|3.95|3.00|24|-0.95|-0.2405|4|78|1|13|0.1622|0.0050|0.0078|-0.5039|0.0752||3.15|4|2.87|15
GME211217P00235000||||68.76|68.76|24|0.00|0.0000|1|61|0|0|-0.7958|0.0051|-0.0677|-0.6622|0.0869||72.65|21|69.50|12
GME211217C00240000|3.05|3.50|2.75|3.45|2.80|25|-0.65|-0.1884|-35|321|1|64|0.0281|0.0022|0.0015|-0.0796|0.0197||2.90|1|2.67|26
GME211217P00240000||||65.50|65.50|25|0.00|0.0000|0|54|0|0|-0.9680|0.0024|-0.0772|-0.0904|0.0220||77.45|21|74.55|2
GME211217C00245000|3.60|3.60|2.46|3.05|2.55|26|-0.50|-0.1639|-34|196|1|12|0.1428|0.0044|0.0068|-0.4837|0.0691||2.80|12|2.46|20
GME211217P00245000|78.25|78.25|78.25|83.35|78.25|26|-5.10|-0.0612|-9|38|1|1|-0.8128|0.0046|-0.0718|-0.6601|0.0825||82.30|11|79.55|4
GME211217C00250000|2.80|3.15|2.39|3.43|2.52|27|-0.91|-0.2653|99|1244|1|127|0.0175|0.0014|0.0009|-0.0543|0.0133||2.64|13|2.43|16
GME211217P00250000|85.24|85.24|85.24|84.85|85.24|27|0.39|0.0046|-1|55|1|1|-0.9805|0.0015|-0.0812|-0.0599|0.0146||87.10|21|84.55|4
GME211217C00255000|2.25|2.72|2.25|3.21|2.28|28|-0.93|-0.2897|4|359|1|4|0.1268|0.0039|0.0061|-0.4631|0.0637||2.52|19|2.25|13
GME211217P00255000||||39.75|39.75|28|0.00|0.0000|0|5|0|0|-1.0000|0.0000|-0.0838|0.0008|0.0000||92.00|21|88.90|13
GME211217C00260000|2.57|2.81|2.12|2.85|2.15|29|-0.70|-0.2456|4|523|3|51|0.0107|0.0009|0.0006|-0.0359|0.0087||2.38|7|2.08|14
GME211217P00260000||||89.25|89.25|29|0.00|0.0000|0|21|0|0|-0.9877|0.0010|-0.0848|-0.0403|0.0098||96.90|6|93.90|3
GME211217C00270000|2.98|2.98|1.93|2.71|2.05|30|-0.66|-0.2435|-3|572|2|45|0.0071|0.0006|0.0004|-0.0255|0.0060||2.18|6|1.93|23
GME211217P00270000|107.95|107.95|107.95|65.35|107.95|30|42.60|0.6519|0|49|2|2|-0.9917|0.0007|-0.0883|-0.0292|0.0070||106.70|5|103.85|4
GME211217C00280000|2.08|2.15|1.73|2.70|1.95|31|-0.75|-0.2778|-3|2026|1|38|0.0049|0.0004|0.0003|-0.0189|0.0044||2.02|7|1.84|11
GME211217P00280000||||91.00|91.00|31|0.00|0.0000|0|10|0|0|-0.9944|0.0005|-0.0918|-0.0207|0.0049||116.55|4|113.85|4
GME211217C00290000|2.00|2.07|1.70|2.15|1.80|32|-0.35|-0.1628|2|525|1|9|0.0034|0.0003|0.0002|-0.0138|0.0031||1.88|5|1.70|21
GME211217P00290000|127.73|127.73|127.73|68.50|127.73|32|59.23|0.8647|0|25|2|2|-0.9957|0.0004|-0.0951|-0.0166|0.0039||126.45|13|123.60|4
GME211217C00300000|3.27|3.27|1.60|2.29|1.75|33|-0.54|-0.2358|24|5731|2|453|0.0022|0.0002|0.0001|-0.0097|0.0022||1.77|4|1.69|2
GME211217P00300000||||126.50|126.50|33|0.00|0.0000|0|20|0|0|-0.9973|0.0002|-0.0985|-0.0107|0.0026||136.30|13|133.60|4
GME211217C00310000|3.06|3.06|1.50|1.97|1.50|34|-0.47|-0.2386|1|368|1|64|0.0015|0.0001|0.0001|-0.0067|0.0015||1.69|5|1.50|11
GME211217P00310000||||102.75|102.75|34|0.00|0.0000|0|3|0|0|-0.9981|0.0002|-0.1018|-0.0078|0.0019||146.20|16|143.60|4
GME211217C00320000|1.48|1.71|1.48|1.80|1.49|35|-0.31|-0.1722|0|448|1|13|0.0010|0.0001|0.0001|-0.0049|0.0011||1.65|29|1.31|67
GME211217P00320000||||96.00|96.00|35|0.00|0.0000|0|17|0|0|-0.9986|0.0001|-0.1051|-0.0055|0.0014||156.15|4|153.60|4
GME211217C00330000|1.90|1.90|1.35|1.81|1.40|36|-0.41|-0.2265|0|213|1|25|0.0008|0.0001|0.0000|-0.0037|0.0008||1.54|4|1.31|16
GME211217P00330000||||159.50|159.50|36|0.00|0.0000|0|3|0|0|-0.9990|0.0001|-0.1084|-0.0038|0.0010||166.05|13|162.95|13
GME211217C00340000|1.40|1.40|1.40|1.81|1.40|37|-0.41|-0.2265|0|232|2|2|0.0006|0.0001|0.0000|-0.0030|0.0006||1.48|3|1.29|7
GME211217P00340000||||126.85|126.85|37|0.00|0.0000|0|7|0|0|-0.9993|0.0001|-0.1117|-0.0026|0.0008||176.00|13|173.00|4
GME211217C00350000|1.45|1.51|1.18|1.64|1.30|38|-0.34|-0.2073|-9|1004|1|676|0.0004|0.0000|0.0000|-0.0024|0.0005||1.42|3|1.23|7
GME211217P00350000||||133.85|133.85|38|0.00|0.0000|0|4|0|0|-0.9994|0.0001|-0.1150|-0.0019|0.0006||185.95|3|183.40|4
GME211217C00360000|1.24|1.24|1.05|1.34|1.05|39|-0.29|-0.2164|11|315|1|2|0.0004|0.0000|0.0000|-0.0021|0.0004||1.37|4|1.17|18
GME211217P00360000||||||39|||0|0|0|0|-0.9995|0.0000|-0.1183|-0.0014|0.0005||195.90|15|192.25|15
GME211217C00370000|1.15|1.17|1.15|1.49|1.17|40|-0.32|-0.2148|-1|446|1|2|0.0003|0.0000|0.0000|-0.0018|0.0003||1.32|7|1.11|18
GME211217P00370000||||172.65|172.65|40|0.00|0.0000|0|3|0|0|-0.9996|0.0000|-0.1216|-0.0009|0.0004||205.80|12|202.95|2
GME211217C00380000|1.05|1.22|1.05|1.25|1.21|41|-0.04|-0.0320|0|168|2|35|0.0003|0.0000|0.0000|-0.0015|0.0003||1.32|13|1.20|5
GME211217P00380000||||208.83|208.83|41|0.00|0.0000|-1|16|0|0|-0.9997|0.0000|-0.1249|-0.0005|0.0003||215.75|2|212.95|1
GME211217C00390000|1.25|1.25|1.15|1.50|1.16|42|-0.34|-0.2267|1|194|3|28|0.0002|0.0000|0.0000|-0.0014|0.0003||1.23|2|1.16|4
GME211217P00390000||||||42|||0|0|0|0|-0.9997|0.0000|-0.1282|-0.0003|0.0003||225.70|2|222.95|2
GME211217C00400000|1.28|1.28|1.00|1.36|1.12|43|-0.24|-0.1765|91|1276|2|89|0.0002|0.0000|0.0000|-0.0010|0.0002||1.15|4|1.06|5
GME211217P00400000||||238.75|238.75|43|0.00|0.0000|0|3|0|0|-0.9998|0.0000|-0.1315|-0.0001|0.0003||235.65|2|232.95|1
GME211217C00410000|1.12|1.12|0.95|1.14|0.95|44|-0.19|-0.1667|21|226|1|3|0.0001|0.0000|0.0000|-0.0008|0.0002||1.14|14|0.88|18
GME211217P00410000||||190.90|190.90|44|0.00|0.0000|0|3|0|0|-0.9998|0.0000|-0.1348|0.0001|0.0002||245.60|12|242.90|2
GME211217C00420000|0.93|1.00|0.92|1.08|0.92|45|-0.16|-0.1481|0|542|1|8|0.0001|0.0000|0.0000|-0.0007|0.0001||1.08|6|0.85|16
GME211217P00420000||||189.85|189.85|45|0.00|0.0000|0|16|0|0|-0.9999|0.0000|-0.1381|0.0008|0.0001||255.55|12|252.90|4
GME211217C00430000|0.91|0.91|0.90|0.97|0.90|46|-0.07|-0.0722|5|213|4|6|0.0001|0.0000|0.0000|-0.0006|0.0001||1.08|5|0.75|21
GME211217P00430000||||244.20|244.20|46|0.00|0.0000|0|0|0|0|-0.9999|0.0000|-0.1414|0.0009|0.0001||265.50|12|261.60|2
GME211217C00440000||||1.15|1.15|47|0.00|0.0000|0|472|0|0|0.0001|0.0000|0.0000|-0.0005|0.0001||1.03|4|0.75|1
GME211217P00440000||||||47|||0|0|0|0|-0.9999|0.0000|-0.1446|0.0011|0.0001||275.50|12|271.50|2
GME211217C00450000|0.90|0.91|0.84|0.89|0.84|48|-0.05|-0.0562|-3|683|1|84|0.0001|0.0000|0.0000|-0.0004|0.0001||0.99|1|0.65|53
GME211217P00450000||||||48|||0|0|0|0|-1.0000|0.0000|-0.1479|0.0012|0.0001||285.45|12|281.50|2
GME211217C00460000|0.73|0.90|0.73|1.00|0.90|49|-0.10|-0.1000|1|1139|3|16|0.0001|0.0000|0.0000|-0.0004|0.0001||0.96|6|0.65|17
GME211217P00460000||||261.60|261.60|49|0.00|0.0000|0|5|0|0|-1.0000|0.0000|-0.1512|0.0013|0.0001||295.40|12|291.45|1
GME211217C00470000||||1.00|1.00|50|0.00|0.0000|0|190|0|0|0.0422|0.0010|0.0019|-0.3272|0.0276||0.88|4|0.65|24
GME211217P00470000||||||50||||0|0|0|-1.0000|0.0000|-0.1545|0.0016|0.0000||305.35|1|301.45|1
GME211217C00480000||||0.87|0.87|51|0.00|0.0000|3|243|0|0|0.0377|0.0009|0.0017|-0.2969|0.0252||0.86|6|0.65|5
GME211217P00480000||||264.21|264.21|51|0.00|0.0000|0|7|0|0|-0.9941|0.0003|-0.1575|-0.0438|0.0051||315.35|4|311.45|12
GME211217C00490000|0.80|0.80|0.80|1.00|0.80|52|-0.20|-0.2000|47|152|1|1|0.0350|0.0009|0.0016|-0.2803|0.0237||0.80|1|0.64|9
GME211217P00490000||||274.04|274.04|52|0.00|0.0000|0|7|0|0|-0.9917|0.0003|-0.1607|-0.0639|0.0070||325.30|12|321.45|12
GME211217C00500000|0.75|0.89|0.61|0.81|0.72|53|-0.09|-0.1111|-5|2436|1|32|0.0307|0.0008|0.0014|-0.2494|0.0213||0.76|4|0.60|4
GME211217P00500000||||290.05|290.05|53|0.00|0.0000|0|7|0|0|-0.9822|0.0006|-0.1635|-0.1415|0.0134||335.25|12|331.35|12
GME211217C00510000|0.85|0.85|0.49|0.88|0.66|54|-0.22|-0.2500|163|1554|3|162|0.0300|0.0008|0.0014|-0.2475|0.0209||0.70|1|0.66|2
GME211217P00510000||||277.97|277.97|54|0.00|0.0000|0|0|0|0|-0.9953|0.0002|-0.1674|-0.0362|0.0042||345.25|20|341.35|12
GME211223C00100000||||71.00|71.00|10|0.00|0.0000|-1|13|0|0|0.8984|0.0020|0.0382|-0.4321|0.0667||70.95|8|67.70|16
GME211223P00100000|2.10|2.68|2.10|1.97|2.36|10|0.39|0.1980|190|314|5|88|-0.0612|0.0018|-0.0061|-0.2207|0.0454||2.59|4|2.29|3
GME211223C00110000||||||9||||0|0|0|1.0000|0.0000|0.0542|-0.0004|0.0000||62.35|10|58.40|14
GME211223P00110000|3.30|3.35|3.05|2.76|3.26|9|0.50|0.1812|68|105|7|452|-0.0841|0.0026|-0.0084|-0.2597|0.0580||3.55|7|2.96|3
GME211223C00120000|48.67|49.37|48.67|103.35|49.37|8|-53.98|-0.5223|0|1|1|2|0.8983|0.0034|0.0493|-0.2565|0.0667||52.85|7|49.50|22
GME211223P00120000|4.05|5.25|4.05|4.64|4.10|8|-0.54|-0.1164|12|37|1|5|-0.1114|0.0035|-0.0110|-0.2883|0.0712||4.50|9|3.90|12
GME211223C00130000|40.47|41.20|40.47|40.47|41.20|7|0.73|0.0180|0|0|1|2|0.8480|0.0047|0.0492|-0.3301|0.0883||44.15|4|41.15|11
GME211223P00130000|5.72|7.20|5.72|6.15|6.07|7|-0.08|-0.0130|-6|136|4|9|-0.1596|0.0046|-0.0158|-0.3563|0.0912||6.45|18|5.40|6
GME211223C00140000||||||6||||0|0|0|1.0000|0.0000|0.0690|-0.0005|0.0000||36.90|2|33.40|11
GME211223P00140000|8.38|8.50|7.79|9.55|7.80|6|-1.75|-0.1832|0|42|1|16|-0.2146|0.0059|-0.0213|-0.4003|0.1095||8.60|7|7.60|9
GME211223C00145000||||||5||||0|0|0|1.0000|0.0000|0.0715|-0.0005|0.0000||33.20|7|29.80|21
GME211223P00145000|10.00|10.40|9.98|11.64|10.40|5|-1.24|-0.1065|11|11|1|4|-0.2544|0.0063|-0.0257|-0.4518|0.1204||10.30|18|8.85|7
GME211223C00150000||||28.10|28.10|4|0.00|0.0000|17|21|0|0|0.7039|0.0065|0.0434|-0.5132|0.1297||29.40|9|26.55|15
GME211223P00150000|12.00|12.50|10.00|11.00|11.50|4|0.50|0.0455|-45|155|1|12|-0.2898|0.0069|-0.0294|-0.4699|0.1284||11.75|10|10.50|5
GME211223C00155000||||29.20|29.20|3|0.00|0.0000|1|11|0|0|0.6620|0.0057|0.0394|-0.6501|0.1372||25.90|1|23.50|14
GME211223P00155000|14.70|14.70|13.30|14.47|13.30|3|-1.17|-0.0809|-49|78|1|2|-0.3306|0.0071|-0.0340|-0.5108|0.1360||14.05|26|12.35|4
GME211223C00160000||||25.00|25.00|2|0.00|0.0000|7|19|0|0|0.6299|0.0064|0.0389|-0.6212|0.1417||23.45|11|21.45|17
GME211223P00160000|15.25|16.90|14.45|15.00|15.60|2|0.60|0.0400|4|66|1|42|-0.3695|0.0075|-0.0383|-0.5248|0.1416||16.25|18|14.50|6
GME211223C00165000|21.88|21.88|18.60|21.20|19.60|1|-1.60|-0.0755|16|16|10|39|0.5898|0.0080|0.0387|-0.5236|0.1459||20.40|5|18.90|10
GME211223P00165000|19.20|19.20|16.80|21.87|17.75|1|-4.12|-0.1884|263|284|1|20|-0.4100|0.0080|-0.0427|-0.5277|0.1459||18.50|16|16.90|9
GME211223C00170000|19.05|19.50|16.50|22.00|17.10|1|-4.90|-0.2227|15|30|1|67|0.5491|0.0081|0.0365|-0.5348|0.1486||18.25|4|16.65|18
GME211223P00170000|23.70|23.70|21.30|19.50|21.30|1|1.80|0.0923|28|61|2|3|-0.4526|0.0084|-0.0473|-0.5200|0.1487||21.55|17|19.60|3
GME211223C00175000|19.30|19.30|14.70|16.30|15.35|2|-0.95|-0.0583|16|19|10|45|0.5145|0.0079|0.0342|-0.5615|0.1497||16.10|4|14.75|8
GME211223P00175000|23.86|24.52|21.55|27.16|24.52|2|-2.64|-0.0972|-1|47|3|5|-0.4927|0.0083|-0.0522|-0.5293|0.1497||24.60|25|22.55|3
