symbol|open|high|low|preClose|close|activeLevel|change|changeRatio|openIntChange|openInterest|latestPriceVol|volume|delta|gamma|rho|theta|vega|tradeStamptradeTime|ask|avol|bid|bvol
GME211210C00100000||||70.90|70.90|12|0.00|0.0000|209|211|0|0|0.9452|0.0015|0.0097|-1.0034|0.0205||79.15|32|74.45|16
GME211210P00100000|1.09|1.09|0.56|1.14|0.65|12|-0.49|-0.4298|1314|2034|1|2037|-0.0248|0.0010|-0.0005|-0.4063|0.0108||0.67|9|0.65|2
GME211210C00110000||||76.13|76.13|11|0.00|0.0000|0|2|0|0|0.8604|0.0021|0.0082|-3.0065|0.0411||69.20|9|64.45|6
GME211210P00110000|1.45|1.51|0.77|1.52|0.84|11|-0.68|-0.4474|314|618|2|396|-0.0337|0.0015|-0.0007|-0.4656|0.0139||0.87|3|0.84|10
GME211210C00120000||||51.40|51.40|10|0.00|0.0000|1|2|0|0|0.9213|0.0027|0.0114|-1.0009|0.0272||59.55|12|54.80|18
GME211210P00120000|1.69|1.69|0.96|2.00|1.12|10|-0.88|-0.4400|513|1305|1|541|-0.0457|0.0022|-0.0010|-0.5264|0.0178||1.13|6|1.10|1
GME211210C00130000|46.31|46.31|44.86|41.19|44.86|9|3.67|0.0891|11|11|4|8|0.9993|0.0001|0.0142|-0.0060|0.0005||49.65|17|44.70|18
GME211210P00130000|1.70|2.49|1.26|2.60|1.43|9|-1.17|-0.4500|286|1131|1|815|-0.0698|0.0033|-0.0015|-0.6800|0.0249||1.49|22|1.40|1
GME211210C00140000|37.03|39.00|35.20|34.35|35.20|8|0.85|0.0247|12|46|1|8|0.8492|0.0051|0.0120|-1.3404|0.0433||39.90|24|35.15|12
GME211210P00140000|2.50|2.97|1.73|3.80|2.01|8|-1.79|-0.4711|492|1223|1|589|-0.0950|0.0050|-0.0020|-0.7201|0.0313||2.06|19|1.92|22
GME211210C00145000|32.07|33.37|30.60|26.44|30.60|7|4.16|0.1573|13|21|1|14|0.8569|0.0062|0.0128|-1.0323|0.0418||34.90|24|30.60|13
GME211210P00145000|3.45|4.65|2.13|4.62|2.44|7|-2.18|-0.4719|250|373|1|556|-0.1217|0.0062|-0.0026|-0.8277|0.0374||2.55|27|2.36|33
GME211210C00150000|32.00|32.00|25.77|22.00|29.27|6|7.27|0.3305|-12|61|1|40|0.8278|0.0074|0.0127|-1.0985|0.0473||29.90|18|26.95|17
GME211210P00150000|3.90|5.15|2.64|5.68|3.10|6|-2.58|-0.4542|129|1024|1|1291|-0.1560|0.0076|-0.0033|-0.9473|0.0443||3.20|14|3.05|1
GME211210C00155000|23.75|25.48|23.75|18.50|24.20|5|5.70|0.3081|2|60|1|26|0.7944|0.0089|0.0126|-1.1383|0.0527||24.95|12|23.00|23
GME211210P00155000|4.50|5.15|3.45|7.06|4.05|5|-3.01|-0.4263|20|391|1|321|-0.1969|0.0091|-0.0042|-1.0576|0.0514||4.15|15|3.90|7
GME211210C00160000|20.40|24.00|18.02|15.22|20.00|4|4.78|0.3141|22|276|1|40|0.7576|0.0109|0.0123|-1.1260|0.0579||21.15|24|19.70|40
GME211210P00160000|6.10|6.80|4.20|8.50|5.20|4|-3.30|-0.3882|362|859|1|795|-0.2480|0.0106|-0.0053|-1.1781|0.0586||5.35|1|5.05|49
GME211210C00165000|17.00|21.23|15.50|12.90|16.96|3|4.06|0.3147|143|203|1|57|0.6977|0.0124|0.0116|-1.2274|0.0646||18.50|66|16.25|49
GME211210P00165000|7.50|8.80|5.55|10.86|6.70|3|-4.16|-0.3831|224|608|1|425|-0.3030|0.0123|-0.0065|-1.2355|0.0647||6.95|1|6.60|43
GME211210C00170000|14.80|18.10|12.45|10.50|13.75|2|3.25|0.3095|271|448|2|221|0.6231|0.0121|0.0103|-1.4887|0.0703||14.40|16|13.55|18
GME211210P00170000|10.15|12.00|7.00|13.50|8.80|2|-4.70|-0.3481|-41|554|1|883|-0.3718|0.0132|-0.0081|-1.3531|0.0700||9.10|16|8.50|51
GME211210C00175000|12.00|16.00|9.69|8.30|11.35|1|3.05|0.3675|198|470|1|986|0.5587|0.0145|0.0095|-1.3404|0.0731||11.60|14|11.05|11
GME211210P00175000|12.67|14.70|9.15|16.30|11.10|1|-5.20|-0.3190|13|531|1|942|-0.4414|0.0148|-0.0096|-1.3140|0.0731||11.35|2|10.90|17
GME211210C00177500|10.95|13.70|8.75|7.70|10.00|1|2.30|0.2987|132|179|1|201|0.5242|0.0139|0.0089|-1.4302|0.0737||10.45|58|9.70|9
GME211210P00177500|11.95|14.45|9.95|18.90|12.46|1|-6.44|-0.3407|-9|257|2|59|-0.4793|0.0152|-0.0105|-1.3077|0.0738||13.05|16|12.10|11
GME211210C00180000|10.00|12.95|7.25|6.55|9.05|2|2.50|0.3817|292|696|1|1180|0.4879|0.0142|0.0084|-1.3954|0.0738||9.35|11|8.80|10
GME211210P00180000|14.85|15.75|11.20|18.26|13.81|2|-4.45|-0.2437|-47|583|1|207|-0.5111|0.0141|-0.0113|-1.4138|0.0739||14.25|1|13.45|16
GME211210C00182500|8.00|11.40|6.85|5.66|8.12|3|2.46|0.4346|31|179|5|291|0.4588|0.0135|0.0079|-1.4621|0.0735||8.35|9|7.75|18
GME211210P00182500|12.40|16.50|12.40|20.00|15.20|3|-4.80|-0.2400|1|233|12|29|-0.5473|0.0142|-0.0122|-1.3780|0.0734||16.25|18|14.80|46
GME211210C00185000|7.85|10.20|6.00|5.02|7.00|4|1.98|0.3944|178|424|2|442|0.4204|0.0139|0.0073|-1.3777|0.0724||7.45|9|6.85|1
GME211210P00185000|18.95|18.95|14.55|23.17|15.75|4|-7.42|-0.3202|-119|350|2|61|-0.5963|0.0154|-0.0132|-1.2159|0.0717||17.90|24|16.20|36
GME211210C00187500|8.40|9.05|5.35|4.30|6.43|5|2.13|0.4953|45|127|1|113|0.3927|0.0132|0.0068|-1.3951|0.0712||6.65|25|6.15|1
GME211210P00187500|17.85|18.60|16.78|28.00|18.60|5|-9.40|-0.3357|2|261|1|14|-0.6121|0.0136|-0.0138|-1.3506|0.0709||19.75|18|17.80|45
GME211210C00190000|6.50|8.00|4.60|4.05|5.60|6|1.55|0.3827|226|576|1|758|0.3626|0.0129|0.0063|-1.3648|0.0695||5.80|1|5.45|1
GME211210P00190000|19.54|21.03|19.54|27.50|19.93|6|-7.57|-0.2753|0|512|2|43|-0.6515|0.0136|-0.0147|-1.2525|0.0685||21.15|10|19.80|22
GME211210C00192500|4.80|7.15|4.10|3.66|5.05|7|1.39|0.3798|32|120|1|190|0.3333|0.0125|0.0058|-1.3231|0.0673||5.25|31|4.90|14
GME211210P00192500|21.40|21.65|21.40|27.83|21.65|7|-6.18|-0.2221|3|125|1|2|-0.6848|0.0132|-0.0155|-1.1909|0.0658||23.50|16|20.80|44
GME211210C00195000|3.50|6.35|3.50|3.30|4.56|8|1.26|0.3818|141|433|2|375|0.3126|0.0118|0.0055|-1.3294|0.0656||4.65|21|4.40|4
GME211210P00195000|22.22|22.50|21.97|31.02|22.50|8|-8.52|-0.2747|-9|294|1|22|-0.7460|0.0136|-0.0168|-0.9462|0.0593||25.40|17|22.40|60
GME211210C00197500|3.81|5.80|3.60|2.90|4.05|9|1.15|0.3966|46|173|1|153|0.2831|0.0114|0.0050|-1.2534|0.0627||4.15|36|3.80|32
GME211210P00197500|26.05|26.05|26.05|33.48|26.05|9|-7.43|-0.2219|-5|115|1|1|-0.7270|0.0117|-0.0168|-1.1824|0.0616||27.45|16|24.15|61
GME211210C00200000|3.61|5.00|2.98|2.71|3.57|10|0.86|0.3173|637|2365|1|2567|0.2525|0.0110|0.0045|-1.1576|0.0592||3.60|1|3.50|2
GME211210P00200000|27.98|32.00|25.00|33.81|28.11|10|-5.70|-0.1686|-25|674|1|63|-0.7811|0.0115|-0.0180|-0.9434|0.0547||29.50|16|26.65|56
GME211210C00202500|3.00|4.50|2.94|2.41|3.25|11|0.84|0.3485|48|142|2|155|0.2413|0.0103|0.0042|-1.1822|0.0577||3.25|1|3.00|50
GME211210P00202500|30.42|30.42|30.42|35.84|30.42|11|-5.42|-0.1512|-2|33|1|1|-0.7640|0.0104|-0.0180|-1.1447|0.0570||31.75|17|28.00|56
GME211210C00205000|2.95|4.00|2.50|2.21|2.80|12|0.59|0.2670|163|401|1|375|0.2109|0.0098|0.0037|-1.0620|0.0535||3.00|18|2.78|20
GME211210P00205000|33.43|33.43|31.30|40.44|31.47|12|-8.97|-0.2218|-1|179|1|3|-0.8230|0.0100|-0.0193|-0.8450|0.0481||34.25|9|30.50|52
GME211210C00207500|2.39|3.60|2.39|1.99|2.55|13|0.56|0.2814|21|103|1|80|0.2061|0.0092|0.0036|-1.1074|0.0528||2.75|21|2.50|23
GME211210P00207500||||42.53|42.53|13|0.00|0.0000|-2|24|0|0|-0.6457|0.0069|-0.0171|-2.4960|0.0689||36.30|12|33.00|37
GME211210C00210000|2.37|3.30|2.12|1.80|2.35|14|0.55|0.3056|142|501|1|376|0.1866|0.0087|0.0033|-1.0407|0.0497||2.45|5|2.35|4
GME211210P00210000|38.25|38.25|37.90|45.79|37.90|14|-7.89|-0.1723|-17|124|1|2|-0.7866|0.0085|-0.0193|-1.2376|0.0539||38.80|9|35.50|43
GME211210C00212500|2.25|2.79|2.07|1.81|2.43|15|0.62|0.3425|15|103|1|104|0.1781|0.0081|0.0031|-1.0426|0.0483||2.33|27|2.04|22
GME211210P00212500|40.65|40.65|40.65|48.25|40.65|15|-7.60|-0.1575|1|39|2|2|-0.7854|0.0080|-0.0196|-1.3239|0.0541||40.95|12|38.00|17
GME211210C00215000|2.20|2.70|1.80|1.75|2.03|16|0.28|0.1600|118|334|1|277|0.1678|0.0077|0.0030|-1.0257|0.0465||2.21|40|1.90|53
GME211210P00215000|40.73|40.73|40.73|52.12|40.73|16|-11.39|-0.2185|0|73|1|1|-0.8765|0.0073|-0.0213|-0.7114|0.0378||43.35|9|40.50|14
GME211210C00217500|3.70|3.70|1.73|1.50|1.86|17|0.36|0.2400|11|46|1|54|0.1476|0.0072|0.0026|-0.9265|0.0427||1.97|10|1.80|11
GME211210P00217500||||53.30|53.30|17|0.00|0.0000|0|37|0|0|-0.6599|0.0059|-0.0185|-2.8466|0.0679||45.85|17|43.00|16
GME211210C00220000|1.68|2.26|1.54|1.55|1.77|18|0.22|0.1419|161|582|1|512|0.1379|0.0068|0.0024|-0.8986|0.0408||1.82|4|1.67|22
GME211210P00220000|48.67|48.67|47.38|54.32|47.38|18|-6.94|-0.1278|0|165|1|4|-0.8227|0.0070|-0.0210|-1.2144|0.0481||47.50|1|45.50|13
GME211210C00222500|1.45|3.50|1.45|1.50|1.60|19|0.10|0.0667|63|155|1|94|0.1362|0.0064|0.0024|-0.9281|0.0405||1.74|29|1.55|20
GME211210P00222500|49.15|49.15|49.15|42.95|49.15|19|6.20|0.1444|0|39|1|1|-0.8504|0.0065|-0.0218|-1.0360|0.0431||49.95|1|45.90|54
GME211210C00225000|1.59|1.91|1.38|1.21|1.50|20|0.29|0.2397|49|521|1|381|0.1252|0.0060|0.0022|-0.8793|0.0382||1.62|13|1.47|13
GME211210P00225000||||57.07|57.07|20|0.00|0.0000|-1|476|0|0|-0.7238|0.0060|-0.0202|-2.3370|0.0622||52.30|1|48.40|29
GME211210C00227500|1.39|1.74|1.33|1.22|1.45|21|0.23|0.1885|4|39|4|58|0.1155|0.0057|0.0020|-0.8362|0.0361||1.56|46|1.38|22
GME211210P00227500||||34.06|34.06|21|0.00|0.0000|0|35|0|0|-0.9981|0.0004|-0.0249|-0.0107|0.0011||54.75|1|50.40|43
GME211210C00230000|1.21|1.69|1.15|1.14|1.36|22|0.22|0.1930|95|565|4|346|0.1100|0.0054|0.0019|-0.8234|0.0348||1.40|2|1.31|14
GME211210P00230000||||61.98|61.98|22|0.00|0.0000|0|20|0|0|-0.7373|0.0056|-0.0210|-2.3666|0.0604||57.30|3|52.90|22
GME211210C00232500|1.25|1.47|1.25|1.21|1.35|23|0.14|0.1157|12|67|1|149|0.1034|0.0051|0.0018|-0.7970|0.0333||1.38|23|1.24|20
GME211210P00232500||||68.97|68.97|23|0.00|0.0000|0|5|0|0|-0.6776|0.0049|-0.0206|-3.2534|0.0664||59.75|2|55.35|23
GME211210C00235000|1.05|1.50|1.05|1.04|1.25|24|0.21|0.2019|-13|851|1|177|0.1023|0.0049|0.0018|-0.8169|0.0331||1.30|15|1.18|16
GME211210P00235000||||74.05|74.05|24|0.00|0.0000|0|32|0|0|-0.6520|0.0046|-0.0207|-3.7442|0.0685||62.35|4|57.85|29
GME211210C00237500|1.14|1.39|1.05|0.95|1.24|25|0.29|0.3053|34|54|1|44|0.0969|0.0047|0.0017|-0.7890|0.0319||1.25|27|1.12|17
GME211210P00237500||||76.45|76.45|25|0.00|0.0000|0|24|0|0|-0.6564|0.0045|-0.0210|-3.7751|0.0681||64.80|4|60.35|30
GME211210C00240000|1.07|1.31|1.00|0.96|1.17|26|0.21|0.2188|34|336|1|81|0.0877|0.0043|0.0015|-0.7360|0.0295||1.20|27|1.12|2
GME211210P00240000|64.94|64.94|64.94|71.95|64.94|26|-7.01|-0.0974|-1|30|1|1|-0.9368|0.0037|-0.0252|-0.5147|0.0230||67.25|3|62.85|31
GME211210C00245000|0.98|1.25|0.90|0.92|1.12|27|0.20|0.2174|45|227|2|83|0.0828|0.0040|0.0015|-0.7345|0.0283||1.04|10|1.01|3
GME211210P00245000||||50.19|50.19|27|0.00|0.0000|0|23|0|0|-0.9998|0.0000|-0.0268|-0.0005|0.0001||72.25|3|67.85|37
GME211210C00250000|1.00|1.17|0.75|0.88|0.95|28|0.07|0.0795|806|3669|1|720|0.0732|0.0036|0.0013|-0.6800|0.0257||0.97|2|0.95|9
GME211210P00250000||||80.84|80.84|28|0.00|0.0000|3|18|0|0|-0.7786|0.0046|-0.0238|-2.3799|0.0552||77.25|5|72.65|33
GME211210C00255000|0.90|1.04|0.86|0.83|0.90|29|0.07|0.0843|155|228|1|67|0.0683|0.0033|0.0012|-0.6645|0.0244||0.93|3|0.85|12
GME211210P00255000||||40.40|40.40|29|0.00|0.0000|0|5|0|0|-1.0000|0.0000|-0.0279|0.0008|0.0000||82.25|4|77.65|21
GME211210C00260000|0.90|1.00|0.80|0.80|0.85|30|0.05|0.0625|953|1845|2|348|0.0632|0.0030|0.0011|-0.6418|0.0230||0.90|35|0.81|10
GME211210P00260000||||69.85|69.85|30|0.00|0.0000|0|22|0|0|-0.9924|0.0008|-0.0284|-0.0708|0.0039||87.25|4|82.60|22
GME211210C00270000|0.66|0.88|0.66|0.65|0.72|31|0.07|0.1077|225|405|1|183|0.0557|0.0026|0.0010|-0.6124|0.0208||0.76|11|0.72|2
GME211210P00270000||||103.46|103.46|31|0.00|0.0000|0|15|0|0|-0.7569|0.0039|-0.0259|-3.1640|0.0580||97.20|4|92.45|53
GME211210C00280000|0.68|0.80|0.59|0.60|0.65|32|0.05|0.0833|37|296|1|118|0.0466|0.0022|0.0008|-0.5458|0.0181||0.68|5|0.62|5
GME211210P00280000||||112.20|112.20|32|0.00|0.0000|0|6|0|0|-0.7825|0.0037|-0.0274|-2.9611|0.0545||107.55|5|102.25|53
GME211210C00290000|0.56|0.82|0.56|0.61|0.58|33|-0.03|-0.0492|-10|545|1|285|0.0407|0.0019|0.0007|-0.5093|0.0162||0.60|2|0.56|6
GME211210P00290000||||82.25|82.25|33|0.00|0.0000|0|7|0|0|-1.0000|0.0000|-0.0318|0.0008|0.0000||117.40|5|112.10|56
GME211210C00300000|0.51|1.15|0.49|0.50|0.52|34|0.02|0.0400|407|1617|1|940|0.0368|0.0017|0.0006|-0.4876|0.0149||0.53|1|0.52|7
GME211210P00300000||||76.00|76.00|34|0.00|0.0000|0|14|0|0|-1.0000|0.0000|-0.0329|0.0010|0.0000||127.30|7|122.00|60
GME211210C00310000|0.47|0.80|0.47|0.45|0.50|35|0.05|0.1111|76|359|1|172|0.0334|0.0015|0.0006|-0.4663|0.0138||0.49|4|0.44|9
GME211210P00310000||||83.61|83.61|35|0.00|0.0000|0|4|0|0|-1.0000|0.0000|-0.0340|0.0008|0.0000||137.25|12|132.20|52
GME211210C00320000|0.47|0.62|0.45|0.44|0.45|36|0.01|0.0227|143|420|1|136|0.0297|0.0013|0.0005|-0.4359|0.0125||0.44|2|0.34|1
GME211210P00320000||||89.47|89.47|36|0.00|0.0000|0|3|0|0|-1.0000|0.0000|-0.0351|0.0010|0.0000||147.15|11|141.30|60
GME211210C00330000|0.58|0.58|0.38|0.39|0.38|37|-0.01|-0.0256|233|482|1|272|0.0268|0.0012|0.0005|-0.4103|0.0115||0.40|4|0.36|8
GME211210P00330000||||||37||||0|0|0|-1.0000|0.0000|-0.0362|0.0011|0.0000||157.05|16|152.05|54
GME211210C00340000|0.28|0.42|0.28|0.33|0.37|38|0.04|0.1212|29|160|1|31|0.0240|0.0010|0.0004|-0.3832|0.0105||0.39|19|0.33|10
GME211210P00340000||||||38||||0|0|0|-1.0000|0.0000|-0.0373|0.0011|0.0000||166.95|12|162.00|54
GME211210C00350000|0.40|0.40|0.29|0.30|0.31|39|0.01|0.0333|176|675|2|987|0.0194|0.0009|0.0003|-0.3208|0.0087||0.33|5|0.31|3
GME211210P00350000||||||39||||0|0|0|-1.0000|0.0000|-0.0384|0.0011|0.0000||176.90|12|172.00|54
GME211210C00360000|0.39|0.39|0.29|0.28|0.29|40|0.01|0.0357|61|150|1|60|0.0189|0.0008|0.0003|-0.3246|0.0086||0.30|17|0.27|10
GME211210P00360000||||||40||||0|0|0|-1.0000|0.0000|-0.0395|0.0012|0.0000||186.85|12|181.70|56
GME211210C00370000|0.29|0.35|0.28|0.29|0.28|41|-0.01|-0.0345|8|46|1|11|0.0178|0.0008|0.0003|-0.3165|0.0081||0.28|6|0.27|1
GME211210P00370000||||||41||||0|0|0|-1.0000|0.0000|-0.0405|0.0012|0.0000||196.75|12|191.55|57
GME211210C00380000|0.33|0.33|0.22|0.25|0.23|42|-0.02|-0.0800|20|77|1|12|0.0150|0.0007|0.0003|-0.2736|0.0070||0.26|6|0.24|2
GME211210P00380000||||||42||||0|0|0|-1.0000|0.0000|-0.0416|0.0012|0.0000||208.90|12|201.65|48
GME211210C00390000|0.22|0.27|0.20|0.22|0.21|43|-0.01|-0.0455|77|156|1|113|0.0136|0.0006|0.0002|-0.2562|0.0064||0.24|4|0.21|5
GME211210P00390000||||||43||||0|0|0|-1.0000|0.0000|-0.0427|0.0013|0.0000||218.80|18|211.60|50
GME211210C00400000|0.21|0.27|0.18|0.20|0.22|44|0.02|0.1000|64|592|1|402|0.0128|0.0005|0.0002|-0.2478|0.0061||0.22|5|0.21|10
GME211210P00400000||||230.14|230.14|44|0.00|0.0000|1|1|0|0|-0.8544|0.0021|-0.0417|-3.0381|0.0423||227.30|12|221.35|60
GME211210C00410000|0.20|0.23|0.19|0.22|0.19|45|-0.03|-0.1364|28|98|1|10|0.0120|0.0005|0.0002|-0.2392|0.0058||0.21|7|0.14|14
GME211210P00410000||||||45||||0|0|0|-1.0000|0.0000|-0.0449|0.0013|0.0000||238.70|12|231.25|60
GME211210C00420000|0.28|0.28|0.15|0.18|0.17|46|-0.01|-0.0556|64|242|1|120|0.0108|0.0005|0.0002|-0.2202|0.0053||0.20|10|0.16|14
GME211210P00420000||||||46||||0|0|0|-1.0000|0.0000|-0.0460|0.0014|0.0000||248.65|18|241.30|42
GME211210C00430000|0.22|0.22|0.14|0.13|0.14|47|0.01|0.0769|5|311|1|3|0.0091|0.0004|0.0002|-0.1901|0.0045||0.51|35|0.08|1
GME211210P00430000||||||47||||0|0|0|-1.0000|0.0000|-0.0471|0.0014|0.0000||259.15|10|251.30|27
GME211210C00440000|0.15|0.16|0.15|0.15|0.16|48|0.01|0.0667|16|96|1|14|0.0099|0.0004|0.0002|-0.2117|0.0049||0.17|3|0.13|5
GME211210P00440000||||||48||||0|0|0|-1.0000|0.0000|-0.0482|0.0014|0.0000||268.50|12|261.35|28
GME211210C00450000|0.20|0.24|0.08|0.15|0.08|49|-0.07|-0.4667|511|807|8|76|0.0079|0.0003|0.0001|-0.1726|0.0040||0.16|5|0.07|18
GME211210P00450000||||||49||||0|0|0|-1.0000|0.0000|-0.0493|0.0015|0.0000||279.05|10|271.35|27
GME211210C00460000|0.22|0.22|0.11|0.11|0.13|50|0.02|0.1818|111|177|4|775|0.0081|0.0003|0.0001|-0.1806|0.0041||0.16|4|0.06|4
GME211210P00460000||||||50||||0|0|0|-1.0000|0.0000|-0.0504|0.0015|0.0000||289.00|10|281.40|27
GME211210C00470000|0.15|0.15|0.10|0.12|0.10|51|-0.02|-0.1667|310|333|1|213|0.0065|0.0003|0.0001|-0.1468|0.0034||0.18|1|0.10|1
GME211210P00470000||||||51||||0|0|0|-1.0000|0.0000|-0.0515|0.0015|0.0000||298.95|12|291.40|27
GME211210C00480000|0.14|0.15|0.08|0.10|0.13|52|0.03|0.3000|75|148|2|170|0.0078|0.0003|0.0001|-0.1819|0.0040||0.27|9|0.05|1
GME211210P00480000||||||52||||0|0|0|-1.0000|0.0000|-0.0526|0.0016|0.0000||308.85|12|301.40|28
GME211210C00490000|0.20|0.20|0.10|0.17|0.12|53|-0.05|-0.2941|-5|96|1|25|0.0072|0.0003|0.0001|-0.1709|0.0037||0.15|3|0.10|2
GME211210P00490000||||||53||||0|0|0|-1.0000|0.0000|-0.0537|0.0016|0.0000||318.90|10|311.60|27
GME211210C00500000|0.15|0.20|0.08|0.09|0.12|54|0.03|0.3333|84|977|1|186|0.0071|0.0003|0.0001|-0.1713|0.0037||0.12|2|0.09|2
GME211210P00500000||||||54||||0|0|0|-1.0000|0.0000|-0.0548|0.0016|0.0000||328.85|10|321.60|27
GME211210C00510000|0.10|0.18|0.07|0.10|0.10|55|0.00|0.0000|766|3121|3|1413|0.0061|0.0002|0.0001|-0.1487|0.0032||0.10|25|0.08|20
GME211210P00510000||||||55||||0|0|0|-1.0000|0.0000|-0.0559|0.0017|0.0000||338.80|12|331.65|27
GME211217C00080000||||94.56|94.56|19|0.00|0.0000|0|2|0|0|0.9702|0.0008|0.0222|-0.2652|0.0208||97.80|4|94.40|12
GME211217P00080000|1.08|1.15|0.82|1.41|0.85|19|-0.56|-0.3972|464|1070|1|140|-0.0221|0.0007|-0.0014|-0.1875|0.0162||0.89|25|0.81|7
GME211217C00085000||||95.85|95.85|18|0.00|0.0000|0|1|0|0|0.9263|0.0012|0.0202|-0.7333|0.0429||92.95|4|89.50|12
GME211217P00085000|1.19|1.19|0.97|1.49|1.01|18|-0.48|-0.3221|5|125|2|11|-0.0267|0.0008|-0.0017|-0.2117|0.0190||1.02|2|0.90|47
GME211217C00090000|86.59|86.59|86.59|137.00|86.59|17|-50.41|-0.3680|0|4|10|10|0.9769|0.0008|0.0257|-0.1668|0.0169||88.05|4|84.65|15
GME211217P00090000|1.25|1.31|1.04|1.61|1.09|17|-0.52|-0.3230|39|180|1|46|-0.0301|0.0010|-0.0019|-0.2210|0.0210||1.15|5|1.11|2
GME211217C00100000|78.20|78.20|78.20|67.18|78.20|16|11.02|0.1640|-3|47|1|3|0.9998|0.0000|0.0301|-0.0015|0.0003||78.30|11|74.90|12
GME211217P00100000|1.68|1.68|0.71|1.88|1.40|16|-0.48|-0.2553|26|1077|1|460|-0.0003|0.0000|0.0000|-0.0014|0.0003||1.45|5|1.33|29
GME211217C00105000||||66.05|66.05|15|0.00|0.0000|0|1|0|0|0.9994|0.0001|0.0316|-0.0031|0.0006||73.45|15|69.90|16
GME211217P00105000|1.90|1.90|1.46|2.20|1.53|15|-0.67|-0.3045|13|166|2|74|-0.0006|0.0001|0.0000|-0.0029|0.0007||1.64|24|1.43|39
GME211217C00110000||||73.25|73.25|14|0.00|0.0000|0|1|0|0|0.9990|0.0001|0.0331|-0.0046|0.0010||68.55|10|65.05|11
GME211217P00110000|2.05|2.05|1.56|2.42|1.67|14|-0.75|-0.3099|70|424|10|97|-0.0014|0.0002|-0.0001|-0.0059|0.0014||1.79|31|1.54|65
GME211217C00115000||||112.11|112.11|13|0.00|0.0000|0|2|0|0|0.9980|0.0002|0.0345|-0.0084|0.0020||63.75|12|60.10|12
GME211217P00115000|2.00|2.01|1.74|2.62|1.79|13|-0.83|-0.3168|19|199|10|24|-0.0030|0.0003|-0.0002|-0.0118|0.0028||2.00|46|1.69|64
GME211217C00120000|58.85|58.85|58.85|52.20|58.85|12|6.65|0.1274|2|58|1|1|0.9956|0.0005|0.0359|-0.0161|0.0039||58.95|15|55.50|16
GME211217P00120000|3.28|3.28|1.93|3.09|2.03|12|-1.06|-0.3430|51|379|10|168|-0.0059|0.0006|-0.0003|-0.0214|0.0051||2.14|16|1.93|23
GME211217C00125000||||47.70|47.70|11|0.00|0.0000|0|35|0|0|0.9900|0.0010|0.0371|-0.0334|0.0082||54.20|14|50.65|7
GME211217P00125000|2.00|2.81|1.20|3.60|2.25|11|-1.35|-0.3750|180|535|2|153|-0.0121|0.0011|-0.0007|-0.0403|0.0096||2.33|4|2.17|16
GME211217C00130000||||39.61|39.61|10|0.00|0.0000|0|10|0|0|0.9820|0.0016|0.0382|-0.0547|0.0136||49.60|8|46.00|12
GME211217P00130000|3.00|3.09|2.32|4.45|2.55|10|-1.90|-0.4270|35|370|1|156|-0.0214|0.0018|-0.0012|-0.0652|0.0157||2.66|22|2.40|36
GME211217C00135000||||35.61|35.61|9|0.00|0.0000|-1|2|0|0|0.9673|0.0027|0.0388|-0.0905|0.0225||45.15|27|41.50|17
GME211217P00135000|3.65|3.98|2.82|4.75|2.82|9|-1.93|-0.4063|1|152|1|67|-0.0355|0.0028|-0.0020|-0.0984|0.0240||3.05|37|2.65|79
GME211217C00140000|37.00|37.00|37.00|33.50|37.00|8|3.50|0.1045|0|149|1|1|0.9480|0.0040|0.0392|-0.1296|0.0327||40.60|25|37.05|11
GME211217P00140000|5.28|5.62|3.15|5.78|3.35|8|-2.43|-0.4204|68|983|1|212|-0.0577|0.0042|-0.0033|-0.1451|0.0355||3.60|60|3.15|93
GME211217C00145000|34.00|34.00|34.00|27.00|34.00|7|7.00|0.2593|0|59|1|2|0.9168|0.0057|0.0389|-0.1879|0.0470||36.30|24|32.80|15
GME211217P00145000|6.26|6.26|3.78|7.10|3.94|7|-3.16|-0.4451|12|264|1|52|-0.0905|0.0058|-0.0052|-0.2071|0.0501||4.25|38|3.80|92
GME211217C00150000|29.40|30.50|27.83|27.40|30.45|6|3.05|0.1113|0|82|3|8|0.8756|0.0076|0.0380|-0.2534|0.0630||32.15|41|28.85|16
GME211217P00150000|8.80|8.80|4.65|8.50|5.00|6|-3.50|-0.4118|136|2018|100|781|-0.1298|0.0076|-0.0075|-0.2675|0.0649||5.15|16|4.80|45
GME211217C00155000|24.23|24.23|24.23|24.92|24.23|5|-0.69|-0.0277|4|30|1|1|0.8275|0.0095|0.0367|-0.3134|0.0785||28.25|60|25.30|15
GME211217P00155000|8.03|8.03|5.90|9.47|5.95|5|-3.52|-0.3717|-1|404|1|23|-0.1776|0.0094|-0.0103|-0.3268|0.0799||6.55|65|5.50|189
GME211217C00160000|22.95|24.60|21.78|21.45|23.00|4|1.55|0.0723|6|143|1|14|0.7704|0.0113|0.0348|-0.3694|0.0932||24.10|51|22.00|57
GME211217P00160000|9.00|9.66|7.25|12.08|7.85|4|-4.23|-0.3502|-4|1042|30|121|-0.2354|0.0111|-0.0138|-0.3865|0.0945||8.00|44|7.25|91
GME211217C00165000|20.60|21.70|17.60|16.45|19.40|3|2.95|0.1793|8|87|1|9|0.7106|0.0125|0.0326|-0.4241|0.1054||20.35|24|18.75|59
GME211217P00165000|10.70|11.30|8.95|14.75|9.40|3|-5.35|-0.3627|76|429|1|71|-0.3011|0.0125|-0.0178|-0.4411|0.1070||10.00|53|8.85|159
GME211217C00170000|18.20|21.00|15.00|14.20|17.20|2|3.00|0.2113|42|177|1|31|0.6309|0.0137|0.0292|-0.4722|0.1159||18.35|57|15.95|61
GME211217P00170000|13.50|13.61|10.82|17.48|11.70|2|-5.78|-0.3307|-14|1078|2|115|-0.3708|0.0134|-0.0222|-0.4846|0.1160||11.90|17|11.30|33
GME211217C00175000|15.05|18.05|13.00|12.35|14.00|1|1.65|0.1336|5|213|1|104|0.5587|0.0145|0.0262|-0.4899|0.1212||14.70|25|13.80|16
GME211217P00175000|15.60|16.18|12.20|18.97|14.00|1|-4.97|-0.2620|-22|763|1|319|-0.4412|0.0140|-0.0266|-0.5046|0.1212||14.50|24|13.65|17
GME211217C00180000|11.50|15.25|10.85|10.25|12.10|1|1.85|0.1805|542|1045|2|366|0.4864|0.0145|0.0231|-0.4969|0.1225||12.30|19|11.60|13
GME211217P00180000|18.00|18.00|15.00|21.74|16.81|1|-4.93|-0.2268|-9|1119|1|68|-0.5118|0.0142|-0.0312|-0.5084|0.1225||17.30|31|16.20|69
GME211217C00185000|10.83|13.45|9.00|8.75|10.30|2|1.55|0.1771|62|346|1|103|0.4171|0.0142|0.0199|-0.4887|0.1199||10.40|10|10.05|1
GME211217P00185000|20.78|21.60|18.23|25.00|19.30|2|-5.70|-0.2280|8|254|1|14|-0.5801|0.0139|-0.0357|-0.4983|0.1200||20.75|16|18.60|92
GME211217C00187500|10.00|10.40|9.12|7.90|9.60|3|1.70|0.2152|2|44|5|16|0.4316|0.0106|0.0198|-0.6628|0.1207||10.25|107|8.55|73
GME211217P00187500||||27.07|27.07|3|0.00|0.0000|0|116|0|0|-0.5253|0.0079|-0.0359|-0.9063|0.1223||22.60|17|19.80|87
GME211217C00190000|9.00|11.65|7.94|7.20|8.90|4|1.70|0.2361|-19|254|2|84|0.3531|0.0134|0.0170|-0.4683|0.1141||9.20|86|8.35|1
GME211217P00190000|23.16|24.57|20.00|29.00|23.73|4|-5.27|-0.1817|4|435|1|30|-0.6422|0.0132|-0.0401|-0.4813|0.1147||24.25|21|21.80|95
GME211217C00192500|9.10|9.50|8.10|7.35|8.40|5|1.05|0.1429|4|43|1|29|0.3882|0.0101|0.0179|-0.6642|0.1177||8.50|87|7.40|65
GME211217P00192500||||38.40|38.40|5|0.00|0.0000|0|113|0|0|-0.5049|0.0057|-0.0383|-1.2785|0.1225||26.15|16|23.30|63
GME211217C00195000|7.72|9.55|7.10|6.35|7.10|6|0.75|0.1181|12|170|1|41|0.2961|0.0123|0.0143|-0.4402|0.1062||7.60|55|6.85|45
GME211217P00195000|29.00|29.00|25.35|31.75|26.25|6|-5.50|-0.1732|-12|429|2|29|-0.6988|0.0122|-0.0442|-0.4524|0.1070||27.95|17|25.20|108
GME211217C00197500|8.33|8.33|6.30|5.75|6.30|7|0.55|0.0957|2|39|1|9|0.3309|0.0100|0.0155|-0.5951|0.1113||7.00|56|6.30|84
GME211217P00197500||||42.50|42.50|7|0.00|0.0000|0|93|0|0|-0.5256|0.0055|-0.0406|-1.3099|0.1223||30.05|14|27.10|55
GME211217C00200000|5.40|8.30|5.40|5.55|6.25|8|0.70|0.1261|308|3025|2|445|0.2473|0.0111|0.0120|-0.4082|0.0970||6.40|14|5.90|1
GME211217P00200000|31.50|31.50|29.00|38.96|30.87|8|-8.09|-0.2076|-44|1875|1|32|-0.7465|0.0110|-0.0480|-0.4227|0.0983||31.65|6|30.10|55
GME211217C00202500|6.11|7.70|5.60|5.85|5.98|9|0.13|0.0222|4|39|2|24|0.3047|0.0091|0.0142|-0.6137|0.1075||6.10|75|5.35|95
GME211217P00202500||||38.80|38.80|9|0.00|0.0000|0|120|0|0|-0.6142|0.0071|-0.0442|-0.9374|0.1175||34.20|16|31.15|58
GME211217C00205000|5.53|7.00|5.32|4.50|5.50|10|1.00|0.2222|36|100|1|40|0.2895|0.0087|0.0135|-0.6090|0.1050||5.65|71|5.00|92
GME211217P00205000|36.60|36.60|36.60|41.50|36.60|10|-4.90|-0.1181|-2|161|1|1|-0.6863|0.0083|-0.0474|-0.6917|0.1089||36.25|15|33.25|64
GME211217C00207500|5.40|5.73|5.02|5.65|5.02|11|-0.63|-0.1115|3|34|1|16|0.2753|0.0084|0.0129|-0.6038|0.1025||5.30|56|4.70|68
GME211217P00207500|37.77|37.77|37.77|43.07|37.77|11|-5.30|-0.1231|3|219|1|1|-0.7180|0.0083|-0.0494|-0.6252|0.1037||38.60|17|35.40|57
GME211217C00210000|5.25|6.05|4.35|4.35|4.70|12|0.35|0.0805|16|813|1|202|0.1619|0.0086|0.0080|-0.3169|0.0753||5.05|66|4.45|72
GME211217P00210000|38.00|43.00|34.90|47.90|39.10|12|-8.80|-0.1837|65|273|1|96|-0.8330|0.0086|-0.0551|-0.3286|0.0768||40.85|22|37.45|60
GME211217C00212500|4.80|4.80|4.50|4.58|4.50|13|-0.08|-0.0175|21|35|2|8|0.2493|0.0078|0.0117|-0.5904|0.0975||4.65|40|4.15|46
GME211217P00212500||||42.25|42.25|13|0.00|0.0000|0|59|0|0|-0.7415|0.0077|-0.0520|-0.6206|0.0993||42.90|8|39.65|58
GME211217C00215000|4.45|5.20|4.05|3.82|4.15|14|0.33|0.0864|20|123|1|63|0.2263|0.0075|0.0106|-0.5460|0.0924||4.40|26|3.95|58
GME211217P00215000||||54.30|54.30|14|0.00|0.0000|-5|99|0|0|-0.6143|0.0054|-0.0489|-1.2241|0.1175||45.25|8|42.05|52
GME211217C00217500|4.85|5.00|3.80|5.10|4.40|15|-0.70|-0.1373|0|40|1|21|0.2283|0.0072|0.0107|-0.5813|0.0929||4.35|79|3.75|58
GME211217P00217500|46.54|46.80|46.54|56.80|46.80|15|-10.00|-0.1761|-6|49|2|3|-0.7618|0.0071|-0.0545|-0.6147|0.0951||47.75|9|44.35|40
GME211217C00220000|4.00|4.65|3.50|3.40|3.76|16|0.36|0.1059|-8|1871|1|136|0.1034|0.0063|0.0051|-0.2345|0.0552||4.05|64|3.55|79
GME211217P00220000||||59.00|59.00|16|0.00|0.0000|-1|423|0|0|-0.8897|0.0064|-0.0609|-0.2517|0.0579||49.90|6|46.60|23
GME211217C00222500|3.80|3.80|3.65|3.30|3.73|17|0.43|0.1303|11|81|1|9|0.2015|0.0066|0.0094|-0.5421|0.0864||4.05|127|3.40|48
GME211217P00222500||||49.15|49.15|17|0.00|0.0000|0|21|0|0|-0.8393|0.0066|-0.0593|-0.4096|0.0749||52.60|8|48.95|17
GME211217C00225000|3.75|4.15|3.38|3.00|3.40|18|0.40|0.1333|11|139|5|77|0.1881|0.0064|0.0088|-0.5190|0.0828||3.60|25|3.30|28
GME211217P00225000||||49.64|49.64|18|0.00|0.0000|0|30|0|0|-0.9217|0.0051|-0.0639|-0.1882|0.0449||54.85|9|51.25|21
GME211217C00227500|3.80|3.80|3.45|3.60|3.45|19|-0.15|-0.0417|1|10|1|3|0.1856|0.0061|0.0087|-0.5315|0.0821||3.45|19|3.15|20
GME211217P00227500||||51.86|51.86|19|0.00|0.0000|0|60|0|0|-0.9380|0.0044|-0.0655|-0.1523|0.0375||57.30|8|53.65|19
GME211217C00230000|3.25|3.67|3.10|3.05|3.24|20|0.19|0.0623|2|438|1|51|0.0682|0.0045|0.0034|-0.1766|0.0404||3.25|1|3.05|12
GME211217P00230000|57.65|57.65|57.65|64.00|57.65|20|-6.35|-0.0992|0|63|1|1|-0.9282|0.0046|-0.0658|-0.1859|0.0420||59.70|8|56.00|22
GME211217C00232500|3.25|3.30|3.25|2.66|3.30|21|0.64|0.2406|-1|85|1|2|0.1781|0.0057|0.0084|-0.5395|0.0803||3.25|42|2.96|6
GME211217P00232500||||53.30|53.30|21|0.00|0.0000|0|19|0|0|-0.9552|0.0035|-0.0678|-0.1151|0.0291||62.00|12|58.25|36
GME211217C00235000|3.10|3.35|2.98|2.80|3.01|22|0.21|0.0750|11|89|2|16|0.1626|0.0054|0.0076|-0.5050|0.0755||3.10|26|2.84|19
GME211217P00235000||||68.76|68.76|22|0.00|0.0000|0|61|0|0|-0.7132|0.0051|-0.0585|-1.0337|0.1046||64.70|18|60.80|36
GME211217C00240000|2.83|3.18|2.68|2.62|2.75|23|0.13|0.0496|25|346|1|60|0.0418|0.0030|0.0021|-0.1207|0.0274||2.84|17|2.66|40
GME211217P00240000||||73.45|73.45|23|0.00|0.0000|0|54|0|0|-0.9533|0.0032|-0.0700|-0.1349|0.0300||69.10|12|65.50|45
GME211217C00245000|2.75|3.00|2.57|2.74|2.64|24|-0.10|-0.0365|4|200|10|67|0.1391|0.0047|0.0065|-0.4764|0.0681||2.69|18|2.50|24
GME211217P00245000||||78.00|78.00|24|0.00|0.0000|1|39|0|0|-0.7331|0.0047|-0.0624|-1.0424|0.1013||73.80|1|70.50|49
GME211217C00250000|2.75|2.77|2.26|2.39|2.54|25|0.15|0.0628|58|1302|1|378|0.0261|0.0020|0.0013|-0.0832|0.0186||2.55|11|2.43|10
GME211217P00250000|76.30|76.30|76.30|85.24|76.30|25|-8.94|-0.1049|-1|54|1|1|-0.9713|0.0021|-0.0739|-0.0910|0.0201||78.70|9|75.15|54
GME211217C00255000|2.16|2.51|2.16|2.26|2.51|26|0.25|0.1106|0|359|5|29|0.1290|0.0041|0.0060|-0.4855|0.0646||2.50|51|2.31|26
GME211217P00255000||||39.75|39.75|26|0.00|0.0000|0|5|0|0|-0.9999|0.0000|-0.0768|0.0007|0.0001||83.65|8|80.15|52
GME211217C00260000|2.30|2.49|2.27|2.37|2.36|27|-0.01|-0.0042|-4|519|1|32|0.0160|0.0013|0.0008|-0.0554|0.0123||2.35|13|2.22|18
GME211217P00260000||||89.25|89.25|27|0.00|0.0000|0|21|0|0|-0.9812|0.0015|-0.0774|-0.0642|0.0141||88.65|4|85.15|44
GME211217C00270000|2.00|2.25|2.00|2.10|2.18|28|0.08|0.0381|64|636|1|15|0.0104|0.0009|0.0005|-0.0392|0.0085||2.30|41|2.04|42
GME211217P00270000||||102.35|102.35|28|0.00|0.0000|-19|30|0|0|-0.9879|0.0010|-0.0808|-0.0446|0.0096||98.65|4|94.75|24
GME211217C00280000|1.97|2.16|1.83|1.98|2.00|29|0.02|0.0101|32|2058|2|39|0.0071|0.0006|0.0004|-0.0287|0.0061||2.04|3|1.91|23
GME211217P00280000|106.96|106.96|106.96|91.00|106.96|29|15.96|0.1754|0|10|2|2|-0.9920|0.0007|-0.0840|-0.0315|0.0067||108.50|3|104.75|23
GME211217C00290000|1.90|1.99|1.81|1.80|1.81|30|0.01|0.0056|6|531|1|58|0.0048|0.0004|0.0002|-0.0206|0.0043||1.96|20|1.79|15
GME211217P00290000|116.82|116.82|116.82|127.73|116.82|30|-10.91|-0.0854|-2|23|2|2|-0.9940|0.0005|-0.0871|-0.0248|0.0052||118.50|4|114.50|22
GME211217C00300000|2.99|2.99|1.54|1.60|1.75|31|0.15|0.0938|-109|5622|4|273|0.0032|0.0003|0.0002|-0.0144|0.0029||1.84|9|1.69|12
GME211217P00300000|120.20|120.20|120.20|126.50|120.20|31|-6.30|-0.0498|0|20|1|1|-0.9963|0.0003|-0.0902|-0.0161|0.0034||128.40|4|124.50|16
GME211217C00310000|1.84|1.84|1.62|1.62|1.77|32|0.15|0.0926|16|384|1|21|0.0021|0.0002|0.0001|-0.0103|0.0021||1.80|30|1.63|15
GME211217P00310000||||102.75|102.75|32|0.00|0.0000|0|3|0|0|-0.9974|0.0002|-0.0933|-0.0117|0.0025||138.30|4|134.45|21
GME211217C00320000|1.65|1.69|1.58|1.49|1.58|33|0.09|0.0604|11|459|1|51|0.0014|0.0001|0.0001|-0.0071|0.0014||1.76|39|1.52|28
GME211217P00320000||||96.00|96.00|33|0.00|0.0000|0|17|0|0|-0.9981|0.0002|-0.0963|-0.0083|0.0018||148.25|5|144.40|22
GME211217C00330000|1.58|1.60|1.46|1.49|1.59|34|0.10|0.0671|21|234|1|44|0.0010|0.0001|0.0001|-0.0053|0.0010||1.67|41|1.48|3
GME211217P00330000||||159.50|159.50|34|0.00|0.0000|0|3|0|0|-0.9987|0.0001|-0.0994|-0.0058|0.0013||158.20|4|154.30|23
GME211217C00340000|1.45|1.51|1.45|1.41|1.47|35|0.06|0.0426|0|232|3|20|0.0007|0.0001|0.0000|-0.0041|0.0008||1.50|7|1.41|6
GME211217P00340000||||126.85|126.85|35|0.00|0.0000|0|7|0|0|-0.9991|0.0001|-0.1024|-0.0040|0.0010||168.10|4|164.20|22
GME211217C00350000|1.44|1.50|1.20|1.33|1.40|36|0.07|0.0526|-148|856|1|173|0.0006|0.0001|0.0000|-0.0032|0.0006||1.49|22|1.35|7
GME211217P00350000||||133.85|133.85|36|0.00|0.0000|0|4|0|0|-0.9993|0.0001|-0.1054|-0.0030|0.0008||178.10|3|174.20|19
GME211217C00360000|1.29|1.53|1.29|1.15|1.32|37|0.17|0.1478|-3|312|1|14|0.0005|0.0000|0.0000|-0.0028|0.0005||1.37|4|1.30|6
GME211217P00360000||||||37|||0|0|0|0|-0.9994|0.0001|-0.1085|-0.0022|0.0006||188.20|1|184.15|19
GME211217C00370000|1.40|1.40|1.35|1.43|1.35|38|-0.08|-0.0559|1|447|1|3|0.0004|0.0000|0.0000|-0.0023|0.0004||1.36|43|1.20|30
GME211217P00370000||||172.65|172.65|38|0.00|0.0000|0|3|0|0|-0.9995|0.0000|-0.1115|-0.0016|0.0005||197.90|4|193.95|22
GME211217C00380000|1.34|1.34|1.30|1.20|1.30|39|0.10|0.0833|7|175|1|2|0.0003|0.0000|0.0000|-0.0020|0.0003||1.36|74|1.14|27
GME211217P00380000||||208.83|208.83|39|0.00|0.0000|0|16|0|0|-0.9996|0.0000|-0.1145|-0.0010|0.0004||207.90|2|204.00|7
GME211217C00390000|1.20|1.24|1.14|1.16|1.14|40|-0.02|-0.0172|71|265|1|18|0.0003|0.0000|0.0000|-0.0017|0.0003||1.21|9|1.14|7
GME211217P00390000||||||40|||0|0|0|0|-0.9997|0.0000|-0.1175|-0.0007|0.0003||218.00|1|214.00|12
GME211217C00400000|1.10|1.21|0.90|1.10|1.10|41|0.00|0.0000|49|1325|1|233|0.0002|0.0000|0.0000|-0.0013|0.0002||1.14|28|1.04|11
GME211217P00400000||||238.75|238.75|41|0.00|0.0000|0|3|0|0|-0.9997|0.0000|-0.1205|-0.0005|0.0003||227.90|3|223.95|16
GME211217C00410000|1.00|1.10|1.00|1.10|1.10|42|0.00|0.0000|1|227|1|4|0.0001|0.0000|0.0000|-0.0010|0.0002||1.13|38|0.92|54
GME211217P00410000||||190.90|190.90|42|0.00|0.0000|0|3|0|0|-0.9998|0.0000|-0.1235|-0.0001|0.0002||238.00|2|233.85|12
GME211217C00420000|1.09|1.10|0.92|0.92|1.05|43|0.13|0.1413|-2|540|1|6|0.0001|0.0000|0.0000|-0.0009|0.0001||1.13|51|0.92|28
GME211217P00420000||||189.85|189.85|43|0.00|0.0000|0|16|0|0|-0.9999|0.0000|-0.1266|0.0007|0.0001||247.80|5|243.65|17
GME211217C00430000|1.00|1.05|0.83|1.04|1.05|44|0.01|0.0096|7|220|1|23|0.0001|0.0000|0.0000|-0.0007|0.0001||1.13|34|0.88|1
GME211217P00430000||||244.20|244.20|44|0.00|0.0000|0|0|0|0|-0.9999|0.0000|-0.1296|0.0008|0.0001||257.85|1|253.60|4
GME211217C00440000||||0.80|0.80|45|0.00|0.0000|2|474|0|0|0.0001|0.0000|0.0000|-0.0006|0.0001||1.07|1|0.75|3
GME211217P00440000||||||45|||0|0|0|0|-0.9999|0.0000|-0.1326|0.0010|0.0001||267.85|1|263.50|12
GME211217C00450000|0.90|0.96|0.81|0.84|0.96|46|0.12|0.1429|62|745|10|18|0.0001|0.0000|0.0000|-0.0004|0.0001||1.00|1|0.88|1
GME211217P00450000||||||46|||0|0|0|0|-1.0000|0.0000|-0.1356|0.0011|0.0001||278.05|10|273.50|12
GME211217C00460000|0.88|1.07|0.76|0.90|0.83|47|-0.07|-0.0778|0|1139|2|81|0.0001|0.0000|0.0000|-0.0004|0.0001||1.02|11|0.75|10
GME211217P00460000||||261.60|261.60|47|0.00|0.0000|0|5|0|0|-1.0000|0.0000|-0.1386|0.0012|0.0001||288.00|10|283.50|7
GME211217C00470000|0.80|0.86|0.80|1.00|0.84|48|-0.16|-0.1600|0|190|1|4|0.0344|0.0009|0.0015|-0.2911|0.0234||0.99|11|0.64|23
GME211217P00470000||||||48||||0|0|0|-1.0000|0.0000|-0.1416|0.0016|0.0000||297.95|1|293.20|12
GME211217C00480000|0.65|0.65|0.65|0.80|0.65|49|-0.15|-0.1875|2|245|1|1|0.0280|0.0008|0.0013|-0.2408|0.0198||0.96|11|0.60|40
GME211217P00480000||||264.21|264.21|49|0.00|0.0000|0|7|0|0|-0.9940|0.0003|-0.1444|-0.0486|0.0052||307.95|10|303.70|12
GME211217C00490000|0.74|0.80|0.73|0.80|0.73|50|-0.07|-0.0875|-1|151|1|4|0.0302|0.0008|0.0014|-0.2644|0.0210||0.94|20|0.57|39
GME211217P00490000||||274.04|274.04|50|0.00|0.0000|0|7|0|0|-0.9918|0.0003|-0.1473|-0.0687|0.0068||317.90|10|313.15|12
GME211217C00500000|0.75|0.80|0.56|0.66|0.71|51|0.05|0.0758|16|2452|1|56|0.0292|0.0008|0.0013|-0.2601|0.0204||0.71|2|0.65|1
GME211217P00500000||||290.05|290.05|51|0.00|0.0000|0|7|0|0|-0.9827|0.0005|-0.1499|-0.1513|0.0131||327.85|10|323.15|12
GME211217C00510000|0.63|0.79|0.62|0.65|0.70|52|0.05|0.0769|67|1621|1|239|0.0270|0.0007|0.0012|-0.2444|0.0191||0.70|29|0.58|1
GME211217P00510000||||277.97|277.97|52|0.00|0.0000|0|0|0|0|-0.9955|0.0002|-0.1535|-0.0384|0.0041||337.85|20|333.10|12
GME211223C00100000||||71.00|71.00|12|0.00|0.0000|0|13|0|0|0.9358|0.0016|0.0401|-0.2869|0.0480||78.50|7|74.85|7
GME211223P00100000|2.42|2.42|1.54|2.13|1.54|12|-0.59|-0.2770|61|375|1|43|-0.0434|0.0014|-0.0042|-0.1790|0.0351||1.62|4|1.44|3
GME211223C00110000||||||11||||0|0|0|1.0000|0.0000|0.0512|-0.0004|0.0000||68.90|10|64.95|10
GME211223P00110000|2.10|2.29|2.10|2.57|2.15|11|-0.42|-0.1634|415|520|1|4|-0.0620|0.0020|-0.0060|-0.2215|0.0467||2.31|20|1.72|29
GME211223C00120000||||49.37|49.37|10|0.00|0.0000|1|2|0|0|0.9512|0.0022|0.0514|-0.1359|0.0388||59.50|13|55.55|10
GME211223P00120000|3.00|3.17|2.33|4.10|2.40|10|-1.70|-0.4146|0|37|2|36|-0.0768|0.0027|-0.0073|-0.2282|0.0550||2.90|9|2.21|14
GME211223C00130000||||41.20|41.20|9|0.00|0.0000|1|1|0|0|0.9027|0.0037|0.0514|-0.2372|0.0657||50.45|14|46.45|12
GME211223P00130000|3.58|3.58|3.40|5.25|3.40|9|-1.85|-0.3524|5|141|1|3|-0.1100|0.0037|-0.0105|-0.2778|0.0718||3.85|16|3.20|1
GME211223C00140000|41.10|41.10|40.85|41.10|40.85|8|-0.25|-0.0061|0|0|1|2|0.8371|0.0050|0.0495|-0.3557|0.0940||41.70|14|38.00|5
GME211223P00140000|4.85|4.93|4.85|7.23|4.93|8|-2.30|-0.3181|7|49|1|2|-0.1574|0.0051|-0.0150|-0.3365|0.0919||5.30|14|4.40|11
GME211223C00145000||||||7||||0|0|0|1.0000|0.0000|0.0675|-0.0005|0.0000||37.65|18|33.70|3
GME211223P00145000|6.77|6.77|5.88|8.30|6.50|7|-1.80|-0.2169|3|14|4|15|-0.1940|0.0057|-0.0188|-0.3916|0.1049||6.25|15|5.20|20
GME211223C00150000||||28.10|28.10|6|0.00|0.0000|0|21|0|0|0.8705|0.0076|0.0583|-0.1730|0.0806||33.80|14|30.30|6
GME211223P00150000|9.75|9.75|6.65|11.00|7.11|6|-3.89|-0.3536|6|161|1|31|-0.2201|0.0065|-0.0212|-0.3951|0.1131||7.40|10|6.35|12
GME211223C00155000||||29.20|29.20|5|0.00|0.0000|0|11|0|0|0.7396|0.0071|0.0469|-0.4359|0.1240||30.20|21|26.65|12
GME211223P00155000|9.27|9.27|8.65|13.30|8.65|5|-4.65|-0.3496|1|79|1|3|-0.2586|0.0072|-0.0250|-0.4273|0.1235||8.90|10|7.70|27
GME211223C00160000||||22.77|22.77|4|0.00|0.0000|1|20|0|0|0.7247|0.0093|0.0487|-0.3529|0.1275||26.75|25|23.50|15
GME211223P00160000|10.00|11.08|9.90|13.20|9.93|4|-3.27|-0.2477|5|71|1|19|-0.2967|0.0080|-0.0288|-0.4390|0.1321||10.70|18|9.40|26
GME211223C00165000|22.80|22.80|19.80|18.80|19.80|3|1.00|0.0532|32|48|1|12|0.6707|0.0099|0.0456|-0.3876|0.1381||23.70|19|20.65|17
GME211223P00165000|13.12|13.33|11.97|17.15|13.33|3|-3.82|-0.2227|31|315|10|38|-0.3460|0.0079|-0.0344|-0.5068|0.1408||12.85|16|11.30|24
GME211223C00170000|20.25|20.25|19.22|18.44|19.98|2|1.54|0.0835|5|35|10|15|0.6120|0.0086|0.0407|-0.4997|0.1463||20.90|19|17.90|13
GME211223P00170000|15.51|15.78|13.71|20.03|15.78|2|-4.25|-0.2122|1|62|15|85|-0.3886|0.0082|-0.0390|-0.5289|0.1463||15.15|20|13.45|35
GME211223C00175000|17.20|21.00|16.85|16.30|16.85|1|0.55|0.0337|19|38|1|50|0.5725|0.0089|0.0387|-0.5067|0.1503||17.90|20|16.20|1
GME211223P00175000|18.00|18.29|16.00|22.05|16.77|1|-5.28|-0.2395|-4|43|10|52|-0.4334|0.0090|-0.0433|-0.5061|0.1502||18.00|19|15.95|13
