symbol|open|high|low|preClose|close|activeLevel|change|changeRatio|openIntChange|openInterest|latestPriceVol|volume|delta|gamma|rho|theta|vega|tradeStamptradeTime|ask|avol|bid|bvol
GME211210C00100000||||70.90|70.90|12|0.00|0.0000|209|211|0|0|0.9426|0.0016|0.0096|-1.0303|0.0211||79.20|16|74.45|17
GME211210P00100000|1.09|1.09|0.56|1.14|0.65|12|-0.49|-0.4298|1314|2034|2|1887|-0.0266|0.0011|-0.0006|-0.4260|0.0113||0.67|16|0.65|15
GME211210C00110000||||76.13|76.13|11|0.00|0.0000|0|2|0|0|0.8571|0.0021|0.0081|-3.0275|0.0414||69.20|8|64.45|2
GME211210P00110000|1.45|1.51|0.77|1.52|0.87|11|-0.65|-0.4276|314|618|1|382|-0.0362|0.0016|-0.0008|-0.4895|0.0146||0.87|4|0.82|7
GME211210C00120000||||51.40|51.40|10|0.00|0.0000|1|2|0|0|0.9168|0.0028|0.0113|-1.0340|0.0281||59.65|13|54.80|14
GME211210P00120000|1.69|1.69|0.96|2.00|1.10|10|-0.90|-0.4500|513|1305|1|516|-0.0493|0.0023|-0.0011|-0.5549|0.0187||1.10|7|1.08|1
GME211210C00130000|46.31|46.31|44.86|41.19|44.86|9|3.67|0.0891|11|11|4|8|0.9990|0.0002|0.0142|-0.0078|0.0006||49.65|15|44.70|18
GME211210P00130000|1.70|2.49|1.26|2.60|1.40|9|-1.20|-0.4615|286|1131|1|810|-0.0777|0.0036|-0.0017|-0.7285|0.0267||1.78|83|1.34|31
GME211210C00140000|37.03|39.00|35.20|34.35|35.20|8|0.85|0.0247|12|46|1|8|0.8407|0.0053|0.0118|-1.3769|0.0445||40.10|19|35.15|17
GME211210P00140000|2.50|2.97|1.73|3.80|1.93|8|-1.87|-0.4921|492|1223|1|566|-0.1033|0.0053|-0.0022|-0.7587|0.0330||2.00|1|1.86|22
GME211210C00145000|32.07|33.37|30.60|26.44|30.60|7|4.16|0.1573|13|21|1|14|0.8466|0.0065|0.0126|-1.0715|0.0434||35.55|22|30.60|18
GME211210P00145000|3.45|4.65|2.13|4.62|2.42|7|-2.20|-0.4762|250|373|1|542|-0.1320|0.0066|-0.0028|-0.8679|0.0392||2.55|17|2.28|32
GME211210C00150000|32.00|32.00|25.77|22.00|29.27|6|7.27|0.3305|-12|61|1|40|0.8154|0.0078|0.0125|-1.1368|0.0489||30.90|41|27.15|8
GME211210P00150000|3.90|5.15|2.64|5.68|3.10|6|-2.58|-0.4542|129|1024|2|1235|-0.1686|0.0080|-0.0036|-0.9874|0.0462||3.15|17|2.98|2
GME211210C00155000|23.75|25.48|23.75|18.50|24.84|5|6.34|0.3427|2|60|10|24|0.7796|0.0094|0.0123|-1.1745|0.0544||26.70|40|23.15|19
GME211210P00155000|4.50|5.15|3.45|7.06|4.06|5|-3.00|-0.4249|20|391|8|313|-0.2120|0.0096|-0.0045|-1.0951|0.0532||4.30|40|3.70|73
GME211210C00160000|20.40|24.00|18.02|15.22|20.30|4|5.08|0.3338|22|276|1|37|0.7396|0.0114|0.0120|-1.1587|0.0596||21.70|44|19.70|63
GME211210P00160000|6.10|6.80|4.20|8.50|5.15|4|-3.35|-0.3941|362|859|1|775|-0.2656|0.0111|-0.0057|-1.2097|0.0602||5.35|11|5.00|16
GME211210C00165000|17.00|21.23|15.50|12.90|16.75|3|3.85|0.2984|143|203|1|56|0.6772|0.0129|0.0112|-1.2511|0.0659||18.75|72|16.25|71
GME211210P00165000|7.50|8.80|5.55|10.86|6.60|3|-4.26|-0.3923|224|608|1|380|-0.3234|0.0128|-0.0069|-1.2590|0.0659||6.95|18|6.50|48
GME211210C00170000|14.80|18.10|12.45|10.50|15.00|2|4.50|0.4286|271|448|1|216|0.6032|0.0124|0.0099|-1.4972|0.0707||14.80|39|13.70|18
GME211210P00170000|10.15|12.00|7.00|13.50|8.60|2|-4.90|-0.3630|-41|554|1|864|-0.3934|0.0136|-0.0085|-1.3636|0.0706||8.90|17|8.35|52
GME211210C00175000|12.00|16.00|9.69|8.30|11.55|1|3.25|0.3916|198|470|6|974|0.5349|0.0148|0.0091|-1.3375|0.0729||11.90|23|11.00|16
GME211210P00175000|12.67|14.70|9.15|16.30|11.00|1|-5.30|-0.3252|13|531|2|898|-0.4656|0.0151|-0.0101|-1.3112|0.0729||11.40|20|10.50|54
GME211210C00177500|10.95|13.70|8.75|7.70|10.26|1|2.56|0.3325|132|179|1|193|0.5016|0.0140|0.0085|-1.4197|0.0732||10.90|47|9.50|83
GME211210P00177500|11.95|14.45|9.95|18.90|11.64|1|-7.26|-0.3841|-9|257|1|56|-0.5040|0.0153|-0.0110|-1.2974|0.0732||13.15|53|11.75|53
GME211210C00180000|10.00|12.95|7.25|6.55|9.00|2|2.45|0.3740|292|696|1|1147|0.4648|0.0143|0.0079|-1.3779|0.0729||9.75|65|8.60|48
GME211210P00180000|14.85|15.75|11.20|18.26|13.90|2|-4.36|-0.2388|-47|583|1|206|-0.5339|0.0141|-0.0118|-1.3963|0.0729||14.25|20|13.45|13
GME211210C00182500|8.00|11.40|6.85|5.66|8.05|3|2.39|0.4223|31|179|3|285|0.4370|0.0135|0.0075|-1.4383|0.0723||8.70|57|7.55|58
GME211210P00182500|12.40|16.50|12.40|20.00|15.20|3|-4.80|-0.2400|1|233|12|29|-0.5704|0.0142|-0.0126|-1.3536|0.0721||15.95|22|14.40|58
GME211210C00185000|7.85|10.20|6.00|5.02|7.25|4|2.23|0.4442|178|424|1|429|0.3979|0.0138|0.0069|-1.3471|0.0708||7.75|53|6.85|20
GME211210P00185000|18.95|18.95|14.55|23.17|15.75|4|-7.42|-0.3202|-119|350|2|61|-0.6212|0.0153|-0.0137|-1.1834|0.0698||17.70|21|15.55|47
GME211210C00187500|8.40|9.05|5.35|4.30|6.60|5|2.30|0.5349|45|127|1|111|0.3714|0.0131|0.0064|-1.3593|0.0694||6.85|66|5.95|53
GME211210P00187500|17.85|18.60|16.78|28.00|18.60|5|-9.40|-0.3357|2|261|1|14|-0.6340|0.0135|-0.0142|-1.3142|0.0690||19.55|8|17.35|44
GME211210C00190000|6.50|8.00|4.60|4.05|5.82|6|1.77|0.4370|226|576|1|757|0.3419|0.0127|0.0059|-1.3239|0.0674||6.10|57|5.40|22
GME211210P00190000|19.54|21.03|19.54|27.50|19.93|6|-7.57|-0.2753|0|512|2|43|-0.6734|0.0134|-0.0151|-1.2101|0.0662||21.00|11|19.80|2
GME211210C00192500|4.80|7.15|4.10|3.66|5.00|7|1.34|0.3661|32|120|1|189|0.3132|0.0123|0.0054|-1.2778|0.0650||5.45|52|4.95|13
GME211210P00192500|21.40|21.65|21.40|27.83|21.65|7|-6.18|-0.2221|3|125|1|2|-0.7060|0.0130|-0.0159|-1.1439|0.0632||23.20|18|20.80|42
GME211210C00195000|3.50|6.35|3.50|3.30|4.55|8|1.25|0.3788|141|433|4|366|0.2937|0.0116|0.0051|-1.2809|0.0632||4.80|51|4.55|1
GME211210P00195000|22.22|22.50|21.97|31.02|22.50|8|-8.52|-0.2747|-9|294|1|22|-0.7675|0.0130|-0.0172|-0.8936|0.0561||25.20|19|22.40|55
GME211210C00197500|3.81|5.80|3.60|2.90|4.20|9|1.30|0.4483|46|173|1|151|0.2648|0.0112|0.0046|-1.2016|0.0601||4.25|45|3.75|54
GME211210P00197500|26.05|26.05|26.05|33.48|26.05|9|-7.43|-0.2219|-5|115|1|1|-0.7457|0.0114|-0.0172|-1.1299|0.0588||27.25|18|24.05|60
GME211210C00200000|3.61|5.00|2.98|2.71|3.65|10|0.94|0.3469|637|2365|1|2516|0.2349|0.0107|0.0041|-1.1031|0.0564||3.75|59|3.50|3
GME211210P00200000|27.98|32.00|25.00|33.81|28.11|10|-5.70|-0.1686|-25|674|1|63|-0.7995|0.0111|-0.0184|-0.8879|0.0515||29.50|19|26.55|57
GME211210C00202500|3.00|4.50|2.94|2.41|3.45|11|1.04|0.4315|48|142|1|146|0.2249|0.0100|0.0039|-1.1265|0.0550||3.45|39|3.00|62
GME211210P00202500|30.42|30.42|30.42|35.84|30.42|11|-5.42|-0.1512|-2|33|1|1|-0.7805|0.0100|-0.0184|-1.0888|0.0543||31.50|16|28.00|44
GME211210C00205000|2.95|4.00|2.50|2.21|2.92|12|0.71|0.3213|163|401|1|360|0.1952|0.0095|0.0034|-1.0050|0.0506||3.15|39|2.79|19
GME211210P00205000|33.43|33.43|31.30|40.44|31.47|12|-8.97|-0.2218|-1|179|1|3|-0.8387|0.0095|-0.0196|-0.7886|0.0449||33.85|9|29.95|43
GME211210C00207500|2.39|3.60|2.39|1.99|2.86|13|0.87|0.4372|21|103|5|77|0.1915|0.0089|0.0034|-1.0497|0.0500||2.90|38|2.58|1
GME211210P00207500||||42.53|42.53|13|0.00|0.0000|-2|24|0|0|-0.6569|0.0069|-0.0173|-2.4441|0.0675||36.30|8|32.00|14
GME211210C00210000|2.37|3.30|2.12|1.80|2.42|14|0.62|0.3444|142|501|1|372|0.1729|0.0083|0.0030|-0.9827|0.0469||2.60|27|2.31|20
GME211210P00210000|38.25|38.25|37.90|45.79|37.90|14|-7.89|-0.1723|-17|124|1|2|-0.8002|0.0083|-0.0196|-1.1792|0.0513||38.45|10|34.05|37
GME211210C00212500|2.25|2.79|2.07|1.81|2.43|15|0.62|0.3425|15|103|1|104|0.1651|0.0078|0.0029|-0.9845|0.0456||2.40|50|2.05|32
GME211210P00212500|40.65|40.65|40.65|48.25|40.65|15|-7.60|-0.1575|1|39|2|2|-0.7983|0.0078|-0.0198|-1.2647|0.0516||40.95|9|36.55|42
GME211210C00215000|2.20|2.70|1.80|1.75|2.15|16|0.40|0.2286|118|334|1|273|0.1556|0.0074|0.0027|-0.9675|0.0438||2.28|90|1.90|56
GME211210P00215000|40.73|40.73|40.73|52.12|40.73|16|-11.39|-0.2185|0|73|1|1|-0.8880|0.0069|-0.0216|-0.6577|0.0350||43.00|9|39.05|27
GME211210C00217500|3.70|3.70|1.73|1.50|1.91|17|0.41|0.2733|11|46|1|53|0.1363|0.0069|0.0024|-0.8695|0.0401||2.06|16|1.79|20
GME211210P00217500||||53.30|53.30|17|0.00|0.0000|0|37|0|0|-0.6694|0.0059|-0.0187|-2.7893|0.0665||45.50|9|41.40|51
GME211210C00220000|1.68|2.26|1.54|1.55|1.74|18|0.19|0.1226|161|582|3|504|0.1272|0.0064|0.0022|-0.8422|0.0382||1.90|1|1.68|15
GME211210P00220000|48.67|48.67|47.38|54.32|47.38|18|-6.94|-0.1278|0|165|1|4|-0.8337|0.0067|-0.0212|-1.1547|0.0458||47.20|2|43.90|49
GME211210C00222500|1.45|3.50|1.45|1.50|1.83|19|0.33|0.2200|63|155|1|91|0.1260|0.0061|0.0022|-0.8715|0.0380||1.75|2|1.56|13
GME211210P00222500|49.15|49.15|49.15|42.95|49.15|19|6.20|0.1444|0|39|1|1|-0.8607|0.0063|-0.0220|-0.9779|0.0407||49.70|5|45.90|52
GME211210C00225000|1.59|1.91|1.38|1.21|1.65|20|0.44|0.3636|49|521|3|378|0.1156|0.0058|0.0020|-0.8238|0.0358||1.65|21|1.45|23
GME211210P00225000||||57.07|57.07|20|0.00|0.0000|-1|476|0|0|-0.7373|0.0059|-0.0204|-2.2495|0.0598||52.20|5|48.40|29
GME211210C00227500|1.39|1.74|1.33|1.22|1.50|21|0.28|0.2295|4|39|1|38|0.1065|0.0054|0.0019|-0.7819|0.0337||1.62|36|1.38|26
GME211210P00227500||||34.06|34.06|21|0.00|0.0000|0|35|0|0|-0.9987|0.0003|-0.0249|-0.0075|0.0008||54.70|7|50.40|43
GME211210C00230000|1.21|1.69|1.15|1.14|1.41|22|0.27|0.2368|95|565|1|314|0.1015|0.0051|0.0018|-0.7698|0.0326||1.48|15|1.34|6
GME211210P00230000||||61.98|61.98|22|0.00|0.0000|0|20|0|0|-0.7464|0.0056|-0.0212|-2.3026|0.0588||57.20|5|52.90|19
GME211210C00232500|1.25|1.47|1.25|1.21|1.35|23|0.14|0.1157|12|67|1|149|0.0953|0.0048|0.0017|-0.7445|0.0311||1.45|30|1.26|19
GME211210P00232500||||68.97|68.97|23|0.00|0.0000|0|5|0|0|-0.6856|0.0049|-0.0207|-3.1896|0.0651||59.70|2|55.35|24
GME211210C00235000|1.05|1.50|1.05|1.04|1.29|24|0.25|0.2404|-13|851|1|174|0.0946|0.0046|0.0017|-0.7643|0.0309||1.31|4|1.27|1
GME211210P00235000||||74.05|74.05|24|0.00|0.0000|0|32|0|0|-0.6594|0.0046|-0.0208|-3.6802|0.0673||62.20|5|57.85|28
GME211210C00237500|1.14|1.39|1.05|0.95|1.24|25|0.29|0.3053|34|54|1|44|0.0866|0.0043|0.0015|-0.7168|0.0290||1.28|14|1.14|9
GME211210P00237500||||76.45|76.45|25|0.00|0.0000|0|24|0|0|-0.6636|0.0045|-0.0211|-3.7100|0.0670||64.70|4|60.35|39
GME211210C00240000|1.07|1.31|1.00|0.96|1.17|26|0.21|0.2188|34|336|1|81|0.0809|0.0041|0.0014|-0.6864|0.0275||1.23|13|1.09|9
GME211210P00240000|64.94|64.94|64.94|71.95|64.94|26|-7.01|-0.0974|-1|30|1|1|-0.9427|0.0035|-0.0253|-0.4726|0.0211||67.20|4|62.85|26
GME211210C00245000|0.98|1.25|0.90|0.92|1.12|27|0.20|0.2174|45|227|2|83|0.0765|0.0038|0.0013|-0.6857|0.0264||1.21|32|1.00|16
GME211210P00245000||||50.19|50.19|27|0.00|0.0000|0|23|0|0|-0.9999|0.0000|-0.0268|0.0000|0.0001||72.20|4|67.85|22
GME211210C00250000|1.00|1.17|0.75|0.88|0.99|28|0.11|0.1250|806|3669|1|696|0.0676|0.0034|0.0012|-0.6338|0.0240||1.01|7|0.97|2
GME211210P00250000||||80.84|80.84|28|0.00|0.0000|3|18|0|0|-0.7891|0.0046|-0.0240|-2.2842|0.0530||77.20|12|72.65|28
GME211210C00255000|0.90|1.04|0.86|0.83|0.93|29|0.10|0.1205|155|228|1|66|0.0631|0.0031|0.0011|-0.6195|0.0227||0.96|11|0.86|11
GME211210P00255000||||40.40|40.40|29|0.00|0.0000|0|5|0|0|-1.0000|0.0000|-0.0279|0.0008|0.0000||82.20|5|77.65|19
GME211210C00260000|0.90|1.00|0.80|0.80|0.87|30|0.07|0.0875|953|1845|1|346|0.0585|0.0028|0.0010|-0.5984|0.0214||0.91|16|0.81|11
GME211210P00260000||||69.85|69.85|30|0.00|0.0000|0|22|0|0|-0.9935|0.0007|-0.0284|-0.0605|0.0033||87.20|5|82.60|22
GME211210C00270000|0.66|0.88|0.66|0.65|0.79|31|0.14|0.2154|225|405|1|180|0.0516|0.0024|0.0009|-0.5714|0.0194||0.76|11|0.72|6
GME211210P00270000||||103.46|103.46|31|0.00|0.0000|0|15|0|0|-0.7631|0.0039|-0.0260|-3.0907|0.0566||97.20|6|92.45|18
GME211210C00280000|0.68|0.80|0.59|0.60|0.65|32|0.05|0.0833|37|296|1|117|0.0421|0.0020|0.0007|-0.4972|0.0165||0.68|8|0.62|5
GME211210P00280000||||112.20|112.20|32|0.00|0.0000|0|6|0|0|-0.7884|0.0036|-0.0275|-2.8874|0.0531||107.55|6|102.25|53
GME211210C00290000|0.56|0.82|0.56|0.61|0.58|33|-0.03|-0.0492|-10|545|1|280|0.0377|0.0018|0.0007|-0.4745|0.0151||0.62|12|0.58|1
GME211210P00290000||||82.25|82.25|33|0.00|0.0000|0|7|0|0|-1.0000|0.0000|-0.0318|0.0008|0.0000||117.40|11|112.10|54
GME211210C00300000|0.51|1.15|0.49|0.50|0.53|34|0.03|0.0600|407|1617|1|924|0.0341|0.0016|0.0006|-0.4547|0.0139||0.53|1|0.52|9
GME211210P00300000||||76.00|76.00|34|0.00|0.0000|0|14|0|0|-1.0000|0.0000|-0.0329|0.0010|0.0000||127.30|11|122.00|57
GME211210C00310000|0.47|0.80|0.47|0.45|0.50|35|0.05|0.1111|76|359|1|172|0.0310|0.0014|0.0005|-0.4351|0.0128||0.50|13|0.44|1
GME211210P00310000||||83.61|83.61|35|0.00|0.0000|0|4|0|0|-1.0000|0.0000|-0.0340|0.0008|0.0000||137.25|11|132.20|53
GME211210C00320000|0.47|0.62|0.45|0.44|0.45|36|0.01|0.0227|143|420|1|136|0.0277|0.0012|0.0005|-0.4068|0.0117||0.45|11|0.33|1
GME211210P00320000||||89.47|89.47|36|0.00|0.0000|0|3|0|0|-1.0000|0.0000|-0.0351|0.0010|0.0000||147.15|12|141.30|51
GME211210C00330000|0.58|0.58|0.38|0.39|0.38|37|-0.01|-0.0256|233|482|1|272|0.0249|0.0011|0.0004|-0.3829|0.0107||0.40|5|0.37|6
GME211210P00330000||||||37||||0|0|0|-1.0000|0.0000|-0.0362|0.0011|0.0000||157.05|9|152.05|53
GME211210C00340000|0.28|0.42|0.28|0.33|0.37|38|0.04|0.1212|29|160|1|31|0.0224|0.0010|0.0004|-0.3576|0.0098||0.39|17|0.33|8
GME211210P00340000||||||38||||0|0|0|-1.0000|0.0000|-0.0373|0.0011|0.0000||166.95|16|162.00|47
GME211210C00350000|0.40|0.40|0.29|0.30|0.32|39|0.02|0.0667|176|675|10|985|0.0180|0.0008|0.0003|-0.2987|0.0081||0.33|10|0.30|8
GME211210P00350000||||||39||||0|0|0|-1.0000|0.0000|-0.0384|0.0011|0.0000||176.90|10|172.00|54
GME211210C00360000|0.39|0.39|0.29|0.28|0.29|40|0.01|0.0357|61|150|1|60|0.0176|0.0008|0.0003|-0.3027|0.0080||0.30|17|0.27|14
GME211210P00360000||||||40||||0|0|0|-1.0000|0.0000|-0.0395|0.0012|0.0000||186.85|18|181.70|51
GME211210C00370000|0.29|0.35|0.28|0.29|0.28|41|-0.01|-0.0345|8|46|1|11|0.0166|0.0007|0.0003|-0.2954|0.0076||0.28|6|0.25|2
GME211210P00370000||||||41||||0|0|0|-1.0000|0.0000|-0.0405|0.0012|0.0000||196.75|16|191.55|44
GME211210C00380000|0.33|0.33|0.22|0.25|0.23|42|-0.02|-0.0800|20|77|1|12|0.0139|0.0006|0.0002|-0.2550|0.0065||0.26|9|0.24|2
GME211210P00380000||||||42||||0|0|0|-1.0000|0.0000|-0.0416|0.0012|0.0000||208.90|12|201.65|46
GME211210C00390000|0.22|0.27|0.20|0.22|0.21|43|-0.01|-0.0455|77|156|1|113|0.0127|0.0006|0.0002|-0.2387|0.0060||0.24|18|0.21|3
GME211210P00390000||||||43||||0|0|0|-1.0000|0.0000|-0.0427|0.0013|0.0000||218.80|12|211.60|48
GME211210C00400000|0.21|0.27|0.18|0.20|0.21|44|0.01|0.0500|64|592|1|388|0.0119|0.0005|0.0002|-0.2310|0.0057||0.21|3|0.19|13
GME211210P00400000||||230.14|230.14|44|0.00|0.0000|1|1|0|0|-0.8579|0.0021|-0.0418|-2.9617|0.0413||226.60|12|221.35|43
GME211210C00410000|0.20|0.23|0.19|0.22|0.19|45|-0.03|-0.1364|28|98|1|10|0.0112|0.0005|0.0002|-0.2231|0.0054||0.20|5|0.14|1
GME211210P00410000||||||45||||0|0|0|-1.0000|0.0000|-0.0449|0.0013|0.0000||238.70|12|231.15|28
GME211210C00420000|0.28|0.28|0.15|0.18|0.17|46|-0.01|-0.0556|64|242|1|119|0.0101|0.0004|0.0002|-0.2053|0.0049||0.17|1|0.15|14
GME211210P00420000||||||46||||0|0|0|-1.0000|0.0000|-0.0460|0.0014|0.0000||248.65|12|241.15|38
GME211210C00430000|0.22|0.22|0.14|0.13|0.14|47|0.01|0.0769|5|311|1|3|0.0085|0.0004|0.0001|-0.1769|0.0042||0.52|33|0.08|1
GME211210P00430000||||||47||||0|0|0|0.0076|0.0000|0.0001|0.0000|0.0000||258.90|10|251.20|27
GME211210C00440000|0.15|0.16|0.15|0.15|0.16|48|0.01|0.0667|16|96|1|14|0.0073|0.0003|0.0001|-0.1700|0.0037||0.21|8|0.12|1
GME211210P00440000||||||48||||0|0|0|-1.0000|0.0000|-0.0482|0.0014|0.0000||268.50|1|261.25|27
GME211210C00450000|0.20|0.24|0.11|0.15|0.14|49|-0.01|-0.0667|511|807|6|68|0.0074|0.0003|0.0001|-0.1607|0.0037||0.27|1|0.05|1
GME211210P00450000||||||49||||0|0|0|-1.0000|0.0000|-0.0493|0.0015|0.0000||278.80|10|271.25|27
GME211210C00460000|0.22|0.22|0.11|0.11|0.13|50|0.02|0.1818|111|177|4|775|0.0076|0.0003|0.0001|-0.1684|0.0038||0.19|16|0.06|5
GME211210P00460000||||||50||||0|0|0|-1.0000|0.0000|-0.0504|0.0015|0.0000||288.75|10|281.30|28
GME211210C00470000|0.15|0.15|0.10|0.12|0.10|51|-0.02|-0.1667|310|333|1|213|0.0060|0.0003|0.0001|-0.1366|0.0031||0.18|1|0.10|1
GME211210P00470000||||||51||||0|0|0|-1.0000|0.0000|-0.0515|0.0015|0.0000||298.70|10|291.30|27
GME211210C00480000|0.14|0.15|0.08|0.10|0.13|52|0.03|0.3000|75|148|2|170|0.0073|0.0003|0.0001|-0.1700|0.0037||0.25|8|0.05|1
GME211210P00480000||||||52||||0|0|0|-1.0000|0.0000|-0.0526|0.0016|0.0000||308.65|10|301.35|28
GME211210C00490000|0.20|0.20|0.10|0.17|0.12|53|-0.05|-0.2941|-5|96|1|25|0.0068|0.0003|0.0001|-0.1597|0.0035||0.15|3|0.10|2
GME211210P00490000||||||53||||0|0|0|-1.0000|0.0000|-0.0537|0.0016|0.0000||318.65|10|311.35|27
GME211210C00500000|0.15|0.20|0.08|0.09|0.12|54|0.03|0.3333|84|977|2|180|0.0067|0.0003|0.0001|-0.1602|0.0034||0.15|1|0.09|2
GME211210P00500000||||||54||||0|0|0|-1.0000|0.0000|-0.0548|0.0016|0.0000||328.60|10|321.35|27
GME211210C00510000|0.10|0.18|0.07|0.10|0.09|55|-0.01|-0.1000|766|3121|2|1357|0.0057|0.0002|0.0001|-0.1388|0.0030||0.11|39|0.09|7
GME211210P00510000||||||55||||0|0|0|-1.0000|0.0000|-0.0559|0.0017|0.0000||338.55|10|331.40|27
GME211217C00080000||||94.56|94.56|19|0.00|0.0000|0|2|0|0|0.9685|0.0008|0.0221|-0.2744|0.0216||98.00|4|94.40|12
GME211217P00080000|1.08|1.15|0.82|1.41|0.85|19|-0.56|-0.3972|464|1070|7|132|-0.0232|0.0007|-0.0015|-0.1937|0.0167||0.89|25|0.85|5
GME211217C00085000||||95.85|95.85|18|0.00|0.0000|0|1|0|0|0.9244|0.0012|0.0201|-0.7415|0.0434||93.10|6|89.50|12
GME211217P00085000|1.19|1.19|0.97|1.49|1.01|18|-0.48|-0.3221|5|125|2|11|-0.0280|0.0009|-0.0018|-0.2186|0.0196||1.03|6|0.90|47
GME211217C00090000|86.59|86.59|86.59|137.00|86.59|17|-50.41|-0.3680|0|4|10|10|0.9749|0.0009|0.0256|-0.1762|0.0178||88.20|6|84.70|15
GME211217P00090000|1.25|1.31|1.04|1.61|1.09|17|-0.52|-0.3230|39|180|1|46|-0.0317|0.0010|-0.0020|-0.2285|0.0217||1.16|21|1.03|31
GME211217C00100000|78.20|78.20|78.20|67.18|78.20|16|11.02|0.1640|-3|47|1|3|0.9997|0.0000|0.0301|-0.0017|0.0003||78.45|12|74.90|12
GME211217P00100000|1.68|1.68|0.71|1.88|1.37|16|-0.51|-0.2713|26|1077|1|458|-0.0003|0.0000|0.0000|-0.0017|0.0004||1.49|21|1.33|30
GME211217C00105000||||66.05|66.05|15|0.00|0.0000|0|1|0|0|0.9993|0.0001|0.0316|-0.0036|0.0007||73.60|18|70.05|16
GME211217P00105000|1.90|1.90|1.46|2.20|1.53|15|-0.67|-0.3045|13|166|2|74|-0.0008|0.0001|0.0000|-0.0034|0.0008||1.64|31|1.43|32
GME211217C00110000||||73.25|73.25|14|0.00|0.0000|0|1|0|0|0.9987|0.0001|0.0331|-0.0056|0.0013||68.75|22|65.50|15
GME211217P00110000|2.05|2.05|1.56|2.42|1.63|14|-0.79|-0.3264|70|424|1|87|-0.0016|0.0002|-0.0001|-0.0069|0.0016||1.82|28|1.54|49
GME211217C00115000||||112.11|112.11|13|0.00|0.0000|0|2|0|0|0.9975|0.0003|0.0345|-0.0098|0.0023||63.95|20|60.50|11
GME211217P00115000|2.00|2.01|1.74|2.62|1.79|13|-0.83|-0.3168|19|199|10|24|-0.0035|0.0004|-0.0002|-0.0136|0.0032||2.00|44|1.69|68
GME211217C00120000|58.85|58.85|58.85|52.20|58.85|12|6.65|0.1274|2|58|1|1|0.9948|0.0006|0.0359|-0.0185|0.0045||59.15|20|55.50|12
GME211217P00120000|3.28|3.28|1.93|3.09|2.06|12|-1.03|-0.3333|51|379|20|158|-0.0069|0.0007|-0.0004|-0.0245|0.0059||2.14|24|1.93|15
GME211217C00125000||||47.70|47.70|11|0.00|0.0000|0|35|0|0|0.9883|0.0083|0.0155|-0.0053|0.0020||54.40|19|50.70|12
GME211217P00125000|2.00|2.81|1.20|3.60|2.26|11|-1.34|-0.3722|180|535|1|151|-0.0140|0.0013|-0.0008|-0.0454|0.0109||2.35|20|2.14|23
GME211217C00130000||||39.61|39.61|10|0.00|0.0000|0|10|0|0|0.9791|0.0019|0.0380|-0.0614|0.0153||49.75|9|46.00|12
GME211217P00130000|3.00|3.09|2.32|4.45|2.55|10|-1.90|-0.4270|35|370|1|156|-0.0245|0.0021|-0.0014|-0.0726|0.0175||2.62|14|2.40|14
GME211217C00135000||||35.61|35.61|9|0.00|0.0000|-1|2|0|0|0.9626|0.0030|0.0386|-0.0999|0.0248||45.15|21|41.50|16
GME211217P00135000|3.65|3.98|2.82|4.75|2.82|9|-1.93|-0.4063|1|152|1|67|-0.0403|0.0032|-0.0023|-0.1082|0.0264||3.05|39|2.65|81
GME211217C00140000|37.00|37.00|37.00|33.50|37.00|8|3.50|0.1045|0|149|1|1|0.9412|0.0044|0.0389|-0.1415|0.0357||40.70|22|37.30|6
GME211217P00140000|5.28|5.62|3.15|5.78|3.25|8|-2.53|-0.4377|68|983|1|211|-0.0648|0.0046|-0.0037|-0.1575|0.0385||3.55|59|3.15|91
GME211217C00145000|34.00|34.00|34.00|27.00|34.00|7|7.00|0.2593|0|59|1|2|0.9071|0.0062|0.0384|-0.2020|0.0506||36.40|23|33.00|13
GME211217P00145000|6.26|6.26|3.78|7.10|3.94|7|-3.16|-0.4451|12|264|1|52|-0.1003|0.0064|-0.0057|-0.2214|0.0535||4.25|47|3.80|39
GME211217C00150000|29.40|29.40|27.83|27.40|27.83|6|0.43|0.0157|0|82|1|2|0.8628|0.0082|0.0374|-0.2685|0.0668||32.25|43|29.15|18
GME211217P00150000|8.80|8.80|4.65|8.50|5.00|6|-3.50|-0.4118|136|2018|30|662|-0.1426|0.0082|-0.0082|-0.2826|0.0686||5.10|15|4.80|10
GME211217C00155000|24.23|24.23|24.23|24.92|24.23|5|-0.69|-0.0277|4|30|1|1|0.8116|0.0101|0.0359|-0.3281|0.0821||28.35|43|25.35|14
GME211217P00155000|8.03|8.03|5.90|9.47|5.95|5|-3.52|-0.3717|-1|404|1|23|-0.1933|0.0100|-0.0112|-0.3413|0.0835||6.45|68|5.50|189
GME211217C00160000|22.95|24.60|21.78|21.45|23.66|4|2.21|0.1030|6|143|3|13|0.7515|0.0119|0.0338|-0.3821|0.0964||24.30|58|21.80|70
GME211217P00160000|9.00|9.66|7.25|12.08|7.75|4|-4.33|-0.3584|-4|1042|1|90|-0.2539|0.0117|-0.0148|-0.3988|0.0975||8.05|46|7.25|79
GME211217C00165000|20.60|21.70|17.60|16.45|17.60|3|1.15|0.0699|8|87|1|8|0.6832|0.0132|0.0312|-0.4363|0.1085||21.55|58|18.85|45
GME211217P00165000|10.70|11.30|8.95|14.75|9.40|3|-5.35|-0.3627|76|429|1|71|-0.3217|0.0130|-0.0189|-0.4498|0.1091||9.65|22|8.85|116
GME211217C00170000|18.20|21.00|15.00|14.20|17.20|2|3.00|0.2113|42|177|1|31|0.6083|0.0141|0.0281|-0.4764|0.1169||18.60|61|15.95|62
GME211217P00170000|13.50|13.61|10.82|17.48|11.42|2|-6.06|-0.3467|-14|1078|1|111|-0.3928|0.0137|-0.0233|-0.4885|0.1170||12.10|57|10.85|118
GME211217C00175000|15.05|18.05|13.00|12.35|14.75|1|2.40|0.1943|5|213|1|97|0.5351|0.0147|0.0250|-0.4888|0.1209||15.00|24|14.00|18
GME211217P00175000|15.60|16.18|12.20|18.97|13.80|1|-5.17|-0.2725|-22|763|1|317|-0.4641|0.0142|-0.0278|-0.5034|0.1209||14.40|32|13.45|83
GME211217C00180000|11.50|15.25|10.85|10.25|12.24|1|1.99|0.1941|542|1045|1|361|0.4628|0.0146|0.0218|-0.4905|0.1209||12.80|49|11.80|16
GME211217P00180000|18.00|18.00|15.00|21.74|16.90|1|-4.84|-0.2226|-9|1119|3|66|-0.5349|0.0143|-0.0324|-0.5021|0.1209||17.40|28|16.40|1
GME211217C00185000|10.83|13.45|9.00|8.75|10.00|2|1.25|0.1429|62|346|1|98|0.3942|0.0141|0.0187|-0.4775|0.1171||10.85|43|9.70|30
GME211217P00185000|20.78|21.60|18.23|25.00|19.30|2|-5.70|-0.2280|8|254|1|14|-0.6027|0.0139|-0.0369|-0.4872|0.1174||20.60|36|18.60|95
GME211217C00187500|10.00|10.40|9.12|7.90|9.60|3|1.70|0.2152|2|44|5|16|0.4144|0.0106|0.0189|-0.6512|0.1186||10.25|85|8.85|45
GME211217P00187500||||27.07|27.07|3|0.00|0.0000|0|116|0|0|-0.5383|0.0080|-0.0366|-0.8957|0.1208||22.40|14|19.60|76
GME211217C00190000|9.00|11.65|7.94|7.20|8.90|4|1.70|0.2361|-19|254|2|84|0.3315|0.0132|0.0158|-0.4530|0.1104||9.20|65|8.35|1
GME211217P00190000|23.16|24.57|20.00|29.00|23.73|4|-5.27|-0.1817|4|435|1|30|-0.6634|0.0130|-0.0412|-0.4662|0.1111||24.10|14|21.80|84
GME211217C00192500|9.10|9.50|8.10|7.35|8.40|5|1.05|0.1429|4|43|1|29|0.3720|0.0100|0.0170|-0.6496|0.1151||8.85|127|7.50|25
GME211217P00192500||||38.40|38.40|5|0.00|0.0000|0|113|0|0|-0.5141|0.0057|-0.0387|-1.2661|0.1213||26.00|5|23.10|76
GME211217C00195000|7.72|9.55|7.40|6.35|7.65|6|1.30|0.2047|12|170|1|39|0.2764|0.0121|0.0133|-0.4221|0.1018||7.75|72|6.80|90
GME211217P00195000|29.00|29.00|25.35|31.75|26.25|6|-5.50|-0.1732|-12|429|2|29|-0.7183|0.0119|-0.0453|-0.4344|0.1027||27.85|11|25.00|107
GME211217C00197500|8.33|8.33|6.30|5.75|6.30|7|0.55|0.0957|2|39|1|9|0.3147|0.0099|0.0147|-0.5775|0.1081||7.45|93|6.40|33
GME211217P00197500||||42.50|42.50|7|0.00|0.0000|0|93|0|0|-0.5345|0.0055|-0.0411|-1.2957|0.1209||30.00|15|26.90|49
GME211217C00200000|5.40|8.30|5.40|5.55|6.20|8|0.65|0.1171|308|3025|2|437|0.2295|0.0108|0.0111|-0.3883|0.0923||6.50|37|6.00|16
GME211217P00200000|31.50|31.50|29.00|38.96|30.87|8|-8.09|-0.2076|-44|1875|1|32|-0.7641|0.0107|-0.0489|-0.4029|0.0937||31.75|19|30.10|13
GME211217C00202500|6.11|7.70|5.60|5.85|5.98|9|0.13|0.0222|4|39|2|24|0.2901|0.0090|0.0134|-0.5946|0.1042||6.45|84|5.40|98
GME211217P00202500||||38.80|38.80|9|0.00|0.0000|0|120|0|0|-0.6257|0.0071|-0.0448|-0.9203|0.1153||33.95|19|31.00|53
GME211217C00205000|5.53|7.00|5.32|4.50|5.50|10|1.00|0.2222|36|100|1|40|0.2755|0.0086|0.0128|-0.5892|0.1016||5.70|65|5.15|65
GME211217P00205000|36.60|36.60|36.60|41.50|36.60|10|-4.90|-0.1181|-2|161|1|1|-0.6997|0.0082|-0.0481|-0.6723|0.1059||36.00|21|32.90|64
GME211217C00207500|5.40|5.73|5.25|5.65|5.35|11|-0.30|-0.0531|3|34|1|15|0.2619|0.0083|0.0121|-0.5834|0.0991||5.55|72|4.75|72
GME211217P00207500|37.77|37.77|37.77|43.07|37.77|11|-5.30|-0.1231|3|219|1|1|-0.7314|0.0082|-0.0501|-0.6048|0.1004||38.20|13|35.20|67
GME211217C00210000|5.25|6.05|4.35|4.35|4.70|12|0.35|0.0805|16|813|1|202|0.1483|0.0082|0.0072|-0.2962|0.0704||5.05|64|4.55|22
GME211217P00210000|38.00|43.00|34.90|47.90|39.10|12|-8.80|-0.1837|65|273|1|96|-0.8466|0.0083|-0.0558|-0.3078|0.0720||40.35|15|37.40|70
GME211217C00212500|4.80|4.80|4.80|4.58|4.80|13|0.22|0.0480|21|35|4|6|0.2369|0.0076|0.0110|-0.5690|0.0939||4.80|63|4.15|70
GME211217P00212500||||42.25|42.25|13|0.00|0.0000|0|59|0|0|-0.7538|0.0075|-0.0527|-0.5993|0.0959||42.60|12|39.60|47
GME211217C00215000|4.45|5.20|4.05|3.82|4.10|14|0.28|0.0733|20|123|1|62|0.2142|0.0074|0.0100|-0.5243|0.0887||4.45|35|3.95|30
GME211217P00215000||||54.30|54.30|14|0.00|0.0000|-5|99|0|0|-0.6231|0.0054|-0.0494|-1.2044|0.1156||45.05|20|41.85|44
GME211217C00217500|4.85|5.00|3.80|5.10|4.40|15|-0.70|-0.1373|0|40|1|21|0.2168|0.0070|0.0101|-0.5593|0.0894||4.35|83|3.75|60
GME211217P00217500|46.54|46.80|46.54|56.80|46.80|15|-10.00|-0.1761|-6|49|2|3|-0.7731|0.0070|-0.0551|-0.5927|0.0917||47.35|18|44.15|24
GME211217C00220000|4.00|4.65|3.50|3.40|3.76|16|0.36|0.1059|-8|1871|1|136|0.0935|0.0059|0.0046|-0.2160|0.0508||4.05|55|3.55|81
GME211217P00220000||||59.00|59.00|16|0.00|0.0000|-1|423|0|0|-0.8998|0.0060|-0.0614|-0.2326|0.0535||49.90|18|46.45|23
GME211217C00222500|3.80|3.80|3.65|3.30|3.73|17|0.43|0.1303|11|81|1|9|0.1908|0.0065|0.0089|-0.5198|0.0828||4.05|94|3.40|53
GME211217P00222500||||49.15|49.15|17|0.00|0.0000|0|21|0|0|-0.8498|0.0064|-0.0599|-0.3881|0.0710||52.60|12|48.80|22
GME211217C00225000|3.75|4.15|3.38|3.00|3.45|18|0.45|0.1500|11|139|1|72|0.1779|0.0062|0.0083|-0.4966|0.0793||3.70|31|3.35|17
GME211217P00225000||||49.64|49.64|18|0.00|0.0000|0|30|0|0|-0.9297|0.0048|-0.0643|-0.1716|0.0410||54.85|11|51.15|23
GME211217C00227500|3.80|3.80|3.45|3.60|3.45|19|-0.15|-0.0417|1|10|1|3|0.1758|0.0060|0.0082|-0.5090|0.0787||3.55|40|3.20|15
GME211217P00227500||||51.86|51.86|19|0.00|0.0000|0|60|0|0|-0.9449|0.0041|-0.0658|-0.1374|0.0339||56.90|11|53.50|22
GME211217C00230000|3.25|3.67|3.10|3.05|3.24|20|0.19|0.0623|2|438|1|51|0.0612|0.0041|0.0030|-0.1610|0.0368||3.40|32|3.05|22
GME211217P00230000|57.65|57.65|57.65|64.00|57.65|20|-6.35|-0.0992|0|63|1|1|-0.9354|0.0042|-0.0661|-0.1698|0.0384||59.35|11|55.85|22
GME211217C00232500|3.25|3.30|3.25|2.66|3.30|21|0.64|0.2406|-1|85|1|2|0.1661|0.0055|0.0077|-0.5099|0.0759||3.40|92|3.00|5
GME211217P00232500||||53.30|53.30|21|0.00|0.0000|0|19|0|0|-0.9622|0.0031|-0.0682|-0.0990|0.0251||62.00|16|58.25|25
GME211217C00235000|3.10|3.35|2.98|2.80|3.00|22|0.20|0.0714|11|89|1|14|0.1539|0.0053|0.0072|-0.4826|0.0722||3.10|9|2.86|12
GME211217P00235000||||68.76|68.76|22|0.00|0.0000|0|61|0|0|-0.7214|0.0051|-0.0590|-1.0100|0.1022||64.10|12|60.65|24
GME211217C00240000|2.83|3.18|2.68|2.62|2.84|23|0.22|0.0840|25|346|5|59|0.0371|0.0028|0.0018|-0.1086|0.0247||2.95|20|2.64|59
GME211217P00240000||||73.45|73.45|23|0.00|0.0000|0|54|0|0|-0.9583|0.0029|-0.0703|-0.1220|0.0271||68.95|12|65.45|24
GME211217C00245000|2.75|3.00|2.57|2.74|2.57|24|-0.17|-0.0620|4|200|2|55|0.1316|0.0046|0.0061|-0.4544|0.0649||2.76|25|2.56|19
GME211217P00245000||||78.00|78.00|24|0.00|0.0000|1|39|0|0|-0.7431|0.0047|-0.0629|-1.0100|0.0982||73.80|1|70.30|19
GME211217C00250000|2.75|2.77|2.26|2.39|2.53|25|0.14|0.0586|58|1302|1|370|0.0230|0.0018|0.0011|-0.0741|0.0166||2.61|24|2.45|12
GME211217P00250000|76.30|76.30|76.30|85.24|76.30|25|-8.94|-0.1049|-1|54|1|1|-0.9746|0.0019|-0.0741|-0.0813|0.0180||78.65|8|75.15|22
GME211217C00255000|2.16|2.51|2.16|2.26|2.51|26|0.25|0.1106|0|359|5|29|0.1224|0.0040|0.0057|-0.4637|0.0617||2.58|51|2.31|30
GME211217P00255000||||39.75|39.75|26|0.00|0.0000|0|5|0|0|-1.0000|0.0000|-0.0768|0.0007|0.0000||83.50|8|80.05|19
GME211217C00260000|2.30|2.49|2.27|2.37|2.36|27|-0.01|-0.0042|-4|519|1|32|0.0139|0.0012|0.0007|-0.0489|0.0108||2.35|5|2.22|12
GME211217P00260000||||89.25|89.25|27|0.00|0.0000|0|21|0|0|-0.9842|0.0013|-0.0776|-0.0547|0.0121||88.45|6|84.95|19
GME211217C00270000|2.00|2.25|2.00|2.10|2.18|28|0.08|0.0381|64|636|1|15|0.0091|0.0008|0.0005|-0.0344|0.0075||2.30|36|2.04|42
GME211217P00270000||||102.35|102.35|28|0.00|0.0000|-19|30|0|0|-0.9894|0.0009|-0.0808|-0.0392|0.0085||98.45|2|94.75|18
GME211217C00280000|1.97|2.16|1.83|1.98|2.06|29|0.08|0.0404|32|2058|1|37|0.0062|0.0005|0.0003|-0.0250|0.0053||2.04|12|1.91|23
GME211217P00280000|106.96|106.96|106.96|91.00|106.96|29|15.96|0.1754|0|10|2|2|-0.9930|0.0006|-0.0840|-0.0275|0.0059||108.45|11|104.60|19
GME211217C00290000|1.90|1.99|1.81|1.80|1.81|30|0.01|0.0056|6|531|1|58|0.0041|0.0004|0.0002|-0.0180|0.0037||1.96|20|1.82|5
GME211217P00290000|116.82|116.82|116.82|127.73|116.82|30|-10.91|-0.0854|-2|23|2|2|-0.9948|0.0005|-0.0871|-0.0216|0.0046||118.45|8|114.45|15
GME211217C00300000|2.99|2.99|1.54|1.60|1.76|31|0.16|0.1000|-109|5622|1|269|0.0027|0.0003|0.0001|-0.0125|0.0025||1.84|12|1.75|7
GME211217P00300000|120.20|120.20|120.20|126.50|120.20|31|-6.30|-0.0498|0|20|1|1|-0.9968|0.0003|-0.0902|-0.0139|0.0030||128.40|16|124.35|14
GME211217C00310000|1.84|1.84|1.62|1.62|1.77|32|0.15|0.0926|16|384|1|21|0.0018|0.0002|0.0001|-0.0085|0.0017||1.80|27|1.64|13
GME211217P00310000||||102.75|102.75|32|0.00|0.0000|0|3|0|0|-0.9977|0.0002|-0.0933|-0.0100|0.0022||138.25|8|134.25|15
GME211217C00320000|1.65|1.69|1.58|1.49|1.58|33|0.09|0.0604|11|459|1|51|0.0012|0.0001|0.0001|-0.0061|0.0012||1.76|38|1.52|28
GME211217P00320000||||96.00|96.00|33|0.00|0.0000|0|17|0|0|-0.9984|0.0001|-0.0964|-0.0071|0.0016||148.25|11|144.20|14
GME211217C00330000|1.58|1.60|1.46|1.49|1.59|34|0.10|0.0671|21|234|1|44|0.0009|0.0001|0.0000|-0.0046|0.0009||1.67|38|1.49|13
GME211217P00330000||||159.50|159.50|34|0.00|0.0000|0|3|0|0|-0.9989|0.0001|-0.0994|-0.0049|0.0011||158.10|15|154.10|18
GME211217C00340000|1.45|1.51|1.45|1.41|1.46|35|0.05|0.0355|0|232|1|15|0.0006|0.0001|0.0000|-0.0035|0.0007||1.51|8|1.41|8
GME211217P00340000||||126.85|126.85|35|0.00|0.0000|0|7|0|0|-0.9992|0.0001|-0.1024|-0.0033|0.0008||168.10|17|164.05|14
GME211217C00350000|1.44|1.50|1.20|1.33|1.40|36|0.07|0.0526|-148|856|18|170|0.0005|0.0000|0.0000|-0.0028|0.0005||1.40|2|1.35|7
GME211217P00350000||||133.85|133.85|36|0.00|0.0000|0|4|0|0|-0.9994|0.0001|-0.1054|-0.0024|0.0007||178.00|1|174.00|20
GME211217C00360000|1.29|1.53|1.29|1.15|1.40|37|0.25|0.2174|-3|312|1|13|0.0004|0.0000|0.0000|-0.0024|0.0004||1.47|37|1.30|6
GME211217P00360000||||||37|||0|0|0|0|-0.9995|0.0000|-0.1085|-0.0017|0.0005||188.00|12|183.90|18
GME211217C00370000|1.40|1.40|1.35|1.43|1.35|38|-0.08|-0.0559|1|447|1|3|0.0003|0.0000|0.0000|-0.0020|0.0004||1.47|77|1.20|38
GME211217P00370000||||172.65|172.65|38|0.00|0.0000|0|3|0|0|-0.9996|0.0000|-0.1115|-0.0012|0.0004||197.90|17|193.85|20
GME211217C00380000|1.34|1.34|1.30|1.20|1.30|39|0.10|0.0833|7|175|1|2|0.0003|0.0000|0.0000|-0.0017|0.0003||1.42|46|1.14|19
GME211217P00380000||||208.83|208.83|39|0.00|0.0000|0|16|0|0|-0.9997|0.0000|-0.1145|-0.0007|0.0003||207.80|10|203.80|15
GME211217C00390000|1.20|1.24|1.14|1.16|1.17|40|0.01|0.0086|71|265|1|17|0.0002|0.0000|0.0000|-0.0015|0.0003||1.18|3|1.07|14
GME211217P00390000||||||40|||0|0|0|0|-0.9997|0.0000|-0.1175|-0.0004|0.0003||217.80|2|213.75|12
GME211217C00400000|1.10|1.21|0.90|1.10|1.10|41|0.00|0.0000|49|1325|1|233|0.0002|0.0000|0.0000|-0.0011|0.0002||1.14|28|1.01|16
GME211217P00400000||||238.75|238.75|41|0.00|0.0000|0|3|0|0|-0.9998|0.0000|-0.1205|-0.0002|0.0003||227.70|1|223.75|15
GME211217C00410000|1.00|1.10|1.00|1.10|1.10|42|0.00|0.0000|1|227|1|4|0.0001|0.0000|0.0000|-0.0008|0.0001||1.15|44|0.91|54
GME211217P00410000||||190.90|190.90|42|0.00|0.0000|0|3|0|0|-0.9998|0.0000|-0.1235|0.0001|0.0002||237.70|2|233.70|12
GME211217C00420000|1.09|1.10|0.92|0.92|1.05|43|0.13|0.1413|-2|540|1|6|0.0001|0.0000|0.0000|-0.0007|0.0001||1.15|72|0.91|31
GME211217P00420000||||189.85|189.85|43|0.00|0.0000|0|16|0|0|-0.9999|0.0000|-0.1266|0.0008|0.0001||247.60|12|243.65|11
GME211217C00430000|1.00|1.05|0.83|1.04|1.05|44|0.01|0.0096|7|220|1|23|0.0001|0.0000|0.0000|-0.0006|0.0001||1.15|33|0.80|3
GME211217P00430000||||244.20|244.20|44|0.00|0.0000|0|0|0|0|-0.9999|0.0000|-0.1296|0.0009|0.0001||257.60|1|253.50|12
GME211217C00440000||||0.80|0.80|45|0.00|0.0000|2|474|0|0|0.0001|0.0000|0.0000|-0.0005|0.0001||1.07|1|0.80|3
GME211217P00440000||||||45|||0|0|0|0|-1.0000|0.0000|-0.1326|0.0011|0.0001||267.60|1|263.50|12
GME211217C00450000|0.90|0.96|0.81|0.84|0.96|46|0.12|0.1429|62|745|10|18|0.0000|0.0000|0.0000|-0.0004|0.0001||1.00|1|0.88|1
GME211217P00450000||||||46|||0|0|0|0|-1.0000|0.0000|-0.1356|0.0012|0.0001||277.75|10|273.50|1
GME211217C00460000|0.88|1.07|0.76|0.90|0.83|47|-0.07|-0.0778|0|1139|2|81|0.0000|0.0000|0.0000|-0.0004|0.0001||1.02|9|0.75|11
GME211217P00460000||||261.60|261.60|47|0.00|0.0000|0|5|0|0|-1.0000|0.0000|-0.1386|0.0013|0.0000||287.70|12|283.50|4
GME211217C00470000|0.80|0.86|0.80|1.00|0.84|48|-0.16|-0.1600|0|190|1|4|0.0330|0.0009|0.0015|-0.2783|0.0224||0.99|13|0.68|7
GME211217P00470000||||||48||||0|0|0|-1.0000|0.0000|-0.1416|0.0016|0.0000||297.70|12|292.70|12
GME211217C00480000|0.65|0.65|0.65|0.80|0.65|49|-0.15|-0.1875|2|245|1|1|0.0268|0.0008|0.0012|-0.2297|0.0188||0.96|6|0.64|5
GME211217P00480000||||264.21|264.21|49|0.00|0.0000|0|7|0|0|-0.9946|0.0002|-0.1444|-0.0440|0.0047||307.65|12|302.70|12
GME211217C00490000|0.74|0.80|0.73|0.80|0.73|50|-0.07|-0.0875|-1|151|1|4|0.0289|0.0008|0.0013|-0.2527|0.0201||0.94|19|0.59|11
GME211217P00490000||||274.04|274.04|50|0.00|0.0000|0|7|0|0|-0.9924|0.0003|-0.1473|-0.0642|0.0064||317.60|12|312.70|12
GME211217C00500000|0.75|0.80|0.56|0.66|0.71|51|0.05|0.0758|16|2452|1|55|0.0279|0.0008|0.0012|-0.2486|0.0195||0.69|1|0.60|1
GME211217P00500000||||290.05|290.05|51|0.00|0.0000|0|7|0|0|-0.9836|0.0005|-0.1499|-0.1434|0.0125||327.55|10|322.65|12
GME211217C00510000|0.63|0.79|0.62|0.65|0.62|52|-0.03|-0.0462|67|1621|1|237|0.0258|0.0007|0.0011|-0.2334|0.0183||0.62|1|0.53|1
GME211217P00510000||||277.97|277.97|52|0.00|0.0000|0|0|0|0|-0.9958|0.0002|-0.1535|-0.0356|0.0038||337.55|12|332.65|12
GME211223C00100000||||71.00|71.00|12|0.00|0.0000|0|13|0|0|0.9331|0.0017|0.0398|-0.2934|0.0490||78.70|7|75.00|10
GME211223P00100000|2.42|2.42|1.54|2.13|1.54|12|-0.59|-0.2770|61|375|1|43|-0.0457|0.0015|-0.0044|-0.1850|0.0363||1.62|4|1.44|3
GME211223C00110000||||||11||||0|0|0|1.0000|0.0000|0.0512|-0.0004|0.0000||69.10|6|65.10|10
GME211223P00110000|2.10|2.29|2.10|2.57|2.15|11|-0.42|-0.1634|415|520|1|4|-0.0653|0.0021|-0.0063|-0.2285|0.0481||2.32|31|1.72|32
GME211223C00120000||||49.37|49.37|10|0.00|0.0000|1|2|0|0|0.9459|0.0024|0.0509|-0.1456|0.0416||59.65|8|55.65|10
GME211223P00120000|3.00|3.17|2.33|4.10|2.40|10|-1.70|-0.4146|0|37|2|36|-0.0812|0.0028|-0.0077|-0.2360|0.0569||2.90|12|2.21|14
GME211223C00130000||||41.20|41.20|9|0.00|0.0000|1|1|0|0|0.8966|0.0039|0.0509|-0.2457|0.0680||50.55|9|46.50|10
GME211223P00130000|3.58|3.58|3.40|5.25|3.40|9|-1.85|-0.3524|5|141|1|3|-0.1162|0.0039|-0.0110|-0.2863|0.0740||3.85|18|3.20|1
GME211223C00140000|41.10|41.10|40.85|41.10|40.85|8|-0.25|-0.0061|0|0|1|2|0.8288|0.0052|0.0488|-0.3639|0.0962||41.70|13|38.45|14
GME211223P00140000|4.85|4.93|4.85|7.23|4.93|8|-2.30|-0.3181|7|49|1|2|-0.1658|0.0053|-0.0157|-0.3449|0.0942||5.30|18|4.40|26
GME211223C00145000||||||7||||0|0|0|1.0000|0.0000|0.0675|-0.0005|0.0000||37.80|10|33.95|12
GME211223P00145000|6.77|6.77|5.88|8.30|6.50|7|-1.80|-0.2169|3|14|4|15|-0.2034|0.0059|-0.0195|-0.3992|0.1070||6.25|15|5.20|21
GME211223C00150000||||28.10|28.10|6|0.00|0.0000|0|21|0|0|0.8577|0.0082|0.0572|-0.1828|0.0851||34.05|14|30.30|5
GME211223P00150000|9.75|9.75|6.65|11.00|7.11|6|-3.89|-0.3536|6|161|1|31|0.7712|0.0068|0.0641|-0.3951|0.1145||7.40|6|6.35|5
GME211223C00155000||||29.20|29.20|5|0.00|0.0000|0|11|0|0|0.7278|0.0073|0.0459|-0.4416|0.1256||30.20|8|27.05|7
GME211223P00155000|9.27|9.27|8.65|13.30|8.65|5|-4.65|-0.3496|1|79|1|3|-0.2704|0.0074|-0.0260|-0.4332|0.1252||8.90|18|7.70|15
GME211223C00160000||||22.77|22.77|4|0.00|0.0000|1|20|0|0|0.7094|0.0096|0.0474|-0.3589|0.1296||26.95|19|23.50|15
GME211223P00160000|10.00|11.08|9.90|13.20|9.93|4|-3.27|-0.2477|5|71|1|19|-0.3098|0.0082|-0.0298|-0.4435|0.1334||10.70|18|9.35|23
GME211223C00165000|22.80|22.80|19.80|18.80|19.80|3|1.00|0.0532|32|48|1|12|0.6544|0.0102|0.0443|-0.3913|0.1395||23.70|13|20.65|15
GME211223P00165000|13.12|13.33|11.97|17.15|13.33|3|-3.82|-0.2227|31|315|10|38|-0.3589|0.0081|-0.0355|-0.5088|0.1414||12.85|22|11.15|27
GME211223C00170000|20.25|20.25|19.22|18.44|19.98|2|1.54|0.0835|5|35|10|15|0.5979|0.0088|0.0395|-0.5000|0.1464||21.05|13|17.90|16
GME211223P00170000|15.51|15.78|13.71|20.03|15.78|2|-4.25|-0.2122|1|62|15|85|-0.4019|0.0083|-0.0401|-0.5289|0.1463||15.15|21|13.20|54
GME211223C00175000|17.20|21.00|17.06|16.30|17.30|1|1.00|0.0613|19|38|1|49|0.5533|0.0091|0.0371|-0.5045|0.1497||18.50|23|15.80|9
GME211223P00175000|18.00|18.29|16.00|22.05|16.20|1|-5.85|-0.2653|-4|43|1|42|-0.4480|0.0091|-0.0445|-0.5043|0.1496||17.60|16|15.90|1
