symbol|open|high|low|preClose|close|activeLevel|change|changeRatio|openIntChange|openInterest|latestPriceVol|volume|delta|gamma|rho|theta|vega|tradeStamptradeTime|ask|avol|bid|bvol
GME211203C00100000|83.51|83.51|83.51|82.00|83.51|13|1.51|0.0184|0|10|1|1|0.9389|0.0015|0.0047|-2.4745|0.0162||82.70|10|79.05|13
GME211203P00100000|0.08|0.09|0.02|0.08|0.05|13|-0.03|-0.3750|146|513|1|66|-0.0034|0.0003|0.0000|-0.1051|0.0014||0.10|7|0.03|30
GME211203C00110000||||135.99|135.99|12|0.00|0.0000|0|1|0|0|0.9619|0.0001|0.0084|-0.6217|0.0489||72.75|12|69.00|14
GME211203P00110000|0.09|0.25|0.07|0.17|0.12|12|-0.05|-0.2941|15|172|1|45|-0.0102|0.0007|-0.0001|-0.2738|0.0036||0.24|6|0.09|13
GME211203C00120000||||||11||||0|0|0|1.0000|0.0000|0.0066|-0.0004|0.0000||62.75|12|59.00|42
GME211203P00120000|0.29|0.30|0.10|0.25|0.20|11|-0.05|-0.2000|148|381|1|136|-0.0142|0.0010|-0.0002|-0.3165|0.0048||0.32|6|0.18|12
GME211203C00130000||||65.44|65.44|10|0.00|0.0000|0|1|0|0|0.8063|0.0027|0.0044|-7.0065|0.0367||52.45|15|48.95|28
GME211203P00130000|0.16|0.50|0.16|0.40|0.31|10|-0.09|-0.2250|26|976|3|66|-0.0236|0.0018|-0.0002|-0.4313|0.0074||0.31|1|0.26|10
GME211203C00140000||||55.33|55.33|9|0.00|0.0000|0|6|0|0|0.7769|0.0032|0.0046|-6.8920|0.0400||42.85|12|38.95|24
GME211203P00140000|0.69|0.77|0.28|0.50|0.34|9|-0.16|-0.3200|57|1151|1|292|-0.2351|0.0027|-0.0687|-0.4411|0.1816||0.40|50|0.34|28
GME211203C00150000||||44.80|44.80|8|0.00|0.0000|0|6|0|0|0.7478|0.0043|0.0049|-5.9135|0.0428||33.10|14|28.85|22
GME211203P00150000|1.85|1.85|0.42|0.94|0.56|8|-0.38|-0.4043|17|1198|18|792|-0.0637|0.0054|-0.0007|-0.7190|0.0167||0.63|2|0.53|7
GME211203C00155000||||27.75|27.75|7|0.00|0.0000|0|5|0|0|0.8291|0.0079|0.0066|-2.0365|0.0339||28.40|13|23.90|48
GME211203P00155000|0.73|1.61|0.50|1.30|0.71|7|-0.59|-0.4538|34|992|2|113|-0.0651|0.0068|-0.0007|-0.5910|0.0169||0.99|71|0.65|53
GME211203C00160000|20.00|21.50|20.00|28.80|21.50|6|-7.30|-0.2535|0|115|1|20|0.9286|0.0090|0.0080|-0.5147|0.0182||23.00|2|19.80|76
GME211203P00160000|1.00|2.35|0.72|1.85|0.95|6|-0.90|-0.4865|14|440|5|757|-0.3103|0.0042|-0.0834|-0.3795|0.2085||1.01|1|0.88|12
GME211203C00165000||||32.50|32.50|5|0.00|0.0000|-1|31|0|0|0.6677|0.0058|0.0048|-5.7131|0.0486||19.50|29|15.30|36
GME211203P00165000|1.61|3.55|0.94|2.60|1.36|5|-1.24|-0.4769|467|783|1|1389|-0.1739|0.0143|-0.0018|-1.1498|0.0343||1.30|50|1.18|39
GME211203C00170000|11.23|12.00|8.50|13.25|12.00|4|-1.25|-0.0943|10|50|8|46|0.7551|0.0192|0.0068|-1.2858|0.0419||14.00|11|10.20|79
GME211203P00170000|2.31|5.10|1.45|3.72|2.14|4|-1.58|-0.4247|275|934|1|1919|-0.2271|0.0193|-0.0024|-1.1782|0.0403||2.23|18|1.83|16
GME211203C00175000|9.64|10.53|6.00|9.70|10.53|3|0.83|0.0856|29|117|5|43|0.6704|0.0275|0.0062|-1.1930|0.0483||10.00|9|7.70|106
GME211203P00175000|1.95|7.25|1.95|4.95|3.20|3|-1.75|-0.3535|181|483|1|1256|-0.3384|0.0259|-0.0035|-1.2897|0.0488||3.40|15|2.95|5
GME211203C00177500|10.10|10.10|4.70|7.55|8.24|2|0.69|0.0914|4|7|1|54|0.6188|0.0324|0.0058|-1.1195|0.0510||8.45|18|6.55|45
GME211203P00177500|4.40|8.60|2.87|5.85|3.90|2|-1.95|-0.3333|136|199|1|922|-0.4088|0.0060|-0.1046|-0.3235|0.2295||4.15|19|3.75|1
GME211203C00180000|8.54|11.00|3.20|7.10|5.93|1|-1.17|-0.1648|57|733|25|885|0.5225|0.0290|0.0049|-1.3694|0.0531||6.60|23|5.35|79
GME211203P00180000|5.50|10.10|3.35|6.98|4.85|1|-2.13|-0.3052|493|1768|3|1680|-0.4288|0.0065|-0.1079|-0.3028|0.2319||5.35|14|4.65|15
GME211203C00182500|7.88|8.47|3.11|6.70|4.73|1|-1.97|-0.2940|74|85|25|129|0.4538|0.0276|0.0042|-1.4217|0.0529||5.40|46|4.40|31
GME211203P00182500|5.90|11.00|4.40|8.00|6.95|1|-1.05|-0.1313|98|297|1|181|-0.5366|0.0244|-0.0057|-1.6177|0.0530||6.80|27|5.55|42
GME211203C00185000|4.90|7.95|2.08|4.90|3.90|2|-1.00|-0.2041|313|481|1|1773|0.3986|0.0269|0.0037|-1.3838|0.0516||4.10|1|3.60|1
GME211203P00185000|6.43|14.03|5.35|9.80|8.38|2|-1.42|-0.1449|77|588|1|857|-0.5768|0.0206|-0.0063|-1.8604|0.0522||9.00|49|6.95|27
GME211203C00187500|3.85|6.50|1.83|3.95|2.90|3|-1.05|-0.2658|713|730|1|576|0.3315|0.0244|0.0031|-1.3511|0.0484||3.15|8|2.62|27
GME211203P00187500|7.91|15.14|7.00|10.70|10.00|3|-0.70|-0.0654|113|475|11|59|-0.6455|0.0220|-0.0070|-1.5729|0.0496||10.75|69|8.55|44
GME211203C00190000|3.95|5.18|1.40|3.70|2.19|4|-1.51|-0.4081|634|778|1|1329|0.2591|0.0233|0.0024|-1.1230|0.0432||2.35|5|2.06|23
GME211203P00190000|11.24|18.00|8.00|12.00|11.83|4|-0.17|-0.0142|-109|833|1|250|-0.4889|0.0064|-0.1267|-0.3181|0.2356||12.00|34|10.40|33
GME211203C00192500|2.95|4.25|1.14|2.96|1.69|5|-1.27|-0.4291|434|502|1|520|0.2046|0.0207|0.0019|-0.9742|0.0379||1.91|32|1.49|38
GME211203P00192500|11.75|16.88|11.63|14.20|13.83|5|-0.37|-0.0261|-101|273|1|24|-0.7623|0.0203|-0.0083|-1.1779|0.0413||14.20|32|12.25|16
GME211203C00195000|2.37|3.40|0.92|2.40|1.28|6|-1.12|-0.4667|397|597|1|551|0.1805|0.0182|0.0017|-0.9489|0.0352||1.44|1|1.25|7
GME211203P00195000|14.00|21.77|12.00|16.71|16.04|6|-0.67|-0.0401|-61|626|3|169|-0.8504|0.0181|-0.0093|-0.7484|0.0311||16.45|23|14.10|46
GME211203C00197500|2.55|2.85|0.71|2.04|1.04|7|-1.00|-0.4902|386|490|4|498|0.1455|0.0152|0.0014|-0.8574|0.0305||1.25|8|1.02|12
GME211203P00197500|23.22|23.22|17.51|18.95|18.15|7|-0.80|-0.0422|38|202|3|13|-0.6896|0.0123|-0.0080|-2.5309|0.0471||18.95|34|16.60|8
GME211203C00200000|1.75|2.33|0.57|1.69|0.95|8|-0.74|-0.4379|381|1051|3|2546|0.4630|0.0060|0.0690|-0.3374|0.2347||0.98|8|0.86|17
GME211203P00200000|17.55|26.85|16.00|22.15|20.25|8|-1.90|-0.0858|-71|998|1|281|-0.8981|0.0126|-0.0100|-0.6255|0.0238||21.45|38|19.00|22
GME211203C00202500|2.00|2.00|0.50|1.48|0.83|9|-0.65|-0.4392|35|281|4|486|0.1128|0.0117|0.0011|-0.7859|0.0256||0.92|8|0.75|14
GME211203P00202500|20.05|22.43|20.05|21.91|21.55|9|-0.36|-0.0164|-27|184|1|23|-0.4596|0.0037|-0.1486|-0.5408|0.2345||23.95|31|21.35|5
GME211203C00205000|1.17|1.68|0.48|1.34|0.75|10|-0.59|-0.4403|206|834|5|650|0.1046|0.0106|0.0010|-0.7761|0.0243||0.80|1|0.68|23
GME211203P00205000|22.06|31.10|22.06|28.45|26.87|10|-1.58|-0.0555|-4|484|1|68|-0.7761|0.0109|-0.0092|-2.0466|0.0400||26.45|31|23.50|13
GME211203C00207500|1.29|1.35|0.46|1.10|0.61|11|-0.49|-0.4455|-5|400|1|193|0.0873|0.0089|0.0008|-0.7051|0.0212||0.80|39|0.58|23
GME211203P00207500|23.40|31.50|23.40|20.90|25.68|11|4.78|0.2287|-2|35|1|4|-0.7026|0.0089|-0.0088|-3.3806|0.0463||28.95|18|26.00|14
GME211203C00210000|1.01|1.24|0.40|1.11|0.61|12|-0.50|-0.4505|79|939|3|669|0.0796|0.0079|0.0008|-0.6912|0.0198||0.64|10|0.57|13
GME211203P00210000|28.16|35.15|27.06|30.40|30.23|12|-0.17|-0.0056|1|385|1|34|-0.8442|0.0095|-0.0101|-1.5006|0.0320||31.45|37|28.45|14
GME211203C00212500|0.95|1.05|0.38|0.92|0.58|13|-0.34|-0.3696|119|297|1|144|0.4517|0.0048|0.0637|-0.4224|0.2340||0.67|25|0.48|13
GME211203P00212500|33.40|33.40|33.40|34.12|33.40|13|-0.72|-0.0211|-1|67|2|2|-0.8875|0.0083|-0.0106|-1.0979|0.0255||33.95|25|30.95|6
GME211203C00215000|0.81|1.00|0.36|0.87|0.50|14|-0.37|-0.4253|21|792|1|240|0.0666|0.0064|0.0006|-0.6515|0.0173||0.56|2|0.45|17
GME211203P00215000|31.50|35.35|31.50|34.35|31.97|14|-2.38|-0.0693|-1|226|1|26|-0.8045|0.0083|-0.0100|-2.2830|0.0369||36.45|36|33.45|4
GME211203C00217500|0.70|0.70|0.38|0.71|0.46|15|-0.25|-0.3521|-7|183|1|20|0.0510|0.0052|0.0005|-0.5247|0.0140||0.50|1|0.43|47
GME211203P00217500|38.35|38.35|38.35|30.09|38.35|15|8.26|0.2745|0|74|2|2|-0.8700|0.0076|-0.0107|-1.4715|0.0283||38.95|23|35.95|5
GME211203C00220000|0.77|0.81|0.35|0.77|0.44|16|-0.33|-0.4286|-11|1378|1|408|0.0533|0.0051|0.0005|-0.5822|0.0145||0.50|1|0.39|12
GME211203P00220000|35.30|44.52|35.30|40.00|40.13|16|0.13|0.0033|1|213|1|18|-0.8718|0.0071|-0.0109|-1.5461|0.0280||41.45|33|38.45|5
GME211203C00222500|0.66|0.73|0.32|0.57|0.40|17|-0.17|-0.2982|-15|181|1|24|0.4552|0.0040|0.0610|-0.4977|0.2342||0.49|10|0.36|29
GME211203P00222500|47.10|47.10|45.85|34.99|45.85|17|10.86|0.3104|0|51|2|6|-0.8303|0.0071|-0.0107|-2.2532|0.0338||43.95|32|40.95|8
GME211203C00225000|0.71|0.72|0.32|0.71|0.42|18|-0.29|-0.4085|-80|656|10|135|0.0508|0.0045|0.0005|-0.6080|0.0140||0.42|1|0.39|13
GME211203P00225000||||45.20|45.20|18|0.00|0.0000|-3|125|0|0|-0.9103|0.0058|-0.0115|-1.1304|0.0217||46.45|28|43.45|5
GME211203C00227500|0.50|0.70|0.46|0.77|0.50|19|-0.27|-0.3506|3|97|2|27|0.0532|0.0043|0.0005|-0.6753|0.0145||0.43|22|0.30|39
GME211203P00227500|53.85|53.85|45.47|33.03|45.48|19|12.45|0.3769|0|26|1|5|-0.9042|0.0056|-0.0116|-1.2836|0.0227||48.95|1|45.95|4
GME211203C00230000|0.54|0.63|0.27|0.62|0.33|20|-0.29|-0.4677|192|927|1|204|0.0380|0.0035|0.0004|-0.4926|0.0110||0.35|3|0.28|45
GME211203P00230000|47.50|56.35|46.57|45.00|49.84|20|4.84|0.1076|-3|67|1|8|-0.9302|0.0048|-0.0120|-0.9296|0.0180||51.45|18|48.45|4
GME211203C00232500|0.48|0.48|0.32|0.57|0.32|21|-0.25|-0.4386|-8|93|10|19|0.0381|0.0033|0.0004|-0.5130|0.0111||0.36|1|0.27|23
GME211203P00232500|49.07|52.32|49.07|46.88|52.32|21|5.44|0.1160|-1|34|1|2|-0.9330|0.0045|-0.0121|-0.9281|0.0174||53.95|19|50.70|15
GME211203C00235000|0.33|0.60|0.23|0.54|0.30|22|-0.24|-0.4444|-1|331|2|124|0.0347|0.0030|0.0003|-0.4837|0.0103||0.36|1|0.25|49
GME211203P00235000|51.57|61.30|50.00|54.89|51.68|22|-3.21|-0.0585|-6|371|4|56|-0.9266|0.0045|-0.0122|-1.0827|0.0186||56.45|32|53.20|22
GME211203C00237500|0.42|0.42|0.42|0.52|0.42|23|-0.10|-0.1923|0|115|1|1|0.0436|0.0033|0.0004|-0.6393|0.0124||0.35|4|0.26|4
GME211203P00237500|54.06|63.79|52.54|57.38|54.18|23|-3.20|-0.0558|-6|284|4|45|-0.9278|0.0043|-0.0124|-1.1028|0.0183||58.95|24|55.70|12
GME211203C00240000|0.50|0.60|0.23|0.50|0.30|24|-0.20|-0.4000|1|592|1|230|0.0318|0.0027|0.0003|-0.4749|0.0095||0.30|3|0.25|1
GME211203P00240000|54.95|66.50|54.95|57.50|60.48|24|2.98|0.0518|-1|101|1|10|-0.9115|0.0045|-0.0124|-1.4268|0.0214||61.45|33|58.20|12
GME211203C00245000|0.47|0.47|0.19|0.44|0.27|25|-0.17|-0.3864|-31|414|1|97|0.0314|0.0025|0.0003|-0.4965|0.0095||0.29|3|0.20|22
GME211203P00245000|60.55|60.55|60.55|62.45|60.55|25|-1.90|-0.0304|-1|68|1|1|-0.6038|0.0038|-0.2080|-0.4994|0.2277||66.45|19|63.00|15
GME211203C00250000|0.25|0.45|0.17|0.41|0.21|26|-0.20|-0.4878|-50|3342|1|1717|0.0227|0.0019|0.0002|-0.3799|0.0072||0.21|7|0.18|5
GME211203P00250000|71.49|74.50|67.82|65.43|70.43|26|5.00|0.0764|-9|123|1|7|-0.9216|0.0038|-0.0130|-1.4097|0.0196||71.45|35|68.00|18
GME211203C00260000|0.23|0.34|0.13|0.37|0.13|27|-0.24|-0.6486|10|714|5|235|0.0150|0.0013|0.0001|-0.2766|0.0051||0.16|3|0.12|49
GME211203P00260000||||75.00|75.00|27|0.00|0.0000|-1|6|0|0|-0.9705|0.0020|-0.0140|-0.5568|0.0090||81.40|12|78.00|12
GME211203C00270000|0.22|0.34|0.15|0.26|0.16|28|-0.10|-0.3846|-1|587|1|280|0.0164|0.0013|0.0002|-0.3344|0.0055||0.19|31|0.10|15
GME211203P00270000|85.99|86.50|85.99|90.50|86.50|28|-4.00|-0.0442|4|21|2|4|-0.9810|0.0014|-0.0146|-0.3866|0.0062||91.30|12|87.80|12
GME211203C00280000|0.22|0.30|0.10|0.25|0.10|29|-0.15|-0.6000|-8|572|5|83|0.0104|0.0008|0.0001|-0.2274|0.0037||0.13|134|0.10|2
GME211203P00280000||||95.00|95.00|29|0.00|0.0000|-3|10|0|0|-0.9737|0.0016|-0.0151|-0.5885|0.0081||101.30|12|97.60|12
GME211203C00290000|0.27|0.27|0.09|0.25|0.10|30|-0.15|-0.6000|200|502|1|23|0.0090|0.0007|0.0001|-0.2116|0.0032||0.11|5|0.09|1
GME211203P00290000||||||30||||0|0|0|-1.0000|0.0000|-0.3098|0.0009|0.0000||111.20|12|107.45|13
GME211203C00300000|0.17|0.22|0.07|0.17|0.10|31|-0.07|-0.4118|16|2195|3|369|0.0093|0.0007|0.0001|-0.2331|0.0033||0.10|5|0.07|3
GME211203P00300000||||111.10|111.10|31|0.00|0.0000|-1|2|0|0|-0.9932|0.0005|-0.0164|-0.1693|0.0025||121.15|12|117.55|12
GME211203C00310000|0.11|0.13|0.09|0.20|0.09|32|-0.11|-0.5500|-10|344|1|4|0.0081|0.0006|0.0001|-0.2168|0.0030||0.09|5|0.05|4
GME211203P00310000||||71.90|71.90|32|0.00|0.0000|0|4|0|0|-0.8682|0.0029|-0.3102|-0.2011|0.1262||131.15|12|127.55|2
GME211203C00320000|0.10|0.12|0.04|0.17|0.04|33|-0.13|-0.7647|100|389|1|6|0.0042|0.0003|0.0000|-0.1172|0.0017||0.07|4|0.04|9
GME211203P00320000||||||33||||0|0|0|-1.0000|0.0000|-0.0175|0.0010|0.0000||141.10|12|136.95|17
GME211203C00330000|0.08|0.08|0.07|0.11|0.07|34|-0.04|-0.3636|68|348|1|6|0.0061|0.0004|0.0001|-0.1802|0.0023||0.06|1|0.05|3
GME211203P00330000||||127.27|127.27|34|0.00|0.0000|0|2|0|0|-0.9969|0.0002|-0.0181|-0.0897|0.0013||151.05|12|147.40|12
GME211203C00340000|0.08|0.08|0.07|0.11|0.07|35|-0.04|-0.3636|21|135|1|3|0.0060|0.0004|0.0001|-0.1859|0.0023||0.06|1|0.03|4
GME211203P00340000||||134.20|134.20|35|0.00|0.0000|0|1|0|0|-0.9990|0.0001|-0.0186|-0.0291|0.0004||161.05|12|157.30|12
GME211203C00350000|0.09|0.09|0.04|0.10|0.04|36|-0.06|-0.6000|226|1237|1|29|0.0037|0.0003|0.0000|-0.1179|0.0015||0.06|1|0.04|1
GME211203P00350000||||136.35|136.35|36|0.00|0.0000|0|3|0|0|-0.9988|0.0001|-0.0192|-0.0358|0.0005||171.05|12|167.65|12
GME211203C00360000||||0.09|0.09|37|0.00|0.0000|-2|159|0|0|0.0067|0.0004|0.0001|-0.2249|0.0025||0.07|19|0.02|5
GME211203P00360000||||||37||||0|0|0|-1.0000|0.0000|-0.0197|0.0011|0.0000||181.05|13|177.45|12
GME211203C00370000||||0.05|0.05|38|0.00|0.0000|-2|88|0|0|0.0042|0.0003|0.0000|-0.1439|0.0016||0.07|5|0.01|14
GME211203P00370000||||136.05|136.05|38|0.00|0.0000|0|1|0|0|-0.9998|0.0000|-0.0203|-0.0052|0.0001||191.00|12|187.55|15
GME211203C00380000|0.06|0.06|0.04|0.10|0.04|39|-0.06|-0.6000|15|101|1|2|0.0047|0.0003|0.0000|-0.1676|0.0018||0.07|10|0.01|17
GME211203P00380000||||170.35|170.35|39|0.00|0.0000|0|0|0|0|-0.9978|0.0002|-0.0208|-0.0774|0.0009||201.00|12|197.55|15
GME211203C00390000|0.02|0.02|0.02|0.09|0.02|40|-0.07|-0.7778|9|91|2|2|0.0018|0.0001|0.0000|-0.0677|0.0008||0.07|7|0.00|0
GME211203P00390000||||||40||||0|0|0|-1.0000|0.0000|-0.0214|0.0012|0.0000||211.00|12|207.55|12
GME211203C00400000|0.04|0.06|0.01|0.07|0.01|41|-0.06|-0.8571|-34|2449|1|47|0.0010|0.0001|0.0000|-0.0368|0.0004||0.05|1|0.01|12
GME211203P00400000||||215.38|215.38|41|0.00|0.0000|-10|0|0|0|-0.9999|0.0000|-0.0219|-0.0010|0.0000||221.00|12|217.45|12
GME211203C00410000|0.05|0.05|0.02|0.05|0.03|42|-0.02|-0.4000|-2|1055|2|37|0.0025|0.0002|0.0000|-0.0962|0.0010||0.04|1|0.03|5
GME211203P00410000||||||42||||0|0|0|-1.0000|0.0000|-0.4380|0.0013|0.0000||231.00|12|227.55|12
GME211203C00420000|0.04|0.04|0.01|0.05|0.01|43|-0.04|-0.8000|7|231|9|14|0.0030|0.0002|0.0000|-0.1185|0.0012||0.06|1|0.00|0
GME211203P00420000||||||43||||0|0|0|-1.0000|0.0000|-0.0230|0.0013|0.0000||241.00|12|237.00|13
GME211203C00430000||||0.03|0.03|44|0.00|0.0000|21|70|0|0|0.0024|0.0001|0.0000|-0.1006|0.0010||0.23|17|0.01|6
GME211203P00430000||||||44||||0|0|0|-1.0000|0.0000|-0.0236|0.0013|0.0000||251.00|12|247.05|12
GME211203C00440000|0.08|0.08|0.08|0.05|0.08|45|0.03|0.6000|1|70|1|1|0.0051|0.0003|0.0000|-0.2184|0.0020||0.09|1|0.01|11
GME211203P00440000||||||45||||0|0|0|-1.0000|0.0000|-0.0241|0.0014|0.0000||261.00|12|257.05|12
GME211203C00450000|0.02|0.02|0.01|0.03|0.01|46|-0.02|-0.6667|5|483|9|15|0.0009|0.0001|0.0000|-0.0374|0.0004||0.11|1|0.01|15
GME211203P00450000||||||46||||0|0|0|-1.0000|0.0000|-0.0247|0.0014|0.0000||271.00|12|267.05|12
GME211203C00460000|0.11|0.11|0.01|0.02|0.01|47|-0.01|-0.5000|-1|59|1|6|0.0009|0.0001|0.0000|-0.0412|0.0004||0.05|1|0.01|1
GME211203P00460000||||||47||||0|0|0|-1.0000|0.0000|-0.0252|0.0014|0.0000||281.00|12|277.10|9
GME211203C00470000|0.01|0.01|0.01|0.07|0.01|48|-0.06|-0.8571|-57|191|9|9|0.0046|0.0002|0.0000|-0.2066|0.0018||0.05|1|0.01|9
GME211203P00470000||||||48||||0|0|0|-1.0000|0.0000|-0.0258|0.0014|0.0000||291.00|12|287.05|5
GME211203C00480000|0.05|0.06|0.05|0.04|0.06|49|0.02|0.5000|1|91|1|2|0.0038|0.0002|0.0000|-0.1756|0.0015||0.10|1|0.00|0
GME211203P00480000||||||49||||0|0|0|-1.0000|0.0000|-0.5128|0.0015|0.0000||301.00|12|297.10|9
GME211203C00490000||||0.06|0.06|50|0.00|0.0000|16|250|0|0|0.0037|0.0002|0.0000|-0.1757|0.0015||0.04|1|0.01|1
GME211203P00490000||||||50||||0|0|0|-1.0000|0.0000|-0.5235|0.0015|0.0000||311.00|10|306.30|12
GME211203C00500000|0.05|0.05|0.01|0.05|0.01|51|-0.04|-0.8000|1|1370|2|21|0.0009|0.0001|0.0000|-0.0411|0.0004||0.05|5|0.01|4
GME211203P00500000||||||51||||0|0|0|-1.0000|0.0000|-0.0274|0.0015|0.0000||321.00|10|316.30|12
GME211203C00510000|0.04|0.10|0.01|0.05|0.01|52|-0.04|-0.8000|217|5698|25|575|0.0008|0.0000|0.0000|-0.0378|0.0004||0.02|24|0.01|16
GME211203P00510000||||||52||||0|0|0|-1.0000|0.0000|-0.0279|0.0016|0.0000||331.00|12|326.30|12
GME211210C00100000||||86.01|86.01|14|0.00|0.0000|0|1|0|0|0.8637|0.0010|0.0560|-0.5316|0.1402||83.25|9|79.75|12
GME211210P00100000|0.57|0.79|0.34|0.57|0.48|14|-0.09|-0.1579|65|210|1|47|-0.0190|0.0008|-0.0010|-0.1431|0.0131||0.48|14|0.38|1
GME211210C00110000||||76.13|76.13|13|0.00|0.0000|0|2|0|0|0.8995|0.0020|0.0214|-0.8556|0.0502||73.05|12|69.90|12
GME211210P00110000|0.85|0.85|0.64|0.71|0.69|13|-0.02|-0.0282|50|206|1|10|-0.0285|0.0013|-0.0014|-0.1843|0.0185||0.90|47|0.44|93
GME211210C00120000||||76.03|76.03|12|0.00|0.0000|0|1|0|0|0.8307|0.0021|0.0183|-1.6738|0.0719||63.35|12|60.20|12
GME211210P00120000|0.60|1.31|0.60|0.95|1.10|12|0.15|0.1579|2|96|1|174|-0.0461|0.0020|-0.0023|-0.2554|0.0274||1.20|61|0.74|104
GME211210C00130000||||||11||||0|0|0|1.0000|0.0000|0.0321|-0.0004|0.0000||53.85|17|50.80|22
GME211210P00130000|1.30|2.00|1.00|1.50|1.42|11|-0.08|-0.0533|20|431|3|81|-0.0651|0.0030|-0.0032|-0.2976|0.0359||1.64|22|1.27|11
GME211210C00140000||||56.44|56.44|10|0.00|0.0000|0|29|0|0|0.7736|0.0033|0.0205|-1.5372|0.0852||45.05|16|41.65|20
GME211210P00140000|2.30|3.20|1.75|2.49|2.38|10|-0.11|-0.0442|47|299|1|273|-0.1071|0.0045|-0.0053|-0.4179|0.0523||2.62|70|2.07|63
GME211210C00145000||||||9|||||0|0|1.0000|0.0000|0.0358|-0.0005|0.0000||39.90|4|37.35|25
GME211210P00145000|2.60|3.60|2.60|2.60|2.91|9|0.31|0.1192|||1|17|-0.1278|0.0055|-0.0063|-0.4418|0.0592||3.05|22|2.66|36
GME211210C00150000|37.50|37.50|34.20|47.05|34.20|8|-12.85|-0.2731|0|19|1|2|0.7780|0.0055|0.0251|-0.8883|0.0842||35.85|13|33.10|21
GME211210P00150000|3.00|5.00|2.81|3.70|3.61|8|-0.09|-0.0243|51|220|1|470|-0.1699|0.0065|-0.0085|-0.5500|0.0716||3.95|71|3.40|72
GME211210C00155000||||58.70|58.70|7|0.00|0.0000|0|45|0|0|0.7144|0.0028|0.0173|-2.3327|0.0964||31.70|15|29.10|33
GME211210P00155000|4.95|6.40|4.10|4.95|4.55|7|-0.40|-0.0808|94|195|1|76|-0.1910|0.0078|-0.0095|-0.5295|0.0771||4.85|30|4.30|49
GME211210C00160000||||29.75|29.75|6|0.00|0.0000|0|204|0|0|0.7155|0.0068|0.0243|-0.9388|0.0960||27.50|10|25.30|39
GME211210P00160000|5.00|8.20|5.00|6.00|6.00|6|0.00|0.0000|153|386|1|226|-0.2457|0.0084|-0.0125|-0.6584|0.0893||6.30|63|5.50|61
GME211210C00165000|21.75|21.75|21.75|23.22|21.75|5|-1.47|-0.0633|2|2|1|1|0.7118|0.0096|0.0261|-0.6746|0.0968||24.10|10|21.80|32
GME211210P00165000|7.65|10.05|6.48|7.75|7.50|5|-0.25|-0.0323|18|320|1|90|-0.3343|0.0045|-0.1060|-0.3232|0.2336||7.80|56|6.95|75
GME211210C00170000|24.00|24.00|17.52|20.07|21.00|4|0.93|0.0463|11|16|2|17|0.6446|0.0042|0.0968|-0.3596|0.2390||20.80|18|18.65|38
GME211210P00170000|8.54|12.29|7.15|8.90|9.05|4|0.15|0.0169|-2|360|10|211|-0.3424|0.0103|-0.0175|-0.7251|0.1042||9.20|12|8.70|49
GME211210C00175000|19.14|19.20|13.80|18.40|19.20|3|0.80|0.0435|7|25|4|37|0.5962|0.0093|0.0218|-0.8965|0.1096||17.85|19|15.80|41
GME211210P00175000|9.55|15.25|9.50|11.66|11.65|3|-0.01|-0.0009|117|418|1|207|-0.4020|0.0108|-0.0207|-0.7703|0.1095||11.25|1|10.75|16
GME211210C00177500|16.27|16.27|16.26|16.27|16.26|2|-0.01|-0.0006|||1|2|0.5758|0.0099|0.0214|-0.8621|0.1111||16.50|18|14.70|43
GME211210P00177500|11.31|16.03|11.00|11.31|12.30|2|0.99|0.0875|||1|43|-0.3940|0.0047|-0.1286|-0.3457|0.2469||12.70|32|11.90|36
GME211210C00180000|14.20|18.25|11.72|14.75|13.85|1|-0.90|-0.0610|58|79|4|277|0.5474|0.0110|0.0208|-0.7908|0.1124||15.30|51|14.05|30
GME211210P00180000|13.00|17.50|11.63|14.30|13.50|1|-0.80|-0.0559|117|606|1|224|-0.4542|0.0116|-0.0235|-0.7520|0.1124||13.90|21|13.05|44
GME211210C00182500|15.85|15.85|10.82|15.85|12.75|1|-3.10|-0.1956|||1|45|0.5119|0.0116|0.0196|-0.7591|0.1129||14.00|18|12.40|44
GME211210P00182500|14.38|19.00|14.17|14.38|14.87|1|0.49|0.0341|||2|31|-0.4980|0.0136|-0.0253|-0.6481|0.1129||15.50|16|14.25|19
GME211210C00185000|15.95|15.95|9.20|12.60|12.00|2|-0.60|-0.0476|53|108|1|62|0.5745|0.0046|0.0904|-0.3647|0.2515||12.80|33|11.60|47
GME211210P00185000|14.53|20.50|14.50|17.01|17.50|2|0.49|0.0288|61|358|2|41|-0.4983|0.0095|-0.0269|-0.9278|0.1129||17.20|38|15.80|11
GME211210C00187500|15.35|15.35|9.15|11.00|12.20|3|1.20|0.1091|9|19|1|22|0.5711|0.0043|0.0881|-0.3885|0.2519||11.95|22|10.35|51
GME211210P00187500|16.10|18.90|16.10|15.45|17.94|3|2.49|0.1612|45|127|1|7|-0.5502|0.0121|-0.0287|-0.7193|0.1120||18.75|43|17.15|19
GME211210C00190000|12.50|13.20|8.50|10.75|10.40|4|-0.35|-0.0326|10|96|1|138|0.4359|0.0111|0.0169|-0.7732|0.1117||11.00|57|9.75|54
GME211210P00190000|20.96|23.00|17.84|21.52|20.25|4|-1.27|-0.0590|50|428|1|16|-0.5577|0.0104|-0.0299|-0.8308|0.1117||20.40|31|18.65|19
GME211210C00192500|11.15|11.65|7.78|9.50|9.65|5|0.15|0.0158|33|65|2|33|0.5355|0.0048|0.0867|-0.3552|0.2550||10.20|57|8.95|36
GME211210P00192500|18.46|21.38|18.46|22.09|21.00|5|-1.09|-0.0493|14|86|2|26|-0.5866|0.0108|-0.0314|-0.7796|0.1105||22.10|37|20.25|14
GME211210C00195000|10.22|11.43|7.00|9.70|9.00|6|-0.70|-0.0722|76|134|1|194|0.4080|0.0096|0.0156|-0.8686|0.1101||9.20|6|8.35|44
GME211210P00195000|20.40|23.92|20.40|22.97|23.90|6|0.93|0.0405|41|190|1|83|-0.5970|0.0097|-0.0327|-0.8557|0.1096||23.85|28|22.25|1
GME211210C00197500|8.80|9.30|7.50|9.50|7.73|7|-1.77|-0.1863|10|46|1|21|0.3669|0.0103|0.0143|-0.7622|0.1068||8.65|52|7.50|67
GME211210P00197500||||19.25|19.25|7|0.00|0.0000|27|104|0|0|-0.7681|0.0150|-0.0390|-0.3444|0.0865||25.70|33|23.70|32
GME211210C00200000|8.80|10.00|6.00|7.80|7.40|8|-0.40|-0.0513|82|634|1|256|0.3571|0.0096|0.0138|-0.8027|0.1059||7.80|33|6.90|73
GME211210P00200000|25.18|31.28|24.10|27.05|28.01|8|0.96|0.0355|-20|659|10|40|-0.4859|0.0045|-0.1699|-0.3804|0.2558||27.50|32|25.55|46
GME211210C00202500|8.75|8.75|6.10|7.25|8.00|9|0.75|0.1034|3|67|1|22|0.3232|0.0098|0.0127|-0.7328|0.1019||7.35|19|6.35|69
GME211210P00202500|27.95|27.95|27.95|26.32|27.95|9|1.63|0.0619|15|48|1|1|-0.6921|0.0102|-0.0377|-0.6755|0.0998||29.50|33|27.40|20
GME211210C00205000|7.30|7.44|5.28|6.79|5.86|10|-0.93|-0.1370|26|159|2|41|0.3269|0.0089|0.0127|-0.8146|0.1024||6.85|48|5.80|61
GME211210P00205000|27.42|32.21|26.88|31.25|28.67|10|-2.58|-0.0826|2|177|1|7|-0.7445|0.0103|-0.0403|-0.5561|0.0910||31.50|29|29.15|53
GME211210C00207500|5.55|7.35|5.10|5.55|5.49|11|-0.06|-0.0108|4|68|1|15|0.2909|0.0090|0.0114|-0.7276|0.0972||6.30|16|5.35|33
GME211210P00207500|29.52|32.00|29.52|28.58|31.10|11|2.52|0.0882|-5|18|1|3|-0.7852|0.0100|-0.0424|-0.4721|0.0827||33.55|34|31.25|25
GME211210C00210000|7.00|7.00|4.50|5.82|5.30|12|-0.52|-0.0893|10|309|1|58|0.2706|0.0086|0.0106|-0.7059|0.0937||5.75|32|4.95|63
GME211210P00210000|34.85|38.38|34.47|36.62|34.47|12|-2.15|-0.0587|-4|105|1|18|-0.7670|0.0091|-0.0425|-0.5687|0.0866||35.65|20|33.30|11
GME211210C00212500|6.00|6.00|4.40|5.55|4.92|13|-0.63|-0.1135|54|83|1|31|0.2546|0.0084|0.0100|-0.6834|0.0910||5.30|22|4.50|38
GME211210P00212500|33.64|37.87|33.64|32.63|37.87|13|5.24|0.1606|-1|38|2|3|-0.5227|0.0043|-0.1918|-0.4022|0.2556||37.80|26|35.40|16
GME211210C00215000|3.95|5.75|3.95|5.09|4.60|14|-0.49|-0.0963|6|165|1|35|0.2308|0.0081|0.0091|-0.6386|0.0861||4.95|14|4.25|44
GME211210P00215000|42.73|42.73|37.79|40.77|37.79|14|-2.98|-0.0731|-4|34|1|2|-0.8308|0.0083|-0.0461|-0.4269|0.0714||39.95|19|37.55|13
GME211210C00217500|5.45|5.45|4.28|5.55|4.50|15|-1.05|-0.1892|3|30|1|4|0.2297|0.0077|0.0091|-0.6663|0.0860||4.75|23|3.90|67
GME211210P00217500|42.22|42.22|42.22|28.08|42.22|15|14.14|0.5036|0|25|2|2|-0.9135|0.0067|-0.0500|-0.2069|0.0446||42.15|19|39.80|13
GME211210C00220000|5.00|5.35|3.57|4.80|3.80|16|-1.00|-0.2083|47|401|1|221|0.2068|0.0074|0.0082|-0.6108|0.0810||4.15|4|3.90|1
GME211210P00220000|39.30|42.63|39.30|42.99|42.22|16|-0.77|-0.0179|0|155|1|3|-0.8579|0.0073|-0.0484|-0.3844|0.0638||44.40|18|42.00|12
GME211210C00222500|4.55|4.55|3.50|4.14|3.75|17|-0.39|-0.0942|5|63|11|43|0.2001|0.0071|0.0079|-0.6161|0.0794||4.10|14|3.45|65
GME211210P00222500|46.47|46.97|46.47|33.35|46.97|17|13.62|0.4084|0|45|6|10|-0.7657|0.0069|-0.0458|-0.7555|0.0871||46.65|29|44.00|15
GME211210C00225000|4.28|4.60|3.20|4.05|3.39|18|-0.66|-0.1630|16|334|1|29|0.2065|0.0067|0.0081|-0.6724|0.0809||3.55|2|3.25|57
GME211210P00225000|47.35|47.35|47.35|47.49|47.35|18|-0.14|-0.0029|2|461|1|1|-0.8219|0.0068|-0.0484|-0.5578|0.0739||48.95|15|46.25|41
GME211210C00227500|4.25|4.25|3.22|3.65|3.35|19|-0.30|-0.0822|2|23|1|5|0.1638|0.0064|0.0065|-0.5303|0.0699||3.75|37|3.05|39
GME211210P00227500||||34.06|34.06|19|0.00|0.0000|0|35|0|0|-0.8309|0.0065|-0.2522|-0.1063|0.1619||51.25|25|48.70|6
GME211210C00230000|4.00|4.05|2.55|3.55|3.05|20|-0.50|-0.1408|9|393|1|35|0.1642|0.0061|0.0065|-0.5545|0.0700||3.45|15|2.96|27
GME211210P00230000||||41.51|41.51|20|0.00|0.0000|-1|38|0|0|-0.8894|0.0057|-0.0522|-0.3470|0.0536||53.60|18|51.00|10
GME211210C00232500|3.60|3.90|2.69|3.00|2.69|21|-0.31|-0.1033|-19|30|1|9|0.1575|0.0059|0.0062|-0.5487|0.0682||3.30|16|2.78|8
GME211210P00232500|56.09|56.09|56.09|49.93|56.09|21|6.16|0.1234|1|11|5|5|-0.9138|0.0050|-0.0538|-0.2735|0.0446||55.95|16|53.25|15
GME211210C00235000|3.40|3.55|2.49|3.15|2.74|22|-0.41|-0.1302|-30|902|3|40|0.1516|0.0057|0.0060|-0.5412|0.0666||3.15|16|2.57|75
GME211210P00235000|57.29|58.42|57.29|45.86|58.42|22|12.56|0.2739|0|36|5|6|-0.8103|0.0057|-0.0506|-0.7118|0.0767||58.30|24|55.55|15
GME211210C00237500|2.69|2.69|2.69|2.90|2.69|23|-0.21|-0.0724|0|18|1|3|0.1469|0.0054|0.0058|-0.5414|0.0652||2.95|6|2.37|63
GME211210P00237500||||48.03|48.03|23|0.00|0.0000|1|25|0|0|-0.9156|0.0046|-0.0551|-0.2883|0.0439||60.65|20|58.10|7
GME211210C00240000|2.82|3.60|2.47|2.84|2.49|24|-0.35|-0.1232|20|330|1|90|0.1386|0.0052|0.0055|-0.5236|0.0627||2.86|19|2.29|86
GME211210P00240000|58.15|58.15|58.15|45.67|58.15|24|12.48|0.2733|0|33|1|1|-0.8949|0.0048|-0.0549|-0.3831|0.0515||63.05|13|60.20|18
GME211210C00245000|3.23|3.23|2.20|2.56|2.22|25|-0.34|-0.1328|4|172|1|11|0.1244|0.0047|0.0049|-0.4932|0.0582||2.50|23|2.05|75
GME211210P00245000||||50.19|50.19|25|0.00|0.0000|0|23|0|0|-0.9873|0.0014|-0.0599|-0.0430|0.0093||67.80|17|65.20|5
GME211210C00250000|3.15|3.20|1.90|2.35|2.05|26|-0.30|-0.1277|-1|2190|4|241|0.1163|0.0044|0.0046|-0.4863|0.0554||2.25|9|2.05|1
GME211210P00250000||||60.35|60.35|26|0.00|0.0000|1|15|0|0|-0.9767|0.0019|-0.0607|-0.0862|0.0157||72.60|24|69.80|6
GME211210C00255000|2.37|2.37|1.80|2.20|2.00|27|-0.20|-0.0909|12|65|2|19|0.1078|0.0040|0.0043|-0.4714|0.0524||2.16|4|1.78|67
GME211210P00255000||||40.40|40.40|27|0.00|0.0000|0|5|0|0|-0.9988|0.0002|-0.0628|-0.0038|0.0012||77.50|15|74.70|14
GME211210C00260000|3.10|3.10|1.65|2.20|1.77|28|-0.43|-0.1955|-16|936|3|92|0.1000|0.0038|0.0040|-0.4550|0.0498||1.97|4|1.76|12
GME211210P00260000||||69.85|69.85|28|0.00|0.0000|1|22|0|0|-0.9769|0.0017|-0.0631|-0.0954|0.0155||82.40|13|79.70|8
GME211210C00270000|2.00|2.02|1.48|1.82|1.66|29|-0.16|-0.0879|16|220|1|14|0.0894|0.0033|0.0035|-0.4404|0.0459||1.73|12|1.40|69
GME211210P00270000||||75.18|75.18|29|0.00|0.0000|0|14|0|0|-0.9392|0.0028|-0.0641|-0.2910|0.0341||92.15|13|89.35|14
GME211210C00280000|1.83|1.83|1.19|1.50|1.45|30|-0.05|-0.0333|22|226|3|33|0.3550|0.0032|0.0554|-0.4645|0.2389||1.54|7|1.27|64
GME211210P00280000||||84.53|84.53|30|0.00|0.0000|0|1|0|0|-0.9503|0.0023|-0.0670|-0.2542|0.0291||102.05|18|99.35|8
GME211210C00290000|1.45|1.47|1.22|1.49|1.25|31|-0.24|-0.1611|9|150|10|34|0.0685|0.0025|0.0027|-0.3842|0.0375||1.34|1|1.20|6
GME211210P00290000||||82.25|82.25|31|0.00|0.0000|0|7|0|0|-0.9960|0.0004|-0.0713|-0.0197|0.0034||111.90|19|109.35|5
GME211210C00300000|1.28|1.36|1.05|1.24|1.10|32|-0.14|-0.1129|-171|876|1|343|0.0621|0.0023|0.0024|-0.3692|0.0347||1.19|13|1.08|5
GME211210P00300000||||76.00|76.00|32|0.00|0.0000|0|14|0|0|-0.9993|0.0001|-0.0739|-0.0027|0.0007||121.75|16|119.20|5
GME211210C00310000|1.10|1.10|0.95|1.06|1.01|33|-0.05|-0.0472|3|156|1|117|0.0536|0.0020|0.0021|-0.3348|0.0309||1.11|7|0.95|21
GME211210P00310000||||83.61|83.61|33|0.00|0.0000|0|4|0|0|-0.8872|0.0028|-0.3690|-0.1436|0.1229||131.65|13|128.85|13
GME211210C00320000|1.00|1.00|0.93|0.99|0.93|34|-0.06|-0.0606|11|274|1|6|0.0488|0.0018|0.0019|-0.3199|0.0287||1.11|18|0.82|19
GME211210P00320000||||89.47|89.47|34|0.00|0.0000|0|3|0|0|-0.9999|0.0000|-0.0789|0.0005|0.0001||141.55|12|138.75|12
GME211210C00330000|0.89|0.92|0.80|1.05|0.80|35|-0.25|-0.2381|26|263|1|24|0.0477|0.0017|0.0019|-0.3274|0.0283||1.00|33|0.70|76
GME211210P00330000||||||35||||0|0|0|-1.0000|0.0000|-0.0814|0.0011|0.0000||151.45|12|148.75|4
GME211210C00340000|0.80|0.84|0.75|0.87|0.75|36|-0.12|-0.1379|2|88|2|14|0.0388|0.0014|0.0015|-0.2767|0.0238||0.80|5|0.67|20
GME211210P00340000||||||36||||0|0|0|-1.0000|0.0000|-0.0838|0.0011|0.0000||161.40|12|157.85|5
GME211210C00350000|1.05|1.05|0.67|0.76|0.72|37|-0.04|-0.0526|-501|388|1|51|0.0352|0.0013|0.0014|-0.2606|0.0220||0.72|16|0.63|2
GME211210P00350000||||||37||||0|0|0|-1.0000|0.0000|-0.0863|0.0011|0.0000||171.30|3|167.85|3
GME211210C00360000|0.62|0.68|0.61|0.63|0.61|38|-0.02|-0.0317|5|87|1|5|0.0346|0.0012|0.0014|-0.2659|0.0217||0.70|1|0.46|53
GME211210P00360000||||||38||||0|0|0|-1.0000|0.0000|-0.0888|0.0012|0.0000||181.25|12|177.85|12
GME211210C00370000||||0.75|0.75|39|0.00|0.0000|-3|21|0|0|0.0358|0.0012|0.0014|-0.2855|0.0223||0.66|14|0.46|35
GME211210P00370000||||||39||||0|0|0|-1.0000|0.0000|-0.0912|0.0012|0.0000||191.20|12|187.80|12
GME211210C00380000|0.62|0.62|0.54|0.52|0.54|40|0.02|0.0385|6|51|1|4|0.0309|0.0011|0.0012|-0.2535|0.0198||0.62|20|0.46|24
GME211210P00380000||||||40||||0|0|0|-1.0000|0.0000|-0.0937|0.0012|0.0000||201.15|12|197.80|10
GME211210C00390000|0.55|0.55|0.49|0.59|0.49|41|-0.10|-0.1695|3|47|1|5|0.0272|0.0009|0.0011|-0.2297|0.0177||0.52|9|0.41|10
GME211210P00390000||||||41||||0|0|0|-1.0000|0.0000|-0.0962|0.0013|0.0000||211.10|12|207.75|12
GME211210C00400000|0.72|0.72|0.38|0.57|0.42|42|-0.15|-0.2632|-207|426|1|77|0.0225|0.0008|0.0009|-0.1955|0.0153||0.48|14|0.42|63
GME211210P00400000||||||42||||0|0|0|-1.0000|0.0000|-0.5040|0.0013|0.0000||221.05|12|217.75|12
GME211210C00410000|0.49|0.49|0.36|0.38|0.36|43|-0.02|-0.0526|6|52|1|2|0.0202|0.0007|0.0008|-0.1798|0.0138||0.40|3|0.32|12
GME211210P00410000||||||43||||0|0|0|-1.0000|0.0000|-0.1011|0.0013|0.0000||231.00|12|227.75|12
GME211210C00420000|0.50|0.55|0.45|0.42|0.45|44|0.03|0.0714|11|169|1|5|0.0223|0.0008|0.0009|-0.2040|0.0150||0.44|21|0.28|12
GME211210P00420000||||||44||||0|0|0|-1.0000|0.0000|-0.1036|0.0014|0.0000||241.00|12|237.70|12
GME211210C00430000|0.34|0.40|0.31|0.38|0.40|45|0.02|0.0526|17|42|1|302|0.2888|0.0022|0.0414|-0.5858|0.2192||0.43|1|0.33|2
GME211210P00430000||||||45||||0|0|0|-1.0000|0.0000|-0.1060|0.0014|0.0000||250.95|12|247.60|12
GME211210C00440000|0.52|0.52|0.32|0.30|0.36|46|0.06|0.2000|0|33|4|38|0.0183|0.0006|0.0007|-0.1751|0.0127||0.44|28|0.18|59
GME211210P00440000||||||46||||0|0|0|-1.0000|0.0000|-0.1085|0.0014|0.0000||260.90|12|256.95|3
GME211210C00450000|0.24|0.37|0.23|0.31|0.37|47|0.06|0.1935|6|98|1|214|0.0188|0.0006|0.0007|-0.1849|0.0130||0.44|28|0.27|2
GME211210P00450000||||||47||||0|0|0|-1.0000|0.0000|-0.1110|0.0015|0.0000||270.90|12|266.95|2
GME211210C00460000|0.30|0.30|0.30|0.27|0.30|48|0.03|0.1111|1|18|3|3|0.0138|0.0005|0.0005|-0.1382|0.0100||0.40|27|0.18|22
GME211210P00460000||||||48||||0|0|0|-1.0000|0.0000|-0.1134|0.0015|0.0000||281.20|20|276.95|4
GME211210C00470000|0.34|0.34|0.34|0.28|0.34|49|0.06|0.2143|3|15|1|1|0.0168|0.0006|0.0007|-0.1724|0.0119||0.40|31|0.14|21
GME211210P00470000||||||49||||0|0|0|-1.0000|0.0000|-0.5922|0.0015|0.0000||290.85|12|286.95|6
GME211210C00480000|0.40|0.40|0.40|0.25|0.40|50|0.15|0.6000|7|32|1|1|0.0188|0.0006|0.0007|-0.1971|0.0131||0.36|12|0.13|13
GME211210P00480000||||||50||||0|0|0|-1.0000|0.0000|-0.1184|0.0016|0.0000||300.80|12|296.95|4
GME211210C00490000|0.30|0.35|0.24|0.40|0.24|51|-0.16|-0.4000|4|91|2|16|0.0125|0.0004|0.0005|-0.1322|0.0092||0.31|2|0.11|10
GME211210P00490000||||||51||||0|0|0|-1.0000|0.0000|-0.1208|0.0016|0.0000||310.80|4|306.95|4
GME211210C00500000|0.38|0.38|0.19|0.38|0.22|52|-0.16|-0.4211|-12|856|1|38|0.0127|0.0004|0.0005|-0.1372|0.0093||0.26|11|0.22|1
GME211210P00500000||||||52||||0|0|0|-1.0000|0.0000|-0.1233|0.0016|0.0000||320.80|1|316.95|20
GME211210C00510000|0.55|0.55|0.11|0.37|0.23|53|-0.14|-0.3784|139|2025|2|243|0.0113|0.0004|0.0004|-0.1245|0.0085||0.26|13|0.20|1
GME211210P00510000||||||53||||0|0|0|-1.0000|0.0000|-0.6426|0.0017|0.0000||330.75|2|326.95|10
GME211217C00080000|94.56|94.56|94.56|110.26|94.56|20|-15.70|-0.1424|0|1|1|1|0.9069|0.0010|0.0223|-0.9105|0.0628||103.15|9|99.65|12
GME211217P00080000|0.47|0.47|0.32|0.30|0.35|20|0.05|0.1667|26|349|3|8|-0.0112|0.0004|-0.0010|-0.0648|0.0111||0.50|43|0.24|28
GME211217C00085000||||95.85|95.85|19|0.00|0.0000|0|1|0|0|0.9710|0.0008|0.0345|-0.1680|0.0250||98.45|10|94.70|12
GME211217P00085000|0.45|0.45|0.42|0.35|0.43|19|0.08|0.2286|1|122|2|5|-0.0138|0.0005|-0.0013|-0.0743|0.0133||0.45|1|0.32|1
GME211217C00090000||||137.00|137.00|18|0.00|0.0000|0|4|0|0|0.9033|0.0005|0.0115|-1.7848|0.0646||93.30|9|89.80|12
GME211217P00090000|0.49|0.53|0.49|0.46|0.53|18|0.07|0.1522|0|66|1|5|-0.0167|0.0006|-0.0015|-0.0832|0.0157||0.67|45|0.40|43
GME211217C00100000|79.94|79.94|79.69|114.96|79.69|17|-35.27|-0.3068|0|49|1|2|0.9988|0.0001|0.0437|-0.0048|0.0015||82.75|4|79.95|15
GME211217P00100000|0.80|0.81|0.50|0.78|0.67|17|-0.11|-0.1410|126|869|1|480|-0.0014|0.0001|-0.0001|-0.0054|0.0018||0.79|19|0.60|23
GME211217C00105000||||66.05|66.05|16|0.00|0.0000|0|1|0|0|0.9978|0.0002|0.0458|-0.0081|0.0026||78.10|12|75.05|12
GME211217P00105000|0.87|0.95|0.86|0.78|0.86|16|0.08|0.1026|-2|89|2|56|-0.0025|0.0002|-0.0002|-0.0086|0.0029||0.98|52|0.71|53
GME211217C00110000||||73.25|73.25|15|0.00|0.0000|0|1|0|0|0.9964|0.0003|0.0479|-0.0120|0.0041||73.30|12|70.25|12
GME211217P00110000|0.89|1.40|0.89|0.82|1.03|15|0.21|0.2561|2|375|100|257|-0.0045|0.0004|-0.0004|-0.0146|0.0050||1.18|58|0.87|63
GME211217C00115000||||112.11|112.11|14|0.00|0.0000|0|2|0|0|0.9945|0.0005|0.0499|-0.0169|0.0059||68.45|12|65.45|12
GME211217P00115000|1.34|1.45|1.34|0.68|1.45|14|0.77|1.1324|0|148|5|17|-0.0080|0.0006|-0.0007|-0.0241|0.0083||1.37|51|1.07|60
GME211217C00120000||||64.15|64.15|13|0.00|0.0000|24|51|0|0|0.9898|0.0008|0.0517|-0.0286|0.0103||63.60|14|60.75|13
GME211217P00120000|1.37|1.55|1.37|1.34|1.45|13|0.11|0.0821|17|153|1|11|-0.0130|0.0010|-0.0011|-0.0363|0.0127||1.65|52|1.30|94
GME211217C00125000||||79.68|79.68|12|0.00|0.0000|0|35|0|0|0.8959|0.0030|0.1490|-0.1048|0.1245||59.00|14|56.10|13
GME211217P00125000|1.55|1.88|1.55|1.56|1.88|12|0.32|0.2051|-4|205|3|6|-0.0229|0.0016|-0.0020|-0.0590|0.0205||2.06|76|1.56|101
GME211217C00130000||||55.70|55.70|11|0.00|0.0000|0|10|0|0|0.8754|0.0034|0.1497|-0.1176|0.1414||54.60|14|51.55|25
GME211217P00130000|1.86|2.65|1.80|2.20|2.21|11|0.01|0.0045|9|195|1|35|-0.0343|0.0022|-0.0029|-0.0820|0.0288||2.52|65|1.93|114
GME211217C00135000||||90.47|90.47|10|0.00|0.0000|0|3|0|0|0.9526|0.0030|0.0551|-0.1034|0.0374||49.85|14|47.10|24
GME211217P00135000|2.62|2.71|2.62|2.75|2.71|10|-0.04|-0.0145|0|140|1|2|-0.0520|0.0031|-0.0045|-0.1131|0.0402||2.99|61|2.44|53
GME211217C00140000|40.15|40.15|40.15|47.75|40.15|9|-7.60|-0.1592|1|146|1|1|0.8257|0.0043|0.1479|-0.1456|0.1771||45.45|8|42.80|60
GME211217P00140000|3.26|4.39|3.00|3.21|3.50|9|0.29|0.0903|11|549|5|320|-0.0757|0.0042|-0.0065|-0.1514|0.0538||3.65|76|3.15|38
GME211217C00145000||||96.94|96.94|8|0.00|0.0000|0|57|0|0|0.9017|0.0052|0.0550|-0.1800|0.0656||41.30|13|38.65|48
GME211217P00145000|4.18|4.18|3.35|4.15|4.02|8|-0.13|-0.0313|16|211|1|26|-0.1080|0.0054|-0.0094|-0.1991|0.0700||4.70|121|3.90|92
GME211217C00150000||||35.85|35.85|7|0.00|0.0000|0|71|0|0|0.8613|0.0066|0.0537|-0.2307|0.0835||37.20|7|34.70|51
GME211217P00150000|4.25|6.92|4.00|5.25|5.20|7|-0.05|-0.0095|86|1619|1|233|-0.1439|0.0066|-0.0126|-0.2424|0.0856||5.35|22|5.00|15
GME211217C00155000|35.95|35.95|30.10|42.74|30.10|6|-12.64|-0.2957|0|11|1|2|0.7348|0.0054|0.1384|-0.1872|0.2257||33.45|19|30.95|47
GME211217P00155000|4.10|8.13|4.10|6.88|6.54|6|-0.34|-0.0494|13|308|2|26|-0.1853|0.0079|-0.0163|-0.2835|0.1008||6.90|80|6.20|4
GME211217C00160000|25.00|27.70|25.00|38.33|27.70|5|-10.63|-0.2773|-1|97|1|2|0.7754|0.0091|0.0503|-0.3090|0.1133||29.85|14|27.45|73
GME211217P00160000|6.80|10.00|6.40|8.40|7.94|5|-0.46|-0.0548|26|650|2|1014|-0.2337|0.0090|-0.0207|-0.3252|0.1156||8.20|40|7.70|1
GME211217C00165000|24.60|24.60|24.60|34.08|24.60|4|-9.48|-0.2782|0|82|1|1|0.7197|0.0101|0.0473|-0.3524|0.1274||26.60|18|24.20|75
GME211217P00165000|8.60|10.85|8.60|10.05|9.36|4|-0.69|-0.0687|22|307|1|12|-0.2832|0.0099|-0.0254|-0.3631|0.1280||10.25|80|9.35|23
GME211217C00170000||||23.22|23.22|3|0.00|0.0000|-2|117|0|0|0.6619|0.0108|0.0440|-0.3875|0.1383||23.55|7|21.25|86
GME211217P00170000|11.28|14.80|10.85|11.92|11.40|3|-0.52|-0.0436|291|1083|5|92|-0.3443|0.0106|-0.0311|-0.3989|0.1389||12.20|64|11.30|40
GME211217C00175000|21.90|21.90|16.27|21.60|20.50|2|-1.10|-0.0509|-22|188|1|11|0.6046|0.0063|0.1196|-0.2227|0.2653||21.00|62|18.60|96
GME211217P00175000|15.80|16.43|12.98|14.30|13.10|2|-1.20|-0.0839|18|703|2|22|-0.3968|0.0111|-0.0362|-0.4174|0.1458||14.65|78|13.45|72
GME211217C00180000|21.00|21.00|14.24|17.51|19.00|1|1.49|0.0851|17|465|1|51|0.5536|0.0117|0.0378|-0.4189|0.1501||18.20|10|16.20|138
GME211217P00180000|15.35|20.86|15.00|17.60|17.00|1|-0.60|-0.0341|199|1062|7|41|-0.4589|0.0115|-0.0422|-0.4274|0.1498||17.25|81|15.95|28
GME211217C00185000|17.00|18.25|12.92|16.00|15.00|1|-1.00|-0.0625|13|268|1|30|0.4864|0.0118|0.0334|-0.4227|0.1508||16.00|28|14.20|134
GME211217P00185000|17.32|23.60|17.00|19.85|19.44|1|-0.41|-0.0207|1|269|1|63|-0.4570|0.0063|-0.1598|-0.2352|0.2732||20.20|72|18.55|54
GME211217C00187500|15.87|15.87|15.87|14.09|15.87|2|1.78|0.1263|15|39|1|2|0.4964|0.0084|0.0323|-0.5949|0.1509||15.00|50|13.20|78
GME211217P00187500|20.48|20.48|19.77|21.85|19.77|2|-2.08|-0.0952|15|115|1|2|-0.5139|0.0089|-0.0502|-0.5566|0.1505||21.75|69|20.05|43
GME211217C00190000|15.00|16.15|10.20|13.65|13.36|3|-0.29|-0.0212|83|239|1|107|0.4270|0.0115|0.0295|-0.4177|0.1480||14.00|63|12.85|70
GME211217P00190000|20.10|26.92|20.10|22.75|22.61|3|-0.14|-0.0062|3|450|1|18|-0.5695|0.0113|-0.0536|-0.4279|0.1483||23.35|69|21.55|57
GME211217C00192500|12.74|12.74|12.50|12.10|12.50|4|0.40|0.0331|20|28|1|2|0.4319|0.0095|0.0290|-0.5082|0.1484||13.00|50|11.85|52
GME211217P00192500||||24.70|24.70|4|0.00|0.0000|7|112|0|0|-0.5648|0.0093|-0.0552|-0.5191|0.1486||25.05|71|23.05|46
GME211217C00195000|13.00|13.35|11.09|11.79|11.09|5|-0.70|-0.0594|18|148|1|8|0.3759|0.0110|0.0262|-0.4084|0.1432||12.15|13|10.75|103
GME211217P00195000|29.90|31.30|23.65|25.08|25.60|5|0.52|0.0207|8|423|1|145|-0.6200|0.0108|-0.0591|-0.4178|0.1437||26.20|4|25.45|1
GME211217C00197500|12.50|13.00|10.39|10.50|10.70|6|0.20|0.0190|33|38|1|45|0.3921|0.0093|0.0266|-0.4990|0.1453||11.35|39|10.30|69
GME211217P00197500||||27.65|27.65|6|0.00|0.0000|1|93|0|0|-0.5825|0.0082|-0.0590|-0.5783|0.1476||28.55|67|26.55|37
GME211217C00200000|11.05|12.80|8.47|10.50|10.21|7|-0.29|-0.0276|134|1099|1|1343|0.3338|0.0104|0.0234|-0.3979|0.1376||10.50|10|9.85|68
GME211217P00200000|28.60|32.77|28.10|28.61|29.00|7|0.39|0.0136|4|1921|1|10|-0.6645|0.0102|-0.0643|-0.4067|0.1376||29.90|17|28.15|68
GME211217C00202500|10.60|10.80|9.79|10.00|9.79|8|-0.21|-0.0210|5|18|1|31|0.4917|0.0048|0.0931|-0.3103|0.2747||10.00|41|9.05|62
GME211217P00202500||||24.10|24.10|8|0.00|0.0000|0|116|0|0|-0.7635|0.0116|-0.0716|-0.2549|0.1164||32.25|65|30.00|50
GME211217C00205000|10.00|10.05|7.47|9.40|8.50|9|-0.90|-0.0957|16|57|1|23|0.3503|0.0082|0.0237|-0.5207|0.1401||9.30|18|8.50|76
GME211217P00205000|36.08|36.08|33.98|33.95|33.98|9|0.03|0.0009|6|165|10|11|-0.6219|0.0075|-0.0650|-0.6021|0.1437||34.20|66|32.15|36
GME211217C00207500|10.20|10.20|7.35|9.03|8.90|10|-0.13|-0.0144|12|28|1|8|0.3408|0.0079|0.0229|-0.5326|0.1387||8.80|22|7.95|58
GME211217P00207500||||21.30|21.30|10|0.00|0.0000|0|181|0|0|-0.9511|0.0068|-0.0872|-0.0467|0.0382||36.20|67|34.05|40
GME211217C00210000|10.25|10.25|6.70|9.00|7.87|11|-1.13|-0.1256|323|845|1|38|0.2447|0.0090|0.0173|-0.3430|0.1186||8.30|38|7.45|97
GME211217P00210000|40.00|40.70|37.88|40.00|37.88|11|-2.12|-0.0530|7|226|1|7|-0.7502|0.0089|-0.0744|-0.3525|0.1199||38.25|52|36.10|9
GME211217C00212500|6.50|6.50|6.50|7.88|6.50|12|-1.38|-0.1751|1|22|1|1|0.2710|0.0081|0.0188|-0.4210|0.1253||7.80|14|6.85|89
GME211217P00212500|42.25|42.25|42.25|27.00|42.25|12|15.25|0.5648|0|59|4|4|-0.5105|0.0041|-0.2207|-0.3686|0.2747||40.30|53|37.90|33
GME211217C00215000|8.03|8.03|6.90|7.33|6.90|13|-0.43|-0.0587|3|93|1|5|0.4540|0.0045|0.0856|-0.3276|0.2730||7.40|40|6.65|60
GME211217P00215000|38.00|46.00|38.00|32.68|42.25|13|9.57|0.2928|0|99|1|4|-0.5569|0.0047|-0.2272|-0.3111|0.2720||42.40|55|40.05|16
GME211217C00217500|7.20|7.20|7.20|7.75|7.20|14|-0.55|-0.0710|18|38|1|1|0.2727|0.0073|0.0186|-0.4757|0.1257||7.00|18|6.30|50
GME211217P00217500|47.80|47.80|47.80|34.55|47.80|14|13.25|0.3835|0|23|1|1|-0.6385|0.0059|-0.0724|-0.7398|0.1417||44.55|52|42.25|12
GME211217C00220000|6.89|7.58|5.30|6.70|6.36|15|-0.34|-0.0507|257|1902|1|62|0.3544|0.0058|0.0744|-0.2261|0.2563||6.60|8|6.10|22
GME211217P00220000|46.55|46.55|46.55|42.02|46.55|15|4.53|0.1078|-1|445|1|1|-0.8136|0.0074|-0.0832|-0.3029|0.1012||46.70|52|44.10|49
GME211217C00222500|7.50|7.50|6.60|5.85|6.60|16|0.75|0.1282|1|67|1|4|0.2689|0.0066|0.0181|-0.5182|0.1245||6.30|13|5.65|60
GME211217P00222500|52.45|52.95|48.85|31.45|49.15|16|17.70|0.5628|0|10|2|15|-0.7409|0.0067|-0.0800|-0.4910|0.1222||48.85|47|46.55|11
GME211217C00225000|6.35|6.35|5.50|6.00|5.80|17|-0.20|-0.0333|6|105|1|19|0.2381|0.0065|0.0162|-0.4582|0.1168||6.00|19|5.40|34
GME211217P00225000|48.50|48.50|48.50|32.35|48.50|17|16.15|0.4992|0|31|1|2|-0.8150|0.0067|-0.0856|-0.3305|0.1007||51.10|47|48.75|10
GME211217C00227500|5.60|5.60|5.60|5.85|5.60|18|-0.25|-0.0427|-1|8|1|1|0.2400|0.0063|0.0163|-0.4831|0.1173||5.75|58|5.15|49
GME211217P00227500||||48.05|48.05|18|0.00|0.0000|17|60|0|0|-0.9225|0.0052|-0.0940|-0.1261|0.0548||53.35|46|50.80|27
GME211217C00230000|5.65|6.40|4.85|5.33|5.04|19|-0.29|-0.0544|-3|431|5|39|0.1396|0.0061|0.0100|-0.2532|0.0843||5.45|18|4.95|48
GME211217P00230000|54.21|54.21|54.21|49.83|54.21|19|4.38|0.0879|-10|63|1|1|-0.8620|0.0060|-0.0910|-0.2532|0.0832||55.55|46|53.20|7
GME211217C00232500|4.50|4.50|4.45|5.20|4.45|20|-0.75|-0.1442|3|80|1|3|0.1871|0.0059|0.0130|-0.3801|0.1015||5.20|6|4.65|42
GME211217P00232500||||53.30|53.30|20|0.00|0.0000|0|19|0|0|-0.9117|0.0051|-0.0955|-0.1578|0.0605||57.90|45|55.40|6
GME211217C00235000|5.70|5.70|5.14|4.79|5.14|21|0.35|0.0731|17|74|1|6|0.2206|0.0057|0.0149|-0.4820|0.1122||4.95|9|4.50|51
GME211217P00235000||||54.70|54.70|21|0.00|0.0000|43|60|0|0|-0.6487|0.0047|-0.2707|-0.2758|0.2555||60.20|47|57.75|7
GME211217C00240000|4.37|4.78|4.21|4.70|4.21|22|-0.49|-0.1043|-4|308|5|75|0.0950|0.0046|0.0068|-0.1930|0.0638||4.65|15|4.15|41
GME211217P00240000|65.50|65.50|65.50|65.23|65.50|22|0.27|0.0041|8|54|1|1|-0.8956|0.0048|-0.0977|-0.2123|0.0685||64.80|16|62.25|5
GME211217C00245000|4.75|4.75|3.95|4.10|3.95|23|-0.15|-0.0366|5|87|1|155|0.1924|0.0051|0.0130|-0.4617|0.1035||4.25|22|3.85|59
GME211217P00245000|71.40|71.40|71.40|56.01|71.40|23|15.39|0.2748|-5|49|2|5|-0.7767|0.0050|-0.0926|-0.5563|0.1127||69.50|29|66.80|14
GME211217C00250000|4.46|4.75|3.45|4.00|3.70|24|-0.30|-0.0750|14|1169|1|107|0.0727|0.0037|0.0053|-0.1613|0.0525||3.90|5|3.60|18
GME211217P00250000||||73.53|73.53|24|0.00|0.0000|-1|56|0|0|-0.9253|0.0037|-0.1042|-0.1664|0.0534||74.25|25|71.30|30
GME211217C00255000|3.60|3.60|3.41|3.60|3.41|25|-0.19|-0.0528|-1|355|1|3|0.1565|0.0044|0.0107|-0.4044|0.0905||3.80|51|3.40|1
GME211217P00255000||||39.75|39.75|25|0.00|0.0000|0|5|0|0|-0.9987|0.0002|-0.1117|-0.0018|0.0016||79.05|17|76.15|7
GME211217C00260000|3.55|3.85|3.20|3.59|3.25|26|-0.34|-0.0947|30|516|2|35|0.0499|0.0027|0.0036|-0.1209|0.0389||3.50|39|3.10|37
GME211217P00260000|78.20|78.20|78.20|72.05|78.20|26|6.15|0.0854|0|21|1|1|-0.9446|0.0029|-0.1099|-0.1336|0.0425||83.85|22|80.75|30
GME211217C00270000|3.25|3.25|2.85|3.19|2.94|27|-0.25|-0.0784|18|541|1|227|0.0364|0.0021|0.0026|-0.0955|0.0301||3.15|50|2.74|83
GME211217P00270000||||65.35|65.35|27|0.00|0.0000|0|49|0|0|-0.9599|0.0022|-0.1154|-0.1048|0.0326||93.50|15|90.75|5
GME211217C00280000|3.29|3.29|2.57|2.55|2.57|28|0.02|0.0078|7|2032|100|209|0.1826|0.0037|0.0392|-0.1790|0.1824||2.85|29|2.40|101
GME211217P00280000||||91.00|91.00|28|0.00|0.0000|0|10|0|0|-0.9690|0.0017|-0.1205|-0.0865|0.0265||103.30|25|100.55|6
GME211217C00290000|2.60|2.69|2.48|2.43|2.57|29|0.14|0.0576|3|522|1|45|0.1669|0.0034|0.0359|-0.1726|0.1723||2.55|12|2.19|73
GME211217P00290000||||68.50|68.50|29|0.00|0.0000|0|25|0|0|-0.9748|0.0014|-0.1253|-0.0749|0.0222||113.10|24|109.85|16
GME211217C00300000|2.55|2.60|2.04|2.35|2.14|30|-0.21|-0.0894|199|5147|1|758|0.1518|0.0032|0.0327|-0.1645|0.1618||2.20|2|2.10|4
GME211217P00300000|125.00|125.00|125.00|116.00|125.00|30|9.00|0.0776|0|20|4|5|-0.9821|0.0011|-0.1302|-0.0560|0.0166||122.90|23|119.85|6
GME211217C00310000|2.10|2.40|2.03|2.21|2.03|31|-0.18|-0.0814|-1|369|1|12|0.0117|0.0007|0.0009|-0.0393|0.0115||2.18|14|1.86|65
GME211217P00310000||||102.75|102.75|31|0.00|0.0000|0|3|0|0|-0.9856|0.0009|-0.1348|-0.0472|0.0138||132.75|13|129.60|1
GME211217C00320000|2.00|2.04|1.73|2.00|1.73|32|-0.27|-0.1350|4|407|1|46|0.0094|0.0006|0.0007|-0.0329|0.0095||2.09|77|1.76|60
GME211217P00320000||||96.00|96.00|32|0.00|0.0000|0|17|0|0|-0.9890|0.0007|-0.1395|-0.0378|0.0109||142.60|17|139.85|5
GME211217C00330000||||1.75|1.75|33|0.00|0.0000|28|213|0|0|0.1177|0.0025|0.0254|-0.1446|0.1359||1.90|43|1.59|66
GME211217P00330000||||159.50|159.50|33|0.00|0.0000|0|3|0|0|-0.9911|0.0005|-0.1440|-0.0316|0.0091||152.50|22|149.30|14
GME211217C00340000|2.00|2.00|1.60|1.53|1.60|34|0.07|0.0458|5|232|2|4|0.0059|0.0004|0.0004|-0.0227|0.0063||1.77|41|1.47|49
GME211217P00340000||||126.85|126.85|34|0.00|0.0000|0|7|0|0|-0.9930|0.0004|-0.1485|-0.0258|0.0074||162.40|27|159.30|14
GME211217C00350000|1.75|1.84|1.50|1.75|1.55|35|-0.20|-0.1143|13|990|1|41|0.0049|0.0003|0.0004|-0.0195|0.0053||1.65|39|1.41|21
GME211217P00350000||||133.85|133.85|35|0.00|0.0000|0|4|0|0|-0.9943|0.0004|-0.1530|-0.0219|0.0062||172.30|22|169.30|4
GME211217C00360000|1.50|1.60|1.37|1.58|1.37|36|-0.21|-0.1329|0|308|4|8|0.0043|0.0003|0.0003|-0.0180|0.0048||1.59|74|1.29|75
GME211217P00360000||||||36|||0|0|0|0|-0.8944|0.0022|-0.5001|-0.1435|0.1258||182.20|19|179.30|4
GME211217C00370000|1.45|1.45|1.45|1.97|1.45|37|-0.52|-0.2640|0|447|1|1|0.0039|0.0003|0.0003|-0.0168|0.0044||1.58|105|1.21|52
GME211217P00370000||||172.65|172.65|37|0.00|0.0000|0|3|0|0|-0.9958|0.0003|-0.1619|-0.0169|0.0047||192.10|13|189.30|4
GME211217C00380000|1.60|1.60|1.60|1.36|1.60|38|0.24|0.1765|1|169|1|1|0.0032|0.0002|0.0002|-0.0141|0.0036||1.58|129|1.20|4
GME211217P00380000||||165.60|165.60|38|0.00|0.0000|0|17|0|0|-0.9964|0.0002|-0.1663|-0.0148|0.0041||202.00|12|199.00|12
GME211217C00390000|1.18|1.18|1.18|1.38|1.18|39|-0.20|-0.1449|0|192|1|1|0.0030|0.0002|0.0002|-0.0139|0.0035||1.23|15|1.03|63
GME211217P00390000||||||39|||0|0|0|0|-0.9969|0.0002|-0.1707|-0.0131|0.0036||211.90|1|209.00|12
GME211217C00400000|1.20|1.39|1.01|1.29|1.11|40|-0.18|-0.1395|16|1166|1|56|0.0023|0.0002|0.0002|-0.0111|0.0028||1.10|10|1.00|6
GME211217P00400000||||198.90|198.90|40|0.00|0.0000|0|3|0|0|-0.9972|0.0002|-0.1751|-0.0121|0.0033||221.85|12|219.00|6
GME211217C00410000|1.00|1.00|1.00|1.22|1.00|41|-0.22|-0.1803|1|204|1|1|0.0020|0.0001|0.0001|-0.0098|0.0024||1.12|42|0.90|66
GME211217P00410000||||190.90|190.90|41|0.00|0.0000|0|3|0|0|-0.9975|0.0002|-0.1795|-0.0107|0.0029||231.75|12|228.55|12
GME211217C00420000|1.37|1.37|0.95|1.16|0.95|42|-0.21|-0.1810|-1|539|1|13|0.0017|0.0001|0.0001|-0.0085|0.0021||1.11|65|0.90|1
GME211217P00420000||||189.85|189.85|42|0.00|0.0000|0|16|0|0|-0.9984|0.0001|-0.1840|-0.0063|0.0019||241.70|14|238.55|12
GME211217C00430000|0.97|0.97|0.97|1.08|0.97|43|-0.11|-0.1019|0|208|7|7|0.0016|0.0001|0.0001|-0.0080|0.0019||1.11|62|0.68|64
GME211217P00430000||||244.20|244.20|43|0.00|0.0000|0|0|0|0|-0.9986|0.0001|-0.1884|-0.0055|0.0017||251.65|12|248.10|12
GME211217C00440000||||1.15|1.15|44|0.00|0.0000|4|472|0|0|0.0013|0.0001|0.0001|-0.0068|0.0016||0.90|7|0.66|31
GME211217P00440000||||||44|||0|0|0|0|-0.9990|0.0001|-0.1928|-0.0040|0.0013||261.60|12|258.10|12
GME211217C00450000|1.03|1.03|0.76|1.02|0.77|45|-0.25|-0.2451|5|684|1|8|0.0011|0.0001|0.0001|-0.0057|0.0014||0.80|6|0.63|19
GME211217P00450000||||||45|||0|0|0|0|-0.9991|0.0001|-0.1972|-0.0036|0.0012||271.55|12|268.10|4
GME211217C00460000|1.11|1.11|0.68|1.02|0.80|46|-0.22|-0.2157|-133|1136|2|8|0.0010|0.0001|0.0001|-0.0056|0.0013||0.85|34|0.60|4
GME211217P00460000||||261.60|261.60|46|0.00|0.0000|0|5|0|0|-0.9991|0.0001|-0.2016|-0.0032|0.0011||281.50|12|277.95|12
GME211217C00470000|0.90|0.90|0.78|0.84|0.78|47|-0.06|-0.0714|0|189|1|11|0.0316|0.0009|0.0021|-0.1836|0.0268||0.85|64|0.52|55
GME211217P00470000||||||47||||0|0|0|-1.0000|0.0000|-0.2060|0.0016|0.0000||291.45|12|287.50|4
GME211217C00480000|0.82|0.82|0.63|0.67|0.63|48|-0.04|-0.0597|7|224|4|7|0.0337|0.0009|0.0022|-0.2000|0.0283||0.66|3|0.46|49
GME211217P00480000||||264.21|264.21|48|0.00|0.0000|0|7|0|0|-0.9763|0.0007|-0.2088|-0.1384|0.0211||301.40|12|297.40|3
GME211217C00490000|1.01|1.01|0.52|0.86|0.52|49|-0.34|-0.3953|1|97|6|9|0.0313|0.0008|0.0021|-0.1893|0.0267||0.63|4|0.40|67
GME211217P00490000||||274.04|274.04|49|0.00|0.0000|0|7|0|0|-0.9782|0.0006|-0.2133|-0.1294|0.0197||311.35|12|307.40|3
GME211217C00500000|0.90|0.90|0.48|0.80|0.48|50|-0.32|-0.4000|-5|2488|5|80|0.0232|0.0007|0.0016|-0.1421|0.0208||0.57|6|0.50|13
GME211217P00500000||||290.05|290.05|50|0.00|0.0000|0|7|0|0|-0.9671|0.0008|-0.2170|-0.2007|0.0278||321.30|12|317.35|3
GME211217C00510000|0.72|0.96|0.44|0.72|0.47|51|-0.25|-0.3472|101|1366|1|160|0.0221|0.0006|0.0015|-0.1376|0.0199||0.49|7|0.42|6
GME211217P00510000||||277.97|277.97|51|0.00|0.0000|0|0|0|0|-0.9927|0.0003|-0.2230|-0.0431|0.0076||331.30|10|327.30|4
GME211223C00100000||||80.77|80.77|14|0.00|0.0000|-2|14|0|0|0.9730|0.0010|0.0569|-0.0859|0.0276||83.35|7|80.20|12
GME211223P00100000|0.90|0.90|0.88|0.80|0.88|14|0.08|0.1000|7|116|10|11|-0.0294|0.0011|-0.0037|-0.0939|0.0296||1.13|25|0.46|42
GME211223C00110000||||||13||||0|0|0|1.0000|0.0000|0.0663|-0.0004|0.0000||73.60|4|70.55|12
GME211223P00110000|0.80|1.33|0.80|1.69|1.33|13|-0.36|-0.2130|6|28|10|20|-0.1140|0.0020|-0.0442|-0.1557|0.1402||1.25|1|0.94|15
GME211223C00120000||||103.35|103.35|12|0.00|0.0000|0|1|0|0|0.8295|0.0011|0.0280|-1.2932|0.1128||64.30|4|61.20|14
GME211223P00120000||||1.15|1.15|12|0.00|0.0000|0|25|0|0|-0.0452|0.0020|-0.0055|-0.1036|0.0423||2.19|25|1.50|15
GME211223C00130000||||||11||||0|0|0|1.0000|0.0000|0.0784|-0.0005|0.0000||55.20|5|52.15|15
GME211223P00130000|2.84|2.84|2.69|2.33|2.69|11|0.36|0.1545|4|72|1|111|-0.0938|0.0033|-0.0117|-0.1918|0.0743||3.25|15|2.33|15
GME211223C00140000||||||10||||0|0|0|1.0000|0.0000|0.0844|-0.0005|0.0000||47.05|19|43.65|13
GME211223P00140000|4.10|4.40|4.10|3.90|4.40|10|0.50|0.1282|11|40|1|2|-0.1439|0.0046|-0.0182|-0.2560|0.1005||4.75|39|3.75|13
GME211223C00145000||||||9|||||0|0|1.0000|0.0000|0.0874|-0.0005|0.0000||42.45|5|39.60|17
GME211223P00145000||||||9|||||0|0|0.0000|0.0000|0.0000|0.0000|0.0000||5.75|22|4.65|19
GME211223C00150000||||55.90|55.90|8|0.00|0.0000|0|4|0|0|0.7279|0.0031|0.0456|-0.8106|0.1469||38.55|1|35.80|13
GME211223P00150000|4.80|7.60|4.10|6.45|6.07|8|-0.38|-0.0589|82|206|1|56|-0.2000|0.0060|-0.0253|-0.2955|0.1239||6.90|38|5.75|59
GME211223C00155000||||57.05|57.05|7|0.00|0.0000|0|10|0|0|0.7126|0.0029|0.0432|-0.9174|0.1511||34.90|5|32.15|14
GME211223P00155000|8.65|9.55|8.65|3.81|9.30|7|5.49|1.4409|0|111|8|18|-0.2524|0.0061|-0.0329|-0.3778|0.1413||8.30|22|7.10|15
GME211223C00160000||||53.80|53.80|6|0.00|0.0000|0|12|0|0|0.6937|0.0030|0.0431|-0.9209|0.1553||31.30|4|28.85|20
GME211223P00160000|10.28|11.60|8.10|9.59|9.45|6|-0.14|-0.0146|14|61|3|9|-0.2728|0.0072|-0.0350|-0.3470|0.1474||9.95|19|8.70|14
GME211223C00165000||||||5||||0|0|0|1.0000|0.0000|0.0994|-0.0006|0.0000||28.15|8|25.70|20
GME211223P00165000||||11.60|11.60|5|0.00|0.0000|12|21|0|0|-0.3177|0.0075|-0.0415|-0.3870|0.1581||11.95|24|10.55|16
GME211223C00170000||||25.94|25.94|4|0.00|0.0000|11|15|0|0|0.6358|0.0072|0.0536|-0.4450|0.1662||25.25|6|22.85|24
GME211223P00170000||||14.35|14.35|4|0.00|0.0000|2|33|0|0|-0.3601|0.0076|-0.0478|-0.4198|0.1659||14.05|22|12.55|19
GME211223C00175000||||19.00|19.00|3|0.00|0.0000|1|3|0|0|0.5997|0.0095|0.0538|-0.3592|0.1713||22.75|5|20.30|25
GME211223P00175000|13.64|17.35|13.50|16.30|16.05|3|-0.25|-0.0153|30|54|1|32|-0.3999|0.0081|-0.0532|-0.4181|0.1714||16.45|19|14.90|14
