symbol|open|high|low|preClose|close|activeLevel|change|changeRatio|openIntChange|openInterest|latestPriceVol|volume|delta|gamma|rho|theta|vega|tradeStamptradeTime|ask|avol|bid|bvol
GME211210C00100000||||70.90|70.90|12|0.00|0.0000|209|211|0|0|0.9431|0.0016|0.0096|-1.0252|0.0210||78.55|10|72.00|10
GME211210P00100000|1.09|1.09|0.75|1.14|0.80|12|-0.34|-0.2982|1314|2034|13|799|-0.0195|0.0009|-0.0004|-0.3059|0.0087||0.81|1|0.75|6
GME211210C00110000||||76.13|76.13|11|0.00|0.0000|0|2|0|0|0.8456|0.0019|0.0075|-3.6580|0.0437||68.85|12|62.90|4
GME211210P00110000|1.45|1.51|1.00|1.52|1.08|11|-0.44|-0.2895|314|618|50|77|-0.0288|0.0014|-0.0006|-0.3826|0.0121||1.05|3|1.01|10
GME211210C00120000||||51.40|51.40|10|0.00|0.0000|1|2|0|0|0.9177|0.0028|0.0113|-1.0277|0.0279||59.20|18|53.10|6
GME211210P00120000|1.69|1.69|1.30|2.00|1.30|10|-0.70|-0.3500|513|1305|2|56|-0.0420|0.0022|-0.0009|-0.4657|0.0165||1.57|37|1.24|42
GME211210C00130000||||41.19|41.19|9|0.00|0.0000|11|11|0|0|0.9077|0.0038|0.0122|-0.9096|0.0304||49.65|21|43.30|6
GME211210P00130000|1.70|2.49|1.63|2.60|1.80|9|-0.80|-0.3077|286|1131|1|322|-0.0608|0.0033|-0.0013|-0.5498|0.0221||1.98|29|1.64|12
GME211210C00140000||||34.35|34.35|8|0.00|0.0000|12|46|0|0|0.8414|0.0053|0.0118|-1.3829|0.0445||40.10|13|33.95|14
GME211210P00140000|2.50|2.97|2.32|3.80|2.48|8|-1.32|-0.3474|492|1223|2|90|-0.0976|0.0052|-0.0021|-0.7136|0.0317||2.73|27|2.24|73
GME211210C00145000|32.07|32.07|32.07|26.44|32.07|7|5.63|0.2129|13|21|10|10|0.8755|0.0065|0.0133|-0.8118|0.0377||35.95|19|29.85|14
GME211210P00145000|3.45|4.65|2.73|4.62|3.09|7|-1.53|-0.3312|250|373|1|81|-0.1239|0.0065|-0.0026|-0.8065|0.0376||3.25|16|2.80|1
GME211210C00150000||||22.00|22.00|6|0.00|0.0000|-12|61|0|0|0.8504|0.0080|0.0133|-0.8424|0.0428||31.50|26|25.25|29
GME211210P00150000|3.90|5.15|3.20|5.68|3.50|6|-2.18|-0.3838|129|1024|1|234|-0.1581|0.0080|-0.0033|-0.9110|0.0444||3.85|5|3.45|20
GME211210C00155000|23.75|24.00|23.75|18.50|24.00|5|5.50|0.2973|2|60|1|11|0.8024|0.0098|0.0128|-0.9903|0.0511||27.30|47|21.30|33
GME211210P00155000|4.50|5.05|4.40|7.06|4.40|5|-2.66|-0.3768|20|391|1|33|-0.2019|0.0097|-0.0043|-1.0257|0.0518||4.90|1|4.25|18
GME211210C00160000|20.40|20.95|20.40|15.22|20.95|4|5.73|0.3765|22|276|1|5|0.7475|0.0115|0.0122|-1.1106|0.0587||20.90|8|19.00|15
GME211210P00160000|6.10|6.80|5.33|8.50|5.75|4|-2.75|-0.3235|362|859|1|284|-0.2514|0.0115|-0.0053|-1.0996|0.0586||6.25|28|5.50|1
GME211210C00165000|17.00|18.50|16.90|12.90|17.00|3|4.10|0.3178|143|203|2|7|0.6784|0.0125|0.0112|-1.2833|0.0659||18.10|56|15.45|42
GME211210P00165000|7.50|8.80|6.50|10.86|7.65|3|-3.21|-0.2956|224|608|1|68|-0.3176|0.0129|-0.0068|-1.2309|0.0655||7.90|25|7.00|60
GME211210C00170000|14.80|15.00|12.80|10.50|13.20|2|2.70|0.2571|271|448|1|92|0.6106|0.0135|0.0102|-1.3635|0.0705||14.00|1|12.75|14
GME211210P00170000|10.15|12.00|8.50|13.50|9.45|2|-4.05|-0.3000|-41|554|1|69|-0.3878|0.0139|-0.0084|-1.3178|0.0704||9.75|18|9.10|1
GME211210C00175000|12.00|14.60|10.10|8.30|11.25|1|2.95|0.3554|198|470|1|138|0.5402|0.0142|0.0091|-1.3858|0.0730||11.50|23|10.25|5
GME211210P00175000|12.67|14.70|11.00|16.30|11.65|1|-4.65|-0.2853|13|531|1|62|-0.4605|0.0147|-0.0100|-1.3418|0.0730||12.50|17|11.00|26
GME211210C00177500|10.95|13.20|9.50|7.70|10.33|1|2.63|0.3416|132|179|1|28|0.5061|0.0140|0.0086|-1.4258|0.0733||10.40|57|9.20|3
GME211210P00177500|11.95|12.30|11.95|18.90|12.30|1|-6.60|-0.3492|-9|257|1|3|-0.4922|0.0136|-0.0109|-1.4666|0.0733||13.75|14|12.30|57
GME211210C00180000|10.00|10.95|7.25|6.55|8.50|2|1.95|0.2977|292|696|1|124|0.4690|0.0143|0.0080|-1.3790|0.0731||8.95|24|7.85|10
GME211210P00180000|14.85|15.00|13.50|18.26|14.41|2|-3.85|-0.2108|-47|583|10|42|-0.5463|0.0167|-0.0118|-1.1725|0.0728||15.00|1|13.50|51
GME211210C00182500|8.00|8.00|7.85|5.66|7.85|3|2.19|0.3869|31|179|1|6|0.4324|0.0144|0.0074|-1.3425|0.0723||8.55|91|7.05|10
GME211210P00182500||||20.00|20.00|3|0.00|0.0000|1|233|0|0|-0.5874|0.0166|-0.0128|-1.1442|0.0716||17.45|42|14.50|59
GME211210C00185000|7.85|9.20|6.20|5.02|7.00|4|1.98|0.3944|178|424|2|47|0.3985|0.0141|0.0069|-1.3193|0.0709||7.25|11|6.35|25
GME211210P00185000|18.95|18.95|17.00|23.17|17.55|4|-5.62|-0.2426|-119|350|10|35|-0.6034|0.0143|-0.0134|-1.3012|0.0709||19.00|32|16.50|27
GME211210C00187500|8.40|8.40|6.25|4.30|6.70|5|2.40|0.5581|45|127|1|13|0.3631|0.0139|0.0063|-1.2654|0.0690||6.40|13|5.70|1
GME211210P00187500||||28.00|28.00|5|0.00|0.0000|2|261|0|0|-0.5919|0.0112|-0.0137|-1.6859|0.0714||21.05|41|18.05|60
GME211210C00190000|6.50|6.50|5.00|4.05|5.25|6|1.20|0.2963|226|576|2|52|0.3376|0.0132|0.0059|-1.2691|0.0672||5.90|84|4.95|10
GME211210P00190000|19.54|20.97|19.54|27.50|20.95|6|-6.55|-0.2382|0|512|1|18|-0.6575|0.0129|-0.0149|-1.3058|0.0675||22.55|35|19.80|26
GME211210C00192500|4.80|4.95|4.80|3.66|4.80|7|1.14|0.3115|32|120|1|5|0.3103|0.0126|0.0054|-1.2384|0.0649||5.05|14|4.25|34
GME211210P00192500||||27.83|27.83|7|0.00|0.0000|3|125|0|0|-0.7337|0.0141|-0.0164|-0.9585|0.0604||25.05|36|20.70|56
GME211210C00195000|3.50|4.90|3.50|3.30|4.41|8|1.11|0.3364|141|433|5|23|0.2846|0.0120|0.0050|-1.2013|0.0624||4.40|4|3.85|18
GME211210P00195000||||31.02|31.02|8|0.00|0.0000|-9|294|0|0|-0.7275|0.0123|-0.0166|-1.1199|0.0611||26.90|29|23.20|48
GME211210C00197500|3.81|4.55|3.60|2.90|3.60|9|0.70|0.2414|46|173|1|57|0.2583|0.0114|0.0045|-1.1442|0.0594||4.20|71|3.30|69
GME211210P00197500||||33.48|33.48|9|0.00|0.0000|-5|115|0|0|-0.7427|0.0114|-0.0171|-1.1363|0.0593||28.75|37|24.55|55
GME211210C00200000|3.61|3.92|3.20|2.71|3.25|10|0.54|0.1993|637|2365|3|385|0.2394|0.0107|0.0042|-1.1217|0.0571||3.40|1|3.10|1
GME211210P00200000||||33.81|33.81|10|0.00|0.0000|-25|674|0|0|-0.8462|0.0112|-0.0191|-0.6262|0.0436||30.50|26|27.00|44
GME211210C00202500|3.00|3.25|2.96|2.41|2.96|11|0.55|0.2282|48|142|1|12|0.2176|0.0101|0.0038|-1.0667|0.0541||3.05|1|2.73|21
GME211210P00202500||||35.84|35.84|11|0.00|0.0000|-2|33|0|0|-0.8880|0.0097|-0.0201|-0.4677|0.0350||33.00|34|29.50|29
GME211210C00205000|2.95|3.00|2.62|2.21|2.89|12|0.68|0.3077|163|401|3|87|0.2000|0.0095|0.0035|-1.0280|0.0515||2.75|16|2.47|22
GME211210P00205000||||40.44|40.44|12|0.00|0.0000|-1|179|0|0|-0.7930|0.0095|-0.0188|-1.0751|0.0525||35.50|29|32.00|17
GME211210C00207500|2.39|2.81|2.39|1.99|2.44|13|0.45|0.2261|21|103|1|8|0.1822|0.0089|0.0032|-0.9777|0.0486||2.46|16|2.25|23
GME211210P00207500||||42.53|42.53|13|0.00|0.0000|-2|24|0|0|-0.8162|0.0089|-0.0195|-0.9880|0.0489||38.00|38|34.50|26
GME211210C00210000|2.37|2.50|2.12|1.80|2.23|14|0.43|0.2389|142|501|1|85|0.1663|0.0084|0.0029|-0.9297|0.0459||2.25|1|2.07|19
GME211210P00210000||||45.79|45.79|14|0.00|0.0000|-17|124|0|0|-0.7983|0.0083|-0.0195|-1.1857|0.0517||40.50|25|36.00|8
GME211210C00212500|2.25|2.25|2.07|1.81|2.07|15|0.26|0.1436|15|103|5|52|0.1595|0.0079|0.0028|-0.9378|0.0446||2.25|60|1.88|9
GME211210P00212500|40.65|40.65|40.65|48.25|40.65|15|-7.60|-0.1575|1|39|2|2|-0.8067|0.0079|-0.0199|-1.1898|0.0504||42.70|42|37.85|16
GME211210C00215000|2.20|2.20|1.85|1.75|2.01|16|0.26|0.1486|118|334|1|37|0.1505|0.0074|0.0026|-0.9235|0.0430||2.00|32|1.73|8
GME211210P00215000||||52.12|52.12|16|0.00|0.0000|0|73|0|0|-0.7763|0.0074|-0.0198|-1.5164|0.0549||45.20|31|39.80|18
GME211210C00217500|3.70|3.70|1.73|1.50|1.73|17|0.23|0.1533|11|46|1|4|0.1337|0.0069|0.0024|-0.8451|0.0396||1.97|53|1.55|36
GME211210P00217500||||53.30|53.30|17|0.00|0.0000|0|37|0|0|-0.8177|0.0071|-0.0207|-1.2267|0.0486||47.70|30|41.55|37
GME211210C00220000|1.68|1.85|1.55|1.55|1.55|18|0.00|0.0000|161|582|3|49|0.1307|0.0065|0.0023|-0.8642|0.0390||1.66|14|1.52|3
GME211210P00220000||||54.32|54.32|18|0.00|0.0000|0|165|0|0|-0.8746|0.0065|-0.0219|-0.8230|0.0379||50.20|34|44.05|37
GME211210C00222500|1.45|3.50|1.45|1.50|1.50|19|0.00|0.0000|63|155|1|4|0.1237|0.0062|0.0022|-0.8490|0.0376||1.66|28|1.42|24
GME211210P00222500||||42.95|42.95|19|0.00|0.0000|0|39|0|0|-0.9963|0.0007|-0.0243|-0.0206|0.0020||52.60|14|46.55|14
GME211210C00225000|1.59|1.59|1.38|1.21|1.38|20|0.17|0.1405|49|521|1|34|0.1061|0.0056|0.0019|-0.7444|0.0337||1.52|35|1.31|23
GME211210P00225000||||57.07|57.07|20|0.00|0.0000|-1|476|0|0|-0.7662|0.0061|-0.0208|-1.9182|0.0563||54.95|23|48.15|30
GME211210C00227500|1.39|1.39|1.33|1.22|1.33|21|0.11|0.0902|4|39|1|2|0.1027|0.0054|0.0018|-0.7469|0.0329||1.50|50|1.20|7
GME211210P00227500||||34.06|34.06|21|0.00|0.0000|0|35|0|0|-1.0000|0.0000|-0.0249|0.0006|0.0000||57.35|3|50.55|7
GME211210C00230000|1.21|1.39|1.15|1.14|1.20|22|0.06|0.0526|95|565|1|11|0.0954|0.0050|0.0017|-0.7148|0.0312||1.30|2|1.16|6
GME211210P00230000||||61.98|61.98|22|0.00|0.0000|0|20|0|0|-0.8557|0.0056|-0.0227|-1.1433|0.0418||59.75|4|53.00|3
GME211210C00232500||||1.21|1.21|23|0.00|0.0000|12|67|0|0|0.0955|0.0048|0.0017|-0.7428|0.0312||1.25|7|1.08|17
GME211210P00232500||||68.97|68.97|23|0.00|0.0000|0|5|0|0|-0.8277|0.0056|-0.0226|-1.4617|0.0469||62.15|3|55.45|4
GME211210C00235000|1.05|1.21|1.05|1.04|1.08|24|0.04|0.0385|-13|851|2|9|0.0845|0.0045|0.0015|-0.6719|0.0285||1.25|19|1.05|16
GME211210P00235000||||74.05|74.05|24|0.00|0.0000|0|32|0|0|-0.7769|0.0054|-0.0221|-2.0736|0.0549||64.55|3|57.90|7
GME211210C00237500|1.14|1.14|1.05|0.95|1.05|25|0.10|0.1053|34|54|1|2|0.0774|0.0042|0.0014|-0.6318|0.0267||1.20|21|1.02|5
GME211210P00237500||||76.45|76.45|25|0.00|0.0000|0|24|0|0|-0.7826|0.0052|-0.0225|-2.0695|0.0541||67.00|5|60.35|4
GME211210C00240000|1.07|1.13|1.00|0.96|1.09|26|0.13|0.1354|34|336|1|12|0.0755|0.0040|0.0013|-0.6349|0.0262||1.11|14|1.00|2
GME211210P00240000||||71.95|71.95|26|0.00|0.0000|-1|30|0|0|-0.9094|0.0043|-0.0247|-0.7739|0.0300||69.50|5|62.80|7
GME211210C00245000|0.98|1.05|0.90|0.92|0.90|27|-0.02|-0.0217|45|227|3|67|0.0693|0.0036|0.0012|-0.6146|0.0245||1.06|25|0.89|17
GME211210P00245000||||50.19|50.19|27|0.00|0.0000|0|23|0|0|-0.9999|0.0000|-0.0268|0.0000|0.0001||74.50|5|67.75|7
GME211210C00250000|1.00|1.01|0.75|0.88|0.88|28|0.00|0.0000|806|3669|2|77|0.0638|0.0033|0.0011|-0.5936|0.0230||0.92|10|0.83|15
GME211210P00250000||||80.84|80.84|28|0.00|0.0000|3|18|0|0|-0.9589|0.0026|-0.0267|-0.3715|0.0162||79.20|13|72.70|4
GME211210C00255000|0.90|0.90|0.86|0.83|0.86|29|0.03|0.0361|155|228|1|5|0.0582|0.0030|0.0010|-0.5670|0.0214||0.91|26|0.75|24
GME211210P00255000||||40.40|40.40|29|0.00|0.0000|0|5|0|0|-1.0000|0.0000|-0.0279|0.0008|0.0000||84.10|13|77.70|7
GME211210C00260000|0.90|0.90|0.80|0.80|0.80|30|0.00|0.0000|953|1845|1|4|0.0541|0.0027|0.0009|-0.5500|0.0202||0.85|33|0.73|6
GME211210P00260000||||69.85|69.85|30|0.00|0.0000|0|22|0|0|-0.9995|0.0001|-0.0285|-0.0035|0.0003||89.05|14|82.65|6
GME211210C00270000|0.66|0.67|0.66|0.65|0.66|31|0.01|0.0154|225|405|2|4|0.0428|0.0022|0.0008|-0.4680|0.0167||0.76|19|0.66|5
GME211210P00270000||||103.46|103.46|31|0.00|0.0000|0|15|0|0|-0.9503|0.0024|-0.0287|-0.5464|0.0189||98.90|6|92.65|12
GME211210C00280000|0.68|0.68|0.59|0.60|0.59|32|-0.01|-0.0167|37|296|1|6|0.0372|0.0019|0.0007|-0.4358|0.0149||0.66|10|0.57|20
GME211210P00280000||||112.20|112.20|32|0.00|0.0000|0|6|0|0|-0.9249|0.0027|-0.0294|-0.9144|0.0261||108.90|12|102.60|39
GME211210C00290000|0.56|0.56|0.56|0.61|0.56|33|-0.05|-0.0820|-10|545|1|1|0.0349|0.0017|0.0006|-0.4366|0.0142||0.56|1|0.51|10
GME211210P00290000||||82.25|82.25|33|0.00|0.0000|0|7|0|0|-1.0000|0.0000|-0.0318|0.0008|0.0000||118.80|4|112.60|30
GME211210C00300000|0.51|1.15|0.49|0.50|0.52|34|0.02|0.0400|407|1617|1|49|0.0282|0.0014|0.0005|-0.3723|0.0119||0.55|2|0.54|10
GME211210P00300000||||76.00|76.00|34|0.00|0.0000|0|14|0|0|-1.0000|0.0000|-0.0329|0.0010|0.0000||128.65|5|122.60|54
GME211210C00310000|0.47|0.51|0.47|0.45|0.51|35|0.06|0.1333|76|359|1|2|0.0243|0.0012|0.0004|-0.3374|0.0105||0.48|3|0.39|38
GME211210P00310000||||83.61|83.61|35|0.00|0.0000|0|4|0|0|-1.0000|0.0000|-0.0340|0.0008|0.0000||138.55|4|132.65|51
GME211210C00320000|0.47|0.47|0.45|0.44|0.45|36|0.01|0.0227|143|420|1|3|0.0224|0.0011|0.0004|-0.3278|0.0098||0.47|10|0.43|7
GME211210P00320000||||89.47|89.47|36|0.00|0.0000|0|3|0|0|-1.0000|0.0000|-0.0351|0.0010|0.0000||148.45|7|142.65|47
GME211210C00330000|0.58|0.58|0.39|0.39|0.45|37|0.06|0.1538|233|482|1|25|0.0189|0.0009|0.0003|-0.2881|0.0085||0.58|64|0.31|12
GME211210P00330000||||||37||||0|0|0|-1.0000|0.0000|-0.0362|0.0011|0.0000||158.40|12|152.70|31
GME211210C00340000|0.28|0.28|0.28|0.33|0.28|38|-0.05|-0.1515|29|160|1|1|0.0160|0.0008|0.0003|-0.2540|0.0074||0.43|24|0.30|29
GME211210P00340000||||||38||||0|0|0|-1.0000|0.0000|-0.0373|0.0011|0.0000||168.35|8|162.70|32
GME211210C00350000|0.40|0.40|0.31|0.30|0.39|39|0.09|0.3000|176|675|1|20|0.0143|0.0007|0.0002|-0.2348|0.0067||0.37|21|0.34|6
GME211210P00350000||||||39||||0|0|0|-1.0000|0.0000|-0.0384|0.0011|0.0000||178.40|5|172.75|48
GME211210C00360000||||0.28|0.28|40|0.00|0.0000|61|150|0|0|0.0127|0.0006|0.0002|-0.2170|0.0060||0.33|8|0.29|31
GME211210P00360000||||||40||||0|0|0|-1.0000|0.0000|-0.0395|0.0012|0.0000||188.35|7|182.80|51
GME211210C00370000|0.29|0.35|0.29|0.29|0.30|41|0.01|0.0345|8|46|1|4|0.0130|0.0006|0.0002|-0.2298|0.0062||0.30|1|0.29|2
GME211210P00370000||||||41||||0|0|0|-1.0000|0.0000|-0.0405|0.0012|0.0000||198.30|12|192.80|44
GME211210C00380000||||0.25|0.25|42|0.00|0.0000|20|77|0|0|0.0111|0.0005|0.0002|-0.2014|0.0054||0.28|10|0.23|33
GME211210P00380000||||||42||||0|0|0|-1.0000|0.0000|-0.0416|0.0012|0.0000||208.25|12|202.85|28
GME211210C00390000|0.22|0.22|0.22|0.22|0.22|43|0.00|0.0000|77|156|1|1|0.0095|0.0005|0.0002|-0.1783|0.0047||0.26|14|0.23|15
GME211210P00390000||||||43||||0|0|0|-1.0000|0.0000|-0.0427|0.0013|0.0000||218.20|12|212.85|43
GME211210C00400000|0.21|0.27|0.21|0.20|0.21|44|0.01|0.0500|64|592|1|8|0.0084|0.0004|0.0001|-0.1628|0.0042||0.23|6|0.21|4
GME211210P00400000||||230.14|230.14|44|0.00|0.0000|1|1|0|0|-1.0000|0.0000|-0.0438|0.0013|0.0000||228.30|9|222.90|40
GME211210C00410000|0.20|0.23|0.20|0.22|0.23|45|0.01|0.0455|28|98|1|3|0.0088|0.0004|0.0002|-0.1752|0.0044||0.22|6|0.20|8
GME211210P00410000||||||45||||0|0|0|-1.0000|0.0000|-0.0449|0.0013|0.0000||238.10|12|232.90|45
GME211210C00420000|0.28|0.28|0.19|0.18|0.19|46|0.01|0.0556|64|242|1|5|0.0071|0.0003|0.0001|-0.1450|0.0037||0.21|12|0.19|5
GME211210P00420000||||||46||||0|0|0|-1.0000|0.0000|-0.0460|0.0014|0.0000||248.10|12|242.95|6
GME211210C00430000||||0.13|0.13|47|0.00|0.0000|5|311|0|0|0.0050|0.0003|0.0001|-0.1045|0.0027||0.34|22|0.14|5
GME211210P00430000||||||47||||0|0|0|-1.0000|0.0000|-0.0471|0.0014|0.0000||259.00|5|252.55|28
GME211210C00440000||||0.15|0.15|48|0.00|0.0000|16|96|0|0|0.0055|0.0003|0.0001|-0.1175|0.0029||0.51|7|0.15|2
GME211210P00440000||||||48||||0|0|0|-1.0000|0.0000|-0.0482|0.0014|0.0000||268.75|4|262.60|27
GME211210C00450000|0.20|0.20|0.15|0.15|0.16|49|0.01|0.0667|511|807|4|26|0.0054|0.0003|0.0001|-0.1165|0.0028||0.18|1|0.15|1
GME211210P00450000||||||49||||0|0|0|-1.0000|0.0000|-0.0493|0.0015|0.0000||278.75|12|272.60|27
GME211210C00460000||||0.11|0.11|50|0.00|0.0000|111|177|0|0|0.0039|0.0002|0.0001|-0.0875|0.0022||0.36|22|0.12|5
GME211210P00460000||||||50||||0|0|0|-1.0000|0.0000|-0.0504|0.0015|0.0000||288.90|4|282.60|25
GME211210C00470000||||0.12|0.12|51|0.00|0.0000|310|333|0|0|0.0041|0.0002|0.0001|-0.0927|0.0022||0.27|5|0.01|2
GME211210P00470000||||||51||||0|0|0|-1.0000|0.0000|-0.0515|0.0015|0.0000||298.70|4|293.00|5
GME211210C00480000|0.14|0.14|0.14|0.10|0.14|52|0.04|0.4000|75|148|1|1|0.0034|0.0002|0.0001|-0.0794|0.0019||0.32|2|0.01|2
GME211210P00480000||||||52||||0|0|0|-1.0000|0.0000|-0.0526|0.0016|0.0000||309.50|4|302.65|27
GME211210C00490000|0.20|0.20|0.20|0.17|0.20|53|0.03|0.1765|-5|96|2|2|0.0054|0.0002|0.0001|-0.1268|0.0028||0.19|1|0.10|1
GME211210P00490000||||||53||||0|0|0|-1.0000|0.0000|-0.0537|0.0016|0.0000||318.60|4|313.05|5
GME211210C00500000|0.15|0.20|0.12|0.09|0.14|54|0.05|0.5556|84|977|1|38|0.0033|0.0002|0.0001|-0.0786|0.0018||0.15|6|0.14|2
GME211210P00500000||||||54||||0|0|0|-1.0000|0.0000|-0.0548|0.0016|0.0000||328.60|12|323.05|15
GME211210C00510000|0.10|0.18|0.10|0.10|0.12|55|0.02|0.2000|766|3121|2|158|0.0032|0.0001|0.0001|-0.0772|0.0018||0.12|10|0.11|1
GME211210P00510000||||||55||||0|0|0|-1.0000|0.0000|-0.0559|0.0017|0.0000||338.60|4|333.00|12
GME211217C00080000||||94.56|94.56|19|0.00|0.0000|0|2|0|0|0.9255|0.0011|0.0184|-0.8198|0.0429||96.90|12|93.50|3
GME211217P00080000|1.08|1.15|0.95|1.41|1.03|19|-0.38|-0.2695|464|1070|1|13|-0.0241|0.0007|-0.0015|-0.2028|0.0173||1.06|1|0.96|19
GME211217C00085000||||95.85|95.85|18|0.00|0.0000|0|1|0|0|0.8971|0.0012|0.0167|-1.2565|0.0546||92.00|3|88.65|12
GME211217P00085000|1.19|1.19|1.19|1.49|1.19|18|-0.30|-0.2013|5|125|1|1|-0.0267|0.0008|-0.0017|-0.2075|0.0188||1.35|23|1.06|43
GME211217C00090000||||137.00|137.00|17|0.00|0.0000|0|4|0|0|0.8848|0.0007|0.0102|-2.3549|0.0592||87.10|3|83.75|12
GME211217P00090000|1.25|1.31|1.16|1.61|1.16|17|-0.45|-0.2795|39|180|1|31|-0.0301|0.0010|-0.0019|-0.2162|0.0208||1.57|38|1.10|154
GME211217C00100000||||67.18|67.18|16|0.00|0.0000|-3|47|0|0|0.9997|0.0000|0.0301|-0.0017|0.0003||77.35|6|73.90|12
GME211217P00100000|1.68|1.68|0.71|1.88|1.50|16|-0.38|-0.2021|26|1077|3|44|-0.0003|0.0000|0.0000|-0.0016|0.0004||1.60|1|1.45|6
GME211217C00105000||||66.05|66.05|15|0.00|0.0000|0|1|0|0|0.9993|0.0001|0.0316|-0.0035|0.0007||72.50|13|69.25|12
GME211217P00105000|1.90|1.90|1.82|2.20|1.82|15|-0.38|-0.1727|13|166|1|2|-0.0007|0.0001|0.0000|-0.0033|0.0008||2.10|77|1.63|4
GME211217C00110000||||73.25|73.25|14|0.00|0.0000|0|1|0|0|0.9988|0.0001|0.0331|-0.0055|0.0012||67.65|20|64.35|14
GME211217P00110000|2.05|2.05|1.80|2.42|2.04|14|-0.38|-0.1570|70|424|1|4|-0.0016|0.0002|-0.0001|-0.0067|0.0016||1.86|1|1.71|72
GME211217C00115000||||112.11|112.11|13|0.00|0.0000|0|2|0|0|0.9976|0.0003|0.0345|-0.0095|0.0023||62.85|13|59.60|13
GME211217P00115000|2.00|2.00|1.98|2.62|1.98|13|-0.64|-0.2443|19|199|10|11|-0.0034|0.0004|-0.0002|-0.0132|0.0031||2.30|40|1.91|80
GME211217C00120000||||52.20|52.20|12|0.00|0.0000|2|58|0|0|0.9950|0.0005|0.0359|-0.0180|0.0044||58.10|13|54.85|14
GME211217P00120000|3.28|3.28|2.27|3.09|2.44|12|-0.65|-0.2104|51|379|1|9|-0.0067|0.0007|-0.0004|-0.0239|0.0057||2.80|71|2.05|162
GME211217C00125000||||47.70|47.70|11|0.00|0.0000|0|35|0|0|0.9887|0.0011|0.0370|-0.0370|0.0091||53.45|18|50.30|14
GME211217P00125000|2.00|2.81|1.20|3.60|2.62|11|-0.98|-0.2722|180|535|1|34|-0.0136|0.0012|-0.0008|-0.0444|0.0106||2.93|49|2.44|87
GME211217C00130000||||39.61|39.61|10|0.00|0.0000|0|10|0|0|0.9797|0.0018|0.0380|-0.0601|0.0149||48.90|13|45.65|18
GME211217P00130000|3.00|3.00|2.87|4.45|2.87|10|-1.58|-0.3551|35|370|2|4|-0.0239|0.0020|-0.0013|-0.0711|0.0172||3.35|37|2.90|16
GME211217C00135000||||35.61|35.61|9|0.00|0.0000|-1|2|0|0|0.9636|0.0030|0.0386|-0.0981|0.0244||44.40|22|41.15|29
GME211217P00135000|3.65|3.98|3.65|4.75|3.68|9|-1.07|-0.2253|1|152|12|40|-0.0394|0.0031|-0.0022|-0.1063|0.0259||4.20|103|3.25|90
GME211217C00140000||||33.50|33.50|8|0.00|0.0000|0|149|0|0|0.9425|0.0043|0.0389|-0.1392|0.0351||40.10|25|36.80|52
GME211217P00140000|5.28|5.62|4.16|5.78|4.20|8|-1.58|-0.2734|68|983|2|43|-0.0634|0.0045|-0.0036|-0.1551|0.0379||4.50|2|3.85|127
GME211217C00145000||||27.00|27.00|7|0.00|0.0000|0|59|0|0|0.9090|0.0061|0.0385|-0.1993|0.0499||35.90|22|32.60|46
GME211217P00145000|6.26|6.26|6.26|7.10|6.26|7|-0.84|-0.1183|12|264|1|1|-0.0984|0.0063|-0.0056|-0.2187|0.0529||5.60|44|4.60|118
GME211217C00150000|29.40|29.40|29.40|27.40|29.40|6|2.00|0.0730|0|82|1|1|0.8653|0.0081|0.0375|-0.2657|0.0661||32.00|24|28.70|62
GME211217P00150000|8.80|8.80|6.00|8.50|6.00|6|-2.50|-0.2941|136|2018|3|122|-0.1401|0.0081|-0.0081|-0.2797|0.0679||6.60|1|5.60|177
GME211217C00155000||||24.92|24.92|5|0.00|0.0000|4|30|0|0|0.8147|0.0100|0.0360|-0.3253|0.0815||28.25|65|25.00|52
GME211217P00155000|8.03|8.03|6.95|9.47|7.50|5|-1.97|-0.2080|-1|404|1|4|-0.1903|0.0099|-0.0110|-0.3386|0.0828||8.00|72|6.85|143
GME211217C00160000|22.95|22.95|22.95|21.45|22.95|4|1.50|0.0699|6|143|1|1|0.7551|0.0118|0.0340|-0.3798|0.0958||24.20|20|21.85|69
GME211217P00160000|9.00|9.66|7.55|12.08|9.30|4|-2.78|-0.2301|-4|1042|1|11|-0.2503|0.0116|-0.0146|-0.3966|0.0969||9.70|66|8.50|100
GME211217C00165000|20.60|21.70|20.25|16.45|21.70|3|5.25|0.3191|8|87|1|7|0.6852|0.0132|0.0313|-0.4355|0.1083||21.65|69|18.70|61
GME211217P00165000|10.70|11.27|10.60|14.75|10.60|3|-4.15|-0.2814|76|429|1|19|-0.3178|0.0129|-0.0187|-0.4483|0.1087||11.55|78|10.10|127
GME211217C00170000|18.20|18.20|16.65|14.20|17.15|2|2.95|0.2077|42|177|6|16|0.6126|0.0140|0.0283|-0.4757|0.1167||18.45|41|16.25|37
GME211217P00170000|13.50|13.61|12.35|17.48|13.60|2|-3.88|-0.2220|-14|1078|1|22|-0.3886|0.0137|-0.0231|-0.4879|0.1168||13.50|38|12.20|133
GME211217C00175000|15.05|16.25|13.85|12.35|15.00|1|2.65|0.2146|5|213|1|10|0.5396|0.0147|0.0252|-0.4891|0.1210||15.55|55|13.90|16
GME211217P00175000|15.60|15.60|15.52|18.97|15.52|1|-3.45|-0.1819|-22|763|2|22|-0.4597|0.0142|-0.0276|-0.5038|0.1210||16.95|96|14.45|114
GME211217C00180000|11.50|13.12|11.50|10.25|12.97|1|2.72|0.2654|542|1045|1|10|0.4672|0.0146|0.0220|-0.4918|0.1212||12.90|23|11.45|119
GME211217P00180000|18.00|18.00|17.00|21.74|17.00|1|-4.74|-0.2180|-9|1119|1|3|-0.5305|0.0143|-0.0322|-0.5034|0.1213||19.65|56|16.65|145
GME211217C00185000|10.83|11.00|10.83|8.75|11.00|2|2.25|0.2571|62|346|1|2|0.3985|0.0141|0.0189|-0.4797|0.1177||11.90|102|9.75|27
GME211217P00185000|20.78|20.78|20.78|25.00|20.78|2|-4.22|-0.1688|8|254|1|1|-0.5984|0.0139|-0.0367|-0.4894|0.1179||22.95|49|19.75|123
GME211217C00187500||||7.90|7.90|3|0.00|0.0000|2|44|0|0|0.4282|0.0100|0.0194|-0.7014|0.1196||11.25|100|8.70|80
GME211217P00187500||||27.07|27.07|3|0.00|0.0000|0|116|0|0|-0.5906|0.0111|-0.0376|-0.6182|0.1185||24.50|48|21.40|85
GME211217C00190000|9.00|10.00|9.00|7.20|10.00|4|2.80|0.3889|-19|254|1|2|0.3355|0.0133|0.0161|-0.4560|0.1111||10.00|85|8.00|155
GME211217P00190000|23.16|24.57|23.16|29.00|24.57|4|-4.43|-0.1528|4|435|1|2|-0.6594|0.0130|-0.0410|-0.4692|0.1118||26.20|52|23.10|92
GME211217C00192500|9.10|9.10|8.10|7.35|8.55|5|1.20|0.1633|4|43|10|24|0.3925|0.0093|0.0177|-0.7220|0.1172||9.00|40|7.20|123
GME211217P00192500||||38.40|38.40|5|0.00|0.0000|0|113|0|0|-0.5527|0.0071|-0.0391|-0.9974|0.1205||28.00|38|24.90|86
GME211217C00195000|7.72|7.72|7.72|6.35|7.72|6|1.37|0.2157|12|170|1|1|0.2801|0.0121|0.0135|-0.4256|0.1026||8.90|141|7.15|65
GME211217P00195000|29.00|29.00|29.00|31.75|29.00|6|-2.75|-0.0866|-12|429|5|5|-0.7147|0.0120|-0.0451|-0.4379|0.1035||29.85|43|26.75|92
GME211217C00197500||||5.75|5.75|7|0.00|0.0000|2|39|0|0|0.3432|0.0092|0.0157|-0.6669|0.1121||8.55|134|6.60|67
GME211217P00197500||||42.50|42.50|7|0.00|0.0000|0|93|0|0|-0.5801|0.0069|-0.0417|-1.0076|0.1192||32.00|45|28.60|67
GME211217C00200000|5.40|7.50|5.40|5.55|6.70|8|1.15|0.2072|308|3025|3|92|0.2328|0.0108|0.0113|-0.3921|0.0932||6.90|42|6.05|47
GME211217P00200000||||38.96|38.96|8|0.00|0.0000|-44|1875|0|0|-0.7608|0.0107|-0.0487|-0.4067|0.0946||33.90|39|30.55|90
GME211217C00202500||||5.85|5.85|9|0.00|0.0000|4|39|0|0|0.3240|0.0083|0.0147|-0.7056|0.1096||6.70|50|5.60|45
GME211217P00202500||||38.80|38.80|9|0.00|0.0000|0|120|0|0|-0.7312|0.0094|-0.0484|-0.5235|0.1006||36.00|37|32.60|71
GME211217C00205000|5.53|6.00|5.53|4.50|6.00|10|1.50|0.3333|36|100|1|4|0.2875|0.0085|0.0133|-0.6238|0.1039||6.20|79|5.20|12
GME211217P00205000||||41.50|41.50|10|0.00|0.0000|-2|161|0|0|-0.7352|0.0088|-0.0494|-0.5504|0.0998||38.15|45|34.65|75
GME211217C00207500|5.40|5.40|5.30|5.65|5.30|11|-0.35|-0.0619|3|34|2|3|0.3026|0.0077|0.0137|-0.7199|0.1064||5.95|93|4.85|44
GME211217P00207500|37.77|37.77|37.77|43.07|37.77|11|-5.30|-0.1231|3|219|1|1|-0.7688|0.0087|-0.0516|-0.4855|0.0928||40.25|45|36.75|77
GME211217C00210000|5.25|5.35|4.80|4.35|5.05|12|0.70|0.1609|16|813|7|119|0.1508|0.0083|0.0074|-0.3001|0.0713||5.50|75|4.55|1
GME211217P00210000|38.00|40.90|38.00|47.90|40.55|12|-7.35|-0.1534|65|273|1|16|-0.8441|0.0083|-0.0557|-0.3117|0.0729||41.75|12|40.55|1
GME211217C00212500|4.80|4.80|4.80|4.58|4.80|13|0.22|0.0480|21|35|4|6|0.2653|0.0074|0.0121|-0.6622|0.0999||5.15|48|4.20|81
GME211217P00212500||||42.25|42.25|13|0.00|0.0000|0|59|0|0|-0.8389|0.0079|-0.0562|-0.3444|0.0745||44.60|47|41.05|76
GME211217C00215000|4.45|4.50|4.25|3.82|4.25|14|0.43|0.1126|20|123|5|12|0.2403|0.0072|0.0111|-0.6074|0.0948||4.65|15|3.95|65
GME211217P00215000||||54.30|54.30|14|0.00|0.0000|-5|99|0|0|-0.7068|0.0067|-0.0518|-0.8043|0.1049||46.80|47|43.30|66
GME211217C00217500||||5.10|5.10|15|0.00|0.0000|0|40|0|0|0.2635|0.0067|0.0119|-0.7234|0.0996||4.40|21|3.65|58
GME211217P00217500|46.54|46.80|46.54|56.80|46.80|15|-10.00|-0.1761|-6|49|2|3|-0.7127|0.0065|-0.0528|-0.8174|0.1039||49.05|35|45.55|63
GME211217C00220000|4.00|4.25|3.90|3.40|4.15|16|0.75|0.2206|-8|1871|1|4|0.0953|0.0060|0.0047|-0.2194|0.0517||3.90|20|3.50|88
GME211217P00220000||||59.00|59.00|16|0.00|0.0000|-1|423|0|0|-0.8979|0.0061|-0.0613|-0.2362|0.0543||51.30|34|47.80|83
GME211217C00222500|3.80|3.80|3.77|3.30|3.77|17|0.47|0.1424|11|81|3|6|0.2088|0.0065|0.0096|-0.5794|0.0876||3.90|27|3.30|59
GME211217P00222500||||49.15|49.15|17|0.00|0.0000|0|21|0|0|-0.8023|0.0065|-0.0579|-0.5398|0.0847||53.60|28|50.15|20
GME211217C00225000|3.75|3.75|3.38|3.00|3.38|18|0.38|0.1267|11|139|1|4|0.1952|0.0062|0.0090|-0.5543|0.0841||3.85|39|3.15|67
GME211217P00225000||||49.64|49.64|18|0.00|0.0000|0|30|0|0|-0.8406|0.0062|-0.0603|-0.4325|0.0740||55.90|31|52.40|18
GME211217C00227500||||3.60|3.60|19|0.00|0.0000|1|10|0|0|0.2072|0.0060|0.0095|-0.6209|0.0872||3.80|40|3.00|51
GME211217P00227500||||51.86|51.86|19|0.00|0.0000|0|60|0|0|-0.9537|0.0037|-0.0663|-0.1133|0.0295||58.20|33|54.75|19
GME211217C00230000|3.25|3.30|3.25|3.05|3.30|20|0.25|0.0820|2|438|1|2|0.0625|0.0042|0.0031|-0.1638|0.0375||3.50|33|2.91|35
GME211217P00230000||||64.00|64.00|20|0.00|0.0000|0|63|0|0|-0.9341|0.0043|-0.0661|-0.1728|0.0391||60.55|13|57.10|15
GME211217C00232500||||2.66|2.66|21|0.00|0.0000|-1|85|0|0|0.1719|0.0056|0.0080|-0.5301|0.0777||3.50|62|2.84|9
GME211217P00232500||||53.30|53.30|21|0.00|0.0000|0|19|0|0|-0.9617|0.0031|-0.0682|-0.1001|0.0253||62.90|13|59.45|18
GME211217C00235000|3.10|3.10|3.10|2.80|3.10|22|0.30|0.1071|11|89|1|1|0.1724|0.0054|0.0080|-0.5501|0.0778||3.40|88|2.75|7
GME211217P00235000||||68.76|68.76|22|0.00|0.0000|0|61|0|0|-0.8820|0.0050|-0.0652|-0.3538|0.0603||65.25|13|61.80|25
GME211217C00240000|2.83|2.86|2.68|2.62|2.76|23|0.14|0.0534|25|346|1|18|0.0380|0.0028|0.0019|-0.1108|0.0252||2.99|18|2.50|73
GME211217P00240000||||73.45|73.45|23|0.00|0.0000|0|54|0|0|-0.9574|0.0030|-0.0702|-0.1243|0.0276||70.00|10|66.60|18
GME211217C00245000|2.75|2.75|2.75|2.74|2.75|24|0.01|0.0036|4|200|1|11|0.1575|0.0047|0.0072|-0.5571|0.0734||2.99|94|2.33|6
GME211217P00245000||||78.00|78.00|24|0.00|0.0000|1|39|0|0|-0.9221|0.0038|-0.0701|-0.2526|0.0444||74.80|11|71.40|18
GME211217C00250000|2.75|2.75|2.26|2.39|2.31|25|-0.08|-0.0335|58|1302|1|62|0.0236|0.0019|0.0012|-0.0758|0.0170||2.50|1|2.22|28
GME211217P00250000||||85.24|85.24|25|0.00|0.0000|-1|54|0|0|-0.9740|0.0020|-0.0740|-0.0831|0.0184||79.65|13|76.25|32
GME211217C00255000|2.16|2.33|2.16|2.26|2.33|26|0.07|0.0310|0|359|3|6|0.1325|0.0041|0.0061|-0.5056|0.0653||2.50|14|2.00|87
GME211217P00255000||||39.75|39.75|26|0.00|0.0000|0|5|0|0|-1.0000|0.0000|-0.0768|0.0007|0.0001||84.50|11|81.10|26
GME211217C00260000||||2.37|2.37|27|0.00|0.0000|-4|519|0|0|0.0143|0.0012|0.0007|-0.0501|0.0111||2.50|46|1.96|59
GME211217P00260000||||89.25|89.25|27|0.00|0.0000|0|21|0|0|-0.9840|0.0013|-0.0776|-0.0554|0.0122||89.50|10|86.00|13
GME211217C00270000|2.00|2.00|2.00|2.10|2.00|28|-0.10|-0.0476|64|636|3|3|0.0093|0.0008|0.0005|-0.0353|0.0076||2.24|35|1.82|36
GME211217P00270000||||102.35|102.35|28|0.00|0.0000|-19|30|0|0|-0.9892|0.0009|-0.0808|-0.0402|0.0087||99.50|4|95.80|21
GME211217C00280000|1.97|1.97|1.83|1.98|1.85|29|-0.13|-0.0657|32|2058|3|5|0.0063|0.0006|0.0003|-0.0257|0.0054||1.92|2|1.71|10
GME211217P00280000||||91.00|91.00|29|0.00|0.0000|0|10|0|0|-0.9928|0.0006|-0.0840|-0.0282|0.0061||109.50|22|105.65|27
GME211217C00290000||||1.80|1.80|30|0.00|0.0000|6|531|0|0|0.0043|0.0004|0.0002|-0.0184|0.0038||2.04|66|1.61|3
GME211217P00290000||||127.73|127.73|30|0.00|0.0000|-2|23|0|0|-0.9947|0.0005|-0.0871|-0.0222|0.0047||119.40|15|115.65|18
GME211217C00300000|2.99|2.99|1.54|1.60|1.54|31|-0.06|-0.0375|-109|5622|4|34|0.0028|0.0003|0.0001|-0.0128|0.0026||1.75|6|1.58|1
GME211217P00300000||||126.50|126.50|31|0.00|0.0000|0|20|0|0|-0.9967|0.0003|-0.0902|-0.0143|0.0031||129.35|13|125.65|14
GME211217C00310000|1.84|1.84|1.84|1.62|1.84|32|0.22|0.1358|16|384|14|14|0.0018|0.0002|0.0001|-0.0086|0.0017||1.79|44|1.35|84
GME211217P00310000||||102.75|102.75|32|0.00|0.0000|0|3|0|0|-0.9977|0.0002|-0.0933|-0.0103|0.0022||139.35|17|135.35|12
GME211217C00320000|1.65|1.69|1.65|1.49|1.69|33|0.20|0.1342|11|459|49|50|0.0012|0.0001|0.0001|-0.0063|0.0012||1.79|89|1.35|41
GME211217P00320000||||96.00|96.00|33|0.00|0.0000|0|17|0|0|-0.9984|0.0002|-0.0964|-0.0073|0.0016||149.10|13|145.25|12
GME211217C00330000|1.58|1.58|1.46|1.49|1.46|34|-0.03|-0.0201|21|234|7|23|0.0009|0.0001|0.0000|-0.0047|0.0009||1.60|20|1.35|12
GME211217P00330000||||159.50|159.50|34|0.00|0.0000|0|3|0|0|-0.9988|0.0001|-0.0994|-0.0050|0.0012||159.05|16|155.20|10
GME211217C00340000|1.45|1.45|1.45|1.41|1.45|35|0.04|0.0284|0|232|5|5|0.0007|0.0001|0.0000|-0.0036|0.0007||1.50|11|1.24|10
GME211217P00340000||||126.85|126.85|35|0.00|0.0000|0|7|0|0|-0.9992|0.0001|-0.1024|-0.0034|0.0009||169.05|4|165.10|12
GME211217C00350000|1.44|1.44|1.20|1.33|1.20|36|-0.13|-0.0977|-148|856|2|7|0.0005|0.0000|0.0000|-0.0029|0.0005||1.44|6|1.20|7
GME211217P00350000||||133.85|133.85|36|0.00|0.0000|0|4|0|0|-0.9994|0.0001|-0.1054|-0.0025|0.0007||179.00|2|175.05|12
GME211217C00360000|1.29|1.29|1.29|1.15|1.29|37|0.14|0.1217|-3|312|1|1|0.0004|0.0000|0.0000|-0.0024|0.0004||1.43|12|1.12|15
GME211217P00360000||||||37|||0|0|0|0|-0.9995|0.0000|-0.1085|-0.0018|0.0006||188.95|12|185.00|12
GME211217C00370000||||1.43|1.43|38|0.00|0.0000|1|447|0|0|0.0003|0.0000|0.0000|-0.0020|0.0004||1.43|38|1.00|20
GME211217P00370000||||172.65|172.65|38|0.00|0.0000|0|3|0|0|-0.9996|0.0000|-0.1115|-0.0013|0.0004||198.95|12|194.95|12
GME211217C00380000||||1.20|1.20|39|0.00|0.0000|7|175|0|0|0.0003|0.0000|0.0000|-0.0017|0.0003||1.43|44|0.99|17
GME211217P00380000||||208.83|208.83|39|0.00|0.0000|0|16|0|0|-0.9997|0.0000|-0.1145|-0.0007|0.0004||208.85|2|204.90|12
GME211217C00390000|1.20|1.20|1.17|1.16|1.17|40|0.01|0.0086|71|265|2|3|0.0002|0.0000|0.0000|-0.0015|0.0003||1.43|80|0.92|34
GME211217P00390000||||||40|||0|0|0|0|-0.9997|0.0000|-0.1175|-0.0004|0.0003||218.75|3|214.80|12
GME211217C00400000|1.10|1.21|0.90|1.10|1.01|41|-0.09|-0.0818|49|1325|2|26|0.0002|0.0000|0.0000|-0.0011|0.0002||1.20|2|0.92|20
GME211217P00400000||||238.75|238.75|41|0.00|0.0000|0|3|0|0|-0.9998|0.0000|-0.1205|-0.0002|0.0003||228.70|2|224.85|12
GME211217C00410000|1.00|1.00|1.00|1.10|1.00|42|-0.10|-0.0909|1|227|1|1|0.0001|0.0000|0.0000|-0.0009|0.0001||1.20|12|0.85|34
GME211217P00410000||||190.90|190.90|42|0.00|0.0000|0|3|0|0|-0.9998|0.0000|-0.1235|0.0001|0.0002||238.60|12|234.75|12
GME211217C00420000|1.09|1.09|0.92|0.92|0.92|43|0.00|0.0000|-2|540|1|2|0.0001|0.0000|0.0000|-0.0008|0.0001||1.10|3|0.85|1
GME211217P00420000||||189.85|189.85|43|0.00|0.0000|0|16|0|0|-0.9999|0.0000|-0.1266|0.0008|0.0001||248.50|12|244.75|12
GME211217C00430000||||1.04|1.04|44|0.00|0.0000|7|220|0|0|0.0001|0.0000|0.0000|-0.0006|0.0001||1.17|10|0.65|28
GME211217P00430000||||244.20|244.20|44|0.00|0.0000|0|0|0|0|-0.9999|0.0000|-0.1296|0.0009|0.0001||258.70|1|253.85|1
GME211217C00440000||||0.80|0.80|45|0.00|0.0000|2|474|0|0|0.0001|0.0000|0.0000|-0.0005|0.0001||1.17|14|0.65|25
GME211217P00440000||||||45|||0|0|0|0|-0.9999|0.0000|-0.1326|0.0011|0.0001||268.70|12|263.85|10
GME211217C00450000|0.90|0.90|0.81|0.84|0.81|46|-0.03|-0.0357|62|745|1|3|0.0001|0.0000|0.0000|-0.0004|0.0001||1.01|2|0.88|1
GME211217P00450000||||||46|||0|0|0|0|-1.0000|0.0000|-0.1356|0.0012|0.0001||279.60|10|273.85|2
GME211217C00460000|0.88|0.88|0.88|0.90|0.88|47|-0.02|-0.0222|0|1139|1|1|0.0000|0.0000|0.0000|-0.0004|0.0001||1.15|22|0.88|1
GME211217P00460000||||261.60|261.60|47|0.00|0.0000|0|5|0|0|-1.0000|0.0000|-0.1386|0.0013|0.0000||289.40|12|283.80|10
GME211217C00470000||||1.00|1.00|48|0.00|0.0000|0|190|0|0|0.0383|0.0010|0.0017|-0.3241|0.0253||1.09|4|0.64|1
GME211217P00470000||||||48||||0|0|0|-1.0000|0.0000|-0.1416|0.0016|0.0000||299.15|12|293.80|4
GME211217C00480000|0.65|0.65|0.65|0.80|0.65|49|-0.15|-0.1875|2|245|1|1|0.0319|0.0008|0.0014|-0.2743|0.0218||1.09|26|0.57|30
GME211217P00480000||||264.21|264.21|49|0.00|0.0000|0|7|0|0|-0.9945|0.0002|-0.1444|-0.0443|0.0048||309.10|3|303.75|20
GME211217C00490000|0.74|0.79|0.74|0.80|0.79|50|-0.01|-0.0125|-1|151|1|2|0.0314|0.0008|0.0014|-0.2746|0.0215||1.08|15|0.53|29
GME211217P00490000||||274.04|274.04|50|0.00|0.0000|0|7|0|0|-0.9923|0.0003|-0.1473|-0.0650|0.0065||319.15|3|313.75|12
GME211217C00500000|0.75|0.75|0.74|0.66|0.75|51|0.09|0.1364|16|2452|1|4|0.0267|0.0007|0.0012|-0.2374|0.0188||0.80|2|0.60|1
GME211217P00500000||||290.05|290.05|51|0.00|0.0000|0|7|0|0|-0.9834|0.0005|-0.1499|-0.1448|0.0126||329.15|3|323.70|20
GME211217C00510000|0.63|0.70|0.63|0.65|0.68|52|0.03|0.0462|67|1621|1|33|0.0260|0.0007|0.0012|-0.2347|0.0184||0.68|4|0.65|8
GME211217P00510000||||277.97|277.97|52|0.00|0.0000|0|0|0|0|-0.9957|0.0002|-0.1535|-0.0361|0.0038||339.05|3|333.70|12
GME211223C00100000||||71.00|71.00|12|0.00|0.0000|0|13|0|0|0.9350|0.0016|0.0400|-0.2889|0.0483||77.55|13|74.10|5
GME211223P00100000|2.42|2.42|1.55|2.13|1.75|12|-0.38|-0.1784|61|375|1|11|-0.0426|0.0014|-0.0041|-0.1738|0.0345||1.94|1|1.54|16
GME211223C00110000||||||11||||0|0|0|1.0000|0.0000|0.0512|-0.0004|0.0000||67.95|5|63.95|13
GME211223P00110000||||2.57|2.57|11|0.00|0.0000|415|520|0|0|-0.0551|0.0019|-0.0053|-0.1907|0.0424||2.64|29|1.56|107
GME211223C00120000||||49.37|49.37|10|0.00|0.0000|1|2|0|0|0.9485|0.0023|0.0512|-0.1409|0.0402||58.65|9|54.40|4
GME211223P00120000|3.00|3.14|2.79|4.10|3.14|10|-0.96|-0.2341|0|37|1|17|-0.0873|0.0028|-0.0084|-0.2651|0.0604||3.45|32|2.66|1
GME211223C00130000||||41.20|41.20|9|0.00|0.0000|1|1|0|0|0.9008|0.0037|0.0513|-0.2399|0.0664||49.75|6|46.45|7
GME211223P00130000||||5.25|5.25|9|0.00|0.0000|5|141|0|0|-0.1172|0.0038|-0.0112|-0.2989|0.0749||4.65|58|3.40|49
GME211223C00140000|41.10|41.10|41.10|41.10|41.10|8|0.00|0.0000|0|0|1|1|1.0000|0.0000|0.0652|-0.0005|0.0000||41.35|9|37.95|5
GME211223P00140000||||7.23|7.23|8|0.00|0.0000|7|49|0|0|-0.1639|0.0051|-0.0157|-0.3524|0.0941||6.40|40|4.35|48
GME211223C00145000||||||7||||0|0|0|1.0000|0.0000|0.0675|-0.0005|0.0000||37.45|8|34.00|13
GME211223P00145000||||8.30|8.30|7|0.00|0.0000|3|14|0|0|-0.1955|0.0060|-0.0187|-0.3760|0.1046||7.55|23|6.15|14
GME211223C00150000||||28.10|28.10|6|0.00|0.0000|0|21|0|0|0.7624|0.0062|0.0466|-0.4548|0.1177||33.70|8|30.45|18
GME211223P00150000|9.75|9.75|7.78|11.00|7.94|6|-3.06|-0.2782|6|161|1|10|-0.2350|0.0063|-0.0229|-0.4432|0.1170||8.95|52|6.75|102
GME211223C00155000||||29.20|29.20|5|0.00|0.0000|0|11|0|0|0.7031|0.0057|0.0414|-0.6205|0.1311||30.25|19|27.10|20
GME211223P00155000||||13.30|13.30|5|0.00|0.0000|1|79|0|0|-0.2793|0.0068|-0.0275|-0.4873|0.1274||10.35|40|8.25|50
GME211223C00160000||||22.77|22.77|4|0.00|0.0000|1|20|0|0|0.6857|0.0070|0.0431|-0.5289|0.1351||27.00|19|23.85|20
GME211223P00160000||||13.20|13.20|4|0.00|0.0000|5|71|0|0|-0.3005|0.0081|-0.0290|-0.4388|0.1325||12.45|51|9.90|43
GME211223C00165000|22.80|22.80|21.60|18.80|21.60|3|2.80|0.1489|32|48|1|11|0.6435|0.0080|0.0416|-0.5092|0.1413||24.15|34|21.05|23
GME211223P00165000|13.12|13.12|13.12|17.15|13.12|3|-4.03|-0.2350|31|315|5|10|-0.3566|0.0080|-0.0353|-0.5102|0.1413||14.60|76|12.10|90
GME211223C00170000|20.25|20.25|19.22|18.44|19.22|2|0.78|0.0423|5|35|1|2|0.6075|0.0075|0.0390|-0.5828|0.1463||21.40|29|18.65|23
GME211223P00170000|15.51|15.51|15.51|20.03|15.51|2|-4.52|-0.2257|1|62|15|30|-0.3928|0.0082|-0.0394|-0.5326|0.1464||17.00|48|14.55|33
GME211223C00175000|17.20|17.86|17.20|16.30|17.86|1|1.56|0.0957|19|38|5|11|0.5686|0.0077|0.0369|-0.5925|0.1496||19.00|30|16.20|19
GME211223P00175000|18.00|18.00|18.00|22.05|18.00|1|-4.05|-0.1837|-4|43|1|1|-0.4370|0.0088|-0.0438|-0.5183|0.1500||19.70|28|17.40|10
