symbol|open|high|low|preClose|close|activeLevel|change|changeRatio|openIntChange|openInterest|latestPriceVol|volume|delta|gamma|rho|theta|vega|tradeStamptradeTime|ask|avol|bid|bvol
GME211203C00100000||||83.51|83.51|9|0.00|0.0000|-1|9|0|0|0.9734|0.0012|0.0026|-1.5560|0.0055||75.60|10|72.30|4
GME211203P00100000|0.04|0.05|0.01|0.06|0.01|9|-0.05|-0.8333|21|534|1|194|-0.0013|0.0001|0.0000|-0.0661|0.0004||0.01|1|0.00|0
GME211203C00110000||||135.99|135.99|8|0.00|0.0000|0|1|0|0|0.8654|0.0024|0.0022|-9.5878|0.0193||65.65|10|62.30|2
GME211203P00110000|0.08|0.08|0.08|0.11|0.08|8|-0.03|-0.2727|27|199|9|37|-0.0084|0.0007|0.0000|-0.3675|0.0020||0.11|24|0.01|1
GME211203C00120000||||||7||||0|0|0|1.0000|0.0000|0.0033|-0.0004|0.0000||55.75|10|52.10|5
GME211203P00120000|0.04|0.11|0.03|0.19|0.03|7|-0.16|-0.8421|165|546|5|75|-0.0049|0.0006|0.0000|-0.1687|0.0013||0.11|16|0.00|0
GME211203C00130000||||65.44|65.44|6|0.00|0.0000|0|1|0|0|0.8108|0.0041|0.0024|-9.0192|0.0241||45.80|6|42.35|2
GME211203P00130000|0.14|0.18|0.05|0.29|0.09|6|-0.20|-0.6897|7|983|1|109|-0.0110|0.0014|-0.0001|-0.2955|0.0026||0.15|19|0.02|5
GME211203C00140000|32.50|32.50|32.50|55.33|32.50|5|-22.83|-0.4126|0|6|4|4|0.7419|0.0040|0.0044|-6.5923|0.0407||35.80|8|32.40|5
GME211203P00140000|0.15|0.38|0.01|0.30|0.09|5|-0.21|-0.7000|17|1168|1|438|-0.0209|0.0030|-0.0001|-0.4175|0.0045||0.13|6|0.06|18
GME211203C00150000|23.50|24.00|21.00|44.80|24.00|4|-20.80|-0.4643|0|6|1|52|0.7206|0.0070|0.0025|-8.0895|0.0299||26.10|43|22.15|27
GME211203P00150000|0.20|0.59|0.15|0.65|0.17|4|-0.48|-0.7385|149|1347|13|797|-0.0726|0.0091|-0.0004|-1.0420|0.0123||0.40|53|0.16|7
GME211203C00155000||||27.75|27.75|3|0.00|0.0000|0|5|0|0|0.6893|0.0078|0.0025|-7.9739|0.0315||20.95|10|17.15|16
GME211203P00155000|0.39|0.70|0.29|0.68|0.29|3|-0.39|-0.5735|-29|963|1|305|-0.1076|0.0141|-0.0005|-1.2128|0.0165||0.38|5|0.20|25
GME211203C00160000|23.77|23.77|12.60|23.00|14.03|2|-8.97|-0.3900|2|117|1|6|0.7783|0.0208|0.0033|-2.1249|0.0265||15.85|57|12.30|82
GME211203P00160000|1.14|1.24|0.34|0.68|0.34|2|-0.34|-0.5000|108|548|1|854|-0.3621|0.0055|-0.0889|-0.3292|0.2084||0.49|10|0.30|27
GME211203C00165000|15.40|15.40|6.20|32.50|8.90|1|-23.60|-0.7262|0|31|1|111|0.5969|0.0094|0.0023|-7.9508|0.0345||11.00|53|7.65|72
GME211203P00165000|0.62|2.20|0.40|1.20|0.59|1|-0.61|-0.5083|41|824|1|873|-0.2955|0.0326|-0.0014|-1.8286|0.0308||0.80|1|0.49|109
GME211203C00170000|6.30|6.30|3.10|13.35|4.71|1|-8.64|-0.6472|13|63|1|588|0.5229|0.0387|0.0023|-2.0482|0.0355||5.20|18|4.40|14
GME211203P00170000|1.42|4.00|0.80|1.87|1.20|1|-0.67|-0.3583|480|1414|1|1405|-0.4868|0.0406|-0.0024|-1.9562|0.0355||1.50|26|1.14|149
GME211203C00175000|7.05|7.05|1.40|9.00|1.90|2|-7.10|-0.7889|6|123|2|1903|0.2994|0.0392|0.0014|-1.5382|0.0309||2.15|22|1.67|19
GME211203P00175000|1.75|7.00|1.50|2.73|3.25|2|0.52|0.1905|485|968|3|640|-0.7034|0.0396|-0.0035|-1.5094|0.0308||3.90|1|3.20|14
GME211203C00177500|4.12|4.12|0.85|8.24|1.45|3|-6.79|-0.8240|34|41|1|1044|0.2509|0.0306|0.0011|-1.6550|0.0283||1.33|51|0.94|61
GME211203P00177500|2.70|8.95|2.20|3.58|5.00|3|1.42|0.3966|267|466|2|464|-0.4904|0.0074|-0.1167|-0.2757|0.2217||5.60|1|3.80|90
GME211203C00180000|4.60|5.00|0.54|5.75|0.80|4|-4.95|-0.8609|33|766|2|912|0.1347|0.0253|0.0006|-0.9287|0.0193||0.74|5|0.54|9
GME211203P00180000|5.29|11.50|2.63|4.40|6.50|4|2.10|0.4773|-355|1413|2|213|-0.8757|0.0250|-0.0044|-0.8417|0.0182||8.05|6|6.70|15
GME211203C00182500|3.75|3.90|0.42|4.40|0.55|5|-3.85|-0.8750|61|146|1|168|0.1614|0.0206|0.0014|-0.7262|0.0308||0.52|32|0.34|58
GME211203P00182500|7.75|13.03|3.89|5.41|9.53|5|4.12|0.7616|-45|252|1|67|-0.9353|0.0162|-0.0047|-0.4933|0.0113||10.35|5|7.85|23
GME211203C00185000|2.43|3.10|0.25|3.22|0.34|6|-2.88|-0.8944|314|795|4|1144|0.0445|0.0115|0.0002|-0.3843|0.0084||0.40|22|0.25|11
GME211203P00185000|9.16|15.95|4.90|7.21|12.05|6|4.84|0.6713|-47|541|1|96|-0.9506|0.0121|-0.0048|-0.4296|0.0091||12.75|9|11.20|8
GME211203C00187500|2.00|2.16|0.25|2.40|0.26|7|-2.14|-0.8917|-120|610|1|98|0.0228|0.0066|0.0001|-0.2225|0.0048||0.39|36|0.19|22
GME211203P00187500|7.14|17.61|7.14|8.59|14.49|7|5.90|0.6868|-33|442|1|21|-0.9801|0.0060|-0.0050|-0.1920|0.0043||15.30|7|12.65|32
GME211203C00190000|1.42|1.60|0.21|1.70|0.21|8|-1.49|-0.8765|-141|637|1|558|0.0109|0.0035|0.0001|-0.1170|0.0026||0.28|15|0.16|14
GME211203P00190000|11.26|20.31|8.25|11.17|16.95|8|5.78|0.5175|-67|766|1|107|-0.5568|0.0067|-0.1398|-0.3002|0.2195||17.80|10|15.05|53
GME211203C00192500|1.00|1.09|0.18|1.27|0.18|9|-1.09|-0.8583|-248|254|1|376|0.0386|0.0071|0.0003|-0.2461|0.0105||0.25|33|0.18|48
GME211203P00192500|10.85|24.24|10.85|12.49|24.24|9|11.75|0.9408|-8|265|3|18|-0.9938|0.0021|-0.0052|-0.0723|0.0016||20.55|12|18.65|1
GME211203C00195000|1.09|1.09|0.13|1.07|0.18|10|-0.89|-0.8318|-71|526|1|304|0.0262|0.0052|0.0001|-0.3559|0.0054||0.23|10|0.17|5
GME211203P00195000|15.20|24.67|12.95|14.76|21.85|10|7.09|0.4804|-69|557|1|24|-0.6006|0.0069|-0.1499|-0.2748|0.2147||23.05|19|20.00|17
GME211203C00197500|0.35|0.35|0.15|0.89|0.15|11|-0.74|-0.8315|-133|357|5|54|0.0209|0.0041|0.0001|-0.3089|0.0045||0.19|19|0.10|23
GME211203P00197500|17.15|26.97|15.00|17.43|23.41|11|5.98|0.3431|-4|198|1|53|-0.9925|0.0020|-0.0054|-0.1071|0.0019||25.00|9|22.30|70
GME211203C00200000|0.65|0.74|0.10|0.68|0.10|12|-0.58|-0.8529|599|1650|1|734|0.0020|0.0007|0.0000|-0.0296|0.0006||0.10|1|0.09|10
GME211203P00200000|18.50|29.61|18.50|19.88|26.45|12|6.57|0.3305|-271|727|2|79|-0.9924|0.0019|-0.0054|-0.1165|0.0019||27.80|17|24.75|64
GME211203C00202500|0.30|0.51|0.11|0.50|0.11|13|-0.39|-0.7800|164|445|1|29|0.4639|0.0046|0.0595|-0.4394|0.2208||0.12|6|0.08|12
GME211203P00202500|21.15|31.85|21.15|21.93|30.22|13|8.29|0.3780|-30|154|8|11|-0.5938|0.0057|-0.1596|-0.3373|0.2156||30.55|14|26.75|119
GME211203C00205000|0.88|0.88|0.10|0.55|0.11|14|-0.44|-0.8000|-141|693|1|105|0.0014|0.0004|0.0000|-0.0250|0.0004||0.11|4|0.08|6
GME211203P00205000|26.93|34.70|26.93|24.98|31.19|14|6.21|0.2486|-135|349|1|51|-0.5539|0.0047|-0.1608|-0.4223|0.2197||33.00|21|29.30|67
GME211203C00207500|0.15|0.15|0.08|0.55|0.09|15|-0.46|-0.8364|148|548|2|30|0.3933|0.0054|0.0546|-0.3487|0.2138||0.10|4|0.07|6
GME211203P00207500|38.35|38.35|36.84|25.68|36.84|15|11.16|0.4346|-2|33|1|6|-0.8882|0.0073|-0.0052|-2.4741|0.0170||35.50|9|31.95|64
GME211203C00210000|0.33|0.39|0.07|0.46|0.09|16|-0.37|-0.8043|73|1012|5|501|0.0011|0.0003|0.0000|-0.0215|0.0003||0.09|5|0.06|12
GME211203P00210000|28.88|40.95|28.55|29.77|36.80|16|7.03|0.2361|-51|334|1|54|-0.9921|0.0015|-0.0057|-0.1560|0.0019||37.80|8|34.35|117
GME211203C00212500|0.22|0.22|0.06|0.48|0.08|17|-0.40|-0.8333|47|344|1|33|0.0013|0.0003|0.0000|-0.0260|0.0004||0.09|5|0.05|24
GME211203P00212500|37.02|41.83|37.02|33.40|41.55|17|8.15|0.2440|0|67|1|6|-0.9771|0.0029|-0.0057|-0.5014|0.0048||40.45|10|36.95|15
GME211203C00215000|0.17|0.23|0.08|0.37|0.08|18|-0.29|-0.7838|0|792|30|217|0.0109|0.0017|0.0000|-0.2427|0.0026||0.09|76|0.08|73
GME211203P00215000|35.00|45.70|35.00|31.97|40.60|18|8.63|0.2699|-11|215|3|17|-0.9597|0.0039|-0.0057|-0.9531|0.0077||42.90|15|39.40|119
GME211203C00217500|0.16|0.16|0.06|0.38|0.06|19|-0.32|-0.8421|-3|180|1|110|0.0102|0.0015|0.0000|-0.2384|0.0024||0.08|7|0.06|2
GME211203P00217500|46.36|48.06|45.41|38.35|45.41|19|7.06|0.1841|-2|72|38|51|-0.9785|0.0026|-0.0059|-0.5160|0.0046||45.35|14|41.85|18
GME211203C00220000|0.17|0.20|0.05|0.36|0.08|20|-0.28|-0.7778|32|1410|1|202|0.0102|0.0015|0.0000|-0.2489|0.0024||0.08|57|0.06|1
GME211203P00220000|49.15|50.41|48.10|40.13|48.14|20|8.01|0.1996|-18|195|2|11|-0.9883|0.0016|-0.0060|-0.2874|0.0027||47.80|16|44.35|60
GME211203C00222500|0.09|0.09|0.07|0.37|0.07|21|-0.30|-0.8108|4|185|1|3|0.4823|0.0034|0.0553|-0.5980|0.2222||0.08|5|0.05|1
GME211203P00222500|44.57|48.74|44.57|45.85|48.74|21|2.89|0.0630|-6|45|1|2|-0.9410|0.0042|-0.0058|-1.6325|0.0105||50.30|11|46.85|20
GME211203C00225000|0.20|0.20|0.05|0.30|0.06|22|-0.24|-0.8000|-60|596|1|54|0.4897|0.0032|0.0546|-0.6286|0.2217||0.07|2|0.05|6
GME211203P00225000|42.95|53.85|42.95|45.20|51.95|22|6.75|0.1493|0|125|1|14|-0.9878|0.0015|-0.0061|-0.3270|0.0028||52.75|11|49.30|60
GME211203C00227500|0.14|0.14|0.04|0.50|0.05|23|-0.45|-0.9000|16|113|1|18|0.0408|0.0032|0.0004|-0.5967|0.0110||0.07|4|0.04|5
GME211203P00227500|55.10|55.10|55.10|45.48|55.10|23|9.62|0.2115|0|26|1|1|-0.9918|0.0011|-0.0062|-0.2260|0.0020||55.45|6|51.90|94
GME211203C00230000|0.24|0.24|0.03|0.24|0.06|24|-0.18|-0.7500|-39|888|1|74|0.0073|0.0010|0.0000|-0.2067|0.0018||0.06|1|0.04|1
GME211203P00230000|47.00|55.64|47.00|49.84|55.64|24|5.80|0.1164|-4|63|2|3|-0.9918|0.0011|-0.0063|-0.2334|0.0020||57.90|5|54.35|91
GME211203C00232500|0.03|0.05|0.03|0.25|0.05|25|-0.20|-0.8000|-7|86|1|2|0.4874|0.0031|0.0535|-0.6593|0.2223||0.07|7|0.03|12
GME211203P00232500||||52.32|52.32|25|0.00|0.0000|-1|33|0|0|-0.9521|0.0033|-0.0123|-0.7563|0.0125||60.25|3|56.80|50
GME211203C00235000|0.56|0.56|0.02|0.25|0.05|26|-0.20|-0.8000|-14|317|1|14|0.0061|0.0008|0.0000|-0.1835|0.0015||0.07|19|0.05|2
GME211203P00235000|53.48|64.17|53.48|53.95|60.94|26|6.99|0.1296|-31|340|1|66|-0.9942|0.0008|-0.0064|-0.1743|0.0015||62.60|4|59.30|104
GME211203C00237500|0.13|0.13|0.02|0.27|0.05|27|-0.22|-0.8148|-1|114|1|10|0.0060|0.0008|0.0000|-0.1854|0.0015||0.05|12|0.02|14
GME211203P00237500|55.98|66.67|55.98|56.45|63.45|27|7.00|0.1240|-22|262|1|66|-0.9935|0.0008|-0.0065|-0.2012|0.0016||65.10|9|61.80|112
GME211203C00240000|0.20|0.20|0.03|0.27|0.05|28|-0.22|-0.8148|64|656|3|28|0.0038|0.0005|0.0000|-0.1220|0.0010||0.04|1|0.03|4
GME211203P00240000|69.64|69.64|69.63|60.48|69.63|28|9.15|0.1513|-6|95|3|4|-0.8792|0.0045|-0.0061|-4.5187|0.0179||67.80|5|64.30|107
GME211203C00245000|0.05|0.06|0.01|0.23|0.02|29|-0.21|-0.9130|-115|299|1|31|0.0024|0.0003|0.0000|-0.0812|0.0007||0.07|11|0.02|17
GME211203P00245000|66.88|66.88|66.88|60.55|66.88|29|6.33|0.1045|-1|67|1|1|-0.6451|0.0039|-0.2158|-0.4537|0.2069||72.75|4|69.35|11
GME211203C00250000|0.06|0.12|0.02|0.14|0.04|30|-0.10|-0.7143|1181|4523|1|266|0.5050|0.0026|0.0507|-0.7745|0.2217||0.05|1|0.03|1
GME211203P00250000|75.53|75.81|75.53|70.43|75.81|30|5.38|0.0764|0|123|1|3|-0.9872|0.0012|-0.0068|-0.4678|0.0029||77.75|7|74.35|104
GME211203C00260000|0.05|0.05|0.01|0.15|0.03|31|-0.12|-0.8000|-5|709|1|59|0.0032|0.0004|0.0000|-0.1259|0.0009||0.05|5|0.03|1
GME211203P00260000|88.15|88.15|88.15|75.00|88.15|31|13.15|0.1753|0|6|1|1|-0.9328|0.0029|-0.0068|-2.8734|0.0116||87.70|2|84.40|12
GME211203C00270000|0.04|0.06|0.02|0.02|0.02|32|0.00|0.0000|20|607|2|18|0.0030|0.0003|0.0000|-0.1264|0.0008||0.04|1|0.02|8
GME211203P00270000|99.66|99.66|99.66|86.50|99.66|32|13.16|0.1521|0|21|3|4|-0.8934|0.0033|-0.0070|-5.1265|0.0164||97.70|2|94.40|94
GME211203C00280000|0.08|0.08|0.01|0.07|0.01|33|-0.06|-0.8571|46|618|1|14|0.0011|0.0001|0.0000|-0.0492|0.0003||0.05|10|0.01|9
GME211203P00280000||||95.00|95.00|33|0.00|0.0000|0|10|0|0|-0.9993|0.0001|-0.0077|-0.0305|0.0002||107.70|2|104.40|10
GME211203C00290000|0.04|0.04|0.01|0.09|0.04|34|-0.05|-0.5556|-7|495|1|12|0.0035|0.0003|0.0000|-0.1698|0.0009||0.05|1|0.03|2
GME211203P00290000||||||34||||0|0|0|-1.0000|0.0000|-0.0079|0.0009|0.0000||117.70|2|114.40|10
GME211203C00300000|0.06|0.06|0.01|0.07|0.02|35|-0.05|-0.7143|-116|2079|2|99|0.0018|0.0002|0.0000|-0.0950|0.0005||0.03|2|0.02|2
GME211203P00300000||||111.10|111.10|35|0.00|0.0000|0|2|0|0|-0.9970|0.0003|-0.0164|-0.0756|0.0011||127.70|2|124.40|10
GME211203C00310000|0.04|0.05|0.01|0.08|0.01|36|-0.07|-0.8750|-1|343|1|33|0.0010|0.0001|0.0000|-0.0532|0.0003||0.07|17|0.01|8
GME211203P00310000||||71.90|71.90|36|0.00|0.0000|0|4|0|0|-0.8961|0.0026|-0.3154|-0.1601|0.1006||137.70|2|134.40|10
GME211203C00320000|0.04|0.04|0.02|0.04|0.02|37|-0.02|-0.5000|-1|388|2|3|0.0000|0.0000|0.0000|-0.0006|0.0000||0.02|1|0.01|1
GME211203P00320000||||||37||||0|0|0|-1.0000|0.0000|-0.0175|0.0010|0.0000||147.70|2|144.40|10
GME211203C00330000||||0.06|0.06|38|0.00|0.0000|2|350|0|0|0.0043|0.0003|0.0000|-0.2580|0.0011||0.05|11|0.00|0
GME211203P00330000||||127.27|127.27|38|0.00|0.0000|-2|0|0|0|-1.0000|0.0000|-0.0090|0.0006|0.0000||157.75|3|154.40|10
GME211203C00340000|0.01|0.04|0.01|0.06|0.04|39|-0.02|-0.3333|4|139|1|3|0.0010|0.0001|0.0000|-0.0589|0.0003||0.04|1|0.00|0
GME211203P00340000||||134.20|134.20|39|0.00|0.0000|0|1|0|0|-0.9996|0.0000|-0.0186|-0.0103|0.0002||167.70|3|164.40|11
GME211203C00350000|0.01|0.03|0.01|0.04|0.03|40|-0.01|-0.2500|-10|1227|1|94|0.0023|0.0002|0.0000|-0.1510|0.0006||0.01|2|0.00|0
GME211203P00350000||||136.35|136.35|40|0.00|0.0000|-1|2|0|0|-1.0000|0.0000|-0.0096|0.0010|0.0000||177.70|2|174.40|10
GME211203C00360000|0.01|0.03|0.01|0.09|0.03|41|-0.06|-0.6667|0|159|25|83|0.0020|0.0002|0.0000|-0.1360|0.0006||0.03|4|0.00|0
GME211203P00360000||||||41||||0|0|0|-1.0000|0.0000|-0.0099|0.0011|0.0000||187.70|2|184.40|10
GME211203C00370000|0.01|0.01|0.01|0.02|0.01|42|-0.01|-0.5000|-1|87|1|1|0.0009|0.0001|0.0000|-0.0614|0.0003||0.02|1|0.00|0
GME211203P00370000||||136.05|136.05|42|0.00|0.0000|0|1|0|0|-1.0000|0.0000|-0.0101|0.0011|0.0000||197.70|3|194.40|10
GME211203C00380000|0.01|0.01|0.01|0.04|0.01|43|-0.03|-0.7500|-1|100|1|21|0.0008|0.0001|0.0000|-0.0594|0.0003||0.02|40|0.01|3
GME211203P00380000||||170.35|170.35|43|0.00|0.0000|0|0|0|0|-1.0000|0.0000|-0.0104|0.0009|0.0000||207.70|2|204.40|10
GME211203C00390000|0.04|0.04|0.04|0.02|0.04|44|0.02|1.0000|-2|89|1|1|0.6608|0.0012|0.0366|-1.4112|0.2035||0.04|2|0.00|0
GME211203P00390000|216.55|216.55|216.55|216.55|216.55|44|0.00|0.0000|0|0|1|1|-1.0000|0.0000|-0.0107|0.0012|0.0000||217.70|3|214.40|11
GME211203C00400000|0.01|0.01|0.01|0.02|0.01|45|-0.01|-0.5000|-4|2445|1|17|0.0008|0.0001|0.0000|-0.0602|0.0002||0.01|2|0.00|0
GME211203P00400000||||215.38|215.38|45|0.00|0.0000|0|0|0|0|-0.6972|0.0023|-0.3932|-0.6762|0.1941||227.70|3|224.40|10
GME211203C00410000||||0.03|0.03|46|0.00|0.0000|3|1058|0|0|0.6642|0.0012|0.0360|-1.4470|0.2033||0.01|8|0.00|0
GME211203P00410000||||||46||||0|0|0|-1.0000|0.0000|-0.4380|0.0013|0.0000||237.70|3|234.40|10
GME211203C00420000|0.01|0.01|0.01|0.01|0.01|47|0.00|0.0000|3|234|2|2|0.0008|0.0001|0.0000|-0.0609|0.0002||0.01|1|0.00|0
GME211203P00420000||||||47||||0|0|0|-1.0000|0.0000|-0.0115|0.0013|0.0000||247.70|3|244.40|10
GME211203C00430000||||0.03|0.03|48|0.00|0.0000|0|70|0|0|0.0019|0.0001|0.0000|-0.1570|0.0005||0.02|100|0.00|0
GME211203P00430000||||||48||||0|0|0|-1.0000|0.0000|-0.0118|0.0013|0.0000||258.70|2|254.40|10
GME211203C00440000||||0.08|0.08|49|0.00|0.0000|1|71|0|0|0.0045|0.0002|0.0000|-0.3802|0.0012||0.01|4|0.00|0
GME211203P00440000||||||49||||0|0|0|-1.0000|0.0000|-0.0121|0.0014|0.0000||268.70|2|264.45|1
GME211203C00450000|0.01|0.01|0.01|0.01|0.01|50|0.00|0.0000|4|487|2|4|0.6468|0.0012|0.0357|-1.4759|0.2066||0.01|100|0.00|0
GME211203P00450000||||||50||||0|0|0|-1.0000|0.0000|-0.0123|0.0014|0.0000||278.85|2|274.45|1
GME211203C00460000||||0.01|0.01|51|0.00|0.0000|4|63|0|0|0.0007|0.0000|0.0000|-0.0624|0.0002||0.01|100|0.00|0
GME211203P00460000||||||51||||0|0|0|-1.0000|0.0000|-0.0126|0.0014|0.0000||288.70|2|284.45|10
GME211203C00470000||||0.01|0.01|52|0.00|0.0000|9|200|0|0|0.0007|0.0000|0.0000|-0.0586|0.0002||0.01|100|0.00|0
GME211203P00470000||||||52||||0|0|0|-1.0000|0.0000|-0.0258|0.0014|0.0000||298.70|2|294.45|10
GME211203C00480000||||0.06|0.06|53|0.00|0.0000|0|91|0|0|0.0032|0.0002|0.0000|-0.2917|0.0009||0.01|100|0.00|0
GME211203P00480000||||||53||||0|0|0|-1.0000|0.0000|-0.0132|0.0015|0.0000||308.90|1|304.45|10
GME211203C00490000|0.01|0.01|0.01|0.06|0.01|54|-0.05|-0.8333|0|250|1|10|0.6702|0.0011|0.0336|-1.5475|0.2013||0.01|100|0.00|0
GME211203P00490000||||||54||||0|0|0|-1.0000|0.0000|-0.0134|0.0015|0.0000||318.90|1|314.45|10
GME211203C00500000|0.01|0.02|0.01|0.03|0.02|55|-0.01|-0.3333|9|1379|20|37|0.0012|0.0001|0.0000|-0.1130|0.0004||0.01|300|0.00|0
GME211203P00500000||||||55||||0|0|0|-1.0000|0.0000|-0.0274|0.0015|0.0000||328.90|1|324.45|10
GME211203C00510000|0.01|0.01|0.01|0.02|0.01|56|-0.01|-0.5000|121|5819|38|202|0.0007|0.0000|0.0000|-0.0631|0.0002||0.01|132|0.00|0
GME211203P00510000||||||56||||0|0|0|-1.0000|0.0000|-0.0140|0.0016|0.0000||338.90|2|334.45|10
GME211210C00100000||||86.01|86.01|10|0.00|0.0000|0|1|0|0|0.8948|0.0005|0.0300|-0.6612|0.1099||76.40|10|73.10|2
GME211210P00100000|0.55|0.98|0.50|0.48|0.86|10|0.38|0.7917|29|239|3|177|-0.0360|0.0014|-0.0015|-0.2722|0.0199||0.88|1|0.86|7
GME211210C00110000||||76.13|76.13|9|0.00|0.0000|0|2|0|0|0.8384|0.0022|0.0151|-1.7276|0.0616||66.75|10|63.40|6
GME211210P00110000|0.58|1.22|0.54|0.60|1.10|9|0.50|0.8333|9|215|3|173|-0.0355|0.0018|-0.0015|-0.2159|0.0197||1.16|4|1.07|8
GME211210C00120000|56.97|56.97|56.97|76.03|56.97|8|-19.06|-0.2507|0|1|1|1|0.8809|0.0034|0.0210|-0.7389|0.0502||57.10|5|53.85|10
GME211210P00120000|0.97|1.61|0.75|1.00|1.35|8|0.35|0.3500|167|263|1|553|-0.0675|0.0030|-0.0028|-0.3536|0.0329||1.50|5|1.35|24
GME211210C00130000||||||7||||0|0|0|1.0000|0.0000|0.0285|-0.0004|0.0000||47.75|15|43.55|4
GME211210P00130000|1.50|2.25|1.28|1.45|2.02|7|0.57|0.3931|0|431|2|590|-0.1062|0.0045|-0.0050|-0.4106|0.0489||2.19|10|2.00|14
GME211210C00140000|36.10|36.10|36.10|56.44|36.10|6|-20.34|-0.3604|0|29|2|4|0.8021|0.0059|0.0220|-0.8148|0.0701||38.65|16|35.35|10
GME211210P00140000|1.89|3.50|1.89|2.18|3.00|6|0.82|0.3761|142|441|1|121|-0.1476|0.0066|-0.0061|-0.5051|0.0581||3.30|8|2.98|15
GME211210C00145000|30.25|30.25|30.25|30.25|30.25|5|0.00|0.0000||0|1|1|0.7918|0.0074|0.0229|-0.6954|0.0722||34.40|15|31.10|6
GME211210P00145000|2.92|4.50|2.92|2.80|4.25|5|1.45|0.5179||15|1|43|-0.1858|0.0078|-0.0078|-0.5712|0.0674||4.15|22|3.60|47
GME211210C00150000|30.00|31.00|25.20|34.20|27.79|4|-6.41|-0.1874|1|20|50|56|0.7851|0.0096|0.0240|-0.5567|0.0735||30.00|24|27.40|10
GME211210P00150000|3.30|6.05|3.30|3.50|4.80|4|1.30|0.3714|240|460|6|529|-0.2290|0.0092|-0.0096|-0.6262|0.0763||5.15|6|4.65|50
GME211210C00155000|25.10|25.10|23.00|58.70|23.00|3|-35.70|-0.6082|0|45|1|2|0.6787|0.0033|0.0146|-2.4265|0.0902||26.45|32|23.75|8
GME211210P00155000|4.27|6.90|4.27|4.65|6.40|3|1.75|0.3763|49|244|1|37|-0.2829|0.0103|-0.0120|-0.6975|0.0852||6.50|28|5.65|96
GME211210C00160000|25.52|25.52|18.78|29.75|21.00|2|-8.75|-0.2941|0|204|6|35|0.6444|0.0089|0.0193|-0.9758|0.0938||22.95|73|20.30|38
GME211210P00160000|5.47|9.10|5.47|5.80|7.75|2|1.95|0.3362|55|441|1|166|-0.3360|0.0113|-0.0143|-0.7358|0.0920||8.15|33|7.15|109
GME211210C00165000|21.90|21.90|18.92|21.75|18.92|1|-2.83|-0.1301|1|3|3|5|0.5969|0.0092|0.0181|-1.0132|0.0975||19.50|29|17.15|35
GME211210P00165000|7.22|11.25|7.22|7.35|10.00|1|2.65|0.3605|42|362|1|160|-0.3849|0.0050|-0.1170|-0.3184|0.2307||10.15|35|8.95|100
GME211210C00170000|17.07|17.07|12.81|20.20|15.75|1|-4.45|-0.2203|5|21|4|69|0.5891|0.0051|0.0882|-0.3226|0.2348||16.40|46|14.80|10
GME211210P00170000|8.15|13.47|8.15|9.07|11.75|1|2.68|0.2955|81|441|1|211|-0.4625|0.0126|-0.0200|-0.7825|0.1000||12.30|13|11.25|53
GME211210C00175000|17.95|17.95|11.00|17.18|13.00|2|-4.18|-0.2433|48|73|1|162|0.4749|0.0127|0.0154|-0.7827|0.1002||13.30|25|12.35|12
GME211210P00175000|10.83|16.50|9.85|10.95|14.48|2|3.53|0.3224|104|522|1|134|-0.5269|0.0129|-0.0229|-0.7673|0.1002||15.10|38|12.90|75
GME211210C00177500|11.55|12.00|10.00|15.85|12.00|3|-3.85|-0.2429||27|1|116|0.4444|0.0126|0.0145|-0.7763|0.0995||12.70|70|10.85|60
GME211210P00177500|10.66|17.25|10.66|12.55|15.90|3|3.35|0.2669||234|1|83|-0.4487|0.0052|-0.1399|-0.3276|0.2388||16.55|28|14.60|73
GME211210C00180000|15.00|16.00|8.78|14.20|11.15|4|-3.05|-0.2148|227|306|1|141|0.4133|0.0127|0.0136|-0.7446|0.0982||11.55|56|10.15|21
GME211210P00180000|13.51|19.40|11.89|13.30|17.05|4|3.75|0.2820|99|705|2|72|-0.5891|0.0127|-0.0259|-0.7450|0.0979||18.10|27|16.10|64
GME211210C00182500|11.05|11.05|8.10|13.40|10.10|5|-3.30|-0.2463||66|1|33|0.3856|0.0122|0.0127|-0.7501|0.0963||10.65|65|9.30|25
GME211210P00182500|13.50|21.30|13.50|15.15|18.95|5|3.80|0.2508||205|1|26|-0.6118|0.0120|-0.0272|-0.7620|0.0965||19.95|53|17.40|73
GME211210C00185000|12.65|12.65|7.20|12.66|8.80|6|-3.86|-0.3049|24|132|1|83|0.5166|0.0052|0.0793|-0.3347|0.2406||9.60|52|8.40|18
GME211210P00185000|15.65|21.60|13.50|16.25|20.50|6|4.25|0.2615|98|456|1|32|-0.6406|0.0120|-0.0287|-0.7294|0.0943||21.35|37|19.00|72
GME211210C00187500|11.40|11.40|6.76|11.44|7.17|7|-4.27|-0.3733|45|64|1|10|0.3460|0.0110|0.0114|-0.7742|0.0929||9.05|58|7.55|18
GME211210P00187500|23.89|24.95|21.00|17.83|22.05|7|4.22|0.2367|129|256|1|7|-0.6657|0.0116|-0.0300|-0.7164|0.0918||23.25|32|20.70|49
GME211210C00190000|11.00|11.00|6.05|10.60|8.10|8|-2.50|-0.2358|103|199|1|186|0.3106|0.0110|0.0103|-0.7078|0.0889||8.00|53|7.15|14
GME211210P00190000|19.20|26.50|18.05|19.55|23.99|8|4.44|0.2271|70|498|1|55|-0.6906|0.0110|-0.0314|-0.7026|0.0887||24.50|1|22.25|69
GME211210C00192500|10.00|10.00|5.75|10.00|6.25|9|-3.75|-0.3750|23|88|1|11|0.4851|0.0051|0.0749|-0.3405|0.2407||7.45|65|6.45|36
GME211210P00192500|20.34|20.34|20.34|21.35|20.34|9|-1.01|-0.0473|32|118|1|1|-0.5170|0.0051|-0.1677|-0.3363|0.2406||26.95|37|24.25|36
GME211210C00195000|8.25|9.15|5.10|8.91|6.38|10|-2.53|-0.2840|116|250|1|53|0.2648|0.0102|0.0088|-0.6589|0.0824||6.45|24|5.90|42
GME211210P00195000|22.27|30.00|22.27|22.88|28.23|10|5.35|0.2338|95|285|3|33|-0.7354|0.0102|-0.0339|-0.6575|0.0824||28.75|28|26.20|66
GME211210C00197500|7.69|7.69|4.85|8.26|5.25|11|-3.01|-0.3644|60|106|1|27|0.2482|0.0097|0.0083|-0.6441|0.0798||6.20|73|5.25|53
GME211210P00197500|24.10|24.10|24.10|24.48|24.10|11|-0.38|-0.0155|15|119|1|1|-0.7564|0.0098|-0.0351|-0.6263|0.0790||30.50|7|28.15|36
GME211210C00200000|7.56|7.56|4.05|7.25|5.35|12|-1.90|-0.2621|140|774|4|357|0.2219|0.0093|0.0075|-0.5929|0.0750||5.40|13|4.95|9
GME211210P00200000|24.90|33.83|24.90|26.33|31.80|12|5.47|0.2077|21|680|2|33|-0.7770|0.0093|-0.0364|-0.6000|0.0751||32.70|13|30.05|57
GME211210C00202500|6.70|6.70|4.11|8.00|4.95|13|-3.05|-0.3813|10|77|1|13|0.2301|0.0086|0.0076|-0.6696|0.0765||5.25|28|4.40|67
GME211210P00202500|32.05|34.10|32.05|27.95|33.56|13|5.61|0.2007|0|48|12|16|-0.7999|0.0088|-0.0376|-0.5557|0.0705||34.50|5|32.20|30
GME211210C00205000|6.00|6.00|3.71|5.85|4.60|14|-1.25|-0.2137|10|169|1|36|0.1800|0.0083|0.0061|-0.5171|0.0660||4.80|47|4.20|11
GME211210P00205000|31.96|38.30|31.96|30.85|36.81|14|5.96|0.1932|-1|176|1|3|-0.7791|0.0082|-0.0423|-0.5996|0.0792||36.80|6|34.20|28
GME211210C00207500|3.99|4.00|3.62|5.72|4.00|15|-1.72|-0.3007|10|78|1|14|0.1735|0.0079|0.0059|-0.5235|0.0645||4.40|43|3.80|49
GME211210P00207500|40.40|40.40|39.38|31.10|39.38|15|8.28|0.2662|2|20|1|2|-0.8485|0.0078|-0.0403|-0.4431|0.0591||38.95|5|36.25|27
GME211210C00210000|5.15|5.30|3.20|5.15|3.60|16|-1.55|-0.3010|27|336|1|162|0.1571|0.0074|0.0053|-0.4893|0.0605||3.90|16|3.55|43
GME211210P00210000|33.23|42.30|31.95|34.54|40.42|16|5.88|0.1702|7|112|1|7|-0.8292|0.0074|-0.0403|-0.5407|0.0639||41.20|19|38.45|33
GME211210C00212500|3.50|3.50|3.02|5.00|3.02|17|-1.98|-0.3960|-3|80|1|18|0.1509|0.0070|0.0051|-0.4901|0.0589||3.90|29|3.15|67
GME211210P00212500||||37.87|37.87|17|0.00|0.0000|-1|37|0|0|-0.8146|0.0071|-0.0404|-0.6287|0.0673||43.70|11|40.65|7
GME211210C00215000|4.05|4.05|2.80|4.43|3.40|18|-1.03|-0.2325|1|166|1|42|0.1347|0.0065|0.0046|-0.4497|0.0546||3.50|27|3.10|8
GME211210P00215000|48.00|48.00|43.60|37.79|43.60|18|5.81|0.1537|-2|32|3|4|-0.8736|0.0064|-0.0428|-0.4170|0.0522||46.00|11|42.90|16
GME211210C00217500|3.25|3.25|2.68|4.50|3.07|19|-1.43|-0.3178|0|30|4|13|0.1343|0.0062|0.0045|-0.4684|0.0545||3.35|25|2.88|2
GME211210P00217500|49.60|49.60|49.60|42.15|49.60|19|7.45|0.1767|2|27|10|10|-0.7904|0.0065|-0.0409|-0.8014|0.0725||48.30|11|45.15|13
GME211210C00220000|3.70|3.70|2.45|3.90|2.90|20|-1.00|-0.2564|12|413|1|79|0.1191|0.0058|0.0040|-0.4239|0.0502||3.05|21|2.80|1
GME211210P00220000|45.07|51.65|45.07|42.22|49.14|20|6.92|0.1639|1|156|1|12|-0.8252|0.0062|-0.0425|-0.6665|0.0649||50.75|20|47.45|13
GME211210C00222500|2.35|2.67|2.35|3.65|2.55|21|-1.10|-0.3014|25|88|1|8|0.3778|0.0046|0.0597|-0.3410|0.2294||2.98|37|2.53|20
GME211210P00222500|42.95|42.95|42.95|46.97|42.95|21|-4.02|-0.0856|-7|38|1|1|-0.8390|0.0060|-0.0434|-0.6229|0.0617||53.05|18|49.75|16
GME211210C00225000|3.10|3.10|2.15|3.45|2.70|22|-0.75|-0.2174|14|348|1|38|0.1316|0.0055|0.0044|-0.5151|0.0537||2.75|23|2.37|8
GME211210P00225000|51.00|58.60|51.00|47.35|54.42|22|7.07|0.1493|1|462|1|17|-0.8863|0.0054|-0.0455|-0.4324|0.0486||55.45|15|52.05|12
GME211210C00227500|2.74|2.74|2.10|3.35|2.44|23|-0.91|-0.2716|1|24|1|5|0.1006|0.0049|0.0034|-0.3929|0.0444||2.57|23|2.24|24
GME211210P00227500||||34.06|34.06|23|0.00|0.0000|0|35|0|0|-0.9993|0.0002|-0.0498|-0.0016|0.0006||57.70|9|54.40|13
GME211210C00230000|2.73|2.75|1.99|3.09|2.21|24|-0.88|-0.2848|2|395|1|148|0.1064|0.0048|0.0040|-0.3865|0.0490||2.34|6|2.13|9
GME211210P00230000|57.60|57.60|57.60|41.51|57.60|24|16.09|0.3876|0|38|2|2|-0.6960|0.0049|-0.2386|-0.2683|0.2118||60.05|8|56.75|10
GME211210C00232500|2.40|2.58|1.99|2.69|2.16|25|-0.53|-0.1970|3|33|1|7|0.1225|0.0049|0.0041|-0.5255|0.0511||2.33|22|2.01|4
GME211210P00232500||||56.09|56.09|25|0.00|0.0000|-5|6|0|0|-0.8652|0.0050|-0.0465|-0.5836|0.0547||62.50|11|59.10|14
GME211210C00235000|2.43|2.46|1.92|2.78|2.16|26|-0.62|-0.2230|-4|898|1|22|0.3935|0.0039|0.0587|-0.4112|0.2322||2.25|25|1.96|5
GME211210P00235000|61.85|67.00|61.85|58.42|65.99|26|7.57|0.1296|-1|35|7|10|-0.8714|0.0048|-0.0473|-0.5717|0.0529||64.90|8|61.50|14
GME211210C00237500|2.01|2.01|2.01|2.69|2.01|27|-0.68|-0.2528|1|19|1|1|0.1375|0.0048|0.0045|-0.6361|0.0554||2.28|71|1.71|83
GME211210P00237500|64.40|68.49|64.40|48.03|68.49|27|20.46|0.4260|0|25|7|8|-0.9654|0.0026|-0.0508|-0.1419|0.0193||67.30|8|63.85|14
GME211210C00240000|2.31|2.47|1.61|2.92|2.00|28|-0.92|-0.3151|-13|317|8|40|0.0832|0.0039|0.0028|-0.3743|0.0386||2.02|11|1.75|1
GME211210P00240000||||58.15|58.15|28|0.00|0.0000|1|34|0|0|-0.9490|0.0031|-0.0508|-0.2205|0.0264||69.70|8|66.25|7
GME211210C00245000|2.10|2.10|1.46|2.20|1.75|29|-0.45|-0.2045|-6|166|1|10|0.0638|0.0033|0.0022|-0.2968|0.0315||1.91|24|1.60|5
GME211210P00245000||||50.19|50.19|29|0.00|0.0000|0|23|0|0|-0.9976|0.0003|-0.0536|-0.0092|0.0019||74.55|9|71.05|1
GME211210C00250000|1.90|2.02|1.42|2.01|1.60|30|-0.41|-0.2040|110|2300|1|114|0.0583|0.0030|0.0020|-0.2828|0.0294||1.73|12|1.47|8
GME211210P00250000||||60.35|60.35|30|0.00|0.0000|0|15|0|0|-0.9943|0.0006|-0.0546|-0.0248|0.0041||79.45|12|75.85|1
GME211210C00255000|1.55|1.55|1.44|2.02|1.50|31|-0.52|-0.2574|-4|61|1|3|0.0863|0.0034|0.0029|-0.4522|0.0396||1.63|3|1.34|13
GME211210P00255000||||40.40|40.40|31|0.00|0.0000|0|5|0|0|-0.9999|0.0000|-0.0559|0.0004|0.0001||84.40|9|80.75|1
GME211210C00260000|1.79|1.79|1.20|1.73|1.50|32|-0.23|-0.1329|38|974|2|22|0.0485|0.0025|0.0016|-0.2554|0.0253||1.55|11|1.34|4
GME211210P00260000||||69.85|69.85|32|0.00|0.0000|0|22|0|0|-0.9932|0.0007|-0.0567|-0.0324|0.0048||89.30|8|85.60|15
GME211210C00270000|1.31|1.31|1.15|1.60|1.25|33|-0.35|-0.2188|-27|193|1|35|0.0442|0.0022|0.0015|-0.2507|0.0236||1.37|22|1.20|1
GME211210P00270000||||75.18|75.18|33|0.00|0.0000|0|14|0|0|-0.9720|0.0017|-0.0582|-0.1548|0.0162||99.20|9|95.50|11
GME211210C00280000|1.00|1.17|1.00|1.40|1.17|34|-0.23|-0.1643|16|242|3|17|0.0621|0.0024|0.0020|-0.3848|0.0308||1.24|13|1.03|9
GME211210P00280000||||84.53|84.53|34|0.00|0.0000|0|1|0|0|-0.9777|0.0013|-0.0606|-0.1313|0.0134||109.05|9|105.50|3
GME211210C00290000|1.16|1.16|0.93|1.25|1.04|35|-0.21|-0.1680|21|171|1|15|0.0527|0.0021|0.0017|-0.3443|0.0271||1.10|4|0.92|13
GME211210P00290000||||82.25|82.25|35|0.00|0.0000|0|7|0|0|-0.9993|0.0001|-0.0635|-0.0035|0.0006||118.95|10|115.50|5
GME211210C00300000|1.20|1.20|0.80|1.11|0.98|36|-0.13|-0.1171|43|919|2|311|0.0287|0.0014|0.0010|-0.1942|0.0165||1.00|52|0.92|1
GME211210P00300000||||76.00|76.00|36|0.00|0.0000|0|14|0|0|-0.9999|0.0000|-0.0657|0.0005|0.0001||128.85|9|125.40|6
GME211210C00310000|0.84|0.97|0.76|0.95|0.97|37|0.02|0.0211|108|264|1|6|0.0433|0.0017|0.0014|-0.3130|0.0231||0.98|3|0.90|1
GME211210P00310000||||83.61|83.61|37|0.00|0.0000|0|4|0|0|-0.9999|0.0000|-0.0679|0.0001|0.0001||138.75|3|134.90|10
GME211210C00320000||||0.93|0.93|38|0.00|0.0000|2|276|0|0|0.0232|0.0011|0.0008|-0.1728|0.0138||0.97|16|0.72|6
GME211210P00320000||||89.47|89.47|38|0.00|0.0000|0|3|0|0|-0.9547|0.0017|-0.3947|-0.0588|0.0577||148.70|3|144.85|3
GME211210C00330000|0.87|0.87|0.87|0.72|0.87|39|0.15|0.2083|-17|246|1|1|0.0496|0.0017|0.0018|-0.3507|0.0273||0.96|19|0.69|1
GME211210P00330000||||||39||||0|0|0|-1.0000|0.0000|-0.0723|0.0011|0.0000||160.05|2|154.85|3
GME211210C00340000|0.75|0.78|0.66|0.75|0.78|40|0.03|0.0400|-1|87|10|37|0.0464|0.0015|0.0017|-0.3411|0.0259||0.85|10|0.70|5
GME211210P00340000||||||40||||0|0|0|-1.0000|0.0000|-0.0745|0.0011|0.0000||168.50|4|164.75|1
GME211210C00350000|0.49|0.78|0.49|0.69|0.67|41|-0.02|-0.0290|49|437|1|90|0.0318|0.0012|0.0010|-0.2691|0.0180||0.75|6|0.67|9
GME211210P00350000||||||41||||0|0|0|-1.0000|0.0000|-0.0767|0.0011|0.0000||178.45|4|174.70|3
GME211210C00360000|0.55|0.65|0.55|0.61|0.65|42|0.04|0.0656|-2|85|1|4|0.0303|0.0011|0.0010|-0.2658|0.0173||0.72|13|0.52|18
GME211210P00360000||||||42||||0|0|0|-1.0000|0.0000|-0.4536|0.0012|0.0000||188.35|5|184.65|20
GME211210C00370000|0.50|0.55|0.50|0.75|0.55|43|-0.20|-0.2667|0|21|5|8|0.0259|0.0010|0.0008|-0.2333|0.0152||0.68|3|0.50|6
GME211210P00370000||||||43||||0|0|0|-1.0000|0.0000|-0.0811|0.0012|0.0000||198.35|4|194.65|10
GME211210C00380000|0.54|0.54|0.54|0.54|0.54|44|0.00|0.0000|-1|50|1|1|0.0250|0.0009|0.0008|-0.2322|0.0147||0.66|11|0.52|1
GME211210P00380000||||||44||||0|0|0|-1.0000|0.0000|-0.0833|0.0012|0.0000||209.80|2|204.65|1
GME211210C00390000|0.40|0.58|0.40|0.49|0.52|45|0.03|0.0612|5|52|8|15|0.0261|0.0009|0.0008|-0.2507|0.0153||0.65|16|0.44|2
GME211210P00390000||||||45||||0|0|0|-1.0000|0.0000|-0.4914|0.0013|0.0000||218.25|5|214.60|20
GME211210C00400000|0.40|0.70|0.37|0.45|0.48|46|0.03|0.0667|-6|420|1|159|0.0217|0.0008|0.0007|-0.2134|0.0131||0.60|12|0.41|12
GME211210P00400000||||||46||||0|0|0|-1.0000|0.0000|-0.0877|0.0013|0.0000||228.25|3|224.60|20
GME211210C00410000|0.34|0.50|0.34|0.44|0.40|47|-0.04|-0.0909|7|59|1|5|0.0229|0.0008|0.0007|-0.2314|0.0137||0.55|6|0.39|2
GME211210P00410000||||||47||||0|0|0|-1.0000|0.0000|-0.1011|0.0013|0.0000||238.20|3|234.60|10
GME211210C00420000|0.31|0.55|0.31|0.40|0.46|48|0.06|0.1500|2|171|1|10|0.0203|0.0007|0.0007|-0.2097|0.0123||0.46|5|0.42|1
GME211210P00420000||||||48||||0|0|0|-1.0000|0.0000|-0.0921|0.0014|0.0000||249.60|2|244.60|2
GME211210C00430000|0.41|0.41|0.41|0.40|0.41|49|0.01|0.0250|262|304|1|1|0.0183|0.0007|0.0006|-0.1928|0.0113||0.46|5|0.35|1
GME211210P00430000||||||49||||0|0|0|-1.0000|0.0000|-0.5418|0.0014|0.0000||259.55|1|254.60|1
GME211210C00440000|0.23|0.45|0.23|0.36|0.40|50|0.04|0.1111|34|67|1|4|0.0178|0.0006|0.0006|-0.1919|0.0110||0.46|5|0.29|11
GME211210P00440000||||||50||||0|0|0|-1.0000|0.0000|-0.0964|0.0014|0.0000||269.50|3|264.60|1
GME211210C00450000|0.38|0.38|0.33|0.37|0.33|51|-0.04|-0.1081|190|288|1|3|0.0149|0.0005|0.0005|-0.1642|0.0095||0.46|4|0.26|22
GME211210P00450000||||||51||||0|0|0|-1.0000|0.0000|-0.0986|0.0015|0.0000||279.45|3|274.60|1
GME211210C00460000|0.33|0.41|0.31|0.27|0.36|52|0.09|0.3333|0|18|1|26|0.0091|0.0004|0.0003|-0.0898|0.0065||0.46|4|0.25|34
GME211210P00460000||||||52||||0|0|0|-1.0000|0.0000|-0.1008|0.0015|0.0000||289.40|1|284.55|20
GME211210C00470000|0.39|0.39|0.39|0.22|0.39|53|0.17|0.7727|7|22|1|1|0.0236|0.0007|0.0008|-0.2415|0.0149||0.46|4|0.25|12
GME211210P00470000||||||53||||0|0|0|-1.0000|0.0000|-0.5922|0.0015|0.0000||299.35|1|294.55|20
GME211210C00480000|0.26|0.46|0.26|0.25|0.46|54|0.21|0.8400|1|33|9|13|0.0187|0.0006|0.0006|-0.2184|0.0115||0.46|4|0.25|6
GME211210P00480000||||||54||||0|0|0|-1.0000|0.0000|-0.1052|0.0016|0.0000||309.35|1|304.55|20
GME211210C00490000|0.47|0.47|0.40|0.24|0.40|55|0.16|0.6667|2|93|2|4|0.0080|0.0003|0.0003|-0.0835|0.0058||0.46|4|0.25|12
GME211210P00490000||||||55||||0|0|0|-1.0000|0.0000|-0.1074|0.0016|0.0000||319.30|1|314.55|20
GME211210C00500000|0.33|0.48|0.22|0.26|0.48|56|0.22|0.8462|-6|850|1|312|0.0189|0.0006|0.0006|-0.2285|0.0116||0.46|10|0.25|7
GME211210P00500000||||||56||||0|0|0|-1.0000|0.0000|-0.1096|0.0016|0.0000||329.30|1|324.55|20
GME211210C00510000|0.27|0.43|0.18|0.18|0.32|57|0.14|0.7778|1|2026|1|276|0.0143|0.0005|0.0005|-0.1753|0.0091||0.33|1|0.31|1
GME211210P00510000||||||57||||0|0|0|-1.0000|0.0000|-0.1118|0.0017|0.0000||339.25|1|334.55|10
GME211217C00080000||||94.56|94.56|17|0.00|0.0000|1|2|0|0|0.9295|0.0012|0.0278|-0.4729|0.0480||96.10|11|92.55|3
GME211217P00080000|0.50|0.72|0.50|0.35|0.61|17|0.26|0.7429|1|350|1|83|-0.0870|0.0012|-0.0325|-0.1971|0.1026||0.81|15|0.56|11
GME211217C00085000||||95.85|95.85|16|0.00|0.0000|0|1|0|0|0.9016|0.0013|0.0261|-0.7011|0.0617||91.25|7|86.95|10
GME211217P00085000|0.50|0.91|0.40|0.43|0.91|16|0.48|1.1163|-1|121|3|11|-0.0198|0.0008|-0.0016|-0.1005|0.0165||0.93|14|0.68|12
GME211217C00090000||||137.00|137.00|15|0.00|0.0000|0|4|0|0|0.8966|0.0006|0.0112|-1.7479|0.0640||86.40|6|83.15|7
GME211217P00090000|0.62|0.79|0.62|0.53|0.79|15|0.26|0.4906|2|68|6|16|-0.0222|0.0009|-0.0018|-0.1039|0.0183||1.00|44|0.58|171
GME211217C00100000||||79.69|79.69|14|0.00|0.0000|1|50|0|0|0.9976|0.0002|0.0409|-0.0085|0.0025||76.70|11|73.40|2
GME211217P00100000|0.71|1.23|0.68|0.76|1.12|14|0.36|0.4737|-205|664|1|382|-0.0027|0.0002|-0.0002|-0.0094|0.0029||1.35|46|1.07|33
GME211217C00105000||||66.05|66.05|13|0.00|0.0000|0|1|0|0|0.9955|0.0004|0.0428|-0.0148|0.0046||71.85|10|68.60|3
GME211217P00105000|1.00|1.00|0.85|0.86|0.95|13|0.09|0.1047|51|140|1|7|-0.0049|0.0004|-0.0004|-0.0155|0.0049||1.82|79|0.95|148
GME211217C00110000||||73.25|73.25|12|0.00|0.0000|0|1|0|0|0.9927|0.0006|0.0447|-0.0215|0.0069||67.05|12|63.85|7
GME211217P00110000|0.35|1.50|0.35|1.02|1.48|12|0.46|0.4510|-21|354|1|34|-0.0101|0.0008|-0.0008|-0.0281|0.0096||1.88|77|1.31|59
GME211217C00115000||||112.11|112.11|11|0.00|0.0000|0|2|0|0|0.9882|0.0010|0.0464|-0.0318|0.0106||62.30|12|59.10|14
GME211217P00115000|1.17|1.87|1.15|1.21|1.61|11|0.40|0.3306|14|162|4|33|-0.0147|0.0012|-0.0011|-0.0398|0.0128||2.01|18|1.58|29
GME211217C00120000||||64.15|64.15|10|0.00|0.0000|0|51|0|0|0.8869|0.0034|0.1410|-0.1033|0.1243||57.65|14|54.50|7
GME211217P00120000|1.56|2.01|1.56|1.39|2.01|10|0.62|0.4460|5|158|1|4|-0.0245|0.0018|-0.0018|-0.0606|0.0198||2.35|16|1.86|39
GME211217C00125000||||79.68|79.68|9|0.00|0.0000|0|35|0|0|0.8596|0.0039|0.1398|-0.1216|0.1445||53.05|12|49.95|10
GME211217P00125000|2.35|2.43|1.80|1.88|2.43|9|0.55|0.2926|2|207|1|6|-0.0455|0.0029|-0.0037|-0.0979|0.0340||2.66|18|2.23|39
GME211217C00130000||||55.70|55.70|8|0.00|0.0000|0|10|0|0|0.9449|0.0037|0.0493|-0.1129|0.0384||48.55|16|45.40|4
GME211217P00130000|2.09|3.20|2.05|2.21|3.00|8|0.79|0.3575|11|206|2|40|-0.0611|0.0038|-0.0046|-0.1266|0.0417||3.15|25|2.69|48
GME211217C00135000||||90.47|90.47|7|0.00|0.0000|0|3|0|0|0.9162|0.0051|0.0491|-0.1565|0.0531||44.20|18|41.20|8
GME211217P00135000|3.25|3.95|3.25|2.72|3.85|7|1.13|0.4154|9|149|1|22|-0.0879|0.0051|-0.0067|-0.1652|0.0550||4.05|51|3.30|43
GME211217C00140000|39.35|39.35|34.60|44.07|34.60|6|-9.47|-0.2149|2|148|1|2|0.8832|0.0065|0.0486|-0.1965|0.0677||40.05|16|37.05|7
GME211217P00140000|3.32|4.58|3.32|3.50|4.58|6|1.08|0.3086|264|813|1|19|-0.1312|0.0066|-0.0108|-0.2131|0.0757||4.70|2|4.05|75
GME211217C00145000||||96.94|96.94|5|0.00|0.0000|0|57|0|0|0.8398|0.0080|0.0472|-0.2460|0.0841||36.05|30|33.15|20
GME211217P00145000|5.49|5.49|5.49|4.02|5.49|5|1.47|0.3657|23|234|1|1|-0.1677|0.0080|-0.0130|-0.2626|0.0866||5.75|10|5.00|102
GME211217C00150000|32.04|32.04|28.37|35.91|30.00|4|-5.91|-0.1646|0|71|2|27|0.7876|0.0095|0.0451|-0.2952|0.1001||32.10|53|29.50|64
GME211217P00150000|4.30|7.45|4.15|5.05|6.88|4|1.83|0.3624|223|1842|1|94|-0.2194|0.0095|-0.0171|-0.3079|0.1019||7.25|27|6.35|104
GME211217C00155000|28.00|28.00|24.50|30.10|24.50|3|-5.60|-0.1860|1|12|1|3|0.7290|0.0110|0.0425|-0.3344|0.1142||28.50|44|26.05|37
GME211217P00155000|5.75|9.20|5.75|6.54|9.00|3|2.46|0.3761|0|308|4|154|-0.2804|0.0105|-0.0236|-0.3368|0.1198||9.35|100|7.90|77
GME211217C00160000|26.47|26.47|21.08|29.27|22.80|2|-6.47|-0.2210|-1|96|4|38|0.6676|0.0121|0.0395|-0.3640|0.1252||25.30|44|22.85|67
GME211217P00160000|7.30|11.40|7.30|7.75|10.00|2|2.25|0.2903|390|1040|1|70|-0.3398|0.0114|-0.0288|-0.3664|0.1303||10.75|20|9.80|70
GME211217C00165000|20.00|20.70|20.00|24.60|20.70|1|-3.90|-0.1585|0|82|1|2|0.6017|0.0127|0.0360|-0.3924|0.1330||22.30|40|19.95|84
GME211217P00165000|8.93|13.40|8.93|9.77|12.05|1|2.28|0.2334|3|310|1|13|-0.3991|0.0123|-0.0320|-0.4025|0.1331||12.95|46|11.85|83
GME211217C00170000|19.90|19.90|16.00|23.22|17.15|1|-6.07|-0.2614|0|117|2|31|0.5683|0.0068|0.1068|-0.2156|0.2547||19.90|60|17.35|98
GME211217P00170000|11.88|16.35|11.70|11.75|14.51|1|2.76|0.2349|-17|1066|20|89|-0.4623|0.0125|-0.0375|-0.4192|0.1369||15.25|23|14.00|108
GME211217C00175000|17.40|17.40|14.05|20.50|15.50|2|-5.00|-0.2439|-5|183|2|46|0.4724|0.0130|0.0289|-0.4066|0.1372||17.55|82|15.40|69
GME211217P00175000|13.36|19.20|13.36|14.33|17.45|2|3.12|0.2177|17|720|1|327|-0.5245|0.0126|-0.0430|-0.4190|0.1373||18.05|34|16.45|108
GME211217C00180000|14.00|14.45|11.96|17.98|12.70|3|-5.28|-0.2937|-23|442|1|13|0.4114|0.0126|0.0254|-0.3991|0.1341||15.20|87|12.95|114
GME211217P00180000|15.88|22.00|15.88|17.10|20.22|3|3.12|0.1825|12|1074|20|96|-0.5815|0.0120|-0.0516|-0.3964|0.1389||21.10|36|19.25|81
GME211217C00185000|15.60|15.60|10.40|15.00|11.62|4|-3.38|-0.2253|2|270|1|11|0.3547|0.0120|0.0220|-0.3836|0.1283||13.10|71|11.40|74
GME211217P00185000|22.25|24.46|22.25|19.25|24.46|4|5.21|0.2706|-14|255|1|3|-0.6414|0.0119|-0.0538|-0.3919|0.1288||24.65|45|22.20|76
GME211217C00187500|14.08|14.08|10.53|15.87|10.77|5|-5.10|-0.3214|0|39|1|3|0.5118|0.0050|0.0896|-0.3023|0.2584||12.35|60|10.40|52
GME211217P00187500||||19.77|19.77|5|0.00|0.0000|1|116|0|0|-0.7675|0.0146|-0.0619|-0.2130|0.1053||26.35|52|23.85|52
GME211217C00190000|13.45|13.45|8.80|13.83|10.55|6|-3.28|-0.2372|15|254|1|28|0.3033|0.0112|0.0189|-0.3624|0.1204||11.30|73|10.15|42
GME211217P00190000|20.42|29.00|20.42|22.61|28.20|6|5.59|0.2472|-4|446|2|20|-0.6909|0.0111|-0.0588|-0.3738|0.1215||28.10|48|25.60|55
GME211217C00192500|11.38|11.95|8.61|12.50|8.80|7|-3.70|-0.2960|2|30|3|7|0.3376|0.0093|0.0204|-0.4803|0.1260||10.90|73|9.20|71
GME211217P00192500||||24.00|24.00|7|0.00|0.0000|-1|111|0|0|-0.6612|0.0092|-0.0587|-0.4827|0.1261||29.95|47|27.35|56
GME211217C00195000|11.07|11.07|7.75|11.09|9.25|8|-1.84|-0.1659|-1|147|1|54|0.2585|0.0103|0.0162|-0.3390|0.1115||9.75|54|8.80|52
GME211217P00195000|27.94|30.80|27.94|25.45|30.57|8|5.12|0.2012|50|473|2|87|-0.7359|0.0102|-0.0636|-0.3494|0.1127||31.80|47|29.20|53
GME211217C00197500|9.62|9.62|7.50|10.80|8.53|9|-2.27|-0.2102|3|41|1|18|0.2983|0.0088|0.0181|-0.4561|0.1195||9.20|57|8.05|67
GME211217P00197500|32.65|34.08|32.65|27.65|34.08|9|6.43|0.2325|0|93|5|6|-0.5685|0.0058|-0.2055|-0.2522|0.2547||33.70|48|31.10|48
GME211217C00200000|9.90|9.90|6.70|10.05|8.20|10|-1.85|-0.1841|902|2001|2|376|0.2203|0.0093|0.0139|-0.3152|0.1022||8.50|44|7.65|62
GME211217P00200000|32.40|35.35|32.40|29.20|35.33|10|6.13|0.2099|-2|1919|1|9|-0.7730|0.0092|-0.0679|-0.3275|0.1039||35.40|19|33.00|57
GME211217C00202500|7.85|7.85|7.48|9.79|7.48|11|-2.31|-0.2360|18|36|1|5|0.2705|0.0081|0.0164|-0.4485|0.1141||8.05|42|6.90|59
GME211217P00202500|34.54|34.54|34.54|30.45|34.54|11|4.09|0.1343|1|117|1|1|-0.7403|0.0083|-0.0673|-0.4222|0.1118||37.70|22|34.75|59
GME211217C00205000|9.80|9.80|6.20|8.75|6.86|12|-1.89|-0.2160|-4|53|1|24|0.2478|0.0079|0.0152|-0.4198|0.1090||7.75|69|6.40|105
GME211217P00205000|36.55|39.63|36.55|33.98|39.63|12|5.65|0.1663|0|165|1|4|-0.7279|0.0077|-0.0679|-0.4787|0.1144||39.75|30|36.80|60
GME211217C00207500|6.15|6.15|6.15|8.90|6.15|13|-2.75|-0.3090|4|32|1|1|0.4209|0.0050|0.0766|-0.2900|0.2534||7.30|72|5.95|92
GME211217P00207500|41.74|41.74|41.74|21.30|41.74|13|20.44|0.9596|0|181|34|34|-0.9942|0.0012|-0.0849|-0.0065|0.0057||41.85|32|39.15|11
GME211217C00210000|5.92|6.80|5.45|7.50|5.85|14|-1.65|-0.2200|-30|815|2|31|0.1513|0.0074|0.0096|-0.2494|0.0808||6.70|42|5.75|86
GME211217P00210000|45.16|45.16|45.16|36.95|45.16|14|8.21|0.2222|-11|215|10|20|-0.8435|0.0074|-0.0764|-0.2591|0.0827||43.95|17|41.25|19
GME211217C00212500|5.95|6.20|5.65|6.50|5.65|15|-0.85|-0.1308|0|22|1|4|0.1931|0.0071|0.0120|-0.3533|0.0945||6.45|57|5.35|93
GME211217P00212500||||42.25|42.25|15|0.00|0.0000|0|59|0|0|-0.5498|0.0042|-0.2318|-0.3512|0.2565||46.10|13|43.10|41
GME211217C00215000|6.25|6.25|4.40|6.90|5.20|16|-1.70|-0.2464|4|97|1|12|0.1981|0.0068|0.0122|-0.3818|0.0959||6.00|11|5.05|74
GME211217P00215000|49.03|49.03|46.65|42.25|48.24|16|5.99|0.1418|2|101|2|11|-0.5846|0.0046|-0.2383|-0.3145|0.2527||48.30|18|45.50|16
GME211217C00217500|4.80|5.10|4.80|7.20|5.10|17|-2.10|-0.2917|1|39|1|2|0.2024|0.0065|0.0124|-0.4078|0.0973||5.95|77|4.75|89
GME211217P00217500|50.51|50.51|50.50|47.80|50.50|17|2.70|0.0565|0|23|4|34|-0.5773|0.0043|-0.2421|-0.3341|0.2536||50.65|18|47.45|40
GME211217C00220000|5.35|5.49|4.20|6.50|4.90|18|-1.60|-0.2462|1|1903|1|20|0.1029|0.0056|0.0066|-0.1925|0.0618||5.40|36|4.65|97
GME211217P00220000|54.10|54.10|52.62|46.55|52.62|18|6.07|0.1304|1|446|1|21|-0.8900|0.0057|-0.0834|-0.2066|0.0648||52.90|19|49.70|66
GME211217C00222500||||6.60|6.60|19|0.00|0.0000|2|69|0|0|0.1839|0.0060|0.0112|-0.3931|0.0917||5.15|10|4.30|65
GME211217P00222500||||49.15|49.15|19|0.00|0.0000|11|21|0|0|-0.7890|0.0060|-0.0788|-0.4653|0.0996||55.15|18|51.95|37
GME211217C00225000|4.75|4.75|4.20|5.80|4.20|20|-1.60|-0.2759|-7|98|15|20|0.1670|0.0058|0.0103|-0.3620|0.0864||5.00|47|4.15|62
GME211217P00225000||||49.64|49.64|20|0.00|0.0000|-1|30|0|0|-0.8269|0.0058|-0.0819|-0.3782|0.0882||57.45|13|54.20|32
GME211217C00227500||||5.60|5.60|21|0.00|0.0000|0|8|0|0|0.1594|0.0055|0.0098|-0.3556|0.0837||4.75|15|3.90|42
GME211217P00227500||||51.86|51.86|21|0.00|0.0000|0|60|0|0|-0.8247|0.0056|-0.0884|-0.3731|0.0918||59.60|8|56.50|15
GME211217C00230000|6.00|6.00|3.83|5.09|4.14|22|-0.95|-0.1866|11|442|1|44|0.0732|0.0042|0.0047|-0.1534|0.0479||4.75|77|3.80|77
GME211217P00230000||||54.21|54.21|22|0.00|0.0000|1|64|0|0|-0.9160|0.0044|-0.0951|-0.1667|0.0549||62.05|17|58.80|15
GME211217C00232500|4.35|4.35|3.80|4.45|3.80|23|-0.65|-0.1461|0|80|1|2|0.1311|0.0050|0.0081|-0.3028|0.0734||4.30|27|3.40|89
GME211217P00232500||||53.30|53.30|23|0.00|0.0000|0|19|0|0|-0.9122|0.0044|-0.0900|-0.1926|0.0549||64.40|19|61.10|15
GME211217C00235000|4.25|4.25|4.00|5.14|4.00|24|-1.14|-0.2218|0|74|1|2|0.1443|0.0049|0.0088|-0.3484|0.0783||4.15|36|3.35|91
GME211217P00235000||||54.70|54.70|24|0.00|0.0000|0|60|0|0|-0.7558|0.0050|-0.2920|-0.1849|0.2033||66.75|10|63.40|16
GME211217C00240000|3.80|3.80|3.21|4.35|3.50|25|-0.85|-0.1954|48|356|3|27|0.0495|0.0031|0.0032|-0.1139|0.0353||3.90|27|3.05|127
GME211217P00240000||||65.50|65.50|25|0.00|0.0000|0|54|0|0|-0.9459|0.0032|-0.0951|-0.1248|0.0379||71.50|15|68.10|14
GME211217C00245000|3.25|3.40|3.17|3.98|3.20|26|-0.78|-0.1960|143|230|1|4|0.3236|0.0041|0.0591|-0.2950|0.2328||3.90|84|3.00|92
GME211217P00245000||||71.40|71.40|26|0.00|0.0000|-2|47|0|0|-0.8101|0.0046|-0.0896|-0.5330|0.0935||76.25|17|72.80|16
GME211217C00250000|4.20|4.20|2.88|3.70|3.19|27|-0.51|-0.1378|-24|1145|5|105|0.0333|0.0022|0.0022|-0.0837|0.0256||3.45|50|3.00|27
GME211217P00250000|84.85|84.85|84.85|73.53|84.85|27|11.32|0.1540|0|56|1|1|-0.9637|0.0023|-0.1004|-0.0910|0.0275||81.05|14|77.55|25
GME211217C00255000|2.84|3.05|2.84|3.60|2.95|28|-0.65|-0.1806|0|355|1|5|0.1013|0.0036|0.0062|-0.2872|0.0611||3.25|23|2.92|8
GME211217P00255000||||39.75|39.75|28|0.00|0.0000|0|5|0|0|-0.9999|0.0000|-0.1048|0.0005|0.0002||85.80|6|82.35|1
GME211217C00260000|2.55|2.94|2.55|3.40|2.94|29|-0.46|-0.1353|3|519|1|3|0.0224|0.0016|0.0015|-0.0608|0.0184||3.15|48|2.64|75
GME211217P00260000|90.26|90.26|90.26|78.20|90.26|29|12.06|0.1542|0|21|1|1|-0.9753|0.0017|-0.1052|-0.0665|0.0200||90.65|6|87.20|21
GME211217C00270000|2.41|2.41|2.41|2.82|2.41|30|-0.41|-0.1454|34|575|1|1|0.0160|0.0011|0.0010|-0.0468|0.0138||2.88|29|2.23|111
GME211217P00270000||||65.35|65.35|30|0.00|0.0000|0|49|0|0|-0.9778|0.0014|-0.1168|-0.0604|0.0189||100.45|10|96.80|19
GME211217C00280000|2.50|2.50|2.32|2.63|2.32|31|-0.31|-0.1179|-3|2029|1|3|0.1447|0.0034|0.0296|-0.1448|0.1475||2.64|47|2.20|65
GME211217P00280000||||91.00|91.00|31|0.00|0.0000|0|10|0|0|-0.9865|0.0009|-0.1142|-0.0412|0.0119||110.25|10|106.60|14
GME211217C00290000|2.00|2.20|2.00|2.57|2.20|32|-0.37|-0.1440|1|523|2|3|0.1319|0.0031|0.0270|-0.1387|0.1385||2.44|17|2.13|12
GME211217P00290000||||68.50|68.50|32|0.00|0.0000|0|25|0|0|-0.9893|0.0008|-0.1185|-0.0344|0.0097||120.10|7|116.35|8
GME211217C00300000|2.05|2.32|1.84|2.15|2.11|33|-0.04|-0.0186|560|5707|5|156|0.1195|0.0029|0.0245|-0.1314|0.1292||2.22|6|2.00|2
GME211217P00300000|126.50|126.50|126.50|125.00|126.50|33|1.50|0.0120|0|20|1|1|-0.9908|0.0006|-0.1309|-0.0293|0.0088||129.95|7|126.25|7
GME211217C00310000|1.80|1.80|1.80|2.03|1.80|34|-0.23|-0.1133|-2|367|1|1|0.0045|0.0004|0.0003|-0.0164|0.0045||2.14|17|1.80|34
GME211217P00310000||||102.75|102.75|34|0.00|0.0000|0|3|0|0|-0.8824|0.0027|-0.4261|-0.1343|0.1282||139.85|8|136.25|10
GME211217C00320000|1.78|1.87|1.78|1.73|1.87|35|0.14|0.0809|41|448|1|4|0.0034|0.0003|0.0002|-0.0131|0.0035||2.00|16|1.71|10
GME211217P00320000||||96.00|96.00|35|0.00|0.0000|0|17|0|0|-0.9957|0.0003|-0.1312|-0.0155|0.0044||149.75|8|146.25|6
GME211217C00330000|1.74|1.74|1.74|1.75|1.74|36|-0.01|-0.0057|0|213|1|1|0.0920|0.0023|0.0189|-0.1137|0.1069||1.84|18|1.49|59
GME211217P00330000||||159.50|159.50|36|0.00|0.0000|0|3|0|0|-0.9967|0.0003|-0.1354|-0.0121|0.0034||159.65|9|156.00|10
GME211217C00340000|1.51|1.51|1.51|1.60|1.51|37|-0.09|-0.0563|0|232|1|1|0.0021|0.0002|0.0001|-0.0089|0.0023||1.73|11|1.46|59
GME211217P00340000||||126.85|126.85|37|0.00|0.0000|0|7|0|0|-0.9974|0.0002|-0.1396|-0.0095|0.0027||169.60|7|166.00|11
GME211217C00350000|1.50|1.51|1.30|1.40|1.48|38|0.08|0.0571|23|1013|3|33|0.0024|0.0002|0.0002|-0.0096|0.0026||1.71|46|1.43|19
GME211217P00350000||||133.85|133.85|38|0.00|0.0000|0|4|0|0|-0.9979|0.0002|-0.1437|-0.0080|0.0023||179.50|6|175.75|8
GME211217C00360000|1.30|1.43|1.25|1.37|1.43|39|0.06|0.0438|-4|304|1|12|0.0015|0.0001|0.0001|-0.0067|0.0017||1.55|10|1.30|25
GME211217P00360000||||||39|||0|0|0|0|-0.9982|0.0001|-0.1478|-0.0069|0.0020||189.40|8|185.65|6
GME211217C00370000|1.24|1.40|1.24|1.45|1.40|40|-0.05|-0.0345|0|447|3|13|0.0018|0.0001|0.0001|-0.0078|0.0020||1.53|44|1.25|6
GME211217P00370000||||172.65|172.65|40|0.00|0.0000|0|3|0|0|-0.9979|0.0002|-0.1620|-0.0079|0.0024||199.35|8|195.65|7
GME211217C00380000||||1.20|1.20|41|0.00|0.0000|-1|168|0|0|0.0011|0.0001|0.0001|-0.0054|0.0013||1.53|83|1.20|9
GME211217P00380000|208.83|208.83|208.83|165.60|208.83|41|43.23|0.2611|0|17|1|1|-0.9987|0.0001|-0.1561|-0.0048|0.0014||209.25|6|205.55|8
GME211217C00390000|1.18|1.18|1.18|1.18|1.18|42|0.00|0.0000|1|193|1|2|0.0010|0.0001|0.0001|-0.0049|0.0012||1.53|85|1.10|25
GME211217P00390000||||||42|||0|0|0|0|-0.9989|0.0001|-0.1602|-0.0042|0.0013||219.20|3|215.20|6
GME211217C00400000|1.12|1.24|0.90|1.08|1.24|43|0.16|0.1481|19|1185|1|103|0.0008|0.0001|0.0001|-0.0040|0.0009||1.25|2|1.04|6
GME211217P00400000||||198.90|198.90|43|0.00|0.0000|0|3|0|0|-0.9989|0.0001|-0.1643|-0.0040|0.0012||229.25|2|225.20|4
GME211217C00410000|0.90|1.00|0.90|1.00|0.99|44|-0.01|-0.0100|1|205|1|26|0.0006|0.0000|0.0000|-0.0033|0.0008||1.20|10|0.97|23
GME211217P00410000||||190.90|190.90|44|0.00|0.0000|0|3|0|0|-0.9991|0.0001|-0.1684|-0.0034|0.0011||239.05|4|235.20|6
GME211217C00420000|1.00|1.00|1.00|0.95|1.00|45|0.05|0.0526|3|542|5|10|0.0006|0.0000|0.0000|-0.0030|0.0007||1.20|47|0.99|1
GME211217P00420000||||189.85|189.85|45|0.00|0.0000|0|16|0|0|-0.9995|0.0000|-0.1726|-0.0013|0.0006||249.00|6|245.20|8
GME211217C00430000|0.99|0.99|0.97|0.97|0.97|46|0.00|0.0000|0|208|1|11|0.0005|0.0000|0.0000|-0.0026|0.0006||1.20|13|0.69|79
GME211217P00430000||||244.20|244.20|46|0.00|0.0000|0|0|0|0|-0.9443|0.0013|-0.6130|-0.0892|0.0728||259.00|2|255.00|4
GME211217C00440000||||1.15|1.15|47|0.00|0.0000|0|472|0|0|0.0004|0.0000|0.0000|-0.0023|0.0005||1.20|43|0.90|1
GME211217P00440000||||||47|||0|0|0|0|-0.9997|0.0000|-0.1808|-0.0003|0.0004||269.00|1|264.95|4
GME211217C00450000|0.60|0.75|0.60|0.79|0.75|48|-0.04|-0.0506|2|686|2|6|0.0003|0.0000|0.0000|-0.0018|0.0004||1.02|7|0.65|49
GME211217P00450000||||||48|||0|0|0|0|-0.9997|0.0000|-0.1849|-0.0001|0.0004||279.00|3|274.90|6
GME211217C00460000|0.74|0.89|0.74|0.76|0.89|49|0.13|0.1711|2|1138|8|25|0.0003|0.0000|0.0000|-0.0019|0.0004||1.02|8|0.80|15
GME211217P00460000||||261.60|261.60|49|0.00|0.0000|0|5|0|0|-0.9513|0.0011|-0.6580|-0.0825|0.0654||290.00|10|284.90|4
GME211217C00470000|0.65|0.65|0.65|0.78|0.65|50|-0.13|-0.1667|1|190|2|2|0.0254|0.0007|0.0015|-0.1560|0.0204||1.02|20|0.72|1
GME211217P00470000||||||50||||0|0|0|-1.0000|0.0000|-0.1931|0.0016|0.0000||299.95|10|294.85|4
GME211217C00480000||||0.60|0.60|51|0.00|0.0000|16|240|0|0|0.0237|0.0007|0.0014|-0.1485|0.0193||1.02|15|0.65|22
GME211217P00480000||||264.21|264.21|51|0.00|0.0000|0|7|0|0|-0.9860|0.0005|-0.1964|-0.0854|0.0123||309.90|10|304.85|4
GME211217C00490000|0.66|0.78|0.52|0.52|0.78|52|0.26|0.5000|8|105|6|12|0.0247|0.0007|0.0015|-0.1577|0.0200||1.02|11|0.65|8
GME211217P00490000||||274.04|274.04|52|0.00|0.0000|0|7|0|0|-0.9813|0.0006|-0.2002|-0.1169|0.0157||319.85|10|314.80|4
GME211217C00500000|0.70|0.80|0.60|0.50|0.63|53|0.13|0.2600|-47|2441|2|9|0.0239|0.0007|0.0014|-0.1549|0.0194||0.75|7|0.65|5
GME211217P00500000||||290.05|290.05|53|0.00|0.0000|0|7|0|0|-0.7789|0.0020|-0.6905|-0.4219|0.1924||329.80|10|324.75|3
GME211217C00510000|0.61|0.70|0.42|0.53|0.70|54|0.17|0.3208|25|1391|1|262|0.0257|0.0007|0.0015|-0.1692|0.0206||0.70|7|0.65|5
GME211217P00510000||||277.97|277.97|54|0.00|0.0000|0|0|0|0|-0.9964|0.0002|-0.2094|-0.0218|0.0038||339.75|10|334.75|3
GME211223C00100000||||80.77|80.77|10|0.00|0.0000|0|14|0|0|0.8696|0.0018|0.0388|-0.5792|0.0865||76.90|4|73.45|4
GME211223P00100000|1.13|1.41|1.01|0.88|1.40|10|0.52|0.5909|8|124|1|26|-0.0485|0.0017|-0.0056|-0.1460|0.0410||1.65|14|1.25|3
GME211223C00110000||||||9||||0|0|0|1.0000|0.0000|0.0633|-0.0004|0.0000||67.40|4|63.10|13
GME211223P00110000|1.52|1.86|1.43|1.33|1.83|9|0.50|0.3759|9|37|2|19|-0.0671|0.0023|-0.0076|-0.1716|0.0530||2.17|8|1.80|23
GME211223C00120000||||103.35|103.35|8|0.00|0.0000|0|1|0|0|0.8271|0.0011|0.0228|-1.4299|0.1043||58.10|4|53.95|13
GME211223P00120000|2.80|2.80|2.61|1.15|2.61|8|1.46|1.2696|0|25|1|2|-0.0584|0.0029|-0.0067|-0.1081|0.0486||3.05|13|2.20|26
GME211223C00130000||||||7||||0|0|0|1.0000|0.0000|0.0784|-0.0005|0.0000||49.30|6|45.25|15
GME211223P00130000|3.71|3.71|3.64|2.69|3.64|7|0.95|0.3532|70|142|1|6|-0.1110|0.0046|-0.0123|-0.1871|0.0772||4.50|21|3.15|21
GME211223C00140000||||||6||||0|0|0|1.0000|0.0000|0.0805|-0.0005|0.0000||41.05|6|37.15|3
GME211223P00140000||||4.40|4.40|6|0.00|0.0000|2|42|0|0|-0.1813|0.0063|-0.0204|-0.2636|0.1075||6.50|19|4.75|19
GME211223C00145000||||||5||||0|0|0|1.0000|0.0000|0.0834|-0.0005|0.0000||37.25|11|33.50|9
GME211223P00145000||||||5||||0|0|0|0.0000|0.0000|0.0000|0.0000|0.0000||7.80|17|6.35|3
GME211223C00150000|28.10|28.10|28.10|55.90|28.10|4|-27.80|-0.4973|0|4|14|17|0.7582|0.0088|0.0622|-0.2525|0.1302||33.65|12|30.80|10
GME211223P00150000|6.60|9.65|6.60|6.07|8.25|4|2.18|0.3591|-6|200|46|86|-0.2713|0.0075|-0.0329|-0.3331|0.1383||9.20|37|7.75|22
GME211223C00155000|29.20|29.20|29.20|57.05|29.20|3|-27.85|-0.4882|0|10|1|1|0.6732|0.0066|0.0491|-0.4703|0.1471||30.30|13|27.25|9
GME211223P00155000|9.85|9.95|9.85|9.30|9.90|3|0.60|0.0645|16|127|46|74|-0.3127|0.0082|-0.0381|-0.3478|0.1477||10.90|12|9.40|5
GME211223C00160000|23.28|23.31|23.28|53.80|23.31|2|-30.49|-0.5667|0|12|1|2|0.6792|0.0027|0.0365|-1.0731|0.1493||27.20|17|24.25|5
GME211223P00160000|11.83|12.40|11.83|9.45|12.10|2|2.65|0.2804|1|62|1|20|-0.3588|0.0082|-0.0425|-0.4036|0.1524||12.85|25|11.15|9
GME211223C00165000|20.45|21.50|20.45|20.45|21.50|1|1.05|0.0513|0|0|1|2|0.5992|0.0089|0.0473|-0.4016|0.1579||24.35|12|20.95|13
GME211223P00165000|13.81|13.81|13.81|11.60|13.81|1|2.21|0.1905|0|21|5|5|-0.4028|0.0087|-0.0481|-0.4097|0.1579||15.20|31|13.30|19
GME211223C00170000|18.25|19.95|18.00|25.94|19.50|1|-6.44|-0.2483|0|15|1|12|0.5531|0.0088|0.0438|-0.4238|0.1613||21.85|14|19.05|8
GME211223P00170000|16.83|17.67|16.05|14.35|16.91|1|2.56|0.1784|0|33|1|31|-0.4462|0.0087|-0.0541|-0.4290|0.1612||17.65|10|15.30|16
GME211223C00175000|23.00|23.00|16.00|19.00|17.70|2|-1.30|-0.0684|0|3|1|23|0.5123|0.0086|0.0407|-0.4397|0.1626||19.50|24|16.95|6
GME211223P00175000|16.28|20.69|16.28|15.02|20.10|2|5.08|0.3382|-6|48|1|9|-0.4949|0.0095|-0.0596|-0.3986|0.1629||20.40|14|18.30|12
