symbol|open|high|low|preClose|close|activeLevel|change|changeRatio|openIntChange|openInterest|latestPriceVol|volume|delta|gamma|rho|theta|vega|tradeStamptradeTime|ask|avol|bid|bvol
GME211210C00100000||||70.90|70.90|12|0.00|0.0000|209|211|0|0|0.9446|0.0016|0.0097|-1.0099|0.0207||79.20|12|74.45|70
GME211210P00100000|1.09|1.09|0.56|1.14|0.63|12|-0.51|-0.4474|1314|2034|1|1755|-0.0244|0.0010|-0.0005|-0.3965|0.0106||0.63|3|0.62|7
GME211210C00110000||||76.13|76.13|11|0.00|0.0000|0|2|0|0|0.8597|0.0021|0.0082|-3.0100|0.0412||69.20|12|64.45|54
GME211210P00110000|1.45|1.51|0.77|1.52|0.84|11|-0.68|-0.4474|314|618|1|344|-0.0334|0.0015|-0.0007|-0.4580|0.0137||0.86|3|0.82|9
GME211210C00120000||||51.40|51.40|10|0.00|0.0000|1|2|0|0|0.9202|0.0027|0.0114|-1.0089|0.0274||59.65|29|54.80|19
GME211210P00120000|1.69|1.69|0.96|2.00|1.05|10|-0.95|-0.4750|513|1305|1|501|-0.0466|0.0022|-0.0010|-0.5339|0.0180||1.13|9|1.03|11
GME211210C00130000|46.31|46.31|44.86|41.19|44.86|9|3.67|0.0891|11|11|4|8|0.9992|0.0002|0.0142|-0.0064|0.0005||49.65|19|44.70|20
GME211210P00130000|1.70|2.49|1.26|2.60|1.38|9|-1.22|-0.4692|286|1131|1|763|-0.0644|0.0033|-0.0014|-0.6033|0.0233||1.40|1|1.37|8
GME211210C00140000|37.03|39.00|35.20|34.35|35.20|8|0.85|0.0247|12|46|1|8|0.8472|0.0052|0.0119|-1.3493|0.0436||40.10|20|35.15|18
GME211210P00140000|2.50|2.97|1.73|3.80|1.95|8|-1.85|-0.4868|492|1223|1|541|-0.0967|0.0050|-0.0021|-0.7268|0.0316||1.99|6|1.90|17
GME211210C00145000|32.07|33.37|30.60|26.44|30.60|7|4.16|0.1573|13|21|1|14|0.8544|0.0063|0.0127|-1.0419|0.0422||35.55|24|30.60|18
GME211210P00145000|3.45|4.65|2.13|4.62|2.35|7|-2.27|-0.4913|250|373|1|509|-0.1196|0.0062|-0.0025|-0.7973|0.0369||2.50|18|2.30|25
GME211210C00150000|32.00|32.00|25.77|22.00|29.60|6|7.60|0.3455|-12|61|1|39|0.8181|0.0074|0.0125|-1.1752|0.0488||30.90|42|27.85|14
GME211210P00150000|3.90|5.15|2.64|5.68|2.97|6|-2.71|-0.4771|129|1024|1|1130|-0.1539|0.0077|-0.0033|-0.9133|0.0438||3.10|11|2.98|3
GME211210C00155000|23.75|25.48|23.75|18.50|24.84|5|6.34|0.3427|2|60|10|24|0.7910|0.0090|0.0125|-1.1457|0.0531||26.90|36|23.90|20
GME211210P00155000|4.50|5.15|3.45|7.06|3.87|5|-3.19|-0.4518|20|391|1|271|-0.1940|0.0093|-0.0041|-1.0103|0.0508||4.00|1|3.80|23
GME211210C00160000|20.40|24.00|18.02|15.22|21.50|4|6.28|0.4126|22|276|1|34|0.7463|0.0107|0.0121|-1.2015|0.0592||22.20|49|20.40|22
GME211210P00160000|6.10|6.80|4.20|8.50|5.00|4|-3.50|-0.4118|362|859|2|708|-0.2425|0.0112|-0.0052|-1.0950|0.0578||5.30|32|4.95|22
GME211210C00165000|17.00|21.23|15.50|12.90|18.50|3|5.60|0.4341|143|203|1|48|0.6796|0.0113|0.0111|-1.4125|0.0661||19.00|67|17.10|21
GME211210P00165000|7.50|8.80|5.55|10.86|6.37|3|-4.49|-0.4134|224|608|1|375|-0.3064|0.0126|-0.0066|-1.2231|0.0649||6.95|30|6.40|32
GME211210C00170000|14.80|18.10|12.45|10.50|15.42|2|4.92|0.4686|271|448|6|215|0.6177|0.0120|0.0102|-1.5099|0.0705||15.10|37|14.05|16
GME211210P00170000|10.15|12.00|7.00|13.50|8.45|2|-5.05|-0.3741|-41|554|20|835|-0.3758|0.0136|-0.0081|-1.3270|0.0701||8.80|22|8.20|59
GME211210C00175000|12.00|16.00|9.69|8.30|11.70|1|3.40|0.4096|198|470|1|846|0.5537|0.0134|0.0093|-1.4541|0.0730||12.25|49|11.40|4
GME211210P00175000|12.67|14.70|9.15|16.30|10.80|1|-5.50|-0.3374|13|531|1|787|-0.4467|0.0140|-0.0098|-1.3993|0.0731||11.10|8|10.45|30
GME211210C00177500|10.95|13.70|8.75|7.70|10.90|1|3.20|0.4156|132|179|1|181|0.5198|0.0136|0.0088|-1.4599|0.0736||10.90|44|10.25|1
GME211210P00177500|11.95|14.45|9.95|18.90|11.87|1|-7.03|-0.3720|-9|257|1|55|-0.4843|0.0149|-0.0106|-1.3351|0.0737||12.65|31|11.70|16
GME211210C00180000|10.00|12.95|7.25|6.55|9.25|2|2.70|0.4122|292|696|2|1117|0.4865|0.0135|0.0083|-1.4670|0.0737||9.60|1|9.25|2
GME211210P00180000|14.85|15.75|11.20|18.26|13.30|2|-4.96|-0.2716|-47|583|1|200|-0.5180|0.0143|-0.0114|-1.3853|0.0736||13.80|11|12.85|45
GME211210C00182500|8.00|11.40|6.85|5.66|8.55|3|2.89|0.5106|31|179|1|279|0.4535|0.0135|0.0078|-1.4561|0.0732||8.75|50|8.05|21
GME211210P00182500|12.40|16.50|12.40|20.00|15.20|3|-4.80|-0.2400|1|233|12|29|-0.5529|0.0142|-0.0123|-1.3732|0.0731||15.90|27|13.35|63
GME211210C00185000|7.85|10.20|6.00|5.02|7.25|4|2.23|0.4442|178|424|3|373|0.4238|0.0131|0.0073|-1.4653|0.0724||7.90|62|7.20|15
GME211210P00185000|18.95|18.95|14.55|23.17|15.75|4|-7.42|-0.3202|-119|350|2|61|-0.5932|0.0146|-0.0132|-1.2908|0.0717||16.95|20|14.95|80
GME211210C00187500|8.40|9.05|5.35|4.30|6.80|5|2.50|0.5814|45|127|1|104|0.3913|0.0130|0.0068|-1.4219|0.0710||6.80|1|6.50|30
GME211210P00187500|17.85|18.60|16.78|28.00|18.60|5|-9.40|-0.3357|2|261|1|14|-0.6173|0.0135|-0.0139|-1.3430|0.0705||18.80|12|16.70|71
GME211210C00190000|6.50|8.00|4.60|4.05|6.00|6|1.95|0.4815|226|576|7|732|0.3597|0.0127|0.0062|-1.3729|0.0691||6.10|17|5.65|22
GME211210P00190000|19.54|21.03|19.54|27.50|19.93|6|-7.57|-0.2753|0|512|2|43|-1.0000|0.0000|-0.0208|0.0006|0.0000||20.60|17|19.20|40
GME211210C00192500|4.80|7.15|4.10|3.66|5.35|7|1.69|0.4617|32|120|2|132|0.3282|0.0124|0.0057|-1.3116|0.0668||5.70|88|4.95|50
GME211210P00192500|21.40|21.65|21.40|27.83|21.65|7|-6.18|-0.2221|3|125|1|2|-0.5909|0.0090|-0.0144|-2.1057|0.0718||22.35|20|20.85|49
GME211210C00195000|3.50|6.35|3.50|3.30|4.86|8|1.56|0.4727|141|433|4|319|0.3065|0.0118|0.0053|-1.3071|0.0649||4.75|1|4.50|30
GME211210P00195000|22.22|22.50|21.97|31.02|22.50|8|-8.52|-0.2747|-9|294|1|22|-0.7706|0.0138|-0.0172|-0.8295|0.0560||24.75|25|22.30|62
GME211210C00197500|3.81|5.80|3.60|2.90|4.46|9|1.56|0.5379|46|173|1|143|0.2785|0.0114|0.0049|-1.2405|0.0620||4.40|35|4.00|26
GME211210P00197500|26.05|26.05|26.05|33.48|26.05|9|-7.43|-0.2219|-5|115|1|1|-0.7306|0.0116|-0.0169|-1.1766|0.0610||27.25|21|23.70|53
GME211210C00200000|3.61|5.00|2.98|2.71|3.75|10|1.04|0.3838|637|2365|1|2358|0.2583|0.0108|0.0045|-1.2145|0.0597||3.90|21|3.60|17
GME211210P00200000|27.98|32.00|25.00|33.81|27.90|10|-5.91|-0.1748|-25|674|1|58|-0.7492|0.0109|-0.0175|-1.1617|0.0588||28.40|15|26.15|63
GME211210C00202500|3.00|4.50|2.94|2.41|3.41|11|1.00|0.4149|48|142|3|132|0.2365|0.0102|0.0042|-1.1638|0.0570||3.55|23|3.25|23
GME211210P00202500|30.42|30.42|30.42|35.84|30.42|11|-5.42|-0.1512|-2|33|1|1|-0.7679|0.0103|-0.0181|-1.1328|0.0564||30.55|12|28.00|45
GME211210C00205000|2.95|4.00|2.50|2.21|3.25|12|1.04|0.4706|163|401|1|329|0.2194|0.0096|0.0039|-1.1335|0.0546||3.35|59|2.96|3
GME211210P00205000|33.43|33.43|31.30|40.44|31.30|12|-9.14|-0.2260|-1|179|1|2|-0.7612|0.0094|-0.0183|-1.2735|0.0573||32.80|12|29.95|51
GME211210C00207500|2.39|3.60|2.39|1.99|2.82|13|0.83|0.4171|21|103|1|71|0.2014|0.0091|0.0035|-1.0856|0.0520||3.05|52|2.69|15
GME211210P00207500||||42.53|42.53|13|0.00|0.0000|-2|24|0|0|-0.6484|0.0069|-0.0171|-2.4846|0.0686||35.15|12|32.00|13
GME211210C00210000|2.37|3.30|2.12|1.80|2.65|14|0.85|0.4722|142|501|1|345|0.1868|0.0086|0.0033|-1.0518|0.0496||2.75|5|2.43|13
GME211210P00210000|38.25|38.25|37.90|45.79|37.90|14|-7.89|-0.1723|-17|124|1|2|-0.7897|0.0085|-0.0194|-1.2251|0.0533||37.60|16|34.05|29
GME211210C00212500|2.25|2.79|2.07|1.81|2.43|15|0.62|0.3425|15|103|1|104|0.1759|0.0081|0.0031|-1.0362|0.0478||2.50|2|2.22|23
GME211210P00212500|40.65|40.65|40.65|48.25|40.65|15|-7.60|-0.1575|1|39|2|2|-0.7884|0.0080|-0.0196|-1.3109|0.0535||39.70|19|36.55|40
GME211210C00215000|2.20|2.70|1.80|1.75|2.30|16|0.55|0.3143|118|334|1|272|0.1629|0.0076|0.0029|-0.9969|0.0455||2.36|18|2.06|12
GME211210P00215000|40.73|40.73|40.73|52.12|40.73|16|-11.39|-0.2185|0|73|1|1|-0.6412|0.0058|-0.0180|-2.9925|0.0690||42.20|18|39.05|21
GME211210C00217500|3.70|3.70|1.73|1.50|2.19|17|0.69|0.4600|11|46|3|51|0.1544|0.0072|0.0027|-0.9847|0.0439||2.24|43|1.92|17
GME211210P00217500||||53.30|53.30|17|0.00|0.0000|0|37|0|0|-0.6621|0.0059|-0.0186|-2.8339|0.0675||44.70|19|41.30|20
GME211210C00220000|1.68|2.26|1.54|1.55|2.01|18|0.46|0.2968|161|582|1|488|0.1411|0.0067|0.0025|-0.9294|0.0413||2.01|21|1.84|1
GME211210P00220000|48.67|48.67|47.38|54.32|47.38|18|-6.94|-0.1278|0|165|1|4|-0.8251|0.0069|-0.0211|-1.2021|0.0476||47.05|4|43.55|40
GME211210C00222500|1.45|3.50|1.45|1.50|1.83|19|0.33|0.2200|63|155|1|91|0.1299|0.0063|0.0023|-0.8843|0.0391||1.96|45|1.65|33
GME211210P00222500|49.15|49.15|49.15|42.95|49.15|19|6.20|0.1444|0|39|1|1|-0.8527|0.0065|-0.0218|-1.0239|0.0426||49.10|19|45.90|46
GME211210C00225000|1.59|1.91|1.38|1.21|1.79|20|0.58|0.4793|49|521|1|375|0.1224|0.0060|0.0022|-0.8623|0.0375||1.80|16|1.58|11
GME211210P00225000||||57.07|57.07|20|0.00|0.0000|-1|476|0|0|-0.7300|0.0059|-0.0203|-2.2982|0.0611||51.60|4|48.40|19
GME211210C00227500|1.39|1.74|1.33|1.22|1.50|21|0.28|0.2295|4|39|1|38|0.1132|0.0056|0.0020|-0.8225|0.0355||1.74|39|1.45|29
GME211210P00227500||||34.06|34.06|21|0.00|0.0000|0|35|0|0|-0.9983|0.0004|-0.0249|-0.0099|0.0010||54.10|4|50.40|20
GME211210C00230000|1.21|1.69|1.15|1.14|1.47|22|0.33|0.2895|95|565|2|309|0.1091|0.0053|0.0019|-0.8207|0.0346||1.62|16|1.42|11
GME211210P00230000||||61.98|61.98|22|0.00|0.0000|0|20|0|0|-0.7394|0.0056|-0.0210|-2.3526|0.0600||56.60|6|52.85|40
GME211210C00232500|1.25|1.47|1.25|1.21|1.38|23|0.17|0.1405|12|67|20|148|0.1040|0.0051|0.0018|-0.8070|0.0334||1.48|15|1.35|16
GME211210P00232500||||68.97|68.97|23|0.00|0.0000|0|5|0|0|-0.6795|0.0049|-0.0206|-3.2393|0.0661||59.10|3|55.35|22
GME211210C00235000|1.05|1.50|1.05|1.04|1.38|24|0.34|0.3269|-13|851|1|173|0.1004|0.0048|0.0018|-0.8036|0.0325||1.46|13|1.30|1
GME211210P00235000||||74.05|74.05|24|0.00|0.0000|0|32|0|0|-0.6537|0.0046|-0.0207|-3.7297|0.0682||61.60|5|57.85|21
GME211210C00237500|1.14|1.39|1.05|0.95|1.36|25|0.41|0.4316|34|54|2|42|0.0976|0.0046|0.0017|-0.8053|0.0319||1.39|14|1.22|12
GME211210P00237500||||76.45|76.45|25|0.00|0.0000|0|24|0|0|-0.6581|0.0045|-0.0210|-3.7604|0.0679||64.10|6|60.35|23
GME211210C00240000|1.07|1.31|1.00|0.96|1.25|26|0.29|0.3021|34|336|1|76|0.0923|0.0044|0.0016|-0.7821|0.0306||1.25|2|1.17|8
GME211210P00240000|64.94|64.94|64.94|71.95|64.94|26|-7.01|-0.0974|-1|30|1|1|-0.7534|0.0050|-0.0224|-2.4770|0.0583||66.60|5|62.85|21
GME211210C00245000|0.98|1.25|0.90|0.92|1.12|27|0.20|0.2174|45|227|2|83|0.0812|0.0039|0.0014|-0.7222|0.0278||1.22|19|1.07|12
GME211210P00245000||||50.19|50.19|27|0.00|0.0000|0|23|0|0|-0.9999|0.0000|-0.0268|-0.0002|0.0001||71.60|8|67.85|21
GME211210C00250000|1.00|1.17|0.75|0.88|1.02|28|0.14|0.1591|806|3669|1|664|0.0746|0.0036|0.0013|-0.6964|0.0260||1.11|10|1.00|8
GME211210P00250000||||80.84|80.84|28|0.00|0.0000|3|18|0|0|-0.7830|0.0046|-0.0239|-2.3400|0.0543||76.60|12|72.65|22
GME211210C00255000|0.90|1.04|0.86|0.83|0.93|29|0.10|0.1205|155|228|1|66|0.0688|0.0033|0.0012|-0.6726|0.0245||1.03|15|0.92|2
GME211210P00255000||||40.40|40.40|29|0.00|0.0000|0|5|0|0|-1.0000|0.0000|-0.0279|0.0008|0.0000||81.60|18|77.65|19
GME211210C00260000|0.90|1.00|0.80|0.80|0.91|30|0.11|0.1375|953|1845|1|329|0.0643|0.0030|0.0011|-0.6561|0.0232||0.95|9|0.86|5
GME211210P00260000||||69.85|69.85|30|0.00|0.0000|0|22|0|0|-0.9994|0.0001|-0.0285|-0.0042|0.0004||86.60|18|82.60|22
GME211210C00270000|0.66|0.88|0.66|0.65|0.82|31|0.17|0.2615|225|405|1|177|0.0565|0.0026|0.0010|-0.6235|0.0210||0.83|13|0.75|3
GME211210P00270000||||103.46|103.46|31|0.00|0.0000|0|15|0|0|-0.7583|0.0039|-0.0259|-3.1480|0.0577||96.60|14|92.45|18
GME211210C00280000|0.68|0.80|0.59|0.60|0.71|32|0.11|0.1833|37|296|1|104|0.0487|0.0022|0.0009|-0.5751|0.0187||0.71|4|0.67|6
GME211210P00280000||||112.20|112.20|32|0.00|0.0000|0|6|0|0|-0.7838|0.0036|-0.0274|-2.9450|0.0542||107.55|12|102.25|17
GME211210C00290000|0.56|0.82|0.56|0.61|0.66|33|0.05|0.0820|-10|545|1|278|0.0426|0.0019|0.0007|-0.5354|0.0168||0.65|10|0.60|10
GME211210P00290000||||82.25|82.25|33|0.00|0.0000|0|7|0|0|-1.0000|0.0000|-0.0318|0.0008|0.0000||117.40|12|112.10|17
GME211210C00300000|0.51|1.15|0.49|0.50|0.55|34|0.05|0.1000|407|1617|1|866|0.0380|0.0017|0.0007|-0.5051|0.0153||0.57|16|0.54|12
GME211210P00300000||||76.00|76.00|34|0.00|0.0000|0|14|0|0|-1.0000|0.0000|-0.0329|0.0010|0.0000||127.30|17|122.00|17
GME211210C00310000|0.47|0.80|0.47|0.45|0.52|35|0.07|0.1556|76|359|5|169|0.0332|0.0015|0.0006|-0.4652|0.0137||0.52|8|0.51|2
GME211210P00310000||||83.61|83.61|35|0.00|0.0000|0|4|0|0|-1.0000|0.0000|-0.0340|0.0008|0.0000||137.25|17|132.20|17
GME211210C00320000|0.47|0.62|0.45|0.44|0.48|36|0.04|0.0909|143|420|5|135|0.0301|0.0013|0.0005|-0.4427|0.0126||0.47|8|0.45|1
GME211210P00320000||||89.47|89.47|36|0.00|0.0000|0|3|0|0|-1.0000|0.0000|-0.0351|0.0010|0.0000||147.15|12|141.30|52
GME211210C00330000|0.58|0.58|0.39|0.39|0.41|37|0.02|0.0513|233|482|100|271|0.0263|0.0012|0.0005|-0.4036|0.0113||0.43|7|0.39|6
GME211210P00330000||||||37||||0|0|0|-1.0000|0.0000|-0.0362|0.0011|0.0000||157.05|17|152.05|17
GME211210C00340000|0.28|0.42|0.28|0.33|0.38|38|0.05|0.1515|29|160|1|26|0.0222|0.0010|0.0004|-0.3533|0.0098||0.39|7|0.36|3
GME211210P00340000||||||38||||0|0|0|-1.0000|0.0000|-0.0373|0.0011|0.0000||166.95|17|162.00|17
GME211210C00350000|0.40|0.40|0.30|0.30|0.34|39|0.04|0.1333|176|675|2|973|0.0196|0.0009|0.0003|-0.3236|0.0088||0.35|7|0.31|16
GME211210P00350000||||||39||||0|0|0|-1.0000|0.0000|-0.0384|0.0011|0.0000||176.90|17|172.00|17
GME211210C00360000|0.39|0.39|0.29|0.28|0.29|40|0.01|0.0357|61|150|1|60|0.0195|0.0008|0.0003|-0.3343|0.0087||0.30|15|0.29|5
GME211210P00360000||||||40||||0|0|0|-1.0000|0.0000|-0.0395|0.0012|0.0000||186.85|17|181.70|17
GME211210C00370000|0.29|0.35|0.28|0.29|0.28|41|-0.01|-0.0345|8|46|1|11|0.0175|0.0008|0.0003|-0.3114|0.0080||0.29|8|0.25|14
GME211210P00370000||||||41||||0|0|0|-1.0000|0.0000|-0.0405|0.0012|0.0000||196.75|17|191.55|18
GME211210C00380000|0.33|0.33|0.22|0.25|0.23|42|-0.02|-0.0800|20|77|1|12|0.0152|0.0007|0.0003|-0.2779|0.0071||0.26|7|0.23|14
GME211210P00380000||||||42||||0|0|0|-1.0000|0.0000|-0.0416|0.0012|0.0000||206.70|16|201.65|43
GME211210C00390000|0.22|0.27|0.20|0.22|0.20|43|-0.02|-0.0909|77|156|1|17|0.0129|0.0006|0.0002|-0.2423|0.0061||0.21|16|0.20|14
GME211210P00390000||||||43||||0|0|0|-1.0000|0.0000|-0.0427|0.0013|0.0000||216.65|16|211.60|42
GME211210C00400000|0.21|0.27|0.18|0.20|0.19|44|-0.01|-0.0500|64|592|5|378|0.0116|0.0005|0.0002|-0.2242|0.0056||0.21|7|0.19|11
GME211210P00400000||||230.14|230.14|44|0.00|0.0000|1|1|0|0|-0.8552|0.0021|-0.0417|-3.0222|0.0421||226.60|17|221.35|52
GME211210C00410000|0.20|0.23|0.19|0.22|0.19|45|-0.03|-0.1364|28|98|1|9|0.0118|0.0005|0.0002|-0.2345|0.0057||0.20|16|0.18|2
GME211210P00410000||||||45||||0|0|0|-1.0000|0.0000|-0.0449|0.0013|0.0000||236.50|12|230.20|27
GME211210C00420000|0.28|0.28|0.15|0.18|0.17|46|-0.01|-0.0556|64|242|2|117|0.0096|0.0004|0.0002|-0.1959|0.0048||0.17|1|0.15|7
GME211210P00420000||||||46||||0|0|0|-1.0000|0.0000|-0.0460|0.0014|0.0000||246.45|12|240.25|27
GME211210C00430000|0.22|0.22|0.14|0.13|0.14|47|0.01|0.0769|5|311|1|3|0.0089|0.0004|0.0002|-0.1858|0.0044||0.52|34|0.08|1
GME211210P00430000||||||47||||0|0|0|-1.0000|0.0000|-0.0471|0.0014|0.0000||256.60|5|250.35|28
GME211210C00440000|0.15|0.16|0.15|0.15|0.16|48|0.01|0.0667|16|96|1|14|0.0097|0.0004|0.0002|-0.2077|0.0048||0.22|10|0.12|1
GME211210P00440000||||||48||||0|0|0|-1.0000|0.0000|-0.0482|0.0014|0.0000||266.55|5|260.40|28
GME211210C00450000|0.20|0.24|0.15|0.15|0.16|49|0.01|0.0667|511|807|3|57|0.0095|0.0004|0.0002|-0.2086|0.0047||0.18|15|0.12|1
GME211210P00450000||||||49||||0|0|0|-1.0000|0.0000|-0.0493|0.0015|0.0000||276.50|4|270.35|28
GME211210C00460000|0.22|0.22|0.11|0.11|0.15|50|0.04|0.3636|111|177|100|771|0.0094|0.0004|0.0002|-0.2096|0.0047||0.15|3|0.10|4
GME211210P00460000||||||50||||0|0|0|-1.0000|0.0000|-0.0504|0.0015|0.0000||286.45|4|280.40|28
GME211210C00470000|0.15|0.15|0.10|0.12|0.10|51|-0.02|-0.1667|310|333|1|213|0.0087|0.0004|0.0002|-0.1996|0.0044||0.18|1|0.10|1
GME211210P00470000||||||51||||0|0|0|-1.0000|0.0000|-0.0515|0.0015|0.0000||296.40|13|290.40|28
GME211210C00480000|0.14|0.15|0.08|0.10|0.13|52|0.03|0.3000|75|148|2|170|0.0062|0.0003|0.0001|-0.1445|0.0032||0.25|7|0.05|1
GME211210P00480000||||||52||||0|0|0|-1.0000|0.0000|-0.0526|0.0016|0.0000||308.25|10|300.40|27
GME211210C00490000|0.20|0.20|0.10|0.17|0.12|53|-0.05|-0.2941|-5|96|1|25|0.0071|0.0003|0.0001|-0.1679|0.0036||0.15|3|0.10|2
GME211210P00490000||||||53||||0|0|0|-1.0000|0.0000|-0.0537|0.0016|0.0000||318.20|12|310.40|27
GME211210C00500000|0.15|0.20|0.08|0.09|0.12|54|0.03|0.3333|84|977|2|180|0.0070|0.0003|0.0001|-0.1686|0.0036||0.15|1|0.09|2
GME211210P00500000||||||54||||0|0|0|-1.0000|0.0000|-0.0548|0.0016|0.0000||328.20|12|320.45|27
GME211210C00510000|0.10|0.18|0.07|0.10|0.10|55|0.00|0.0000|766|3121|22|1316|0.0060|0.0002|0.0001|-0.1462|0.0031||0.10|46|0.09|11
GME211210P00510000||||||55||||0|0|0|-1.0000|0.0000|-0.0559|0.0017|0.0000||338.15|12|330.45|27
GME211217C00080000||||94.56|94.56|19|0.00|0.0000|0|2|0|0|0.9695|0.0008|0.0221|-0.2695|0.0212||98.95|12|94.75|16
GME211217P00080000|1.08|1.15|0.82|1.41|0.82|19|-0.59|-0.4184|464|1070|6|105|-0.0222|0.0007|-0.0014|-0.1872|0.0162||0.83|2|0.81|8
GME211217C00085000||||95.85|95.85|18|0.00|0.0000|0|1|0|0|0.9259|0.0012|0.0201|-0.7343|0.0430||94.05|1|89.75|12
GME211217P00085000|1.19|1.19|0.97|1.49|1.01|18|-0.48|-0.3221|5|125|2|11|-0.0270|0.0008|-0.0017|-0.2135|0.0191||0.99|2|0.90|44
GME211217C00090000|86.59|86.59|86.59|137.00|86.59|17|-50.41|-0.3680|0|4|10|10|0.9763|0.0008|0.0257|-0.1689|0.0171||89.15|9|85.85|12
GME211217P00090000|1.25|1.31|1.04|1.61|1.09|17|-0.52|-0.3230|39|180|1|46|-0.0295|0.0010|-0.0019|-0.2148|0.0206||1.15|5|1.02|42
GME211217C00100000|78.20|78.20|78.20|67.18|78.20|16|11.02|0.1640|-3|47|1|3|0.9998|0.0000|0.0301|-0.0015|0.0003||79.40|17|74.85|12
GME211217P00100000|1.68|1.68|0.71|1.88|1.43|16|-0.45|-0.2394|26|1077|1|257|-0.0003|0.0000|0.0000|-0.0015|0.0003||1.51|30|1.30|26
GME211217C00105000||||66.05|66.05|15|0.00|0.0000|0|1|0|0|0.9994|0.0001|0.0316|-0.0032|0.0007||74.50|25|71.10|18
GME211217P00105000|1.90|1.90|1.46|2.20|1.49|15|-0.71|-0.3227|13|166|8|72|-0.0007|0.0001|0.0000|-0.0030|0.0007||1.65|52|1.40|59
GME211217C00110000||||73.25|73.25|14|0.00|0.0000|0|1|0|0|0.9989|0.0001|0.0331|-0.0050|0.0011||69.65|24|66.20|17
GME211217P00110000|2.05|2.05|1.56|2.42|1.56|14|-0.86|-0.3554|70|424|7|85|-0.0014|0.0002|-0.0001|-0.0061|0.0014||1.72|36|1.54|77
GME211217C00115000||||112.11|112.11|13|0.00|0.0000|0|2|0|0|0.9979|0.0002|0.0345|-0.0087|0.0021||64.85|13|61.45|17
GME211217P00115000|2.00|2.01|1.74|2.62|1.79|13|-0.83|-0.3168|19|199|10|24|-0.0031|0.0003|-0.0002|-0.0122|0.0029||1.95|49|1.69|90
GME211217C00120000|58.85|58.85|58.85|52.20|58.85|12|6.65|0.1274|2|58|1|1|0.9955|0.0005|0.0359|-0.0166|0.0041||60.05|13|56.20|12
GME211217P00120000|3.28|3.28|1.93|3.09|2.05|12|-1.04|-0.3366|51|379|4|114|-0.0061|0.0006|-0.0003|-0.0222|0.0053||2.05|11|1.92|37
GME211217C00125000||||47.70|47.70|11|0.00|0.0000|0|35|0|0|0.9896|0.0010|0.0371|-0.0344|0.0084||55.25|21|51.55|13
GME211217P00125000|2.00|2.81|1.20|3.60|2.16|11|-1.44|-0.4000|180|535|1|149|-0.0125|0.0012|-0.0007|-0.0415|0.0099||2.28|20|2.10|43
GME211217C00130000||||39.61|39.61|10|0.00|0.0000|0|10|0|0|0.9813|0.0017|0.0381|-0.0563|0.0140||50.60|17|46.55|12
GME211217P00130000|3.00|3.09|2.32|4.45|2.57|10|-1.88|-0.4225|35|370|2|84|-0.0221|0.0019|-0.0013|-0.0670|0.0162||2.64|53|2.32|48
GME211217C00135000||||35.61|35.61|9|0.00|0.0000|-1|2|0|0|0.9147|0.0042|0.0357|-0.2661|0.0478||46.00|27|41.80|18
GME211217P00135000|3.65|3.98|2.82|4.75|2.82|9|-1.93|-0.4063|1|152|1|67|-0.0366|0.0029|-0.0021|-0.1007|0.0246||2.95|40|2.65|88
GME211217C00140000|37.00|37.00|37.00|33.50|37.00|8|3.50|0.1045|0|149|1|1|0.9464|0.0041|0.0391|-0.1324|0.0334||41.65|37|38.10|8
GME211217P00140000|5.28|5.62|3.15|5.78|3.30|8|-2.48|-0.4291|68|983|2|210|-0.0593|0.0043|-0.0034|-0.1481|0.0362||3.45|23|3.25|23
GME211217C00145000|34.00|34.00|34.00|27.00|34.00|7|7.00|0.2593|0|59|1|2|0.9145|0.0058|0.0388|-0.1913|0.0479||37.10|24|33.35|12
GME211217P00145000|6.26|6.26|3.78|7.10|3.94|7|-3.16|-0.4451|12|264|1|52|-0.0928|0.0060|-0.0053|-0.2105|0.0509||4.10|51|3.75|79
GME211217C00150000|29.40|29.40|27.83|27.40|27.83|6|0.43|0.0157|0|82|1|2|0.8726|0.0077|0.0379|-0.2571|0.0639||32.95|48|29.55|16
GME211217P00150000|8.80|8.80|4.65|8.50|4.83|6|-3.67|-0.4318|136|2018|2|617|-0.1329|0.0077|-0.0077|-0.2712|0.0658||5.05|27|4.65|66
GME211217C00155000|24.23|24.23|24.23|24.92|24.23|5|-0.69|-0.0277|4|30|1|1|0.8237|0.0096|0.0365|-0.3170|0.0794||29.20|47|26.15|12
GME211217P00155000|8.03|8.03|5.90|9.47|5.95|5|-3.52|-0.3717|-1|404|1|23|-0.1813|0.0096|-0.0105|-0.3303|0.0808||6.20|39|5.50|183
GME211217C00160000|22.95|24.60|21.78|21.45|23.00|4|1.55|0.0723|6|143|1|9|0.7659|0.0115|0.0346|-0.3726|0.0940||25.20|45|22.70|5
GME211217P00160000|9.00|9.66|7.25|12.08|7.39|4|-4.69|-0.3882|-4|1042|2|89|-0.2398|0.0113|-0.0140|-0.3896|0.0952||7.65|25|7.05|150
GME211217C00165000|20.60|21.70|17.60|16.45|17.60|3|1.15|0.0699|8|87|1|8|0.6980|0.0129|0.0319|-0.4300|0.1069||22.05|60|19.55|12
GME211217P00165000|10.70|11.30|8.95|14.75|9.09|3|-5.66|-0.3837|76|429|2|68|-0.3060|0.0126|-0.0181|-0.4434|0.1075||9.50|35|8.85|121
GME211217C00170000|18.20|21.00|15.00|14.20|17.20|2|3.00|0.2113|42|177|1|31|0.6254|0.0138|0.0290|-0.4734|0.1162||18.95|50|16.60|21
GME211217P00170000|13.50|13.61|10.82|17.48|10.90|2|-6.58|-0.3764|-14|1078|4|97|-0.3761|0.0135|-0.0224|-0.4857|0.1163||11.75|26|10.95|102
GME211217C00175000|15.05|18.05|13.00|12.35|14.75|1|2.40|0.1943|5|213|1|97|0.5530|0.0145|0.0259|-0.4898|0.1212||15.20|38|14.20|6
GME211217P00175000|15.60|16.18|12.20|18.97|13.25|1|-5.72|-0.3015|-22|763|1|314|-0.4467|0.0141|-0.0269|-0.5045|0.1212||14.10|26|13.15|112
GME211217C00180000|11.50|15.25|10.85|10.25|12.25|1|2.00|0.1951|542|1045|3|335|0.4807|0.0146|0.0228|-0.4955|0.1221||12.90|33|12.15|17
GME211217P00180000|18.00|18.00|15.00|21.74|15.80|1|-5.94|-0.2732|-9|1119|1|59|-0.5174|0.0142|-0.0315|-0.5070|0.1221||16.80|19|15.85|99
GME211217C00185000|10.83|13.45|9.00|8.75|10.73|2|1.98|0.2263|62|346|1|86|0.4115|0.0142|0.0196|-0.4861|0.1192||10.90|32|10.30|1
GME211217P00185000|20.78|21.60|18.23|25.00|19.30|2|-5.70|-0.2280|8|254|1|13|-0.5856|0.0139|-0.0360|-0.4957|0.1194||20.15|29|18.45|95
GME211217C00187500|10.00|10.40|9.12|7.90|10.40|3|2.50|0.3165|2|44|1|11|0.4356|0.0101|0.0198|-0.6991|0.1207||10.65|77|9.15|16
GME211217P00187500||||27.07|27.07|3|0.00|0.0000|0|116|0|0|-0.5284|0.0080|-0.0361|-0.9040|0.1219||22.10|25|19.45|75
GME211217C00190000|9.00|11.65|7.94|7.20|9.18|4|1.98|0.2750|-19|254|1|81|0.3478|0.0134|0.0167|-0.4647|0.1132||9.65|74|8.70|1
GME211217P00190000|23.16|24.57|20.00|29.00|23.73|4|-5.27|-0.1817|4|435|1|30|-0.6474|0.0131|-0.0404|-0.4777|0.1138||23.85|15|21.65|94
GME211217C00192500|9.10|9.50|8.10|7.35|8.40|5|1.05|0.1429|4|43|1|29|0.3855|0.0100|0.0177|-0.6657|0.1172||8.85|97|7.85|39
GME211217P00192500||||38.40|38.40|5|0.00|0.0000|0|113|0|0|-0.5071|0.0057|-0.0384|-1.2758|0.1222||25.65|21|23.10|73
GME211217C00195000|7.72|9.55|7.40|6.35|7.45|6|1.10|0.1732|12|170|3|38|0.2913|0.0123|0.0141|-0.4359|0.1051||8.05|67|7.30|20
GME211217P00195000|29.00|29.00|25.35|31.75|27.43|6|-4.32|-0.1361|-12|429|1|27|-0.7036|0.0121|-0.0445|-0.4481|0.1060||27.20|7|24.90|91
GME211217C00197500|8.33|8.33|6.30|5.75|6.30|7|0.55|0.0957|2|39|1|9|0.3269|0.0100|0.0153|-0.5907|0.1106||7.65|118|6.65|56
GME211217P00197500||||42.50|42.50|7|0.00|0.0000|0|93|0|0|-0.5277|0.0055|-0.0407|-1.3068|0.1220||29.40|7|26.90|70
GME211217C00200000|5.40|8.30|5.40|5.55|6.30|8|0.75|0.1351|308|3025|1|425|0.2429|0.0110|0.0118|-0.4034|0.0959||6.60|16|6.20|25
GME211217P00200000|31.50|31.50|29.00|38.96|29.65|8|-9.31|-0.2390|-44|1875|13|31|-0.7509|0.0109|-0.0482|-0.4179|0.0972||31.05|21|29.35|67
GME211217C00202500|6.11|7.70|5.60|5.85|5.98|9|0.13|0.0222|4|39|2|24|0.3011|0.0091|0.0140|-0.6089|0.1067||6.60|117|5.65|90
GME211217P00202500||||38.80|38.80|9|0.00|0.0000|0|120|0|0|-0.6170|0.0071|-0.0443|-0.9336|0.1170||33.40|18|30.55|50
GME211217C00205000|5.53|7.00|5.32|4.50|5.65|10|1.15|0.2556|36|100|1|39|0.2839|0.0087|0.0133|-0.5972|0.1038||5.85|51|5.30|39
GME211217P00205000|36.60|36.60|36.60|41.50|36.60|10|-4.90|-0.1181|-2|161|1|1|-0.6894|0.0082|-0.0475|-0.6878|0.1082||35.30|9|32.70|51
GME211217C00207500|5.40|5.73|5.25|5.65|5.35|11|-0.30|-0.0531|3|34|1|15|0.2698|0.0084|0.0126|-0.5916|0.1013||5.55|71|4.95|61
GME211217P00207500|37.77|37.77|37.77|43.07|37.77|11|-5.30|-0.1231|3|219|1|1|-0.7211|0.0083|-0.0496|-0.6207|0.1029||37.60|12|34.60|56
GME211217C00210000|5.25|6.05|4.35|4.35|5.02|12|0.67|0.1540|16|813|1|200|0.1585|0.0085|0.0078|-0.3118|0.0741||5.40|102|4.60|91
GME211217P00210000|38.00|43.00|34.90|47.90|39.60|12|-8.30|-0.1733|65|273|2|95|-0.8364|0.0085|-0.0553|-0.3235|0.0757||39.75|13|36.80|52
GME211217C00212500|4.80|4.80|4.80|4.58|4.80|13|0.22|0.0480|21|35|4|6|0.2462|0.0077|0.0115|-0.5850|0.0966||5.10|81|4.30|90
GME211217P00212500||||42.25|42.25|13|0.00|0.0000|0|59|0|0|-0.7443|0.0076|-0.0522|-0.6160|0.0985||41.95|20|39.05|48
GME211217C00215000|4.45|5.20|4.05|3.82|4.40|14|0.58|0.1518|20|123|1|55|0.2271|0.0075|0.0106|-0.5530|0.0924||4.65|46|4.10|22
GME211217P00215000||||54.30|54.30|14|0.00|0.0000|-5|99|0|0|-0.6164|0.0054|-0.0490|-1.2196|0.1170||44.20|22|41.25|46
GME211217C00217500|4.85|5.00|3.80|5.10|4.40|15|-0.70|-0.1373|0|40|1|21|0.2254|0.0071|0.0105|-0.5758|0.0920||4.55|85|3.85|58
GME211217P00217500|46.54|46.80|46.54|56.80|46.80|15|-10.00|-0.1761|-6|49|2|3|-0.7644|0.0071|-0.0546|-0.6099|0.0943||46.45|19|43.35|45
GME211217C00220000|4.00|4.65|3.50|3.40|3.95|16|0.55|0.1618|-8|1871|1|129|0.1009|0.0062|0.0050|-0.2299|0.0541||4.30|91|3.65|79
GME211217P00220000||||59.00|59.00|16|0.00|0.0000|-1|423|0|0|-0.8922|0.0063|-0.0610|-0.2470|0.0568||48.75|13|45.65|12
GME211217C00222500|3.80|3.80|3.65|3.30|3.73|17|0.43|0.1303|11|81|1|9|0.1988|0.0066|0.0093|-0.5366|0.0855||4.10|71|3.50|34
GME211217P00222500||||49.15|49.15|17|0.00|0.0000|0|21|0|0|-0.8417|0.0065|-0.0595|-0.4049|0.0740||51.05|17|48.00|8
GME211217C00225000|3.75|4.15|3.38|3.00|3.55|18|0.55|0.1833|11|139|1|69|0.1883|0.0063|0.0088|-0.5231|0.0827||3.70|18|3.35|18
GME211217P00225000||||49.64|49.64|18|0.00|0.0000|0|30|0|0|-0.9233|0.0051|-0.0640|-0.1852|0.0441||53.75|17|50.30|18
GME211217C00227500|3.80|3.80|3.45|3.60|3.45|19|-0.15|-0.0417|1|10|1|3|0.1831|0.0061|0.0086|-0.5258|0.0813||3.65|51|3.20|25
GME211217P00227500||||51.86|51.86|19|0.00|0.0000|0|60|0|0|-0.9392|0.0044|-0.0655|-0.1500|0.0369||56.10|18|52.65|53
GME211217C00230000|3.25|3.67|3.10|3.05|3.40|20|0.35|0.1148|2|438|1|43|0.0665|0.0044|0.0033|-0.1727|0.0395||3.50|46|3.10|24
GME211217P00230000|57.65|57.65|57.65|64.00|57.65|20|-6.35|-0.0992|0|63|1|1|-0.9300|0.0045|-0.0659|-0.1819|0.0411||58.25|12|55.05|20
GME211217C00232500|3.25|3.30|3.25|2.66|3.30|21|0.64|0.2406|-1|85|1|2|0.1724|0.0056|0.0080|-0.5255|0.0783||3.45|69|3.00|41
GME211217P00232500||||53.30|53.30|21|0.00|0.0000|0|19|0|0|-0.9586|0.0033|-0.0680|-0.1073|0.0272||60.80|16|57.40|46
GME211217C00235000|3.10|3.35|2.98|2.80|3.00|22|0.20|0.0714|11|89|1|14|0.1604|0.0054|0.0075|-0.4994|0.0747||3.40|48|2.89|4
GME211217P00235000||||68.76|68.76|22|0.00|0.0000|0|61|0|0|-0.7151|0.0051|-0.0586|-1.0284|0.1040||63.15|16|59.90|19
GME211217C00240000|2.83|3.18|2.68|2.62|2.94|23|0.32|0.1221|25|346|1|54|0.0406|0.0029|0.0020|-0.1177|0.0267||3.05|34|2.72|21
GME211217P00240000||||73.45|73.45|23|0.00|0.0000|0|54|0|0|-0.9546|0.0031|-0.0701|-0.1316|0.0293||68.10|12|64.75|54
GME211217C00245000|2.75|3.00|2.69|2.74|2.75|24|0.01|0.0036|4|200|10|45|0.1408|0.0047|0.0066|-0.4852|0.0685||2.81|22|2.58|22
GME211217P00245000||||78.00|78.00|24|0.00|0.0000|1|39|0|0|-0.7377|0.0047|-0.0626|-1.0278|0.0999||72.85|2|69.55|30
GME211217C00250000|2.75|2.77|2.26|2.39|2.52|25|0.13|0.0544|58|1302|1|351|0.0253|0.0020|0.0013|-0.0809|0.0181||2.62|10|2.40|17
GME211217P00250000|76.30|76.30|76.30|85.24|76.30|25|-8.94|-0.1049|-1|54|1|1|-0.9721|0.0021|-0.0740|-0.0886|0.0196||77.60|1|74.40|52
GME211217C00255000|2.16|2.51|2.16|2.26|2.51|26|0.25|0.1106|0|359|5|29|0.1274|0.0041|0.0059|-0.4800|0.0639||2.60|51|2.35|3
GME211217P00255000||||39.75|39.75|26|0.00|0.0000|0|5|0|0|-1.0000|0.0000|-0.0768|0.0007|0.0001||82.50|1|79.30|30
GME211217C00260000|2.30|2.49|2.27|2.37|2.36|27|-0.01|-0.0042|-4|519|1|32|0.0154|0.0013|0.0008|-0.0538|0.0119||2.49|73|2.21|54
GME211217P00260000||||89.25|89.25|27|0.00|0.0000|0|21|0|0|-0.9827|0.0014|-0.0775|-0.0596|0.0131||87.35|1|84.20|14
GME211217C00270000|2.00|2.25|2.00|2.10|2.18|28|0.08|0.0381|64|636|1|15|0.0101|0.0009|0.0005|-0.0380|0.0082||2.33|47|2.04|43
GME211217P00270000||||102.35|102.35|28|0.00|0.0000|-19|30|0|0|-0.9883|0.0010|-0.0808|-0.0432|0.0094||97.35|1|94.00|24
GME211217C00280000|1.97|2.16|1.83|1.98|2.06|29|0.08|0.0404|32|2058|1|37|0.0069|0.0006|0.0003|-0.0277|0.0059||2.17|40|1.91|33
GME211217P00280000|106.96|106.96|106.96|91.00|106.96|29|15.96|0.1754|0|10|2|2|-0.9922|0.0007|-0.0840|-0.0305|0.0065||107.40|12|103.80|33
GME211217C00290000|1.90|1.99|1.83|1.80|1.90|30|0.10|0.0556|6|531|13|57|-0.9954|0.0001|-1.0138|-0.0049|0.0141||1.99|6|1.85|11
GME211217P00290000|116.82|116.82|116.82|127.73|116.82|30|-10.91|-0.0854|-2|23|2|2|-0.9942|0.0005|-0.0871|-0.0240|0.0050||117.40|12|113.70|29
GME211217C00300000|2.99|2.99|1.54|1.60|1.78|31|0.18|0.1125|-109|5622|2|261|0.0030|0.0003|0.0002|-0.0139|0.0028||1.82|1|1.76|1
GME211217P00300000|120.20|120.20|120.20|126.50|120.20|31|-6.30|-0.0498|0|20|1|1|-0.9964|0.0003|-0.0902|-0.0156|0.0033||127.05|19|123.55|15
GME211217C00310000|1.84|1.84|1.62|1.62|1.77|32|0.15|0.0926|16|384|1|21|0.0020|0.0002|0.0001|-0.0094|0.0019||1.84|29|1.65|19
GME211217P00310000||||102.75|102.75|32|0.00|0.0000|0|3|0|0|-0.9975|0.0002|-0.0933|-0.0112|0.0024||137.35|17|133.45|23
GME211217C00320000|1.65|1.69|1.58|1.49|1.58|33|0.09|0.0604|11|459|1|51|0.0014|0.0001|0.0001|-0.0069|0.0014||1.76|35|1.57|21
GME211217P00320000||||96.00|96.00|33|0.00|0.0000|0|17|0|0|-0.9982|0.0002|-0.0963|-0.0080|0.0018||146.90|12|143.40|29
GME211217C00330000|1.58|1.60|1.46|1.49|1.59|34|0.10|0.0671|21|234|1|44|0.0010|0.0001|0.0000|-0.0051|0.0010||1.67|43|1.50|18
GME211217P00330000||||159.50|159.50|34|0.00|0.0000|0|3|0|0|-0.9987|0.0001|-0.0994|-0.0056|0.0013||156.90|17|153.30|14
GME211217C00340000|1.45|1.51|1.45|1.41|1.51|35|0.10|0.0709|0|232|1|13|0.0007|0.0001|0.0000|-0.0040|0.0008||1.59|41|1.41|27
GME211217P00340000||||126.85|126.85|35|0.00|0.0000|0|7|0|0|-0.9991|0.0001|-0.1024|-0.0038|0.0009||166.90|12|163.25|29
GME211217C00350000|1.44|1.50|1.20|1.33|1.40|36|0.07|0.0526|-148|856|18|170|0.0005|0.0001|0.0000|-0.0031|0.0006||1.50|15|1.37|4
GME211217P00350000||||133.85|133.85|36|0.00|0.0000|0|4|0|0|-0.9993|0.0001|-0.1054|-0.0028|0.0007||176.70|3|173.20|28
GME211217C00360000|1.29|1.53|1.29|1.15|1.40|37|0.25|0.2174|-3|312|1|13|0.0004|0.0000|0.0000|-0.0027|0.0005||1.47|39|1.30|20
GME211217P00360000||||||37|||0|0|0|0|-0.9994|0.0001|-0.1085|-0.0021|0.0006||187.25|12|183.10|22
GME211217C00370000|1.40|1.40|1.35|1.43|1.35|38|-0.08|-0.0559|1|447|1|2|0.9147|0.0042|0.0357|-0.2661|0.0478||1.47|72|1.20|67
GME211217P00370000||||172.65|172.65|38|0.00|0.0000|0|3|0|0|-0.9996|0.0000|-0.1115|-0.0015|0.0005||196.50|17|193.05|14
GME211217C00380000|1.34|1.34|1.30|1.20|1.30|39|0.10|0.0833|7|175|1|2|0.0003|0.0000|0.0000|-0.0019|0.0003||1.42|43|1.17|30
GME211217P00380000||||208.83|208.83|39|0.00|0.0000|0|16|0|0|-0.9997|0.0000|-0.1145|-0.0009|0.0004||206.55|3|203.00|12
GME211217C00390000|1.20|1.24|1.14|1.16|1.14|40|-0.02|-0.0172|71|265|1|16|0.0002|0.0000|0.0000|-0.0016|0.0003||1.24|6|1.17|2
GME211217P00390000||||||40|||0|0|0|0|-0.9997|0.0000|-0.1175|-0.0006|0.0003||216.75|2|212.95|12
GME211217C00400000|1.10|1.21|0.90|1.10|1.14|41|0.04|0.0364|49|1325|1|228|0.0002|0.0000|0.0000|-0.0012|0.0002||1.13|2|1.10|3
GME211217P00400000||||238.75|238.75|41|0.00|0.0000|0|3|0|0|-0.9997|0.0000|-0.1205|-0.0004|0.0003||226.50|3|222.90|12
GME211217C00410000|1.00|1.10|1.00|1.10|1.10|42|0.00|0.0000|1|227|1|4|0.0001|0.0000|0.0000|-0.0010|0.0002||1.16|49|0.91|77
GME211217P00410000||||190.90|190.90|42|0.00|0.0000|0|3|0|0|-0.9998|0.0000|-0.1235|-0.0001|0.0002||236.35|3|232.85|18
GME211217C00420000|1.09|1.10|0.92|0.92|1.05|43|0.13|0.1413|-2|540|1|6|0.0001|0.0000|0.0000|-0.0008|0.0001||1.15|41|0.91|38
GME211217P00420000||||189.85|189.85|43|0.00|0.0000|0|16|0|0|-0.9999|0.0000|-0.1266|0.0007|0.0001||246.25|17|242.80|12
GME211217C00430000|1.00|1.05|0.83|1.04|1.05|44|0.01|0.0096|7|220|1|23|0.0001|0.0000|0.0000|-0.0007|0.0001||1.15|35|0.88|1
GME211217P00430000||||244.20|244.20|44|0.00|0.0000|0|0|0|0|-0.9999|0.0000|-0.1296|0.0009|0.0001||256.90|1|252.80|12
GME211217C00440000||||0.80|0.80|45|0.00|0.0000|2|474|0|0|0.0001|0.0000|0.0000|-0.0006|0.0001||1.07|1|0.85|3
GME211217P00440000||||||45|||0|0|0|0|-0.9999|0.0000|-0.1326|0.0011|0.0001||266.90|1|262.75|12
GME211217C00450000|0.90|0.96|0.81|0.84|0.96|46|0.12|0.1429|62|745|10|18|0.0001|0.0000|0.0000|-0.0004|0.0001||1.00|1|0.88|1
GME211217P00450000||||||46|||0|0|0|0|-1.0000|0.0000|-0.1356|0.0012|0.0001||277.45|12|272.70|2
GME211217C00460000|0.88|1.07|0.76|0.90|0.83|47|-0.07|-0.0778|0|1139|2|81|0.0001|0.0000|0.0000|-0.0004|0.0001||1.02|14|0.77|4
GME211217P00460000||||261.60|261.60|47|0.00|0.0000|0|5|0|0|-1.0000|0.0000|-0.1386|0.0012|0.0001||287.40|10|282.70|12
GME211217C00470000|0.80|0.86|0.80|1.00|0.84|48|-0.16|-0.1600|0|190|1|4|0.0341|0.0009|0.0015|-0.2879|0.0232||0.99|14|0.71|7
GME211217P00470000||||||48||||0|0|0|-1.0000|0.0000|-0.1416|0.0016|0.0000||297.35|12|292.65|12
GME211217C00480000|0.65|0.65|0.65|0.80|0.65|49|-0.15|-0.1875|2|245|1|1|0.0277|0.0008|0.0013|-0.2383|0.0195||0.97|14|0.69|4
GME211217P00480000||||264.21|264.21|49|0.00|0.0000|0|7|0|0|-0.9943|0.0003|-0.1444|-0.0464|0.0050||307.35|12|302.65|12
GME211217C00490000|0.74|0.80|0.73|0.80|0.73|50|-0.07|-0.0875|-1|151|1|4|0.0299|0.0008|0.0013|-0.2615|0.0208||0.95|24|0.59|17
GME211217P00490000||||274.04|274.04|50|0.00|0.0000|0|7|0|0|-0.9920|0.0003|-0.1473|-0.0676|0.0067||317.30|12|312.60|12
GME211217C00500000|0.75|0.80|0.56|0.66|0.71|51|0.05|0.0758|16|2452|1|55|0.0289|0.0008|0.0013|-0.2572|0.0202||0.77|5|0.60|1
GME211217P00500000||||290.05|290.05|51|0.00|0.0000|0|7|0|0|-0.9829|0.0005|-0.1499|-0.1493|0.0130||327.25|12|322.60|12
GME211217C00510000|0.63|0.79|0.63|0.65|0.65|52|0.00|0.0000|67|1621|1|224|0.0270|0.0007|0.0012|-0.2447|0.0191||0.70|30|0.65|6
GME211217P00510000||||277.97|277.97|52|0.00|0.0000|0|0|0|0|-0.9956|0.0002|-0.1535|-0.0377|0.0040||337.20|10|332.55|12
GME211223C00100000||||71.00|71.00|12|0.00|0.0000|0|13|0|0|0.9351|0.0016|0.0400|-0.2885|0.0482||79.60|17|75.75|3
GME211223P00100000|2.42|2.42|1.54|2.13|1.54|12|-0.59|-0.2770|61|375|1|43|-0.0458|0.0014|-0.0045|-0.1896|0.0366||1.60|3|1.41|7
GME211223C00110000||||||11||||0|0|0|1.0000|0.0000|0.0512|-0.0004|0.0000||70.00|15|66.10|12
GME211223P00110000|2.10|2.29|2.10|2.57|2.15|11|-0.42|-0.1634|415|520|1|4|-0.0628|0.0020|-0.0061|-0.2233|0.0470||2.32|24|1.76|20
GME211223C00120000||||49.37|49.37|10|0.00|0.0000|1|2|0|0|0.9489|0.0023|0.0512|-0.1401|0.0400||60.55|14|56.70|12
GME211223P00120000|3.00|3.17|2.33|4.10|2.33|10|-1.77|-0.4317|0|37|1|32|-0.0798|0.0027|-0.0076|-0.2373|0.0565||2.63|2|2.29|13
GME211223C00130000||||41.20|41.20|9|0.00|0.0000|1|1|0|0|0.9012|0.0037|0.0513|-0.2393|0.0663||51.55|21|47.55|12
GME211223P00130000|3.58|3.58|3.40|5.25|3.40|9|-1.85|-0.3524|5|141|1|3|-0.1115|0.0038|-0.0106|-0.2801|0.0723||3.85|30|3.20|1
GME211223C00140000|41.10|41.10|41.10|41.10|41.10|8|0.00|0.0000|0|0|1|1|0.8316|0.0050|0.0490|-0.3700|0.0958||42.85|28|39.10|5
GME211223P00140000|4.85|4.93|4.85|7.23|4.93|8|-2.30|-0.3181|7|49|1|2|-0.1582|0.0051|-0.0151|-0.3347|0.0920||5.30|45|4.40|34
GME211223C00145000||||||7||||0|0|0|1.0000|0.0000|0.0675|-0.0005|0.0000||38.70|18|35.05|12
GME211223P00145000|6.77|6.77|5.88|8.30|6.50|7|-1.80|-0.2169|3|14|4|15|-0.1963|0.0057|-0.0190|-0.3936|0.1054||6.25|36|5.30|40
GME211223C00150000||||28.10|28.10|6|0.00|0.0000|0|21|0|0|0.8678|0.0077|0.0581|-0.1747|0.0815||34.75|24|31.60|12
GME211223P00150000|9.75|9.75|6.65|11.00|7.11|6|-3.89|-0.3536|6|161|1|31|-0.2227|0.0066|-0.0214|-0.3969|0.1136||7.40|25|6.35|27
GME211223C00155000||||29.20|29.20|5|0.00|0.0000|0|11|0|0|0.7368|0.0072|0.0467|-0.4370|0.1243||30.95|24|28.10|4
GME211223P00155000|9.27|9.27|8.65|13.30|8.65|5|-4.65|-0.3496|1|79|1|3|-0.2614|0.0073|-0.0253|-0.4289|0.1239||8.80|30|7.75|45
GME211223C00160000||||22.77|22.77|4|0.00|0.0000|1|20|0|0|0.7211|0.0094|0.0484|-0.3541|0.1280||27.55|25|24.60|8
GME211223P00160000|10.00|11.08|9.90|13.20|9.93|4|-3.27|-0.2477|5|71|1|19|-0.3066|0.0076|-0.0301|-0.4787|0.1337||10.45|32|9.35|46
GME211223C00165000|22.80|22.80|19.80|18.80|19.80|3|1.00|0.0532|32|48|1|12|0.6668|0.0100|0.0453|-0.3884|0.1385||24.40|22|21.90|12
GME211223P00165000|13.12|13.33|11.97|17.15|13.33|3|-3.82|-0.2227|31|315|10|38|-0.3491|0.0079|-0.0346|-0.5074|0.1410||12.40|16|11.20|64
GME211223C00170000|20.25|20.25|19.22|18.44|19.98|2|1.54|0.0835|5|35|10|15|0.6086|0.0087|0.0404|-0.4996|0.1463||21.50|20|19.05|14
GME211223P00170000|15.51|15.78|13.71|20.03|15.78|2|-4.25|-0.2122|1|62|15|85|-0.3918|0.0082|-0.0393|-0.5291|0.1464||14.65|24|13.30|56
GME211223C00175000|17.20|21.00|17.06|16.30|17.30|1|1.00|0.0613|19|38|1|49|0.5636|0.0090|0.0379|-0.5057|0.1501||18.95|31|16.45|4
GME211223P00175000|18.00|18.29|16.00|22.05|17.13|1|-4.92|-0.2231|-4|43|1|41|-0.4369|0.0090|-0.0436|-0.5058|0.1501||17.20|10|15.70|8
