symbol|open|high|low|preClose|close|activeLevel|change|changeRatio|openIntChange|openInterest|latestPriceVol|volume|delta|gamma|rho|theta|vega|tradeStamptradeTime|ask|avol|bid|bvol
GME211203C00100000||||83.51|83.51|12|0.00|0.0000|-1|9|0|0|0.9826|0.0008|0.0026|-1.1448|0.0040||89.10|1|74.10|1
GME211203P00100000|0.04|0.04|0.04|0.06|0.04|12|-0.02|-0.3333|21|534|1|1|-0.0002|0.0000|0.0000|-0.0103|0.0001||0.04|17|0.01|3
GME211203C00110000||||135.99|135.99|11|0.00|0.0000|0|1|0|0|0.8851|0.0021|0.0023|-9.0216|0.0182||79.15|1|64.15|1
GME211203P00110000||||0.11|0.11|11|0.00|0.0000|27|199|0|0|-0.0005|0.0001|0.0000|-0.0229|0.0002||0.12|2|0.01|16
GME211203C00120000||||||10||||0|0|0|1.0000|0.0000|0.0033|-0.0004|0.0000||69.20|1|54.20|1
GME211203P00120000||||0.19|0.19|10|0.00|0.0000|165|546|0|0|-0.0014|0.0002|0.0000|-0.0557|0.0004||0.21|2|0.05|1
GME211203C00130000||||65.44|65.44|9|0.00|0.0000|0|1|0|0|0.8452|0.0034|0.0026|-8.3665|0.0223||59.20|1|44.20|1
GME211203P00130000||||0.29|0.29|9|0.00|0.0000|7|983|0|0|-0.0034|0.0005|0.0000|-0.1105|0.0010||1.67|4|0.03|15
GME211203C00140000||||55.33|55.33|8|0.00|0.0000|0|6|0|0|0.7751|0.0035|0.0047|-6.4369|0.0398||49.35|1|34.35|1
GME211203P00140000||||0.30|0.30|8|0.00|0.0000|17|1168|0|0|-0.0050|0.0008|0.0000|-0.1264|0.0014||0.47|3|0.08|1
GME211203C00150000||||44.80|44.80|7|0.00|0.0000|0|6|0|0|0.7799|0.0058|0.0028|-7.5132|0.0278||39.50|1|24.50|1
GME211203P00150000|0.20|0.20|0.20|0.65|0.20|7|-0.45|-0.6923|149|1347|15|15|-0.0200|0.0030|-0.0001|-0.3860|0.0046||0.43|1|0.10|307
GME211203C00155000||||27.75|27.75|6|0.00|0.0000|0|5|0|0|0.9467|0.0065|0.0040|-0.9042|0.0102||34.60|1|19.60|1
GME211203P00155000||||0.68|0.68|6|0.00|0.0000|-29|963|0|0|-0.0271|0.0045|-0.0001|-0.4316|0.0059||0.73|2|0.11|15
GME211203C00160000|23.77|23.77|23.77|23.00|23.77|5|0.77|0.0335|2|117|3|3|0.9187|0.0100|0.0040|-1.1342|0.0141||29.70|1|14.70|1
GME211203P00160000||||0.68|0.68|5|0.00|0.0000|108|548|0|0|-0.3142|0.0049|-0.0800|-0.3286|0.2079||2.30|12|0.15|15
GME211203C00165000||||32.50|32.50|4|0.00|0.0000|0|31|0|0|0.6788|0.0083|0.0027|-7.7559|0.0336||24.80|1|9.80|1
GME211203P00165000||||1.20|1.20|4|0.00|0.0000|41|824|0|0|-0.1130|0.0174|-0.0006|-1.0584|0.0178||1.00|1|0.24|15
GME211203C00170000||||13.35|13.35|3|0.00|0.0000|13|63|0|0|0.7737|0.0281|0.0035|-1.6136|0.0280||17.45|8|8.20|8
GME211203P00170000|1.42|1.42|1.42|1.87|1.42|3|-0.45|-0.2406|480|1414|1|1|-0.1711|0.0246|-0.0009|-1.3144|0.0238||1.54|1|1.23|2
GME211203C00175000||||9.00|9.00|2|0.00|0.0000|6|123|0|0|0.6880|0.0379|0.0032|-1.6519|0.0332||12.00|15|6.35|2
GME211203P00175000||||2.73|2.73|2|0.00|0.0000|485|968|0|0|-0.3098|0.0383|-0.0016|-1.6231|0.0331||2.73|1|1.50|1
GME211203C00177500||||8.24|8.24|1|0.00|0.0000|34|41|0|0|0.5768|0.0357|0.0027|-2.1459|0.0367||10.10|15|3.70|12
GME211203P00177500||||3.58|3.58|1|0.00|0.0000|267|466|0|0|-0.4244|0.0069|-0.1044|-0.2856|0.2296||5.90|15|1.05|16
GME211203C00180000|4.60|4.60|4.60|5.75|4.60|1|-1.15|-0.2000|33|766|1|1|0.4784|0.0441|0.0023|-1.7994|0.0374||4.95|1|2.23|12
GME211203P00180000||||4.40|4.40|1|0.00|0.0000|-355|1413|0|0|-0.5234|0.0460|-0.0027|-1.7246|0.0374||7.00|15|1.41|15
GME211203C00182500||||4.40|4.40|2|0.00|0.0000|61|146|0|0|0.4130|0.0311|0.0039|-1.2197|0.0517||5.00|12|1.49|1
GME211203P00182500||||5.41|5.41|2|0.00|0.0000|-45|252|0|0|-0.6422|0.0453|-0.0033|-1.5372|0.0350||8.05|12|1.93|9
GME211203C00185000||||3.22|3.22|3|0.00|0.0000|314|795|0|0|0.2035|0.0331|0.0010|-1.2072|0.0263||4.50|2|1.10|12
GME211203P00185000||||7.21|7.21|3|0.00|0.0000|-47|541|0|0|-0.7894|0.0329|-0.0041|-1.2678|0.0268||9.55|12|3.45|1
GME211203C00187500||||2.40|2.40|4|0.00|0.0000|-120|610|0|0|0.1831|0.0306|0.0009|-1.1490|0.0249||2.70|2|0.75|12
GME211203P00187500||||8.59|8.59|4|0.00|0.0000|-33|442|0|0|-0.8239|0.0307|-0.0043|-1.0901|0.0243||12.40|8|3.15|8
GME211203C00190000||||1.70|1.70|5|0.00|0.0000|-141|637|0|0|0.1173|0.0229|0.0006|-0.8449|0.0185||1.81|1|0.54|12
GME211203P00190000||||11.17|11.17|5|0.00|0.0000|-67|766|0|0|-0.4966|0.0064|-0.1286|-0.3198|0.2338||14.40|8|7.25|7
GME211203C00192500||||1.27|1.27|6|0.00|0.0000|-248|254|0|0|0.1606|0.0196|0.0015|-0.7574|0.0324||4.05|15|0.38|12
GME211203P00192500||||12.49|12.49|6|0.00|0.0000|-8|265|0|0|-0.9228|0.0164|-0.0049|-0.6366|0.0136||16.55|8|10.85|1
GME211203C00195000||||1.07|1.07|7|0.00|0.0000|-71|526|0|0|0.0381|0.0090|0.0002|-0.3833|0.0077||1.09|4|0.28|12
GME211203P00195000||||14.76|14.76|7|0.00|0.0000|-69|557|0|0|-0.5371|0.0068|-0.1381|-0.2981|0.2328||18.85|8|11.25|7
GME211203C00197500||||0.89|0.89|8|0.00|0.0000|-133|357|0|0|0.0406|0.0089|0.0002|-0.4269|0.0082||3.15|6|0.23|12
GME211203P00197500||||17.43|17.43|8|0.00|0.0000|-4|198|0|0|-0.9407|0.0108|-0.0051|-0.6433|0.0111||23.90|1|8.90|1
GME211203C00200000|0.65|0.65|0.63|0.68|0.63|9|-0.05|-0.0735|599|1650|17|19|0.0265|0.0061|0.0001|-0.3069|0.0058||0.74|7|0.24|12
GME211203P00200000||||19.88|19.88|9|0.00|0.0000|-271|727|0|0|-0.9480|0.0090|-0.0052|-0.6280|0.0100||23.65|8|16.00|20
GME211203C00202500||||0.50|0.50|10|0.00|0.0000|164|445|0|0|0.4325|0.0062|0.0651|-0.3180|0.2304||3.05|15|0.17|12
GME211203P00202500||||21.93|21.93|10|0.00|0.0000|-30|154|0|0|-0.5418|0.0055|-0.1499|-0.3638|0.2325||28.85|1|13.85|1
GME211203C00205000|0.88|0.88|0.88|0.55|0.88|11|0.33|0.6000|-141|693|2|2|0.0167|0.0037|0.0001|-0.2316|0.0039||0.88|3|0.15|12
GME211203P00205000||||24.98|24.98|11|0.00|0.0000|-135|349|0|0|-0.5111|0.0045|-0.1528|-0.4492|0.2337||31.30|1|16.30|1
GME211203C00207500||||0.55|0.55|12|0.00|0.0000|148|548|0|0|0.4430|0.0053|0.0638|-0.3775|0.2314||2.88|16|0.13|12
GME211203P00207500||||25.68|25.68|12|0.00|0.0000|-2|33|0|0|-0.8272|0.0094|-0.0049|-3.4692|0.0238||33.75|1|18.75|1
GME211203C00210000||||0.46|0.46|13|0.00|0.0000|73|1012|0|0|0.0112|0.0024|0.0001|-0.1798|0.0028||0.48|1|0.30|2
GME211203P00210000||||29.77|29.77|13|0.00|0.0000|-51|334|0|0|-0.9728|0.0041|-0.0056|-0.4736|0.0058||36.30|1|21.30|1
GME211203C00212500||||0.48|0.48|14|0.00|0.0000|47|344|0|0|0.0109|0.0022|0.0001|-0.1880|0.0027||1.41|1|0.11|12
GME211203P00212500||||33.40|33.40|14|0.00|0.0000|0|67|0|0|-0.9345|0.0065|-0.0055|-1.2424|0.0120||38.70|1|23.70|1
GME211203C00215000||||0.37|0.37|15|0.00|0.0000|0|792|0|0|0.0072|0.0015|0.0000|-0.1309|0.0019||1.42|4|0.10|12
GME211203P00215000||||31.97|31.97|15|0.00|0.0000|-11|215|0|0|-0.9097|0.0070|-0.0055|-1.8888|0.0153||35.00|1|25.15|6
GME211203C00217500||||0.38|0.38|16|0.00|0.0000|-3|180|0|0|0.0049|0.0010|0.0000|-0.0970|0.0013||0.50|12|0.10|1
GME211203P00217500||||38.35|38.35|16|0.00|0.0000|-2|72|0|0|-0.9425|0.0054|-0.0057|-1.2192|0.0108||43.65|1|28.65|1
GME211203C00220000||||0.36|0.36|17|0.00|0.0000|32|1410|0|0|0.0060|0.0012|0.0000|-0.1225|0.0016||0.35|8|0.10|3
GME211203P00220000||||40.13|40.13|17|0.00|0.0000|-18|195|0|0|-0.9633|0.0040|-0.0059|-0.7988|0.0075||46.15|1|31.15|1
GME211203C00222500||||0.37|0.37|18|0.00|0.0000|4|185|0|0|0.4416|0.0042|0.0595|-0.4777|0.2313||1.54|12|0.09|1
GME211203P00222500||||45.85|45.85|18|0.00|0.0000|-6|45|0|0|-0.8925|0.0063|-0.0056|-2.7100|0.0174||48.60|1|33.60|1
GME211203C00225000||||0.30|0.30|19|0.00|0.0000|-60|596|0|0|0.4346|0.0042|0.0586|-0.4787|0.2306||0.40|8|0.20|4
GME211203P00225000||||45.20|45.20|19|0.00|0.0000|0|125|0|0|-0.9651|0.0035|-0.0060|-0.8376|0.0072||51.10|1|36.10|1
GME211203C00227500||||0.50|0.50|20|0.00|0.0000|16|113|0|0|0.0468|0.0040|0.0004|-0.5984|0.0130||1.61|2|0.08|1
GME211203P00227500||||45.48|45.48|20|0.00|0.0000|0|26|0|0|-0.9745|0.0028|-0.0061|-0.6305|0.0056||53.60|1|38.60|1
GME211203C00230000||||0.24|0.24|21|0.00|0.0000|-39|888|0|0|0.0027|0.0005|0.0000|-0.0661|0.0008||1.24|13|0.24|1
GME211203P00230000||||49.84|49.84|21|0.00|0.0000|-4|63|0|0|-0.9755|0.0026|-0.0062|-0.6321|0.0054||56.05|1|41.05|1
GME211203C00232500||||0.25|0.25|22|0.00|0.0000|-7|86|0|0|0.4344|0.0038|0.0571|-0.5197|0.2306||1.56|4|0.07|1
GME211203P00232500||||52.32|52.32|22|0.00|0.0000|-1|33|0|0|-0.9138|0.0049|-0.0120|-1.2589|0.0209||58.55|1|43.55|1
GME211203C00235000|0.56|0.56|0.56|0.25|0.56|23|0.31|1.2400|-14|317|2|2|0.0026|0.0005|0.0000|-0.0697|0.0008||1.05|16|0.06|12
GME211203P00235000||||53.95|53.95|23|0.00|0.0000|-31|340|0|0|-0.9932|0.0010|-0.0064|-0.1824|0.0018||61.05|1|46.05|1
GME211203C00237500||||0.27|0.27|24|0.00|0.0000|-1|114|0|0|0.0027|0.0005|0.0000|-0.0749|0.0008||1.20|6|0.06|1
GME211203P00237500||||56.45|56.45|24|0.00|0.0000|-22|262|0|0|-0.9934|0.0009|-0.0065|-0.1823|0.0017||63.00|1|48.00|1
GME211203C00240000||||0.27|0.27|25|0.00|0.0000|64|656|0|0|0.0026|0.0004|0.0000|-0.0739|0.0008||1.18|16|0.05|12
GME211203P00240000||||60.48|60.48|25|0.00|0.0000|-6|95|0|0|-0.9674|0.0027|-0.0064|-0.9928|0.0068||66.10|1|51.10|1
GME211203C00245000||||0.23|0.23|26|0.00|0.0000|-115|299|0|0|0.0019|0.0003|0.0000|-0.0572|0.0006||1.16|6|0.05|12
GME211203P00245000||||60.55|60.55|26|0.00|0.0000|-1|67|0|0|-0.6094|0.0038|-0.2091|-0.4933|0.2249||71.00|1|56.00|1
GME211203C00250000||||0.14|0.14|27|0.00|0.0000|1181|4523|0|0|0.4263|0.0034|0.0538|-0.5863|0.2298||1.28|6|0.04|1
GME211203P00250000||||70.43|70.43|27|0.00|0.0000|0|123|0|0|-0.9722|0.0021|-0.0067|-0.9538|0.0060||76.00|1|61.00|1
GME211203C00260000||||0.15|0.15|28|0.00|0.0000|-5|709|0|0|0.0006|0.0001|0.0000|-0.0216|0.0002||0.90|1|0.01|1
GME211203P00260000||||75.00|75.00|28|0.00|0.0000|0|6|0|0|-0.9974|0.0003|-0.0071|-0.0933|0.0008||86.00|1|71.00|1
GME211203C00270000||||0.02|0.02|29|0.00|0.0000|20|607|0|0|0.0000|0.0000|0.0000|-0.0012|0.0000||0.75|2|0.01|1
GME211203P00270000||||86.50|86.50|29|0.00|0.0000|0|21|0|0|-0.9989|0.0002|-0.0074|-0.0430|0.0004||95.95|1|80.95|1
GME211203C00280000||||0.07|0.07|30|0.00|0.0000|46|618|0|0|0.0002|0.0000|0.0000|-0.0080|0.0001||0.08|1|0.01|8
GME211203P00280000||||95.00|95.00|30|0.00|0.0000|0|10|0|0|-0.9979|0.0002|-0.0077|-0.0883|0.0006||105.95|1|90.95|1
GME211203C00290000||||0.09|0.09|31|0.00|0.0000|-7|495|0|0|0.0003|0.0000|0.0000|-0.0115|0.0001||0.69|2|0.00|0
GME211203P00290000||||||31||||0|0|0|-1.0000|0.0000|-0.0079|0.0009|0.0000||116.00|1|101.00|1
GME211203C00300000||||0.07|0.07|32|0.00|0.0000|-116|2079|0|0|0.0002|0.0000|0.0000|-0.0074|0.0001||0.65|3|0.06|2
GME211203P00300000||||111.10|111.10|32|0.00|0.0000|0|2|0|0|-0.9937|0.0005|-0.0164|-0.1574|0.0024||125.90|1|110.90|1
GME211203C00310000||||0.08|0.08|33|0.00|0.0000|-1|343|0|0|0.0003|0.0000|0.0000|-0.0147|0.0001||1.02|3|0.00|0
GME211203P00310000||||71.90|71.90|33|0.00|0.0000|0|4|0|0|-0.8724|0.0029|-0.3110|-0.1950|0.1224||135.90|1|120.90|1
GME211203C00320000||||0.04|0.04|34|0.00|0.0000|-1|388|0|0|0.0001|0.0000|0.0000|-0.0029|0.0000||1.03|4|0.01|1
GME211203P00320000||||||34||||0|0|0|-1.0000|0.0000|-0.0175|0.0010|0.0000||145.90|1|130.90|1
GME211203C00330000||||0.06|0.06|35|0.00|0.0000|2|350|0|0|0.0001|0.0000|0.0000|-0.0053|0.0000||1.60|4|0.00|1
GME211203P00330000||||127.27|127.27|35|0.00|0.0000|-2|0|0|0|-1.0000|0.0000|-0.0090|-0.0004|0.0000||155.90|1|140.90|1
GME211203C00340000||||0.06|0.06|36|0.00|0.0000|4|139|0|0|0.0001|0.0000|0.0000|-0.0051|0.0000||1.00|3|0.00|0
GME211203P00340000||||134.20|134.20|36|0.00|0.0000|0|1|0|0|-0.9991|0.0001|-0.0186|-0.0265|0.0004||165.90|1|150.90|1
GME211203C00350000||||0.04|0.04|37|0.00|0.0000|-10|1227|0|0|0.0000|0.0000|0.0000|-0.0026|0.0000||0.60|4|0.00|2
GME211203P00350000||||136.35|136.35|37|0.00|0.0000|-1|2|0|0|-1.0000|0.0000|-0.0096|0.0008|0.0000||175.90|1|160.90|1
GME211203C00360000||||0.09|0.09|38|0.00|0.0000|0|159|0|0|0.0001|0.0000|0.0000|-0.0091|0.0001||0.25|2|0.00|3
GME211203P00360000||||||38||||0|0|0|-1.0000|0.0000|-0.0099|0.0011|0.0000||185.90|1|170.90|1
GME211203C00370000||||0.02|0.02|39|0.00|0.0000|-1|87|0|0|0.0000|0.0000|0.0000|-0.0008|0.0000||1.03|1|0.00|10
GME211203P00370000||||136.05|136.05|39|0.00|0.0000|0|1|0|0|-1.0000|0.0000|-0.0101|0.0011|0.0000||195.90|1|180.90|1
GME211203C00380000||||0.04|0.04|40|0.00|0.0000|-1|100|0|0|0.0000|0.0000|0.0000|-0.0023|0.0000||1.03|6|0.00|1
GME211203P00380000||||170.35|170.35|40|0.00|0.0000|0|0|0|0|-1.0000|0.0000|-0.0104|0.0000|0.0000||205.90|1|190.90|1
GME211203C00390000||||0.02|0.02|41|0.00|0.0000|-2|89|0|0|0.4455|0.0020|0.0437|-1.0150|0.2316||1.02|14|0.00|9
GME211203P00390000||||||41||||0|0|0|-1.0000|0.0000|-0.0107|0.0012|0.0000||215.90|1|200.90|1
GME211203C00400000||||0.02|0.02|42|0.00|0.0000|-4|2445|0|0|0.0000|0.0000|0.0000|-0.0006|0.0000||0.02|6|0.00|11
GME211203P00400000||||215.38|215.38|42|0.00|0.0000|0|0|0|0|-0.6761|0.0023|-0.3893|-0.7340|0.2106||225.90|1|210.90|1
GME211203C00410000||||0.03|0.03|43|0.00|0.0000|3|1058|0|0|0.4738|0.0018|0.0433|-1.1184|0.2333||0.02|1|0.00|1
GME211203P00410000||||||43||||0|0|0|-1.0000|0.0000|-0.4380|0.0013|0.0000||235.90|1|220.90|1
GME211203C00420000||||0.01|0.01|44|0.00|0.0000|3|234|0|0|0.0000|0.0000|0.0000|-0.0002|0.0000||0.02|3|0.00|2
GME211203P00420000||||||44||||0|0|0|-1.0000|0.0000|-0.0115|0.0013|0.0000||245.90|1|230.90|1
GME211203C00430000||||0.03|0.03|45|0.00|0.0000|0|70|0|0|0.0000|0.0000|0.0000|-0.0013|0.0000||4.30|8|0.00|6
GME211203P00430000||||||45||||0|0|0|-1.0000|0.0000|-0.0118|0.0013|0.0000||256.05|1|241.05|1
GME211203C00440000||||0.08|0.08|46|0.00|0.0000|1|71|0|0|0.0001|0.0000|0.0000|-0.0063|0.0000||8.80|1|0.00|11
GME211203P00440000||||||46||||0|0|0|-1.0000|0.0000|-0.0121|0.0014|0.0000||266.05|1|251.05|1
GME211203C00450000||||0.01|0.01|47|0.00|0.0000|4|487|0|0|0.4471|0.0018|0.0416|-1.1182|0.2317||0.04|1|0.00|15
GME211203P00450000||||||47||||0|0|0|-1.0000|0.0000|-0.0123|0.0014|0.0000||275.90|1|260.90|1
GME211203C00460000||||0.01|0.01|48|0.00|0.0000|4|63|0|0|0.0000|0.0000|0.0000|-0.0002|0.0000||8.80|1|0.00|1
GME211203P00460000||||||48||||0|0|0|-1.0000|0.0000|-0.0126|0.0014|0.0000||285.70|1|270.70|1
GME211203C00470000||||0.01|0.01|49|0.00|0.0000|9|200|0|0|0.0000|0.0000|0.0000|-0.0002|0.0000||0.05|1|0.00|1
GME211203P00470000||||||49||||0|0|0|-1.0000|0.0000|-0.0258|0.0014|0.0000||296.00|1|281.00|1
GME211203C00480000||||0.06|0.06|50|0.00|0.0000|0|91|0|0|0.0000|0.0000|0.0000|-0.0036|0.0000||8.80|1|0.00|0
GME211203P00480000||||||50||||0|0|0|-1.0000|0.0000|-0.0132|0.0015|0.0000||306.00|1|291.00|1
GME211203C00490000||||0.06|0.06|51|0.00|0.0000|0|250|0|0|0.5466|0.0014|0.0405|-1.4024|0.2322||8.80|1|0.00|1
GME211203P00490000||||||51||||0|0|0|-1.0000|0.0000|-0.0134|0.0015|0.0000||315.90|1|300.90|1
GME211203C00500000||||0.03|0.03|52|0.00|0.0000|9|1379|0|0|0.0000|0.0000|0.0000|-0.0011|0.0000||8.80|1|0.00|4
GME211203P00500000||||||52||||0|0|0|-1.0000|0.0000|-0.0274|0.0015|0.0000||326.05|1|311.05|1
GME211203C00510000||||0.02|0.02|53|0.00|0.0000|121|5819|0|0|0.0000|0.0000|0.0000|-0.0005|0.0000||0.01|10|0.00|11
GME211203P00510000||||||53||||0|0|0|-1.0000|0.0000|-0.0140|0.0016|0.0000||335.90|1|320.90|1
GME211210C00100000||||86.01|86.01|13|0.00|0.0000|0|1|0|0|0.8612|0.0010|0.0579|-0.5124|0.1409||85.55|1|73.60|6
GME211210P00100000|0.55|0.55|0.55|0.48|0.55|13|0.07|0.1458|29|239|5|5|-0.0159|0.0008|-0.0007|-0.1299|0.0106||3.65|17|0.50|5
GME211210C00110000||||76.13|76.13|12|0.00|0.0000|0|2|0|0|0.9096|0.0021|0.0197|-0.7958|0.0432||79.60|1|64.60|1
GME211210P00110000||||0.60|0.60|12|0.00|0.0000|9|215|0|0|-0.0223|0.0011|-0.0010|-0.1544|0.0141||3.55|17|0.49|2
GME211210C00120000||||76.03|76.03|11|0.00|0.0000|0|1|0|0|0.8324|0.0023|0.0168|-1.7110|0.0665||69.90|1|54.90|1
GME211210P00120000|0.97|0.97|0.97|1.00|0.97|11|-0.03|-0.0300|167|263|5|8|-0.0389|0.0019|-0.0017|-0.2311|0.0224||1.00|224|0.30|15
GME211210C00130000||||||10||||0|0|0|1.0000|0.0000|0.0285|-0.0004|0.0000||60.35|1|45.35|1
GME211210P00130000||||1.45|1.45|10|0.00|0.0000|0|431|0|0|-0.0703|0.0032|-0.0035|-0.3184|0.0379||3.90|15|0.52|15
GME211210C00140000||||56.44|56.44|9|0.00|0.0000|0|29|0|0|0.7703|0.0036|0.0186|-1.5885|0.0798||51.10|1|36.10|1
GME211210P00140000||||2.18|2.18|9|0.00|0.0000|142|441|0|0|-0.0962|0.0046|-0.0042|-0.3938|0.0453||4.70|15|0.87|15
GME211210C00145000||||||8||||0|0|0|1.0000|0.0000|0.0318|-0.0005|0.0000||46.65|1|31.65|1
GME211210P00145000||||2.80|2.80|8|0.00|0.0000||15|0|0|-0.1236|0.0057|-0.0054|-0.4598|0.0542||5.30|15|1.14|15
GME211210C00150000||||34.20|34.20|7|0.00|0.0000|1|20|0|0|0.8610|0.0069|0.0269|-0.4451|0.0588||42.35|1|27.35|1
GME211210P00150000||||3.50|3.50|7|0.00|0.0000|240|460|0|0|-0.1553|0.0068|-0.0068|-0.5199|0.0633||3.50|1|1.49|6
GME211210C00155000||||58.70|58.70|6|0.00|0.0000|0|45|0|0|0.7078|0.0030|0.0158|-2.4532|0.0912||38.30|1|23.30|1
GME211210P00155000||||4.65|4.65|6|0.00|0.0000|49|244|0|0|-0.1985|0.0080|-0.0087|-0.6058|0.0740||7.30|16|1.90|15
GME211210C00160000|25.52|25.52|25.52|29.75|25.52|5|-4.23|-0.1422|0|204|3|3|0.7257|0.0079|0.0225|-0.8822|0.0884||34.45|1|19.45|1
GME211210P00160000||||5.80|5.80|5|0.00|0.0000|55|441|0|0|-0.2597|0.0096|-0.0114|-0.6819|0.0852||8.25|15|2.64|15
GME211210C00165000||||21.75|21.75|4|0.00|0.0000|1|3|0|0|0.7243|0.0116|0.0242|-0.6036|0.0887||26.60|15|20.00|12
GME211210P00165000||||7.35|7.35|4|0.00|0.0000|42|362|0|0|-0.3409|0.0045|-0.1074|-0.3222|0.2334||9.70|15|4.00|15
GME211210C00170000||||20.20|20.20|3|0.00|0.0000|5|21|0|0|0.6342|0.0047|0.0981|-0.3290|0.2394||23.30|15|16.75|12
GME211210P00170000||||9.07|9.07|3|0.00|0.0000|81|441|0|0|-0.3522|0.0112|-0.0158|-0.7712|0.0985||11.50|15|5.70|15
GME211210C00175000||||17.18|17.18|2|0.00|0.0000|48|73|0|0|0.5883|0.0117|0.0198|-0.8065|0.1033||20.30|15|13.90|12
GME211210P00175000||||10.95|10.95|2|0.00|0.0000|104|522|0|0|-0.4114|0.0120|-0.0185|-0.7908|0.1033||13.60|15|7.70|15
GME211210C00177500||||15.85|15.85|1|0.00|0.0000||27|0|0|0.5583|0.0119|0.0189|-0.8178|0.1048||18.90|15|12.55|12
GME211210P00177500||||12.55|12.55|1|0.00|0.0000||234|0|0|-0.4025|0.0048|-0.1297|-0.3379|0.2463||14.80|15|8.80|15
GME211210C00180000||||14.20|14.20|1|0.00|0.0000|227|306|0|0|0.5056|0.0125|0.0171|-0.7952|0.1049||17.60|15|11.30|12
GME211210P00180000||||13.30|13.30|1|0.00|0.0000|99|705|0|0|-0.4729|0.0123|-0.0215|-0.8039|0.1056||16.10|14|10.00|15
GME211210C00182500||||13.40|13.40|2|0.00|0.0000||66|0|0|0.4984|0.0121|0.0170|-0.8251|0.1059||16.40|15|10.15|12
GME211210P00182500||||15.15|15.15|2|0.00|0.0000||205|0|0|-0.5005|0.0119|-0.0230|-0.8366|0.1059||17.75|15|10.70|12
GME211210C00185000||||12.66|12.66|3|0.00|0.0000|24|132|0|0|0.5628|0.0048|0.0894|-0.3488|0.2508||15.30|15|9.10|12
GME211210P00185000||||16.25|16.25|3|0.00|0.0000|98|456|0|0|-0.5524|0.0121|-0.0253|-0.8047|0.1040||18.90|14|12.70|15
GME211210C00187500||||11.44|11.44|4|0.00|0.0000|45|64|0|0|0.4419|0.0118|0.0152|-0.8268|0.1048||14.25|15|8.15|12
GME211210P00187500||||17.83|17.83|4|0.00|0.0000|129|256|0|0|-0.5799|0.0119|-0.0267|-0.8023|0.1028||20.35|12|14.15|15
GME211210C00190000||||10.60|10.60|5|0.00|0.0000|103|199|0|0|0.4155|0.0115|0.0143|-0.8242|0.1035||12.60|16|9.00|1
GME211210P00190000||||19.55|19.55|5|0.00|0.0000|70|498|0|0|-0.5853|0.0116|-0.0273|-0.8192|0.1035||21.95|12|15.70|15
GME211210C00192500||||10.00|10.00|6|0.00|0.0000|23|88|0|0|0.5308|0.0048|0.0850|-0.3582|0.2532||12.35|15|6.40|14
GME211210P00192500|20.34|20.34|20.34|21.35|20.34|6|-1.01|-0.0473|32|118|1|1|-0.4708|0.0049|-0.1575|-0.3539|0.2532||23.60|12|17.30|15
GME211210C00195000||||8.91|8.91|7|0.00|0.0000|116|250|0|0|0.3635|0.0111|0.0126|-0.7964|0.0996||11.90|15|5.65|14
GME211210P00195000||||22.88|22.88|7|0.00|0.0000|95|285|0|0|-0.6367|0.0111|-0.0301|-0.7951|0.0996||25.35|12|18.95|15
GME211210C00197500||||8.26|8.26|8|0.00|0.0000|60|106|0|0|0.3224|0.0106|0.0111|-0.7611|0.0943||10.75|15|4.95|15
GME211210P00197500||||24.48|24.48|8|0.00|0.0000|15|119|0|0|-0.6815|0.0107|-0.0323|-0.7439|0.0938||27.10|12|20.70|15
GME211210C00200000||||7.25|7.25|9|0.00|0.0000|140|774|0|0|0.2940|0.0104|0.0102|-0.7157|0.0906||10.05|15|7.00|5
GME211210P00200000||||26.33|26.33|9|0.00|0.0000|21|680|0|0|-0.6853|0.0105|-0.0328|-0.7530|0.0942||31.50|15|20.00|15
GME211210C00202500||||8.00|8.00|10|0.00|0.0000|10|77|0|0|0.3144|0.0095|0.0109|-0.8251|0.0942||9.45|15|3.70|15
GME211210P00202500||||27.95|27.95|10|0.00|0.0000|0|48|0|0|-0.7116|0.0102|-0.0343|-0.7145|0.0906||33.45|15|21.85|15
GME211210C00205000||||5.85|5.85|11|0.00|0.0000|10|169|0|0|0.2643|0.0098|0.0093|-0.6798|0.0868||8.90|15|3.15|15
GME211210P00205000||||30.85|30.85|11|0.00|0.0000|-1|176|0|0|-0.6979|0.0091|-0.0388|-0.7438|0.0982||35.40|15|23.75|15
GME211210C00207500||||5.72|5.72|12|0.00|0.0000|10|78|0|0|0.2531|0.0093|0.0089|-0.6885|0.0849||8.00|13|2.66|15
GME211210P00207500||||31.10|31.10|12|0.00|0.0000|2|20|0|0|-0.7681|0.0096|-0.0372|-0.6075|0.0810||39.00|1|24.00|1
GME211210C00210000|5.15|5.15|5.15|5.15|5.15|13|0.00|0.0000|27|336|1|1|0.2327|0.0089|0.0082|-0.6558|0.0811||6.00|190|2.20|15
GME211210P00210000||||34.54|34.54|13|0.00|0.0000|7|112|0|0|-0.7541|0.0088|-0.0374|-0.7078|0.0836||41.10|1|26.10|1
GME211210C00212500||||5.00|5.00|14|0.00|0.0000|-3|80|0|0|0.2224|0.0084|0.0078|-0.6578|0.0791||7.60|15|2.00|7
GME211210P00212500||||37.87|37.87|14|0.00|0.0000|-1|37|0|0|-0.7442|0.0081|-0.0377|-0.7980|0.0854||43.20|1|28.20|1
GME211210C00215000||||4.43|4.43|15|0.00|0.0000|1|166|0|0|0.2023|0.0081|0.0072|-0.6166|0.0748||4.75|1|1.84|14
GME211210P00215000||||37.79|37.79|15|0.00|0.0000|-2|32|0|0|-0.8063|0.0081|-0.0402|-0.5822|0.0729||45.35|1|30.35|1
GME211210C00217500||||4.50|4.50|16|0.00|0.0000|0|30|0|0|0.1986|0.0076|0.0070|-0.6364|0.0740||6.95|15|1.70|15
GME211210P00217500||||42.15|42.15|16|0.00|0.0000|2|27|0|0|-0.7697|0.0075|-0.0397|-0.7721|0.0806||47.55|1|32.55|1
GME211210C00220000||||3.90|3.90|17|0.00|0.0000|12|413|0|0|0.1659|0.0070|0.0058|-0.5536|0.0655||7.25|15|1.57|15
GME211210P00220000||||42.22|42.22|17|0.00|0.0000|1|156|0|0|-0.8300|0.0073|-0.0422|-0.5511|0.0672||49.75|1|34.75|1
GME211210C00222500||||3.65|3.65|18|0.00|0.0000|25|88|0|0|0.4198|0.0045|0.0689|-0.3697|0.2488||6.35|15|1.50|15
GME211210P00222500||||46.97|46.97|18|0.00|0.0000|-7|38|0|0|-0.7830|0.0068|-0.0413|-0.7874|0.0780||52.00|1|37.00|1
GME211210C00225000||||3.45|3.45|19|0.00|0.0000|14|348|0|0|0.1574|0.0065|0.0056|-0.5531|0.0639||6.00|12|3.10|1
GME211210P00225000||||47.35|47.35|19|0.00|0.0000|1|462|0|0|-0.8342|0.0066|-0.0435|-0.5880|0.0661||54.30|1|39.30|1
GME211210C00227500||||3.35|3.35|20|0.00|0.0000|1|24|0|0|0.1405|0.0060|0.0049|-0.5186|0.0586||3.45|1|1.32|15
GME211210P00227500||||34.06|34.06|20|0.00|0.0000|0|35|0|0|-0.9954|0.0008|-0.0497|-0.0129|0.0036||56.60|1|41.60|1
GME211210C00230000||||3.09|3.09|21|0.00|0.0000|2|395|0|0|0.1574|0.0060|0.0062|-0.5349|0.0678||5.70|15|1.25|1
GME211210P00230000||||41.51|41.51|21|0.00|0.0000|0|38|0|0|-0.6528|0.0050|-0.2291|-0.2979|0.2350||58.90|1|43.90|1
GME211210C00232500||||2.69|2.69|22|0.00|0.0000|3|33|0|0|0.1255|0.0055|0.0045|-0.4801|0.0548||5.55|15|1.18|15
GME211210P00232500||||56.09|56.09|22|0.00|0.0000|-5|6|0|0|-0.8260|0.0057|-0.0450|-0.7208|0.0675||61.25|1|46.25|1
GME211210C00235000||||2.78|2.78|23|0.00|0.0000|-4|898|0|0|0.3954|0.0042|0.0643|-0.3879|0.2451||5.35|15|1.10|15
GME211210P00235000||||58.42|58.42|23|0.00|0.0000|-1|35|0|0|-0.8227|0.0056|-0.0454|-0.7471|0.0690||63.60|1|48.60|1
GME211210C00237500||||2.69|2.69|24|0.00|0.0000|1|19|0|0|0.1202|0.0051|0.0043|-0.4916|0.0532||5.20|15|1.04|15
GME211210P00237500||||48.03|48.03|24|0.00|0.0000|0|25|0|0|-0.9352|0.0040|-0.0497|-0.2479|0.0336||66.00|1|51.00|1
GME211210C00240000||||2.92|2.92|25|0.00|0.0000|-13|317|0|0|0.1243|0.0050|0.0044|-0.5284|0.0544||4.80|16|0.99|1
GME211210P00240000||||58.15|58.15|25|0.00|0.0000|1|34|0|0|-0.9145|0.0044|-0.0495|-0.3473|0.0415||68.35|1|53.35|1
GME211210C00245000||||2.20|2.20|26|0.00|0.0000|-6|166|0|0|0.0991|0.0044|0.0035|-0.4365|0.0463||4.80|15|0.90|15
GME211210P00245000||||50.19|50.19|26|0.00|0.0000|0|23|0|0|-0.9923|0.0009|-0.0534|-0.0291|0.0056||73.15|1|58.15|1
GME211210C00250000||||2.01|2.01|27|0.00|0.0000|110|2300|0|0|0.0829|0.0038|0.0029|-0.3868|0.0402||2.05|1|1.00|16
GME211210P00250000||||60.35|60.35|27|0.00|0.0000|0|15|0|0|-0.9851|0.0014|-0.0542|-0.0617|0.0100||78.00|1|63.00|1
GME211210C00255000||||2.02|2.02|28|0.00|0.0000|-4|61|0|0|0.0868|0.0037|0.0031|-0.4219|0.0420||2.66|17|0.76|16
GME211210P00255000||||40.40|40.40|28|0.00|0.0000|0|5|0|0|-0.9996|0.0001|-0.0559|-0.0008|0.0004||82.85|12|67.85|3
GME211210C00260000||||1.73|1.73|29|0.00|0.0000|38|974|0|0|0.0752|0.0033|0.0027|-0.3796|0.0377||3.30|16|1.00|15
GME211210P00260000||||69.85|69.85|29|0.00|0.0000|0|22|0|0|-0.9849|0.0013|-0.0564|-0.0695|0.0101||87.70|1|72.70|1
GME211210C00270000||||1.60|1.60|30|0.00|0.0000|-27|193|0|0|0.0621|0.0027|0.0022|-0.3422|0.0322||2.00|16|0.60|15
GME211210P00270000||||75.18|75.18|30|0.00|0.0000|0|14|0|0|-0.9585|0.0022|-0.0577|-0.2234|0.0233||97.45|1|82.45|1
GME211210C00280000||||1.40|1.40|31|0.00|0.0000|16|242|0|0|0.0573|0.0025|0.0020|-0.3362|0.0305||3.80|15|0.52|15
GME211210P00280000||||84.53|84.53|31|0.00|0.0000|0|1|0|0|-0.9636|0.0019|-0.0601|-0.2077|0.0212||107.30|1|92.30|1
GME211210C00290000||||1.25|1.25|32|0.00|0.0000|21|171|0|0|0.0465|0.0020|0.0016|-0.2919|0.0256||3.65|15|0.45|15
GME211210P00290000||||82.25|82.25|32|0.00|0.0000|0|7|0|0|-0.9978|0.0002|-0.0635|-0.0115|0.0018||117.15|1|102.15|1
GME211210C00300000||||1.11|1.11|33|0.00|0.0000|43|919|0|0|0.0436|0.0019|0.0015|-0.2885|0.0245||3.30|16|1.05|1
GME211210P00300000||||76.00|76.00|33|0.00|0.0000|0|14|0|0|-0.9997|0.0000|-0.0657|-0.0007|0.0003||127.00|1|112.00|1
GME211210C00310000||||0.95|0.95|34|0.00|0.0000|108|264|0|0|0.0370|0.0016|0.0013|-0.2574|0.0215||2.00|1|0.34|1
GME211210P00310000||||83.61|83.61|34|0.00|0.0000|0|4|0|0|-0.9996|0.0001|-0.0679|-0.0017|0.0004||136.90|1|121.90|1
GME211210C00320000||||0.93|0.93|35|0.00|0.0000|2|276|0|0|0.0350|0.0015|0.0012|-0.2560|0.0205||5.10|8|0.30|15
GME211210P00320000||||89.47|89.47|35|0.00|0.0000|0|3|0|0|-0.9388|0.0020|-0.3912|-0.0787|0.0770||146.80|1|131.80|1
GME211210C00330000||||0.72|0.72|36|0.00|0.0000|-17|246|0|0|0.0365|0.0014|0.0014|-0.2496|0.0225||5.05|8|0.27|1
GME211210P00330000||||||36||||0|0|0|-1.0000|0.0000|-0.0723|0.0011|0.0000||156.70|1|141.70|1
GME211210C00340000||||0.75|0.75|37|0.00|0.0000|-1|87|0|0|0.0365|0.0014|0.0014|-0.2609|0.0225||4.95|8|0.24|1
GME211210P00340000||||||37||||0|0|0|-1.0000|0.0000|-0.0745|0.0011|0.0000||166.65|1|151.65|1
GME211210C00350000||||0.69|0.69|38|0.00|0.0000|49|437|0|0|0.0248|0.0010|0.0009|-0.2051|0.0154||0.69|22|0.22|1
GME211210P00350000||||||38||||0|0|0|-1.0000|0.0000|-0.0767|0.0011|0.0000||176.60|1|161.60|1
GME211210C00360000||||0.61|0.61|39|0.00|0.0000|-2|85|0|0|0.0217|0.0009|0.0008|-0.1862|0.0138||2.00|15|0.20|16
GME211210P00360000||||||39||||0|0|0|-1.0000|0.0000|-0.4536|0.0012|0.0000||186.55|1|171.55|1
GME211210C00370000||||0.75|0.75|40|0.00|0.0000|0|21|0|0|0.0235|0.0009|0.0008|-0.2098|0.0146||5.40|25|0.18|16
GME211210P00370000||||||40||||0|0|0|-1.0000|0.0000|-0.0811|0.0012|0.0000||196.50|1|181.50|1
GME211210C00380000||||0.54|0.54|41|0.00|0.0000|-1|50|0|0|0.0173|0.0007|0.0006|-0.1584|0.0112||4.00|1|0.17|1
GME211210P00380000||||||41||||0|0|0|-1.0000|0.0000|-0.0833|0.0012|0.0000||206.45|1|191.45|1
GME211210C00390000||||0.49|0.49|42|0.00|0.0000|5|52|0|0|0.0167|0.0007|0.0006|-0.1572|0.0110||2.80|1|0.15|16
GME211210P00390000||||||42||||0|0|0|-1.0000|0.0000|-0.4914|0.0013|0.0000||216.40|1|201.40|1
GME211210C00400000|0.40|0.40|0.40|0.45|0.40|43|-0.05|-0.1111|-6|420|4|4|0.0151|0.0006|0.0005|-0.1467|0.0101||0.40|7|0.14|15
GME211210P00400000||||||43||||0|0|0|-1.0000|0.0000|-0.0877|0.0013|0.0000||226.35|1|211.35|1
GME211210C00410000||||0.44|0.44|44|0.00|0.0000|7|59|0|0|0.0145|0.0006|0.0005|-0.1447|0.0098||2.53|12|0.27|2
GME211210P00410000||||||44||||0|0|0|-1.0000|0.0000|-0.1011|0.0013|0.0000||236.35|1|221.35|1
GME211210C00420000||||0.40|0.40|45|0.00|0.0000|2|171|0|0|0.0131|0.0005|0.0005|-0.1336|0.0089||1.00|1|0.11|1
GME211210P00420000||||||45||||0|0|0|-1.0000|0.0000|-0.0921|0.0014|0.0000||246.30|1|231.30|1
GME211210C00430000||||0.40|0.40|46|0.00|0.0000|262|304|0|0|0.0128|0.0005|0.0004|-0.1341|0.0088||4.60|8|0.00|2
GME211210P00430000||||||46||||0|0|0|-1.0000|0.0000|-0.5418|0.0014|0.0000||256.35|1|241.35|1
GME211210C00440000||||0.36|0.36|47|0.00|0.0000|34|67|0|0|0.0107|0.0004|0.0004|-0.1145|0.0074||4.55|8|0.00|1
GME211210P00440000||||||47||||0|0|0|-1.0000|0.0000|-0.0964|0.0014|0.0000||266.25|1|251.25|1
GME211210C00450000||||0.37|0.37|48|0.00|0.0000|190|288|0|0|0.0115|0.0004|0.0004|-0.1261|0.0080||9.05|1|0.00|2
GME211210P00450000||||||48||||0|0|0|-1.0000|0.0000|-0.0986|0.0015|0.0000||276.30|1|261.30|1
GME211210C00460000||||0.27|0.27|49|0.00|0.0000|0|18|0|0|0.0130|0.0005|0.0005|-0.1300|0.0094||4.55|8|0.00|13
GME211210P00460000||||||49||||0|0|0|-1.0000|0.0000|-0.1008|0.0015|0.0000||286.25|1|271.25|1
GME211210C00470000||||0.22|0.22|50|0.00|0.0000|7|22|0|0|0.0109|0.0004|0.0004|-0.1109|0.0081||9.00|1|0.00|14
GME211210P00470000||||||50||||0|0|0|-1.0000|0.0000|-0.5922|0.0015|0.0000||296.20|1|281.20|1
GME211210C00480000||||0.25|0.25|51|0.00|0.0000|1|33|0|0|0.0077|0.0003|0.0003|-0.0898|0.0056||1.24|2|0.00|15
GME211210P00480000||||||51||||0|0|0|-1.0000|0.0000|-0.1052|0.0016|0.0000||306.20|1|291.20|1
GME211210C00490000||||0.24|0.24|52|0.00|0.0000|2|93|0|0|0.0114|0.0004|0.0004|-0.1202|0.0084||0.90|1|0.00|29
GME211210P00490000||||||52||||0|0|0|-1.0000|0.0000|-0.1074|0.0016|0.0000||316.15|1|301.15|1
GME211210C00500000||||0.26|0.26|53|0.00|0.0000|-6|850|0|0|0.0075|0.0003|0.0003|-0.0909|0.0055||1.25|15|0.00|3
GME211210P00500000||||||53||||0|0|0|-1.0000|0.0000|-0.1096|0.0016|0.0000||326.15|1|311.15|1
GME211210C00510000||||0.18|0.18|54|0.00|0.0000|1|2026|0|0|0.0051|0.0002|0.0002|-0.0628|0.0039||2.00|12|0.25|1
GME211210P00510000||||||54||||0|0|0|-1.0000|0.0000|-0.1118|0.0017|0.0000||336.20|1|321.20|1
GME211217C00080000||||94.56|94.56|19|0.00|0.0000|1|2|0|0|0.9060|0.0010|0.0223|-0.9123|0.0629||109.35|1|94.35|1
GME211217P00080000||||0.35|0.35|19|0.00|0.0000|1|350|0|0|-0.0682|0.0010|-0.0254|-0.1585|0.0899||0.85|2|0.02|16
GME211217C00085000||||95.85|95.85|18|0.00|0.0000|0|1|0|0|0.9702|0.0008|0.0344|-0.1709|0.0254||104.40|1|89.40|1
GME211217P00085000||||0.43|0.43|18|0.00|0.0000|-1|121|0|0|-0.0129|0.0005|-0.0011|-0.0725|0.0121||3.60|1|0.05|16
GME211217C00090000||||137.00|137.00|17|0.00|0.0000|0|4|0|0|0.9018|0.0005|0.0116|-1.7766|0.0650||99.45|1|84.45|1
GME211217P00090000||||0.53|0.53|17|0.00|0.0000|2|68|0|0|-0.0164|0.0006|-0.0014|-0.0857|0.0148||4.00|16|0.09|16
GME211217C00100000||||79.69|79.69|16|0.00|0.0000|1|50|0|0|0.9990|0.0001|0.0410|-0.0042|0.0012||89.35|1|74.65|3
GME211217P00100000||||0.76|0.76|16|0.00|0.0000|-205|664|0|0|-0.0012|0.0001|-0.0001|-0.0046|0.0014||3.50|1|0.19|16
GME211217C00105000||||66.05|66.05|15|0.00|0.0000|0|1|0|0|0.9977|0.0002|0.0430|-0.0087|0.0026||84.80|1|69.80|1
GME211217P00105000||||0.86|0.86|15|0.00|0.0000|51|140|0|0|-0.0021|0.0002|-0.0002|-0.0078|0.0024||3.30|15|0.26|15
GME211217C00110000||||73.25|73.25|14|0.00|0.0000|0|1|0|0|0.9968|0.0003|0.0450|-0.0110|0.0035||79.95|1|64.95|1
GME211217P00110000||||1.02|1.02|14|0.00|0.0000|-21|354|0|0|-0.0049|0.0004|-0.0004|-0.0156|0.0053||2.55|15|0.35|15
GME211217C00115000||||112.11|112.11|13|0.00|0.0000|0|2|0|0|0.9947|0.0005|0.0468|-0.0167|0.0055||75.15|1|60.15|1
GME211217P00115000||||1.21|1.21|13|0.00|0.0000|14|162|0|0|-0.0082|0.0007|-0.0006|-0.0249|0.0081||1.45|1|0.45|15
GME211217C00120000||||64.15|64.15|12|0.00|0.0000|0|51|0|0|0.9143|0.0026|0.1480|-0.0889|0.1069||70.35|1|55.35|1
GME211217P00120000||||1.39|1.39|12|0.00|0.0000|5|158|0|0|-0.0121|0.0009|-0.0010|-0.0350|0.0115||3.95|15|1.00|10
GME211217C00125000||||79.68|79.68|11|0.00|0.0000|0|35|0|0|0.8915|0.0031|0.1479|-0.1071|0.1272||65.65|1|50.65|1
GME211217P00125000||||1.88|1.88|11|0.00|0.0000|2|207|0|0|-0.0245|0.0017|-0.0021|-0.0620|0.0216||4.35|15|1.10|2
GME211217C00130000||||55.70|55.70|10|0.00|0.0000|0|10|0|0|0.9709|0.0021|0.0511|-0.0710|0.0241||61.00|1|46.00|1
GME211217P00130000||||2.21|2.21|10|0.00|0.0000|11|206|0|0|-0.0335|0.0023|-0.0027|-0.0823|0.0271||4.70|15|0.81|15
GME211217C00135000||||90.47|90.47|9|0.00|0.0000|0|3|0|0|0.9531|0.0031|0.0517|-0.1051|0.0356||56.45|3|41.50|7
GME211217P00135000||||2.72|2.72|9|0.00|0.0000|9|149|0|0|-0.0502|0.0032|-0.0040|-0.1129|0.0376||5.25|15|1.04|15
GME211217C00140000||||44.07|44.07|8|0.00|0.0000|2|148|0|0|0.9321|0.0042|0.0521|-0.1387|0.0477||50.75|7|36.40|7
GME211217P00140000||||3.50|3.50|8|0.00|0.0000|264|813|0|0|-0.0799|0.0044|-0.0069|-0.1569|0.0557||5.90|15|1.30|15
GME211217C00145000||||96.94|96.94|7|0.00|0.0000|0|57|0|0|0.8905|0.0059|0.0509|-0.1975|0.0675||47.85|1|32.85|1
GME211217P00145000||||4.02|4.02|7|0.00|0.0000|23|234|0|0|-0.1169|0.0060|-0.0094|-0.2145|0.0707||6.75|15|1.65|10
GME211217C00150000||||35.91|35.91|6|0.00|0.0000|0|71|0|0|0.8490|0.0074|0.0495|-0.2486|0.0843||44.75|1|29.75|1
GME211217P00150000||||5.05|5.05|6|0.00|0.0000|223|1842|0|0|-0.1441|0.0069|-0.0117|-0.2492|0.0825||7.80|15|2.07|15
GME211217C00155000||||30.10|30.10|5|0.00|0.0000|1|12|0|0|0.8179|0.0083|0.0489|-0.2815|0.0961||39.70|15|25.65|15
GME211217P00155000||||6.54|6.54|5|0.00|0.0000|0|308|0|0|-0.1930|0.0081|-0.0169|-0.2891|0.1029||9.50|16|3.15|15
GME211217C00160000||||29.27|29.27|4|0.00|0.0000|-1|96|0|0|0.7681|0.0096|0.0467|-0.3223|0.1109||34.90|15|23.00|15
GME211217P00160000||||7.75|7.75|4|0.00|0.0000|390|1040|0|0|-0.2426|0.0093|-0.0214|-0.3301|0.1174||10.55|15|4.65|15
GME211217C00165000||||24.60|24.60|3|0.00|0.0000|0|82|0|0|0.7098|0.0107|0.0438|-0.3672|0.1244||31.55|15|19.80|15
GME211217P00165000||||9.77|9.77|3|0.00|0.0000|3|310|0|0|-0.2935|0.0104|-0.0244|-0.3783|0.1251||12.85|16|6.35|15
GME211217C00170000||||23.22|23.22|2|0.00|0.0000|0|117|0|0|0.6281|0.0062|0.1220|-0.2187|0.2584||26.05|15|19.35|12
GME211217P00170000||||11.75|11.75|2|0.00|0.0000|-17|1066|0|0|-0.3525|0.0111|-0.0296|-0.4133|0.1350||14.90|12|7.85|15
GME211217C00175000||||20.50|20.50|1|0.00|0.0000|-5|183|0|0|0.5888|0.0120|0.0372|-0.4191|0.1414||23.25|15|16.60|12
GME211217P00175000||||14.33|14.33|1|0.00|0.0000|17|720|0|0|-0.4117|0.0117|-0.0349|-0.4318|0.1414||16.70|15|10.50|15
GME211217C00180000||||17.98|17.98|1|0.00|0.0000|-23|442|0|0|0.5273|0.0123|0.0337|-0.4305|0.1447||20.65|15|14.10|12
GME211217P00180000||||17.10|17.10|1|0.00|0.0000|12|1074|0|0|-0.4701|0.0116|-0.0431|-0.4262|0.1493||17.20|1|12.90|15
GME211217C00185000||||15.00|15.00|2|0.00|0.0000|2|270|0|0|0.4675|0.0122|0.0301|-0.4321|0.1445||18.80|12|11.00|15
GME211217P00185000||||19.25|19.25|2|0.00|0.0000|-14|255|0|0|-0.5305|0.0120|-0.0459|-0.4401|0.1446||21.95|15|15.55|15
GME211217C00187500||||15.87|15.87|3|0.00|0.0000|0|39|0|0|0.5563|0.0047|0.1008|-0.3157|0.2698||18.50|15|10.65|15
GME211217P00187500||||19.77|19.77|3|0.00|0.0000|1|116|0|0|-0.5389|0.0102|-0.0480|-0.5148|0.1443||23.35|14|16.90|15
GME211217C00190000||||13.83|13.83|4|0.00|0.0000|15|254|0|0|0.4107|0.0119|0.0267|-0.4254|0.1413||16.10|15|10.00|14
GME211217P00190000||||22.61|22.61|4|0.00|0.0000|-4|446|0|0|-0.5855|0.0116|-0.0513|-0.4360|0.1417||24.90|12|18.40|15
GME211217C00192500||||12.50|12.50|5|0.00|0.0000|2|30|0|0|0.4244|0.0094|0.0266|-0.5430|0.1424||15.75|15|9.15|15
GME211217P00192500||||24.00|24.00|5|0.00|0.0000|-1|111|0|0|-0.5748|0.0094|-0.0525|-0.5452|0.1424||26.50|12|20.05|15
GME211217C00195000||||11.09|11.09|6|0.00|0.0000|-1|147|0|0|0.3587|0.0113|0.0234|-0.4130|0.1358||14.30|15|8.35|15
GME211217P00195000||||25.45|25.45|6|0.00|0.0000|50|473|0|0|-0.6370|0.0111|-0.0565|-0.4229|0.1364||28.15|12|21.70|15
GME211217C00197500||||10.80|10.80|7|0.00|0.0000|3|41|0|0|0.3817|0.0092|0.0241|-0.5287|0.1386||13.50|15|7.60|15
GME211217P00197500||||27.65|27.65|7|0.00|0.0000|0|93|0|0|-0.4965|0.0050|-0.1921|-0.3021|0.2725||32.45|15|20.90|15
GME211217C00200000||||10.05|10.05|8|0.00|0.0000|902|2001|0|0|0.3124|0.0105|0.0205|-0.3970|0.1287||12.75|15|9.90|1
GME211217P00200000||||29.20|29.20|8|0.00|0.0000|-2|1919|0|0|-0.6820|0.0104|-0.0614|-0.4088|0.1296||34.25|15|22.70|15
GME211217C00202500||||9.79|9.79|9|0.00|0.0000|18|36|0|0|0.3483|0.0086|0.0220|-0.5284|0.1344||12.10|15|6.30|15
GME211217P00202500||||30.45|30.45|9|0.00|0.0000|1|117|0|0|-0.6606|0.0089|-0.0616|-0.5029|0.1331||36.15|15|24.50|15
GME211217C00205000||||8.75|8.75|10|0.00|0.0000|-4|53|0|0|0.3244|0.0086|0.0207|-0.5033|0.1307||11.50|15|5.75|15
GME211217P00205000||||33.98|33.98|10|0.00|0.0000|0|165|0|0|-0.6550|0.0081|-0.0626|-0.5603|0.1339||38.05|15|26.40|15
GME211217C00207500||||8.90|8.90|11|0.00|0.0000|4|32|0|0|0.4661|0.0048|0.0880|-0.3108|0.2716||11.55|15|5.20|15
GME211217P00207500||||21.30|21.30|11|0.00|0.0000|0|181|0|0|-0.9763|0.0041|-0.0836|-0.0248|0.0201||41.60|1|26.60|1
GME211217C00210000||||7.50|7.50|12|0.00|0.0000|-30|815|0|0|0.2270|0.0090|0.0151|-0.3380|0.1095||10.45|15|4.65|15
GME211217P00210000||||36.95|36.95|12|0.00|0.0000|-11|215|0|0|-0.7679|0.0089|-0.0709|-0.3479|0.1109||43.60|1|28.60|1
GME211217C00212500||||6.50|6.50|13|0.00|0.0000|0|22|0|0|0.2631|0.0080|0.0170|-0.4435|0.1186||10.00|15|4.25|15
GME211217P00212500||||42.25|42.25|13|0.00|0.0000|0|59|0|0|-0.5118|0.0040|-0.2222|-0.3731|0.2724||45.65|1|30.65|1
GME211217C00215000||||6.90|6.90|14|0.00|0.0000|4|97|0|0|0.2644|0.0075|0.0169|-0.4731|0.1189||9.55|15|3.85|15
GME211217P00215000||||42.25|42.25|14|0.00|0.0000|2|101|0|0|-0.5432|0.0044|-0.2278|-0.3373|0.2709||47.75|1|32.75|1
GME211217C00217500||||7.20|7.20|15|0.00|0.0000|1|39|0|0|0.2518|0.0071|0.0159|-0.4812|0.1148||9.15|15|3.50|15
GME211217P00217500||||47.80|47.80|15|0.00|0.0000|0|23|0|0|-0.5075|0.0037|-0.2314|-0.4061|0.2725||49.85|1|34.85|1
GME211217C00220000||||6.50|6.50|16|0.00|0.0000|1|1903|0|0|0.1621|0.0072|0.0108|-0.2779|0.0892||8.80|15|3.15|15
GME211217P00220000||||46.55|46.55|16|0.00|0.0000|1|446|0|0|-0.8301|0.0073|-0.0791|-0.2934|0.0919||52.00|1|37.00|1
GME211217C00222500||||6.60|6.60|17|0.00|0.0000|2|69|0|0|0.2427|0.0067|0.0154|-0.4874|0.1137||8.45|15|2.88|15
GME211217P00222500||||49.15|49.15|17|0.00|0.0000|11|21|0|0|-0.7314|0.0065|-0.0746|-0.5600|0.1199||54.20|1|39.20|1
GME211217C00225000||||5.80|5.80|18|0.00|0.0000|-7|98|0|0|0.2114|0.0064|0.0134|-0.4365|0.1042||8.10|15|2.60|6
GME211217P00225000||||49.64|49.64|18|0.00|0.0000|-1|30|0|0|-0.7701|0.0065|-0.0778|-0.4730|0.1103||56.40|1|41.40|1
GME211217C00227500||||5.60|5.60|19|0.00|0.0000|0|8|0|0|0.2141|0.0063|0.0137|-0.4502|0.1059||7.85|15|2.34|15
GME211217P00227500||||51.86|51.86|19|0.00|0.0000|0|60|0|0|-0.7693|0.0062|-0.0841|-0.4643|0.1142||58.60|1|43.60|1
GME211217C00230000||||5.09|5.09|20|0.00|0.0000|11|442|0|0|0.1188|0.0057|0.0080|-0.2313|0.0722||7.65|15|4.00|7
GME211217P00230000||||54.21|54.21|20|0.00|0.0000|1|64|0|0|-0.8677|0.0058|-0.0914|-0.2446|0.0804||60.90|1|45.90|1
GME211217C00232500||||4.45|4.45|21|0.00|0.0000|0|80|0|0|0.1814|0.0059|0.0117|-0.3955|0.0958||7.40|15|4.35|1
GME211217P00232500||||53.30|53.30|21|0.00|0.0000|0|19|0|0|-0.8659|0.0056|-0.0866|-0.2757|0.0785||63.15|1|48.15|1
GME211217C00235000||||5.14|5.14|22|0.00|0.0000|0|74|0|0|0.1934|0.0057|0.0124|-0.4435|0.0997||7.20|15|2.00|15
GME211217P00235000||||54.70|54.70|22|0.00|0.0000|0|60|0|0|-0.7087|0.0052|-0.2800|-0.2132|0.2343||65.45|1|50.45|1
GME211217C00240000||||4.35|4.35|23|0.00|0.0000|48|356|0|0|0.0754|0.0041|0.0051|-0.1652|0.0512||6.85|15|1.86|7
GME211217P00240000||||65.50|65.50|23|0.00|0.0000|0|54|0|0|-0.9105|0.0045|-0.0926|-0.1942|0.0588||69.55|1|54.55|1
GME211217C00245000||||3.98|3.98|24|0.00|0.0000|143|230|0|0|0.3616|0.0041|0.0687|-0.3244|0.2560||6.55|15|1.71|7
GME211217P00245000||||71.40|71.40|24|0.00|0.0000|-2|47|0|0|-0.7661|0.0049|-0.0864|-0.6352|0.1114||74.80|1|59.80|1
GME211217C00250000||||3.70|3.70|25|0.00|0.0000|-24|1145|0|0|0.0583|0.0033|0.0040|-0.1387|0.0423||4.20|1|2.90|13
GME211217P00250000||||73.53|73.53|25|0.00|0.0000|0|56|0|0|-0.9375|0.0034|-0.0985|-0.1485|0.0447||79.55|1|64.55|1
GME211217C00255000||||3.60|3.60|26|0.00|0.0000|0|355|0|0|0.1381|0.0043|0.0089|-0.3768|0.0801||6.00|15|1.45|6
GME211217P00255000||||39.75|39.75|26|0.00|0.0000|0|5|0|0|-0.9994|0.0001|-0.1048|-0.0004|0.0007||84.30|1|69.30|1
GME211217C00260000||||3.40|3.40|27|0.00|0.0000|3|519|0|0|0.0405|0.0024|0.0028|-0.1049|0.0317||5.80|15|1.33|15
GME211217P00260000||||78.20|78.20|27|0.00|0.0000|0|21|0|0|-0.9561|0.0025|-0.1039|-0.1131|0.0338||89.10|1|74.10|1
GME211217C00270000||||2.82|2.82|28|0.00|0.0000|34|575|0|0|0.0296|0.0018|0.0020|-0.0828|0.0245||5.45|15|1.17|15
GME211217P00270000||||65.35|65.35|28|0.00|0.0000|0|49|0|0|-0.9620|0.0021|-0.1156|-0.0998|0.0310||98.75|1|83.75|1
GME211217C00280000||||2.63|2.63|29|0.00|0.0000|-3|2029|0|0|0.1772|0.0037|0.0378|-0.1743|0.1775||5.15|15|1.05|15
GME211217P00280000||||91.00|91.00|29|0.00|0.0000|0|10|0|0|-0.9781|0.0014|-0.1136|-0.0654|0.0188||108.50|1|93.50|1
GME211217C00290000||||2.57|2.57|30|0.00|0.0000|1|523|0|0|0.1619|0.0034|0.0346|-0.1678|0.1675||4.80|2|0.95|15
GME211217P00290000||||68.50|68.50|30|0.00|0.0000|0|25|0|0|-0.9804|0.0012|-0.1178|-0.0619|0.0173||118.30|1|103.30|1
GME211217C00300000||||2.15|2.15|31|0.00|0.0000|560|5707|0|0|0.1471|0.0031|0.0315|-0.1598|0.1572||4.60|2|2.00|1
GME211217P00300000||||125.00|125.00|31|0.00|0.0000|0|20|0|0|-0.9831|0.0010|-0.1303|-0.0530|0.0157||128.05|1|113.05|1
GME211217C00310000||||2.03|2.03|32|0.00|0.0000|-2|367|0|0|0.0088|0.0006|0.0006|-0.0315|0.0087||4.50|15|1.80|1
GME211217P00310000||||102.75|102.75|32|0.00|0.0000|0|3|0|0|-0.8578|0.0029|-0.4198|-0.1613|0.1537||137.90|1|122.90|1
GME211217C00320000||||1.73|1.73|33|0.00|0.0000|41|448|0|0|0.0068|0.0005|0.0005|-0.0254|0.0069||4.30|15|0.72|15
GME211217P00320000||||96.00|96.00|33|0.00|0.0000|0|17|0|0|-0.9917|0.0005|-0.1309|-0.0301|0.0082||147.75|1|132.75|1
GME211217C00330000||||1.75|1.75|34|0.00|0.0000|0|213|0|0|0.1140|0.0025|0.0244|-0.1402|0.1318||4.15|15|0.66|1
GME211217P00330000||||159.50|159.50|34|0.00|0.0000|0|3|0|0|-0.9936|0.0004|-0.1352|-0.0241|0.0065||157.65|1|142.65|1
GME211217C00340000||||1.60|1.60|35|0.00|0.0000|0|232|0|0|0.0043|0.0003|0.0003|-0.0174|0.0046||4.05|15|0.60|15
GME211217P00340000||||126.85|126.85|35|0.00|0.0000|0|7|0|0|-0.9950|0.0003|-0.1394|-0.0193|0.0052||167.50|1|152.50|1
GME211217C00350000||||1.40|1.40|36|0.00|0.0000|23|1013|0|0|0.0046|0.0003|0.0003|-0.0183|0.0050||5.70|8|1.00|16
GME211217P00350000||||133.85|133.85|36|0.00|0.0000|0|4|0|0|-0.9959|0.0003|-0.1435|-0.0165|0.0044||177.40|1|162.40|1
GME211217C00360000||||1.37|1.37|37|0.00|0.0000|-4|304|0|0|0.0030|0.0002|0.0002|-0.0132|0.0033||6.30|1|0.52|1
GME211217P00360000||||||37|||0|0|0|0|-0.9965|0.0002|-0.1477|-0.0143|0.0038||187.30|1|172.30|1
GME211217C00370000||||1.45|1.45|38|0.00|0.0000|0|447|0|0|0.0034|0.0002|0.0003|-0.0148|0.0039||5.50|8|0.48|3
GME211217P00370000||||172.65|172.65|38|0.00|0.0000|0|3|0|0|-0.9960|0.0003|-0.1619|-0.0158|0.0044||197.20|1|182.20|1
GME211217C00380000||||1.20|1.20|39|0.00|0.0000|-1|168|0|0|0.0019|0.0001|0.0001|-0.0092|0.0022||5.40|8|0.45|1
GME211217P00380000||||165.60|165.60|39|0.00|0.0000|0|17|0|0|-0.9975|0.0002|-0.1560|-0.0104|0.0028||207.10|1|192.10|1
GME211217C00390000||||1.18|1.18|40|0.00|0.0000|1|193|0|0|0.0019|0.0001|0.0001|-0.0095|0.0022||5.35|8|0.42|16
GME211217P00390000||||||40|||0|0|0|0|-0.9978|0.0001|-0.1601|-0.0093|0.0025||217.05|1|202.05|1
GME211217C00400000||||1.08|1.08|41|0.00|0.0000|19|1185|0|0|0.0015|0.0001|0.0001|-0.0078|0.0018||1.50|16|1.00|3
GME211217P00400000||||198.90|198.90|41|0.00|0.0000|0|3|0|0|-0.9980|0.0001|-0.1642|-0.0085|0.0023||226.95|1|211.95|1
GME211217C00410000||||1.00|1.00|42|0.00|0.0000|1|205|0|0|0.0013|0.0001|0.0001|-0.0065|0.0015||5.20|8|0.01|16
GME211217P00410000||||190.90|190.90|42|0.00|0.0000|0|3|0|0|-0.9983|0.0001|-0.1684|-0.0074|0.0020||236.90|1|221.90|1
GME211217C00420000||||0.95|0.95|43|0.00|0.0000|3|542|0|0|0.0011|0.0001|0.0001|-0.0058|0.0013||5.15|8|0.33|16
GME211217P00420000||||189.85|189.85|43|0.00|0.0000|0|16|0|0|-0.9991|0.0001|-0.1725|-0.0032|0.0011||246.85|1|231.85|1
GME211217C00430000||||0.97|0.97|44|0.00|0.0000|0|208|0|0|0.0010|0.0001|0.0001|-0.0052|0.0012||5.25|2|0.00|24
GME211217P00430000||||244.20|244.20|44|0.00|0.0000|0|0|0|0|-0.9315|0.0015|-0.6097|-0.1109|0.0902||256.75|1|241.75|1
GME211217C00440000||||1.15|1.15|45|0.00|0.0000|0|472|0|0|0.0008|0.0001|0.0001|-0.0046|0.0010||5.00|8|0.75|1
GME211217P00440000||||||45|||0|0|0|0|-0.9993|0.0000|-0.1808|-0.0022|0.0008||266.70|1|251.70|1
GME211217C00450000||||0.79|0.79|46|0.00|0.0000|2|686|0|0|0.0006|0.0000|0.0000|-0.0037|0.0008||1.50|1|0.00|3
GME211217P00450000||||||46|||0|0|0|0|-0.9994|0.0000|-0.1849|-0.0018|0.0007||276.65|1|261.65|1
GME211217C00460000||||0.76|0.76|47|0.00|0.0000|2|1138|0|0|0.0006|0.0000|0.0000|-0.0037|0.0008||4.90|8|0.41|1
GME211217P00460000||||261.60|261.60|47|0.00|0.0000|0|5|0|0|-0.9402|0.0013|-0.6551|-0.1028|0.0812||286.60|1|271.60|1
GME211217C00470000||||0.78|0.78|48|0.00|0.0000|1|190|0|0|0.0251|0.0007|0.0016|-0.1548|0.0213||9.35|1|0.00|22
GME211217P00470000||||||48||||0|0|0|-1.0000|0.0000|-0.1931|0.0016|0.0000||296.60|1|281.60|1
GME211217C00480000||||0.60|0.60|49|0.00|0.0000|16|240|0|0|0.0189|0.0006|0.0012|-0.1187|0.0166||4.80|8|0.00|4
GME211217P00480000||||264.21|264.21|49|0.00|0.0000|0|7|0|0|-0.9810|0.0006|-0.1960|-0.1177|0.0169||306.55|1|291.55|1
GME211217C00490000||||0.52|0.52|50|0.00|0.0000|8|105|0|0|0.0175|0.0006|0.0011|-0.1120|0.0157||4.80|8|0.00|14
GME211217P00490000||||274.04|274.04|50|0.00|0.0000|0|7|0|0|-0.9826|0.0006|-0.2003|-0.1095|0.0156||316.50|1|301.50|1
GME211217C00500000||||0.50|0.50|51|0.00|0.0000|-47|2441|0|0|0.0168|0.0005|0.0011|-0.1089|0.0151||9.25|1|0.10|1
GME211217P00500000||||290.05|290.05|51|0.00|0.0000|0|7|0|0|-0.7608|0.0019|-0.6860|-0.4649|0.2120||326.40|1|311.40|1
GME211217C00510000||||0.53|0.53|52|0.00|0.0000|25|1391|0|0|0.0173|0.0005|0.0011|-0.1147|0.0156||0.80|12|0.42|20
GME211217P00510000||||277.97|277.97|52|0.00|0.0000|0|0|0|0|-0.9950|0.0002|-0.2093|-0.0310|0.0052||336.40|1|321.40|1
GME211223C00100000||||80.77|80.77|13|0.00|0.0000|0|14|0|0|0.9743|0.0010|0.0545|-0.0840|0.0257||90.20|1|75.20|6
GME211223P00100000||||0.88|0.88|13|0.00|0.0000|8|124|0|0|-0.0286|0.0011|-0.0034|-0.0938|0.0281||5.00|8|0.07|16
GME211223C00110000||||||12||||0|0|0|1.0000|0.0000|0.0633|-0.0004|0.0000||79.95|3|65.55|6
GME211223P00110000||||1.33|1.33|12|0.00|0.0000|9|37|0|0|-0.0443|0.0017|-0.0052|-0.1265|0.0403||5.35|8|0.27|14
GME211223C00120000||||103.35|103.35|11|0.00|0.0000|0|1|0|0|0.8249|0.0012|0.0273|-1.3188|0.1109||70.60|1|55.60|1
GME211223P00120000||||1.15|1.15|11|0.00|0.0000|0|25|0|0|-0.0503|0.0022|-0.0061|-0.1123|0.0456||5.95|8|0.69|2
GME211223C00130000||||||10||||0|0|0|1.0000|0.0000|0.0784|-0.0005|0.0000||61.45|1|46.45|1
GME211223P00130000||||2.69|2.69|10|0.00|0.0000|70|142|0|0|-0.0955|0.0034|-0.0113|-0.1989|0.0730||5.25|15|0.91|15
GME211223C00140000||||||9||||0|0|0|1.0000|0.0000|0.0805|-0.0005|0.0000||52.70|1|37.70|1
GME211223P00140000||||4.40|4.40|9|0.00|0.0000|2|42|0|0|-0.1474|0.0047|-0.0176|-0.2666|0.0991||7.40|15|1.50|15
GME211223C00145000||||||8||||0|0|0|1.0000|0.0000|0.0834|-0.0005|0.0000||48.85|1|33.85|1
GME211223P00145000||||||8||||0|0|0|0.0000|0.0000|0.0000|0.0000|0.0000||7.85|15|1.94|6
GME211223C00150000||||55.90|55.90|7|0.00|0.0000|0|4|0|0|0.7249|0.0032|0.0456|-0.7995|0.1469||44.95|1|29.95|1
GME211223P00150000||||6.07|6.07|7|0.00|0.0000|-6|200|0|0|-0.2075|0.0061|-0.0262|-0.3035|0.1259||9.00|15|2.92|15
GME211223C00155000||||57.05|57.05|6|0.00|0.0000|0|10|0|0|0.7076|0.0030|0.0415|-0.9286|0.1478||41.35|1|26.35|1
GME211223P00155000||||9.30|9.30|6|0.00|0.0000|16|127|0|0|-0.2595|0.0062|-0.0338|-0.3850|0.1426||10.45|15|4.25|15
GME211223C00160000||||53.80|53.80|5|0.00|0.0000|0|12|0|0|0.6902|0.0031|0.0430|-0.9100|0.1552||36.45|15|23.70|12
GME211223P00160000||||9.45|9.45|5|0.00|0.0000|1|62|0|0|-0.2974|0.0076|-0.0361|-0.3774|0.1475||12.05|15|5.90|15
GME211223C00165000||||||4||||0|0|0|1.0000|0.0000|0.0949|-0.0006|0.0000||33.35|12|20.95|12
GME211223P00165000||||11.60|11.60|4|0.00|0.0000|0|21|0|0|-0.3269|0.0077|-0.0404|-0.4027|0.1552||14.00|15|7.70|15
GME211223C00170000||||25.94|25.94|3|0.00|0.0000|0|15|0|0|0.6296|0.0076|0.0510|-0.4454|0.1624||27.95|15|20.65|6
GME211223P00170000||||14.35|14.35|3|0.00|0.0000|0|33|0|0|-0.3700|0.0078|-0.0465|-0.4358|0.1624||16.15|26|9.80|30
GME211223C00175000||||19.00|19.00|2|0.00|0.0000|0|3|0|0|0.5872|0.0101|0.0505|-0.3582|0.1674||25.25|15|18.10|7
GME211223P00175000||||15.02|15.02|2|0.00|0.0000|-6|48|0|0|-0.4275|0.0090|-0.0529|-0.4089|0.1671||18.65|15|12.05|15
