symbol|open|high|low|preClose|close|activeLevel|change|changeRatio|openIntChange|openInterest|latestPriceVol|volume|delta|gamma|rho|theta|vega|tradeStamptradeTime|ask|avol|bid|bvol
GME211203C00100000|83.51|83.51|83.51|82.00|83.51|13|1.51|0.0184|0|10|1|1|0.9385|0.0015|0.0047|-2.4791|0.0163||83.35|12|79.50|12
GME211203P00100000|0.08|0.09|0.02|0.08|0.09|13|0.01|0.1250|146|513|1|117|-0.0032|0.0002|0.0000|-0.1000|0.0013||0.09|8|0.05|2
GME211203C00110000||||135.99|135.99|12|0.00|0.0000|0|1|0|0|0.9620|0.0001|0.0084|-0.6222|0.0490||73.40|13|69.25|12
GME211203P00110000|0.09|0.25|0.07|0.17|0.12|12|-0.05|-0.2941|15|172|1|45|-0.0076|0.0005|-0.0001|-0.2048|0.0028||0.17|1|0.06|27
GME211203C00120000||||||11||||0|0|0|1.0000|0.0000|0.0066|-0.0004|0.0000||63.70|13|59.30|12
GME211203P00120000|0.29|0.30|0.10|0.25|0.18|11|-0.07|-0.2800|148|381|2|170|-0.0134|0.0010|-0.0001|-0.3020|0.0046||0.22|8|0.15|23
GME211203C00130000||||65.44|65.44|10|0.00|0.0000|0|1|0|0|0.8079|0.0027|0.0044|-6.9929|0.0366||54.00|27|49.70|12
GME211203P00130000|0.16|0.50|0.16|0.40|0.30|10|-0.10|-0.2500|26|976|2|99|-0.0221|0.0017|-0.0002|-0.4110|0.0071||0.35|11|0.25|19
GME211203C00140000||||55.33|55.33|9|0.00|0.0000|0|6|0|0|0.7796|0.0034|0.0047|-6.5549|0.0397||44.15|25|39.55|14
GME211203P00140000|0.69|0.77|0.28|0.50|0.35|9|-0.15|-0.3000|57|1151|50|344|-0.2344|0.0027|-0.0687|-0.4436|0.1816||0.47|2|0.31|47
GME211203C00150000||||44.80|44.80|8|0.00|0.0000|0|6|0|0|0.7470|0.0043|0.0049|-5.9155|0.0429||34.40|24|29.85|13
GME211203P00150000|1.85|1.85|0.42|0.94|0.51|8|-0.43|-0.4574|17|1198|1|841|-0.0617|0.0053|-0.0006|-0.7028|0.0163||0.64|1|0.51|28
GME211203C00155000||||27.75|27.75|7|0.00|0.0000|0|5|0|0|0.8693|0.0079|0.0071|-1.4253|0.0285||29.65|25|24.85|16
GME211203P00155000|0.73|1.61|0.50|1.30|0.92|7|-0.38|-0.2923|34|992|1|161|-0.0597|0.0063|-0.0006|-0.5550|0.0159||0.90|16|0.65|64
GME211203C00160000|20.00|23.00|20.00|28.80|23.00|6|-5.80|-0.2014|0|115|3|42|0.9357|0.0083|0.0081|-0.4769|0.0169||24.90|69|20.40|28
GME211203P00160000|1.00|2.35|0.72|1.85|1.00|6|-0.85|-0.4595|14|440|1|798|-0.3089|0.0042|-0.0831|-0.3794|0.2085||1.20|1|0.86|72
GME211203C00165000||||32.50|32.50|5|0.00|0.0000|-1|31|0|0|0.6711|0.0057|0.0049|-5.7082|0.0485||20.15|40|15.65|12
GME211203P00165000|1.61|3.55|0.94|2.60|1.45|5|-1.15|-0.4423|467|783|1|1589|-0.1448|0.0137|-0.0015|-0.9455|0.0305||1.50|1|1.30|21
GME211203C00170000|11.23|13.59|8.50|13.25|13.35|4|0.10|0.0075|10|50|1|49|0.7705|0.0185|0.0069|-1.2462|0.0406||15.25|70|11.55|66
GME211203P00170000|2.31|5.10|1.45|3.72|2.00|4|-1.72|-0.4624|275|934|99|2091|-0.2199|0.0189|-0.0023|-1.1594|0.0397||2.42|24|1.89|82
GME211203C00175000|9.64|10.53|6.00|9.70|10.00|3|0.30|0.0309|29|117|1|44|0.6925|0.0266|0.0064|-1.1638|0.0471||10.60|70|8.25|75
GME211203P00175000|1.95|7.25|1.95|4.95|3.25|3|-1.70|-0.3434|181|483|1|1313|-0.3174|0.0251|-0.0033|-1.2625|0.0478||3.50|1|3.05|14
GME211203C00177500|10.10|10.10|4.70|7.55|8.24|2|0.69|0.0914|4|7|1|54|0.6326|0.0320|0.0059|-1.1091|0.0505||9.30|44|6.65|10
GME211203P00177500|4.40|8.60|2.87|5.85|3.73|2|-2.12|-0.3624|136|199|1|959|-0.4069|0.0060|-0.1042|-0.3237|0.2297||4.40|28|3.30|126
GME211203C00180000|8.54|11.00|3.20|7.10|5.60|1|-1.50|-0.2113|57|733|1|893|0.5461|0.0287|0.0051|-1.3686|0.0531||5.90|7|5.50|1
GME211203P00180000|5.50|10.10|3.35|6.98|5.15|1|-1.83|-0.2622|493|1768|1|1752|-0.4267|0.0065|-0.1075|-0.3031|0.2321||5.20|8|4.65|8
GME211203C00182500|7.88|8.47|3.11|6.70|4.40|1|-2.30|-0.3433|74|85|1|135|0.4765|0.0276|0.0044|-1.4353|0.0534||5.00|37|4.30|3
GME211203P00182500|5.90|11.00|4.40|8.00|6.32|1|-1.68|-0.2100|98|297|3|186|-0.5167|0.0244|-0.0055|-1.6305|0.0534||7.00|22|5.75|39
GME211203C00185000|4.90|7.95|2.08|4.90|3.40|2|-1.50|-0.3061|313|481|20|1903|0.4087|0.0270|0.0038|-1.3954|0.0521||3.65|1|3.15|23
GME211203P00185000|6.43|14.03|5.35|9.80|7.56|2|-2.24|-0.2286|77|588|1|912|-0.5599|0.0207|-0.0061|-1.8828|0.0529||8.45|18|6.70|84
GME211203C00187500|3.85|6.50|1.83|3.95|2.60|3|-1.35|-0.3418|713|730|5|590|0.3516|0.0248|0.0033|-1.3880|0.0497||2.78|3|2.39|10
GME211203P00187500|7.91|15.14|7.00|10.70|8.87|3|-1.83|-0.1710|113|475|5|70|-0.6274|0.0223|-0.0068|-1.6070|0.0507||10.20|14|7.75|100
GME211203C00190000|3.95|5.18|1.40|3.70|2.00|4|-1.70|-0.4595|634|778|1|1530|0.2786|0.0241|0.0026|-1.1699|0.0450||2.13|16|1.79|12
GME211203P00190000|11.24|18.00|8.00|12.00|10.62|4|-1.38|-0.1150|-109|833|28|411|-0.4868|0.0064|-0.1263|-0.3186|0.2360||12.10|30|10.25|60
GME211203C00192500|2.95|4.25|1.14|2.96|1.51|5|-1.45|-0.4899|434|502|1|540|0.2220|0.0216|0.0021|-1.0262|0.0399||1.79|51|1.32|25
GME211203P00192500|11.75|16.88|11.63|14.20|13.83|5|-0.37|-0.0261|-101|273|1|24|-0.7500|0.0208|-0.0082|-1.2145|0.0426||14.35|11|12.45|14
GME211203C00195000|2.37|3.40|0.92|2.40|1.33|6|-1.07|-0.4458|397|597|1|590|0.1874|0.0186|0.0018|-0.9733|0.0361||1.32|31|1.04|11
GME211203P00195000|14.00|21.77|12.00|16.71|15.66|6|-1.05|-0.0628|-61|626|1|173|-0.8425|0.0187|-0.0092|-0.7762|0.0323||16.60|17|14.70|8
GME211203C00197500|2.55|2.85|0.71|2.04|1.10|7|-0.94|-0.4608|386|490|1|525|0.1583|0.0160|0.0015|-0.9109|0.0324||1.20|74|0.88|25
GME211203P00197500|23.22|23.22|17.43|18.95|17.43|7|-1.52|-0.0802|38|202|1|20|-0.6795|0.0124|-0.0079|-2.5775|0.0480||19.10|13|16.75|16
GME211203C00200000|1.75|2.33|0.57|1.69|0.84|8|-0.85|-0.5030|381|1051|2|2671|0.4649|0.0060|0.0694|-0.3381|0.2352||0.88|11|0.78|4
GME211203P00200000|17.55|26.85|16.00|22.15|21.05|8|-1.10|-0.0497|-71|998|16|339|-0.8903|0.0133|-0.0099|-0.6619|0.0252||21.40|16|19.25|13
GME211203C00202500|2.00|2.00|0.50|1.48|0.90|9|-0.58|-0.3919|35|281|2|493|0.1179|0.0120|0.0011|-0.8129|0.0265||0.80|39|0.63|27
GME211203P00202500|20.05|22.46|20.05|21.91|22.46|9|0.55|0.0251|-27|184|20|44|-0.4584|0.0037|-0.1484|-0.5416|0.2348||23.65|20|21.75|13
GME211203C00205000|1.17|1.68|0.48|1.34|0.64|10|-0.70|-0.5224|206|834|1|667|0.1025|0.0105|0.0010|-0.7640|0.0240||0.71|25|0.59|5
GME211203P00205000|22.06|31.10|22.06|28.45|24.56|10|-3.89|-0.1367|-4|484|98|168|-0.9243|0.0094|-0.0105|-0.5418|0.0191||26.15|22|23.05|52
GME211203C00207500|1.29|1.35|0.46|1.10|0.63|11|-0.47|-0.4273|-5|400|1|195|0.0924|0.0092|0.0009|-0.7422|0.0222||0.68|24|0.53|11
GME211203P00207500|23.40|31.50|23.40|20.90|25.68|11|4.78|0.2287|-2|35|1|4|-0.6993|0.0089|-0.0088|-3.4047|0.0467||28.65|11|24.80|45
GME211203C00210000|1.01|1.24|0.40|1.11|0.54|12|-0.57|-0.5135|79|939|2|753|0.0845|0.0083|0.0008|-0.7251|0.0208||0.54|1|0.50|3
GME211203P00210000|28.16|35.15|27.06|30.40|29.33|12|-1.07|-0.0352|1|385|15|49|-0.8406|0.0096|-0.0100|-1.5263|0.0325||31.10|24|27.30|82
GME211203C00212500|0.95|1.05|0.38|0.92|0.50|13|-0.42|-0.4565|119|297|10|154|0.4641|0.0045|0.0643|-0.4453|0.2352||0.57|33|0.43|24
GME211203P00212500|33.40|33.40|33.40|34.12|33.40|13|-0.72|-0.0211|-1|67|2|2|-0.8825|0.0085|-0.0105|-1.1365|0.0264||33.60|11|29.80|43
GME211203C00215000|0.81|1.00|0.36|0.87|0.51|14|-0.36|-0.4138|21|792|1|243|0.0690|0.0066|0.0007|-0.6711|0.0178||0.52|1|0.40|20
GME211203P00215000|31.50|35.35|31.50|34.35|31.97|14|-2.38|-0.0693|-1|226|1|26|-0.8014|0.0084|-0.0100|-2.3099|0.0374||36.05|12|32.30|64
GME211203C00217500|0.70|0.70|0.38|0.71|0.44|15|-0.27|-0.3803|-7|183|1|21|0.0608|0.0058|0.0006|-0.6228|0.0161||0.50|14|0.38|12
GME211203P00217500|38.35|38.35|38.35|30.09|38.35|15|8.26|0.2745|0|74|2|2|-0.8671|0.0077|-0.0107|-1.4969|0.0288||38.55|12|34.60|49
GME211203C00220000|0.77|0.81|0.35|0.77|0.43|16|-0.34|-0.4416|-11|1378|2|416|0.0575|0.0053|0.0005|-0.6211|0.0154||0.40|2|0.35|15
GME211203P00220000|35.30|44.52|35.30|40.00|40.13|16|0.13|0.0033|1|213|1|18|-0.8659|0.0073|-0.0108|-1.6021|0.0290||41.00|12|37.10|65
GME211203C00222500|0.66|0.73|0.32|0.57|0.43|17|-0.14|-0.2456|-15|181|1|25|0.4598|0.0040|0.0613|-0.5058|0.2349||0.44|21|0.33|12
GME211203P00222500|47.10|47.10|45.85|34.99|45.85|17|10.86|0.3104|0|51|2|6|-0.7935|0.0071|-0.0104|-2.8631|0.0382||43.50|12|39.60|12
GME211203C00225000|0.71|0.72|0.32|0.71|0.41|18|-0.30|-0.4225|-80|656|1|146|0.0516|0.0046|0.0005|-0.6146|0.0142||0.42|20|0.32|6
GME211203P00225000||||45.20|45.20|18|0.00|0.0000|-3|125|0|0|-0.9078|0.0059|-0.0115|-1.1566|0.0222||45.95|10|41.55|66
GME211203C00227500|0.50|0.70|0.46|0.77|0.50|19|-0.27|-0.3506|3|97|2|27|0.0569|0.0046|0.0005|-0.7152|0.0153||0.35|1|0.30|6
GME211203P00227500|53.85|53.85|45.47|33.03|45.48|19|12.45|0.3769|0|26|1|5|-0.8995|0.0058|-0.0115|-1.3354|0.0236||48.45|9|44.05|30
GME211203C00230000|0.54|0.63|0.27|0.62|0.37|20|-0.25|-0.4032|192|927|1|301|0.0450|0.0039|0.0004|-0.5826|0.0127||0.37|31|0.28|8
GME211203P00230000|47.50|56.35|46.57|45.00|49.84|20|4.84|0.1076|-3|67|1|8|-0.9312|0.0048|-0.0120|-0.9187|0.0178||50.95|12|46.50|22
GME211203C00232500|0.48|0.48|0.32|0.57|0.32|21|-0.25|-0.4386|-8|93|10|19|0.0395|0.0034|0.0004|-0.5292|0.0114||0.36|22|0.25|25
GME211203P00232500|49.07|52.32|49.07|46.88|52.32|21|5.44|0.1160|-1|34|1|2|-0.9334|0.0045|-0.0121|-0.9240|0.0173||53.45|12|49.00|25
GME211203C00235000|0.33|0.60|0.23|0.54|0.26|22|-0.28|-0.5185|-1|331|1|128|0.0359|0.0031|0.0003|-0.4978|0.0106||0.31|2|0.25|11
GME211203P00235000|51.57|61.30|50.00|54.89|53.70|22|-1.19|-0.0217|-6|371|1|57|-0.9228|0.0046|-0.0122|-1.1295|0.0194||55.95|22|51.50|63
GME211203C00237500|0.42|0.42|0.25|0.52|0.25|23|-0.27|-0.5192|0|115|11|23|0.0314|0.0028|0.0003|-0.4495|0.0095||0.31|14|0.21|20
GME211203P00237500|54.06|63.79|52.54|57.38|56.20|23|-1.18|-0.0206|-6|284|1|46|-0.9242|0.0044|-0.0123|-1.1494|0.0191||58.45|13|54.00|23
GME211203C00240000|0.50|0.60|0.23|0.50|0.24|24|-0.26|-0.5200|1|592|2|238|0.0298|0.0026|0.0003|-0.4408|0.0091||0.30|14|0.21|8
GME211203P00240000|54.95|66.50|54.95|57.50|60.48|24|2.98|0.0518|-1|101|1|10|-0.9078|0.0046|-0.0123|-1.4781|0.0222||60.80|11|56.40|69
GME211203C00245000|0.47|0.47|0.19|0.44|0.25|25|-0.19|-0.4318|-31|414|96|230|0.0306|0.0025|0.0003|-0.4852|0.0093||0.25|2|0.20|2
GME211203P00245000|60.55|60.55|60.55|62.45|60.55|25|-1.90|-0.0304|-1|68|1|1|-0.6026|0.0038|-0.2078|-0.5007|0.2283||65.80|11|61.40|22
GME211203C00250000|0.25|0.45|0.17|0.41|0.23|26|-0.18|-0.4390|-50|3342|1|1762|0.0260|0.0021|0.0002|-0.4353|0.0081||0.18|10|0.17|2
GME211203P00250000|71.49|74.50|67.82|65.43|70.43|26|5.00|0.0764|-9|123|1|7|-0.9158|0.0039|-0.0129|-1.5185|0.0207||70.80|15|66.35|25
GME211203C00260000|0.23|0.34|0.13|0.37|0.19|27|-0.18|-0.4865|10|714|16|254|0.0206|0.0016|0.0002|-0.3825|0.0067||0.16|2|0.12|7
GME211203P00260000||||75.00|75.00|27|0.00|0.0000|-1|6|0|0|-0.9696|0.0021|-0.0140|-0.5719|0.0092||80.80|10|76.35|14
GME211203C00270000|0.22|0.34|0.14|0.26|0.14|28|-0.12|-0.4615|-1|587|10|291|0.0154|0.0012|0.0001|-0.3108|0.0052||0.16|12|0.09|8
GME211203P00270000|85.99|86.50|85.99|90.50|86.50|28|-4.00|-0.0442|4|21|2|4|-0.9803|0.0014|-0.0146|-0.4004|0.0064||90.80|11|86.35|15
GME211203C00280000|0.22|0.30|0.10|0.25|0.11|29|-0.14|-0.5600|-8|572|1|84|0.0119|0.0009|0.0001|-0.2601|0.0042||0.12|7|0.10|2
GME211203P00280000||||95.00|95.00|29|0.00|0.0000|-3|10|0|0|-0.9729|0.0016|-0.0151|-0.6057|0.0084||101.00|12|96.40|13
GME211203C00290000|0.27|0.27|0.09|0.25|0.09|30|-0.16|-0.6400|200|502|1|24|0.0096|0.0007|0.0001|-0.2248|0.0034||0.09|1|0.08|1
GME211203P00290000||||||30||||0|0|0|-1.0000|0.0000|-0.3098|0.0009|0.0000||111.00|12|106.45|14
GME211203C00300000|0.17|0.22|0.06|0.17|0.07|31|-0.10|-0.5882|16|2195|2|390|0.0075|0.0006|0.0001|-0.1871|0.0028||0.09|6|0.05|8
GME211203P00300000||||111.10|111.10|31|0.00|0.0000|-1|2|0|0|-0.9927|0.0006|-0.0164|-0.1800|0.0027||120.90|13|116.50|13
GME211203C00310000|0.11|0.13|0.09|0.20|0.09|32|-0.11|-0.5500|-10|344|1|4|0.0086|0.0006|0.0001|-0.2283|0.0031||0.07|4|0.04|6
GME211203P00310000||||71.90|71.90|32|0.00|0.0000|0|4|0|0|-0.8672|0.0029|-0.3100|-0.2024|0.1270||130.95|13|126.50|13
GME211203C00320000|0.10|0.12|0.04|0.17|0.04|33|-0.13|-0.7647|100|389|1|6|0.0044|0.0003|0.0000|-0.1211|0.0017||0.07|4|0.04|1
GME211203P00320000||||||33||||0|0|0|-1.0000|0.0000|-0.0175|0.0010|0.0000||140.80|11|136.65|13
GME211203C00330000|0.08|0.08|0.03|0.11|0.03|34|-0.08|-0.7273|68|348|9|29|0.0032|0.0003|0.0000|-0.0944|0.0013||0.06|1|0.03|7
GME211203P00330000||||127.27|127.27|34|0.00|0.0000|0|2|0|0|-0.9968|0.0003|-0.0181|-0.0924|0.0013||150.80|11|146.60|15
GME211203C00340000|0.08|0.08|0.07|0.11|0.07|35|-0.04|-0.3636|21|135|1|3|0.0062|0.0004|0.0001|-0.1908|0.0024||0.06|1|0.02|10
GME211203P00340000||||134.20|134.20|35|0.00|0.0000|0|1|0|0|-0.9989|0.0001|-0.0186|-0.0315|0.0005||160.75|10|156.65|13
GME211203C00350000|0.09|0.09|0.03|0.10|0.04|36|-0.06|-0.6000|226|1237|1|33|0.0038|0.0003|0.0000|-0.1221|0.0015||0.05|2|0.04|1
GME211203P00350000||||136.35|136.35|36|0.00|0.0000|0|3|0|0|-0.9987|0.0001|-0.0192|-0.0385|0.0006||170.80|11|166.65|13
GME211203C00360000||||0.09|0.09|37|0.00|0.0000|-2|159|0|0|0.0071|0.0004|0.0001|-0.2367|0.0026||0.07|15|0.01|17
GME211203P00360000||||||37||||0|0|0|-1.0000|0.0000|-0.0197|0.0011|0.0000||180.80|11|176.70|8
GME211203C00370000|0.02|0.02|0.02|0.05|0.02|38|-0.03|-0.6000|-2|88|1|1|0.0020|0.0001|0.0000|-0.0696|0.0009||0.07|10|0.01|13
GME211203P00370000||||136.05|136.05|38|0.00|0.0000|0|1|0|0|-0.9998|0.0000|-0.0203|-0.0058|0.0001||190.85|13|186.70|7
GME211203C00380000|0.06|0.06|0.04|0.10|0.04|39|-0.06|-0.6000|15|101|1|2|0.0035|0.0002|0.0000|-0.1242|0.0014||0.07|5|0.01|1
GME211203P00380000||||170.35|170.35|39|0.00|0.0000|0|0|0|0|-0.9977|0.0002|-0.0208|-0.0798|0.0010||200.80|11|196.70|7
GME211203C00390000|0.02|0.02|0.02|0.09|0.02|40|-0.07|-0.7778|9|91|2|2|0.0019|0.0001|0.0000|-0.0697|0.0008||0.04|1|0.03|3
GME211203P00390000||||||40||||0|0|0|-1.0000|0.0000|-0.0214|0.0012|0.0000||211.15|11|206.70|5
GME211203C00400000|0.04|0.06|0.01|0.07|0.01|41|-0.06|-0.8571|-34|2449|1|47|0.0010|0.0001|0.0000|-0.0391|0.0005||0.03|1|0.01|11
GME211203P00400000||||215.38|215.38|41|0.00|0.0000|-10|0|0|0|-0.9999|0.0000|-0.0219|-0.0011|0.0000||220.80|12|216.70|8
GME211203C00410000|0.05|0.05|0.02|0.05|0.03|42|-0.02|-0.4000|-2|1055|5|43|0.0026|0.0002|0.0000|-0.0999|0.0011||0.04|1|0.00|0
GME211203P00410000||||||42||||0|0|0|-1.0000|0.0000|-0.4380|0.0013|0.0000||231.15|12|226.70|5
GME211203C00420000|0.04|0.04|0.01|0.05|0.01|43|-0.04|-0.8000|7|231|9|14|0.0009|0.0001|0.0000|-0.0371|0.0004||0.06|1|0.01|1
GME211203P00420000||||||43||||0|0|0|-1.0000|0.0000|-0.0230|0.0013|0.0000||242.20|10|236.70|6
GME211203C00430000||||0.03|0.03|44|0.00|0.0000|21|70|0|0|0.0024|0.0001|0.0000|-0.0987|0.0010||0.34|1|0.01|6
GME211203P00430000||||||44||||0|0|0|-1.0000|0.0000|-0.0236|0.0013|0.0000||251.40|4|246.70|5
GME211203C00440000|0.08|0.08|0.08|0.05|0.08|45|0.03|0.6000|1|70|1|1|0.0053|0.0003|0.0000|-0.2231|0.0020||0.07|1|0.01|11
GME211203P00440000||||||45||||0|0|0|-1.0000|0.0000|-0.0241|0.0014|0.0000||262.15|4|256.70|6
GME211203C00450000|0.02|0.02|0.01|0.03|0.01|46|-0.02|-0.6667|5|483|9|15|0.0009|0.0001|0.0000|-0.0386|0.0004||0.11|1|0.01|15
GME211203P00450000||||||46||||0|0|0|-1.0000|0.0000|-0.0247|0.0014|0.0000||271.55|4|266.70|7
GME211203C00460000|0.11|0.11|0.01|0.02|0.01|47|-0.01|-0.5000|-1|59|1|7|0.0009|0.0001|0.0000|-0.0407|0.0004||0.05|1|0.01|1
GME211203P00460000||||||47||||0|0|0|-1.0000|0.0000|-0.0252|0.0014|0.0000||281.65|4|276.70|8
GME211203C00470000|0.01|0.01|0.01|0.07|0.01|48|-0.06|-0.8571|-57|191|9|9|0.0009|0.0001|0.0000|-0.0407|0.0004||0.05|1|0.00|0
GME211203P00470000||||||48||||0|0|0|-1.0000|0.0000|-0.0258|0.0014|0.0000||291.55|4|286.70|7
GME211203C00480000|0.05|0.06|0.05|0.04|0.06|49|0.02|0.5000|1|91|1|2|0.0039|0.0002|0.0000|-0.1808|0.0016||0.10|1|0.00|0
GME211203P00480000||||||49||||0|0|0|-1.0000|0.0000|-0.5128|0.0015|0.0000||301.50|4|296.70|7
GME211203C00490000||||0.06|0.06|50|0.00|0.0000|16|250|0|0|0.0038|0.0002|0.0000|-0.1793|0.0015||0.04|1|0.01|1
GME211203P00490000||||||50||||0|0|0|-1.0000|0.0000|-0.5235|0.0015|0.0000||312.35|12|306.70|4
GME211203C00500000|0.05|0.05|0.01|0.05|0.03|51|-0.02|-0.4000|1|1370|1|22|0.0021|0.0001|0.0000|-0.1007|0.0009||0.03|4|0.01|4
GME211203P00500000||||||51||||0|0|0|-1.0000|0.0000|-0.0274|0.0015|0.0000||322.15|3|316.70|4
GME211203C00510000|0.04|0.10|0.01|0.05|0.01|52|-0.04|-0.8000|217|5698|1|583|0.0008|0.0000|0.0000|-0.0398|0.0004||0.02|17|0.01|10
GME211203P00510000||||||52||||0|0|0|-1.0000|0.0000|-0.0279|0.0016|0.0000||332.35|12|326.70|12
GME211210C00100000||||86.01|86.01|14|0.00|0.0000|0|1|0|0|0.8641|0.0010|0.0561|-0.5314|0.1403||82.95|13|79.70|12
GME211210P00100000|0.57|0.79|0.34|0.57|0.50|14|-0.07|-0.1228|65|210|7|75|-0.0186|0.0008|-0.0009|-0.1412|0.0130||0.60|12|0.50|4
GME211210C00110000||||76.13|76.13|13|0.00|0.0000|0|2|0|0|0.8990|0.0020|0.0213|-0.8571|0.0503||73.20|13|69.40|3
GME211210P00110000|0.85|0.85|0.64|0.71|0.68|13|-0.03|-0.0423|50|206|10|20|-0.0277|0.0013|-0.0014|-0.1801|0.0181||0.87|17|0.44|119
GME211210C00120000||||76.03|76.03|12|0.00|0.0000|0|1|0|0|0.8300|0.0021|0.0182|-1.6745|0.0719||63.55|8|59.45|3
GME211210P00120000|0.60|1.31|0.60|0.95|1.00|12|0.05|0.0526|2|96|4|178|-0.0449|0.0020|-0.0022|-0.2509|0.0269||1.13|23|0.82|32
GME211210C00130000||||||11||||0|0|0|1.0000|0.0000|0.0321|-0.0004|0.0000||54.10|26|50.30|12
GME211210P00130000|1.30|2.00|1.00|1.50|1.45|11|-0.05|-0.0333|20|431|1|82|-0.0627|0.0029|-0.0031|-0.2903|0.0351||1.61|12|1.27|46
GME211210C00140000||||56.44|56.44|10|0.00|0.0000|0|29|0|0|0.7762|0.0032|0.0207|-1.5338|0.0850||44.85|16|41.45|12
GME211210P00140000|2.30|3.20|1.75|2.49|2.42|10|-0.07|-0.0281|47|299|2|308|-0.1035|0.0044|-0.0052|-0.4051|0.0512||2.42|10|2.07|10
GME211210C00145000||||||9|||||0|0|1.0000|0.0000|0.0358|-0.0005|0.0000||40.40|15|36.95|12
GME211210P00145000|2.60|3.60|2.60|2.60|2.91|9|0.31|0.1192|||1|17|-0.1270|0.0053|-0.0063|-0.4500|0.0592||3.00|1|2.61|18
GME211210C00150000|37.50|37.50|34.20|47.05|34.20|8|-12.85|-0.2731|0|19|1|2|0.8468|0.0064|0.0293|-0.4867|0.0672||36.15|16|33.00|12
GME211210P00150000|3.00|5.00|2.81|3.70|3.75|8|0.05|0.0135|51|220|2|497|-0.1647|0.0063|-0.0083|-0.5415|0.0705||4.00|20|3.40|17
GME211210C00155000||||58.70|58.70|7|0.00|0.0000|0|45|0|0|0.7154|0.0027|0.0174|-2.3332|0.0965||32.05|21|29.20|12
GME211210P00155000|4.95|6.40|4.10|4.95|4.55|7|-0.40|-0.0808|94|195|1|76|-0.1847|0.0076|-0.0092|-0.5211|0.0758||5.05|20|4.25|54
GME211210C00160000||||29.75|29.75|6|0.00|0.0000|0|204|0|0|0.7283|0.0071|0.0251|-0.8633|0.0943||28.20|20|25.55|12
GME211210P00160000|5.00|8.20|5.00|6.00|6.00|6|0.00|0.0000|153|386|1|226|-0.2426|0.0083|-0.0123|-0.6552|0.0889||6.30|11|5.20|78
GME211210C00165000|21.75|21.75|21.75|23.22|21.75|5|-1.47|-0.0633|2|2|1|1|0.7284|0.0102|0.0271|-0.5989|0.0943||24.60|19|22.15|16
GME211210P00165000|7.65|10.05|6.48|7.75|7.35|5|-0.40|-0.0516|18|320|16|119|-0.3330|0.0045|-0.1050|-0.3176|0.2336||7.90|27|6.60|95
GME211210C00170000|24.00|24.00|17.52|20.07|20.30|4|0.23|0.0115|11|16|1|19|0.6459|0.0042|0.0971|-0.3598|0.2391||21.40|23|19.10|14
GME211210P00170000|8.54|12.29|7.15|8.90|8.52|4|-0.38|-0.0427|-2|360|1|295|-0.3362|0.0102|-0.0172|-0.7224|0.1038||9.90|40|8.65|47
GME211210C00175000|19.14|19.20|13.80|18.40|17.73|3|-0.67|-0.0364|7|25|20|68|0.6038|0.0092|0.0221|-0.8961|0.1096||18.35|31|16.30|21
GME211210P00175000|9.55|15.25|9.50|11.66|10.85|3|-0.81|-0.0695|117|418|1|393|-0.3914|0.0113|-0.0201|-0.7239|0.1092||12.05|37|10.35|77
GME211210C00177500|16.27|16.27|15.85|16.27|15.85|2|-0.42|-0.0258|||10|27|0.5795|0.0099|0.0216|-0.8623|0.1112||16.65|20|15.05|17
GME211210P00177500|11.31|16.03|11.00|11.31|12.55|2|1.24|0.1096|||7|252|-0.3925|0.0046|-0.1283|-0.3460|0.2471||13.20|30|11.40|80
GME211210C00180000|14.20|18.25|11.72|14.75|15.20|1|0.45|0.0305|58|79|1|352|0.5515|0.0110|0.0210|-0.7914|0.1125||15.20|15|13.95|10
GME211210P00180000|13.00|17.50|11.63|14.30|13.80|1|-0.50|-0.0350|117|606|1|433|-0.4498|0.0116|-0.0233|-0.7525|0.1125||14.50|17|13.25|12
GME211210C00182500|15.85|15.85|10.82|15.85|13.50|1|-2.35|-0.1483|||6|81|0.5214|0.0116|0.0201|-0.7618|0.1133||14.55|48|12.75|14
GME211210P00182500|14.38|19.00|14.17|14.38|15.15|1|0.77|0.0535|||6|211|-0.4869|0.0136|-0.0248|-0.6507|0.1134||15.85|34|13.95|56
GME211210C00185000|15.95|15.95|9.20|12.60|12.45|2|-0.15|-0.0119|53|108|2|103|0.5760|0.0046|0.0907|-0.3651|0.2518||13.40|52|11.70|16
GME211210P00185000|14.53|20.50|14.50|17.01|16.60|2|-0.41|-0.0241|61|358|6|143|-0.4905|0.0095|-0.0266|-0.9318|0.1134||17.35|30|15.35|55
GME211210C00187500|15.35|15.35|9.15|11.00|11.47|3|0.47|0.0427|9|19|5|77|0.5725|0.0043|0.0884|-0.3890|0.2522||12.40|59|10.70|11
GME211210P00187500|16.10|18.90|16.10|15.45|18.15|3|2.70|0.1748|45|127|1|134|-0.5403|0.0121|-0.0283|-0.7246|0.1129||18.90|28|16.75|48
GME211210C00190000|12.50|13.20|8.50|10.75|9.80|4|-0.95|-0.0884|10|96|1|181|0.4426|0.0111|0.0172|-0.7778|0.1123||11.35|52|9.80|12
GME211210P00190000|20.96|23.00|17.84|21.52|19.75|4|-1.77|-0.0822|50|428|6|96|-0.5492|0.0104|-0.0296|-0.8370|0.1126||20.40|23|18.35|48
GME211210C00192500|11.15|11.65|7.78|9.50|9.65|5|0.15|0.0158|33|65|1|55|0.5386|0.0048|0.0869|-0.3594|0.2552||10.00|22|8.80|23
GME211210P00192500|18.46|21.45|18.46|22.09|21.35|5|-0.74|-0.0335|14|86|5|60|-0.5819|0.0108|-0.0312|-0.7834|0.1110||22.10|24|19.95|33
GME211210C00195000|10.22|11.43|7.00|9.70|9.10|6|-0.60|-0.0619|76|134|1|218|0.4138|0.0096|0.0159|-0.8744|0.1109||9.15|12|8.15|14
GME211210P00195000|20.40|23.92|20.40|22.97|23.05|6|0.08|0.0035|41|190|5|126|-0.5890|0.0097|-0.0323|-0.8638|0.1106||23.75|16|22.00|27
GME211210C00197500|8.80|9.30|7.50|9.50|8.15|7|-1.35|-0.1421|10|46|14|42|0.3708|0.0104|0.0145|-0.7664|0.1074||8.85|55|7.45|28
GME211210P00197500|24.85|24.85|24.85|19.25|24.85|7|5.60|0.2909|27|104|5|10|-0.7625|0.0152|-0.0388|-0.3497|0.0879||25.70|18|23.35|27
GME211210C00200000|8.80|10.00|6.00|7.80|7.25|8|-0.55|-0.0705|82|634|1|278|0.3607|0.0096|0.0140|-0.8072|0.1064||7.45|4|7.00|12
GME211210P00200000|25.18|31.28|24.10|27.05|28.01|8|0.96|0.0355|-20|659|10|40|-0.4810|0.0044|-0.1696|-0.3885|0.2562||27.45|17|25.20|21
GME211210C00202500|8.75|8.75|6.10|7.25|8.00|9|0.75|0.1034|3|67|1|22|0.3269|0.0098|0.0128|-0.7377|0.1026||7.10|19|6.30|13
GME211210P00202500|27.95|27.95|27.95|26.32|27.95|9|1.63|0.0619|15|48|1|1|-0.6859|0.0102|-0.0375|-0.6835|0.1009||29.35|15|27.05|21
GME211210C00205000|7.30|7.44|5.28|6.79|6.70|10|-0.09|-0.0133|26|159|1|43|0.3302|0.0089|0.0128|-0.8197|0.1030||6.75|27|5.80|28
GME211210P00205000|27.42|32.21|26.88|31.25|29.65|10|-1.60|-0.0512|2|177|1|9|-0.7360|0.0104|-0.0399|-0.5682|0.0929||31.40|16|29.05|19
GME211210C00207500|5.55|7.35|5.10|5.55|5.49|11|-0.06|-0.0108|4|68|1|15|0.2963|0.0090|0.0117|-0.7362|0.0984||6.25|26|5.25|19
GME211210P00207500|29.52|32.00|29.52|28.58|31.10|11|2.52|0.0882|-5|18|1|3|-0.7462|0.0098|-0.0410|-0.5822|0.0911||33.40|12|30.95|19
GME211210C00210000|7.00|7.00|4.50|5.82|5.20|12|-0.62|-0.1065|10|309|1|61|0.2777|0.0087|0.0109|-0.7183|0.0953||5.50|1|4.95|15
GME211210P00210000|34.85|38.38|34.47|36.62|34.54|12|-2.08|-0.0568|-4|105|2|20|-0.7337|0.0089|-0.0412|-0.6738|0.0934||35.90|12|33.05|19
GME211210C00212500|6.00|6.00|4.40|5.55|4.85|13|-0.70|-0.1261|54|83|1|33|0.2596|0.0084|0.0103|-0.6927|0.0922||5.15|13|4.55|13
GME211210P00212500|33.64|37.87|33.64|32.63|37.87|13|5.24|0.1606|-1|38|2|3|-0.5213|0.0043|-0.1915|-0.4030|0.2561||38.40|18|35.15|19
GME211210C00215000|3.95|5.75|3.95|5.09|4.95|14|-0.14|-0.0275|6|165|1|38|0.2374|0.0081|0.0094|-0.6516|0.0879||5.00|40|4.15|16
GME211210P00215000|42.73|42.73|37.79|40.77|37.79|14|-2.98|-0.0731|-4|34|1|2|-0.8239|0.0084|-0.0458|-0.4399|0.0736||39.80|12|37.25|19
GME211210C00217500|5.45|5.45|4.28|5.55|4.50|15|-1.05|-0.1892|3|30|1|4|0.2335|0.0077|0.0092|-0.6742|0.0871||4.90|50|3.85|19
GME211210P00217500|42.22|42.22|42.15|28.08|42.15|15|14.07|0.5011|0|25|1|3|-0.7476|0.0075|-0.0438|-0.7508|0.0908||42.30|12|39.40|19
GME211210C00220000|5.00|5.35|3.57|4.80|3.80|16|-1.00|-0.2083|47|401|1|240|0.2096|0.0075|0.0083|-0.6169|0.0819||4.20|4|3.65|8
GME211210P00220000|39.30|42.63|39.30|42.99|42.22|16|-0.77|-0.0179|0|155|1|3|-0.8131|0.0075|-0.0467|-0.5304|0.0764||44.75|12|41.60|18
GME211210C00222500|4.55|4.55|3.50|4.14|3.75|17|-0.39|-0.0942|5|63|11|43|0.2032|0.0071|0.0081|-0.6232|0.0804||4.15|31|3.45|10
GME211210P00222500|46.47|46.97|46.47|33.35|46.97|17|13.62|0.4084|0|45|6|10|-0.7631|0.0069|-0.0456|-0.7617|0.0878||46.65|4|43.85|16
GME211210C00225000|4.28|4.60|3.20|4.05|3.55|18|-0.50|-0.1235|16|334|1|33|0.2105|0.0068|0.0083|-0.6824|0.0821||3.85|36|3.20|18
GME211210P00225000|47.35|47.35|47.35|47.49|47.35|18|-0.14|-0.0029|2|461|1|1|-0.8181|0.0068|-0.0482|-0.5672|0.0751||49.10|12|46.05|16
GME211210C00227500|4.25|4.25|3.22|3.65|3.35|19|-0.30|-0.0822|2|23|1|5|0.1831|0.0065|0.0073|-0.5994|0.0754||3.80|48|3.00|16
GME211210P00227500||||34.06|34.06|19|0.00|0.0000|0|35|0|0|-0.8288|0.0065|-0.2517|-0.1073|0.1634||51.55|12|48.35|16
GME211210C00230000|4.00|4.05|2.55|3.55|3.15|20|-0.40|-0.1127|9|393|1|62|0.1693|0.0062|0.0067|-0.5680|0.0717||3.35|12|2.87|8
GME211210P00230000||||41.51|41.51|20|0.00|0.0000|-1|38|0|0|-0.8872|0.0058|-0.0521|-0.3525|0.0544||53.95|11|50.65|16
GME211210C00232500|3.60|3.90|2.69|3.00|2.69|21|-0.31|-0.1033|-19|30|1|9|0.1623|0.0060|0.0065|-0.5623|0.0698||3.35|35|2.68|13
GME211210P00232500|56.09|56.09|56.09|49.93|56.09|21|6.16|0.1234|1|11|5|5|-0.7985|0.0060|-0.0495|-0.7317|0.0800||56.35|11|52.95|16
GME211210C00235000|3.40|3.55|2.49|3.15|2.74|22|-0.41|-0.1302|-30|902|3|40|0.1537|0.0057|0.0061|-0.5473|0.0674||3.10|17|2.58|14
GME211210P00235000|57.29|58.42|57.29|45.86|58.42|22|12.56|0.2739|0|36|5|6|-0.8054|0.0058|-0.0504|-0.7267|0.0783||58.60|10|55.25|12
GME211210C00237500|2.69|2.69|2.69|2.90|2.69|23|-0.21|-0.0724|0|18|1|3|0.1498|0.0055|0.0060|-0.5503|0.0663||3.00|22|2.37|19
GME211210P00237500||||48.03|48.03|23|0.00|0.0000|1|25|0|0|-0.9139|0.0047|-0.0550|-0.2933|0.0447||61.35|13|57.60|13
GME211210C00240000|2.82|3.60|2.47|2.84|2.92|24|0.08|0.0282|20|330|3|107|0.1417|0.0052|0.0056|-0.5334|0.0639||2.90|49|2.30|20
GME211210P00240000|58.15|58.15|58.15|45.67|58.15|24|12.48|0.2733|0|33|1|1|-0.8910|0.0049|-0.0548|-0.3954|0.0531||63.45|10|59.95|12
GME211210C00245000|3.23|3.23|2.20|2.56|2.22|25|-0.34|-0.1328|4|172|1|11|0.1272|0.0048|0.0051|-0.5022|0.0593||2.50|14|2.06|20
GME211210P00245000||||50.19|50.19|25|0.00|0.0000|0|23|0|0|-0.9862|0.0015|-0.0598|-0.0466|0.0101||68.10|12|64.60|12
GME211210C00250000|3.15|3.20|1.90|2.35|2.00|26|-0.35|-0.1489|-1|2190|8|286|0.1199|0.0044|0.0048|-0.4992|0.0568||2.25|11|1.99|7
GME211210P00250000||||60.35|60.35|26|0.00|0.0000|1|15|0|0|-0.9759|0.0020|-0.0606|-0.0886|0.0161||72.90|12|69.40|13
GME211210C00255000|2.37|2.37|1.80|2.20|2.00|27|-0.20|-0.0909|12|65|2|19|0.1111|0.0041|0.0044|-0.4839|0.0538||2.17|19|1.79|7
GME211210P00255000||||40.40|40.40|27|0.00|0.0000|0|5|0|0|-0.9986|0.0002|-0.0628|-0.0044|0.0013||77.90|20|74.20|10
GME211210C00260000|3.10|3.10|1.65|2.20|1.73|28|-0.47|-0.2136|-16|936|2|101|0.1023|0.0038|0.0041|-0.4641|0.0508||1.95|19|1.74|10
GME211210P00260000||||69.85|69.85|28|0.00|0.0000|1|22|0|0|-0.9760|0.0018|-0.0631|-0.0989|0.0161||82.90|12|79.05|12
GME211210C00270000|2.00|2.02|1.48|1.82|1.50|29|-0.32|-0.1758|16|220|2|16|0.0907|0.0033|0.0036|-0.4458|0.0464||1.66|16|1.43|18
GME211210P00270000||||75.18|75.18|29|0.00|0.0000|0|14|0|0|-0.9369|0.0028|-0.0640|-0.3009|0.0352||92.50|12|88.75|16
GME211210C00280000|1.83|1.83|1.19|1.50|1.40|30|-0.10|-0.0667|22|226|1|34|0.3561|0.0032|0.0557|-0.4658|0.2396||1.46|25|1.30|11
GME211210P00280000||||84.53|84.53|30|0.00|0.0000|0|1|0|0|-0.9493|0.0023|-0.0670|-0.2589|0.0297||102.50|4|98.55|18
GME211210C00290000|1.45|1.47|1.22|1.49|1.25|31|-0.24|-0.1611|9|150|10|34|0.0694|0.0025|0.0027|-0.3891|0.0379||1.35|41|1.14|25
GME211210P00290000||||82.25|82.25|31|0.00|0.0000|0|7|0|0|-0.9957|0.0004|-0.0713|-0.0213|0.0036||112.50|13|108.35|19
GME211210C00300000|1.28|1.36|1.05|1.24|1.18|32|-0.06|-0.0484|-171|876|1|347|0.0631|0.0023|0.0025|-0.3746|0.0352||1.13|2|1.05|10
GME211210P00300000||||76.00|76.00|32|0.00|0.0000|0|14|0|0|-0.9993|0.0001|-0.0739|-0.0029|0.0007||122.05|11|118.25|19
GME211210C00310000|1.10|1.10|0.95|1.06|0.95|33|-0.11|-0.1038|3|156|1|118|0.0525|0.0020|0.0021|-0.3270|0.0305||1.05|18|0.95|10
GME211210P00310000||||83.61|83.61|33|0.00|0.0000|0|4|0|0|-0.8863|0.0028|-0.3688|-0.1447|0.1238||132.05|12|128.10|12
GME211210C00320000|1.00|1.00|0.90|0.99|0.90|34|-0.09|-0.0909|11|274|5|12|0.0486|0.0018|0.0019|-0.3182|0.0287||1.01|38|0.81|12
GME211210P00320000||||89.47|89.47|34|0.00|0.0000|0|3|0|0|-0.9999|0.0000|-0.0789|0.0005|0.0001||142.05|4|138.05|8
GME211210C00330000|0.89|0.92|0.80|1.05|0.80|35|-0.25|-0.2381|26|263|1|24|0.0432|0.0016|0.0017|-0.2952|0.0261||1.00|81|0.70|38
GME211210P00330000||||||35||||0|0|0|-1.0000|0.0000|-0.0814|0.0011|0.0000||152.40|12|147.95|12
GME211210C00340000|0.80|0.84|0.75|0.87|0.75|36|-0.12|-0.1379|2|88|2|14|0.0399|0.0014|0.0016|-0.2847|0.0245||0.79|16|0.64|5
GME211210P00340000||||||36||||0|0|0|-1.0000|0.0000|-0.0838|0.0011|0.0000||162.30|12|157.90|13
GME211210C00350000|1.05|1.05|0.64|0.76|0.64|37|-0.12|-0.1579|-501|388|1|52|0.0346|0.0013|0.0014|-0.2556|0.0217||0.72|26|0.58|5
GME211210P00350000||||||37||||0|0|0|-1.0000|0.0000|-0.0863|0.0011|0.0000||172.05|2|167.85|13
GME211210C00360000|0.62|0.68|0.61|0.63|0.61|38|-0.02|-0.0317|5|87|1|5|0.0325|0.0012|0.0013|-0.2496|0.0207||0.67|16|0.46|18
GME211210P00360000||||||38||||0|0|0|-1.0000|0.0000|-0.0888|0.0012|0.0000||182.10|4|177.80|13
GME211210C00370000||||0.75|0.75|39|0.00|0.0000|-3|21|0|0|0.0367|0.0012|0.0014|-0.2933|0.0229||0.66|42|0.46|23
GME211210P00370000||||||39||||0|0|0|-1.0000|0.0000|-0.0912|0.0012|0.0000||192.05|12|187.80|12
GME211210C00380000|0.62|0.62|0.54|0.52|0.54|40|0.02|0.0385|6|51|1|4|0.0282|0.0010|0.0011|-0.2312|0.0184||0.62|56|0.37|36
GME211210P00380000||||||40||||0|0|0|-1.0000|0.0000|-0.0937|0.0012|0.0000||202.00|12|197.75|12
GME211210C00390000|0.55|0.55|0.49|0.59|0.49|41|-0.10|-0.1695|3|47|1|5|0.0256|0.0009|0.0010|-0.2162|0.0170||0.50|17|0.36|23
GME211210P00390000||||||41||||0|0|0|-1.0000|0.0000|-0.0962|0.0013|0.0000||211.95|12|207.75|12
GME211210C00400000|0.72|0.72|0.38|0.57|0.38|42|-0.19|-0.3333|-207|426|1|99|0.0208|0.0008|0.0008|-0.1796|0.0142||0.48|25|0.34|9
GME211210P00400000||||||42||||0|0|0|-1.0000|0.0000|-0.5040|0.0013|0.0000||221.90|10|217.70|12
GME211210C00410000|0.49|0.49|0.36|0.38|0.36|43|-0.02|-0.0526|6|52|1|2|0.0196|0.0007|0.0008|-0.1740|0.0135||0.40|3|0.30|22
GME211210P00410000||||||43||||0|0|0|-1.0000|0.0000|-0.1011|0.0013|0.0000||231.75|4|227.70|13
GME211210C00420000|0.50|0.55|0.37|0.42|0.37|44|-0.05|-0.1190|11|169|1|6|0.0196|0.0007|0.0008|-0.1789|0.0135||0.40|11|0.33|4
GME211210P00420000||||||44||||0|0|0|-1.0000|0.0000|-0.1036|0.0014|0.0000||241.60|4|237.70|12
GME211210C00430000|0.34|0.40|0.31|0.38|0.40|45|0.02|0.0526|17|42|1|302|0.2895|0.0022|0.0416|-0.5875|0.2199||0.39|8|0.33|2
GME211210P00430000||||||45||||0|0|0|-1.0000|0.0000|-0.1060|0.0014|0.0000||251.75|3|247.65|8
GME211210C00440000|0.52|0.52|0.32|0.30|0.36|46|0.06|0.2000|0|33|4|38|0.0185|0.0006|0.0007|-0.1774|0.0129||0.39|8|0.15|2
GME211210P00440000||||||46||||0|0|0|-1.0000|0.0000|-0.1085|0.0014|0.0000||261.75|12|257.65|5
GME211210C00450000|0.24|0.37|0.23|0.31|0.37|47|0.06|0.1935|6|98|1|214|0.0184|0.0006|0.0007|-0.1809|0.0128||0.33|11|0.27|3
GME211210P00450000||||||47||||0|0|0|-1.0000|0.0000|-0.1110|0.0015|0.0000||271.75|20|267.65|4
GME211210C00460000|0.30|0.30|0.27|0.27|0.27|48|0.00|0.0000|1|18|1|4|0.0143|0.0005|0.0006|-0.1425|0.0103||0.33|3|0.09|33
GME211210P00460000||||||48||||0|0|0|-1.0000|0.0000|-0.1134|0.0015|0.0000||281.65|3|277.65|5
GME211210C00470000|0.34|0.34|0.34|0.28|0.34|49|0.06|0.2143|3|15|1|1|0.0167|0.0006|0.0007|-0.1712|0.0118||0.32|18|0.07|39
GME211210P00470000||||||49||||0|0|0|-1.0000|0.0000|-0.5922|0.0015|0.0000||291.70|12|287.65|5
GME211210C00480000|0.40|0.40|0.40|0.25|0.40|50|0.15|0.6000|7|32|1|1|0.0187|0.0006|0.0007|-0.1951|0.0130||0.33|16|0.05|80
GME211210P00480000||||||50||||0|0|0|-1.0000|0.0000|-0.1184|0.0016|0.0000||301.60|3|297.60|5
GME211210C00490000|0.30|0.35|0.24|0.40|0.24|51|-0.16|-0.4000|4|91|2|16|0.0124|0.0004|0.0005|-0.1313|0.0091||0.31|16|0.05|35
GME211210P00490000||||||51||||0|0|0|-1.0000|0.0000|-0.1208|0.0016|0.0000||311.65|12|307.60|5
GME211210C00500000|0.38|0.38|0.19|0.38|0.22|52|-0.16|-0.4211|-12|856|1|40|0.0114|0.0004|0.0004|-0.1231|0.0085||0.26|12|0.18|3
GME211210P00500000||||||52||||0|0|0|-1.0000|0.0000|-0.1233|0.0016|0.0000||321.55|3|317.60|5
GME211210C00510000|0.55|0.55|0.11|0.37|0.20|53|-0.17|-0.4595|139|2025|4|252|0.0104|0.0004|0.0004|-0.1146|0.0079||0.24|39|0.18|5
GME211210P00510000||||||53||||0|0|0|-1.0000|0.0000|-0.6426|0.0017|0.0000||331.55|3|327.60|5
GME211217C00080000|94.56|94.56|94.56|110.26|94.56|20|-15.70|-0.1424|0|1|1|1|0.9077|0.0009|0.0224|-0.9090|0.0627||102.75|13|99.35|12
GME211217P00080000|0.47|0.47|0.32|0.30|0.35|20|0.05|0.1667|26|349|3|8|-0.0110|0.0004|-0.0010|-0.0639|0.0110||0.50|28|0.24|18
GME211217C00085000||||95.85|95.85|19|0.00|0.0000|0|1|0|0|0.9717|0.0008|0.0345|-0.1655|0.0246||97.85|5|93.95|12
GME211217P00085000|0.45|0.45|0.42|0.35|0.43|19|0.08|0.2286|1|122|2|5|-0.0136|0.0005|-0.0012|-0.0734|0.0132||0.45|1|0.32|1
GME211217C00090000||||137.00|137.00|18|0.00|0.0000|0|4|0|0|0.9037|0.0005|0.0115|-1.7873|0.0647||92.95|13|89.65|9
GME211217P00090000|0.49|0.53|0.49|0.46|0.53|18|0.07|0.1522|0|66|1|5|-0.0173|0.0007|-0.0016|-0.0875|0.0162||0.67|21|0.40|15
GME211217C00100000|79.94|79.94|79.69|114.96|79.69|17|-35.27|-0.3068|0|49|1|2|0.9989|0.0001|0.0437|-0.0046|0.0014||83.20|15|79.80|8
GME211217P00100000|0.80|0.81|0.50|0.78|0.76|17|-0.02|-0.0256|126|869|6|486|-0.0013|0.0001|-0.0001|-0.0051|0.0017||0.81|18|0.59|42
GME211217C00105000||||66.05|66.05|16|0.00|0.0000|0|1|0|0|0.9978|0.0002|0.0458|-0.0083|0.0027||78.35|7|74.40|12
GME211217P00105000|0.87|0.95|0.86|0.78|0.86|16|0.08|0.1026|-2|89|2|56|-0.0024|0.0002|-0.0002|-0.0084|0.0028||0.98|17|0.71|58
GME211217C00110000||||73.25|73.25|15|0.00|0.0000|0|1|0|0|0.9966|0.0003|0.0479|-0.0116|0.0039||73.50|12|69.60|12
GME211217P00110000|0.89|1.40|0.89|0.82|1.03|15|0.21|0.2561|2|375|100|257|-0.0042|0.0003|-0.0004|-0.0138|0.0047||1.18|17|0.87|43
GME211217C00115000||||112.11|112.11|14|0.00|0.0000|0|2|0|0|0.9944|0.0005|0.0499|-0.0172|0.0061||68.70|7|64.85|4
GME211217P00115000|1.34|1.45|1.34|0.68|1.45|14|0.77|1.1324|0|148|5|17|-0.0075|0.0006|-0.0006|-0.0229|0.0079||1.37|13|1.05|75
GME211217C00120000||||64.15|64.15|13|0.00|0.0000|24|51|0|0|0.9901|0.0008|0.0518|-0.0278|0.0100||64.00|23|60.55|12
GME211217P00120000|1.37|1.55|1.37|1.34|1.45|13|0.11|0.0821|17|153|1|11|-0.0125|0.0009|-0.0011|-0.0352|0.0123||1.65|13|1.27|75
GME211217C00125000||||79.68|79.68|12|0.00|0.0000|0|35|0|0|0.8968|0.0029|0.1493|-0.1042|0.1239||59.30|20|55.65|12
GME211217P00125000|1.55|1.88|1.55|1.56|1.88|12|0.32|0.2051|-4|205|3|6|-0.0217|0.0015|-0.0019|-0.0565|0.0197||2.06|19|1.56|84
GME211217C00130000||||55.70|55.70|11|0.00|0.0000|0|10|0|0|0.8765|0.0034|0.1500|-0.1171|0.1408||54.75|24|51.25|12
GME211217P00130000|1.86|2.65|1.80|2.20|2.21|11|0.01|0.0045|9|195|1|45|-0.0335|0.0022|-0.0029|-0.0805|0.0283||2.52|17|1.93|96
GME211217C00135000||||90.47|90.47|10|0.00|0.0000|0|3|0|0|0.9537|0.0029|0.0552|-0.1017|0.0367||50.25|46|46.75|12
GME211217P00135000|2.62|2.72|2.62|2.75|2.72|10|-0.03|-0.0109|0|140|1|12|-0.0495|0.0030|-0.0043|-0.1093|0.0388||2.99|14|2.42|81
GME211217C00140000|40.15|40.15|40.15|47.75|40.15|9|-7.60|-0.1592|1|146|1|1|0.8270|0.0043|0.1483|-0.1452|0.1765||45.85|47|42.40|12
GME211217P00140000|3.26|4.39|3.00|3.21|3.50|9|0.29|0.0903|11|549|5|320|-0.0723|0.0040|-0.0063|-0.1469|0.0522||3.65|13|3.00|110
GME211217C00145000||||96.94|96.94|8|0.00|0.0000|0|57|0|0|0.9036|0.0051|0.0552|-0.1778|0.0647||41.65|48|38.40|12
GME211217P00145000|4.18|4.18|3.35|4.15|4.02|8|-0.13|-0.0313|16|211|1|26|-0.1036|0.0052|-0.0090|-0.1942|0.0683||4.65|21|3.85|101
GME211217C00150000||||35.85|35.85|7|0.00|0.0000|0|71|0|0|0.8667|0.0064|0.0541|-0.2256|0.0816||37.65|46|34.45|11
GME211217P00150000|4.25|6.92|4.00|5.25|5.25|7|0.00|0.0000|86|1619|1|247|-0.1386|0.0064|-0.0122|-0.2374|0.0838||5.55|14|5.05|14
GME211217C00155000|35.95|35.95|30.10|42.74|30.10|6|-12.64|-0.2957|0|11|1|2|0.7365|0.0054|0.1389|-0.1869|0.2253||33.80|62|31.10|16
GME211217P00155000|4.10|8.13|4.10|6.88|6.54|6|-0.34|-0.0494|13|308|2|26|-0.1789|0.0077|-0.0158|-0.2786|0.0991||6.95|14|6.00|109
GME211217C00160000|25.00|29.27|25.00|38.33|29.27|5|-9.06|-0.2364|-1|97|2|4|0.7792|0.0090|0.0506|-0.3066|0.1125||30.20|68|27.85|17
GME211217P00160000|6.80|10.00|6.40|8.40|7.75|5|-0.65|-0.0774|26|650|19|1061|-0.2264|0.0088|-0.0201|-0.3209|0.1141||8.65|60|7.45|104
GME211217C00165000|24.60|24.60|24.60|34.08|24.60|4|-9.48|-0.2782|0|82|1|1|0.7240|0.0100|0.0477|-0.3505|0.1267||26.90|70|24.65|19
GME211217P00165000|8.60|10.85|8.60|10.05|9.77|4|-0.28|-0.0279|22|307|1|13|-0.2795|0.0098|-0.0251|-0.3615|0.1275||10.40|15|9.20|92
GME211217C00170000||||23.22|23.22|3|0.00|0.0000|-2|117|0|0|0.6665|0.0107|0.0444|-0.3864|0.1379||23.80|70|21.65|41
GME211217P00170000|11.28|14.80|10.85|11.92|11.20|3|-0.72|-0.0604|291|1083|1|120|-0.3357|0.0105|-0.0304|-0.3968|0.1382||12.45|28|11.20|105
GME211217C00175000|21.90|21.90|16.27|21.60|20.50|2|-1.10|-0.0509|-22|188|1|11|0.6066|0.0063|0.1201|-0.2228|0.2654||21.10|86|19.00|58
GME211217P00175000|15.80|16.43|12.98|14.30|14.33|2|0.03|0.0021|18|703|1|27|-0.3921|0.0111|-0.0358|-0.4170|0.1457||14.75|29|13.25|121
GME211217C00180000|21.00|21.00|14.24|17.51|17.98|1|0.47|0.0268|17|465|1|52|0.5499|0.0117|0.0375|-0.4187|0.1501||18.60|90|16.60|53
GME211217P00180000|15.35|20.86|15.00|17.60|16.63|1|-0.97|-0.0551|199|1062|1|42|-0.4495|0.0114|-0.0415|-0.4282|0.1500||17.20|4|15.75|106
GME211217C00185000|17.00|18.25|12.92|16.00|15.00|1|-1.00|-0.0625|13|268|1|31|0.4935|0.0117|0.0340|-0.4243|0.1513||15.85|71|14.60|20
GME211217P00185000|17.32|23.60|17.00|19.85|19.44|1|-0.41|-0.0207|1|269|1|63|-0.4550|0.0063|-0.1593|-0.2355|0.2735||20.45|56|18.30|106
GME211217C00187500|15.87|15.87|15.87|14.09|15.87|2|1.78|0.1263|15|39|1|2|0.5000|0.0083|0.0325|-0.5963|0.1512||15.30|81|13.50|17
GME211217P00187500|20.48|20.48|19.77|21.85|19.77|2|-2.08|-0.0952|15|115|1|2|-0.5066|0.0089|-0.0497|-0.5594|0.1512||21.80|18|19.75|80
GME211217C00190000|15.00|16.15|10.20|13.65|13.83|3|0.18|0.0132|83|239|1|108|0.4364|0.0115|0.0303|-0.4213|0.1493||14.35|102|12.40|70
GME211217P00190000|20.10|26.92|20.10|22.75|22.61|3|-0.14|-0.0062|3|450|1|18|-0.5603|0.0113|-0.0529|-0.4315|0.1495||23.50|52|21.25|115
GME211217C00192500|12.74|12.74|12.50|12.10|12.50|4|0.40|0.0331|20|28|1|2|0.4486|0.0090|0.0299|-0.5455|0.1500||13.45|81|11.65|22
GME211217P00192500||||24.70|24.70|4|0.00|0.0000|7|112|0|0|-0.5572|0.0093|-0.0546|-0.5231|0.1497||25.20|19|22.85|68
GME211217C00195000|13.00|13.35|11.09|11.79|11.09|5|-0.70|-0.0594|18|148|1|8|0.3850|0.0111|0.0269|-0.4132|0.1449||12.65|103|10.75|54
GME211217P00195000|29.90|31.30|23.65|25.08|25.45|5|0.37|0.0148|8|423|1|146|-0.6111|0.0109|-0.0584|-0.4226|0.1453||26.85|26|24.50|105
GME211217C00197500|12.50|13.00|10.39|10.50|11.45|6|0.95|0.0905|33|38|2|48|0.3977|0.0093|0.0270|-0.5025|0.1463||11.85|86|10.25|33
GME211217P00197500||||27.65|27.65|6|0.00|0.0000|1|93|0|0|-0.5947|0.0089|-0.0593|-0.5283|0.1470||28.65|18|26.30|70
GME211217C00200000|11.05|12.80|8.47|10.50|10.00|7|-0.50|-0.0476|134|1099|5|1488|0.3400|0.0104|0.0239|-0.4021|0.1390||10.20|5|9.55|65
GME211217P00200000|28.60|32.77|28.10|28.61|29.13|7|0.52|0.0182|4|1921|8|20|-0.6561|0.0102|-0.0636|-0.4124|0.1395||30.45|21|28.10|94
GME211217C00202500|10.60|10.80|9.79|10.00|9.79|8|-0.21|-0.0210|5|18|1|31|0.4932|0.0048|0.0935|-0.3108|0.2752||10.25|73|8.95|32
GME211217P00202500|30.45|30.45|30.45|24.10|30.45|8|6.35|0.2635|0|116|1|1|-0.7539|0.0118|-0.0708|-0.2617|0.1195||32.25|17|29.90|82
GME211217C00205000|10.00|10.05|7.47|9.40|8.75|9|-0.65|-0.0691|16|57|1|24|0.3553|0.0083|0.0240|-0.5251|0.1413||9.60|85|8.40|39
GME211217P00205000|36.08|36.08|33.98|33.95|33.98|9|0.03|0.0009|6|165|10|11|-0.6174|0.0075|-0.0646|-0.6063|0.1447||34.20|17|31.75|100
GME211217C00207500|10.20|10.20|7.35|9.03|8.90|10|-0.13|-0.0144|12|28|1|8|0.3442|0.0079|0.0232|-0.5359|0.1396||9.10|79|7.85|26
GME211217P00207500||||21.30|21.30|10|0.00|0.0000|0|181|0|0|-0.9453|0.0074|-0.0868|-0.0513|0.0420||36.10|14|33.75|86
GME211217C00210000|10.25|10.25|6.70|9.00|7.70|11|-1.30|-0.1444|323|845|2|46|0.2521|0.0091|0.0179|-0.3501|0.1210||8.40|99|7.35|66
GME211217P00210000|40.00|40.70|37.00|40.00|37.01|11|-2.99|-0.0748|7|226|8|17|-0.7429|0.0090|-0.0738|-0.3595|0.1223||38.50|13|35.70|70
GME211217C00212500|6.50|6.50|6.50|7.88|6.50|12|-1.38|-0.1751|1|22|1|1|0.2759|0.0082|0.0192|-0.4261|0.1268||8.00|89|6.90|32
GME211217P00212500|42.25|42.25|42.25|27.00|42.25|12|15.25|0.5648|0|59|4|4|-0.5092|0.0041|-0.2204|-0.3693|0.2752||40.20|12|37.75|54
GME211217C00215000|8.03|8.03|6.90|7.33|6.90|13|-0.43|-0.0587|3|93|1|5|0.4433|0.0047|0.0853|-0.3107|0.2725||7.65|83|6.45|46
GME211217P00215000|38.00|46.00|38.00|32.68|42.25|13|9.57|0.2928|0|99|1|4|-0.5412|0.0045|-0.2260|-0.3325|0.2738||43.10|15|39.75|61
GME211217C00217500|7.20|7.20|7.20|7.75|7.20|14|-0.55|-0.0710|18|38|1|1|0.2754|0.0073|0.0188|-0.4790|0.1266||7.15|65|6.10|42
GME211217P00217500|47.80|47.80|47.80|34.55|47.80|14|13.25|0.3835|0|23|1|1|-0.6559|0.0063|-0.0730|-0.6765|0.1395||44.35|12|41.90|51
GME211217C00220000|6.89|7.58|5.30|6.70|6.50|15|-0.20|-0.0299|257|1902|1|69|0.3563|0.0058|0.0749|-0.2269|0.2572||6.65|80|5.80|68
GME211217P00220000|46.55|46.55|46.55|42.02|46.55|15|4.53|0.1078|-1|445|1|1|-0.8075|0.0075|-0.0827|-0.3104|0.1037||46.55|12|43.95|83
GME211217C00222500|7.50|7.50|6.60|5.85|6.60|16|0.75|0.1282|1|67|1|4|0.2743|0.0066|0.0185|-0.5257|0.1263||6.40|66|5.50|41
GME211217P00222500|52.45|52.95|48.85|31.45|49.15|16|17.70|0.5628|0|10|2|15|-0.7176|0.0065|-0.0786|-0.5474|0.1281||49.20|14|46.15|34
GME211217C00225000|6.35|6.35|5.50|6.00|5.80|17|-0.20|-0.0333|6|105|1|19|0.2435|0.0066|0.0167|-0.4659|0.1188||6.05|63|5.20|48
GME211217P00225000|48.50|48.50|48.50|32.35|48.50|17|16.15|0.4992|0|31|1|2|-0.7816|0.0067|-0.0834|-0.4027|0.1118||51.05|12|48.35|51
GME211217C00227500|5.60|5.60|5.60|5.85|5.60|18|-0.25|-0.0427|-1|8|1|1|0.2452|0.0063|0.0167|-0.4909|0.1192||5.75|62|5.00|31
GME211217P00227500||||48.05|48.05|18|0.00|0.0000|17|60|0|0|-0.8628|0.0063|-0.0898|-0.2378|0.0832||53.70|17|50.55|48
GME211217C00230000|5.65|6.40|4.85|5.33|5.50|19|0.17|0.0319|-3|431|1|58|0.1383|0.0061|0.0100|-0.2515|0.0837||5.45|61|4.80|34
GME211217P00230000|54.21|54.21|54.21|49.83|54.21|19|4.38|0.0879|-10|63|1|1|-0.8571|0.0061|-0.0906|-0.2605|0.0856||56.35|20|52.75|49
GME211217C00232500|4.50|4.50|4.45|5.20|4.45|20|-0.75|-0.1442|3|80|1|3|0.2050|0.0060|0.0141|-0.4209|0.1077||5.20|57|4.55|24
GME211217P00232500||||53.30|53.30|20|0.00|0.0000|0|19|0|0|-0.9086|0.0052|-0.0952|-0.1624|0.0623||57.75|12|55.00|50
GME211217C00235000|5.70|5.70|5.14|4.79|5.14|21|0.35|0.0731|17|74|1|6|0.2231|0.0057|0.0151|-0.4862|0.1132||5.00|70|4.40|24
GME211217P00235000||||54.70|54.70|21|0.00|0.0000|43|60|0|0|-0.7233|0.0054|-0.2814|-0.1945|0.2309||60.40|12|57.30|52
GME211217C00240000|4.37|4.78|4.21|4.70|4.30|22|-0.40|-0.0851|-4|308|2|77|0.0988|0.0047|0.0072|-0.1996|0.0660||4.55|61|4.05|56
GME211217P00240000|65.50|65.50|65.50|65.23|65.50|22|0.27|0.0041|8|54|1|1|-0.8938|0.0049|-0.0975|-0.2154|0.0695||65.10|12|61.85|47
GME211217C00245000|4.75|4.75|3.95|4.10|3.95|23|-0.15|-0.0366|5|87|1|155|0.1884|0.0051|0.0128|-0.4483|0.1023||4.30|68|3.80|33
GME211217P00245000|71.40|71.40|71.40|56.01|71.40|23|15.39|0.2748|-5|49|2|5|-0.7541|0.0050|-0.0913|-0.6240|0.1194||70.10|20|66.50|52
GME211217C00250000|4.46|4.75|3.45|4.00|3.65|24|-0.35|-0.0875|14|1169|5|117|0.0715|0.0037|0.0052|-0.1590|0.0518||3.90|60|3.50|30
GME211217P00250000||||73.53|73.53|24|0.00|0.0000|-1|56|0|0|-0.9239|0.0038|-0.1041|-0.1692|0.0543||74.65|11|71.15|47
GME211217C00255000|3.60|3.60|3.41|3.60|3.60|25|0.00|0.0000|-1|355|1|6|0.1584|0.0045|0.0108|-0.4074|0.0917||3.70|61|3.30|34
GME211217P00255000||||39.75|39.75|25|0.00|0.0000|0|5|0|0|-0.9986|0.0002|-0.1117|-0.0021|0.0018||79.65|20|75.85|20
GME211217C00260000|3.55|3.85|3.20|3.59|3.40|26|-0.19|-0.0529|30|516|1|36|0.0511|0.0028|0.0037|-0.1235|0.0398||3.60|90|3.05|45
GME211217P00260000|78.20|78.20|78.20|72.05|78.20|26|6.15|0.0854|0|21|1|1|-0.9452|0.0029|-0.1100|-0.1324|0.0421||84.20|10|80.65|46
GME211217C00270000|3.25|3.25|2.85|3.19|2.99|27|-0.20|-0.0627|18|541|1|230|0.0381|0.0022|0.0028|-0.0997|0.0314||3.10|47|2.80|16
GME211217P00270000||||65.35|65.35|27|0.00|0.0000|0|49|0|0|-0.9581|0.0023|-0.1153|-0.1092|0.0339||94.00|12|90.20|49
GME211217C00280000|3.29|3.29|2.57|2.55|2.63|28|0.08|0.0314|7|2032|1|210|0.1838|0.0037|0.0395|-0.1801|0.1834||2.82|70|2.43|52
GME211217P00280000||||91.00|91.00|28|0.00|0.0000|0|10|0|0|-0.9683|0.0018|-0.1204|-0.0883|0.0270||103.85|14|99.85|30
GME211217C00290000|2.60|2.69|2.48|2.43|2.57|29|0.14|0.0576|3|522|1|45|0.1680|0.0034|0.0362|-0.1736|0.1733||2.59|67|2.20|33
GME211217P00290000||||68.50|68.50|29|0.00|0.0000|0|25|0|0|-0.9742|0.0015|-0.1252|-0.0766|0.0227||113.85|12|109.50|21
GME211217C00300000|2.55|2.60|2.04|2.35|2.23|30|-0.12|-0.0511|199|5147|2|774|0.1528|0.0032|0.0329|-0.1655|0.1628||2.35|44|2.07|18
GME211217P00300000|125.00|125.00|125.00|116.00|125.00|30|9.00|0.0776|0|20|4|5|-0.9812|0.0011|-0.1301|-0.0587|0.0174||123.30|12|119.25|22
GME211217C00310000|2.10|2.40|2.03|2.21|2.03|31|-0.18|-0.0814|-1|369|1|16|0.0123|0.0008|0.0009|-0.0413|0.0121||2.18|49|1.90|22
GME211217P00310000||||102.75|102.75|31|0.00|0.0000|0|3|0|0|-0.9853|0.0009|-0.1348|-0.0484|0.0141||133.30|12|129.15|15
GME211217C00320000|2.00|2.04|1.73|2.00|1.73|32|-0.27|-0.1350|4|407|1|46|0.0096|0.0006|0.0007|-0.0338|0.0098||2.09|79|1.76|29
GME211217P00320000||||96.00|96.00|32|0.00|0.0000|0|17|0|0|-0.9884|0.0007|-0.1394|-0.0397|0.0115||143.00|12|139.00|18
GME211217C00330000||||1.75|1.75|33|0.00|0.0000|28|213|0|0|0.1185|0.0026|0.0256|-0.1455|0.1368||1.75|1|1.60|32
GME211217P00330000||||159.50|159.50|33|0.00|0.0000|0|3|0|0|-0.9909|0.0006|-0.1440|-0.0325|0.0093||153.00|12|148.75|25
GME211217C00340000|2.00|2.00|1.60|1.53|1.60|34|0.07|0.0458|5|232|2|4|0.0062|0.0004|0.0005|-0.0239|0.0067||1.77|82|1.48|42
GME211217P00340000||||126.85|126.85|34|0.00|0.0000|0|7|0|0|-0.9928|0.0005|-0.1485|-0.0266|0.0076||162.75|12|158.75|22
GME211217C00350000|1.75|1.84|1.50|1.75|1.55|35|-0.20|-0.1143|13|990|1|43|0.0051|0.0003|0.0004|-0.0205|0.0056||1.64|81|1.40|36
GME211217P00350000||||133.85|133.85|35|0.00|0.0000|0|4|0|0|-0.9939|0.0004|-0.1530|-0.0231|0.0065||172.75|12|168.65|20
GME211217C00360000|1.50|1.60|1.37|1.58|1.37|36|-0.21|-0.1329|0|308|4|8|0.0045|0.0003|0.0003|-0.0187|0.0050||1.57|73|1.29|37
GME211217P00360000||||||36|||0|0|0|0|-0.8937|0.0022|-0.4999|-0.1445|0.1266||182.75|4|178.45|23
GME211217C00370000|1.45|1.45|1.45|1.97|1.45|37|-0.52|-0.2640|0|447|1|1|0.0039|0.0002|0.0003|-0.0166|0.0043||1.57|134|1.22|56
GME211217P00370000||||172.65|172.65|37|0.00|0.0000|0|3|0|0|-0.9956|0.0003|-0.1619|-0.0178|0.0049||192.75|4|188.45|18
GME211217C00380000|1.60|1.60|1.60|1.36|1.60|38|0.24|0.1765|1|169|1|1|0.0033|0.0002|0.0002|-0.0149|0.0038||1.57|147|1.20|1
GME211217P00380000||||165.60|165.60|38|0.00|0.0000|0|17|0|0|-0.9963|0.0002|-0.1663|-0.0152|0.0042||202.60|12|198.35|15
GME211217C00390000|1.18|1.18|1.18|1.38|1.18|39|-0.20|-0.1449|0|192|1|1|0.0030|0.0002|0.0002|-0.0137|0.0035||1.20|12|1.03|11
GME211217P00390000||||||39|||0|0|0|0|-0.9967|0.0002|-0.1707|-0.0139|0.0038||212.60|2|208.15|13
GME211217C00400000|1.20|1.39|1.01|1.29|1.02|40|-0.27|-0.2093|16|1166|7|66|0.0024|0.0002|0.0002|-0.0114|0.0028||1.17|33|1.00|4
GME211217P00400000||||198.90|198.90|40|0.00|0.0000|0|3|0|0|-0.9970|0.0002|-0.1751|-0.0128|0.0035||222.60|1|218.15|12
GME211217C00410000|1.00|1.00|1.00|1.22|1.00|41|-0.22|-0.1803|1|204|1|1|0.0020|0.0001|0.0001|-0.0096|0.0024||1.12|53|0.88|12
GME211217P00410000||||190.90|190.90|41|0.00|0.0000|0|3|0|0|-0.9974|0.0002|-0.1795|-0.0114|0.0031||232.45|12|228.15|10
GME211217C00420000|1.37|1.37|0.90|1.16|0.90|42|-0.26|-0.2241|-1|539|1|14|0.0018|0.0001|0.0001|-0.0087|0.0021||1.11|78|0.79|42
GME211217P00420000||||189.85|189.85|42|0.00|0.0000|0|16|0|0|-0.9984|0.0001|-0.1840|-0.0065|0.0020||242.40|12|238.00|20
GME211217C00430000|0.97|0.97|0.97|1.08|0.97|43|-0.11|-0.1019|0|208|7|7|0.0015|0.0001|0.0001|-0.0078|0.0019||1.11|91|0.65|26
GME211217P00430000||||244.20|244.20|43|0.00|0.0000|0|0|0|0|-0.9986|0.0001|-0.1884|-0.0057|0.0017||252.40|2|247.95|12
GME211217C00440000||||1.15|1.15|44|0.00|0.0000|4|472|0|0|0.0013|0.0001|0.0001|-0.0069|0.0016||0.90|7|0.59|17
GME211217P00440000||||||44|||0|0|0|0|-0.9989|0.0001|-0.1928|-0.0042|0.0014||262.40|3|257.95|4
GME211217C00450000|1.03|1.03|0.76|1.02|0.79|45|-0.23|-0.2255|5|684|1|9|0.0011|0.0001|0.0001|-0.0057|0.0013||0.80|6|0.59|12
GME211217P00450000||||||45|||0|0|0|0|-0.9990|0.0001|-0.1972|-0.0037|0.0012||272.35|3|267.95|7
GME211217C00460000|1.11|1.11|0.68|1.02|0.76|46|-0.26|-0.2549|-133|1136|1|12|0.0010|0.0001|0.0001|-0.0057|0.0013||0.89|35|0.60|1
GME211217P00460000||||261.60|261.60|46|0.00|0.0000|0|5|0|0|-0.9991|0.0001|-0.2016|-0.0033|0.0011||282.30|12|277.95|7
GME211217C00470000|0.90|0.90|0.78|0.84|0.78|47|-0.06|-0.0714|0|189|1|11|0.0321|0.0009|0.0022|-0.1865|0.0273||0.85|32|0.45|40
GME211217P00470000||||||47||||0|0|0|-1.0000|0.0000|-0.2060|0.0016|0.0000||292.25|3|287.90|5
GME211217C00480000|0.82|0.82|0.63|0.67|0.63|48|-0.04|-0.0597|7|224|4|7|0.0340|0.0009|0.0023|-0.2020|0.0286||0.79|33|0.44|55
GME211217P00480000||||264.21|264.21|48|0.00|0.0000|0|7|0|0|-0.9757|0.0007|-0.2088|-0.1419|0.0216||302.20|12|297.90|6
GME211217C00490000|1.01|1.01|0.52|0.86|0.52|49|-0.34|-0.3953|1|97|6|9|0.0318|0.0008|0.0021|-0.1924|0.0271||0.79|42|0.39|86
GME211217P00490000||||274.04|274.04|49|0.00|0.0000|0|7|0|0|-0.9776|0.0007|-0.2133|-0.1327|0.0202||312.05|12|307.85|4
GME211217C00500000|0.90|0.90|0.48|0.80|0.50|50|-0.30|-0.3750|-5|2488|13|103|0.0220|0.0006|0.0015|-0.1346|0.0199||0.73|17|0.50|8
GME211217P00500000||||290.05|290.05|50|0.00|0.0000|0|7|0|0|-0.9668|0.0008|-0.2170|-0.2030|0.0281||322.20|12|317.85|5
GME211217C00510000|0.72|0.96|0.44|0.72|0.49|51|-0.23|-0.3194|101|1366|2|167|0.0214|0.0006|0.0014|-0.1332|0.0194||0.71|17|0.44|5
GME211217P00510000||||277.97|277.97|51|0.00|0.0000|0|0|0|0|-0.9925|0.0003|-0.2230|-0.0446|0.0079||332.10|3|327.85|5
GME211223C00100000||||80.77|80.77|14|0.00|0.0000|-2|14|0|0|0.9738|0.0010|0.0570|-0.0841|0.0270||83.45|12|79.50|10
GME211223P00100000|0.90|0.90|0.88|0.80|0.88|14|0.08|0.1000|7|116|10|11|-0.0285|0.0011|-0.0036|-0.0920|0.0290||1.13|41|0.46|42
GME211223C00110000||||||13||||0|0|0|1.0000|0.0000|0.0663|-0.0004|0.0000||73.80|12|69.85|12
GME211223P00110000|0.80|1.33|0.80|1.69|1.33|13|-0.36|-0.2130|6|28|10|20|-0.1134|0.0020|-0.0441|-0.1554|0.1399||1.25|1|0.94|24
GME211223C00120000||||103.35|103.35|12|0.00|0.0000|0|1|0|0|0.8293|0.0011|0.0280|-1.2927|0.1128||64.40|19|60.55|12
GME211223P00120000||||1.15|1.15|12|0.00|0.0000|0|25|0|0|-0.0456|0.0020|-0.0056|-0.1042|0.0426||2.19|14|1.50|27
GME211223C00130000||||||11||||0|0|0|1.0000|0.0000|0.0784|-0.0005|0.0000||55.30|18|51.50|12
GME211223P00130000|2.84|2.84|2.69|2.33|2.69|11|0.36|0.1545|4|72|1|111|-0.0919|0.0033|-0.0115|-0.1895|0.0733||3.25|13|2.33|46
GME211223C00140000||||||10||||0|0|0|1.0000|0.0000|0.0844|-0.0005|0.0000||46.70|14|43.05|4
GME211223P00140000|4.10|4.40|4.10|3.90|4.40|10|0.50|0.1282|11|40|1|2|-0.1415|0.0045|-0.0179|-0.2539|0.0997||4.70|12|3.65|29
GME211223C00145000||||||9|||||0|0|1.0000|0.0000|0.0874|-0.0005|0.0000||42.70|20|39.00|12
GME211223P00145000||||||9|||||0|0|0.0000|0.0000|0.0000|0.0000|0.0000||5.65|12|4.60|21
GME211223C00150000||||55.90|55.90|8|0.00|0.0000|0|4|0|0|0.7304|0.0031|0.0459|-0.8103|0.1469||38.75|14|35.25|12
GME211223P00150000|4.80|7.60|4.10|6.45|6.07|8|-0.38|-0.0589|82|206|1|56|-0.1951|0.0059|-0.0248|-0.2925|0.1226||6.95|12|5.70|65
GME211223C00155000||||57.05|57.05|7|0.00|0.0000|0|10|0|0|0.7141|0.0029|0.0434|-0.9178|0.1512||35.05|17|31.85|12
GME211223P00155000|8.65|9.55|8.65|3.81|9.30|7|5.49|1.4409|0|111|8|18|-0.2474|0.0060|-0.0324|-0.3756|0.1405||8.40|13|7.00|37
GME211223C00160000||||53.80|53.80|6|0.00|0.0000|0|12|0|0|0.6962|0.0030|0.0433|-0.9218|0.1554||31.60|24|28.45|16
GME211223P00160000|10.28|11.60|8.10|9.59|9.45|6|-0.14|-0.0146|14|61|3|9|-0.2727|0.0070|-0.0353|-0.3569|0.1477||10.15|13|8.55|19
GME211223C00165000||||||5||||0|0|0|1.0000|0.0000|0.0994|-0.0006|0.0000||28.50|35|25.40|16
GME211223P00165000||||11.60|11.60|5|0.00|0.0000|12|21|0|0|-0.3139|0.0074|-0.0411|-0.3861|0.1577||11.95|8|10.35|21
GME211223C00170000||||25.94|25.94|4|0.00|0.0000|11|15|0|0|0.6417|0.0071|0.0543|-0.4445|0.1660||25.55|27|22.95|4
GME211223P00170000||||14.35|14.35|4|0.00|0.0000|2|33|0|0|-0.3562|0.0075|-0.0474|-0.4195|0.1657||14.30|8|12.40|22
GME211223C00175000||||19.00|19.00|3|0.00|0.0000|1|3|0|0|0.6054|0.0094|0.0545|-0.3591|0.1712||22.90|32|20.25|7
GME211223P00175000|13.64|17.35|13.50|16.30|16.05|3|-0.25|-0.0153|30|54|1|32|-0.3969|0.0081|-0.0528|-0.4181|0.1714||16.75|9|14.70|30
