symbol|open|high|low|preClose|close|activeLevel|change|changeRatio|openIntChange|openInterest|latestPriceVol|volume|delta|gamma|rho|theta|vega|tradeStamptradeTime|ask|avol|bid|bvol
GME211203C00100000|83.51|83.51|83.51|82.00|83.51|13|1.51|0.0184|0|10|1|1|0.9392|0.0015|0.0047|-2.4672|0.0162||82.75|10|79.50|13
GME211203P00100000|0.08|0.09|0.02|0.08|0.04|13|-0.04|-0.5000|146|513|50|116|-0.0031|0.0002|0.0000|-0.0968|0.0013||0.10|7|0.05|2
GME211203C00110000||||135.99|135.99|12|0.00|0.0000|0|1|0|0|0.9620|0.0001|0.0084|-0.6229|0.0490||72.80|12|69.45|12
GME211203P00110000|0.09|0.25|0.07|0.17|0.12|12|-0.05|-0.2941|15|172|1|45|-0.0093|0.0006|-0.0001|-0.2551|0.0034||0.17|4|0.06|27
GME211203C00120000||||||11||||0|0|0|1.0000|0.0000|0.0066|-0.0004|0.0000||62.75|14|59.45|10
GME211203P00120000|0.29|0.30|0.10|0.25|0.22|11|-0.03|-0.1200|148|381|2|168|-0.0129|0.0009|-0.0001|-0.2928|0.0045||0.23|9|0.15|16
GME211203C00130000||||65.44|65.44|10|0.00|0.0000|0|1|0|0|0.8086|0.0027|0.0044|-6.9884|0.0366||52.65|12|49.45|16
GME211203P00130000|0.16|0.50|0.16|0.40|0.35|10|-0.05|-0.1250|26|976|2|96|-0.0212|0.0016|-0.0002|-0.3981|0.0069||0.35|12|0.22|5
GME211203C00140000||||55.33|55.33|9|0.00|0.0000|0|6|0|0|0.7814|0.0033|0.0047|-6.5459|0.0397||42.85|12|39.45|16
GME211203P00140000|0.69|0.77|0.28|0.50|0.32|9|-0.18|-0.3600|57|1151|1|294|-0.2326|0.0027|-0.0682|-0.4408|0.1814||0.40|50|0.32|10
GME211203C00150000||||44.80|44.80|8|0.00|0.0000|0|6|0|0|0.7493|0.0043|0.0050|-5.9064|0.0428||33.60|13|29.40|23
GME211203P00150000|1.85|1.85|0.42|0.94|0.56|8|-0.38|-0.4043|17|1198|1|823|-0.0592|0.0051|-0.0006|-0.6823|0.0158||0.63|2|0.45|20
GME211203C00155000||||27.75|27.75|7|0.00|0.0000|0|5|0|0|0.8726|0.0077|0.0071|-1.4070|0.0280||28.90|18|24.40|16
GME211203P00155000|0.73|1.61|0.50|1.30|0.70|7|-0.60|-0.4615|34|992|1|146|-0.0564|0.0060|-0.0006|-0.5320|0.0153||0.70|1|0.61|12
GME211203C00160000|20.00|22.01|20.00|28.80|22.00|6|-6.80|-0.2361|0|115|1|25|0.9401|0.0078|0.0081|-0.4529|0.0160||23.00|2|20.35|31
GME211203P00160000|1.00|2.35|0.72|1.85|0.90|6|-0.95|-0.5135|14|440|1|773|-0.3065|0.0042|-0.0826|-0.3793|0.2084||0.95|1|0.82|12
GME211203C00165000||||32.50|32.50|5|0.00|0.0000|-1|31|0|0|0.6727|0.0057|0.0049|-5.7059|0.0485||19.50|30|15.75|16
GME211203P00165000|1.61|3.55|0.94|2.60|1.30|5|-1.30|-0.5000|467|783|4|1572|-0.1551|0.0132|-0.0016|-1.0760|0.0321||1.50|14|1.17|1
GME211203C00170000|11.23|13.55|8.50|13.25|13.55|4|0.30|0.0226|10|50|1|47|0.7804|0.0179|0.0070|-1.2193|0.0398||14.20|6|11.25|40
GME211203P00170000|2.31|5.10|1.45|3.72|2.15|4|-1.57|-0.4220|275|934|2|1941|-0.2110|0.0184|-0.0022|-1.1348|0.0388||2.29|24|1.79|15
GME211203C00175000|9.64|10.53|6.00|9.70|10.53|3|0.83|0.0856|29|117|5|43|0.7067|0.0259|0.0065|-1.1427|0.0463||10.00|1|8.20|66
GME211203P00175000|1.95|7.25|1.95|4.95|3.20|3|-1.75|-0.3535|181|483|1|1276|-0.3040|0.0246|-0.0032|-1.2427|0.0470||3.60|43|2.79|5
GME211203C00177500|10.10|10.10|4.70|7.55|8.24|2|0.69|0.0914|4|7|1|54|0.6510|0.0313|0.0061|-1.0929|0.0498||8.55|6|7.30|15
GME211203P00177500|4.40|8.60|2.87|5.85|4.05|2|-1.80|-0.3077|136|199|9|958|-0.4034|0.0059|-0.1035|-0.3241|0.2299||4.40|39|3.50|24
GME211203C00180000|8.54|11.00|3.20|7.10|6.00|1|-1.10|-0.1549|57|733|1|889|0.5616|0.0285|0.0052|-1.3655|0.0530||6.60|3|6.05|7
GME211203P00180000|5.50|10.10|3.35|6.98|5.05|1|-1.93|-0.2765|493|1768|1|1731|-0.4229|0.0065|-0.1068|-0.3035|0.2325||5.10|13|4.45|11
GME211203C00182500|7.88|8.47|3.11|6.70|4.75|1|-1.95|-0.2910|74|85|1|130|0.4914|0.0276|0.0046|-1.4418|0.0536||5.55|23|4.50|42
GME211203P00182500|5.90|11.00|4.40|8.00|6.32|1|-1.68|-0.2100|98|297|3|186|-0.5035|0.0243|-0.0054|-1.6367|0.0536||6.70|23|5.40|17
GME211203C00185000|4.90|7.95|2.08|4.90|3.70|2|-1.20|-0.2449|313|481|50|1862|0.4244|0.0272|0.0040|-1.4119|0.0527||4.30|5|3.65|19
GME211203P00185000|6.43|14.03|5.35|9.80|7.65|2|-2.15|-0.2194|77|588|2|866|-0.5488|0.0207|-0.0060|-1.8957|0.0532||8.75|34|6.85|15
GME211203C00187500|3.85|6.50|1.83|3.95|2.87|3|-1.08|-0.2734|713|730|1|579|0.3651|0.0250|0.0034|-1.4105|0.0505||3.15|1|2.44|120
GME211203P00187500|7.91|15.14|7.00|10.70|9.47|3|-1.23|-0.1150|113|475|1|65|-0.6153|0.0224|-0.0067|-1.6277|0.0514||9.65|19|8.35|18
GME211203C00190000|3.95|5.18|1.40|3.70|2.30|4|-1.40|-0.3784|634|778|1|1465|0.2917|0.0246|0.0028|-1.1995|0.0461||2.56|5|2.00|37
GME211203P00190000|11.24|18.00|8.00|12.00|11.05|4|-0.95|-0.0792|-109|833|98|350|-0.4831|0.0064|-0.1256|-0.3195|0.2367||11.00|1|10.10|8
GME211203C00192500|2.95|4.25|1.14|2.96|1.60|5|-1.36|-0.4595|434|502|1|536|0.2338|0.0222|0.0022|-1.0597|0.0412||1.97|11|1.51|23
GME211203P00192500|11.75|16.88|11.63|14.20|13.83|5|-0.37|-0.0261|-101|273|1|24|-0.7444|0.0210|-0.0081|-1.2307|0.0432||14.20|19|12.05|9
GME211203C00195000|2.37|3.40|0.92|2.40|1.40|6|-1.00|-0.4167|397|597|1|582|0.1983|0.0192|0.0019|-1.0109|0.0375||1.53|10|1.29|15
GME211203P00195000|14.00|21.77|12.00|16.71|15.56|6|-1.15|-0.0688|-61|626|1|170|-0.8314|0.0195|-0.0091|-0.8138|0.0338||16.45|16|14.10|6
GME211203C00197500|2.55|2.85|0.71|2.04|1.08|7|-0.96|-0.4706|386|490|1|523|0.1671|0.0166|0.0016|-0.9463|0.0336||1.26|17|0.93|45
GME211203P00197500|23.22|23.22|17.43|18.95|17.43|7|-1.52|-0.0802|38|202|1|20|-0.6727|0.0125|-0.0079|-2.6074|0.0485||18.95|31|16.40|9
GME211203C00200000|1.75|2.33|0.57|1.69|0.95|8|-0.74|-0.4379|381|1051|1|2582|0.4684|0.0060|0.0701|-0.3395|0.2361||1.00|8|0.94|1
GME211203P00200000|17.55|26.85|16.00|22.15|20.25|8|-1.90|-0.0858|-71|998|1|281|-0.8867|0.0136|-0.0099|-0.6785|0.0258||21.20|13|18.60|4
GME211203C00202500|2.00|2.00|0.50|1.48|0.90|9|-0.58|-0.3919|35|281|2|493|0.1250|0.0125|0.0012|-0.8497|0.0277||0.89|17|0.76|8
GME211203P00202500|20.05|22.43|20.05|21.91|21.55|9|-0.36|-0.0164|-27|184|1|23|-0.4563|0.0037|-0.1480|-0.5430|0.2355||23.00|11|20.80|13
GME211203C00205000|1.17|1.68|0.48|1.34|0.75|10|-0.59|-0.4403|206|834|5|650|0.1083|0.0108|0.0010|-0.7971|0.0250||0.80|1|0.60|22
GME211203P00205000|22.06|31.10|22.06|28.45|24.56|10|-3.89|-0.1367|-4|484|98|168|-0.7649|0.0112|-0.0091|-2.1149|0.0413||25.50|21|23.30|13
GME211203C00207500|1.29|1.35|0.46|1.10|0.60|11|-0.50|-0.4545|-5|400|1|194|0.0961|0.0095|0.0009|-0.7612|0.0229||0.72|18|0.55|30
GME211203P00207500|23.40|31.50|23.40|20.90|25.68|11|4.78|0.2287|-2|35|1|4|-0.6941|0.0089|-0.0087|-3.4417|0.0472||28.00|13|25.80|4
GME211203C00210000|1.01|1.24|0.40|1.11|0.61|12|-0.50|-0.4505|79|939|1|726|0.0867|0.0084|0.0008|-0.7407|0.0212||0.61|1|0.55|5
GME211203P00210000|28.16|35.15|27.06|30.40|30.23|12|-0.17|-0.0056|1|385|1|34|-0.8350|0.0098|-0.0100|-1.5663|0.0334||30.50|22|28.20|2
GME211203C00212500|0.95|1.05|0.38|0.92|0.58|13|-0.34|-0.3696|119|297|1|144|0.4667|0.0045|0.0649|-0.4470|0.2361||0.62|11|0.46|14
GME211203P00212500|33.40|33.40|33.40|34.12|33.40|13|-0.72|-0.0211|-1|67|2|2|-0.8802|0.0086|-0.0105|-1.1541|0.0268||33.00|15|30.70|2
GME211203C00215000|0.81|1.00|0.36|0.87|0.52|14|-0.35|-0.4023|21|792|2|242|0.0729|0.0068|0.0007|-0.7022|0.0186||0.57|1|0.45|10
GME211203P00215000|31.50|35.35|31.50|34.35|31.97|14|-2.38|-0.0693|-1|226|1|26|-0.7965|0.0085|-0.0099|-2.3514|0.0380||35.50|21|33.20|4
GME211203C00217500|0.70|0.70|0.38|0.71|0.44|15|-0.27|-0.3803|-7|183|1|21|0.0615|0.0060|0.0006|-0.6147|0.0164||0.50|1|0.40|14
GME211203P00217500|38.35|38.35|38.35|30.09|38.35|15|8.26|0.2745|0|74|2|2|-0.8634|0.0078|-0.0107|-1.5296|0.0294||38.00|15|35.70|8
GME211203C00220000|0.77|0.81|0.35|0.77|0.41|16|-0.36|-0.4675|-11|1378|1|411|0.0605|0.0055|0.0006|-0.6482|0.0161||0.45|2|0.38|9
GME211203P00220000|35.30|44.52|35.30|40.00|40.13|16|0.13|0.0033|1|213|1|18|-0.8619|0.0074|-0.0108|-1.6393|0.0296||40.50|22|38.20|8
GME211203C00222500|0.66|0.73|0.32|0.57|0.40|17|-0.17|-0.2982|-15|181|1|24|0.4588|0.0040|0.0617|-0.5007|0.2356||0.52|26|0.35|16
GME211203P00222500|47.10|47.10|45.85|34.99|45.85|17|10.86|0.3104|0|51|2|6|-0.8242|0.0072|-0.0106|-2.3154|0.0347||43.00|13|40.70|8
GME211203C00225000|0.71|0.72|0.32|0.71|0.39|18|-0.32|-0.4507|-80|656|10|145|0.0552|0.0048|0.0005|-0.6529|0.0150||0.48|10|0.33|14
GME211203P00225000||||45.20|45.20|18|0.00|0.0000|-3|125|0|0|-0.9049|0.0060|-0.0114|-1.1862|0.0227||45.50|20|43.20|4
GME211203C00227500|0.50|0.70|0.46|0.77|0.50|19|-0.27|-0.3506|3|97|2|27|0.0594|0.0047|0.0006|-0.7417|0.0159||0.44|10|0.30|16
GME211203P00227500|53.85|53.85|45.47|33.03|45.48|19|12.45|0.3769|0|26|1|5|-0.8963|0.0059|-0.0115|-1.3700|0.0242||48.00|16|45.70|8
GME211203C00230000|0.54|0.63|0.27|0.62|0.35|20|-0.27|-0.4355|192|927|1|256|0.0429|0.0038|0.0004|-0.5481|0.0123||0.35|3|0.30|6
GME211203P00230000|47.50|56.35|46.57|45.00|49.84|20|4.84|0.1076|-3|67|1|8|-0.9285|0.0049|-0.0119|-0.9483|0.0183||50.50|13|48.20|4
GME211203C00232500|0.48|0.48|0.32|0.57|0.32|21|-0.25|-0.4386|-8|93|10|19|0.0413|0.0036|0.0004|-0.5499|0.0119||0.36|1|0.27|14
GME211203P00232500|49.07|52.32|49.07|46.88|52.32|21|5.44|0.1160|-1|34|1|2|-0.9314|0.0046|-0.0121|-0.9465|0.0178||53.00|13|50.50|9
GME211203C00235000|0.33|0.60|0.23|0.54|0.31|22|-0.23|-0.4259|-1|331|1|126|0.0374|0.0032|0.0004|-0.5164|0.0110||0.37|5|0.25|108
GME211203P00235000|51.57|61.30|50.00|54.89|51.68|22|-3.21|-0.0585|-6|371|4|56|-0.9203|0.0047|-0.0121|-1.1609|0.0199||55.50|20|53.00|5
GME211203C00237500|0.42|0.42|0.25|0.52|0.25|23|-0.27|-0.5192|0|115|11|23|0.0466|0.0035|0.0004|-0.6767|0.0131||0.34|1|0.24|30
GME211203P00237500|54.06|63.79|52.54|57.38|54.18|23|-3.20|-0.0558|-6|284|4|45|-0.9218|0.0045|-0.0123|-1.1807|0.0196||58.00|13|55.50|5
GME211203C00240000|0.50|0.60|0.23|0.50|0.26|24|-0.24|-0.4800|1|592|1|231|0.0342|0.0028|0.0003|-0.5067|0.0102||0.30|3|0.24|3
GME211203P00240000|54.95|66.50|54.95|57.50|60.48|24|2.98|0.0518|-1|101|1|10|-0.9053|0.0047|-0.0123|-1.5123|0.0227||60.50|20|58.00|4
GME211203C00245000|0.47|0.47|0.19|0.44|0.27|25|-0.17|-0.3864|-31|414|1|97|0.0319|0.0025|0.0003|-0.5044|0.0096||0.29|9|0.20|14
GME211203P00245000|60.55|60.55|60.55|62.45|60.55|25|-1.90|-0.0304|-1|68|1|1|-0.6004|0.0038|-0.2074|-0.5030|0.2293||65.50|10|63.00|9
GME211203C00250000|0.25|0.45|0.17|0.41|0.20|26|-0.21|-0.5122|-50|3342|1|1745|0.0247|0.0020|0.0002|-0.4100|0.0078||0.21|6|0.19|4
GME211203P00250000|71.49|74.50|67.82|65.43|70.43|26|5.00|0.0764|-9|123|1|7|-0.9138|0.0040|-0.0129|-1.5472|0.0211||70.50|20|67.80|1
GME211203C00260000|0.23|0.34|0.13|0.37|0.19|27|-0.18|-0.4865|10|714|16|254|0.0163|0.0014|0.0002|-0.2982|0.0055||0.16|2|0.13|6
GME211203P00260000||||75.00|75.00|27|0.00|0.0000|-1|6|0|0|-0.9684|0.0021|-0.0140|-0.5927|0.0096||80.50|12|78.00|8
GME211203C00270000|0.22|0.34|0.15|0.26|0.16|28|-0.10|-0.3846|-1|587|1|280|0.0177|0.0013|0.0002|-0.3576|0.0059||0.14|1|0.10|5
GME211203P00270000|85.99|86.50|85.99|90.50|86.50|28|-4.00|-0.0442|4|21|2|4|-0.9798|0.0015|-0.0146|-0.4099|0.0066||90.50|12|87.80|5
GME211203C00280000|0.22|0.30|0.10|0.25|0.11|29|-0.14|-0.5600|-8|572|1|84|0.0116|0.0009|0.0001|-0.2517|0.0041||0.12|2|0.10|2
GME211203P00280000||||95.00|95.00|29|0.00|0.0000|-3|10|0|0|-0.9723|0.0016|-0.0151|-0.6175|0.0085||100.80|10|97.60|13
GME211203C00290000|0.27|0.27|0.09|0.25|0.09|30|-0.16|-0.6400|200|502|1|24|0.0104|0.0008|0.0001|-0.2424|0.0037||0.11|7|0.06|7
GME211203P00290000||||||30||||0|0|0|-1.0000|0.0000|-0.3098|0.0009|0.0000||110.75|12|107.45|10
GME211203C00300000|0.17|0.22|0.06|0.17|0.07|31|-0.10|-0.5882|16|2195|1|383|0.0106|0.0007|0.0001|-0.2646|0.0038||0.09|4|0.05|6
GME211203P00300000||||111.10|111.10|31|0.00|0.0000|-1|2|0|0|-0.9924|0.0006|-0.0164|-0.1873|0.0028||120.70|12|117.55|11
GME211203C00310000|0.11|0.13|0.09|0.20|0.09|32|-0.11|-0.5500|-10|344|1|4|0.0090|0.0006|0.0001|-0.2373|0.0033||0.07|1|0.04|6
GME211203P00310000||||71.90|71.90|32|0.00|0.0000|0|4|0|0|-0.8658|0.0029|-0.3097|-0.2044|0.1283||130.65|12|127.55|12
GME211203C00320000|0.10|0.12|0.04|0.17|0.04|33|-0.13|-0.7647|100|389|1|6|0.0045|0.0003|0.0000|-0.1255|0.0018||0.07|2|0.03|9
GME211203P00320000||||||33||||0|0|0|-1.0000|0.0000|-0.0175|0.0010|0.0000||140.65|12|137.25|12
GME211203C00330000|0.08|0.08|0.03|0.11|0.03|34|-0.08|-0.7273|68|348|9|29|0.0067|0.0004|0.0001|-0.1969|0.0025||0.06|1|0.03|14
GME211203P00330000||||127.27|127.27|34|0.00|0.0000|0|2|0|0|-0.9967|0.0003|-0.0181|-0.0958|0.0014||150.60|12|147.40|11
GME211203C00340000|0.08|0.08|0.07|0.11|0.07|35|-0.04|-0.3636|21|135|1|3|0.0064|0.0004|0.0001|-0.1969|0.0024||0.06|1|0.02|13
GME211203P00340000||||134.20|134.20|35|0.00|0.0000|0|1|0|0|-0.9989|0.0001|-0.0186|-0.0331|0.0005||160.60|12|157.30|14
GME211203C00350000|0.09|0.09|0.04|0.10|0.04|36|-0.06|-0.6000|226|1237|1|31|0.0039|0.0003|0.0000|-0.1251|0.0016||0.06|2|0.04|1
GME211203P00350000||||136.35|136.35|36|0.00|0.0000|0|3|0|0|-0.9987|0.0001|-0.0192|-0.0403|0.0006||170.60|12|167.65|10
GME211203C00360000||||0.09|0.09|37|0.00|0.0000|-2|159|0|0|0.0075|0.0004|0.0001|-0.2500|0.0028||0.07|5|0.01|15
GME211203P00360000||||||37||||0|0|0|-1.0000|0.0000|-0.0197|0.0011|0.0000||180.55|12|177.45|12
GME211203C00370000||||0.05|0.05|38|0.00|0.0000|-2|88|0|0|0.0044|0.0003|0.0000|-0.1518|0.0017||0.07|6|0.01|12
GME211203P00370000||||136.05|136.05|38|0.00|0.0000|0|1|0|0|-0.9998|0.0000|-0.0203|-0.0062|0.0001||190.55|12|187.55|12
GME211203C00380000|0.06|0.06|0.04|0.10|0.04|39|-0.06|-0.6000|15|101|1|2|0.0050|0.0003|0.0000|-0.1777|0.0019||0.07|5|0.01|1
GME211203P00380000||||170.35|170.35|39|0.00|0.0000|0|0|0|0|-0.9976|0.0002|-0.0208|-0.0825|0.0010||200.55|13|197.55|12
GME211203C00390000|0.02|0.02|0.02|0.09|0.02|40|-0.07|-0.7778|9|91|2|2|0.0020|0.0001|0.0000|-0.0725|0.0008||0.07|6|0.01|15
GME211203P00390000||||||40||||0|0|0|-1.0000|0.0000|-0.0214|0.0012|0.0000||210.55|13|207.55|12
GME211203C00400000|0.04|0.06|0.01|0.07|0.01|41|-0.06|-0.8571|-34|2449|1|47|0.0011|0.0001|0.0000|-0.0407|0.0005||0.05|1|0.01|11
GME211203P00400000||||215.38|215.38|41|0.00|0.0000|-10|0|0|0|-0.9999|0.0000|-0.0219|-0.0012|0.0000||220.55|13|217.45|12
GME211203C00410000|0.05|0.05|0.02|0.05|0.03|42|-0.02|-0.4000|-2|1055|2|37|0.0026|0.0002|0.0000|-0.1014|0.0011||0.04|1|0.03|5
GME211203P00410000||||||42||||0|0|0|-1.0000|0.0000|-0.4380|0.0013|0.0000||230.55|12|227.55|12
GME211203C00420000|0.04|0.04|0.01|0.05|0.01|43|-0.04|-0.8000|7|231|9|14|0.0032|0.0002|0.0000|-0.1281|0.0013||0.06|1|0.01|1
GME211203P00420000||||||43||||0|0|0|-1.0000|0.0000|-0.0230|0.0013|0.0000||240.55|12|237.30|12
GME211203C00430000||||0.03|0.03|44|0.00|0.0000|21|70|0|0|0.0025|0.0001|0.0000|-0.1019|0.0010||0.21|19|0.01|6
GME211203P00430000||||||44||||0|0|0|-1.0000|0.0000|-0.0236|0.0013|0.0000||250.55|1|246.20|1
GME211203C00440000|0.08|0.08|0.08|0.05|0.08|45|0.03|0.6000|1|70|1|1|0.0054|0.0003|0.0000|-0.2294|0.0021||0.09|1|0.01|11
GME211203P00440000||||||45||||0|0|0|-1.0000|0.0000|-0.0241|0.0014|0.0000||260.55|10|256.20|6
GME211203C00450000|0.02|0.02|0.01|0.03|0.01|46|-0.02|-0.6667|5|483|9|15|0.0009|0.0001|0.0000|-0.0398|0.0004||0.11|1|0.01|15
GME211203P00450000||||||46||||0|0|0|-1.0000|0.0000|-0.0247|0.0014|0.0000||270.55|12|266.10|12
GME211203C00460000|0.11|0.11|0.01|0.02|0.01|47|-0.01|-0.5000|-1|59|1|7|0.0010|0.0001|0.0000|-0.0422|0.0004||0.05|1|0.00|0
GME211203P00460000||||||47||||0|0|0|-1.0000|0.0000|-0.0252|0.0014|0.0000||280.55|10|276.10|12
GME211203C00470000|0.01|0.01|0.01|0.07|0.01|48|-0.06|-0.8571|-57|191|9|9|0.0047|0.0002|0.0000|-0.2139|0.0018||0.05|1|0.00|0
GME211203P00470000||||||48||||0|0|0|-1.0000|0.0000|-0.0258|0.0014|0.0000||290.55|12|286.20|9
GME211203C00480000|0.05|0.06|0.05|0.04|0.06|49|0.02|0.5000|1|91|1|2|0.0040|0.0002|0.0000|-0.1832|0.0016||0.10|1|0.00|0
GME211203P00480000||||||49||||0|0|0|-1.0000|0.0000|-0.5128|0.0015|0.0000||300.55|10|297.30|5
GME211203C00490000||||0.06|0.06|50|0.00|0.0000|16|250|0|0|0.0039|0.0002|0.0000|-0.1834|0.0016||0.04|1|0.01|1
GME211203P00490000||||||50||||0|0|0|-1.0000|0.0000|-0.5235|0.0015|0.0000||310.55|12|306.45|12
GME211203C00500000|0.05|0.05|0.01|0.05|0.01|51|-0.04|-0.8000|1|1370|2|21|0.0009|0.0001|0.0000|-0.0417|0.0004||0.03|5|0.01|4
GME211203P00500000||||||51||||0|0|0|-1.0000|0.0000|-0.0274|0.0015|0.0000||320.55|12|316.45|12
GME211203C00510000|0.04|0.10|0.01|0.05|0.01|52|-0.04|-0.8000|217|5698|1|577|0.0008|0.0001|0.0000|-0.0411|0.0004||0.02|24|0.01|15
GME211203P00510000||||||52||||0|0|0|-1.0000|0.0000|-0.0279|0.0016|0.0000||330.55|3|326.45|12
GME211210C00100000||||86.01|86.01|14|0.00|0.0000|0|1|0|0|0.8646|0.0010|0.0562|-0.5319|0.1403||83.60|3|80.05|12
GME211210P00100000|0.57|0.79|0.34|0.57|0.45|14|-0.12|-0.2105|65|210|8|65|-0.0182|0.0008|-0.0009|-0.1386|0.0127||0.48|1|0.45|22
GME211210C00110000||||76.13|76.13|13|0.00|0.0000|0|2|0|0|0.9010|0.0020|0.0214|-0.8499|0.0498||73.00|4|70.25|4
GME211210P00110000|0.85|0.85|0.64|0.71|0.68|13|-0.03|-0.0423|50|206|10|20|-0.0274|0.0012|-0.0014|-0.1794|0.0180||0.87|17|0.44|90
GME211210C00120000||||76.03|76.03|12|0.00|0.0000|0|1|0|0|0.8322|0.0021|0.0183|-1.6707|0.0718||63.35|12|60.55|10
GME211210P00120000|0.60|1.31|0.60|0.95|1.10|12|0.15|0.1579|2|96|1|174|-0.0444|0.0020|-0.0022|-0.2488|0.0267||1.15|18|0.80|14
GME211210C00130000||||||11||||0|0|0|1.0000|0.0000|0.0321|-0.0004|0.0000||53.85|13|51.15|13
GME211210P00130000|1.30|2.00|1.00|1.50|1.42|11|-0.08|-0.0533|20|431|3|81|-0.0611|0.0028|-0.0030|-0.2855|0.0345||1.64|17|1.26|13
GME211210C00140000||||56.44|56.44|10|0.00|0.0000|0|29|0|0|0.7780|0.0032|0.0207|-1.5315|0.0849||45.40|12|42.05|16
GME211210P00140000|2.30|3.20|1.75|2.49|2.25|10|-0.24|-0.0964|47|299|4|283|-0.1026|0.0044|-0.0051|-0.4074|0.0510||2.46|20|2.04|14
GME211210C00145000||||||9|||||0|0|1.0000|0.0000|0.0358|-0.0005|0.0000||41.05|12|37.70|30
GME211210P00145000|2.60|3.60|2.60|2.60|2.91|9|0.31|0.1192|||1|17|-0.1241|0.0052|-0.0062|-0.4442|0.0584||3.00|13|2.59|8
GME211210C00150000|37.50|37.50|34.20|47.05|34.20|8|-12.85|-0.2731|0|19|1|2|0.8501|0.0063|0.0295|-0.4817|0.0665||36.20|4|33.50|15
GME211210P00150000|3.00|5.00|2.81|3.70|3.61|8|-0.09|-0.0243|51|220|1|470|-0.1613|0.0062|-0.0081|-0.5358|0.0697||3.95|19|3.30|14
GME211210C00155000||||58.70|58.70|7|0.00|0.0000|0|45|0|0|0.7167|0.0027|0.0174|-2.3345|0.0965||32.10|4|29.50|15
GME211210P00155000|4.95|6.40|4.10|4.95|4.55|7|-0.40|-0.0808|94|195|1|76|-0.1807|0.0075|-0.0090|-0.5154|0.0750||4.95|20|4.25|14
GME211210C00160000||||29.75|29.75|6|0.00|0.0000|0|204|0|0|0.7321|0.0070|0.0253|-0.8603|0.0939||28.50|16|25.70|22
GME211210P00160000|5.00|8.20|5.00|6.00|6.00|6|0.00|0.0000|153|386|1|226|-0.2378|0.0082|-0.0121|-0.6502|0.0882||6.25|57|5.35|10
GME211210C00165000|21.75|21.75|21.75|23.22|21.75|5|-1.47|-0.0633|2|2|1|1|0.7332|0.0101|0.0273|-0.5950|0.0937||24.55|10|22.25|22
GME211210P00165000|7.65|10.05|6.48|7.75|7.35|5|-0.40|-0.0516|18|320|16|119|-0.3303|0.0044|-0.1051|-0.3233|0.2336||7.75|50|6.85|16
GME211210C00170000|24.00|24.00|17.52|20.07|21.00|4|0.93|0.0463|11|16|2|17|0.6479|0.0042|0.0976|-0.3600|0.2392||21.25|5|19.20|22
GME211210P00170000|8.54|12.29|7.15|8.90|9.25|4|0.35|0.0393|-2|360|1|283|-0.3335|0.0102|-0.0171|-0.7212|0.1036||9.10|1|8.60|11
GME211210C00175000|19.14|19.20|13.80|18.40|17.15|3|-1.25|-0.0679|7|25|5|47|0.6088|0.0092|0.0224|-0.8956|0.1095||18.25|17|16.50|32
GME211210P00175000|9.55|15.25|9.50|11.66|11.35|3|-0.31|-0.0266|117|418|7|391|-0.3874|0.0106|-0.0201|-0.7683|0.1092||11.70|40|10.65|16
GME211210C00177500|16.27|16.27|15.85|16.27|15.85|2|-0.42|-0.0258|||10|27|0.5852|0.0098|0.0218|-0.8624|0.1112||16.90|16|15.30|30
GME211210P00177500|11.31|16.03|11.00|11.31|12.55|2|1.24|0.1096|||7|252|-0.3899|0.0046|-0.1276|-0.3464|0.2474||12.75|15|11.80|19
GME211210C00180000|14.20|18.25|11.72|14.75|14.65|1|-0.10|-0.0068|58|79|12|309|0.5578|0.0109|0.0212|-0.7922|0.1126||15.45|1|14.15|47
GME211210P00180000|13.00|17.50|11.63|14.30|13.80|1|-0.50|-0.0350|117|606|7|428|-0.4432|0.0115|-0.0230|-0.7532|0.1126||14.20|56|13.05|17
GME211210C00182500|15.85|15.85|10.82|15.85|13.50|1|-2.35|-0.1483|||6|81|0.5277|0.0115|0.0203|-0.7633|0.1135||14.40|6|12.90|35
GME211210P00182500|14.38|19.00|14.17|14.38|15.15|1|0.77|0.0535|||6|211|-0.4796|0.0135|-0.0245|-0.6521|0.1136||15.25|19|14.10|22
GME211210C00185000|15.95|15.95|9.20|12.60|12.45|2|-0.15|-0.0119|53|108|2|103|0.5786|0.0046|0.0913|-0.3658|0.2523||13.20|1|11.90|44
GME211210P00185000|14.53|20.50|14.50|17.01|16.60|2|-0.41|-0.0241|61|358|6|143|-0.4854|0.0094|-0.0263|-0.9342|0.1137||16.85|24|15.50|14
GME211210C00187500|15.35|15.35|9.15|11.00|11.45|3|0.45|0.0409|9|19|6|72|0.5750|0.0043|0.0890|-0.3898|0.2527||12.25|26|10.90|34
GME211210P00187500|16.10|18.90|16.10|15.45|18.15|3|2.70|0.1748|45|127|1|134|-0.5338|0.0121|-0.0280|-0.7279|0.1134||18.50|29|16.95|14
GME211210C00190000|12.50|13.20|8.50|10.75|10.50|4|-0.25|-0.0233|10|96|2|178|0.4456|0.0111|0.0173|-0.7798|0.1126||11.25|10|10.10|25
GME211210P00190000|20.96|23.00|17.84|21.52|19.75|4|-1.77|-0.0822|50|428|6|96|-0.5436|0.0104|-0.0293|-0.8409|0.1131||20.10|29|18.50|14
GME211210C00192500|11.15|11.65|7.78|9.50|9.65|5|0.15|0.0158|33|65|1|55|0.5399|0.0048|0.0877|-0.3566|0.2560||10.35|28|9.15|31
GME211210P00192500|18.46|21.45|18.46|22.09|21.35|5|-0.74|-0.0335|14|86|5|60|-0.5757|0.0108|-0.0309|-0.7884|0.1117||21.90|35|20.05|19
GME211210C00195000|10.22|11.43|7.00|9.70|9.10|6|-0.60|-0.0619|76|134|1|218|0.4164|0.0096|0.0160|-0.8770|0.1112||9.55|22|8.45|48
GME211210P00195000|20.40|23.92|20.40|22.97|23.05|6|0.08|0.0035|41|190|5|126|-0.5838|0.0097|-0.0321|-0.8689|0.1113||23.85|37|21.75|14
GME211210C00197500|8.80|9.30|7.50|9.50|8.15|7|-1.35|-0.1421|10|46|14|42|0.3768|0.0104|0.0148|-0.7728|0.1083||8.70|17|7.70|37
GME211210P00197500|24.85|24.85|24.85|19.25|24.85|7|5.60|0.2909|27|104|5|10|-0.7537|0.0154|-0.0384|-0.3579|0.0899||25.55|24|23.55|20
GME211210C00200000|8.80|10.00|6.00|7.80|7.65|8|-0.15|-0.0192|82|634|1|269|0.3663|0.0097|0.0143|-0.8140|0.1073||7.85|1|7.25|14
GME211210P00200000|25.18|31.28|24.10|27.05|28.01|8|0.96|0.0355|-20|659|10|40|-0.4788|0.0044|-0.1691|-0.3894|0.2568||27.50|20|25.30|7
GME211210C00202500|8.75|8.75|6.10|7.25|8.00|9|0.75|0.1034|3|67|1|22|0.3316|0.0098|0.0131|-0.7440|0.1034||7.25|1|6.30|40
GME211210P00202500|27.95|27.95|27.95|26.32|27.95|9|1.63|0.0619|15|48|1|1|-0.6832|0.0102|-0.0373|-0.6871|0.1015||29.50|23|27.15|15
GME211210C00205000|7.30|7.44|5.28|6.79|6.11|10|-0.68|-0.1001|26|159|1|42|0.3354|0.0089|0.0130|-0.8274|0.1040||6.80|10|5.80|56
GME211210P00205000|27.42|32.21|26.88|31.25|29.15|10|-2.10|-0.0672|2|177|1|8|-0.7304|0.0105|-0.0396|-0.5760|0.0942||31.50|19|29.25|4
GME211210C00207500|5.55|7.35|5.10|5.55|5.49|11|-0.06|-0.0108|4|68|1|15|0.2988|0.0090|0.0118|-0.7401|0.0989||6.30|11|5.35|34
GME211210P00207500|29.52|32.00|29.52|28.58|31.10|11|2.52|0.0882|-5|18|1|3|-0.7714|0.0103|-0.0418|-0.4930|0.0863||33.55|24|31.25|4
GME211210C00210000|7.00|7.00|4.50|5.82|5.30|12|-0.52|-0.0893|10|309|1|58|0.2824|0.0087|0.0111|-0.7263|0.0964||5.85|17|4.90|84
GME211210P00210000|34.85|38.38|34.47|36.62|34.54|12|-2.08|-0.0568|-4|105|2|20|-0.7288|0.0089|-0.0410|-0.6819|0.0945||35.65|21|33.00|10
GME211210C00212500|6.00|6.00|4.40|5.55|4.95|13|-0.60|-0.1081|54|83|1|32|0.2619|0.0085|0.0104|-0.6969|0.0928||5.45|9|5.05|1
GME211210P00212500|33.64|37.87|33.64|32.63|37.87|13|5.24|0.1606|-1|38|2|3|-0.5193|0.0043|-0.1910|-0.4041|0.2568||37.80|21|35.10|9
GME211210C00215000|3.95|5.75|3.95|5.09|4.76|14|-0.33|-0.0648|6|165|2|37|0.2418|0.0082|0.0096|-0.6602|0.0890||5.00|19|4.35|23
GME211210P00215000|42.73|42.73|37.79|40.77|37.79|14|-2.98|-0.0731|-4|34|1|2|-0.8193|0.0086|-0.0456|-0.4484|0.0750||39.95|24|37.30|7
GME211210C00217500|5.45|5.45|4.28|5.55|4.50|15|-1.05|-0.1892|3|30|1|4|0.2364|0.0078|0.0094|-0.6803|0.0879||4.75|11|3.90|37
GME211210P00217500|42.22|42.22|42.15|28.08|42.15|15|14.07|0.5011|0|25|1|3|-0.7435|0.0076|-0.0436|-0.7594|0.0919||42.15|24|39.55|4
GME211210C00220000|5.00|5.35|3.57|4.80|3.90|16|-0.90|-0.1875|47|401|1|232|0.2140|0.0075|0.0085|-0.6263|0.0831||4.15|3|3.70|42
GME211210P00220000|39.30|42.63|39.30|42.99|42.22|16|-0.77|-0.0179|0|155|1|3|-0.8111|0.0076|-0.0466|-0.5348|0.0771||44.35|23|41.55|5
GME211210C00222500|4.55|4.55|3.50|4.14|3.75|17|-0.39|-0.0942|5|63|11|43|0.2073|0.0072|0.0082|-0.6328|0.0816||4.20|13|3.45|32
GME211210P00222500|46.47|46.97|46.47|33.35|46.97|17|13.62|0.4084|0|45|6|10|-0.7591|0.0070|-0.0455|-0.7712|0.0889||46.60|20|43.60|5
GME211210C00225000|4.28|4.60|3.20|4.05|3.55|18|-0.50|-0.1235|16|334|1|31|0.2124|0.0068|0.0084|-0.6869|0.0827||3.95|11|3.25|67
GME211210P00225000|47.35|47.35|47.35|47.49|47.35|18|-0.14|-0.0029|2|461|1|1|-0.8160|0.0069|-0.0481|-0.5721|0.0758||48.90|20|45.95|12
GME211210C00227500|4.25|4.25|3.22|3.65|3.35|19|-0.30|-0.0822|2|23|1|5|0.1726|0.0066|0.0069|-0.5526|0.0729||3.75|16|3.00|39
GME211210P00227500||||34.06|34.06|19|0.00|0.0000|0|35|0|0|-0.8250|0.0066|-0.2508|-0.1092|0.1662||51.20|20|48.00|12
GME211210C00230000|4.00|4.05|2.55|3.55|3.05|20|-0.50|-0.1408|9|393|1|35|0.1726|0.0063|0.0069|-0.5770|0.0729||3.40|1|2.97|14
GME211210P00230000||||41.51|41.51|20|0.00|0.0000|-1|38|0|0|-0.8844|0.0058|-0.0520|-0.3597|0.0555||53.50|16|50.55|3
GME211210C00232500|3.60|3.90|2.69|3.00|2.69|21|-0.31|-0.1033|-19|30|1|9|0.1656|0.0060|0.0066|-0.5712|0.0710||3.35|16|2.62|38
GME211210P00232500|56.09|56.09|56.09|49.93|56.09|21|6.16|0.1234|1|11|5|5|-0.9094|0.0052|-0.0536|-0.2851|0.0465||55.85|20|52.75|3
GME211210C00235000|3.40|3.55|2.49|3.15|2.74|22|-0.41|-0.1302|-30|902|3|40|0.1570|0.0058|0.0063|-0.5569|0.0686||3.20|15|2.58|15
GME211210P00235000|57.29|58.42|57.29|45.86|58.42|22|12.56|0.2739|0|36|5|6|-0.8025|0.0058|-0.0502|-0.7352|0.0792||58.20|20|55.05|5
GME211210C00237500|2.69|2.69|2.69|2.90|2.69|23|-0.21|-0.0724|0|18|1|3|0.1517|0.0055|0.0060|-0.5557|0.0669||3.00|12|2.37|40
GME211210P00237500||||48.03|48.03|23|0.00|0.0000|1|25|0|0|-0.9116|0.0047|-0.0549|-0.2999|0.0457||60.55|10|57.45|5
GME211210C00240000|2.82|3.60|2.47|2.84|2.51|24|-0.33|-0.1162|20|330|2|99|0.1432|0.0053|0.0057|-0.5378|0.0644||2.89|14|2.33|14
GME211210P00240000|58.15|58.15|58.15|45.67|58.15|24|12.48|0.2733|0|33|1|1|-0.8883|0.0050|-0.0546|-0.4035|0.0542||62.95|20|59.90|3
GME211210C00245000|3.23|3.23|2.20|2.56|2.22|25|-0.34|-0.1328|4|172|1|11|0.1286|0.0048|0.0051|-0.5070|0.0598||2.50|4|2.06|31
GME211210P00245000||||50.19|50.19|25|0.00|0.0000|0|23|0|0|-0.9853|0.0015|-0.0598|-0.0492|0.0106||67.70|21|64.50|12
GME211210C00250000|3.15|3.20|1.90|2.35|2.25|26|-0.10|-0.0426|-1|2190|3|272|0.1223|0.0045|0.0049|-0.5078|0.0578||2.25|9|1.99|14
GME211210P00250000||||60.35|60.35|26|0.00|0.0000|1|15|0|0|-0.9750|0.0021|-0.0606|-0.0919|0.0167||72.50|20|69.50|3
GME211210C00255000|2.37|2.37|1.80|2.20|2.00|27|-0.20|-0.0909|12|65|2|19|0.1155|0.0042|0.0046|-0.5005|0.0557||2.18|11|1.79|23
GME211210P00255000||||40.40|40.40|27|0.00|0.0000|0|5|0|0|-0.9985|0.0002|-0.0628|-0.0048|0.0014||77.35|21|74.30|12
GME211210C00260000|3.10|3.10|1.65|2.20|1.76|28|-0.44|-0.2000|-16|936|4|96|0.1033|0.0038|0.0041|-0.4682|0.0512||2.00|8|1.71|15
GME211210P00260000||||69.85|69.85|28|0.00|0.0000|1|22|0|0|-0.9753|0.0018|-0.0631|-0.1012|0.0165||82.25|12|79.35|4
GME211210C00270000|2.00|2.02|1.48|1.82|1.66|29|-0.16|-0.0879|16|220|1|14|0.0926|0.0034|0.0037|-0.4543|0.0473||1.74|17|1.41|19
GME211210P00270000||||75.18|75.18|29|0.00|0.0000|0|14|0|0|-0.9354|0.0029|-0.0640|-0.3075|0.0360||92.05|12|89.35|4
GME211210C00280000|1.83|1.83|1.19|1.50|1.40|30|-0.10|-0.0667|22|226|1|34|0.3579|0.0032|0.0561|-0.4681|0.2408||1.52|23|1.30|16
GME211210P00280000||||84.53|84.53|30|0.00|0.0000|0|1|0|0|-0.9481|0.0024|-0.0669|-0.2642|0.0303||101.85|1|99.00|5
GME211210C00290000|1.45|1.47|1.22|1.49|1.25|31|-0.24|-0.1611|9|150|10|34|0.0707|0.0026|0.0028|-0.3954|0.0386||1.39|36|1.16|22
GME211210P00290000||||82.25|82.25|31|0.00|0.0000|0|7|0|0|-0.9954|0.0004|-0.0713|-0.0224|0.0038||111.70|1|109.00|4
GME211210C00300000|1.28|1.36|1.05|1.24|1.14|32|-0.10|-0.0806|-171|876|1|346|0.0642|0.0023|0.0025|-0.3807|0.0358||1.19|15|1.05|15
GME211210P00300000||||76.00|76.00|32|0.00|0.0000|0|14|0|0|-0.9992|0.0001|-0.0739|-0.0031|0.0007||121.55|12|118.85|8
GME211210C00310000|1.10|1.10|0.95|1.06|1.01|33|-0.05|-0.0472|3|156|1|117|0.0553|0.0020|0.0022|-0.3449|0.0318||1.11|10|0.95|12
GME211210P00310000||||83.61|83.61|33|0.00|0.0000|0|4|0|0|-0.8849|0.0028|-0.3685|-0.1463|0.1251||131.45|10|128.85|4
GME211210C00320000|1.00|1.00|0.90|0.99|0.90|34|-0.09|-0.0909|11|274|5|12|0.0503|0.0018|0.0020|-0.3296|0.0296||1.01|22|0.82|8
GME211210P00320000||||89.47|89.47|34|0.00|0.0000|0|3|0|0|-0.9999|0.0000|-0.0789|0.0004|0.0001||141.35|12|138.75|4
GME211210C00330000|0.89|0.92|0.80|1.05|0.80|35|-0.25|-0.2381|26|263|1|24|0.0483|0.0017|0.0019|-0.3312|0.0286||1.00|70|0.70|74
GME211210P00330000||||||35||||0|0|0|-1.0000|0.0000|-0.0814|0.0011|0.0000||151.25|10|148.00|12
GME211210C00340000|0.80|0.84|0.75|0.87|0.75|36|-0.12|-0.1379|2|88|2|14|0.0407|0.0015|0.0016|-0.2902|0.0249||0.79|8|0.66|6
GME211210P00340000||||||36||||0|0|0|-1.0000|0.0000|-0.0838|0.0011|0.0000||161.15|12|157.90|12
GME211210C00350000|1.05|1.05|0.64|0.76|0.64|37|-0.12|-0.1579|-501|388|1|52|0.0364|0.0013|0.0014|-0.2691|0.0227||0.72|18|0.60|5
GME211210P00350000||||||37||||0|0|0|-1.0000|0.0000|-0.0863|0.0011|0.0000||171.10|10|167.85|12
GME211210C00360000|0.62|0.68|0.61|0.63|0.61|38|-0.02|-0.0317|5|87|1|5|0.0356|0.0012|0.0014|-0.2740|0.0224||0.67|2|0.46|18
GME211210P00360000||||||38||||0|0|0|-1.0000|0.0000|-0.0888|0.0012|0.0000||181.05|10|177.85|12
GME211210C00370000||||0.75|0.75|39|0.00|0.0000|-3|21|0|0|0.0381|0.0013|0.0015|-0.3036|0.0237||0.66|15|0.46|30
GME211210P00370000||||||39||||0|0|0|-1.0000|0.0000|-0.0912|0.0012|0.0000||191.00|10|187.80|12
GME211210C00380000|0.62|0.62|0.54|0.52|0.54|40|0.02|0.0385|6|51|1|4|0.0318|0.0011|0.0012|-0.2610|0.0203||0.62|38|0.37|14
GME211210P00380000||||||40||||0|0|0|-1.0000|0.0000|-0.0937|0.0012|0.0000||200.90|12|197.80|12
GME211210C00390000|0.55|0.55|0.49|0.59|0.49|41|-0.10|-0.1695|3|47|1|5|0.0285|0.0010|0.0011|-0.2407|0.0186||0.52|12|0.34|19
GME211210P00390000||||||41||||0|0|0|-1.0000|0.0000|-0.0962|0.0013|0.0000||210.85|4|207.75|12
GME211210C00400000|0.72|0.72|0.38|0.57|0.44|42|-0.13|-0.2281|-207|426|3|98|0.0228|0.0008|0.0009|-0.1979|0.0154||0.48|12|0.37|2
GME211210P00400000||||||42||||0|0|0|-1.0000|0.0000|-0.5040|0.0013|0.0000||220.85|12|217.75|12
GME211210C00410000|0.49|0.49|0.36|0.38|0.36|43|-0.02|-0.0526|6|52|1|2|0.0198|0.0007|0.0008|-0.1760|0.0137||0.40|3|0.25|14
GME211210P00410000||||||43||||0|0|0|-1.0000|0.0000|-0.1011|0.0013|0.0000||230.80|12|227.75|12
GME211210C00420000|0.50|0.55|0.45|0.42|0.45|44|0.03|0.0714|11|169|1|5|0.0229|0.0008|0.0009|-0.2102|0.0155||0.44|12|0.23|23
GME211210P00420000||||||44||||0|0|0|-1.0000|0.0000|-0.1036|0.0014|0.0000||240.75|10|237.70|12
GME211210C00430000|0.34|0.40|0.31|0.38|0.40|45|0.02|0.0526|17|42|1|302|0.2905|0.0022|0.0418|-0.5900|0.2208||0.43|1|0.33|2
GME211210P00430000||||||45||||0|0|0|-1.0000|0.0000|-0.1060|0.0014|0.0000||250.70|12|247.70|4
GME211210C00440000|0.52|0.52|0.32|0.30|0.36|46|0.06|0.2000|0|33|4|38|0.0189|0.0007|0.0007|-0.1810|0.0131||0.42|9|0.18|10
GME211210P00440000||||||46||||0|0|0|-1.0000|0.0000|-0.1085|0.0014|0.0000||260.70|20|256.85|2
GME211210C00450000|0.24|0.37|0.23|0.31|0.37|47|0.06|0.1935|6|98|1|214|0.0197|0.0007|0.0008|-0.1937|0.0136||0.42|26|0.27|1
GME211210P00450000||||||47||||0|0|0|-1.0000|0.0000|-0.1110|0.0015|0.0000||270.65|10|266.45|3
GME211210C00460000|0.30|0.30|0.30|0.27|0.30|48|0.03|0.1111|1|18|3|3|0.0145|0.0005|0.0006|-0.1453|0.0105||0.42|31|0.27|1
GME211210P00460000||||||48||||0|0|0|-1.0000|0.0000|-0.1134|0.0015|0.0000||280.65|20|276.80|4
GME211210C00470000|0.34|0.34|0.34|0.28|0.34|49|0.06|0.2143|3|15|1|1|0.0170|0.0006|0.0007|-0.1744|0.0120||0.42|31|0.13|14
GME211210P00470000||||||49||||0|0|0|-1.0000|0.0000|-0.5922|0.0015|0.0000||290.60|12|286.90|2
GME211210C00480000|0.40|0.40|0.40|0.25|0.40|50|0.15|0.6000|7|32|1|1|0.0190|0.0006|0.0007|-0.1985|0.0132||0.38|19|0.12|4
GME211210P00480000||||||50||||0|0|0|-1.0000|0.0000|-0.1184|0.0016|0.0000||300.60|10|296.90|4
GME211210C00490000|0.30|0.35|0.24|0.40|0.24|51|-0.16|-0.4000|4|91|2|16|0.0126|0.0004|0.0005|-0.1339|0.0093||0.31|2|0.10|5
GME211210P00490000||||||51||||0|0|0|-1.0000|0.0000|-0.1208|0.0016|0.0000||310.55|12|306.80|4
GME211210C00500000|0.38|0.38|0.19|0.38|0.22|52|-0.16|-0.4211|-12|856|1|40|0.0128|0.0004|0.0005|-0.1389|0.0095||0.26|10|0.18|3
GME211210P00500000||||||52||||0|0|0|-1.0000|0.0000|-0.1233|0.0016|0.0000||320.55|12|316.80|5
GME211210C00510000|0.55|0.55|0.11|0.37|0.23|53|-0.14|-0.3784|139|2025|2|243|0.0115|0.0004|0.0004|-0.1260|0.0086||0.26|17|0.20|1
GME211210P00510000||||||53||||0|0|0|-1.0000|0.0000|-0.6426|0.0017|0.0000||330.50|1|326.80|5
GME211217C00080000|94.56|94.56|94.56|110.26|94.56|20|-15.70|-0.1424|0|1|1|1|0.9082|0.0009|0.0225|-0.9080|0.0626||103.55|5|99.95|12
GME211217P00080000|0.47|0.47|0.32|0.30|0.35|20|0.05|0.1667|26|349|3|8|-0.0108|0.0004|-0.0010|-0.0632|0.0109||0.50|12|0.24|16
GME211217C00085000||||95.85|95.85|19|0.00|0.0000|0|1|0|0|0.9721|0.0008|0.0346|-0.1639|0.0244||99.00|2|95.00|12
GME211217P00085000|0.45|0.45|0.42|0.35|0.43|19|0.08|0.2286|1|122|2|5|-0.0133|0.0005|-0.0012|-0.0725|0.0130||0.45|1|0.32|1
GME211217C00090000||||137.00|137.00|18|0.00|0.0000|0|4|0|0|0.9040|0.0005|0.0115|-1.7888|0.0648||93.30|7|90.05|10
GME211217P00090000|0.49|0.53|0.49|0.46|0.53|18|0.07|0.1522|0|66|1|5|-0.0166|0.0006|-0.0015|-0.0850|0.0158||0.67|14|0.40|38
GME211217C00100000|79.94|79.94|79.69|114.96|79.69|17|-35.27|-0.3068|0|49|1|2|0.9989|0.0001|0.0437|-0.0045|0.0014||83.05|4|80.25|13
GME211217P00100000|0.80|0.81|0.50|0.78|0.76|17|-0.02|-0.0256|126|869|6|486|-0.0013|0.0001|-0.0001|-0.0049|0.0016||0.78|4|0.59|7
GME211217C00105000||||66.05|66.05|16|0.00|0.0000|0|1|0|0|0.9980|0.0002|0.0459|-0.0077|0.0025||78.10|4|75.40|2
GME211217P00105000|0.87|0.95|0.86|0.78|0.86|16|0.08|0.1026|-2|89|2|56|-0.0023|0.0002|-0.0002|-0.0081|0.0027||0.98|39|0.71|68
GME211217C00110000||||73.25|73.25|15|0.00|0.0000|0|1|0|0|0.9967|0.0003|0.0479|-0.0113|0.0038||73.30|5|70.55|1
GME211217P00110000|0.89|1.40|0.89|0.82|1.03|15|0.21|0.2561|2|375|100|257|-0.0039|0.0003|-0.0003|-0.0128|0.0044||1.18|14|0.87|15
GME211217C00115000||||112.11|112.11|14|0.00|0.0000|0|2|0|0|0.9946|0.0005|0.0500|-0.0166|0.0058||68.45|4|65.75|10
GME211217P00115000|1.34|1.45|1.34|0.68|1.45|14|0.77|1.1324|0|148|5|17|-0.0072|0.0006|-0.0006|-0.0221|0.0076||1.37|15|1.06|23
GME211217C00120000||||64.15|64.15|13|0.00|0.0000|24|51|0|0|0.9905|0.0008|0.0518|-0.0270|0.0097||63.80|5|61.05|11
GME211217P00120000|1.37|1.55|1.37|1.34|1.45|13|0.11|0.0821|17|153|1|11|-0.0122|0.0009|-0.0010|-0.0345|0.0120||1.65|13|1.28|16
GME211217C00125000||||79.68|79.68|12|0.00|0.0000|0|35|0|0|0.8982|0.0029|0.1496|-0.1035|0.1230||59.00|5|56.45|1
GME211217P00125000|1.55|1.88|1.55|1.56|1.88|12|0.32|0.2051|-4|205|3|6|-0.0209|0.0014|-0.0018|-0.0549|0.0191||2.06|65|1.56|29
GME211217C00130000||||55.70|55.70|11|0.00|0.0000|0|10|0|0|0.8781|0.0033|0.1504|-0.1163|0.1399||54.55|13|51.90|16
GME211217P00130000|1.86|2.65|1.80|2.20|2.21|11|0.01|0.0045|9|195|1|35|-0.0323|0.0021|-0.0028|-0.0783|0.0275||2.52|57|1.93|65
GME211217C00135000||||90.47|90.47|10|0.00|0.0000|0|3|0|0|0.9551|0.0028|0.0553|-0.0996|0.0360||49.85|4|47.45|10
GME211217P00135000|2.62|2.71|2.62|2.75|2.71|10|-0.04|-0.0145|0|140|1|2|-0.0479|0.0029|-0.0041|-0.1068|0.0379||2.99|18|2.44|31
GME211217C00140000|40.15|40.15|40.15|47.75|40.15|9|-7.60|-0.1592|1|146|1|1|0.8295|0.0042|0.1489|-0.1443|0.1755||45.45|4|43.15|2
GME211217P00140000|3.26|4.39|3.00|3.21|3.50|9|0.29|0.0903|11|549|5|320|-0.0702|0.0039|-0.0061|-0.1440|0.0512||3.65|25|3.10|25
GME211217C00145000||||96.94|96.94|8|0.00|0.0000|0|57|0|0|0.9066|0.0050|0.0554|-0.1743|0.0635||41.65|10|39.00|16
GME211217P00145000|4.18|4.18|3.35|4.15|4.02|8|-0.13|-0.0313|16|211|1|26|-0.1008|0.0051|-0.0088|-0.1909|0.0671||4.70|78|3.90|7
GME211217C00150000||||35.85|35.85|7|0.00|0.0000|0|71|0|0|0.8701|0.0063|0.0544|-0.2223|0.0804||37.50|4|35.05|15
GME211217P00150000|4.25|6.92|4.00|5.25|5.10|7|-0.15|-0.0286|86|1619|1|240|-0.1351|0.0063|-0.0119|-0.2340|0.0826||5.35|18|4.95|11
GME211217C00155000|35.95|35.95|30.10|42.74|30.10|6|-12.64|-0.2957|0|11|1|2|0.7396|0.0053|0.1397|-0.1864|0.2247||33.65|10|31.30|23
GME211217P00155000|4.10|8.13|4.10|6.88|6.54|6|-0.34|-0.0494|13|308|2|26|-0.1748|0.0075|-0.0155|-0.2754|0.0979||6.90|68|6.15|8
GME211217C00160000|25.00|27.70|25.00|38.33|27.70|5|-10.63|-0.2773|-1|97|1|2|0.7844|0.0088|0.0510|-0.3034|0.1113||30.15|15|27.80|56
GME211217P00160000|6.80|10.00|6.40|8.40|7.75|5|-0.65|-0.0774|26|650|19|1061|-0.2217|0.0087|-0.0198|-0.3180|0.1131||8.20|30|7.55|45
GME211217C00165000|24.60|24.60|24.60|34.08|24.60|4|-9.48|-0.2782|0|82|1|1|0.7298|0.0098|0.0481|-0.3480|0.1258||26.85|16|24.55|54
GME211217P00165000|8.60|10.85|8.60|10.05|9.36|4|-0.69|-0.0687|22|307|1|12|-0.2739|0.0096|-0.0246|-0.3591|0.1266||9.95|20|9.25|62
GME211217C00170000||||23.22|23.22|3|0.00|0.0000|-2|117|0|0|0.6727|0.0106|0.0449|-0.3847|0.1373||23.90|14|21.55|56
GME211217P00170000|11.28|14.80|10.85|11.92|11.40|3|-0.52|-0.0436|291|1083|5|92|-0.3300|0.0104|-0.0300|-0.3953|0.1377||12.00|59|11.20|53
GME211217C00175000|21.90|21.90|16.27|21.60|20.50|2|-1.10|-0.0509|-22|188|1|11|0.6103|0.0062|0.1211|-0.2229|0.2655||21.10|11|18.85|67
GME211217P00175000|15.80|16.43|12.98|14.30|14.05|2|-0.25|-0.0175|18|703|1|23|-0.3857|0.0110|-0.0353|-0.4164|0.1455||14.65|89|13.35|56
GME211217C00180000|21.00|21.00|14.24|17.51|19.00|1|1.49|0.0851|17|465|1|51|0.5562|0.0116|0.0380|-0.4191|0.1502||18.60|18|16.45|114
GME211217P00180000|15.35|20.86|15.00|17.60|16.63|1|-0.97|-0.0551|199|1062|1|42|-0.4433|0.0114|-0.0410|-0.4286|0.1502||17.25|82|15.80|49
GME211217C00185000|17.00|18.25|12.92|16.00|15.00|1|-1.00|-0.0625|13|268|1|31|0.4966|0.0117|0.0342|-0.4249|0.1516||16.10|31|14.50|86
GME211217P00185000|17.32|23.60|17.00|19.85|19.44|1|-0.41|-0.0207|1|269|1|63|-0.4514|0.0063|-0.1583|-0.2360|0.2741||20.15|68|18.55|14
GME211217C00187500|15.87|15.87|15.87|14.09|15.87|2|1.78|0.1263|15|39|1|2|0.5049|0.0083|0.0329|-0.5982|0.1517||15.00|29|13.35|74
GME211217P00187500|20.48|20.48|19.77|21.85|19.77|2|-2.08|-0.0952|15|115|1|2|-0.5018|0.0089|-0.0493|-0.5611|0.1517||21.70|63|20.05|28
GME211217C00190000|15.00|16.15|10.20|13.65|13.36|3|-0.29|-0.0212|83|239|1|107|0.4426|0.0115|0.0308|-0.4236|0.1501||14.00|36|12.70|76
GME211217P00190000|20.10|26.92|20.10|22.75|22.61|3|-0.14|-0.0062|3|450|1|18|-0.5542|0.0112|-0.0524|-0.4337|0.1503||23.35|62|21.55|17
GME211217C00192500|12.74|12.74|12.50|12.10|12.50|4|0.40|0.0331|20|28|1|2|0.4448|0.0095|0.0301|-0.5147|0.1502||13.10|11|11.85|31
GME211217P00192500||||24.70|24.70|4|0.00|0.0000|7|112|0|0|-0.5522|0.0093|-0.0542|-0.5255|0.1504||25.05|64|23.05|30
GME211217C00195000|13.00|13.35|11.09|11.79|11.09|5|-0.70|-0.0594|18|148|1|8|0.3910|0.0111|0.0274|-0.4163|0.1460||12.25|10|10.85|71
GME211217P00195000|29.90|31.30|23.65|25.08|25.45|5|0.37|0.0148|8|423|1|146|-0.6053|0.0109|-0.0579|-0.4256|0.1464||26.65|55|24.45|44
GME211217C00197500|12.50|13.00|10.39|10.50|10.70|6|0.20|0.0190|33|38|1|45|0.4002|0.0093|0.0272|-0.5041|0.1468||11.45|13|10.30|45
GME211217P00197500||||27.65|27.65|6|0.00|0.0000|1|93|0|0|-0.5904|0.0089|-0.0589|-0.5311|0.1477||28.55|61|26.55|6
GME211217C00200000|11.05|12.80|8.47|10.50|10.20|7|-0.30|-0.0286|134|1099|19|1457|0.3428|0.0105|0.0241|-0.4040|0.1397||10.70|22|10.00|20
GME211217P00200000|28.60|32.77|28.10|28.61|29.00|7|0.39|0.0136|4|1921|1|10|-0.6506|0.0103|-0.0632|-0.4161|0.1408||29.65|12|28.15|26
GME211217C00202500|10.60|10.80|9.79|10.00|9.79|8|-0.21|-0.0210|5|18|1|31|0.4960|0.0048|0.0943|-0.3119|0.2761||10.05|43|9.00|66
GME211217P00202500||||24.10|24.10|8|0.00|0.0000|0|116|0|0|-0.7474|0.0120|-0.0703|-0.2661|0.1215||32.15|16|30.00|21
GME211217C00205000|10.00|10.05|7.47|9.40|8.75|9|-0.65|-0.0691|16|57|1|24|0.3575|0.0083|0.0242|-0.5270|0.1418||9.45|56|8.45|47
GME211217P00205000|36.08|36.08|33.98|33.95|33.98|9|0.03|0.0009|6|165|10|11|-0.6154|0.0075|-0.0644|-0.6082|0.1452||34.10|21|31.75|16
GME211217C00207500|10.20|10.20|7.35|9.03|8.90|10|-0.13|-0.0144|12|28|1|8|0.3480|0.0079|0.0235|-0.5395|0.1405||8.85|29|7.90|50
GME211217P00207500||||21.30|21.30|10|0.00|0.0000|0|181|0|0|-0.9412|0.0078|-0.0864|-0.0545|0.0446||36.10|20|33.65|17
GME211217C00210000|10.25|10.25|6.70|9.00|8.00|11|-1.00|-0.1111|323|845|1|42|0.2571|0.0092|0.0183|-0.3548|0.1226||8.15|1|7.65|39
GME211217P00210000|40.00|40.70|37.88|40.00|37.88|11|-2.12|-0.0530|7|226|1|7|-0.7380|0.0091|-0.0735|-0.3641|0.1238||38.10|21|35.90|4
GME211217C00212500|6.50|6.50|6.50|7.88|6.50|12|-1.38|-0.1751|1|22|1|1|0.2781|0.0082|0.0194|-0.4284|0.1275||7.90|13|6.90|62
GME211217P00212500|42.25|42.25|42.25|27.00|42.25|12|15.25|0.5648|0|59|4|4|-0.5069|0.0040|-0.2197|-0.3705|0.2761||40.15|25|37.90|24
GME211217C00215000|8.03|8.03|6.90|7.33|6.90|13|-0.43|-0.0587|3|93|1|5|0.4581|0.0045|0.0867|-0.3296|0.2746||7.45|27|6.60|53
GME211217P00215000|38.00|46.00|38.00|32.68|42.25|13|9.57|0.2928|0|99|1|4|-0.5386|0.0044|-0.2253|-0.3338|0.2748||42.25|26|39.70|16
GME211217C00217500|7.20|7.20|7.20|7.75|7.20|14|-0.55|-0.0710|18|38|1|1|0.2789|0.0073|0.0191|-0.4832|0.1277||7.05|24|6.25|54
GME211217P00217500|47.80|47.80|47.80|34.55|47.80|14|13.25|0.3835|0|23|1|1|-0.6335|0.0059|-0.0720|-0.7468|0.1431||44.45|25|41.85|10
GME211217C00220000|6.89|7.58|5.30|6.70|6.40|15|-0.30|-0.0448|257|1902|1|64|0.3596|0.0058|0.0757|-0.2283|0.2589||6.50|1|6.10|31
GME211217P00220000|46.55|46.55|46.55|42.02|46.55|15|4.53|0.1078|-1|445|1|1|-0.8034|0.0076|-0.0824|-0.3153|0.1054||46.60|24|44.10|28
GME211217C00222500|7.50|7.50|6.60|5.85|6.60|16|0.75|0.1282|1|67|1|4|0.2779|0.0066|0.0188|-0.5306|0.1275||6.35|34|5.65|54
GME211217P00222500|52.45|52.95|48.85|31.45|49.15|16|17.70|0.5628|0|10|2|15|-0.7318|0.0067|-0.0793|-0.5035|0.1253||48.80|25|46.25|6
GME211217C00225000|6.35|6.35|5.50|6.00|5.80|17|-0.20|-0.0333|6|105|1|19|0.2470|0.0066|0.0170|-0.4710|0.1201||6.05|21|5.40|32
GME211217P00225000|48.50|48.50|48.50|32.35|48.50|17|16.15|0.4992|0|31|1|2|-0.8058|0.0069|-0.0849|-0.3431|0.1046||51.00|25|48.35|7
GME211217C00227500|5.60|5.60|5.60|5.85|5.60|18|-0.25|-0.0427|-1|8|1|1|0.2486|0.0063|0.0169|-0.4960|0.1205||5.75|45|5.15|45
GME211217P00227500||||48.05|48.05|18|0.00|0.0000|17|60|0|0|-0.9152|0.0055|-0.0934|-0.1360|0.0590||53.20|16|50.60|14
GME211217C00230000|5.65|6.40|4.85|5.33|5.25|19|-0.08|-0.0150|-3|431|1|57|0.1416|0.0061|0.0102|-0.2563|0.0853||5.50|37|4.90|79
GME211217P00230000|54.21|54.21|54.21|49.83|54.21|19|4.38|0.0879|-10|63|1|1|-0.8537|0.0062|-0.0903|-0.2654|0.0872||55.50|25|52.85|8
GME211217C00232500|4.50|4.50|4.45|5.20|4.45|20|-0.75|-0.1442|3|80|1|3|0.2082|0.0060|0.0144|-0.4262|0.1090||5.25|30|4.70|37
GME211217P00232500||||53.30|53.30|20|0.00|0.0000|0|19|0|0|-0.9072|0.0052|-0.0951|-0.1645|0.0631||57.75|20|55.40|9
GME211217C00235000|5.70|5.70|5.14|4.79|5.14|21|0.35|0.0731|17|74|1|6|0.2264|0.0058|0.0154|-0.4919|0.1145||5.00|16|4.55|32
GME211217P00235000||||54.70|54.70|21|0.00|0.0000|43|60|0|0|-0.6444|0.0047|-0.2696|-0.2783|0.2578||60.05|19|57.40|7
GME211217C00240000|4.37|4.78|4.21|4.70|4.21|22|-0.49|-0.1043|-4|308|5|75|0.1014|0.0048|0.0074|-0.2040|0.0674||4.60|6|4.15|60
GME211217P00240000|65.50|65.50|65.50|65.23|65.50|22|0.27|0.0041|8|54|1|1|-0.8915|0.0049|-0.0974|-0.2195|0.0708||64.70|21|62.10|14
GME211217C00245000|4.75|4.75|3.95|4.10|3.95|23|-0.15|-0.0366|5|87|1|155|0.1909|0.0051|0.0130|-0.4531|0.1034||4.30|31|3.85|62
GME211217P00245000|71.40|71.40|71.40|56.01|71.40|23|15.39|0.2748|-5|49|2|5|-0.7699|0.0051|-0.0921|-0.5701|0.1155||69.35|17|66.75|6
GME211217C00250000|4.46|4.75|3.45|4.00|3.70|24|-0.30|-0.0750|14|1169|1|107|0.0735|0.0037|0.0054|-0.1629|0.0530||3.90|5|3.65|30
GME211217P00250000||||73.53|73.53|24|0.00|0.0000|-1|56|0|0|-0.9217|0.0038|-0.1039|-0.1735|0.0556||74.10|21|71.30|5
GME211217C00255000|3.60|3.60|3.41|3.60|3.47|25|-0.13|-0.0361|-1|355|1|5|0.1561|0.0045|0.0107|-0.3985|0.0910||3.80|24|3.35|25
GME211217P00255000||||39.75|39.75|25|0.00|0.0000|0|5|0|0|-0.9984|0.0002|-0.1117|-0.0024|0.0019||78.85|20|75.75|11
GME211217C00260000|3.55|3.85|3.20|3.59|3.25|26|-0.34|-0.0947|30|516|2|35|0.0527|0.0028|0.0039|-0.1270|0.0409||3.50|12|3.10|49
GME211217P00260000|78.20|78.20|78.20|72.05|78.20|26|6.15|0.0854|0|21|1|1|-0.9436|0.0029|-0.1099|-0.1358|0.0432||83.65|21|80.75|7
GME211217C00270000|3.25|3.25|2.85|3.19|2.90|27|-0.29|-0.0909|18|541|1|228|0.0393|0.0022|0.0029|-0.1025|0.0323||3.10|10|2.80|22
GME211217P00270000||||65.35|65.35|27|0.00|0.0000|0|49|0|0|-0.9568|0.0023|-0.1152|-0.1122|0.0349||93.35|21|90.40|13
GME211217C00280000|3.29|3.29|2.57|2.55|2.63|28|0.08|0.0314|7|2032|1|210|0.1859|0.0037|0.0401|-0.1820|0.1853||2.83|33|2.43|62
GME211217P00280000||||91.00|91.00|28|0.00|0.0000|0|10|0|0|-0.9673|0.0018|-0.1203|-0.0910|0.0278||103.10|21|100.20|7
GME211217C00290000|2.60|2.69|2.48|2.43|2.57|29|0.14|0.0576|3|522|1|45|0.1700|0.0034|0.0367|-0.1755|0.1752||2.57|4|2.20|36
GME211217P00290000||||68.50|68.50|29|0.00|0.0000|0|25|0|0|-0.9735|0.0015|-0.1252|-0.0786|0.0233||112.85|13|109.85|5
GME211217C00300000|2.55|2.60|2.04|2.35|2.23|30|-0.12|-0.0511|199|5147|10|772|0.1546|0.0032|0.0334|-0.1674|0.1647||2.35|11|2.23|2
GME211217P00300000|125.00|125.00|125.00|116.00|125.00|30|9.00|0.0776|0|20|4|5|-0.9806|0.0011|-0.1301|-0.0605|0.0179||122.70|12|119.65|2
GME211217C00310000|2.10|2.40|2.03|2.21|2.03|31|-0.18|-0.0814|-1|369|1|12|0.0128|0.0008|0.0009|-0.0426|0.0125||2.20|11|1.87|36
GME211217P00310000||||102.75|102.75|31|0.00|0.0000|0|3|0|0|-0.9848|0.0009|-0.1348|-0.0498|0.0145||132.55|12|129.65|8
GME211217C00320000|2.00|2.04|1.73|2.00|1.73|32|-0.27|-0.1350|4|407|1|46|0.0099|0.0006|0.0007|-0.0348|0.0101||2.09|71|1.76|11
GME211217P00320000||||96.00|96.00|32|0.00|0.0000|0|17|0|0|-0.9880|0.0007|-0.1394|-0.0410|0.0118||142.40|4|139.65|5
GME211217C00330000||||1.75|1.75|33|0.00|0.0000|28|213|0|0|0.1200|0.0026|0.0260|-0.1473|0.1385||1.75|1|1.60|38
GME211217P00330000||||159.50|159.50|33|0.00|0.0000|0|3|0|0|-0.9906|0.0006|-0.1440|-0.0334|0.0096||152.30|11|149.30|15
GME211217C00340000|2.00|2.00|1.60|1.53|1.60|34|0.07|0.0458|5|232|2|4|0.0065|0.0004|0.0005|-0.0248|0.0069||1.77|37|1.48|36
GME211217P00340000||||126.85|126.85|34|0.00|0.0000|0|7|0|0|-0.9926|0.0005|-0.1485|-0.0274|0.0078||162.20|11|159.30|8
GME211217C00350000|1.75|1.84|1.50|1.75|1.55|35|-0.20|-0.1143|13|990|1|41|0.0053|0.0003|0.0004|-0.0212|0.0058||1.65|38|1.42|25
GME211217P00350000||||133.85|133.85|35|0.00|0.0000|0|4|0|0|-0.9937|0.0004|-0.1530|-0.0239|0.0067||172.10|10|169.30|5
GME211217C00360000|1.50|1.60|1.37|1.58|1.37|36|-0.21|-0.1329|0|308|4|8|0.0046|0.0003|0.0003|-0.0190|0.0051||1.59|80|1.29|75
GME211217P00360000||||||36|||0|0|0|0|-0.8926|0.0022|-0.4996|-0.1459|0.1279||182.00|10|178.60|15
GME211217C00370000|1.45|1.45|1.45|1.97|1.45|37|-0.52|-0.2640|0|447|1|1|0.0040|0.0003|0.0003|-0.0172|0.0045||1.58|91|1.22|58
GME211217P00370000||||172.65|172.65|37|0.00|0.0000|0|3|0|0|-0.9954|0.0003|-0.1618|-0.0185|0.0051||191.90|12|188.60|17
GME211217C00380000|1.60|1.60|1.60|1.36|1.60|38|0.24|0.1765|1|169|1|1|0.0035|0.0002|0.0003|-0.0154|0.0040||1.58|144|1.20|1
GME211217P00380000||||165.60|165.60|38|0.00|0.0000|0|17|0|0|-0.9962|0.0002|-0.1663|-0.0158|0.0044||201.80|12|198.60|16
GME211217C00390000|1.18|1.18|1.18|1.38|1.18|39|-0.20|-0.1449|0|192|1|1|0.0031|0.0002|0.0002|-0.0142|0.0036||1.23|14|1.03|32
GME211217P00390000||||||39|||0|0|0|0|-0.9966|0.0002|-0.1707|-0.0144|0.0039||211.70|1|208.55|12
GME211217C00400000|1.20|1.39|1.01|1.29|1.11|40|-0.18|-0.1395|16|1166|1|56|0.0025|0.0002|0.0002|-0.0117|0.0029||1.10|10|1.00|5
GME211217P00400000||||198.90|198.90|40|0.00|0.0000|0|3|0|0|-0.9969|0.0002|-0.1751|-0.0133|0.0036||221.65|12|218.55|12
GME211217C00410000|1.00|1.00|1.00|1.22|1.00|41|-0.22|-0.1803|1|204|1|1|0.0021|0.0001|0.0002|-0.0100|0.0025||1.12|49|0.91|39
GME211217P00410000||||190.90|190.90|41|0.00|0.0000|0|3|0|0|-0.9973|0.0002|-0.1795|-0.0118|0.0032||231.55|4|228.55|12
GME211217C00420000|1.37|1.37|0.95|1.16|0.95|42|-0.21|-0.1810|-1|539|1|13|0.0018|0.0001|0.0001|-0.0090|0.0022||1.11|71|0.90|1
GME211217P00420000||||189.85|189.85|42|0.00|0.0000|0|16|0|0|-0.9984|0.0001|-0.1840|-0.0068|0.0020||241.50|11|238.55|10
GME211217C00430000|0.97|0.97|0.97|1.08|0.97|43|-0.11|-0.1019|0|208|7|7|0.0016|0.0001|0.0001|-0.0081|0.0020||1.11|91|0.68|42
GME211217P00430000||||244.20|244.20|43|0.00|0.0000|0|0|0|0|-0.9986|0.0001|-0.1884|-0.0059|0.0018||251.45|12|248.10|4
GME211217C00440000||||1.15|1.15|44|0.00|0.0000|4|472|0|0|0.0014|0.0001|0.0001|-0.0072|0.0017||0.90|6|0.66|28
GME211217P00440000||||||44|||0|0|0|0|-0.9989|0.0001|-0.1928|-0.0043|0.0014||261.40|12|258.05|4
GME211217C00450000|1.03|1.03|0.76|1.02|0.77|45|-0.25|-0.2451|5|684|1|8|0.0011|0.0001|0.0001|-0.0059|0.0014||0.80|6|0.62|12
GME211217P00450000||||||45|||0|0|0|0|-0.9990|0.0001|-0.1972|-0.0039|0.0013||271.30|4|268.05|12
GME211217C00460000|1.11|1.11|0.68|1.02|0.80|46|-0.22|-0.2157|-133|1136|2|8|0.0011|0.0001|0.0001|-0.0059|0.0014||0.76|1|0.60|4
GME211217P00460000||||261.60|261.60|46|0.00|0.0000|0|5|0|0|-0.9991|0.0001|-0.2016|-0.0034|0.0012||281.30|10|278.00|12
GME211217C00470000|0.90|0.90|0.78|0.84|0.78|47|-0.06|-0.0714|0|189|1|11|0.0323|0.0009|0.0022|-0.1881|0.0275||0.85|31|0.45|39
GME211217P00470000||||||47||||0|0|0|-1.0000|0.0000|-0.2060|0.0016|0.0000||291.25|10|287.10|2
GME211217C00480000|0.82|0.82|0.63|0.67|0.63|48|-0.04|-0.0597|7|224|4|7|0.0345|0.0009|0.0023|-0.2051|0.0291||0.63|3|0.44|110
GME211217P00480000||||264.21|264.21|48|0.00|0.0000|0|7|0|0|-0.9753|0.0007|-0.2087|-0.1442|0.0220||301.20|12|296.75|6
GME211217C00490000|1.01|1.01|0.52|0.86|0.52|49|-0.34|-0.3953|1|97|6|9|0.0321|0.0008|0.0021|-0.1938|0.0273||0.59|4|0.44|5
GME211217P00490000||||274.04|274.04|49|0.00|0.0000|0|7|0|0|-0.9773|0.0007|-0.2132|-0.1349|0.0205||311.15|1|307.10|1
GME211217C00500000|0.90|0.90|0.48|0.80|0.50|50|-0.30|-0.3750|-5|2488|13|103|0.0234|0.0007|0.0016|-0.1435|0.0210||0.57|5|0.50|8
GME211217P00500000||||290.05|290.05|50|0.00|0.0000|0|7|0|0|-0.9664|0.0008|-0.2169|-0.2056|0.0284||321.10|12|317.05|1
GME211217C00510000|0.72|0.96|0.44|0.72|0.47|51|-0.25|-0.3472|101|1366|1|160|0.0227|0.0006|0.0015|-0.1417|0.0205||0.49|7|0.44|5
GME211217P00510000||||277.97|277.97|51|0.00|0.0000|0|0|0|0|-0.9923|0.0003|-0.2230|-0.0456|0.0080||331.05|12|327.05|10
GME211223C00100000||||80.77|80.77|14|0.00|0.0000|-2|14|0|0|0.9744|0.0010|0.0571|-0.0829|0.0266||83.30|4|80.50|10
GME211223P00100000|0.90|0.90|0.88|0.80|0.88|14|0.08|0.1000|7|116|10|11|-0.0274|0.0010|-0.0035|-0.0896|0.0282||1.13|15|0.46|39
GME211223C00110000||||||13||||0|0|0|1.0000|0.0000|0.0663|-0.0004|0.0000||73.60|4|70.85|10
GME211223P00110000|0.80|1.33|0.80|1.69|1.33|13|-0.36|-0.2130|6|28|10|20|-0.1122|0.0020|-0.0437|-0.1547|0.1393||1.25|1|0.94|24
GME211223C00120000||||103.35|103.35|12|0.00|0.0000|0|1|0|0|0.8299|0.0011|0.0281|-1.2937|0.1129||64.25|4|61.50|10
GME211223P00120000||||1.15|1.15|12|0.00|0.0000|0|25|0|0|-0.0445|0.0020|-0.0055|-0.1025|0.0419||2.19|15|1.50|23
GME211223C00130000||||||11||||0|0|0|1.0000|0.0000|0.0784|-0.0005|0.0000||55.15|4|52.50|12
GME211223P00130000|2.84|2.84|2.69|2.33|2.69|11|0.36|0.1545|4|72|1|111|-0.0910|0.0032|-0.0114|-0.1884|0.0729||3.25|16|2.33|46
GME211223C00140000||||||10||||0|0|0|1.0000|0.0000|0.0844|-0.0005|0.0000||46.50|4|43.95|2
GME211223P00140000|4.10|4.40|4.10|3.90|4.40|10|0.50|0.1282|11|40|1|2|-0.1400|0.0045|-0.0177|-0.2525|0.0991||4.75|15|3.75|9
GME211223C00145000||||||9|||||0|0|1.0000|0.0000|0.0874|-0.0005|0.0000||42.40|4|39.95|20
GME211223P00145000||||||9|||||0|0|0.0000|0.0000|0.0000|0.0000|0.0000||5.75|15|4.60|6
GME211223C00150000||||55.90|55.90|8|0.00|0.0000|0|4|0|0|0.7320|0.0030|0.0460|-0.8104|0.1469||38.55|4|36.10|12
GME211223P00150000|4.80|7.60|4.10|6.45|6.07|8|-0.38|-0.0589|82|206|1|56|-0.1919|0.0058|-0.0244|-0.2904|0.1217||6.90|15|5.75|53
GME211223C00155000||||57.05|57.05|7|0.00|0.0000|0|10|0|0|0.7151|0.0029|0.0435|-0.9180|0.1512||35.30|7|32.50|12
GME211223P00155000|8.65|9.55|8.65|3.81|9.30|7|5.49|1.4409|0|111|8|18|-0.2441|0.0060|-0.0320|-0.3740|0.1399||8.35|15|7.10|19
GME211223C00160000||||53.80|53.80|6|0.00|0.0000|0|12|0|0|0.6978|0.0030|0.0435|-0.9223|0.1555||31.85|3|29.10|14
GME211223P00160000|10.28|11.60|8.10|9.59|9.45|6|-0.14|-0.0146|14|61|3|9|-0.2693|0.0070|-0.0349|-0.3556|0.1472||9.95|5|8.55|12
GME211223C00165000||||||5||||0|0|0|1.0000|0.0000|0.0994|-0.0006|0.0000||28.65|5|26.00|17
GME211223P00165000||||11.60|11.60|5|0.00|0.0000|12|21|0|0|-0.3113|0.0074|-0.0408|-0.3854|0.1575||11.95|25|10.45|8
GME211223C00170000||||25.94|25.94|4|0.00|0.0000|11|15|0|0|0.6456|0.0071|0.0547|-0.4441|0.1659||25.70|13|23.15|15
GME211223P00170000||||14.35|14.35|4|0.00|0.0000|2|33|0|0|-0.3536|0.0075|-0.0471|-0.4191|0.1656||14.05|14|12.50|5
GME211223C00175000||||19.00|19.00|3|0.00|0.0000|1|3|0|0|0.6079|0.0094|0.0547|-0.3590|0.1712||22.90|5|20.55|15
GME211223P00175000|13.64|17.35|13.50|16.30|16.05|3|-0.25|-0.0153|30|54|1|32|-0.3922|0.0080|-0.0523|-0.4181|0.1714||16.55|24|14.80|5
