symbol|open|high|low|preClose|close|activeLevel|change|changeRatio|openIntChange|openInterest|latestPriceVol|volume|delta|gamma|rho|theta|vega|tradeStamptradeTime|ask|avol|bid|bvol
GME211210C00100000||||70.90|70.90|12|0.00|0.0000|209|211|0|0|0.9428|0.0016|0.0096|-1.0286|0.0211||78.65|23|73.80|23
GME211210P00100000|1.09|1.09|0.56|1.14|0.63|12|-0.51|-0.4474|1314|2034|1|1535|-0.0249|0.0011|-0.0005|-0.3969|0.0107||0.63|5|0.62|2
GME211210C00110000||||76.13|76.13|11|0.00|0.0000|0|2|0|0|0.8535|0.0021|0.0080|-3.1806|0.0421||68.70|16|63.80|11
GME211210P00110000|1.45|1.51|0.77|1.52|0.81|11|-0.71|-0.4671|314|618|1|310|-0.0351|0.0016|-0.0008|-0.4712|0.0142||0.84|1|0.81|1
GME211210C00120000||||51.40|51.40|10|0.00|0.0000|1|2|0|0|0.9164|0.0028|0.0113|-1.0371|0.0282||59.05|13|54.10|17
GME211210P00120000|1.69|1.69|1.04|2.00|1.08|10|-0.92|-0.4600|513|1305|1|446|-0.0491|0.0023|-0.0010|-0.5499|0.0186||1.11|1|1.08|1
GME211210C00130000|46.31|46.31|44.86|41.19|44.86|9|3.67|0.0891|11|11|4|8|0.9989|0.0002|0.0142|-0.0080|0.0006||49.25|20|44.30|34
GME211210P00130000|1.70|2.49|1.33|2.60|1.43|9|-1.17|-0.4500|286|1131|1|680|-0.0711|0.0035|-0.0015|-0.6579|0.0250||1.46|1|1.43|1
GME211210C00140000|37.03|39.00|37.03|34.35|39.00|8|4.65|0.1354|12|46|1|6|0.8399|0.0054|0.0118|-1.3802|0.0446||39.85|37|35.05|35
GME211210P00140000|2.50|2.97|1.90|3.80|2.03|8|-1.77|-0.4658|492|1223|4|390|-0.1073|0.0054|-0.0023|-0.7919|0.0339||2.13|20|1.94|33
GME211210C00145000|32.07|33.37|32.07|26.44|32.90|7|6.46|0.2443|13|21|1|12|0.8456|0.0066|0.0126|-1.0752|0.0436||35.30|41|30.60|35
GME211210P00145000|3.45|4.65|2.27|4.62|2.46|7|-2.16|-0.4675|250|373|1|339|-0.1294|0.0066|-0.0027|-0.8477|0.0387||2.60|1|2.45|1
GME211210C00150000|32.00|32.00|25.77|22.00|29.10|6|7.10|0.3227|-12|61|1|38|0.8043|0.0076|0.0122|-1.2587|0.0507||30.60|37|26.65|29
GME211210P00150000|3.90|5.15|2.64|5.68|3.21|6|-2.47|-0.4349|129|1024|1|1019|-0.1553|0.0082|-0.0033|-0.8697|0.0437||3.30|14|3.00|56
GME211210C00155000|23.75|25.48|23.75|18.50|24.84|5|6.34|0.3427|2|60|10|24|0.7653|0.0090|0.0119|-1.3124|0.0563||26.55|47|22.55|36
GME211210P00155000|4.50|5.15|3.45|7.06|4.10|5|-2.96|-0.4193|20|391|1|232|-0.2098|0.0096|-0.0045|-1.0820|0.0529||4.25|20|3.90|46
GME211210C00160000|20.40|24.00|18.02|15.22|20.17|4|4.95|0.3252|22|276|1|29|0.7287|0.0109|0.0117|-1.2563|0.0608||21.70|57|19.80|41
GME211210P00160000|6.10|6.80|4.20|8.50|5.39|4|-3.11|-0.3659|362|859|1|636|-0.2663|0.0112|-0.0057|-1.2031|0.0602||5.50|1|5.05|53
GME211210C00165000|17.00|21.23|15.50|12.90|16.80|3|3.90|0.3023|143|203|1|32|0.6684|0.0122|0.0109|-1.3524|0.0665||17.90|48|16.15|55
GME211210P00165000|7.50|8.80|5.55|10.86|6.90|3|-3.96|-0.3646|224|608|1|350|-0.3252|0.0129|-0.0070|-1.2592|0.0660||7.20|35|6.65|64
GME211210C00170000|14.80|18.10|12.45|10.50|14.14|2|3.64|0.3467|271|448|1|188|0.6012|0.0124|0.0099|-1.5022|0.0708||14.45|29|13.35|40
GME211210P00170000|10.15|12.00|7.00|13.50|8.85|2|-4.65|-0.3444|-41|554|1|711|-0.3963|0.0133|-0.0086|-1.3928|0.0707||9.15|20|8.50|43
GME211210C00175000|12.00|16.00|9.69|8.30|11.30|1|3.00|0.3614|198|470|1|572|0.5362|0.0132|0.0090|-1.4999|0.0728||11.70|35|10.85|41
GME211210P00175000|12.67|14.70|9.15|16.30|11.65|1|-4.65|-0.2853|13|531|1|515|-0.4661|0.0142|-0.0102|-1.3923|0.0729||11.60|36|10.90|17
GME211210C00177500|10.95|13.70|8.75|7.70|10.05|1|2.35|0.3052|132|179|1|118|0.5003|0.0139|0.0085|-1.4350|0.0731||10.40|21|9.60|42
GME211210P00177500|11.95|14.45|9.95|18.90|12.60|1|-6.30|-0.3333|-9|257|1|48|-0.5033|0.0147|-0.0110|-1.3565|0.0731||13.45|79|12.15|24
GME211210C00180000|10.00|12.95|7.25|6.55|9.15|2|2.60|0.3969|292|696|1|930|0.4630|0.0143|0.0079|-1.3818|0.0728||9.25|7|8.65|14
GME211210P00180000|14.85|15.75|11.20|18.26|14.50|2|-3.76|-0.2059|-47|583|1|150|-0.5352|0.0140|-0.0118|-1.4062|0.0729||14.95|68|13.60|1
GME211210C00182500|8.00|11.40|6.85|5.66|7.99|3|2.33|0.4117|31|179|1|167|0.4374|0.0133|0.0074|-1.4646|0.0722||8.35|45|7.65|36
GME211210P00182500|12.40|16.50|12.40|20.00|16.50|3|-3.50|-0.1750|1|233|1|3|-0.5636|0.0134|-0.0126|-1.4514|0.0722||16.55|42|13.80|61
GME211210C00185000|7.85|10.20|6.00|5.02|7.25|4|2.23|0.4442|178|424|1|302|0.3993|0.0135|0.0069|-1.3760|0.0708||7.45|35|6.90|14
GME211210P00185000|18.95|18.95|14.55|23.17|16.31|4|-6.86|-0.2961|-119|350|1|55|-0.6240|0.0153|-0.0137|-1.1755|0.0696||17.85|47|15.40|67
GME211210C00187500|8.40|9.05|5.35|4.30|6.15|5|1.85|0.4302|45|127|1|93|0.3677|0.0132|0.0063|-1.3412|0.0691||6.65|58|5.90|63
GME211210P00187500|17.85|18.60|16.78|28.00|18.60|5|-9.40|-0.3357|2|261|1|14|-0.6475|0.0141|-0.0144|-1.2215|0.0681||20.15|72|17.35|67
GME211210C00190000|6.50|8.00|4.60|4.05|5.60|6|1.55|0.3827|226|576|2|606|0.3398|0.0127|0.0059|-1.3189|0.0672||5.80|9|5.30|53
GME211210P00190000|19.54|21.03|19.54|27.50|20.80|6|-6.70|-0.2436|0|512|18|40|-0.6703|0.0132|-0.0151|-1.2426|0.0664||21.35|30|18.80|67
GME211210C00192500|4.80|7.15|4.10|3.66|4.99|7|1.33|0.3634|32|120|1|89|0.3191|0.0120|0.0055|-1.3309|0.0655||5.25|26|5.00|1
GME211210P00192500||||27.83|27.83|7|0.00|0.0000|3|125|0|0|-0.6103|0.0092|-0.0147|-1.9905|0.0703||23.80|31|20.60|54
GME211210C00195000|3.50|6.35|3.50|3.30|4.50|8|1.20|0.3636|141|433|3|270|0.2914|0.0116|0.0050|-1.2722|0.0629||4.70|38|4.25|60
GME211210P00195000|22.22|22.22|21.97|31.02|21.97|8|-9.05|-0.2917|-9|294|10|21|-0.8212|0.0137|-0.0181|-0.6226|0.0480||26.05|39|23.10|49
GME211210C00197500|3.81|5.80|3.60|2.90|4.05|9|1.15|0.3966|46|173|1|140|0.2659|0.0111|0.0046|-1.2155|0.0602||4.25|42|3.80|79
GME211210P00197500||||33.48|33.48|9|0.00|0.0000|-5|115|0|0|-0.6228|0.0081|-0.0156|-2.2340|0.0697||27.85|31|24.40|44
GME211210C00200000|3.61|5.00|2.98|2.71|3.75|10|1.04|0.3838|637|2365|10|2041|0.2431|0.0105|0.0042|-1.1646|0.0574||3.75|26|3.55|5
GME211210P00200000|27.98|32.00|25.00|33.81|28.43|10|-5.38|-0.1591|-25|674|1|45|-0.7788|0.0109|-0.0180|-1.0105|0.0545||30.00|32|26.60|50
GME211210C00202500|3.00|4.50|2.94|2.41|3.40|11|0.99|0.4108|48|142|10|108|0.2311|0.0099|0.0040|-1.1753|0.0558||3.40|17|3.15|23
GME211210P00202500|30.42|30.42|30.42|35.84|30.42|11|-5.42|-0.1512|-2|33|1|1|-0.8049|0.0102|-0.0187|-0.9279|0.0506||32.20|37|28.65|43
GME211210C00205000|2.95|4.00|2.50|2.21|3.00|12|0.79|0.3575|163|401|2|294|0.2078|0.0094|0.0036|-1.0954|0.0525||3.10|20|2.87|30
GME211210P00205000|33.43|33.43|33.43|40.44|33.43|12|-7.01|-0.1733|-1|179|1|1|-0.7966|0.0094|-0.0189|-1.0640|0.0519||34.70|39|31.15|33
GME211210C00207500|2.39|3.60|2.39|1.99|2.87|13|0.88|0.4422|21|103|1|50|0.1989|0.0089|0.0035|-1.0994|0.0512||2.88|37|2.53|50
GME211210P00207500||||42.53|42.53|13|0.00|0.0000|-2|24|0|0|-0.6666|0.0071|-0.0174|-2.3375|0.0667||36.85|34|33.65|30
GME211210C00210000|2.37|3.30|2.12|1.80|2.52|14|0.72|0.4000|142|501|1|286|0.1720|0.0083|0.0030|-0.9795|0.0467||2.65|36|2.39|31
GME211210P00210000|38.25|38.25|37.90|45.79|37.90|14|-7.89|-0.1723|-17|124|1|2|-0.8242|0.0083|-0.0199|-0.9999|0.0475||39.15|36|36.15|29
GME211210C00212500|2.25|2.79|2.07|1.81|2.42|15|0.61|0.3370|15|103|3|96|0.1693|0.0078|0.0030|-1.0182|0.0463||2.42|14|2.15|40
GME211210P00212500|40.65|40.65|40.65|48.25|40.65|15|-7.60|-0.1575|1|39|2|2|-0.8228|0.0078|-0.0202|-1.0768|0.0476||41.45|35|38.65|27
GME211210C00215000|2.20|2.70|1.80|1.75|2.10|16|0.35|0.2000|118|334|1|263|0.1523|0.0073|0.0027|-0.9453|0.0432||2.36|73|1.99|36
GME211210P00215000||||52.12|52.12|16|0.00|0.0000|0|73|0|0|-0.6567|0.0059|-0.0183|-2.8443|0.0674||43.95|35|41.15|15
GME211210C00217500|3.70|3.70|1.73|1.50|2.00|17|0.50|0.3333|11|46|1|15|0.1488|0.0070|0.0026|-0.9672|0.0425||2.17|56|1.91|28
GME211210P00217500||||53.30|53.30|17|0.00|0.0000|0|37|0|0|-0.6787|0.0060|-0.0188|-2.6755|0.0657||46.25|36|43.25|29
GME211210C00220000|1.68|2.26|1.54|1.55|1.89|18|0.34|0.2194|161|582|1|417|0.1366|0.0065|0.0024|-0.9171|0.0401||1.98|17|1.80|14
GME211210P00220000|48.67|48.67|47.38|54.32|47.38|18|-6.94|-0.1278|0|165|1|4|-0.8198|0.0067|-0.0210|-1.2771|0.0481||47.50|13|45.75|26
GME211210C00222500|1.45|3.50|1.45|1.50|1.74|19|0.24|0.1600|63|155|1|88|0.1261|0.0061|0.0022|-0.8746|0.0380||1.93|71|1.66|34
GME211210P00222500|49.15|49.15|49.15|42.95|49.15|19|6.20|0.1444|0|39|1|1|-0.8939|0.0058|-0.0225|-0.7171|0.0336||50.00|22|46.30|37
GME211210C00225000|1.59|1.91|1.38|1.21|1.70|20|0.49|0.4050|49|521|2|300|0.1190|0.0058|0.0021|-0.8500|0.0365||1.74|21|1.59|4
GME211210P00225000||||57.07|57.07|20|0.00|0.0000|-1|476|0|0|-0.7491|0.0060|-0.0206|-2.1113|0.0585||52.50|24|48.75|36
GME211210C00227500|1.39|1.74|1.33|1.22|1.64|21|0.42|0.3443|4|39|1|36|0.1158|0.0055|0.0020|-0.8611|0.0358||1.70|48|1.45|39
GME211210P00227500||||34.06|34.06|21|0.00|0.0000|0|35|0|0|-0.9986|0.0003|-0.0249|-0.0077|0.0008||55.00|24|51.20|40
GME211210C00230000|1.21|1.69|1.15|1.14|1.45|22|0.31|0.2719|95|565|10|259|0.1053|0.0052|0.0018|-0.8033|0.0334||1.58|34|1.45|14
GME211210P00230000||||61.98|61.98|22|0.00|0.0000|0|20|0|0|-0.7599|0.0056|-0.0213|-2.1473|0.0570||57.50|15|53.70|21
GME211210C00232500|1.25|1.47|1.25|1.21|1.40|23|0.19|0.1570|12|67|10|83|0.1007|0.0049|0.0018|-0.7928|0.0323||1.50|40|1.32|19
GME211210P00232500||||68.97|68.97|23|0.00|0.0000|0|5|0|0|-0.6947|0.0050|-0.0208|-3.0654|0.0643||60.00|13|55.85|23
GME211210C00235000|1.05|1.50|1.05|1.04|1.29|24|0.25|0.2404|-13|851|1|127|0.0959|0.0047|0.0017|-0.7774|0.0312||1.39|12|1.30|15
GME211210P00235000||||74.05|74.05|24|0.00|0.0000|0|32|0|0|-0.6670|0.0046|-0.0209|-3.5665|0.0666||62.50|7|58.35|31
GME211210C00237500|1.14|1.39|1.05|0.95|1.36|25|0.41|0.4316|34|54|2|42|0.0959|0.0045|0.0017|-0.8012|0.0313||1.38|38|1.22|25
GME211210P00237500||||76.45|76.45|25|0.00|0.0000|0|24|0|0|-0.6713|0.0045|-0.0212|-3.5942|0.0663||65.00|7|60.85|29
GME211210C00240000|1.07|1.31|1.00|0.96|1.19|26|0.23|0.2396|34|336|1|63|0.0855|0.0042|0.0015|-0.7302|0.0286||1.29|19|1.17|20
GME211210P00240000||||71.95|71.95|26|0.00|0.0000|-1|30|0|0|-0.7731|0.0050|-0.0227|-2.2583|0.0553||67.50|6|63.35|23
GME211210C00245000|0.98|1.25|0.90|0.92|1.12|27|0.20|0.2174|45|227|2|83|0.0791|0.0038|0.0014|-0.7119|0.0270||1.20|25|1.06|26
GME211210P00245000||||50.19|50.19|27|0.00|0.0000|0|23|0|0|-0.9999|0.0000|-0.0268|0.0000|0.0001||72.50|6|68.30|23
GME211210C00250000|1.00|1.17|0.75|0.88|1.03|28|0.15|0.1705|806|3669|4|526|0.0732|0.0035|0.0013|-0.6909|0.0255||1.05|5|1.01|5
GME211210P00250000||||80.84|80.84|28|0.00|0.0000|3|18|0|0|-0.8029|0.0046|-0.0242|-2.1034|0.0510||77.50|13|73.20|29
GME211210C00255000|0.90|1.04|0.86|0.83|0.98|29|0.15|0.1807|155|228|1|45|0.0671|0.0032|0.0012|-0.6625|0.0238||1.00|14|0.95|10
GME211210P00255000||||40.40|40.40|29|0.00|0.0000|0|5|0|0|-1.0000|0.0000|-0.0279|0.0008|0.0000||82.50|26|77.85|23
GME211210C00260000|0.90|1.00|0.80|0.80|0.87|30|0.07|0.0875|953|1845|2|243|0.0605|0.0029|0.0011|-0.6213|0.0220||0.91|2|0.88|14
GME211210P00260000||||69.85|69.85|30|0.00|0.0000|0|22|0|0|-0.9996|0.0001|-0.0285|-0.0032|0.0003||87.50|19|83.20|21
GME211210C00270000|0.66|0.88|0.66|0.65|0.82|31|0.17|0.2615|225|405|1|146|0.0548|0.0025|0.0009|-0.6087|0.0203||0.82|14|0.74|41
GME211210P00270000||||103.46|103.46|31|0.00|0.0000|0|15|0|0|-0.7746|0.0039|-0.0262|-2.9144|0.0550||97.50|17|93.00|19
GME211210C00280000|0.68|0.80|0.59|0.60|0.70|32|0.10|0.1667|37|296|1|98|0.0471|0.0022|0.0008|-0.5594|0.0181||0.75|16|0.67|9
GME211210P00280000||||112.20|112.20|32|0.00|0.0000|0|6|0|0|-0.8011|0.0036|-0.0276|-2.6894|0.0512||109.50|15|102.45|17
GME211210C00290000|0.56|0.82|0.56|0.61|0.66|33|0.05|0.0820|-10|545|1|226|0.0426|0.0019|0.0007|-0.5384|0.0166||0.65|5|0.62|5
GME211210P00290000||||82.25|82.25|33|0.00|0.0000|0|7|0|0|-1.0000|0.0000|-0.0318|0.0008|0.0000||119.40|15|112.75|19
GME211210C00300000|0.51|1.15|0.49|0.50|0.57|34|0.07|0.1400|407|1617|19|726|0.0372|0.0017|0.0006|-0.4971|0.0149||0.59|14|0.55|2
GME211210P00300000||||76.00|76.00|34|0.00|0.0000|0|14|0|0|-1.0000|0.0000|-0.0329|0.0010|0.0000||129.30|15|122.60|19
GME211210C00310000|0.47|0.80|0.47|0.45|0.51|35|0.06|0.1333|76|359|1|164|0.0347|0.0015|0.0006|-0.4891|0.0141||0.54|17|0.48|11
GME211210P00310000||||83.61|83.61|35|0.00|0.0000|0|4|0|0|-1.0000|0.0000|-0.0340|0.0008|0.0000||139.20|15|132.60|15
GME211210C00320000|0.47|0.62|0.45|0.44|0.48|36|0.04|0.0909|143|420|1|25|0.0300|0.0013|0.0005|-0.4425|0.0125||0.49|10|0.45|1
GME211210P00320000||||89.47|89.47|36|0.00|0.0000|0|3|0|0|-1.0000|0.0000|-0.0351|0.0010|0.0000||149.15|15|142.60|18
GME211210C00330000|0.58|0.58|0.39|0.39|0.41|37|0.02|0.0513|233|482|1|68|0.0261|0.0011|0.0004|-0.4012|0.0111||0.46|24|0.38|10
GME211210P00330000||||||37||||0|0|0|-1.0000|0.0000|-0.0362|0.0011|0.0000||159.05|15|152.25|22
GME211210C00340000|0.28|0.42|0.28|0.33|0.38|38|0.05|0.1515|29|160|1|5|0.0239|0.0010|0.0004|-0.3822|0.0103||0.44|35|0.34|33
GME211210P00340000||||||38||||0|0|0|-1.0000|0.0000|-0.0373|0.0011|0.0000||168.95|15|162.30|27
GME211210C00350000|0.40|0.40|0.30|0.30|0.34|39|0.04|0.1333|176|675|1|793|0.0206|0.0009|0.0004|-0.3420|0.0091||0.34|10|0.31|7
GME211210P00350000||||||39||||0|0|0|-1.0000|0.0000|-0.0384|0.0011|0.0000||178.90|15|172.20|18
GME211210C00360000|0.39|0.39|0.30|0.28|0.31|40|0.03|0.1071|61|150|1|57|0.0191|0.0008|0.0003|-0.3288|0.0085||0.30|17|0.29|1
GME211210P00360000||||||40||||0|0|0|-1.0000|0.0000|-0.0395|0.0012|0.0000||188.80|22|182.05|23
GME211210C00370000|0.29|0.35|0.29|0.29|0.29|41|0.00|0.0000|8|46|1|10|0.0179|0.0008|0.0003|-0.3178|0.0081||0.29|11|0.25|11
GME211210P00370000||||||41||||0|0|0|-1.0000|0.0000|-0.0405|0.0012|0.0000||198.75|22|192.05|25
GME211210C00380000|0.33|0.33|0.22|0.25|0.22|42|-0.03|-0.1200|20|77|4|8|0.0151|0.0007|0.0003|-0.2761|0.0070||0.24|5|0.22|5
GME211210P00380000||||||42||||0|0|0|-1.0000|0.0000|-0.0416|0.0012|0.0000||208.65|15|202.40|19
GME211210C00390000|0.22|0.27|0.21|0.22|0.21|43|-0.01|-0.0455|77|156|1|15|0.0132|0.0006|0.0002|-0.2487|0.0062||0.22|8|0.20|1
GME211210P00390000||||||43||||0|0|0|-1.0000|0.0000|-0.0427|0.0013|0.0000||218.60|23|212.15|21
GME211210C00400000|0.21|0.27|0.20|0.20|0.20|44|0.00|0.0000|64|592|5|317|0.0123|0.0005|0.0002|-0.2395|0.0059||0.20|8|0.17|10
GME211210P00400000||||230.14|230.14|44|0.00|0.0000|1|1|0|0|-0.8715|0.0021|-0.0419|-2.6641|0.0385||228.55|15|222.30|23
GME211210C00410000|0.20|0.23|0.19|0.22|0.19|45|-0.03|-0.1364|28|98|1|9|0.0116|0.0005|0.0002|-0.2311|0.0056||0.18|10|0.15|14
GME211210P00410000||||||45||||0|0|0|-1.0000|0.0000|-0.0449|0.0013|0.0000||238.50|17|232.10|17
GME211210C00420000|0.28|0.28|0.16|0.18|0.16|46|-0.02|-0.1111|64|242|10|85|0.0099|0.0004|0.0002|-0.2024|0.0049||0.16|12|0.14|1
GME211210P00420000||||||46||||0|0|0|-1.0000|0.0000|-0.0460|0.0014|0.0000||248.40|17|242.15|17
GME211210C00430000|0.22|0.22|0.14|0.13|0.14|47|0.01|0.0769|5|311|1|3|0.0088|0.0004|0.0002|-0.1830|0.0044||0.55|23|0.08|1
GME211210P00430000||||||47||||0|0|0|-1.0000|0.0000|-0.0471|0.0014|0.0000||258.45|13|252.15|13
GME211210C00440000|0.15|0.15|0.15|0.15|0.15|48|0.00|0.0000|16|96|2|13|0.0091|0.0004|0.0002|-0.1939|0.0045||0.30|5|0.07|17
GME211210P00440000||||||48||||0|0|0|-1.0000|0.0000|-0.0482|0.0014|0.0000||268.40|13|262.20|13
GME211210C00450000|0.20|0.24|0.15|0.15|0.15|49|0.00|0.0000|511|807|13|53|0.0089|0.0004|0.0002|-0.1950|0.0044||0.26|5|0.12|1
GME211210P00450000||||||49||||0|0|0|-1.0000|0.0000|-0.0493|0.0015|0.0000||278.40|13|272.15|13
GME211210C00460000|0.22|0.22|0.12|0.11|0.14|50|0.03|0.2727|111|177|3|515|0.0083|0.0003|0.0001|-0.1851|0.0041||0.19|15|0.02|34
GME211210P00460000||||||50||||0|0|0|-1.0000|0.0000|-0.0504|0.0015|0.0000||288.35|13|282.15|13
GME211210C00470000|0.15|0.15|0.15|0.12|0.15|51|0.03|0.2500|310|333|1|1|0.0086|0.0003|0.0001|-0.1963|0.0043||0.18|1|0.02|30
GME211210P00470000||||||51||||0|0|0|-1.0000|0.0000|-0.0515|0.0015|0.0000||298.80|10|291.50|27
GME211210C00480000|0.14|0.15|0.13|0.10|0.15|52|0.05|0.5000|75|148|2|44|0.0085|0.0003|0.0001|-0.1972|0.0042||0.26|5|0.05|1
GME211210P00480000||||||52||||0|0|0|-1.0000|0.0000|-0.0526|0.0016|0.0000||308.75|10|301.50|27
GME211210C00490000|0.20|0.20|0.10|0.17|0.10|53|-0.07|-0.4118|-5|96|2|24|0.0061|0.0003|0.0001|-0.1433|0.0031||0.15|3|0.10|22
GME211210P00490000||||||53||||0|0|0|-1.0000|0.0000|-0.0537|0.0016|0.0000||318.70|10|311.60|27
GME211210C00500000|0.15|0.20|0.08|0.09|0.12|54|0.03|0.3333|84|977|2|174|0.0055|0.0002|0.0001|-0.1329|0.0029||0.15|1|0.09|1
GME211210P00500000||||||54||||0|0|0|-1.0000|0.0000|-0.0548|0.0016|0.0000||328.65|10|321.60|27
GME211210C00510000|0.10|0.18|0.07|0.10|0.10|55|0.00|0.0000|766|3121|1|1203|0.0054|0.0002|0.0001|-0.1327|0.0029||0.12|85|0.10|3
GME211210P00510000||||||55||||0|0|0|-1.0000|0.0000|-0.0559|0.0017|0.0000||338.65|12|331.55|27
GME211217C00080000||||94.56|94.56|19|0.00|0.0000|0|2|0|0|0.9685|0.0008|0.0221|-0.2747|0.0216||97.55|4|94.10|12
GME211217P00080000|1.08|1.15|0.87|1.41|0.89|19|-0.52|-0.3688|464|1070|1|91|-0.0236|0.0007|-0.0015|-0.1971|0.0169||0.90|5|0.83|20
GME211217C00085000||||95.85|95.85|18|0.00|0.0000|0|1|0|0|0.9184|0.0013|0.0195|-0.8267|0.0459||92.75|2|89.20|12
GME211217P00085000|1.19|1.19|0.97|1.49|0.97|18|-0.52|-0.3490|5|125|1|9|-0.0295|0.0009|-0.0019|-0.2310|0.0204||1.09|17|0.94|10
GME211217C00090000|86.59|86.59|86.59|137.00|86.59|17|-50.41|-0.3680|0|4|10|10|0.9559|0.0012|0.0243|-0.3357|0.0284||87.75|4|84.30|12
GME211217P00090000|1.25|1.31|1.07|1.61|1.07|17|-0.54|-0.3354|39|180|1|41|-0.0319|0.0010|-0.0020|-0.2309|0.0218||1.08|1|1.05|11
GME211217C00100000|78.20|78.20|78.20|67.18|78.20|16|11.02|0.1640|-3|47|1|3|0.9997|0.0000|0.0301|-0.0017|0.0003||77.75|17|74.50|12
GME211217P00100000|1.68|1.68|0.71|1.88|1.38|16|-0.50|-0.2660|26|1077|1|117|-0.0004|0.0000|0.0000|-0.0017|0.0004||1.38|3|1.33|4
GME211217C00105000||||66.05|66.05|15|0.00|0.0000|0|1|0|0|0.9993|0.0001|0.0316|-0.0036|0.0008||72.75|15|69.70|27
GME211217P00105000|1.90|1.90|1.46|2.20|1.49|15|-0.71|-0.3227|13|166|8|72|-0.0008|0.0001|0.0000|-0.0035|0.0008||1.65|47|1.40|51
GME211217C00110000||||73.25|73.25|14|0.00|0.0000|0|1|0|0|0.9987|0.0002|0.0331|-0.0056|0.0013||67.90|20|64.85|27
GME211217P00110000|2.05|2.05|1.65|2.42|1.71|14|-0.71|-0.2934|70|424|8|77|-0.0017|0.0002|-0.0001|-0.0070|0.0016||1.77|52|1.57|5
GME211217C00115000||||112.11|112.11|13|0.00|0.0000|0|2|0|0|0.9975|0.0003|0.0345|-0.0099|0.0024||63.25|21|59.85|30
GME211217P00115000|2.00|2.01|1.74|2.62|1.74|13|-0.88|-0.3359|19|199|1|14|-0.0036|0.0004|-0.0002|-0.0138|0.0033||1.98|69|1.73|69
GME211217C00120000|58.85|58.85|58.85|52.20|58.85|12|6.65|0.1274|2|58|1|1|0.9947|0.0006|0.0359|-0.0188|0.0046||58.50|24|55.15|13
GME211217P00120000|3.28|3.28|1.93|3.09|2.04|12|-1.05|-0.3398|51|379|1|93|-0.0069|0.0007|-0.0004|-0.0243|0.0058||2.16|56|1.96|27
GME211217C00125000||||47.70|47.70|11|0.00|0.0000|0|35|0|0|0.9882|0.0011|0.0370|-0.0383|0.0094||53.80|18|50.50|18
GME211217P00125000|2.00|2.81|1.20|3.60|2.30|11|-1.30|-0.3611|180|535|6|131|-0.0139|0.0013|-0.0008|-0.0451|0.0108||2.41|28|2.21|19
GME211217C00130000||||39.61|39.61|10|0.00|0.0000|0|10|0|0|0.9793|0.0019|0.0380|-0.0609|0.0152||49.20|14|45.90|34
GME211217P00130000|3.00|3.09|2.32|4.45|2.66|10|-1.79|-0.4022|35|370|6|72|-0.0249|0.0021|-0.0014|-0.0733|0.0177||2.75|57|2.50|62
GME211217C00135000||||35.61|35.61|9|0.00|0.0000|-1|2|0|0|0.9622|0.0031|0.0386|-0.1008|0.0250||44.70|22|41.30|42
GME211217P00135000|3.65|3.98|3.00|4.75|3.00|9|-1.75|-0.3684|1|152|1|66|-0.0408|0.0032|-0.0023|-0.1091|0.0266||3.20|40|2.92|15
GME211217C00140000|37.00|37.00|37.00|33.50|37.00|8|3.50|0.1045|0|149|1|1|0.9405|0.0045|0.0388|-0.1426|0.0360||40.30|44|36.90|28
GME211217P00140000|5.28|5.62|3.45|5.78|3.66|8|-2.12|-0.3668|68|983|1|201|-0.0655|0.0047|-0.0037|-0.1587|0.0388||3.75|68|3.40|101
GME211217C00145000|34.00|34.00|34.00|27.00|34.00|7|7.00|0.2593|0|59|1|2|0.9062|0.0063|0.0384|-0.2033|0.0509||35.90|44|32.65|51
GME211217P00145000|6.26|6.26|3.90|7.10|4.35|7|-2.75|-0.3873|12|264|1|15|-0.0997|0.0063|-0.0057|-0.2205|0.0533||4.50|53|4.15|47
GME211217C00150000|29.40|29.40|27.83|27.40|27.83|6|0.43|0.0157|0|82|1|2|0.8616|0.0082|0.0373|-0.2699|0.0671||32.05|49|28.60|55
GME211217P00150000|8.80|8.80|4.90|8.50|5.39|6|-3.11|-0.3659|136|2018|1|482|-0.1418|0.0081|-0.0081|-0.2816|0.0683||5.45|52|5.05|86
GME211217C00155000|24.23|24.23|24.23|24.92|24.23|5|-0.69|-0.0277|4|30|1|1|0.8127|0.0101|0.0359|-0.3271|0.0819||28.20|50|25.15|48
GME211217P00155000|8.03|8.03|6.55|9.47|6.55|5|-2.92|-0.3083|-1|404|1|13|-0.1948|0.0101|-0.0112|-0.3426|0.0838||6.80|60|6.10|130
GME211217C00160000|22.95|24.60|21.78|21.45|23.00|4|1.55|0.0723|6|143|2|8|0.7497|0.0120|0.0337|-0.3833|0.0967||24.45|122|22.00|73
GME211217P00160000|9.00|9.66|7.30|12.08|8.10|4|-3.98|-0.3295|-4|1042|2|68|-0.2557|0.0117|-0.0149|-0.3999|0.0978||8.30|54|7.70|24
GME211217C00165000|20.60|21.70|17.60|16.45|17.60|3|1.15|0.0699|8|87|1|8|0.6826|0.0132|0.0311|-0.4365|0.1085||21.05|64|18.40|80
GME211217P00165000|10.70|11.30|9.50|14.75|9.70|3|-5.05|-0.3424|76|429|2|60|-0.3237|0.0130|-0.0190|-0.4506|0.1092||10.10|57|9.40|110
GME211217C00170000|18.20|21.00|15.00|14.20|17.20|2|3.00|0.2113|42|177|1|31|0.6062|0.0141|0.0279|-0.4767|0.1170||17.95|44|15.95|85
GME211217P00170000|13.50|13.61|10.82|17.48|12.20|2|-5.28|-0.3021|-14|1078|1|68|-0.3949|0.0138|-0.0234|-0.4888|0.1171||12.20|42|11.50|110
GME211217C00175000|15.05|18.05|13.00|12.35|14.84|1|2.49|0.2016|5|213|8|75|0.5329|0.0147|0.0249|-0.4886|0.1209||14.85|2|13.85|79
GME211217P00175000|15.60|16.18|12.20|18.97|14.90|1|-4.07|-0.2145|-22|763|8|218|-0.4662|0.0143|-0.0279|-0.5032|0.1209||14.90|52|13.90|80
GME211217C00180000|11.50|15.25|10.85|10.25|12.20|1|1.95|0.1902|542|1045|1|304|0.4606|0.0146|0.0217|-0.4898|0.1207||12.45|27|11.90|1
GME211217P00180000|18.00|18.00|15.00|21.74|17.80|1|-3.94|-0.1812|-9|1119|1|49|-0.5370|0.0143|-0.0325|-0.5014|0.1208||17.95|67|16.70|62
GME211217C00185000|10.83|13.45|9.00|8.75|10.30|2|1.55|0.1771|62|346|3|59|0.3957|0.0141|0.0188|-0.4782|0.1173||11.55|126|10.00|1
GME211217P00185000|20.78|21.60|18.23|25.00|19.40|2|-5.60|-0.2240|8|254|1|11|-0.6047|0.0139|-0.0370|-0.4860|0.1171||21.35|64|19.00|98
GME211217C00187500|10.00|10.40|9.12|7.90|10.40|3|2.50|0.3165|2|44|1|11|0.4261|0.0099|0.0192|-0.7093|0.1192||10.70|102|8.75|79
GME211217P00187500||||27.07|27.07|3|0.00|0.0000|0|116|0|0|-0.5434|0.0082|-0.0367|-0.8706|0.1206||23.00|59|20.60|77
GME211217C00190000|9.00|11.65|7.94|7.20|8.70|4|1.50|0.2083|-19|254|1|71|0.3295|0.0132|0.0157|-0.4516|0.1100||9.00|19|8.45|57
GME211217P00190000|23.16|24.57|20.00|29.00|23.97|4|-5.03|-0.1734|4|435|1|29|-0.6653|0.0130|-0.0413|-0.4648|0.1107||24.85|63|23.10|18
GME211217C00192500|9.10|9.50|8.10|7.35|8.50|5|1.15|0.1565|4|43|1|28|0.3769|0.0098|0.0172|-0.6725|0.1155||8.95|143|7.55|107
GME211217P00192500||||38.40|38.40|5|0.00|0.0000|0|113|0|0|-0.5181|0.0058|-0.0388|-1.2423|0.1212||26.60|61|24.10|81
GME211217C00195000|7.72|9.55|7.40|6.35|7.40|6|1.05|0.1654|12|170|1|29|0.2746|0.0120|0.0132|-0.4204|0.1014||7.80|58|7.10|69
GME211217P00195000|29.00|29.00|25.35|31.75|27.72|6|-4.03|-0.1269|-12|429|1|26|-0.7201|0.0119|-0.0454|-0.4327|0.1023||28.70|62|26.75|10
GME211217C00197500|8.33|8.33|6.30|5.75|6.30|7|0.55|0.0957|2|39|1|9|0.3190|0.0098|0.0148|-0.5940|0.1086||7.40|95|6.45|76
GME211217P00197500||||42.50|42.50|7|0.00|0.0000|0|93|0|0|-0.5389|0.0056|-0.0412|-1.2703|0.1207||30.50|61|27.80|77
GME211217C00200000|5.40|8.30|5.40|5.55|6.40|8|0.85|0.1532|308|3025|1|362|0.2279|0.0107|0.0110|-0.3864|0.0919||6.65|69|6.10|54
GME211217P00200000|31.50|31.50|29.00|38.96|31.28|8|-7.68|-0.1971|-44|1875|1|18|-0.7657|0.0107|-0.0490|-0.4011|0.0933||32.65|48|29.85|80
GME211217C00202500|6.11|7.70|5.60|5.85|5.83|9|-0.02|-0.0034|4|39|5|22|0.2913|0.0089|0.0135|-0.6009|0.1043||6.45|97|5.55|89
GME211217P00202500||||38.80|38.80|9|0.00|0.0000|0|120|0|0|-0.6320|0.0073|-0.0450|-0.8891|0.1148||34.55|46|31.85|64
GME211217C00205000|5.53|7.00|5.32|4.50|5.55|10|1.05|0.2333|36|100|1|38|0.2776|0.0085|0.0128|-0.5982|0.1019||5.75|65|5.25|58
GME211217P00205000|36.60|36.60|36.60|41.50|36.60|10|-4.90|-0.1181|-2|161|1|1|-0.7130|0.0084|-0.0486|-0.6288|0.1036||36.70|46|33.90|66
GME211217C00207500|5.40|5.73|5.30|5.65|5.32|11|-0.33|-0.0584|3|34|2|12|0.2675|0.0082|0.0124|-0.6002|0.1002||5.65|98|4.75|97
GME211217P00207500|37.77|37.77|37.77|43.07|37.77|11|-5.30|-0.1231|3|219|1|1|-0.7475|0.0083|-0.0508|-0.5551|0.0971||38.95|47|36.05|72
GME211217C00210000|5.25|6.05|4.35|4.35|4.93|12|0.58|0.1333|16|813|1|187|0.1470|0.0082|0.0072|-0.2943|0.0700||5.05|28|4.55|73
GME211217P00210000|38.00|43.00|34.90|47.90|39.60|12|-8.30|-0.1733|65|273|2|95|-0.8479|0.0082|-0.0559|-0.3059|0.0716||41.20|58|38.75|73
GME211217C00212500|4.80|4.80|4.80|4.58|4.80|13|0.22|0.0480|21|35|4|6|0.2410|0.0076|0.0111|-0.5843|0.0947||5.00|99|4.15|96
GME211217P00212500||||42.25|42.25|13|0.00|0.0000|0|59|0|0|-0.7710|0.0077|-0.0534|-0.5445|0.0921||43.60|46|40.40|54
GME211217C00215000|4.45|5.20|4.05|3.82|4.35|14|0.53|0.1387|20|123|2|47|0.2249|0.0073|0.0104|-0.5606|0.0912||4.80|133|3.90|98
GME211217P00215000||||54.30|54.30|14|0.00|0.0000|-5|99|0|0|-0.6286|0.0055|-0.0495|-1.1727|0.1151||45.75|48|42.60|55
GME211217C00217500|4.85|5.00|3.80|5.10|3.84|15|-1.26|-0.2471|0|40|1|20|0.2065|0.0070|0.0096|-0.5264|0.0868||4.30|45|3.70|102
GME211217P00217500|46.54|46.80|46.54|56.80|46.80|15|-10.00|-0.1761|-6|49|2|3|-0.7914|0.0070|-0.0558|-0.5327|0.0873||48.05|25|44.85|17
GME211217C00220000|4.00|4.65|3.50|3.40|3.70|16|0.30|0.0882|-8|1871|2|117|0.0926|0.0058|0.0045|-0.2143|0.0504||3.80|6|3.60|65
GME211217P00220000||||59.00|59.00|16|0.00|0.0000|-1|423|0|0|-0.9007|0.0060|-0.0614|-0.2309|0.0531||50.55|47|47.15|24
GME211217C00222500|3.80|3.80|3.65|3.30|3.73|17|0.43|0.1303|11|81|1|9|0.1963|0.0065|0.0091|-0.5375|0.0843||3.90|16|3.35|62
GME211217P00222500||||49.15|49.15|17|0.00|0.0000|0|21|0|0|-0.8790|0.0061|-0.0612|-0.3025|0.0612||52.65|22|49.45|19
GME211217C00225000|3.75|4.15|3.38|3.00|3.60|18|0.60|0.2000|11|139|1|13|0.1872|0.0062|0.0087|-0.5298|0.0817||3.75|39|3.20|80
GME211217P00225000||||49.64|49.64|18|0.00|0.0000|0|30|0|0|-0.8935|0.0056|-0.0627|-0.2730|0.0559||55.00|22|51.80|24
GME211217C00227500|3.80|3.80|3.45|3.60|3.45|19|-0.15|-0.0417|1|10|1|2|0.1794|0.0060|0.0083|-0.5228|0.0796||3.60|46|3.10|55
GME211217P00227500||||51.86|51.86|19|0.00|0.0000|0|60|0|0|-0.9058|0.0052|-0.0640|-0.2478|0.0511||57.35|23|54.15|20
GME211217C00230000|3.25|3.67|3.10|3.05|3.23|20|0.18|0.0590|2|438|1|31|0.0606|0.0041|0.0030|-0.1595|0.0365||3.40|2|3.00|74
GME211217P00230000|57.65|57.65|57.65|64.00|57.65|20|-6.35|-0.0992|0|63|1|1|-0.9360|0.0042|-0.0662|-0.1683|0.0381||59.70|21|56.50|24
GME211217C00232500|3.25|3.30|3.25|2.66|3.30|21|0.64|0.2406|-1|85|1|2|0.1701|0.0056|0.0079|-0.5249|0.0771||3.35|23|2.95|25
GME211217P00232500||||53.30|53.30|21|0.00|0.0000|0|19|0|0|-0.9624|0.0031|-0.0682|-0.0986|0.0250||62.35|44|58.90|43
GME211217C00235000|3.10|3.35|2.98|2.80|3.10|22|0.30|0.1071|11|89|1|13|0.1566|0.0053|0.0073|-0.4937|0.0730||3.20|25|2.81|67
GME211217P00235000||||68.76|68.76|22|0.00|0.0000|0|61|0|0|-0.7310|0.0051|-0.0593|-0.9627|0.1005||64.70|22|61.30|22
GME211217C00240000|2.83|3.18|2.68|2.62|2.86|23|0.24|0.0916|25|346|1|45|0.0367|0.0027|0.0018|-0.1075|0.0244||3.10|46|2.60|78
GME211217P00240000||||73.45|73.45|23|0.00|0.0000|0|54|0|0|-0.9580|0.0030|-0.0703|-0.1228|0.0273||69.55|20|66.10|21
GME211217C00245000|2.75|3.00|2.75|2.74|2.84|24|0.10|0.0365|4|200|1|24|0.1438|0.0046|0.0066|-0.5024|0.0690||2.96|77|2.49|63
GME211217P00245000||||78.00|78.00|24|0.00|0.0000|1|39|0|0|-0.7541|0.0047|-0.0633|-0.9551|0.0959||74.25|14|70.90|43
GME211217C00250000|2.75|2.77|2.26|2.39|2.72|25|0.33|0.1381|58|1302|1|269|0.0227|0.0018|0.0011|-0.0733|0.0164||2.71|13|2.42|11
GME211217P00250000|76.30|76.30|76.30|85.24|76.30|25|-8.94|-0.1049|-1|54|1|1|-0.9749|0.0019|-0.0741|-0.0805|0.0178||79.25|60|75.80|22
GME211217C00255000|2.16|2.51|2.16|2.26|2.51|26|0.25|0.1106|0|359|5|29|0.1251|0.0041|0.0058|-0.4759|0.0626||2.61|7|2.24|70
GME211217P00255000||||39.75|39.75|26|0.00|0.0000|0|5|0|0|-1.0000|0.0000|-0.0768|0.0008|0.0000||84.15|15|80.65|46
GME211217C00260000|2.30|2.49|2.27|2.37|2.36|27|-0.01|-0.0042|-4|519|9|27|0.0138|0.0012|0.0007|-0.0483|0.0107||2.55|18|2.18|56
GME211217P00260000||||89.25|89.25|27|0.00|0.0000|0|21|0|0|-0.9842|0.0013|-0.0776|-0.0545|0.0120||89.05|13|85.55|22
GME211217C00270000|2.00|2.25|2.00|2.10|2.24|28|0.14|0.0667|64|636|1|10|0.0090|0.0008|0.0004|-0.0340|0.0074||2.47|94|2.02|72
GME211217P00270000||||102.35|102.35|28|0.00|0.0000|-19|30|0|0|-0.9896|0.0009|-0.0808|-0.0387|0.0084||98.90|9|95.35|23
GME211217C00280000|1.97|2.16|1.83|1.98|2.09|29|0.11|0.0556|32|2058|1|35|0.0061|0.0005|0.0003|-0.0247|0.0052||2.24|20|1.90|55
GME211217P00280000|106.96|106.96|106.96|91.00|106.96|29|15.96|0.1754|0|10|2|2|-0.9931|0.0006|-0.0840|-0.0272|0.0058||108.75|29|105.20|21
GME211217C00290000|1.90|1.99|1.83|1.80|1.87|30|0.07|0.0389|6|531|2|36|0.0041|0.0004|0.0002|-0.0177|0.0037||2.07|7|1.83|46
GME211217P00290000|116.82|116.82|116.82|127.73|116.82|30|-10.91|-0.0854|-2|23|2|2|-0.9949|0.0004|-0.0871|-0.0214|0.0045||118.65|13|115.10|19
GME211217C00300000|2.99|2.99|1.54|1.60|1.86|31|0.26|0.1625|-109|5622|2|200|0.0027|0.0003|0.0001|-0.0123|0.0025||1.96|8|1.76|11
GME211217P00300000|120.20|120.20|120.20|126.50|120.20|31|-6.30|-0.0498|0|20|1|1|-0.9968|0.0003|-0.0902|-0.0137|0.0029||128.55|32|124.95|13
GME211217C00310000|1.84|1.84|1.62|1.62|1.77|32|0.15|0.0926|16|384|1|21|0.0017|0.0002|0.0001|-0.0084|0.0017||1.89|57|1.63|52
GME211217P00310000||||102.75|102.75|32|0.00|0.0000|0|3|0|0|-0.9978|0.0002|-0.0933|-0.0098|0.0021||138.45|13|134.90|20
GME211217C00320000|1.65|1.69|1.58|1.49|1.58|33|0.09|0.0604|11|459|1|51|0.0012|0.0001|0.0001|-0.0060|0.0012||1.76|10|1.57|23
GME211217P00320000||||96.00|96.00|33|0.00|0.0000|0|17|0|0|-0.9984|0.0001|-0.0964|-0.0070|0.0016||148.40|24|144.80|24
GME211217C00330000|1.58|1.60|1.46|1.49|1.56|34|0.07|0.0470|21|234|1|36|0.0008|0.0001|0.0000|-0.0045|0.0009||1.60|3|1.46|43
GME211217P00330000||||159.50|159.50|34|0.00|0.0000|0|3|0|0|-0.9989|0.0001|-0.0994|-0.0048|0.0011||158.30|13|154.75|21
GME211217C00340000|1.45|1.50|1.45|1.41|1.50|35|0.09|0.0638|0|232|2|12|0.0006|0.0001|0.0000|-0.0035|0.0007||1.58|5|1.40|35
GME211217P00340000||||126.85|126.85|35|0.00|0.0000|0|7|0|0|-0.9992|0.0001|-0.1024|-0.0032|0.0008||168.25|24|164.70|20
GME211217C00350000|1.44|1.50|1.20|1.33|1.49|36|0.16|0.1203|-148|856|1|111|0.0005|0.0000|0.0000|-0.0027|0.0005||1.50|5|1.40|1
GME211217P00350000||||133.85|133.85|36|0.00|0.0000|0|4|0|0|-0.9994|0.0001|-0.1054|-0.0023|0.0007||178.20|14|174.60|20
GME211217C00360000|1.29|1.53|1.29|1.15|1.38|37|0.23|0.2000|-3|312|2|12|0.0004|0.0000|0.0000|-0.0024|0.0004||1.48|17|1.30|5
GME211217P00360000||||||37|||0|0|0|0|-0.9995|0.0000|-0.1085|-0.0018|0.0005||188.15|14|184.55|19
GME211217C00370000|1.40|1.40|1.35|1.43|1.35|38|-0.08|-0.0559|1|447|1|2|0.0003|0.0000|0.0000|-0.0020|0.0004||1.47|42|1.16|67
GME211217P00370000||||172.65|172.65|38|0.00|0.0000|0|3|0|0|-0.9996|0.0000|-0.1115|-0.0012|0.0004||198.05|32|194.50|33
GME211217C00380000|1.34|1.34|1.30|1.20|1.30|39|0.10|0.0833|7|175|1|2|0.0003|0.0000|0.0000|-0.0016|0.0003||1.42|37|1.11|63
GME211217P00380000||||208.83|208.83|39|0.00|0.0000|0|16|0|0|-0.9997|0.0000|-0.1145|-0.0006|0.0003||208.00|4|204.45|12
GME211217C00390000|1.20|1.24|1.14|1.16|1.14|40|-0.02|-0.0172|71|265|1|16|0.0002|0.0000|0.0000|-0.0014|0.0003||1.27|13|1.08|37
GME211217P00390000||||||40|||0|0|0|0|-0.9997|0.0000|-0.1175|-0.0004|0.0003||217.95|3|214.40|12
GME211217C00400000|1.10|1.21|0.90|1.10|1.14|41|0.04|0.0364|49|1325|1|225|0.0002|0.0000|0.0000|-0.0011|0.0002||1.20|12|1.10|4
GME211217P00400000||||238.75|238.75|41|0.00|0.0000|0|3|0|0|-0.9998|0.0000|-0.1205|-0.0002|0.0003||227.90|3|224.40|12
GME211217C00410000|1.00|1.10|1.00|1.10|1.10|42|0.00|0.0000|1|227|1|4|0.0001|0.0000|0.0000|-0.0008|0.0001||1.17|34|0.91|74
GME211217P00410000||||190.90|190.90|42|0.00|0.0000|0|3|0|0|-0.9998|0.0000|-0.1235|0.0001|0.0002||237.85|12|234.35|16
GME211217C00420000|1.09|1.10|0.92|0.92|1.10|43|0.18|0.1957|-2|540|2|5|0.0001|0.0000|0.0000|-0.0007|0.0001||1.15|57|0.91|68
GME211217P00420000||||189.85|189.85|43|0.00|0.0000|0|16|0|0|-0.9999|0.0000|-0.1266|0.0008|0.0001||247.80|17|244.30|17
GME211217C00430000|1.00|1.00|0.83|1.04|0.90|44|-0.14|-0.1346|7|220|6|22|0.0001|0.0000|0.0000|-0.0006|0.0001||1.14|20|0.88|22
GME211217P00430000||||244.20|244.20|44|0.00|0.0000|0|0|0|0|-0.9999|0.0000|-0.1296|0.0009|0.0001||257.75|12|254.25|12
GME211217C00440000||||0.80|0.80|45|0.00|0.0000|2|474|0|0|0.0001|0.0000|0.0000|-0.0005|0.0001||1.14|49|0.92|1
GME211217P00440000||||||45|||0|0|0|0|-1.0000|0.0000|-0.1326|0.0011|0.0001||267.70|12|264.30|12
GME211217C00450000|0.90|0.96|0.81|0.84|0.96|46|0.12|0.1429|62|745|1|8|0.0000|0.0000|0.0000|-0.0004|0.0001||1.00|1|0.88|1
GME211217P00450000||||||46|||0|0|0|0|-1.0000|0.0000|-0.1356|0.0012|0.0001||277.65|12|274.30|2
GME211217C00460000|0.88|1.07|0.76|0.90|0.83|47|-0.07|-0.0778|0|1139|2|81|0.0000|0.0000|0.0000|-0.0004|0.0001||0.99|8|0.76|16
GME211217P00460000||||261.60|261.60|47|0.00|0.0000|0|5|0|0|-1.0000|0.0000|-0.1386|0.0013|0.0000||287.65|12|284.30|12
GME211217C00470000|0.80|0.86|0.80|1.00|0.86|48|-0.14|-0.1400|0|190|1|2|0.0343|0.0009|0.0015|-0.2898|0.0231||0.96|11|0.71|21
GME211217P00470000||||||48||||0|0|0|-1.0000|0.0000|-0.1416|0.0016|0.0000||297.60|12|294.30|12
GME211217C00480000|0.65|0.65|0.65|0.80|0.65|49|-0.15|-0.1875|2|245|1|1|0.0277|0.0008|0.0012|-0.2379|0.0194||0.93|8|0.69|17
GME211217P00480000||||264.21|264.21|49|0.00|0.0000|0|7|0|0|-0.9946|0.0002|-0.1444|-0.0439|0.0047||307.55|12|304.30|12
GME211217C00490000|0.74|0.80|0.73|0.80|0.73|50|-0.07|-0.0875|-1|151|1|4|0.0296|0.0008|0.0013|-0.2586|0.0204||0.91|15|0.57|60
GME211217P00490000||||274.04|274.04|50|0.00|0.0000|0|7|0|0|-0.9923|0.0003|-0.1473|-0.0645|0.0064||317.55|12|314.30|12
GME211217C00500000|0.75|0.80|0.60|0.66|0.76|51|0.10|0.1515|16|2452|4|42|0.0301|0.0008|0.0013|-0.2679|0.0207||0.81|2|0.76|1
GME211217P00500000||||290.05|290.05|51|0.00|0.0000|0|7|0|0|-0.9835|0.0005|-0.1499|-0.1439|0.0125||327.50|12|324.10|12
GME211217C00510000|0.63|0.79|0.63|0.65|0.72|52|0.07|0.1077|67|1621|2|208|0.0285|0.0008|0.0013|-0.2582|0.0198||0.74|2|0.69|1
GME211217P00510000||||277.97|277.97|52|0.00|0.0000|0|0|0|0|-0.9958|0.0002|-0.1535|-0.0354|0.0037||337.45|12|334.05|12
GME211223C00100000||||71.00|71.00|12|0.00|0.0000|0|13|0|0|0.9333|0.0017|0.0399|-0.2930|0.0490||77.80|6|74.70|12
GME211223P00100000|2.42|2.42|1.54|2.13|1.54|12|-0.59|-0.2770|61|375|1|39|-0.0450|0.0015|-0.0043|-0.1813|0.0358||1.76|14|1.54|1
GME211223C00110000||||||11||||0|0|0|1.0000|0.0000|0.0512|-0.0004|0.0000||69.10|24|65.10|13
GME211223P00110000|2.10|2.29|2.10|2.57|2.15|11|-0.42|-0.1634|415|520|1|4|-0.0644|0.0021|-0.0062|-0.2241|0.0476||2.37|66|1.81|29
GME211223C00120000||||49.37|49.37|10|0.00|0.0000|1|2|0|0|0.9461|0.0024|0.0510|-0.1452|0.0414||59.75|13|55.70|21
GME211223P00120000|3.00|3.17|2.50|4.10|2.50|10|-1.60|-0.3902|0|37|1|31|-0.0813|0.0028|-0.0077|-0.2368|0.0570||2.66|2|2.35|8
GME211223C00130000||||41.20|41.20|9|0.00|0.0000|1|1|0|0|0.8960|0.0039|0.0509|-0.2465|0.0683||50.05|10|46.65|21
GME211223P00130000|3.58|3.58|3.40|5.25|3.40|9|-1.85|-0.3524|5|141|1|3|-0.1147|0.0039|-0.0108|-0.2802|0.0732||3.85|39|3.20|19
GME211223C00140000|41.10|41.10|41.10|41.10|41.10|8|0.00|0.0000|0|0|1|1|0.8143|0.0051|0.0472|-0.4156|0.1011||41.50|12|38.05|14
GME211223P00140000|4.85|4.85|4.85|7.23|4.85|8|-2.38|-0.3292|7|49|1|1|-0.1629|0.0053|-0.0154|-0.3338|0.0931||5.65|49|4.55|5
GME211223C00145000||||||7||||0|0|0|1.0000|0.0000|0.0675|-0.0005|0.0000||37.50|10|34.05|14
GME211223P00145000|6.77|6.77|5.88|8.30|6.50|7|-1.80|-0.2169|3|14|4|15|-0.2020|0.0060|-0.0193|-0.3916|0.1064||6.55|40|5.45|17
GME211223C00150000||||28.10|28.10|6|0.00|0.0000|0|21|0|0|0.8323|0.0080|0.0547|-0.2321|0.0950||33.70|16|30.40|11
GME211223P00150000|9.75|9.75|6.65|11.00|7.11|6|-3.89|-0.3536|6|161|1|31|-0.2357|0.0067|-0.0226|-0.4173|0.1163||7.45|11|6.65|21
GME211223C00155000||||29.20|29.20|5|0.00|0.0000|0|11|0|0|0.7216|0.0071|0.0451|-0.4676|0.1269||30.05|23|27.00|12
GME211223P00155000|9.27|9.27|8.65|13.30|8.65|5|-4.65|-0.3496|1|79|1|3|-0.2694|0.0076|-0.0258|-0.4245|0.1248||9.10|48|8.10|29
GME211223C00160000||||22.77|22.77|4|0.00|0.0000|1|20|0|0|0.7015|0.0092|0.0464|-0.3840|0.1311||26.70|14|23.85|15
GME211223P00160000|10.00|11.08|10.00|13.20|11.08|4|-2.12|-0.1606|5|71|10|14|-0.3157|0.0079|-0.0307|-0.4721|0.1344||11.20|49|9.65|30
GME211223C00165000|22.80|22.80|19.80|18.80|19.80|3|1.00|0.0532|32|48|1|12|0.6497|0.0098|0.0436|-0.4120|0.1400||23.65|23|21.00|13
GME211223P00165000|13.12|13.33|11.97|17.15|13.33|3|-3.82|-0.2227|31|315|10|38|-0.3594|0.0082|-0.0353|-0.4986|0.1413||13.15|61|11.60|32
GME211223C00170000|20.25|20.25|19.22|18.44|19.98|2|1.54|0.0835|5|35|10|15|0.5967|0.0085|0.0391|-0.5171|0.1463||20.90|24|18.20|24
GME211223P00170000|15.51|15.78|13.71|20.03|15.78|2|-4.25|-0.2122|1|62|15|85|-0.4033|0.0085|-0.0401|-0.5177|0.1463||15.50|54|13.80|38
GME211223C00175000|17.20|21.00|17.06|16.30|17.37|1|1.07|0.0656|19|38|1|48|0.5545|0.0088|0.0369|-0.5221|0.1496||18.40|26|16.25|14
GME211223P00175000|18.00|18.29|16.00|22.05|17.13|1|-4.92|-0.2231|-4|43|1|41|-0.4506|0.0094|-0.0446|-0.4919|0.1496||18.05|31|16.25|19
