symbol|open|high|low|preClose|close|activeLevel|change|changeRatio|openIntChange|openInterest|latestPriceVol|volume|delta|gamma|rho|theta|vega|tradeStamptradeTime|ask|avol|bid|bvol
GME211210C00100000||||70.90|70.90|12|0.00|0.0000|209|211|0|0|0.9424|0.0016|0.0096|-1.0334|0.0212||79.20|20|74.45|42
GME211210P00100000|1.09|1.09|0.56|1.14|0.64|12|-0.50|-0.4386|1314|2034|6|1810|-0.0268|0.0011|-0.0006|-0.4283|0.0113||0.64|24|0.62|8
GME211210C00110000||||76.13|76.13|11|0.00|0.0000|0|2|0|0|0.8567|0.0021|0.0081|-3.0298|0.0414||69.20|19|64.45|32
GME211210P00110000|1.45|1.51|0.77|1.52|0.81|11|-0.71|-0.4671|314|618|5|378|-0.0365|0.0016|-0.0008|-0.4922|0.0147||0.84|16|0.82|1
GME211210C00120000||||51.40|51.40|10|0.00|0.0000|1|2|0|0|0.9163|0.0029|0.0113|-1.0377|0.0282||59.65|23|54.80|19
GME211210P00120000|1.69|1.69|0.96|2.00|1.02|10|-0.98|-0.4900|513|1305|2|504|-0.0498|0.0024|-0.0011|-0.5582|0.0188||1.07|10|1.05|6
GME211210C00130000|46.31|46.31|44.86|41.19|44.86|9|3.67|0.0891|11|11|4|8|0.9989|0.0002|0.0142|-0.0081|0.0007||49.65|25|44.70|27
GME211210P00130000|1.70|2.49|1.26|2.60|1.39|9|-1.21|-0.4654|286|1131|1|778|-0.0764|0.0036|-0.0016|-0.7212|0.0264||1.42|17|1.33|6
GME211210C00140000|37.03|39.00|35.20|34.35|35.20|8|0.85|0.0247|12|46|1|8|0.8398|0.0054|0.0118|-1.3809|0.0446||40.10|20|35.15|18
GME211210P00140000|2.50|2.97|1.73|3.80|1.91|8|-1.89|-0.4974|492|1223|1|560|-0.1043|0.0054|-0.0022|-0.7630|0.0332||1.98|14|1.85|5
GME211210C00145000|32.07|33.37|30.60|26.44|30.60|7|4.16|0.1573|13|21|1|14|0.8454|0.0066|0.0126|-1.0759|0.0436||35.55|19|30.60|18
GME211210P00145000|3.45|4.65|2.13|4.62|2.33|7|-2.29|-0.4957|250|373|2|533|-0.1332|0.0066|-0.0028|-0.8724|0.0394||2.44|22|2.28|9
GME211210C00150000|32.00|32.00|25.77|22.00|29.27|6|7.27|0.3305|-12|61|1|40|0.8140|0.0079|0.0125|-1.1411|0.0491||30.90|39|27.85|12
GME211210P00150000|3.90|5.15|2.64|5.68|3.00|6|-2.68|-0.4718|129|1024|1|1188|-0.1700|0.0081|-0.0036|-0.9918|0.0464||3.05|13|2.92|2
GME211210C00155000|23.75|25.48|23.75|18.50|24.84|5|6.34|0.3427|2|60|10|24|0.7779|0.0094|0.0122|-1.1784|0.0546||26.90|40|23.85|19
GME211210P00155000|4.50|5.15|3.45|7.06|3.85|5|-3.21|-0.4547|20|391|1|301|-0.2137|0.0096|-0.0045|-1.0992|0.0534||3.95|2|3.70|11
GME211210C00160000|20.40|24.00|18.02|15.22|21.50|4|6.28|0.4126|22|276|1|34|0.7375|0.0114|0.0120|-1.1622|0.0598||22.20|29|20.30|16
GME211210P00160000|6.10|6.80|4.20|8.50|5.00|4|-3.50|-0.4118|362|859|1|753|-0.2676|0.0112|-0.0057|-1.2131|0.0603||5.25|10|4.85|1
GME211210C00165000|17.00|21.23|15.50|12.90|18.06|3|5.16|0.4000|143|203|3|51|0.6749|0.0129|0.0111|-1.2535|0.0660||19.00|40|17.05|22
GME211210P00165000|7.50|8.80|5.55|10.86|6.60|3|-4.26|-0.3923|224|608|1|378|-0.3257|0.0129|-0.0070|-1.2613|0.0660||6.65|15|6.30|12
GME211210C00170000|14.80|18.10|12.45|10.50|15.00|2|4.50|0.4286|271|448|1|216|0.6009|0.0124|0.0099|-1.4979|0.0708||15.25|28|14.00|49
GME211210P00170000|10.15|12.00|7.00|13.50|8.40|2|-5.10|-0.3778|-41|554|1|838|-0.3959|0.0136|-0.0086|-1.3645|0.0706||8.70|14|8.10|16
GME211210C00175000|12.00|16.00|9.69|8.30|12.00|1|3.70|0.4458|198|470|2|953|0.5323|0.0148|0.0090|-1.3368|0.0729||12.30|26|11.25|50
GME211210P00175000|12.67|14.70|9.15|16.30|10.45|1|-5.85|-0.3589|13|531|1|894|-0.4683|0.0151|-0.0101|-1.3106|0.0729||10.95|17|10.25|13
GME211210C00177500|10.95|13.70|8.75|7.70|10.74|1|3.04|0.3948|132|179|10|192|0.4991|0.0140|0.0085|-1.4183|0.0731||11.00|15|10.15|25
GME211210P00177500|11.95|14.45|9.95|18.90|11.64|1|-7.26|-0.3841|-9|257|1|56|-0.5068|0.0153|-0.0110|-1.2959|0.0731||12.55|49|11.50|33
GME211210C00180000|10.00|12.95|7.25|6.55|9.50|2|2.95|0.4504|292|696|2|1123|0.4622|0.0143|0.0079|-1.3757|0.0728||9.95|42|9.00|26
GME211210P00180000|14.85|15.75|11.20|18.26|13.00|2|-5.26|-0.2881|-47|583|1|202|-0.5365|0.0141|-0.0118|-1.3941|0.0728||13.95|27|12.70|37
GME211210C00182500|8.00|11.40|6.85|5.66|8.50|3|2.84|0.5018|31|179|2|282|0.4346|0.0135|0.0074|-1.4354|0.0721||8.95|54|8.10|20
GME211210P00182500|12.40|16.50|12.40|20.00|15.20|3|-4.80|-0.2400|1|233|12|29|-0.5730|0.0142|-0.0127|-1.3506|0.0719||15.90|23|13.35|62
GME211210C00185000|7.85|10.20|6.00|5.02|7.50|4|2.48|0.4940|178|424|1|405|0.3955|0.0138|0.0068|-1.3434|0.0706||8.00|47|7.20|19
GME211210P00185000|18.95|18.95|14.55|23.17|15.75|4|-7.42|-0.3202|-119|350|2|61|-0.6239|0.0153|-0.0137|-1.1795|0.0696||17.35|46|14.95|82
GME211210C00187500|8.40|9.05|5.35|4.30|6.95|5|2.65|0.6163|45|127|4|110|0.3690|0.0131|0.0064|-1.3550|0.0692||7.05|19|6.40|18
GME211210P00187500|17.85|18.60|16.78|28.00|18.60|5|-9.40|-0.3357|2|261|1|14|-0.6364|0.0134|-0.0143|-1.3100|0.0688||19.00|20|17.10|45
GME211210C00190000|6.50|8.00|4.60|4.05|6.05|6|2.00|0.4938|226|576|5|749|0.3396|0.0127|0.0059|-1.3191|0.0671||6.30|37|5.65|43
GME211210P00190000|19.54|21.03|19.54|27.50|19.93|6|-7.57|-0.2753|0|512|2|43|-0.6758|0.0134|-0.0152|-1.2052|0.0659||20.80|19|19.05|14
GME211210C00192500|4.80|7.15|4.10|3.66|5.38|7|1.72|0.4699|32|120|5|162|0.3110|0.0123|0.0054|-1.2725|0.0648||5.70|79|4.95|74
GME211210P00192500|21.40|21.65|21.40|27.83|21.65|7|-6.18|-0.2221|3|125|1|2|-0.7084|0.0129|-0.0160|-1.1385|0.0629||22.85|25|20.80|24
GME211210C00195000|3.50|6.35|3.50|3.30|4.90|8|1.60|0.4848|141|433|10|355|0.2916|0.0115|0.0050|-1.2754|0.0629||5.00|31|4.70|25
GME211210P00195000|22.22|22.50|21.97|31.02|22.50|8|-8.52|-0.2747|-9|294|1|22|-0.7699|0.0130|-0.0173|-0.8876|0.0557||24.75|26|22.30|46
GME211210C00197500|3.81|5.80|3.60|2.90|4.20|9|1.30|0.4483|46|173|1|151|0.2628|0.0111|0.0046|-1.1957|0.0598||4.45|22|4.05|54
GME211210P00197500|26.05|26.05|26.05|33.48|26.05|9|-7.43|-0.2219|-5|115|1|1|-0.7477|0.0113|-0.0172|-1.1240|0.0585||27.25|21|23.70|56
GME211210C00200000|3.61|5.00|2.98|2.71|3.77|10|1.06|0.3911|637|2365|1|2443|0.2330|0.0107|0.0041|-1.0970|0.0561||3.95|13|3.70|1
GME211210P00200000|27.98|32.00|25.00|33.81|27.10|10|-6.71|-0.1985|-25|674|2|60|-0.8014|0.0110|-0.0184|-0.8817|0.0511||28.15|12|26.15|59
GME211210C00202500|3.00|4.50|2.94|2.41|3.45|11|1.04|0.4315|48|142|1|146|0.2231|0.0099|0.0039|-1.1202|0.0547||3.60|20|3.25|49
GME211210P00202500|30.42|30.42|30.42|35.84|30.42|11|-5.42|-0.1512|-2|33|1|1|-0.7823|0.0100|-0.0184|-1.0825|0.0539||30.50|12|28.00|38
GME211210C00205000|2.95|4.00|2.50|2.21|3.25|12|1.04|0.4706|163|401|1|335|0.1935|0.0094|0.0034|-0.9986|0.0503||3.30|35|3.00|2
GME211210P00205000|33.43|33.43|31.30|40.44|31.30|12|-9.14|-0.2260|-1|179|1|2|-0.8404|0.0094|-0.0196|-0.7824|0.0445||33.00|18|29.95|47
GME211210C00207500|2.39|3.60|2.39|1.99|2.86|13|0.87|0.4372|21|103|5|77|0.1899|0.0088|0.0033|-1.0433|0.0497||3.00|29|2.64|43
GME211210P00207500||||42.53|42.53|13|0.00|0.0000|-2|24|0|0|-0.6582|0.0069|-0.0173|-2.4383|0.0673||35.50|12|32.00|24
GME211210C00210000|2.37|3.30|2.12|1.80|2.61|14|0.81|0.4500|142|501|5|352|0.1714|0.0083|0.0030|-0.9763|0.0466||2.71|7|2.39|18
GME211210P00210000|38.25|38.25|37.90|45.79|37.90|14|-7.89|-0.1723|-17|124|1|2|-0.8017|0.0083|-0.0196|-1.1726|0.0511||38.00|12|34.05|47
GME211210C00212500|2.25|2.79|2.07|1.81|2.43|15|0.62|0.3425|15|103|1|104|0.1637|0.0078|0.0029|-0.9780|0.0453||2.58|44|2.20|33
GME211210P00212500|40.65|40.65|40.65|48.25|40.65|15|-7.60|-0.1575|1|39|2|2|-0.7997|0.0078|-0.0198|-1.2582|0.0514||40.25|12|36.55|45
GME211210C00215000|2.20|2.70|1.80|1.75|2.30|16|0.55|0.3143|118|334|1|272|0.1543|0.0073|0.0027|-0.9611|0.0436||2.36|20|2.02|19
GME211210P00215000|40.73|40.73|40.73|52.12|40.73|16|-11.39|-0.2185|0|73|1|1|-0.8892|0.0068|-0.0216|-0.6518|0.0346||42.75|18|39.05|14
GME211210C00217500|3.70|3.70|1.73|1.50|1.98|17|0.48|0.3200|11|46|1|52|0.1350|0.0068|0.0024|-0.8633|0.0398||2.18|23|1.87|12
GME211210P00217500||||53.30|53.30|17|0.00|0.0000|0|37|0|0|-0.6705|0.0059|-0.0187|-2.7828|0.0663||44.70|17|41.30|19
GME211210C00220000|1.68|2.26|1.54|1.55|1.90|18|0.35|0.2258|161|582|1|495|0.1261|0.0064|0.0022|-0.8360|0.0380||1.99|9|1.78|5
GME211210P00220000|48.67|48.67|47.38|54.32|47.38|18|-6.94|-0.1278|0|165|1|4|-0.8350|0.0067|-0.0213|-1.1480|0.0455||46.90|12|43.55|27
GME211210C00222500|1.45|3.50|1.45|1.50|1.83|19|0.33|0.2200|63|155|1|91|0.1249|0.0061|0.0022|-0.8653|0.0377||1.90|27|1.65|14
GME211210P00222500|49.15|49.15|49.15|42.95|49.15|19|6.20|0.1444|0|39|1|1|-0.8619|0.0063|-0.0220|-0.9715|0.0404||49.40|12|45.90|49
GME211210C00225000|1.59|1.91|1.38|1.21|1.65|20|0.44|0.3636|49|521|3|378|0.1146|0.0057|0.0020|-0.8177|0.0355||1.77|11|1.55|17
GME211210P00225000||||57.07|57.07|20|0.00|0.0000|-1|476|0|0|-0.7384|0.0059|-0.0205|-2.2425|0.0596||51.90|12|48.40|25
GME211210C00227500|1.39|1.74|1.33|1.22|1.50|21|0.28|0.2295|4|39|1|38|0.1056|0.0054|0.0019|-0.7760|0.0335||1.74|41|1.45|25
GME211210P00227500||||34.06|34.06|21|0.00|0.0000|0|35|0|0|-0.9987|0.0003|-0.0249|-0.0072|0.0008||54.40|1|50.40|24
GME211210C00230000|1.21|1.69|1.15|1.14|1.44|22|0.30|0.2632|95|565|1|313|0.1006|0.0051|0.0018|-0.7640|0.0323||1.50|1|1.39|10
GME211210P00230000||||61.98|61.98|22|0.00|0.0000|0|20|0|0|-0.7474|0.0056|-0.0212|-2.2955|0.0586||56.90|6|52.85|43
GME211210C00232500|1.25|1.47|1.25|1.21|1.38|23|0.17|0.1405|12|67|20|148|0.0945|0.0048|0.0017|-0.7388|0.0309||1.49|8|1.35|4
GME211210P00232500||||68.97|68.97|23|0.00|0.0000|0|5|0|0|-0.6865|0.0049|-0.0208|-3.1825|0.0650||59.40|1|55.35|20
GME211210C00235000|1.05|1.50|1.05|1.04|1.38|24|0.34|0.3269|-13|851|1|173|0.0938|0.0046|0.0016|-0.7586|0.0307||1.46|15|1.26|9
GME211210P00235000||||74.05|74.05|24|0.00|0.0000|0|32|0|0|-0.6602|0.0046|-0.0208|-3.6730|0.0672||61.90|2|57.85|23
GME211210C00237500|1.14|1.39|1.05|0.95|1.36|25|0.41|0.4316|34|54|2|42|0.0881|0.0044|0.0015|-0.7274|0.0294||1.39|19|1.22|5
GME211210P00237500||||76.45|76.45|25|0.00|0.0000|0|24|0|0|-0.6644|0.0045|-0.0212|-3.7027|0.0668||64.40|6|60.35|25
GME211210C00240000|1.07|1.31|1.00|0.96|1.20|26|0.24|0.2500|34|336|1|78|0.0801|0.0041|0.0014|-0.6810|0.0273||1.25|1|1.13|9
GME211210P00240000|64.94|64.94|64.94|71.95|64.94|26|-7.01|-0.0974|-1|30|1|1|-0.9433|0.0035|-0.0253|-0.4680|0.0209||66.90|1|62.85|21
GME211210C00245000|0.98|1.25|0.90|0.92|1.12|27|0.20|0.2174|45|227|2|83|0.0758|0.0037|0.0013|-0.6804|0.0262||1.22|21|1.04|16
GME211210P00245000||||50.19|50.19|27|0.00|0.0000|0|23|0|0|-0.9999|0.0000|-0.0268|0.0000|0.0001||71.90|2|67.85|13
GME211210C00250000|1.00|1.17|0.75|0.88|1.04|28|0.16|0.1818|806|3669|1|680|0.0670|0.0034|0.0012|-0.6287|0.0238||1.05|1|1.00|6
GME211210P00250000||||80.84|80.84|28|0.00|0.0000|3|18|0|0|-0.7875|0.0046|-0.0240|-2.2985|0.0534||76.90|12|72.65|24
GME211210C00255000|0.90|1.04|0.86|0.83|0.93|29|0.10|0.1205|155|228|1|66|0.0626|0.0031|0.0011|-0.6146|0.0226||1.03|16|0.89|15
GME211210P00255000||||40.40|40.40|29|0.00|0.0000|0|5|0|0|-1.0000|0.0000|-0.0279|0.0008|0.0000||81.60|17|77.65|18
GME211210C00260000|0.90|1.00|0.80|0.80|0.87|30|0.07|0.0875|953|1845|10|345|0.0579|0.0028|0.0010|-0.5937|0.0212||0.95|17|0.84|11
GME211210P00260000||||69.85|69.85|30|0.00|0.0000|0|22|0|0|-0.9936|0.0007|-0.0284|-0.0594|0.0033||86.60|12|82.60|21
GME211210C00270000|0.66|0.88|0.66|0.65|0.79|31|0.14|0.2154|225|405|1|180|0.0512|0.0024|0.0009|-0.5669|0.0193||0.79|10|0.72|2
GME211210P00270000||||103.46|103.46|31|0.00|0.0000|0|15|0|0|-0.7638|0.0039|-0.0260|-3.0826|0.0565||96.60|17|92.45|17
GME211210C00280000|0.68|0.80|0.59|0.60|0.69|32|0.09|0.1500|37|296|10|115|0.0425|0.0020|0.0007|-0.5013|0.0166||0.68|1|0.65|6
GME211210P00280000||||112.20|112.20|32|0.00|0.0000|0|6|0|0|-0.7891|0.0036|-0.0275|-2.8792|0.0530||107.55|17|102.25|17
GME211210C00290000|0.56|0.82|0.56|0.61|0.61|33|0.00|0.0000|-10|545|1|279|0.0374|0.0018|0.0006|-0.4708|0.0150||0.64|10|0.58|2
GME211210P00290000||||82.25|82.25|33|0.00|0.0000|0|7|0|0|-1.0000|0.0000|-0.0318|0.0008|0.0000||117.40|17|112.10|17
GME211210C00300000|0.51|1.15|0.49|0.50|0.53|34|0.03|0.0600|407|1617|2|911|0.0339|0.0016|0.0006|-0.4512|0.0138||0.57|22|0.52|10
GME211210P00300000||||76.00|76.00|34|0.00|0.0000|0|14|0|0|-1.0000|0.0000|-0.0329|0.0010|0.0000||127.30|17|122.00|17
GME211210C00310000|0.47|0.80|0.47|0.45|0.51|35|0.06|0.1333|76|359|2|171|0.0308|0.0014|0.0005|-0.4317|0.0127||0.51|9|0.50|1
GME211210P00310000||||83.61|83.61|35|0.00|0.0000|0|4|0|0|-1.0000|0.0000|-0.0340|0.0008|0.0000||137.25|17|132.20|17
GME211210C00320000|0.47|0.62|0.45|0.44|0.48|36|0.04|0.0909|143|420|5|135|0.0274|0.0012|0.0005|-0.4037|0.0116||0.46|1|0.45|1
GME211210P00320000||||89.47|89.47|36|0.00|0.0000|0|3|0|0|-1.0000|0.0000|-0.0351|0.0010|0.0000||147.15|18|141.30|22
GME211210C00330000|0.58|0.58|0.39|0.39|0.41|37|0.02|0.0513|233|482|100|271|0.0247|0.0011|0.0004|-0.3800|0.0106||0.42|6|0.38|5
GME211210P00330000||||||37||||0|0|0|-1.0000|0.0000|-0.0362|0.0011|0.0000||157.05|17|152.05|17
GME211210C00340000|0.28|0.42|0.28|0.33|0.37|38|0.04|0.1212|29|160|1|31|0.0222|0.0010|0.0004|-0.3549|0.0097||0.39|16|0.34|4
GME211210P00340000||||||38||||0|0|0|-1.0000|0.0000|-0.0373|0.0011|0.0000||166.95|17|162.00|17
GME211210C00350000|0.40|0.40|0.30|0.30|0.34|39|0.04|0.1333|176|675|2|973|0.0179|0.0008|0.0003|-0.2963|0.0081||0.34|8|0.31|5
GME211210P00350000||||||39||||0|0|0|-1.0000|0.0000|-0.0384|0.0011|0.0000||176.90|17|172.00|17
GME211210C00360000|0.39|0.39|0.29|0.28|0.29|40|0.01|0.0357|61|150|1|60|0.0175|0.0008|0.0003|-0.3004|0.0079||0.30|17|0.27|14
GME211210P00360000||||||40||||0|0|0|-1.0000|0.0000|-0.0395|0.0012|0.0000||186.85|17|181.70|17
GME211210C00370000|0.29|0.35|0.28|0.29|0.28|41|-0.01|-0.0345|8|46|1|11|0.0165|0.0007|0.0003|-0.2931|0.0075||0.28|7|0.25|12
GME211210P00370000||||||41||||0|0|0|-1.0000|0.0000|-0.0405|0.0012|0.0000||196.75|18|191.55|18
GME211210C00380000|0.33|0.33|0.22|0.25|0.23|42|-0.02|-0.0800|20|77|1|12|0.0138|0.0006|0.0002|-0.2530|0.0065||0.26|9|0.22|15
GME211210P00380000||||||42||||0|0|0|-1.0000|0.0000|-0.0416|0.0012|0.0000||208.45|12|201.65|28
GME211210C00390000|0.22|0.27|0.20|0.22|0.21|43|-0.01|-0.0455|77|156|1|113|0.0126|0.0006|0.0002|-0.2368|0.0060||0.24|17|0.21|8
GME211210P00390000||||||43||||0|0|0|-1.0000|0.0000|-0.0427|0.0013|0.0000||218.80|12|211.60|22
GME211210C00400000|0.21|0.27|0.18|0.20|0.20|44|0.00|0.0000|64|592|1|384|0.0118|0.0005|0.0002|-0.2292|0.0057||0.21|5|0.20|20
GME211210P00400000||||230.14|230.14|44|0.00|0.0000|1|1|0|0|-0.8583|0.0021|-0.0418|-2.9532|0.0411||226.60|18|221.35|18
GME211210C00410000|0.20|0.23|0.19|0.22|0.19|45|-0.03|-0.1364|28|98|1|10|0.0111|0.0005|0.0002|-0.2214|0.0054||0.20|5|0.14|1
GME211210P00410000||||||45||||0|0|0|-1.0000|0.0000|-0.0449|0.0013|0.0000||239.05|10|230.45|33
GME211210C00420000|0.28|0.28|0.15|0.18|0.17|46|-0.01|-0.0556|64|242|1|119|0.0100|0.0004|0.0002|-0.2037|0.0049||0.17|1|0.15|14
GME211210P00420000||||||46||||0|0|0|-1.0000|0.0000|-0.0460|0.0014|0.0000||248.95|10|240.50|36
GME211210C00430000|0.22|0.22|0.14|0.13|0.14|47|0.01|0.0769|5|311|1|3|0.0084|0.0004|0.0001|-0.1755|0.0042||0.52|33|0.08|1
GME211210P00430000||||||47||||0|0|0|-1.0000|0.0000|-0.0471|0.0014|0.0000||256.60|13|250.55|27
GME211210C00440000|0.15|0.16|0.15|0.15|0.16|48|0.01|0.0667|16|96|1|14|0.0092|0.0004|0.0002|-0.1962|0.0045||0.22|11|0.12|1
GME211210P00440000||||||48||||0|0|0|-1.0000|0.0000|-0.0482|0.0014|0.0000||266.55|13|260.55|27
GME211210C00450000|0.20|0.24|0.15|0.15|0.16|49|0.01|0.0667|511|807|3|57|0.0073|0.0003|0.0001|-0.1594|0.0037||0.17|8|0.12|1
GME211210P00450000||||||49||||0|0|0|-1.0000|0.0000|-0.0493|0.0015|0.0000||276.50|13|270.60|27
GME211210C00460000|0.22|0.22|0.11|0.11|0.13|50|0.02|0.1818|111|177|4|775|0.0075|0.0003|0.0001|-0.1671|0.0038||0.15|5|0.06|5
GME211210P00460000||||||50||||0|0|0|-1.0000|0.0000|-0.0504|0.0015|0.0000||286.45|1|280.60|28
GME211210C00470000|0.15|0.15|0.10|0.12|0.10|51|-0.02|-0.1667|310|333|1|213|0.0060|0.0003|0.0001|-0.1355|0.0031||0.18|1|0.10|1
GME211210P00470000||||||51||||0|0|0|-1.0000|0.0000|-0.0515|0.0015|0.0000||296.40|13|290.65|27
GME211210C00480000|0.14|0.15|0.08|0.10|0.13|52|0.03|0.3000|75|148|2|170|0.0073|0.0003|0.0001|-0.1687|0.0037||0.25|9|0.05|1
GME211210P00480000||||||52||||0|0|0|-1.0000|0.0000|-0.0526|0.0016|0.0000||309.10|10|300.65|27
GME211210C00490000|0.20|0.20|0.10|0.17|0.12|53|-0.05|-0.2941|-5|96|1|25|0.0067|0.0003|0.0001|-0.1585|0.0034||0.15|3|0.10|2
GME211210P00490000||||||53||||0|0|0|-1.0000|0.0000|-0.0537|0.0016|0.0000||318.80|1|310.65|27
GME211210C00500000|0.15|0.20|0.08|0.09|0.12|54|0.03|0.3333|84|977|2|180|0.0066|0.0003|0.0001|-0.1590|0.0034||0.15|1|0.09|2
GME211210P00500000||||||54||||0|0|0|-1.0000|0.0000|-0.0548|0.0016|0.0000||328.75|1|320.70|27
GME211210C00510000|0.10|0.18|0.07|0.10|0.10|55|0.00|0.0000|766|3121|1|1343|0.0056|0.0002|0.0001|-0.1378|0.0029||0.10|34|0.09|7
GME211210P00510000||||||55||||0|0|0|-1.0000|0.0000|-0.0559|0.0017|0.0000||338.70|1|330.70|27
GME211217C00080000||||94.56|94.56|19|0.00|0.0000|0|2|0|0|0.9687|0.0008|0.0221|-0.2736|0.0215||98.65|12|94.95|27
GME211217P00080000|1.08|1.15|0.82|1.41|0.85|19|-0.56|-0.3972|464|1070|1|108|-0.0233|0.0007|-0.0015|-0.1944|0.0168||0.86|1|0.82|12
GME211217C00085000||||95.85|95.85|18|0.00|0.0000|0|1|0|0|0.9241|0.0012|0.0200|-0.7424|0.0434||93.75|4|90.05|41
GME211217P00085000|1.19|1.19|0.97|1.49|1.01|18|-0.48|-0.3221|5|125|2|11|-0.0282|0.0009|-0.0018|-0.2194|0.0196||1.01|2|0.90|44
GME211217C00090000|86.59|86.59|86.59|137.00|86.59|17|-50.41|-0.3680|0|4|10|10|0.9752|0.0009|0.0256|-0.1748|0.0177||88.85|4|85.25|16
GME211217P00090000|1.25|1.31|1.04|1.61|1.09|17|-0.52|-0.3230|39|180|1|46|-0.0319|0.0010|-0.0020|-0.2294|0.0217||1.16|23|1.02|48
GME211217C00100000|78.20|78.20|78.20|67.18|78.20|16|11.02|0.1640|-3|47|1|3|0.9997|0.0000|0.0301|-0.0017|0.0003||79.10|16|75.35|12
GME211217P00100000|1.68|1.68|0.71|1.88|1.43|16|-0.45|-0.2394|26|1077|1|257|-0.0004|0.0000|0.0000|-0.0017|0.0004||1.50|25|1.30|17
GME211217C00105000||||66.05|66.05|15|0.00|0.0000|0|1|0|0|0.9993|0.0001|0.0316|-0.0036|0.0008||74.25|33|70.70|17
GME211217P00105000|1.90|1.90|1.46|2.20|1.49|15|-0.71|-0.3227|13|166|8|72|-0.0008|0.0001|0.0000|-0.0035|0.0008||1.65|33|1.40|39
GME211217C00110000||||73.25|73.25|14|0.00|0.0000|0|1|0|0|0.9988|0.0001|0.0331|-0.0055|0.0012||69.40|20|66.10|12
GME211217P00110000|2.05|2.05|1.56|2.42|1.63|14|-0.79|-0.3264|70|424|1|87|-0.0017|0.0002|-0.0001|-0.0070|0.0016||1.73|3|1.54|58
GME211217C00115000||||112.11|112.11|13|0.00|0.0000|0|2|0|0|0.9975|0.0003|0.0345|-0.0099|0.0024||64.55|22|61.10|12
GME211217P00115000|2.00|2.01|1.74|2.62|1.79|13|-0.83|-0.3168|19|199|10|24|-0.0036|0.0004|-0.0002|-0.0138|0.0033||1.90|19|1.69|68
GME211217C00120000|58.85|58.85|58.85|52.20|58.85|12|6.65|0.1274|2|58|1|1|0.9947|0.0006|0.0359|-0.0188|0.0046||59.75|20|56.20|12
GME211217P00120000|3.28|3.28|1.93|3.09|1.98|12|-1.11|-0.3592|51|379|1|116|-0.0071|0.0007|-0.0004|-0.0249|0.0060||2.12|25|1.87|34
GME211217C00125000||||47.70|47.70|11|0.00|0.0000|0|35|0|0|0.9881|0.0011|0.0370|-0.0384|0.0094||55.00|13|51.55|12
GME211217P00125000|2.00|2.81|1.20|3.60|2.18|11|-1.42|-0.3944|180|535|1|150|-0.0142|0.0013|-0.0008|-0.0460|0.0110||2.40|33|2.12|7
GME211217C00130000||||39.61|39.61|10|0.00|0.0000|0|10|0|0|0.9788|0.0019|0.0380|-0.0622|0.0155||50.35|7|46.55|12
GME211217P00130000|3.00|3.09|2.32|4.45|2.48|10|-1.97|-0.4427|35|370|1|85|-0.0249|0.0021|-0.0014|-0.0734|0.0177||2.60|21|2.38|23
GME211217C00135000||||35.61|35.61|9|0.00|0.0000|-1|2|0|0|0.9621|0.0031|0.0386|-0.1010|0.0251||45.75|29|41.95|18
GME211217P00135000|3.65|3.98|2.82|4.75|2.82|9|-1.93|-0.4063|1|152|1|67|-0.0409|0.0032|-0.0023|-0.1093|0.0267||2.95|7|2.65|44
GME211217C00140000|37.00|37.00|37.00|33.50|37.00|8|3.50|0.1045|0|149|1|1|0.9404|0.0045|0.0388|-0.1429|0.0360||41.40|24|37.50|12
GME211217P00140000|5.28|5.62|3.15|5.78|3.25|8|-2.53|-0.4377|68|983|1|211|-0.0656|0.0047|-0.0037|-0.1589|0.0388||3.45|41|3.10|73
GME211217C00145000|34.00|34.00|34.00|27.00|34.00|7|7.00|0.2593|0|59|1|2|0.9060|0.0063|0.0384|-0.2036|0.0510||37.05|31|33.35|12
GME211217P00145000|6.26|6.26|3.78|7.10|3.94|7|-3.16|-0.4451|12|264|1|52|-0.1015|0.0064|-0.0058|-0.2230|0.0539||4.20|62|3.70|104
GME211217C00150000|29.40|29.40|27.83|27.40|27.83|6|0.43|0.0157|0|82|1|2|0.8614|0.0082|0.0373|-0.2702|0.0672||32.90|43|29.55|22
GME211217P00150000|8.80|8.80|4.65|8.50|4.83|6|-3.67|-0.4318|136|2018|2|617|-0.1441|0.0082|-0.0083|-0.2843|0.0690||5.10|35|4.60|42
GME211217C00155000|24.23|24.23|24.23|24.92|24.23|5|-0.69|-0.0277|4|30|1|1|0.8098|0.0102|0.0358|-0.3297|0.0825||28.90|54|25.75|23
GME211217P00155000|8.03|8.03|5.90|9.47|5.95|5|-3.52|-0.3717|-1|404|1|23|-0.1951|0.0101|-0.0113|-0.3429|0.0838||6.35|62|5.50|182
GME211217C00160000|22.95|24.60|21.78|21.45|23.66|4|2.21|0.1030|6|143|3|13|0.7494|0.0120|0.0337|-0.3835|0.0967||24.30|19|22.90|18
GME211217P00160000|9.00|9.66|7.25|12.08|7.39|4|-4.69|-0.3882|-4|1042|2|89|-0.2560|0.0118|-0.0149|-0.4002|0.0978||7.85|47|7.05|53
GME211217C00165000|20.60|21.70|17.60|16.45|17.60|3|1.15|0.0699|8|87|1|8|0.6857|0.0132|0.0313|-0.4353|0.1082||21.90|50|19.45|47
GME211217P00165000|10.70|11.30|8.95|14.75|9.25|3|-5.50|-0.3729|76|429|2|70|-0.3241|0.0130|-0.0190|-0.4507|0.1093||9.50|33|8.85|39
GME211217C00170000|18.20|21.00|15.00|14.20|17.20|2|3.00|0.2113|42|177|1|31|0.6058|0.0141|0.0279|-0.4768|0.1170||18.95|49|16.55|59
GME211217P00170000|13.50|13.61|10.82|17.48|11.25|2|-6.23|-0.3564|-14|1078|1|110|-0.3953|0.0138|-0.0235|-0.4889|0.1171||11.60|31|10.85|60
GME211217C00175000|15.05|18.05|13.00|12.35|14.75|1|2.40|0.1943|5|213|1|97|0.5325|0.0147|0.0248|-0.4886|0.1209||15.45|34|14.40|16
GME211217P00175000|15.60|16.18|12.20|18.97|13.59|1|-5.38|-0.2836|-22|763|1|316|-0.4666|0.0143|-0.0280|-0.5032|0.1209||14.15|21|13.15|75
GME211217C00180000|11.50|15.25|10.85|10.25|12.55|1|2.30|0.2244|542|1045|1|356|0.4601|0.0146|0.0217|-0.4897|0.1207||13.00|18|12.50|1
GME211217P00180000|18.00|18.00|15.00|21.74|16.25|1|-5.49|-0.2525|-9|1119|1|60|-0.5375|0.0143|-0.0325|-0.5013|0.1207||16.95|28|15.80|70
GME211217C00185000|10.83|13.45|9.00|8.75|10.54|2|1.79|0.2046|62|346|10|97|0.3917|0.0141|0.0186|-0.4761|0.1168||11.05|34|10.15|24
GME211217P00185000|20.78|21.60|18.23|25.00|19.30|2|-5.70|-0.2280|8|254|1|14|-0.6051|0.0139|-0.0371|-0.4858|0.1170||19.95|26|18.60|81
GME211217C00187500|10.00|10.40|9.12|7.90|10.40|3|2.50|0.3165|2|44|1|11|0.4125|0.0106|0.0188|-0.6498|0.1183||10.40|58|9.05|61
GME211217P00187500||||27.07|27.07|3|0.00|0.0000|0|116|0|0|-0.5397|0.0080|-0.0367|-0.8944|0.1207||22.10|19|19.45|75
GME211217C00190000|9.00|11.65|7.94|7.20|8.70|4|1.50|0.2083|-19|254|1|82|0.3291|0.0132|0.0157|-0.4513|0.1100||9.40|63|8.40|106
GME211217P00190000|23.16|24.57|20.00|29.00|23.73|4|-5.27|-0.1817|4|435|1|30|-0.6657|0.0130|-0.0413|-0.4645|0.1107||23.85|23|21.80|79
GME211217C00192500|9.10|9.50|8.10|7.35|8.40|5|1.05|0.1429|4|43|1|29|0.3701|0.0100|0.0170|-0.6479|0.1148||8.85|83|7.75|90
GME211217P00192500||||38.40|38.40|5|0.00|0.0000|0|113|0|0|-0.5152|0.0057|-0.0388|-1.2647|0.1212||25.65|18|23.10|74
GME211217C00195000|7.72|9.55|7.40|6.35|7.65|6|1.30|0.2047|12|170|1|39|0.2742|0.0120|0.0132|-0.4200|0.1013||7.95|43|7.30|24
GME211217P00195000|29.00|29.00|25.35|31.75|26.25|6|-5.50|-0.1732|-12|429|2|29|-0.7205|0.0119|-0.0454|-0.4324|0.1022||27.55|21|25.00|91
GME211217C00197500|8.33|8.33|6.30|5.75|6.30|7|0.55|0.0957|2|39|1|9|0.3130|0.0099|0.0146|-0.5755|0.1077||7.45|82|6.65|62
GME211217P00197500||||42.50|42.50|7|0.00|0.0000|0|93|0|0|-0.5355|0.0055|-0.0411|-1.2941|0.1208||29.55|18|26.90|47
GME211217C00200000|5.40|8.30|5.40|5.55|6.46|8|0.91|0.1640|308|3025|2|433|0.2276|0.0107|0.0110|-0.3861|0.0918||6.60|1|6.30|2
GME211217P00200000|31.50|31.50|29.00|38.96|29.65|8|-9.31|-0.2390|-44|1875|13|31|-0.7660|0.0106|-0.0490|-0.4007|0.0932||31.35|12|29.35|60
GME211217C00202500|6.11|7.70|5.60|5.85|5.98|9|0.13|0.0222|4|39|2|24|0.2885|0.0089|0.0134|-0.5925|0.1038||6.45|66|5.60|100
GME211217P00202500||||38.80|38.80|9|0.00|0.0000|0|120|0|0|-0.6270|0.0071|-0.0449|-0.9184|0.1151||33.40|12|30.55|56
GME211217C00205000|5.53|7.00|5.32|4.50|5.65|10|1.15|0.2556|36|100|1|39|0.2739|0.0086|0.0127|-0.5869|0.1012||5.85|50|5.20|70
GME211217P00205000|36.60|36.60|36.60|41.50|36.60|10|-4.90|-0.1181|-2|161|1|1|-0.7011|0.0082|-0.0482|-0.6702|0.1055||35.60|18|32.70|58
GME211217C00207500|5.40|5.73|5.25|5.65|5.35|11|-0.30|-0.0531|3|34|1|15|0.2604|0.0082|0.0121|-0.5811|0.0987||5.55|64|4.85|94
GME211217P00207500|37.77|37.77|37.77|43.07|37.77|11|-5.30|-0.1231|3|219|1|1|-0.7328|0.0082|-0.0502|-0.6025|0.1000||37.80|21|34.65|65
GME211217C00210000|5.25|6.05|4.35|4.35|5.02|12|0.67|0.1540|16|813|1|200|0.1468|0.0082|0.0071|-0.2940|0.0699||5.40|104|4.55|80
GME211217P00210000|38.00|43.00|34.90|47.90|39.60|12|-8.30|-0.1733|65|273|2|95|-0.8481|0.0082|-0.0559|-0.3055|0.0715||39.95|19|36.95|66
GME211217C00212500|4.80|4.80|4.80|4.58|4.80|13|0.22|0.0480|21|35|4|6|0.2355|0.0076|0.0109|-0.5666|0.0935||5.10|90|4.25|87
GME211217P00212500||||42.25|42.25|13|0.00|0.0000|0|59|0|0|-0.7551|0.0075|-0.0527|-0.5969|0.0955||42.20|18|39.15|47
GME211217C00215000|4.45|5.20|4.05|3.82|4.30|14|0.48|0.1257|20|123|6|61|0.2129|0.0074|0.0099|-0.5219|0.0883||4.55|17|4.05|64
GME211217P00215000||||54.30|54.30|14|0.00|0.0000|-5|99|0|0|-0.6241|0.0054|-0.0494|-1.2022|0.1154||44.55|20|41.40|46
GME211217C00217500|4.85|5.00|3.80|5.10|4.40|15|-0.70|-0.1373|0|40|1|21|0.2156|0.0070|0.0100|-0.5569|0.0890||4.50|80|3.80|58
GME211217P00217500|46.54|46.80|46.54|56.80|46.80|15|-10.00|-0.1761|-6|49|2|3|-0.7744|0.0069|-0.0552|-0.5903|0.0913||46.85|18|43.65|46
GME211217C00220000|4.00|4.65|3.50|3.40|3.95|16|0.55|0.1618|-8|1871|1|129|0.0925|0.0058|0.0045|-0.2139|0.0504||4.30|73|3.60|89
GME211217P00220000||||59.00|59.00|16|0.00|0.0000|-1|423|0|0|-0.9009|0.0060|-0.0615|-0.2306|0.0530||49.25|17|45.95|11
GME211217C00222500|3.80|3.80|3.65|3.30|3.73|17|0.43|0.1303|11|81|1|9|0.1897|0.0065|0.0088|-0.5173|0.0824||4.10|60|3.45|52
GME211217P00222500||||49.15|49.15|17|0.00|0.0000|0|21|0|0|-0.8510|0.0063|-0.0600|-0.3857|0.0706||51.60|12|48.30|19
GME211217C00225000|3.75|4.15|3.38|3.00|3.65|18|0.65|0.2167|11|139|1|70|0.1768|0.0062|0.0082|-0.4942|0.0789||3.75|13|3.35|28
GME211217P00225000||||49.64|49.64|18|0.00|0.0000|0|30|0|0|-0.9306|0.0047|-0.0644|-0.1698|0.0405||53.90|15|50.60|22
GME211217C00227500|3.80|3.80|3.45|3.60|3.45|19|-0.15|-0.0417|1|10|1|3|0.1747|0.0060|0.0081|-0.5065|0.0783||3.65|22|3.15|38
GME211217P00227500||||51.86|51.86|19|0.00|0.0000|0|60|0|0|-0.9456|0.0040|-0.0659|-0.1359|0.0335||56.40|18|53.00|11
GME211217C00230000|3.25|3.67|3.10|3.05|3.29|20|0.24|0.0787|2|438|5|48|0.0605|0.0041|0.0030|-0.1593|0.0364||3.50|39|3.10|53
GME211217P00230000|57.65|57.65|57.65|64.00|57.65|20|-6.35|-0.0992|0|63|1|1|-0.9361|0.0042|-0.0662|-0.1680|0.0380||58.90|17|55.35|9
GME211217C00232500|3.25|3.30|3.25|2.66|3.30|21|0.64|0.2406|-1|85|1|2|0.1671|0.0056|0.0078|-0.5125|0.0763||3.45|66|3.00|30
GME211217P00232500||||53.30|53.30|21|0.00|0.0000|0|19|0|0|-0.9616|0.0031|-0.0682|-0.1003|0.0254||61.25|18|57.70|24
GME211217C00235000|3.10|3.35|2.98|2.80|3.00|22|0.20|0.0714|11|89|1|14|0.1529|0.0053|0.0071|-0.4801|0.0718||3.15|1|2.88|30
GME211217P00235000||||68.76|68.76|22|0.00|0.0000|0|61|0|0|-0.7223|0.0051|-0.0590|-1.0073|0.1019||64.10|12|60.15|21
GME211217C00240000|2.83|3.18|2.68|2.62|2.84|23|0.22|0.0840|25|346|5|59|0.0366|0.0027|0.0018|-0.1073|0.0244||3.00|28|2.70|22
GME211217P00240000||||73.45|73.45|23|0.00|0.0000|0|54|0|0|-0.9588|0.0029|-0.0703|-0.1206|0.0268||68.95|12|64.95|20
GME211217C00245000|2.75|3.00|2.68|2.74|2.68|24|-0.06|-0.0219|4|200|3|50|0.1308|0.0045|0.0061|-0.4520|0.0646||2.80|13|2.59|25
GME211217P00245000||||78.00|78.00|24|0.00|0.0000|1|39|0|0|-0.7422|0.0047|-0.0629|-1.0128|0.0985||73.80|8|69.80|20
GME211217C00250000|2.75|2.77|2.26|2.39|2.55|25|0.16|0.0669|58|1302|1|358|0.0227|0.0018|0.0011|-0.0731|0.0164||2.65|9|2.50|1
GME211217P00250000|76.30|76.30|76.30|85.24|76.30|25|-8.94|-0.1049|-1|54|1|1|-0.9749|0.0019|-0.0741|-0.0803|0.0178||78.65|11|74.65|20
GME211217C00255000|2.16|2.51|2.16|2.26|2.51|26|0.25|0.1106|0|359|5|29|0.1217|0.0040|0.0056|-0.4613|0.0614||2.60|47|2.31|24
GME211217P00255000||||39.75|39.75|26|0.00|0.0000|0|5|0|0|-1.0000|0.0000|-0.0768|0.0008|0.0000||83.50|8|79.50|23
GME211217C00260000|2.30|2.49|2.27|2.37|2.36|27|-0.01|-0.0042|-4|519|1|32|0.0137|0.0012|0.0007|-0.0482|0.0107||2.35|1|2.21|32
GME211217P00260000||||89.25|89.25|27|0.00|0.0000|0|21|0|0|-0.9839|0.0013|-0.0776|-0.0555|0.0123||88.45|8|84.40|23
GME211217C00270000|2.00|2.25|2.00|2.10|2.18|28|0.08|0.0381|64|636|1|15|0.0089|0.0008|0.0004|-0.0339|0.0073||2.33|46|2.04|42
GME211217P00270000||||102.35|102.35|28|0.00|0.0000|-19|30|0|0|-0.9896|0.0009|-0.0809|-0.0387|0.0084||98.30|4|94.20|23
GME211217C00280000|1.97|2.16|1.83|1.98|2.06|29|0.08|0.0404|32|2058|1|37|0.0061|0.0005|0.0003|-0.0246|0.0052||2.04|1|1.91|20
GME211217P00280000|106.96|106.96|106.96|91.00|106.96|29|15.96|0.1754|0|10|2|2|-0.9931|0.0006|-0.0840|-0.0271|0.0058||108.00|12|104.05|24
GME211217C00290000|1.90|1.99|1.81|1.80|1.81|30|0.01|0.0056|6|531|1|58|0.0041|0.0004|0.0002|-0.0177|0.0037||1.98|9|1.82|17
GME211217P00290000|116.82|116.82|116.82|127.73|116.82|30|-10.91|-0.0854|-2|23|2|2|-0.9949|0.0004|-0.0871|-0.0213|0.0045||118.00|12|113.90|28
GME211217C00300000|2.99|2.99|1.54|1.60|1.76|31|0.16|0.1000|-109|5622|1|269|0.0027|0.0003|0.0001|-0.0123|0.0025||1.85|5|1.75|14
GME211217P00300000|120.20|120.20|120.20|126.50|120.20|31|-6.30|-0.0498|0|20|1|1|-0.9968|0.0003|-0.0902|-0.0137|0.0029||127.90|12|123.80|14
GME211217C00310000|1.84|1.84|1.62|1.62|1.77|32|0.15|0.0926|16|384|1|21|0.0018|0.0002|0.0001|-0.0086|0.0017||1.80|13|1.65|20
GME211217P00310000||||102.75|102.75|32|0.00|0.0000|0|3|0|0|-0.9978|0.0002|-0.0933|-0.0098|0.0021||137.85|12|133.70|28
GME211217C00320000|1.65|1.69|1.58|1.49|1.58|33|0.09|0.0604|11|459|1|51|0.0012|0.0001|0.0001|-0.0060|0.0012||1.76|40|1.57|17
GME211217P00320000||||96.00|96.00|33|0.00|0.0000|0|17|0|0|-0.9984|0.0001|-0.0964|-0.0069|0.0015||147.60|12|143.60|28
GME211217C00330000|1.58|1.60|1.46|1.49|1.59|34|0.10|0.0671|21|234|1|44|0.0008|0.0001|0.0000|-0.0045|0.0009||1.67|38|1.50|2
GME211217P00330000||||159.50|159.50|34|0.00|0.0000|0|3|0|0|-0.9989|0.0001|-0.0994|-0.0048|0.0011||157.60|2|153.55|17
GME211217C00340000|1.45|1.51|1.45|1.41|1.51|35|0.10|0.0709|0|232|1|13|0.0006|0.0001|0.0000|-0.0035|0.0007||1.57|20|1.49|1
GME211217P00340000||||126.85|126.85|35|0.00|0.0000|0|7|0|0|-0.9992|0.0001|-0.1024|-0.0032|0.0008||167.60|12|163.45|24
GME211217C00350000|1.44|1.50|1.20|1.33|1.40|36|0.07|0.0526|-148|856|18|170|0.0005|0.0000|0.0000|-0.0027|0.0005||1.45|3|1.37|9
GME211217P00350000||||133.85|133.85|36|0.00|0.0000|0|4|0|0|-0.9994|0.0001|-0.1054|-0.0023|0.0006||177.60|4|173.40|25
GME211217C00360000|1.29|1.53|1.29|1.15|1.40|37|0.25|0.2174|-3|312|1|13|0.0004|0.0000|0.0000|-0.0023|0.0004||1.47|37|1.30|6
GME211217P00360000||||||37|||0|0|0|0|-0.9995|0.0000|-0.1085|-0.0017|0.0005||187.60|1|183.35|22
GME211217C00370000|1.40|1.40|1.35|1.43|1.35|38|-0.08|-0.0559|1|447|1|2|0.0003|0.0000|0.0000|-0.0019|0.0004||1.47|69|1.20|42
GME211217P00370000||||172.65|172.65|38|0.00|0.0000|0|3|0|0|-0.9996|0.0000|-0.1115|-0.0012|0.0004||197.45|12|193.30|13
GME211217C00380000|1.34|1.34|1.30|1.20|1.30|39|0.10|0.0833|7|175|1|2|0.0003|0.0000|0.0000|-0.0016|0.0003||1.42|43|1.14|20
GME211217P00380000||||208.83|208.83|39|0.00|0.0000|0|16|0|0|-0.9997|0.0000|-0.1145|-0.0006|0.0003||207.35|4|203.25|15
GME211217C00390000|1.20|1.24|1.14|1.16|1.14|40|-0.02|-0.0172|71|265|1|16|0.0002|0.0000|0.0000|-0.0014|0.0002||1.24|3|1.17|1
GME211217P00390000||||||40|||0|0|0|0|-0.9997|0.0000|-0.1175|-0.0004|0.0003||217.35|1|213.20|12
GME211217C00400000|1.10|1.21|0.90|1.10|1.10|41|0.00|0.0000|49|1325|2|232|0.0002|0.0000|0.0000|-0.0011|0.0002||1.17|13|1.10|1
GME211217P00400000||||238.75|238.75|41|0.00|0.0000|0|3|0|0|-0.9998|0.0000|-0.1205|-0.0002|0.0003||227.25|4|223.15|16
GME211217C00410000|1.00|1.10|1.00|1.10|1.10|42|0.00|0.0000|1|227|1|4|0.0001|0.0000|0.0000|-0.0008|0.0001||1.16|42|0.91|77
GME211217P00410000||||190.90|190.90|42|0.00|0.0000|0|3|0|0|-0.9998|0.0000|-0.1235|0.0001|0.0002||237.20|12|233.10|17
GME211217C00420000|1.09|1.10|0.92|0.92|1.05|43|0.13|0.1413|-2|540|1|6|0.0001|0.0000|0.0000|-0.0007|0.0001||1.15|40|0.91|31
GME211217P00420000||||189.85|189.85|43|0.00|0.0000|0|16|0|0|-0.9999|0.0000|-0.1266|0.0008|0.0001||247.15|12|243.05|17
GME211217C00430000|1.00|1.05|0.83|1.04|1.05|44|0.01|0.0096|7|220|1|23|0.0001|0.0000|0.0000|-0.0006|0.0001||1.15|35|0.83|6
GME211217P00430000||||244.20|244.20|44|0.00|0.0000|0|0|0|0|-0.9999|0.0000|-0.1296|0.0009|0.0001||257.15|1|253.00|3
GME211217C00440000||||0.80|0.80|45|0.00|0.0000|2|474|0|0|0.0001|0.0000|0.0000|-0.0005|0.0001||1.07|1|0.80|3
GME211217P00440000||||||45|||0|0|0|0|-1.0000|0.0000|-0.1326|0.0011|0.0001||267.15|1|262.90|12
GME211217C00450000|0.90|0.96|0.81|0.84|0.96|46|0.12|0.1429|62|745|10|18|0.0000|0.0000|0.0000|-0.0004|0.0001||1.00|1|0.88|1
GME211217P00450000||||||46|||0|0|0|0|-1.0000|0.0000|-0.1356|0.0012|0.0001||277.40|10|272.90|2
GME211217C00460000|0.88|1.07|0.76|0.90|0.83|47|-0.07|-0.0778|0|1139|2|81|0.0000|0.0000|0.0000|-0.0004|0.0001||1.02|9|0.75|11
GME211217P00460000||||261.60|261.60|47|0.00|0.0000|0|5|0|0|-1.0000|0.0000|-0.1386|0.0013|0.0000||287.35|12|282.90|7
GME211217C00470000|0.80|0.86|0.80|1.00|0.84|48|-0.16|-0.1600|0|190|1|4|0.0328|0.0009|0.0015|-0.2770|0.0223||0.99|13|0.68|7
GME211217P00470000||||||48||||0|0|0|-1.0000|0.0000|-0.1416|0.0016|0.0000||297.30|12|292.85|12
GME211217C00480000|0.65|0.65|0.65|0.80|0.65|49|-0.15|-0.1875|2|245|1|1|0.0266|0.0008|0.0012|-0.2285|0.0187||0.96|10|0.64|6
GME211217P00480000||||264.21|264.21|49|0.00|0.0000|0|7|0|0|-0.9945|0.0002|-0.1444|-0.0444|0.0048||307.25|12|302.85|3
GME211217C00490000|0.74|0.80|0.73|0.80|0.73|50|-0.07|-0.0875|-1|151|1|4|0.0288|0.0008|0.0013|-0.2514|0.0200||0.94|4|0.59|24
GME211217P00490000||||274.04|274.04|50|0.00|0.0000|0|7|0|0|-0.9924|0.0003|-0.1473|-0.0637|0.0064||317.20|10|311.60|12
GME211217C00500000|0.75|0.80|0.56|0.66|0.71|51|0.05|0.0758|16|2452|1|55|0.0278|0.0008|0.0012|-0.2473|0.0194||0.77|5|0.60|1
GME211217P00500000||||290.05|290.05|51|0.00|0.0000|0|7|0|0|-0.9837|0.0005|-0.1499|-0.1425|0.0124||327.20|12|321.55|12
GME211217C00510000|0.63|0.79|0.63|0.65|0.67|52|0.02|0.0308|67|1621|5|234|-0.9743|0.0008|-0.1496|-0.2101|0.0182||0.70|30|0.65|1
GME211217P00510000||||277.97|277.97|52|0.00|0.0000|0|0|0|0|-0.9958|0.0002|-0.1535|-0.0353|0.0037||337.15|10|331.55|12
GME211223C00100000||||71.00|71.00|12|0.00|0.0000|0|13|0|0|0.9328|0.0017|0.0398|-0.2941|0.0492||79.35|11|75.60|12
GME211223P00100000|2.42|2.42|1.54|2.13|1.54|12|-0.59|-0.2770|61|375|1|43|-0.0460|0.0015|-0.0044|-0.1856|0.0364||1.80|150|1.41|7
GME211223C00110000||||||11||||0|0|0|1.0000|0.0000|0.0512|-0.0004|0.0000||70.65|21|65.65|12
GME211223P00110000|2.10|2.29|2.10|2.57|2.15|11|-0.42|-0.1634|415|520|1|4|-0.0657|0.0021|-0.0063|-0.2293|0.0483||2.32|52|1.74|8
GME211223C00120000||||49.37|49.37|10|0.00|0.0000|1|2|0|0|0.9467|0.0024|0.0510|-0.1442|0.0411||61.30|19|56.05|12
GME211223P00120000|3.00|3.17|2.33|4.10|2.40|10|-1.70|-0.4146|0|37|2|36|-0.0817|0.0028|-0.0077|-0.2369|0.0571||2.74|10|2.21|20
GME211223C00130000||||41.20|41.20|9|0.00|0.0000|1|1|0|0|0.8959|0.0039|0.0508|-0.2467|0.0683||51.30|10|46.75|10
GME211223P00130000|3.58|3.58|3.40|5.25|3.40|9|-1.85|-0.3524|5|141|1|3|-0.1169|0.0039|-0.0110|-0.2872|0.0742||3.85|21|3.20|1
GME211223C00140000|41.10|41.10|41.10|41.10|41.10|8|0.00|0.0000|0|0|1|1|0.8278|0.0053|0.0488|-0.3648|0.0964||42.60|17|39.10|12
GME211223P00140000|4.85|4.93|4.85|7.23|4.93|8|-2.30|-0.3181|7|49|1|2|-0.1667|0.0053|-0.0158|-0.3458|0.0944||5.30|16|4.40|8
GME211223C00145000||||||7||||0|0|0|1.0000|0.0000|0.0675|-0.0005|0.0000||39.35|19|35.05|4
GME211223P00145000|6.77|6.77|5.88|8.30|6.50|7|-1.80|-0.2169|3|14|4|15|-0.2044|0.0059|-0.0196|-0.4001|0.1072||6.25|15|5.30|9
GME211223C00150000||||28.10|28.10|6|0.00|0.0000|0|21|0|0|0.8562|0.0082|0.0571|-0.1839|0.0856||34.45|12|31.20|12
GME211223P00150000|9.75|9.75|6.65|11.00|7.11|6|-3.89|-0.3536|6|161|1|31|-0.2321|0.0068|-0.0222|-0.4030|0.1153||7.40|11|6.35|6
GME211223C00155000||||29.20|29.20|5|0.00|0.0000|0|11|0|0|0.7265|0.0074|0.0458|-0.4422|0.1258||30.80|12|27.90|5
GME211223P00155000|9.27|9.27|8.65|13.30|8.65|5|-4.65|-0.3496|1|79|1|3|-0.2718|0.0075|-0.0261|-0.4338|0.1254||8.80|18|7.60|41
GME211223C00160000||||22.77|22.77|4|0.00|0.0000|1|20|0|0|0.7076|0.0097|0.0473|-0.3595|0.1299||27.35|12|24.60|15
GME211223P00160000|10.00|11.08|9.90|13.20|9.93|4|-3.27|-0.2477|5|71|1|19|-0.3113|0.0083|-0.0300|-0.4439|0.1336||10.45|18|9.20|24
GME211223C00165000|22.80|22.80|19.80|18.80|19.80|3|1.00|0.0532|32|48|1|12|0.6526|0.0103|0.0441|-0.3917|0.1396||24.35|18|21.60|18
GME211223P00165000|13.12|13.33|11.97|17.15|13.33|3|-3.82|-0.2227|31|315|10|38|-0.3604|0.0081|-0.0356|-0.5090|0.1414||12.45|16|11.05|26
GME211223C00170000|20.25|20.25|19.22|18.44|19.98|2|1.54|0.0835|5|35|10|15|0.5963|0.0088|0.0394|-0.5000|0.1464||21.50|18|18.80|17
GME211223P00170000|15.51|15.78|13.71|20.03|15.78|2|-4.25|-0.2122|1|62|15|85|-0.4034|0.0083|-0.0402|-0.5288|0.1463||14.65|20|13.20|18
GME211223C00175000|17.20|21.00|17.06|16.30|17.30|1|1.00|0.0613|19|38|1|49|0.5550|0.0091|0.0372|-0.5047|0.1498||18.95|20|16.35|1
GME211223P00175000|18.00|18.29|16.00|22.05|17.13|1|-4.92|-0.2231|-4|43|1|41|-0.4497|0.0091|-0.0447|-0.5040|0.1496||17.20|7|15.45|8
