symbol|open|high|low|preClose|close|activeLevel|change|changeRatio|openIntChange|openInterest|latestPriceVol|volume|delta|gamma|rho|theta|vega|tradeStamptradeTime|ask|avol|bid|bvol
GME211203C00100000|83.51|83.51|83.51|82.00|83.51|13|1.51|0.0184|0|10|1|1|0.9391|0.0015|0.0047|-2.4684|0.0162||82.75|12|79.15|13
GME211203P00100000|0.08|0.09|0.02|0.08|0.04|13|-0.04|-0.5000|146|513|50|116|-0.0031|0.0002|0.0000|-0.0970|0.0013||0.10|7|0.03|15
GME211203C00110000||||135.99|135.99|12|0.00|0.0000|0|1|0|0|0.9620|0.0001|0.0084|-0.6224|0.0490||72.80|12|69.15|12
GME211203P00110000|0.09|0.25|0.07|0.17|0.12|12|-0.05|-0.2941|15|172|1|45|-0.0094|0.0006|-0.0001|-0.2556|0.0034||0.17|1|0.06|52
GME211203C00120000||||||11||||0|0|0|1.0000|0.0000|0.0066|-0.0004|0.0000||62.75|12|59.15|15
GME211203P00120000|0.29|0.30|0.10|0.25|0.20|11|-0.05|-0.2000|148|381|1|136|-0.0135|0.0010|-0.0001|-0.3039|0.0046||0.23|12|0.16|10
GME211203C00130000||||65.44|65.44|10|0.00|0.0000|0|1|0|0|0.8079|0.0027|0.0044|-6.9939|0.0366||52.65|12|49.15|12
GME211203P00130000|0.16|0.50|0.16|0.40|0.25|10|-0.15|-0.3750|26|976|5|71|-0.0213|0.0016|-0.0002|-0.3990|0.0069||0.31|1|0.24|35
GME211203C00140000||||55.33|55.33|9|0.00|0.0000|0|6|0|0|0.7813|0.0033|0.0047|-6.5467|0.0397||42.85|12|39.10|22
GME211203P00140000|0.69|0.77|0.28|0.50|0.34|9|-0.16|-0.3200|57|1151|1|292|-0.2339|0.0027|-0.0684|-0.4410|0.1815||0.40|50|0.32|38
GME211203C00150000||||44.80|44.80|8|0.00|0.0000|0|6|0|0|0.7491|0.0043|0.0050|-5.9072|0.0428||33.60|26|28.85|59
GME211203P00150000|1.85|1.85|0.42|0.94|0.57|8|-0.37|-0.3936|17|1198|1|803|-0.0587|0.0051|-0.0006|-0.6781|0.0158||0.60|1|0.48|1
GME211203C00155000||||27.75|27.75|7|0.00|0.0000|0|5|0|0|0.8733|0.0077|0.0071|-1.4019|0.0279||28.40|15|23.90|60
GME211203P00155000|0.73|1.61|0.50|1.30|0.60|7|-0.70|-0.5385|34|992|1|144|-0.0566|0.0061|-0.0006|-0.5336|0.0153||0.81|12|0.61|10
GME211203C00160000|20.00|21.50|20.00|28.80|21.50|6|-7.30|-0.2535|0|115|1|20|0.9398|0.0079|0.0081|-0.4545|0.0161||23.00|2|19.80|76
GME211203P00160000|1.00|2.35|0.72|1.85|0.86|6|-0.99|-0.5351|14|440|10|772|-0.3085|0.0042|-0.0830|-0.3794|0.2085||1.07|11|0.82|13
GME211203C00165000||||32.50|32.50|5|0.00|0.0000|-1|31|0|0|0.6712|0.0057|0.0049|-5.7082|0.0485||19.50|41|15.40|49
GME211203P00165000|1.61|3.55|0.94|2.60|1.20|5|-1.40|-0.5385|467|783|1|1466|-0.1556|0.0132|-0.0016|-1.0780|0.0321||1.45|27|1.14|41
GME211203C00170000|11.23|13.55|8.50|13.25|13.55|4|0.30|0.0226|10|50|1|47|0.7797|0.0180|0.0070|-1.2212|0.0398||13.80|5|10.25|71
GME211203P00170000|2.31|5.10|1.45|3.72|1.85|4|-1.87|-0.5027|275|934|7|1936|-0.2091|0.0183|-0.0022|-1.1296|0.0387||2.13|13|1.75|42
GME211203C00175000|9.64|10.53|6.00|9.70|10.53|3|0.83|0.0856|29|117|5|43|0.7057|0.0260|0.0065|-1.1442|0.0463||10.00|9|8.70|37
GME211203P00175000|1.95|7.25|1.95|4.95|3.00|3|-1.95|-0.3939|181|483|2|1272|-0.3049|0.0246|-0.0032|-1.2441|0.0471||3.35|30|2.74|51
GME211203C00177500|10.10|10.10|4.70|7.55|8.24|2|0.69|0.0914|4|7|1|54|0.6510|0.0313|0.0061|-1.0929|0.0498||8.45|45|6.60|32
GME211203P00177500|4.40|8.60|2.87|5.85|4.05|2|-1.80|-0.3077|136|199|9|958|-0.4034|0.0059|-0.1035|-0.3241|0.2299||4.15|12|3.55|30
GME211203C00180000|8.54|11.00|3.20|7.10|5.93|1|-1.17|-0.1648|57|733|25|885|0.5605|0.0285|0.0052|-1.3658|0.0530||6.60|12|5.40|78
GME211203P00180000|5.50|10.10|3.35|6.98|4.65|1|-2.33|-0.3338|493|1768|1|1726|-0.4229|0.0065|-0.1068|-0.3035|0.2325||5.20|17|4.55|5
GME211203C00182500|7.88|8.47|3.11|6.70|4.73|1|-1.97|-0.2940|74|85|25|129|0.4904|0.0276|0.0046|-1.4414|0.0536||5.35|33|4.40|45
GME211203P00182500|5.90|11.00|4.40|8.00|6.32|1|-1.68|-0.2100|98|297|3|186|-0.5044|0.0243|-0.0054|-1.6364|0.0536||6.75|42|5.55|46
GME211203C00185000|4.90|7.95|2.08|4.90|3.75|2|-1.15|-0.2347|313|481|20|1801|0.4244|0.0272|0.0040|-1.4119|0.0527||3.85|5|3.50|12
GME211203P00185000|6.43|14.03|5.35|9.80|7.98|2|-1.82|-0.1857|77|588|5|862|-0.5495|0.0207|-0.0060|-1.8949|0.0532||9.00|48|6.95|47
GME211203C00187500|3.85|6.50|1.83|3.95|2.88|3|-1.07|-0.2709|713|730|1|577|0.3642|0.0250|0.0034|-1.4090|0.0505||3.15|7|2.59|41
GME211203P00187500|7.91|15.14|7.00|10.70|9.47|3|-1.23|-0.1150|113|475|1|65|-0.6161|0.0224|-0.0067|-1.6263|0.0513||10.75|42|8.35|59
GME211203C00190000|3.95|5.18|1.40|3.70|2.20|4|-1.50|-0.4054|634|778|10|1340|0.2908|0.0245|0.0028|-1.1975|0.0461||2.38|6|1.96|15
GME211203P00190000|11.24|18.00|8.00|12.00|11.83|4|-0.17|-0.0142|-109|833|1|250|-0.4831|0.0064|-0.1256|-0.3195|0.2367||11.95|41|10.40|4
GME211203C00192500|2.95|4.25|1.14|2.96|1.62|5|-1.34|-0.4527|434|502|1|535|0.2330|0.0221|0.0022|-1.0574|0.0411||1.83|11|1.51|16
GME211203P00192500|11.75|16.88|11.63|14.20|13.83|5|-0.37|-0.0261|-101|273|1|24|-0.7499|0.0208|-0.0082|-1.2149|0.0426||14.15|26|12.25|12
GME211203C00195000|2.37|3.40|0.92|2.40|1.31|6|-1.09|-0.4542|397|597|1|565|0.1983|0.0192|0.0019|-1.0109|0.0375||1.48|10|1.27|5
GME211203P00195000|14.00|21.77|12.00|16.71|15.56|6|-1.15|-0.0688|-61|626|1|170|-0.8314|0.0195|-0.0091|-0.8138|0.0338||16.40|28|14.10|16
GME211203C00197500|2.55|2.85|0.71|2.04|1.06|7|-0.98|-0.4804|386|490|1|522|0.1665|0.0165|0.0016|-0.9439|0.0336||1.26|27|1.00|11
GME211203P00197500|23.22|23.22|17.43|18.95|17.43|7|-1.52|-0.0802|38|202|1|20|-0.6732|0.0125|-0.0079|-2.6053|0.0485||18.80|35|16.25|42
GME211203C00200000|1.75|2.33|0.57|1.69|0.92|8|-0.77|-0.4556|381|1051|1|2547|0.4656|0.0060|0.0695|-0.3384|0.2354||0.95|2|0.82|14
GME211203P00200000|17.55|26.85|16.00|22.15|20.25|8|-1.90|-0.0858|-71|998|1|281|-0.8902|0.0133|-0.0099|-0.6622|0.0252||21.30|36|18.70|15
GME211203C00202500|2.00|2.00|0.50|1.48|0.83|9|-0.65|-0.4392|35|281|4|486|0.1250|0.0125|0.0012|-0.8497|0.0277||0.95|20|0.72|19
GME211203P00202500|20.05|22.43|20.05|21.91|21.55|9|-0.36|-0.0164|-27|184|1|23|-0.4563|0.0037|-0.1480|-0.5430|0.2355||23.80|22|21.00|3
GME211203C00205000|1.17|1.68|0.48|1.34|0.75|10|-0.59|-0.4403|206|834|5|650|0.1079|0.0108|0.0010|-0.7948|0.0249||0.80|1|0.66|17
GME211203P00205000|22.06|31.10|22.06|28.45|26.87|10|-1.58|-0.0555|-4|484|1|68|-0.7649|0.0112|-0.0091|-2.1149|0.0413||26.30|38|23.40|13
GME211203C00207500|1.29|1.35|0.46|1.10|0.61|11|-0.49|-0.4455|-5|400|1|193|0.0961|0.0095|0.0009|-0.7612|0.0229||0.75|8|0.58|20
GME211203P00207500|23.40|31.50|23.40|20.90|25.68|11|4.78|0.2287|-2|35|1|4|-0.6941|0.0089|-0.0087|-3.4417|0.0472||28.80|34|25.80|12
GME211203C00210000|1.01|1.24|0.40|1.11|0.62|12|-0.49|-0.4414|79|939|5|681|0.0845|0.0083|0.0008|-0.7254|0.0208||0.63|18|0.58|1
GME211203P00210000|28.16|35.15|27.06|30.40|30.23|12|-0.17|-0.0056|1|385|1|34|-0.8350|0.0098|-0.0100|-1.5663|0.0334||31.30|35|28.25|12
GME211203C00212500|0.95|1.05|0.38|0.92|0.58|13|-0.34|-0.3696|119|297|1|144|0.4646|0.0045|0.0644|-0.4456|0.2353||0.67|33|0.48|12
GME211203P00212500|33.40|33.40|33.40|34.12|33.40|13|-0.72|-0.0211|-1|67|2|2|-0.8824|0.0085|-0.0105|-1.1369|0.0264||33.80|32|30.70|4
GME211203C00215000|0.81|1.00|0.36|0.87|0.50|14|-0.37|-0.4253|21|792|1|240|0.0707|0.0067|0.0007|-0.6848|0.0182||0.56|2|0.45|15
GME211203P00215000|31.50|35.35|31.50|34.35|31.97|14|-2.38|-0.0693|-1|226|1|26|-0.7965|0.0085|-0.0099|-2.3514|0.0380||36.30|36|33.20|4
GME211203C00217500|0.70|0.70|0.38|0.71|0.44|15|-0.27|-0.3803|-7|183|1|21|0.0583|0.0058|0.0006|-0.5873|0.0157||0.50|1|0.43|7
GME211203P00217500|38.35|38.35|38.35|30.09|38.35|15|8.26|0.2745|0|74|2|2|-0.8626|0.0079|-0.0107|-1.5364|0.0295||38.80|34|35.70|13
GME211203C00220000|0.77|0.81|0.35|0.77|0.44|16|-0.33|-0.4286|-11|1378|1|408|0.0603|0.0055|0.0006|-0.6464|0.0161||0.50|1|0.39|18
GME211203P00220000|35.30|44.52|35.30|40.00|40.13|16|0.13|0.0033|1|213|1|18|-0.8622|0.0074|-0.0108|-1.6367|0.0296||41.30|36|38.20|12
GME211203C00222500|0.66|0.73|0.32|0.57|0.40|17|-0.17|-0.2982|-15|181|1|24|0.4569|0.0040|0.0613|-0.4992|0.2349||0.52|19|0.36|54
GME211203P00222500|47.10|47.10|45.85|34.99|45.85|17|10.86|0.3104|0|51|2|6|-0.8235|0.0072|-0.0106|-2.3227|0.0348||43.80|33|40.70|12
GME211203C00225000|0.71|0.72|0.32|0.71|0.42|18|-0.29|-0.4085|-80|656|10|135|0.0552|0.0048|0.0005|-0.6529|0.0150||0.42|1|0.39|14
GME211203P00225000||||45.20|45.20|18|0.00|0.0000|-3|125|0|0|-0.9043|0.0060|-0.0114|-1.1924|0.0228||46.30|35|43.20|12
GME211203C00227500|0.50|0.70|0.46|0.77|0.50|19|-0.27|-0.3506|3|97|2|27|0.0592|0.0047|0.0006|-0.7398|0.0158||0.44|4|0.30|56
GME211203P00227500|53.85|53.85|45.47|33.03|45.48|19|12.45|0.3769|0|26|1|5|-0.8965|0.0059|-0.0115|-1.3676|0.0242||48.80|32|45.70|12
GME211203C00230000|0.54|0.63|0.27|0.62|0.33|20|-0.29|-0.4677|192|927|1|204|0.0427|0.0038|0.0004|-0.5465|0.0122||0.35|3|0.28|62
GME211203P00230000|47.50|56.35|46.57|45.00|49.84|20|4.84|0.1076|-3|67|1|8|-0.9287|0.0049|-0.0119|-0.9462|0.0183||51.30|34|48.20|9
GME211203C00232500|0.48|0.48|0.32|0.57|0.32|21|-0.25|-0.4386|-8|93|10|19|0.0405|0.0035|0.0004|-0.5407|0.0117||0.36|1|0.27|23
GME211203P00232500|49.07|52.32|49.07|46.88|52.32|21|5.44|0.1160|-1|34|1|2|-0.9316|0.0046|-0.0121|-0.9445|0.0177||53.80|32|50.50|12
GME211203C00235000|0.33|0.60|0.23|0.54|0.30|22|-0.24|-0.4444|-1|331|2|124|0.0367|0.0032|0.0003|-0.5078|0.0108||0.36|1|0.25|41
GME211203P00235000|51.57|61.30|50.00|54.89|51.68|22|-3.21|-0.0585|-6|371|4|56|-0.9205|0.0047|-0.0121|-1.1588|0.0199||56.30|35|53.00|12
GME211203C00237500|0.42|0.42|0.42|0.52|0.42|23|-0.10|-0.1923|0|115|1|1|0.0458|0.0035|0.0004|-0.6668|0.0129||0.34|1|0.25|8
GME211203P00237500|54.06|63.79|52.54|57.38|54.18|23|-3.20|-0.0558|-6|284|4|45|-0.9220|0.0045|-0.0123|-1.1785|0.0196||58.80|27|55.50|12
GME211203C00240000|0.50|0.60|0.23|0.50|0.26|24|-0.24|-0.4800|1|592|1|231|0.0334|0.0028|0.0003|-0.4969|0.0100||0.30|3|0.23|25
GME211203P00240000|54.95|66.50|54.95|57.50|60.48|24|2.98|0.0518|-1|101|1|10|-0.9054|0.0047|-0.0123|-1.5099|0.0226||61.30|32|58.00|12
GME211203C00245000|0.47|0.47|0.19|0.44|0.27|25|-0.17|-0.3864|-31|414|1|97|0.0318|0.0025|0.0003|-0.5030|0.0096||0.29|7|0.20|12
GME211203P00245000|60.55|60.55|60.55|62.45|60.55|25|-1.90|-0.0304|-1|68|1|1|-0.6004|0.0038|-0.2074|-0.5030|0.2293||66.30|21|63.00|15
GME211203C00250000|0.25|0.45|0.17|0.41|0.20|26|-0.21|-0.5122|-50|3342|1|1722|0.0247|0.0020|0.0002|-0.4100|0.0078||0.21|7|0.18|5
GME211203P00250000|71.49|74.50|67.82|65.43|70.43|26|5.00|0.0764|-9|123|1|7|-0.9138|0.0040|-0.0129|-1.5472|0.0211||71.30|37|68.00|12
GME211203C00260000|0.23|0.34|0.13|0.37|0.13|27|-0.24|-0.6486|10|714|5|235|0.0158|0.0014|0.0001|-0.2908|0.0053||0.16|3|0.12|49
GME211203P00260000||||75.00|75.00|27|0.00|0.0000|-1|6|0|0|-0.9684|0.0021|-0.0140|-0.5927|0.0096||81.30|27|78.00|12
GME211203C00270000|0.22|0.34|0.15|0.26|0.16|28|-0.10|-0.3846|-1|587|1|280|0.0177|0.0013|0.0002|-0.3576|0.0059||0.19|31|0.10|13
GME211203P00270000|85.99|86.50|85.99|90.50|86.50|28|-4.00|-0.0442|4|21|2|4|-0.9802|0.0014|-0.0146|-0.4027|0.0064||91.20|12|87.80|12
GME211203C00280000|0.22|0.30|0.10|0.25|0.10|29|-0.15|-0.6000|-8|572|5|83|0.0115|0.0009|0.0001|-0.2510|0.0041||0.13|134|0.10|2
GME211203P00280000||||95.00|95.00|29|0.00|0.0000|-3|10|0|0|-0.9728|0.0016|-0.0151|-0.6085|0.0084||101.10|12|97.60|12
GME211203C00290000|0.27|0.27|0.09|0.25|0.10|30|-0.15|-0.6000|200|502|1|23|0.0095|0.0007|0.0001|-0.2230|0.0034||0.11|9|0.09|1
GME211203P00290000||||||30||||0|0|0|-1.0000|0.0000|-0.3098|0.0009|0.0000||111.05|12|107.45|13
GME211203C00300000|0.17|0.22|0.06|0.17|0.07|31|-0.10|-0.5882|16|2195|1|383|0.0102|0.0007|0.0001|-0.2550|0.0036||0.08|1|0.06|8
GME211203P00300000||||111.10|111.10|31|0.00|0.0000|-1|2|0|0|-0.9928|0.0006|-0.0164|-0.1786|0.0027||121.00|12|117.55|12
GME211203C00310000|0.11|0.13|0.09|0.20|0.09|32|-0.11|-0.5500|-10|344|1|4|0.0089|0.0006|0.0001|-0.2367|0.0032||0.07|2|0.05|4
GME211203P00310000||||71.90|71.90|32|0.00|0.0000|0|4|0|0|-0.8669|0.0029|-0.3099|-0.2029|0.1273||131.00|12|127.55|2
GME211203C00320000|0.10|0.12|0.04|0.17|0.04|33|-0.13|-0.7647|100|389|1|6|0.0046|0.0004|0.0000|-0.1264|0.0018||0.07|2|0.03|14
GME211203P00320000||||||33||||0|0|0|-1.0000|0.0000|-0.0175|0.0010|0.0000||140.95|12|136.95|17
GME211203C00330000|0.08|0.08|0.05|0.11|0.05|34|-0.06|-0.5455|68|348|1|7|0.0064|0.0004|0.0001|-0.1889|0.0024||0.06|1|0.05|3
GME211203P00330000||||127.27|127.27|34|0.00|0.0000|0|2|0|0|-0.9967|0.0003|-0.0181|-0.0942|0.0013||150.95|13|147.40|14
GME211203C00340000|0.08|0.08|0.07|0.11|0.07|35|-0.04|-0.3636|21|135|1|3|0.0063|0.0004|0.0001|-0.1941|0.0024||0.06|1|0.02|20
GME211203P00340000||||134.20|134.20|35|0.00|0.0000|0|1|0|0|-0.9989|0.0001|-0.0186|-0.0312|0.0005||160.90|12|157.30|13
GME211203C00350000|0.09|0.09|0.04|0.10|0.04|36|-0.06|-0.6000|226|1237|1|29|0.0039|0.0003|0.0000|-0.1228|0.0015||0.06|1|0.04|1
GME211203P00350000||||136.35|136.35|36|0.00|0.0000|0|3|0|0|-0.9987|0.0001|-0.0192|-0.0402|0.0006||170.90|12|167.65|12
GME211203C00360000||||0.09|0.09|37|0.00|0.0000|-2|159|0|0|0.0073|0.0004|0.0001|-0.2424|0.0027||0.07|9|0.01|16
GME211203P00360000||||||37||||0|0|0|-1.0000|0.0000|-0.0197|0.0011|0.0000||180.90|12|177.45|12
GME211203C00370000||||0.05|0.05|38|0.00|0.0000|-2|88|0|0|0.0043|0.0003|0.0000|-0.1493|0.0017||0.07|5|0.01|14
GME211203P00370000||||136.05|136.05|38|0.00|0.0000|0|1|0|0|-0.9998|0.0000|-0.0203|-0.0057|0.0001||190.90|12|187.55|15
GME211203C00380000|0.06|0.06|0.04|0.10|0.04|39|-0.06|-0.6000|15|101|1|2|0.0049|0.0003|0.0000|-0.1745|0.0019||0.07|5|0.01|1
GME211203P00380000||||170.35|170.35|39|0.00|0.0000|0|0|0|0|-0.9977|0.0002|-0.0208|-0.0812|0.0010||200.85|12|197.55|15
GME211203C00390000|0.02|0.02|0.02|0.09|0.02|40|-0.07|-0.7778|9|91|2|2|0.0019|0.0001|0.0000|-0.0709|0.0008||0.07|13|0.01|15
GME211203P00390000||||||40||||0|0|0|-1.0000|0.0000|-0.0214|0.0012|0.0000||210.85|12|207.55|12
GME211203C00400000|0.04|0.06|0.01|0.07|0.01|41|-0.06|-0.8571|-34|2449|1|47|0.0011|0.0001|0.0000|-0.0406|0.0005||0.05|1|0.01|12
GME211203P00400000||||215.38|215.38|41|0.00|0.0000|-10|0|0|0|-0.9999|0.0000|-0.0219|-0.0012|0.0000||220.85|12|217.45|12
GME211203C00410000|0.05|0.05|0.02|0.05|0.03|42|-0.02|-0.4000|-2|1055|2|37|0.0026|0.0002|0.0000|-0.1000|0.0011||0.04|1|0.03|5
GME211203P00410000||||||42||||0|0|0|-1.0000|0.0000|-0.4380|0.0013|0.0000||230.85|12|227.55|12
GME211203C00420000|0.04|0.04|0.01|0.05|0.01|43|-0.04|-0.8000|7|231|9|14|0.0032|0.0002|0.0000|-0.1278|0.0013||0.06|1|0.01|1
GME211203P00420000||||||43||||0|0|0|-1.0000|0.0000|-0.0230|0.0013|0.0000||240.85|12|237.00|15
GME211203C00430000||||0.03|0.03|44|0.00|0.0000|21|70|0|0|0.0025|0.0001|0.0000|-0.1016|0.0010||0.22|1|0.01|6
GME211203P00430000||||||44||||0|0|0|-1.0000|0.0000|-0.0236|0.0013|0.0000||250.85|12|247.05|5
GME211203C00440000|0.08|0.08|0.08|0.05|0.08|45|0.03|0.6000|1|70|1|1|0.0053|0.0003|0.0000|-0.2259|0.0021||0.09|1|0.01|11
GME211203P00440000||||||45||||0|0|0|-1.0000|0.0000|-0.0241|0.0014|0.0000||260.85|12|257.05|5
GME211203C00450000|0.02|0.02|0.01|0.03|0.01|46|-0.02|-0.6667|5|483|9|15|0.0009|0.0001|0.0000|-0.0392|0.0004||0.11|1|0.01|15
GME211203P00450000||||||46||||0|0|0|-1.0000|0.0000|-0.0247|0.0014|0.0000||270.85|12|267.05|5
GME211203C00460000|0.11|0.11|0.01|0.02|0.01|47|-0.01|-0.5000|-1|59|1|6|0.0010|0.0001|0.0000|-0.0421|0.0004||0.05|1|0.00|0
GME211203P00460000||||||47||||0|0|0|-1.0000|0.0000|-0.0252|0.0014|0.0000||280.85|12|276.35|13
GME211203C00470000|0.01|0.01|0.01|0.07|0.01|48|-0.06|-0.8571|-57|191|9|9|0.0046|0.0002|0.0000|-0.2084|0.0018||0.05|1|0.00|0
GME211203P00470000||||||48||||0|0|0|-1.0000|0.0000|-0.0258|0.0014|0.0000||290.85|12|287.05|5
GME211203C00480000|0.05|0.06|0.05|0.04|0.06|49|0.02|0.5000|1|91|1|2|0.0039|0.0002|0.0000|-0.1809|0.0016||0.10|1|0.00|0
GME211203P00480000||||||49||||0|0|0|-1.0000|0.0000|-0.5128|0.0015|0.0000||300.85|12|296.35|13
GME211203C00490000||||0.06|0.06|50|0.00|0.0000|16|250|0|0|0.0038|0.0002|0.0000|-0.1815|0.0015||0.04|1|0.01|1
GME211203P00490000||||||50||||0|0|0|-1.0000|0.0000|-0.5235|0.0015|0.0000||310.85|12|306.35|12
GME211203C00500000|0.05|0.05|0.01|0.05|0.01|51|-0.04|-0.8000|1|1370|2|21|0.0009|0.0001|0.0000|-0.0416|0.0004||0.05|5|0.01|4
GME211203P00500000||||||51||||0|0|0|-1.0000|0.0000|-0.0274|0.0015|0.0000||320.85|12|316.35|12
GME211203C00510000|0.04|0.10|0.01|0.05|0.02|52|-0.03|-0.6000|217|5698|1|576|0.0008|0.0001|0.0000|-0.0410|0.0004||0.02|24|0.01|16
GME211203P00510000||||||52||||0|0|0|-1.0000|0.0000|-0.0279|0.0016|0.0000||330.85|12|326.35|3
GME211210C00100000||||86.01|86.01|14|0.00|0.0000|0|1|0|0|0.8646|0.0010|0.0562|-0.5319|0.1403||83.25|9|79.85|12
GME211210P00100000|0.57|0.79|0.34|0.57|0.48|14|-0.09|-0.1579|65|210|1|47|-0.0184|0.0008|-0.0009|-0.1400|0.0129||0.48|15|0.38|1
GME211210C00110000||||76.13|76.13|13|0.00|0.0000|0|2|0|0|0.8999|0.0020|0.0214|-0.8542|0.0501||73.05|12|70.00|12
GME211210P00110000|0.85|0.85|0.64|0.71|0.69|13|-0.02|-0.0282|50|206|1|10|-0.0273|0.0012|-0.0014|-0.1788|0.0179||0.90|21|0.44|39
GME211210C00120000||||76.03|76.03|12|0.00|0.0000|0|1|0|0|0.8311|0.0021|0.0183|-1.6730|0.0719||63.35|12|60.30|12
GME211210P00120000|0.60|1.31|0.60|0.95|1.10|12|0.15|0.1579|2|96|1|174|-0.0449|0.0020|-0.0022|-0.2508|0.0269||1.20|57|0.80|1
GME211210C00130000||||||11||||0|0|0|1.0000|0.0000|0.0321|-0.0004|0.0000||53.85|12|50.90|15
GME211210P00130000|1.30|2.00|1.00|1.50|1.42|11|-0.08|-0.0533|20|431|3|81|-0.0613|0.0028|-0.0030|-0.2859|0.0345||1.64|47|1.26|13
GME211210C00140000||||56.44|56.44|10|0.00|0.0000|0|29|0|0|0.7778|0.0032|0.0207|-1.5317|0.0849||45.05|20|41.75|34
GME211210P00140000|2.30|3.20|1.75|2.49|2.38|10|-0.11|-0.0442|47|299|1|273|-0.1026|0.0044|-0.0051|-0.4074|0.0510||2.62|74|2.04|35
GME211210C00145000||||||9|||||0|0|1.0000|0.0000|0.0358|-0.0005|0.0000||40.90|12|37.35|30
GME211210P00145000|2.60|3.60|2.60|2.60|2.91|9|0.31|0.1192|||1|17|-0.1207|0.0052|-0.0060|-0.4276|0.0573||3.05|27|2.61|9
GME211210C00150000|37.50|37.50|34.20|47.05|34.20|8|-12.85|-0.2731|0|19|1|2|0.7853|0.0054|0.0255|-0.8779|0.0832||35.85|12|33.20|34
GME211210P00150000|3.00|5.00|2.81|3.70|3.61|8|-0.09|-0.0243|51|220|1|470|-0.1615|0.0062|-0.0081|-0.5362|0.0698||3.95|58|3.30|44
GME211210C00155000||||58.70|58.70|7|0.00|0.0000|0|45|0|0|0.7170|0.0027|0.0174|-2.3347|0.0965||31.70|15|29.15|34
GME211210P00155000|4.95|6.40|4.10|4.95|4.55|7|-0.40|-0.0808|94|195|1|76|-0.1809|0.0075|-0.0090|-0.5158|0.0751||4.85|37|4.30|7
GME211210C00160000||||29.75|29.75|6|0.00|0.0000|0|204|0|0|0.7244|0.0067|0.0247|-0.9312|0.0952||27.50|10|25.35|39
GME211210P00160000|5.00|8.20|5.00|6.00|6.00|6|0.00|0.0000|153|386|1|226|-0.2378|0.0082|-0.0121|-0.6502|0.0882||6.25|66|5.45|39
GME211210C00165000|21.75|21.75|21.75|23.22|21.75|5|-1.47|-0.0633|2|2|1|1|0.7214|0.0094|0.0265|-0.6675|0.0958||24.10|12|21.90|29
GME211210P00165000|7.65|10.05|6.48|7.75|7.16|5|-0.59|-0.0761|18|320|1|103|-0.3303|0.0044|-0.1051|-0.3233|0.2336||7.80|66|6.90|74
GME211210C00170000|24.00|24.00|17.52|20.07|21.00|4|0.93|0.0463|11|16|2|17|0.6483|0.0042|0.0977|-0.3600|0.2393||20.80|13|18.70|25
GME211210P00170000|8.54|12.29|7.15|8.90|9.00|4|0.10|0.0112|-2|360|1|225|-0.3362|0.0102|-0.0172|-0.7224|0.1038||9.10|7|8.70|10
GME211210C00175000|19.14|19.20|13.80|18.40|19.20|3|0.80|0.0435|7|25|4|37|0.6084|0.0092|0.0223|-0.8957|0.1095||17.85|30|15.90|39
GME211210P00175000|9.55|15.25|9.50|11.66|11.05|3|-0.61|-0.0523|117|418|1|209|-0.3878|0.0106|-0.0201|-0.7684|0.1092||11.25|3|10.70|18
GME211210C00177500|16.27|16.27|16.26|16.27|16.26|2|-0.01|-0.0006|||1|2|0.5852|0.0098|0.0218|-0.8624|0.1112||16.55|17|14.70|40
GME211210P00177500|11.31|16.03|11.00|11.31|12.17|2|0.86|0.0760|||1|44|-0.3899|0.0046|-0.1276|-0.3464|0.2474||12.50|6|11.75|43
GME211210C00180000|14.20|18.25|11.72|14.75|13.85|1|-0.90|-0.0610|58|79|4|277|0.5578|0.0109|0.0212|-0.7922|0.1126||15.30|36|14.10|49
GME211210P00180000|13.00|17.50|11.63|14.30|13.45|1|-0.85|-0.0594|117|606|2|226|-0.4432|0.0115|-0.0230|-0.7532|0.1126||13.80|23|12.95|46
GME211210C00182500|15.85|15.85|10.82|15.85|12.75|1|-3.10|-0.1956|||1|45|0.5273|0.0115|0.0203|-0.7632|0.1135||14.05|30|12.45|51
GME211210P00182500|14.38|19.00|14.17|14.38|14.87|1|0.49|0.0341|||2|31|-0.4801|0.0135|-0.0245|-0.6520|0.1136||15.35|31|14.25|30
GME211210C00185000|15.95|15.95|9.20|12.60|12.00|2|-0.60|-0.0476|53|108|1|62|0.5786|0.0046|0.0913|-0.3658|0.2523||12.85|12|11.60|51
GME211210P00185000|14.53|20.50|14.50|17.01|17.50|2|0.49|0.0288|61|358|2|41|-0.4857|0.0095|-0.0264|-0.9340|0.1137||17.15|58|15.60|55
GME211210C00187500|15.35|15.35|9.15|11.00|12.20|3|1.20|0.1091|9|19|1|22|0.5750|0.0043|0.0890|-0.3898|0.2527||11.95|37|10.40|46
GME211210P00187500|16.10|18.90|16.10|15.45|17.94|3|2.49|0.1612|45|127|1|7|-0.5342|0.0121|-0.0280|-0.7277|0.1133||18.70|55|17.10|33
GME211210C00190000|12.50|13.20|8.50|10.75|10.40|4|-0.35|-0.0326|10|96|1|138|0.4426|0.0111|0.0172|-0.7778|0.1123||11.00|41|9.75|55
GME211210P00190000|20.96|23.00|17.84|21.52|19.33|4|-2.19|-0.1018|50|428|1|17|-0.5440|0.0104|-0.0293|-0.8407|0.1131||20.40|40|18.65|43
GME211210C00192500|11.15|11.65|7.78|9.50|9.65|5|0.15|0.0158|33|65|2|33|0.5399|0.0048|0.0877|-0.3566|0.2560||10.20|57|8.95|46
GME211210P00192500|18.46|21.38|18.46|22.09|20.79|5|-1.30|-0.0589|14|86|7|33|-0.5757|0.0108|-0.0309|-0.7884|0.1117||21.55|29|20.30|13
GME211210C00195000|10.22|11.43|7.00|9.70|9.00|6|-0.70|-0.0722|76|134|1|194|0.4139|0.0096|0.0159|-0.8745|0.1109||9.30|16|8.40|49
GME211210P00195000|20.40|23.92|20.40|22.97|23.90|6|0.93|0.0405|41|190|1|83|-0.5841|0.0097|-0.0321|-0.8685|0.1112||23.30|27|21.95|40
GME211210C00197500|8.80|9.30|7.50|9.50|7.73|7|-1.77|-0.1863|10|46|1|21|0.3768|0.0104|0.0148|-0.7728|0.1083||8.55|8|7.55|63
GME211210P00197500||||19.25|19.25|7|0.00|0.0000|27|104|0|0|-0.7537|0.0154|-0.0384|-0.3579|0.0899||25.70|43|23.70|30
GME211210C00200000|8.80|10.00|6.00|7.80|7.40|8|-0.40|-0.0513|82|634|1|256|0.3663|0.0097|0.0143|-0.8140|0.1073||7.85|14|6.95|70
GME211210P00200000|25.18|31.28|24.10|27.05|28.01|8|0.96|0.0355|-20|659|10|40|-0.4819|0.0045|-0.1689|-0.3821|0.2570||27.50|36|25.55|47
GME211210C00202500|8.75|8.75|6.10|7.25|8.00|9|0.75|0.1034|3|67|1|22|0.3326|0.0098|0.0131|-0.7452|0.1036||7.25|9|6.40|63
GME211210P00202500|27.95|27.95|27.95|26.32|27.95|9|1.63|0.0619|15|48|1|1|-0.6859|0.0102|-0.0375|-0.6836|0.1010||29.50|38|27.40|30
GME211210C00205000|7.30|7.44|5.28|6.79|5.86|10|-0.93|-0.1370|26|159|2|41|0.3354|0.0089|0.0130|-0.8274|0.1040||6.70|22|5.85|62
GME211210P00205000|27.42|32.21|26.88|31.25|28.67|10|-2.58|-0.0826|2|177|1|7|-0.7308|0.0105|-0.0397|-0.5755|0.0941||31.50|38|29.15|49
GME211210C00207500|5.55|7.35|5.10|5.55|5.49|11|-0.06|-0.0108|4|68|1|15|0.2964|0.0090|0.0117|-0.7363|0.0984||6.15|9|5.40|63
GME211210P00207500|29.52|32.00|29.52|28.58|31.10|11|2.52|0.0882|-5|18|1|3|-0.7718|0.0103|-0.0418|-0.4924|0.0862||33.55|32|31.25|29
GME211210C00210000|7.00|7.00|4.50|5.82|5.30|12|-0.52|-0.0893|10|309|1|58|0.2821|0.0087|0.0111|-0.7258|0.0963||5.70|21|5.00|63
GME211210P00210000|34.85|38.38|34.47|36.62|34.47|12|-2.15|-0.0587|-4|105|1|18|-0.7548|0.0093|-0.0419|-0.5891|0.0897||35.65|33|33.30|28
GME211210C00212500|6.00|6.00|4.40|5.55|4.92|13|-0.63|-0.1135|54|83|1|31|0.2597|0.0084|0.0103|-0.6928|0.0922||5.40|13|4.55|79
GME211210P00212500|33.64|37.87|33.64|32.63|37.87|13|5.24|0.1606|-1|38|2|3|-0.5188|0.0043|-0.1909|-0.4044|0.2570||37.80|33|35.40|25
GME211210C00215000|3.95|5.75|3.95|5.09|4.60|14|-0.49|-0.0963|6|165|1|35|0.2415|0.0082|0.0096|-0.6596|0.0889||4.95|12|4.25|71
GME211210P00215000|42.73|42.73|37.79|40.77|37.79|14|-2.98|-0.0731|-4|34|1|2|-0.8196|0.0086|-0.0456|-0.4478|0.0749||39.95|33|37.55|24
GME211210C00217500|5.45|5.45|4.28|5.55|4.50|15|-1.05|-0.1892|3|30|1|4|0.2343|0.0077|0.0093|-0.6761|0.0873||4.75|35|3.95|77
GME211210P00217500|42.22|42.22|42.22|28.08|42.22|15|14.14|0.5036|0|25|2|2|-0.9044|0.0071|-0.0496|-0.2245|0.0484||42.15|33|39.55|27
GME211210C00220000|5.00|5.35|3.57|4.80|4.00|16|-0.80|-0.1667|47|401|5|226|0.2140|0.0075|0.0085|-0.6263|0.0831||4.05|1|3.90|1
GME211210P00220000|39.30|42.63|39.30|42.99|42.22|16|-0.77|-0.0179|0|155|1|3|-0.8534|0.0074|-0.0482|-0.3939|0.0653||44.40|33|42.00|15
GME211210C00222500|4.55|4.55|3.50|4.14|3.75|17|-0.39|-0.0942|5|63|11|43|0.2073|0.0072|0.0082|-0.6328|0.0816||4.10|22|3.45|65
GME211210P00222500|46.47|46.97|46.47|33.35|46.97|17|13.62|0.4084|0|45|6|10|-0.7591|0.0070|-0.0455|-0.7712|0.0889||46.65|30|44.00|18
GME211210C00225000|4.28|4.60|3.20|4.05|3.39|18|-0.66|-0.1630|16|334|1|29|0.2106|0.0068|0.0083|-0.6825|0.0821||3.55|2|3.25|56
GME211210P00225000|47.35|47.35|47.35|47.49|47.35|18|-0.14|-0.0029|2|461|1|1|-0.8178|0.0068|-0.0482|-0.5678|0.0752||48.90|31|46.25|41
GME211210C00227500|4.25|4.25|3.22|3.65|3.35|19|-0.30|-0.0822|2|23|1|5|0.1724|0.0066|0.0069|-0.5520|0.0728||3.75|30|3.05|36
GME211210P00227500||||34.06|34.06|19|0.00|0.0000|0|35|0|0|-0.8250|0.0066|-0.2508|-0.1092|0.1662||51.25|31|48.70|9
GME211210C00230000|4.00|4.05|2.55|3.55|3.05|20|-0.50|-0.1408|9|393|1|35|0.1724|0.0063|0.0069|-0.5763|0.0728||3.40|1|2.99|4
GME211210P00230000||||41.51|41.51|20|0.00|0.0000|-1|38|0|0|-0.8839|0.0059|-0.0519|-0.3612|0.0558||53.55|31|51.00|6
GME211210C00232500|3.60|3.90|2.69|3.00|2.69|21|-0.31|-0.1033|-19|30|1|9|0.1654|0.0060|0.0066|-0.5706|0.0709||3.30|27|2.78|19
GME211210P00232500|56.09|56.09|56.09|49.93|56.09|21|6.16|0.1234|1|11|5|5|-0.9089|0.0052|-0.0536|-0.2864|0.0467||55.90|31|53.25|18
GME211210C00235000|3.40|3.55|2.49|3.15|2.74|22|-0.41|-0.1302|-30|902|3|40|0.1570|0.0058|0.0063|-0.5569|0.0686||3.15|21|2.58|87
GME211210P00235000|57.29|58.42|57.29|45.86|58.42|22|12.56|0.2739|0|36|5|6|-0.8027|0.0058|-0.0503|-0.7346|0.0792||58.25|31|55.55|19
GME211210C00237500|2.69|2.69|2.69|2.90|2.69|23|-0.21|-0.0724|0|18|1|3|0.1502|0.0055|0.0060|-0.5514|0.0664||2.99|14|2.37|71
GME211210P00237500||||48.03|48.03|23|0.00|0.0000|1|25|0|0|-0.9112|0.0048|-0.0549|-0.3012|0.0459||60.60|27|57.75|9
GME211210C00240000|2.82|3.60|2.47|2.84|2.51|24|-0.33|-0.1162|20|330|2|99|0.1418|0.0052|0.0056|-0.5334|0.0639||2.83|19|2.43|4
GME211210P00240000|58.15|58.15|58.15|45.67|58.15|24|12.48|0.2733|0|33|1|1|-0.8885|0.0050|-0.0547|-0.4029|0.0541||63.00|14|60.20|12
GME211210C00245000|3.23|3.23|2.20|2.56|2.22|25|-0.34|-0.1328|4|172|1|11|0.1273|0.0048|0.0051|-0.5028|0.0593||2.50|4|2.05|74
GME211210P00245000||||50.19|50.19|25|0.00|0.0000|0|23|0|0|-0.9854|0.0015|-0.0598|-0.0490|0.0106||67.75|32|65.20|4
GME211210C00250000|3.15|3.20|1.90|2.35|2.05|26|-0.30|-0.1277|-1|2190|1|244|0.1222|0.0045|0.0049|-0.5072|0.0578||2.25|9|2.05|3
GME211210P00250000||||60.35|60.35|26|0.00|0.0000|1|15|0|0|-0.9747|0.0021|-0.0606|-0.0926|0.0168||72.55|16|69.80|15
GME211210C00255000|2.37|2.37|1.80|2.20|2.00|27|-0.20|-0.0909|12|65|2|19|0.1132|0.0042|0.0045|-0.4919|0.0547||2.19|16|1.79|67
GME211210P00255000||||40.40|40.40|27|0.00|0.0000|0|5|0|0|-0.9985|0.0002|-0.0628|-0.0048|0.0014||77.45|13|74.70|12
GME211210C00260000|3.10|3.10|1.65|2.20|1.76|28|-0.44|-0.2000|-16|936|4|96|0.1023|0.0038|0.0041|-0.4642|0.0508||1.96|9|1.78|11
GME211210P00260000||||69.85|69.85|28|0.00|0.0000|1|22|0|0|-0.9758|0.0018|-0.0631|-0.0994|0.0162||82.30|25|79.70|6
GME211210C00270000|2.00|2.02|1.48|1.82|1.66|29|-0.16|-0.0879|16|220|1|14|0.0926|0.0034|0.0037|-0.4543|0.0473||1.76|14|1.40|67
GME211210P00270000||||75.18|75.18|29|0.00|0.0000|0|14|0|0|-0.9371|0.0028|-0.0640|-0.3001|0.0351||92.10|13|89.35|12
GME211210C00280000|1.83|1.83|1.19|1.50|1.40|30|-0.10|-0.0667|22|226|1|34|0.3579|0.0032|0.0561|-0.4681|0.2408||1.52|15|1.29|65
GME211210P00280000||||84.53|84.53|30|0.00|0.0000|0|1|0|0|-0.9487|0.0023|-0.0670|-0.2617|0.0300||101.95|22|99.00|13
GME211210C00290000|1.45|1.47|1.22|1.49|1.25|31|-0.24|-0.1611|9|150|10|34|0.0709|0.0026|0.0028|-0.3967|0.0387||1.39|31|1.20|6
GME211210P00290000||||82.25|82.25|31|0.00|0.0000|0|7|0|0|-0.9955|0.0004|-0.0713|-0.0223|0.0038||111.80|23|109.00|13
GME211210C00300000|1.28|1.36|1.05|1.24|1.16|32|-0.08|-0.0645|-171|876|1|345|0.0644|0.0023|0.0025|-0.3820|0.0359||1.19|14|1.08|5
GME211210P00300000||||76.00|76.00|32|0.00|0.0000|0|14|0|0|-0.9992|0.0001|-0.0739|-0.0032|0.0008||121.65|23|118.85|4
GME211210C00310000|1.10|1.10|0.95|1.06|1.01|33|-0.05|-0.0472|3|156|1|117|0.0548|0.0020|0.0022|-0.3418|0.0315||1.11|6|0.95|12
GME211210P00310000||||83.61|83.61|33|0.00|0.0000|0|4|0|0|-0.8860|0.0028|-0.3688|-0.1450|0.1241||131.55|20|128.85|4
GME211210C00320000|1.00|1.00|0.93|0.99|0.97|34|-0.02|-0.0202|11|274|1|7|0.0499|0.0018|0.0020|-0.3267|0.0293||0.90|5|0.85|5
GME211210P00320000||||89.47|89.47|34|0.00|0.0000|0|3|0|0|-0.9999|0.0000|-0.0789|0.0005|0.0001||141.45|12|138.75|12
GME211210C00330000|0.89|0.92|0.80|1.05|0.80|35|-0.25|-0.2381|26|263|1|24|0.0472|0.0017|0.0019|-0.3241|0.0280||1.00|18|0.70|47
GME211210P00330000||||||35||||0|0|0|-1.0000|0.0000|-0.0814|0.0011|0.0000||151.35|12|147.10|12
GME211210C00340000|0.80|0.84|0.75|0.87|0.75|36|-0.12|-0.1379|2|88|2|14|0.0407|0.0015|0.0016|-0.2898|0.0249||0.79|5|0.67|24
GME211210P00340000||||||36||||0|0|0|-1.0000|0.0000|-0.0838|0.0011|0.0000||161.25|12|157.85|11
GME211210C00350000|1.05|1.05|0.67|0.76|0.72|37|-0.04|-0.0526|-501|388|1|51|0.0365|0.0013|0.0014|-0.2701|0.0228||0.72|16|0.61|2
GME211210P00350000||||||37||||0|0|0|-1.0000|0.0000|-0.0863|0.0011|0.0000||171.40|2|167.85|3
GME211210C00360000|0.62|0.68|0.61|0.63|0.61|38|-0.02|-0.0317|5|87|1|5|0.0353|0.0012|0.0014|-0.2715|0.0221||0.70|7|0.46|69
GME211210P00360000||||||38||||0|0|0|-1.0000|0.0000|-0.0888|0.0012|0.0000||181.15|12|177.85|8
GME211210C00370000||||0.75|0.75|39|0.00|0.0000|-3|21|0|0|0.0374|0.0012|0.0015|-0.2982|0.0232||0.66|5|0.46|35
GME211210P00370000||||||39||||0|0|0|-1.0000|0.0000|-0.0912|0.0012|0.0000||191.05|12|187.80|8
GME211210C00380000|0.62|0.62|0.54|0.52|0.54|40|0.02|0.0385|6|51|1|4|0.0319|0.0011|0.0012|-0.2618|0.0204||0.62|32|0.46|4
GME211210P00380000||||||40||||0|0|0|-1.0000|0.0000|-0.0937|0.0012|0.0000||201.00|12|197.80|10
GME211210C00390000|0.55|0.55|0.49|0.59|0.49|41|-0.10|-0.1695|3|47|1|5|0.0278|0.0010|0.0011|-0.2355|0.0182||0.52|9|0.41|13
GME211210P00390000||||||41||||0|0|0|-1.0000|0.0000|-0.0962|0.0013|0.0000||210.95|12|207.75|12
GME211210C00400000|0.72|0.72|0.38|0.57|0.42|42|-0.15|-0.2632|-207|426|1|77|0.0228|0.0008|0.0009|-0.1976|0.0154||0.48|13|0.42|63
GME211210P00400000||||||42||||0|0|0|-1.0000|0.0000|-0.5040|0.0013|0.0000||220.95|12|217.75|12
GME211210C00410000|0.49|0.49|0.36|0.38|0.36|43|-0.02|-0.0526|6|52|1|2|0.0196|0.0007|0.0008|-0.1743|0.0135||0.40|3|0.32|37
GME211210P00410000||||||43||||0|0|0|-1.0000|0.0000|-0.1011|0.0013|0.0000||230.90|12|227.75|7
GME211210C00420000|0.50|0.55|0.45|0.42|0.45|44|0.03|0.0714|11|169|1|5|0.0227|0.0008|0.0009|-0.2083|0.0154||0.44|13|0.28|37
GME211210P00420000||||||44||||0|0|0|-1.0000|0.0000|-0.1036|0.0014|0.0000||240.85|12|237.70|12
GME211210C00430000|0.34|0.40|0.31|0.38|0.40|45|0.02|0.0526|17|42|1|302|0.2908|0.0022|0.0419|-0.5905|0.2210||0.43|1|0.33|2
GME211210P00430000||||||45||||0|0|0|-1.0000|0.0000|-0.1060|0.0014|0.0000||251.05|12|246.80|12
GME211210C00440000|0.52|0.52|0.32|0.30|0.36|46|0.06|0.2000|0|33|4|38|0.0189|0.0007|0.0007|-0.1810|0.0131||0.44|28|0.18|61
GME211210P00440000||||||46||||0|0|0|-1.0000|0.0000|-0.1085|0.0014|0.0000||261.05|10|256.95|1
GME211210C00450000|0.24|0.37|0.23|0.31|0.37|47|0.06|0.1935|6|98|1|214|0.0197|0.0007|0.0008|-0.1935|0.0136||0.44|27|0.27|2
GME211210P00450000||||||47||||0|0|0|-1.0000|0.0000|-0.1110|0.0015|0.0000||271.00|12|266.75|4
GME211210C00460000|0.30|0.30|0.30|0.27|0.30|48|0.03|0.1111|1|18|3|3|0.0145|0.0005|0.0006|-0.1451|0.0105||0.40|18|0.14|71
GME211210P00460000||||||48||||0|0|0|-1.0000|0.0000|-0.1134|0.0015|0.0000||280.90|12|276.75|4
GME211210C00470000|0.34|0.34|0.34|0.28|0.34|49|0.06|0.2143|3|15|1|1|0.0170|0.0006|0.0007|-0.1742|0.0120||0.40|26|0.14|37
GME211210P00470000||||||49||||0|0|0|-1.0000|0.0000|-0.5922|0.0015|0.0000||290.90|12|286.75|4
GME211210C00480000|0.40|0.40|0.40|0.25|0.40|50|0.15|0.6000|7|32|1|1|0.0190|0.0006|0.0007|-0.1983|0.0132||0.38|13|0.13|26
GME211210P00480000||||||50||||0|0|0|-1.0000|0.0000|-0.1184|0.0016|0.0000||300.85|12|296.75|4
GME211210C00490000|0.30|0.35|0.24|0.40|0.24|51|-0.16|-0.4000|4|91|2|16|0.0126|0.0004|0.0005|-0.1337|0.0093||0.31|1|0.11|7
GME211210P00490000||||||51||||0|0|0|-1.0000|0.0000|-0.1208|0.0016|0.0000||310.85|12|306.75|4
GME211210C00500000|0.38|0.38|0.19|0.38|0.22|52|-0.16|-0.4211|-12|856|1|38|0.0128|0.0004|0.0005|-0.1387|0.0094||0.26|11|0.22|1
GME211210P00500000||||||52||||0|0|0|-1.0000|0.0000|-0.1233|0.0016|0.0000||320.80|12|316.75|4
GME211210C00510000|0.55|0.55|0.11|0.37|0.23|53|-0.14|-0.3784|139|2025|2|243|0.0115|0.0004|0.0004|-0.1258|0.0086||0.26|23|0.20|1
GME211210P00510000||||||53||||0|0|0|-1.0000|0.0000|-0.6426|0.0017|0.0000||330.80|12|326.70|4
GME211217C00080000|94.56|94.56|94.56|110.26|94.56|20|-15.70|-0.1424|0|1|1|1|0.9082|0.0009|0.0224|-0.9081|0.0627||103.15|8|99.75|12
GME211217P00080000|0.47|0.47|0.32|0.30|0.35|20|0.05|0.1667|26|349|3|8|-0.0109|0.0004|-0.0010|-0.0636|0.0109||0.50|14|0.24|10
GME211217C00085000||||95.85|95.85|19|0.00|0.0000|0|1|0|0|0.9721|0.0008|0.0346|-0.1641|0.0244||98.45|5|94.80|12
GME211217P00085000|0.45|0.45|0.42|0.35|0.43|19|0.08|0.2286|1|122|2|5|-0.0134|0.0005|-0.0012|-0.0729|0.0131||0.45|1|0.32|1
GME211217C00090000||||137.00|137.00|18|0.00|0.0000|0|4|0|0|0.9036|0.0005|0.0115|-1.7869|0.0647||93.30|9|89.90|12
GME211217P00090000|0.49|0.53|0.49|0.46|0.53|18|0.07|0.1522|0|66|1|5|-0.0169|0.0006|-0.0015|-0.0863|0.0160||0.67|45|0.40|28
GME211217C00100000|79.94|79.94|79.69|114.96|79.69|17|-35.27|-0.3068|0|49|1|2|0.9989|0.0001|0.0437|-0.0045|0.0014||83.20|12|80.05|12
GME211217P00100000|0.80|0.81|0.50|0.78|0.67|17|-0.11|-0.1410|126|869|1|480|-0.0013|0.0001|-0.0001|-0.0049|0.0016||0.79|10|0.60|14
GME211217C00105000||||66.05|66.05|16|0.00|0.0000|0|1|0|0|0.9979|0.0002|0.0458|-0.0080|0.0026||78.10|12|75.20|12
GME211217P00105000|0.87|0.95|0.86|0.78|0.86|16|0.08|0.1026|-2|89|2|56|-0.0023|0.0002|-0.0002|-0.0080|0.0027||0.98|19|0.71|34
GME211217C00110000||||73.25|73.25|15|0.00|0.0000|0|1|0|0|0.9966|0.0003|0.0479|-0.0115|0.0039||73.30|12|70.35|12
GME211217P00110000|0.89|1.40|0.89|0.82|1.03|15|0.21|0.2561|2|375|100|257|-0.0040|0.0003|-0.0003|-0.0133|0.0045||1.18|29|0.87|42
GME211217C00115000||||112.11|112.11|14|0.00|0.0000|0|2|0|0|0.9946|0.0005|0.0500|-0.0167|0.0059||68.45|12|65.55|12
GME211217P00115000|1.34|1.45|1.34|0.68|1.45|14|0.77|1.1324|0|148|5|17|-0.0072|0.0006|-0.0006|-0.0222|0.0076||1.37|57|1.07|45
GME211217C00120000||||64.15|64.15|13|0.00|0.0000|24|51|0|0|0.9903|0.0008|0.0518|-0.0274|0.0098||63.80|4|60.85|43
GME211217P00120000|1.37|1.55|1.37|1.34|1.45|13|0.11|0.0821|17|153|1|11|-0.0125|0.0009|-0.0011|-0.0351|0.0122||1.65|60|1.30|33
GME211217C00125000||||79.68|79.68|12|0.00|0.0000|0|35|0|0|0.8972|0.0029|0.1493|-0.1041|0.1237||59.00|12|56.20|29
GME211217P00125000|1.55|1.88|1.55|1.56|1.88|12|0.32|0.2051|-4|205|3|6|-0.0209|0.0014|-0.0018|-0.0550|0.0191||2.06|70|1.56|121
GME211217C00130000||||55.70|55.70|11|0.00|0.0000|0|10|0|0|0.8785|0.0033|0.1505|-0.1161|0.1397||54.60|12|51.70|34
GME211217P00130000|1.86|2.65|1.80|2.20|2.21|11|0.01|0.0045|9|195|1|35|-0.0330|0.0021|-0.0028|-0.0795|0.0279||2.52|76|1.93|123
GME211217C00135000||||90.47|90.47|10|0.00|0.0000|0|3|0|0|0.9545|0.0029|0.0553|-0.1006|0.0363||49.85|7|47.25|34
GME211217P00135000|2.62|2.71|2.62|2.75|2.71|10|-0.04|-0.0145|0|140|1|2|-0.0480|0.0029|-0.0041|-0.1069|0.0380||2.99|46|2.44|61
GME211217C00140000|40.15|40.15|40.15|47.75|40.15|9|-7.60|-0.1592|1|146|1|1|0.8295|0.0042|0.1489|-0.1443|0.1755||45.45|15|42.90|66
GME211217P00140000|3.26|4.39|3.00|3.21|3.50|9|0.29|0.0903|11|549|5|320|-0.0703|0.0039|-0.0061|-0.1442|0.0512||3.65|72|3.10|75
GME211217C00145000||||96.94|96.94|8|0.00|0.0000|0|57|0|0|0.9066|0.0050|0.0554|-0.1743|0.0635||41.30|15|38.80|46
GME211217P00145000|4.18|4.18|3.35|4.15|4.02|8|-0.13|-0.0313|16|211|1|26|-0.1010|0.0051|-0.0088|-0.1911|0.0672||4.70|124|3.90|87
GME211217C00150000||||35.85|35.85|7|0.00|0.0000|0|71|0|0|0.8699|0.0063|0.0544|-0.2225|0.0805||37.20|14|34.80|50
GME211217P00150000|4.25|6.92|4.00|5.25|5.15|7|-0.10|-0.0190|86|1619|1|236|-0.1354|0.0063|-0.0119|-0.2342|0.0827||5.30|14|4.95|7
GME211217C00155000|35.95|35.95|30.10|42.74|30.10|6|-12.64|-0.2957|0|11|1|2|0.7396|0.0053|0.1397|-0.1864|0.2247||33.45|29|31.05|46
GME211217P00155000|4.10|8.13|4.10|6.88|6.54|6|-0.34|-0.0494|13|308|2|26|-0.1751|0.0075|-0.0155|-0.2756|0.0980||6.85|82|6.15|42
GME211217C00160000|25.00|27.70|25.00|38.33|27.70|5|-10.63|-0.2773|-1|97|1|2|0.7844|0.0088|0.0510|-0.3034|0.1113||29.85|34|27.55|71
GME211217P00160000|6.80|10.00|6.40|8.40|7.94|5|-0.46|-0.0548|26|650|2|1014|-0.2220|0.0087|-0.0198|-0.3182|0.1131||8.15|47|7.65|5
GME211217C00165000|24.60|24.60|24.60|34.08|24.60|4|-9.48|-0.2782|0|82|1|1|0.7298|0.0098|0.0481|-0.3480|0.1258||26.60|34|24.30|74
GME211217P00165000|8.60|10.85|8.60|10.05|9.36|4|-0.69|-0.0687|22|307|1|12|-0.2739|0.0096|-0.0246|-0.3591|0.1266||10.05|68|9.35|5
GME211217C00170000||||23.22|23.22|3|0.00|0.0000|-2|117|0|0|0.6693|0.0107|0.0446|-0.3856|0.1376||23.55|8|21.30|80
GME211217P00170000|11.28|14.80|10.85|11.92|11.40|3|-0.52|-0.0436|291|1083|5|92|-0.3304|0.0104|-0.0300|-0.3954|0.1377||12.10|65|11.30|36
GME211217C00175000|21.90|21.90|16.27|21.60|20.50|2|-1.10|-0.0509|-22|188|1|11|0.6103|0.0062|0.1211|-0.2229|0.2655||21.00|64|18.65|95
GME211217P00175000|15.80|16.43|12.98|14.30|13.10|2|-1.20|-0.0839|18|703|2|22|-0.3857|0.0110|-0.0353|-0.4164|0.1455||14.65|88|13.50|57
GME211217C00180000|21.00|21.00|14.24|17.51|19.00|1|1.49|0.0851|17|465|1|51|0.5558|0.0116|0.0380|-0.4191|0.1502||18.20|8|16.30|131
GME211217P00180000|15.35|20.86|15.00|17.60|17.00|1|-0.60|-0.0341|199|1062|7|41|-0.4438|0.0114|-0.0410|-0.4286|0.1502||17.25|87|15.95|48
GME211217C00185000|17.00|18.25|12.92|16.00|15.00|1|-1.00|-0.0625|13|268|1|30|0.4935|0.0117|0.0340|-0.4243|0.1513||16.05|55|14.25|122
GME211217P00185000|17.32|23.60|17.00|19.85|19.44|1|-0.41|-0.0207|1|269|1|63|-0.4514|0.0063|-0.1583|-0.2360|0.2741||20.15|71|18.55|61
GME211217C00187500|15.87|15.87|15.87|14.09|15.87|2|1.78|0.1263|15|39|1|2|0.5022|0.0083|0.0327|-0.5972|0.1515||15.00|44|13.25|77
GME211217P00187500|20.48|20.48|19.77|21.85|19.77|2|-2.08|-0.0952|15|115|1|2|-0.5021|0.0089|-0.0493|-0.5610|0.1517||21.75|80|20.05|36
GME211217C00190000|15.00|16.15|10.20|13.65|13.36|3|-0.29|-0.0212|83|239|1|107|0.4422|0.0115|0.0307|-0.4234|0.1501||14.00|49|12.90|65
GME211217P00190000|20.10|26.92|20.10|22.75|22.61|3|-0.14|-0.0062|3|450|1|18|-0.5546|0.0112|-0.0524|-0.4336|0.1502||23.35|75|21.55|46
GME211217C00192500|12.74|12.74|12.50|12.10|12.50|4|0.40|0.0331|20|28|1|2|0.4444|0.0095|0.0300|-0.5145|0.1502||13.00|43|11.85|45
GME211217P00192500||||24.70|24.70|4|0.00|0.0000|7|112|0|0|-0.5525|0.0093|-0.0543|-0.5254|0.1503||25.05|72|23.05|42
GME211217C00195000|13.00|13.35|11.09|11.79|11.09|5|-0.70|-0.0594|18|148|1|8|0.3906|0.0111|0.0273|-0.4161|0.1459||12.15|41|10.80|96
GME211217P00195000|29.90|31.30|23.65|25.08|25.45|5|0.37|0.0148|8|423|1|146|-0.6057|0.0109|-0.0580|-0.4254|0.1463||26.15|39|24.90|43
GME211217C00197500|12.50|13.00|10.39|10.50|10.70|6|0.20|0.0190|33|38|1|45|0.3977|0.0093|0.0270|-0.5026|0.1464||11.35|38|10.30|72
GME211217P00197500||||27.65|27.65|6|0.00|0.0000|1|93|0|0|-0.5895|0.0089|-0.0589|-0.5317|0.1479||28.55|71|26.55|34
GME211217C00200000|11.05|12.80|8.47|10.50|10.21|7|-0.29|-0.0276|134|1099|1|1343|0.3401|0.0104|0.0239|-0.4022|0.1390||10.40|9|9.85|65
GME211217P00200000|28.60|32.77|28.10|28.61|29.00|7|0.39|0.0136|4|1921|1|10|-0.6510|0.0103|-0.0632|-0.4159|0.1407||29.90|51|28.15|58
GME211217C00202500|10.60|10.80|9.79|10.00|9.79|8|-0.21|-0.0210|5|18|1|31|0.4960|0.0048|0.0943|-0.3119|0.2761||10.00|41|9.10|71
GME211217P00202500||||24.10|24.10|8|0.00|0.0000|0|116|0|0|-0.7479|0.0120|-0.0703|-0.2658|0.1213||32.25|67|30.00|42
GME211217C00205000|10.00|10.05|7.47|9.40|8.50|9|-0.90|-0.0957|16|57|1|23|0.3553|0.0083|0.0241|-0.5251|0.1413||9.35|33|8.55|73
GME211217P00205000|36.08|36.08|33.98|33.95|33.98|9|0.03|0.0009|6|165|10|11|-0.6174|0.0075|-0.0646|-0.6063|0.1448||34.20|68|32.15|32
GME211217C00207500|10.20|10.20|7.35|9.03|8.90|10|-0.13|-0.0144|12|28|1|8|0.3488|0.0079|0.0236|-0.5403|0.1407||8.80|13|8.00|63
GME211217P00207500||||21.30|21.30|10|0.00|0.0000|0|181|0|0|-0.9415|0.0078|-0.0865|-0.0543|0.0444||36.20|66|34.05|34
GME211217C00210000|10.25|10.25|6.70|9.00|7.87|11|-1.13|-0.1256|323|845|1|38|0.2567|0.0092|0.0183|-0.3544|0.1225||8.30|38|7.50|93
GME211217P00210000|40.00|40.70|37.88|40.00|37.88|11|-2.12|-0.0530|7|226|1|7|-0.7383|0.0091|-0.0735|-0.3638|0.1237||38.25|67|36.10|12
GME211217C00212500|6.50|6.50|6.50|7.88|6.50|12|-1.38|-0.1751|1|22|1|1|0.2759|0.0082|0.0192|-0.4262|0.1268||7.80|37|6.85|93
GME211217P00212500|42.25|42.25|42.25|27.00|42.25|12|15.25|0.5648|0|59|4|4|-0.5069|0.0040|-0.2197|-0.3705|0.2761||40.30|54|37.90|31
GME211217C00215000|8.03|8.03|6.90|7.33|6.90|13|-0.43|-0.0587|3|93|1|5|0.4581|0.0045|0.0867|-0.3296|0.2746||7.40|38|6.70|75
GME211217P00215000|38.00|46.00|38.00|32.68|42.25|13|9.57|0.2928|0|99|1|4|-0.5386|0.0044|-0.2253|-0.3338|0.2748||42.40|52|40.05|35
GME211217C00217500|7.20|7.20|7.20|7.75|7.20|14|-0.55|-0.0710|18|38|1|1|0.2797|0.0073|0.0192|-0.4841|0.1280||7.00|39|6.35|62
GME211217P00217500|47.80|47.80|47.80|34.55|47.80|14|13.25|0.3835|0|23|1|1|-0.6329|0.0059|-0.0720|-0.7476|0.1432||44.55|52|42.25|18
GME211217C00220000|6.89|7.58|5.30|6.70|6.36|15|-0.34|-0.0507|257|1902|1|62|0.3596|0.0058|0.0757|-0.2283|0.2589||6.60|48|6.10|10
GME211217P00220000|46.55|46.55|46.55|42.02|46.55|15|4.53|0.1078|-1|445|1|1|-0.8037|0.0076|-0.0824|-0.3150|0.1052||46.70|54|44.10|48
GME211217C00222500|7.50|7.50|6.60|5.85|6.60|16|0.75|0.1282|1|67|1|4|0.2777|0.0066|0.0188|-0.5303|0.1274||6.30|38|5.70|66
GME211217P00222500|52.45|52.95|48.85|31.45|49.15|16|17.70|0.5628|0|10|2|15|-0.7321|0.0067|-0.0793|-0.5032|0.1252||48.85|47|46.55|10
GME211217C00225000|6.35|6.35|5.50|6.00|5.80|17|-0.20|-0.0333|6|105|1|19|0.2468|0.0066|0.0169|-0.4706|0.1200||6.00|38|5.45|68
GME211217P00225000|48.50|48.50|48.50|32.35|48.50|17|16.15|0.4992|0|31|1|2|-0.8060|0.0069|-0.0849|-0.3428|0.1045||51.05|47|48.75|17
GME211217C00227500|5.60|5.60|5.60|5.85|5.60|18|-0.25|-0.0427|-1|8|1|1|0.2484|0.0063|0.0169|-0.4956|0.1204||5.75|58|5.20|65
GME211217P00227500||||48.05|48.05|18|0.00|0.0000|17|60|0|0|-0.9155|0.0055|-0.0934|-0.1357|0.0589||53.30|47|50.80|24
GME211217C00230000|5.65|6.40|4.85|5.33|5.25|19|-0.08|-0.0150|-3|431|1|57|0.1414|0.0061|0.0102|-0.2559|0.0852||5.40|17|5.05|10
GME211217P00230000|54.21|54.21|54.21|49.83|54.21|19|4.38|0.0879|-10|63|1|1|-0.8540|0.0062|-0.0903|-0.2650|0.0871||55.55|47|53.20|16
GME211217C00232500|4.50|4.50|4.45|5.20|4.45|20|-0.75|-0.1442|3|80|1|3|0.2080|0.0060|0.0144|-0.4258|0.1089||5.20|38|4.70|61
GME211217P00232500||||53.30|53.30|20|0.00|0.0000|0|19|0|0|-0.9086|0.0052|-0.0952|-0.1625|0.0623||57.85|47|55.40|20
GME211217C00235000|5.70|5.70|5.14|4.79|5.14|21|0.35|0.0731|17|74|1|6|0.2264|0.0058|0.0154|-0.4919|0.1145||5.00|29|4.55|38
GME211217P00235000||||54.70|54.70|21|0.00|0.0000|43|60|0|0|-0.6444|0.0047|-0.2696|-0.2783|0.2578||60.15|47|57.75|9
GME211217C00240000|4.37|4.78|4.21|4.70|4.21|22|-0.49|-0.1043|-4|308|5|75|0.1012|0.0048|0.0073|-0.2037|0.0673||4.60|22|4.20|31
GME211217P00240000|65.50|65.50|65.50|65.23|65.50|22|0.27|0.0041|8|54|1|1|-0.8910|0.0049|-0.0973|-0.2203|0.0710||64.80|44|62.10|28
GME211217C00245000|4.75|4.75|3.95|4.10|3.95|23|-0.15|-0.0366|5|87|1|155|0.1973|0.0051|0.0134|-0.4712|0.1056||4.25|16|3.85|61
GME211217P00245000|71.40|71.40|71.40|56.01|71.40|23|15.39|0.2748|-5|49|2|5|-0.7701|0.0051|-0.0921|-0.5697|0.1154||69.45|32|66.75|44
GME211217C00250000|4.46|4.75|3.45|4.00|3.70|24|-0.30|-0.0750|14|1169|1|107|0.0734|0.0037|0.0053|-0.1626|0.0529||3.90|5|3.65|12
GME211217P00250000||||73.53|73.53|24|0.00|0.0000|-1|56|0|0|-0.9217|0.0038|-0.1039|-0.1735|0.0556||74.20|40|71.30|44
GME211217C00255000|3.60|3.60|3.41|3.60|3.47|25|-0.13|-0.0361|-1|355|1|5|0.1624|0.0045|0.0111|-0.4174|0.0934||3.75|35|3.40|5
GME211217P00255000||||39.75|39.75|25|0.00|0.0000|0|5|0|0|-0.9985|0.0002|-0.1117|-0.0024|0.0019||78.95|14|76.15|19
GME211217C00260000|3.55|3.85|3.20|3.59|3.25|26|-0.34|-0.0947|30|516|2|35|0.0527|0.0028|0.0039|-0.1270|0.0409||3.50|37|3.10|75
GME211217P00260000|78.20|78.20|78.20|72.05|78.20|26|6.15|0.0854|0|21|1|1|-0.9437|0.0029|-0.1099|-0.1355|0.0431||83.75|13|80.75|13
GME211217C00270000|3.25|3.25|2.85|3.19|2.90|27|-0.29|-0.0909|18|541|1|228|0.0379|0.0021|0.0028|-0.0991|0.0312||3.10|24|2.81|25
GME211217P00270000||||65.35|65.35|27|0.00|0.0000|0|49|0|0|-0.9569|0.0023|-0.1152|-0.1120|0.0348||93.45|41|90.75|9
GME211217C00280000|3.29|3.29|2.57|2.55|2.57|28|0.02|0.0078|7|2032|100|209|0.1859|0.0037|0.0401|-0.1820|0.1853||2.85|24|2.40|84
GME211217P00280000||||91.00|91.00|28|0.00|0.0000|0|10|0|0|-0.9673|0.0018|-0.1203|-0.0910|0.0278||103.20|17|100.20|25
GME211217C00290000|2.60|2.69|2.48|2.43|2.57|29|0.14|0.0576|3|522|1|45|0.1700|0.0034|0.0367|-0.1755|0.1752||2.56|10|2.20|41
GME211217P00290000||||68.50|68.50|29|0.00|0.0000|0|25|0|0|-0.9734|0.0015|-0.1252|-0.0790|0.0234||113.00|42|109.85|18
GME211217C00300000|2.55|2.60|2.04|2.35|2.20|30|-0.15|-0.0638|199|5147|1|760|0.1531|0.0032|0.0330|-0.1659|0.1632||2.34|8|2.09|23
GME211217P00300000|125.00|125.00|125.00|116.00|125.00|30|9.00|0.0776|0|20|4|5|-0.9807|0.0011|-0.1301|-0.0604|0.0179||122.80|25|119.85|7
GME211217C00310000|2.10|2.40|2.03|2.21|2.03|31|-0.18|-0.0814|-1|369|1|12|0.0127|0.0008|0.0009|-0.0425|0.0125||2.18|25|1.87|83
GME211217P00310000||||102.75|102.75|31|0.00|0.0000|0|3|0|0|-0.9848|0.0009|-0.1348|-0.0500|0.0146||132.65|15|129.65|6
GME211217C00320000|2.00|2.04|1.73|2.00|1.73|32|-0.27|-0.1350|4|407|1|46|0.0100|0.0006|0.0007|-0.0350|0.0101||2.09|76|1.76|29
GME211217P00320000||||96.00|96.00|32|0.00|0.0000|0|17|0|0|-0.9881|0.0007|-0.1394|-0.0410|0.0118||142.55|13|139.65|12
GME211217C00330000||||1.75|1.75|33|0.00|0.0000|28|213|0|0|0.1188|0.0026|0.0257|-0.1459|0.1371||1.90|18|1.59|41
GME211217P00330000||||159.50|159.50|33|0.00|0.0000|0|3|0|0|-0.9906|0.0006|-0.1440|-0.0336|0.0096||152.45|12|149.30|12
GME211217C00340000|2.00|2.00|1.60|1.53|1.60|34|0.07|0.0458|5|232|2|4|0.0064|0.0004|0.0005|-0.0247|0.0069||1.77|36|1.47|40
GME211217P00340000||||126.85|126.85|34|0.00|0.0000|0|7|0|0|-0.9927|0.0005|-0.1485|-0.0270|0.0077||162.30|13|159.30|12
GME211217C00350000|1.75|1.84|1.50|1.75|1.55|35|-0.20|-0.1143|13|990|1|41|0.0053|0.0003|0.0004|-0.0212|0.0058||1.65|32|1.43|11
GME211217P00350000||||133.85|133.85|35|0.00|0.0000|0|4|0|0|-0.9938|0.0004|-0.1530|-0.0238|0.0067||172.20|12|169.30|12
GME211217C00360000|1.50|1.60|1.37|1.58|1.37|36|-0.21|-0.1329|0|308|4|8|0.0045|0.0003|0.0003|-0.0187|0.0050||1.59|73|1.29|56
GME211217P00360000||||||36|||0|0|0|0|-0.8934|0.0022|-0.4998|-0.1448|0.1269||182.10|21|178.60|16
GME211217C00370000|1.45|1.45|1.45|1.97|1.45|37|-0.52|-0.2640|0|447|1|1|0.0038|0.0002|0.0003|-0.0165|0.0043||1.58|104|1.21|52
GME211217P00370000||||172.65|172.65|37|0.00|0.0000|0|3|0|0|-0.9956|0.0003|-0.1619|-0.0177|0.0049||192.00|20|188.60|13
GME211217C00380000|1.60|1.60|1.60|1.36|1.60|38|0.24|0.1765|1|169|1|1|0.0035|0.0002|0.0003|-0.0154|0.0039||1.58|130|1.20|4
GME211217P00380000||||165.60|165.60|38|0.00|0.0000|0|17|0|0|-0.9962|0.0002|-0.1663|-0.0155|0.0043||201.95|14|198.60|12
GME211217C00390000|1.18|1.18|1.18|1.38|1.18|39|-0.20|-0.1449|0|192|1|1|0.0031|0.0002|0.0002|-0.0141|0.0036||1.23|17|1.03|44
GME211217P00390000||||||39|||0|0|0|0|-0.9966|0.0002|-0.1707|-0.0144|0.0039||211.95|3|208.55|12
GME211217C00400000|1.20|1.39|1.01|1.29|1.11|40|-0.18|-0.1395|16|1166|1|56|0.0024|0.0002|0.0002|-0.0116|0.0029||1.10|10|1.00|6
GME211217P00400000||||198.90|198.90|40|0.00|0.0000|0|3|0|0|-0.9969|0.0002|-0.1751|-0.0133|0.0036||221.75|12|218.55|12
GME211217C00410000|1.00|1.00|1.00|1.22|1.00|41|-0.22|-0.1803|1|204|1|1|0.0020|0.0001|0.0002|-0.0099|0.0025||1.12|55|0.90|41
GME211217P00410000||||190.90|190.90|41|0.00|0.0000|0|3|0|0|-0.9974|0.0002|-0.1795|-0.0113|0.0030||231.70|12|228.55|7
GME211217C00420000|1.37|1.37|0.95|1.16|0.95|42|-0.21|-0.1810|-1|539|1|13|0.0018|0.0001|0.0001|-0.0091|0.0022||1.11|98|0.90|1
GME211217P00420000||||189.85|189.85|42|0.00|0.0000|0|16|0|0|-0.9984|0.0001|-0.1840|-0.0068|0.0020||241.60|12|238.55|7
GME211217C00430000|0.97|0.97|0.97|1.08|0.97|43|-0.11|-0.1019|0|208|7|7|0.0016|0.0001|0.0001|-0.0081|0.0019||1.11|89|0.68|89
GME211217P00430000||||244.20|244.20|43|0.00|0.0000|0|0|0|0|-0.9986|0.0001|-0.1884|-0.0058|0.0018||251.60|12|247.75|12
GME211217C00440000||||1.15|1.15|44|0.00|0.0000|4|472|0|0|0.0014|0.0001|0.0001|-0.0072|0.0017||0.90|6|0.66|41
GME211217P00440000||||||44|||0|0|0|0|-0.9989|0.0001|-0.1928|-0.0042|0.0014||261.60|12|257.75|12
GME211217C00450000|1.03|1.03|0.76|1.02|0.77|45|-0.25|-0.2451|5|684|1|8|0.0011|0.0001|0.0001|-0.0059|0.0014||0.80|6|0.63|17
GME211217P00450000||||||45|||0|0|0|0|-0.9990|0.0001|-0.1972|-0.0038|0.0013||271.60|10|267.75|12
GME211217C00460000|1.11|1.11|0.68|1.02|0.80|46|-0.22|-0.2157|-133|1136|2|8|0.0011|0.0001|0.0001|-0.0059|0.0014||0.85|29|0.60|13
GME211217P00460000||||261.60|261.60|46|0.00|0.0000|0|5|0|0|-0.9991|0.0001|-0.2016|-0.0035|0.0012||281.55|12|277.75|12
GME211217C00470000|0.90|0.90|0.78|0.84|0.78|47|-0.06|-0.0714|0|189|1|11|0.0321|0.0009|0.0022|-0.1867|0.0273||0.85|61|0.52|53
GME211217P00470000||||||47||||0|0|0|-1.0000|0.0000|-0.2060|0.0016|0.0000||291.50|12|287.50|1
GME211217C00480000|0.82|0.82|0.63|0.67|0.63|48|-0.04|-0.0597|7|224|4|7|0.0345|0.0009|0.0023|-0.2051|0.0291||0.72|3|0.46|105
GME211217P00480000||||264.21|264.21|48|0.00|0.0000|0|7|0|0|-0.9753|0.0007|-0.2087|-0.1441|0.0220||301.45|12|297.40|7
GME211217C00490000|1.01|1.01|0.52|0.86|0.52|49|-0.34|-0.3953|1|97|6|9|0.0318|0.0008|0.0021|-0.1925|0.0271||0.69|4|0.45|23
GME211217P00490000||||274.04|274.04|49|0.00|0.0000|0|7|0|0|-0.9773|0.0007|-0.2132|-0.1348|0.0205||311.45|12|307.40|2
GME211217C00500000|0.90|0.90|0.48|0.80|0.53|50|-0.27|-0.3375|-5|2488|5|85|0.0234|0.0007|0.0016|-0.1434|0.0210||0.57|5|0.51|5
GME211217P00500000||||290.05|290.05|50|0.00|0.0000|0|7|0|0|-0.9665|0.0008|-0.2169|-0.2044|0.0283||321.40|12|317.00|5
GME211217C00510000|0.72|0.96|0.44|0.72|0.47|51|-0.25|-0.3472|101|1366|1|160|0.0225|0.0006|0.0015|-0.1404|0.0203||0.49|7|0.44|5
GME211217P00510000||||277.97|277.97|51|0.00|0.0000|0|0|0|0|-0.9923|0.0003|-0.2230|-0.0455|0.0080||331.35|12|327.00|4
GME211223C00100000||||80.77|80.77|14|0.00|0.0000|-2|14|0|0|0.9743|0.0010|0.0571|-0.0830|0.0266||83.35|4|80.30|12
GME211223P00100000|0.90|0.90|0.88|0.80|0.88|14|0.08|0.1000|7|116|10|11|-0.0280|0.0010|-0.0035|-0.0908|0.0286||1.13|42|0.46|49
GME211223C00110000||||||13||||0|0|0|1.0000|0.0000|0.0663|-0.0004|0.0000||73.60|4|70.70|12
GME211223P00110000|0.80|1.33|0.80|1.69|1.33|13|-0.36|-0.2130|6|28|10|20|-0.1131|0.0020|-0.0440|-0.1552|0.1397||1.25|1|0.94|36
GME211223C00120000||||103.35|103.35|12|0.00|0.0000|0|1|0|0|0.8299|0.0011|0.0281|-1.2937|0.1129||64.30|7|61.30|12
GME211223P00120000||||1.15|1.15|12|0.00|0.0000|0|25|0|0|-0.0446|0.0020|-0.0055|-0.1026|0.0420||2.19|41|1.50|16
GME211223C00130000||||||11||||0|0|0|1.0000|0.0000|0.0784|-0.0005|0.0000||55.20|6|52.30|12
GME211223P00130000|2.84|2.84|2.69|2.33|2.69|11|0.36|0.1545|4|72|1|111|-0.0918|0.0033|-0.0115|-0.1894|0.0733||3.25|40|2.33|47
GME211223C00140000||||||10||||0|0|0|1.0000|0.0000|0.0844|-0.0005|0.0000||47.05|12|43.75|12
GME211223P00140000|4.10|4.40|4.10|3.90|4.40|10|0.50|0.1282|11|40|1|2|-0.1411|0.0045|-0.0179|-0.2536|0.0996||4.75|16|3.75|11
GME211223C00145000||||||9|||||0|0|1.0000|0.0000|0.0874|-0.0005|0.0000||43.35|26|39.70|19
GME211223P00145000||||||9|||||0|0|0.0000|0.0000|0.0000|0.0000|0.0000||5.75|44|4.65|27
GME211223C00150000||||55.90|55.90|8|0.00|0.0000|0|4|0|0|0.7301|0.0031|0.0458|-0.8105|0.1469||38.55|4|35.90|18
GME211223P00150000|4.80|7.60|4.10|6.45|6.07|8|-0.38|-0.0589|82|206|1|56|-0.1921|0.0058|-0.0244|-0.2906|0.1218||6.90|38|5.75|58
GME211223C00155000||||57.05|57.05|7|0.00|0.0000|0|10|0|0|0.7144|0.0029|0.0434|-0.9178|0.1512||34.90|6|32.25|12
GME211223P00155000|8.65|9.55|8.65|3.81|9.30|7|5.49|1.4409|0|111|8|18|-0.2444|0.0060|-0.0321|-0.3741|0.1399||8.30|33|7.10|22
GME211223C00160000||||53.80|53.80|6|0.00|0.0000|0|12|0|0|0.6959|0.0030|0.0433|-0.9217|0.1554||31.40|11|28.90|33
GME211223P00160000|10.28|11.60|8.10|9.59|9.45|6|-0.14|-0.0146|14|61|3|9|-0.2709|0.0070|-0.0351|-0.3562|0.1474||9.95|37|8.70|4
GME211223C00165000||||||5||||0|0|0|1.0000|0.0000|0.0994|-0.0006|0.0000||28.35|7|25.80|19
GME211223P00165000||||11.60|11.60|5|0.00|0.0000|12|21|0|0|-0.3132|0.0074|-0.0410|-0.3859|0.1577||11.95|27|10.50|22
GME211223C00170000||||25.94|25.94|4|0.00|0.0000|11|15|0|0|0.6453|0.0071|0.0546|-0.4442|0.1659||25.25|8|22.95|32
GME211223P00170000||||14.35|14.35|4|0.00|0.0000|2|33|0|0|-0.3555|0.0075|-0.0473|-0.4194|0.1657||14.05|31|12.55|15
GME211223C00175000||||19.00|19.00|3|0.00|0.0000|1|3|0|0|0.6054|0.0094|0.0545|-0.3591|0.1712||22.75|8|20.35|17
GME211223P00175000|13.64|17.35|13.50|16.30|16.05|3|-0.25|-0.0153|30|54|1|32|-0.3922|0.0080|-0.0523|-0.4181|0.1714||16.45|31|14.90|14
