symbol|open|high|low|preClose|close|activeLevel|change|changeRatio|openIntChange|openInterest|latestPriceVol|volume|delta|gamma|rho|theta|vega|tradeStamptradeTime|ask|avol|bid|bvol
GME211210C00100000||||70.90|70.90|12|0.00|0.0000|209|211|0|0|0.9458|0.0015|0.0097|-0.9965|0.0204||78.65|29|73.80|78
GME211210P00100000|1.09|1.09|0.56|1.14|0.64|12|-0.50|-0.4386|1314|2034|8|1661|-0.0236|0.0010|-0.0005|-0.3870|0.0103||0.64|26|0.63|1
GME211210C00110000||||76.13|76.13|11|0.00|0.0000|0|2|0|0|0.8613|0.0020|0.0082|-2.9994|0.0410||68.70|13|63.80|54
GME211210P00110000|1.45|1.51|0.77|1.52|0.83|11|-0.69|-0.4539|314|618|2|326|-0.0322|0.0015|-0.0007|-0.4465|0.0134||0.83|11|0.81|1
GME211210C00120000||||51.40|51.40|10|0.00|0.0000|1|2|0|0|0.9224|0.0027|0.0114|-0.9924|0.0270||59.05|27|54.10|58
GME211210P00120000|1.69|1.69|1.00|2.00|1.05|10|-0.95|-0.4750|513|1305|1|467|-0.0448|0.0021|-0.0010|-0.5199|0.0175||1.05|3|1.01|9
GME211210C00130000|46.31|46.31|44.86|41.19|44.86|9|3.67|0.0891|11|11|4|8|0.9993|0.0001|0.0142|-0.0056|0.0004||48.80|36|44.30|45
GME211210P00130000|1.70|2.49|1.30|2.60|1.34|9|-1.26|-0.4846|286|1131|1|725|-0.0620|0.0032|-0.0013|-0.5880|0.0227||1.41|29|1.31|10
GME211210C00140000|37.03|39.00|35.20|34.35|35.20|8|0.85|0.0247|12|46|1|8|0.8513|0.0050|0.0120|-1.3310|0.0430||39.10|22|35.05|54
GME211210P00140000|2.50|2.97|1.85|3.80|1.90|8|-1.90|-0.5000|492|1223|1|474|-0.0927|0.0049|-0.0020|-0.7077|0.0308||1.93|9|1.84|5
GME211210C00145000|32.07|33.37|30.60|26.44|30.60|7|4.16|0.1573|13|21|1|14|0.8594|0.0061|0.0128|-1.0222|0.0414||34.65|35|30.60|47
GME211210P00145000|3.45|4.65|2.27|4.62|2.30|7|-2.32|-0.5022|250|373|1|424|-0.1147|0.0060|-0.0024|-0.7772|0.0360||2.39|11|2.24|10
GME211210C00150000|32.00|32.00|25.77|22.00|29.60|6|7.60|0.3455|-12|61|1|39|0.8241|0.0072|0.0126|-1.1562|0.0480||30.00|27|27.85|30
GME211210P00150000|3.90|5.15|2.64|5.68|3.15|6|-2.53|-0.4454|129|1024|1|1072|-0.1478|0.0075|-0.0032|-0.8930|0.0428||3.15|27|2.85|17
GME211210C00155000|23.75|25.48|23.75|18.50|24.84|5|6.34|0.3427|2|60|10|24|0.7982|0.0088|0.0126|-1.1272|0.0522||26.15|33|23.90|26
GME211210P00155000|4.50|5.15|3.45|7.06|3.81|5|-3.25|-0.4603|20|391|1|245|-0.1865|0.0091|-0.0040|-0.9907|0.0498||4.00|1|3.70|1
GME211210C00160000|20.40|24.00|18.02|15.22|20.71|4|5.49|0.3607|22|276|2|31|0.7549|0.0104|0.0122|-1.1852|0.0584||21.70|16|20.20|40
GME211210P00160000|6.10|6.80|4.20|8.50|5.00|4|-3.50|-0.4118|362|859|1|685|-0.2336|0.0109|-0.0050|-1.0776|0.0569||5.20|29|4.85|18
GME211210C00165000|17.00|21.23|15.50|12.90|18.00|3|5.10|0.3953|143|203|1|43|0.6887|0.0111|0.0113|-1.4017|0.0656||18.20|11|16.85|52
GME211210P00165000|7.50|8.80|5.55|10.86|6.47|3|-4.39|-0.4042|224|608|1|356|-0.2963|0.0123|-0.0064|-1.2103|0.0642||6.75|20|6.35|35
GME211210C00170000|14.80|18.10|12.45|10.50|15.15|2|4.65|0.4429|271|448|2|208|0.6274|0.0119|0.0104|-1.5048|0.0702||15.15|26|14.00|35
GME211210P00170000|10.15|12.00|7.00|13.50|8.49|2|-5.01|-0.3711|-41|554|1|757|-0.3649|0.0134|-0.0079|-1.3204|0.0698||8.85|63|8.20|31
GME211210C00175000|12.00|16.00|9.69|8.30|12.00|1|3.70|0.4458|198|470|1|722|0.5646|0.0133|0.0096|-1.4548|0.0731||12.25|12|11.50|6
GME211210P00175000|12.67|14.70|9.15|16.30|11.13|1|-5.17|-0.3172|13|531|5|652|-0.4354|0.0138|-0.0096|-1.3997|0.0731||11.05|1|10.40|11
GME211210C00177500|10.95|13.70|8.75|7.70|10.52|1|2.82|0.3662|132|179|1|163|0.5307|0.0135|0.0090|-1.4641|0.0738||11.00|26|10.00|52
GME211210P00177500|11.95|14.45|9.95|18.90|11.87|1|-7.03|-0.3720|-9|257|1|55|-0.4723|0.0148|-0.0104|-1.3390|0.0739||12.65|58|11.60|18
GME211210C00180000|10.00|12.95|7.25|6.55|9.50|2|2.95|0.4504|292|696|1|1006|0.4975|0.0135|0.0085|-1.4746|0.0741||9.90|31|8.95|53
GME211210P00180000|14.85|15.75|11.20|18.26|13.70|2|-4.56|-0.2497|-47|583|1|175|-0.5064|0.0143|-0.0112|-1.3929|0.0740||14.10|32|12.90|31
GME211210C00182500|8.00|11.40|6.85|5.66|8.24|3|2.58|0.4558|31|179|10|243|0.4644|0.0135|0.0080|-1.4670|0.0738||8.80|25|8.00|39
GME211210P00182500|12.40|16.50|12.40|20.00|15.20|3|-4.80|-0.2400|1|233|12|29|-0.5414|0.0142|-0.0121|-1.3842|0.0737||16.05|49|14.25|38
GME211210C00185000|7.85|10.20|6.00|5.02|7.80|4|2.78|0.5538|178|424|1|357|0.4344|0.0131|0.0075|-1.4791|0.0731||7.90|28|7.15|30
GME211210P00185000|18.95|18.95|14.55|23.17|16.34|4|-6.83|-0.2948|-119|350|2|57|-0.5814|0.0146|-0.0130|-1.3054|0.0725||17.35|36|15.40|53
GME211210C00187500|8.40|9.05|5.35|4.30|6.85|5|2.55|0.5930|45|127|1|102|0.4018|0.0130|0.0070|-1.4387|0.0718||7.00|37|6.35|41
GME211210P00187500|17.85|18.60|16.78|28.00|18.60|5|-9.40|-0.3357|2|261|1|14|-0.6063|0.0136|-0.0137|-1.3602|0.0714||19.15|38|17.35|35
GME211210C00190000|6.50|8.00|4.60|4.05|5.80|6|1.75|0.4321|226|576|1|657|0.3700|0.0128|0.0064|-1.3924|0.0701||6.10|1|5.90|1
GME211210P00190000|19.54|21.03|19.54|27.50|19.93|6|-7.57|-0.2753|0|512|2|43|-0.6456|0.0137|-0.0146|-1.2639|0.0691||20.85|21|18.85|50
GME211210C00192500|4.80|7.15|4.10|3.66|5.20|7|1.54|0.4208|32|120|1|108|0.3384|0.0125|0.0059|-1.3335|0.0679||5.65|56|5.00|63
GME211210P00192500||||27.83|27.83|7|0.00|0.0000|3|125|0|0|-0.5837|0.0090|-0.0143|-2.1240|0.0724||23.30|38|20.60|51
GME211210C00195000|3.50|6.35|3.50|3.30|4.74|8|1.44|0.4364|141|433|4|306|0.3161|0.0119|0.0055|-1.3307|0.0660||4.90|20|4.60|18
GME211210P00195000|22.22|22.22|21.97|31.02|21.97|8|-9.05|-0.2917|-9|294|10|21|-0.7592|0.0142|-0.0170|-0.8558|0.0578||25.80|52|22.75|41
GME211210C00197500|3.81|5.80|3.60|2.90|4.20|9|1.30|0.4483|46|173|1|142|0.2878|0.0115|0.0051|-1.2659|0.0633||4.40|7|4.00|58
GME211210P00197500|26.05|26.05|26.05|33.48|26.05|9|-7.43|-0.2219|-5|115|1|1|-0.7211|0.0117|-0.0167|-1.2023|0.0624||27.85|48|24.40|56
GME211210C00200000|3.61|5.00|2.98|2.71|3.85|10|1.14|0.4207|637|2365|3|2157|0.2671|0.0109|0.0047|-1.2411|0.0610||3.90|10|3.65|17
GME211210P00200000|27.98|32.00|25.00|33.81|28.25|10|-5.56|-0.1644|-25|674|1|46|-0.7403|0.0110|-0.0173|-1.1885|0.0602||28.50|24|26.60|41
GME211210C00202500|3.00|4.50|2.94|2.41|3.43|11|1.02|0.4232|48|142|1|122|0.2449|0.0104|0.0043|-1.1914|0.0583||3.55|8|3.25|51
GME211210P00202500|30.42|30.42|30.42|35.84|30.42|11|-5.42|-0.1512|-2|33|1|1|-0.7595|0.0104|-0.0179|-1.1605|0.0578||30.95|38|28.65|40
GME211210C00205000|2.95|4.00|2.50|2.21|3.15|12|0.94|0.4253|163|401|2|324|0.2273|0.0098|0.0040|-1.1618|0.0560||3.25|12|3.00|20
GME211210P00205000|33.43|33.43|33.43|40.44|33.43|12|-7.01|-0.1733|-1|179|1|1|-0.7535|0.0096|-0.0182|-1.3015|0.0586||33.35|34|31.15|26
GME211210C00207500|2.39|3.60|2.39|1.99|2.83|13|0.84|0.4221|21|103|1|57|0.2088|0.0093|0.0037|-1.1143|0.0533||2.99|24|2.66|39
GME211210P00207500||||42.53|42.53|13|0.00|0.0000|-2|24|0|0|-0.6428|0.0069|-0.0170|-2.5101|0.0693||35.85|33|33.00|24
GME211210C00210000|2.37|3.30|2.12|1.80|2.54|14|0.74|0.4111|142|501|1|333|0.1938|0.0087|0.0034|-1.0808|0.0510||2.71|15|2.51|9
GME211210P00210000|38.25|38.25|37.90|45.79|37.90|14|-7.89|-0.1723|-17|124|1|2|-0.7828|0.0086|-0.0192|-1.2541|0.0546||38.35|23|35.20|32
GME211210C00212500|2.25|2.79|2.07|1.81|2.46|15|0.65|0.3591|15|103|1|103|0.1825|0.0082|0.0032|-1.0654|0.0491||2.51|8|2.24|22
GME211210P00212500|40.65|40.65|40.65|48.25|40.65|15|-7.60|-0.1575|1|39|2|2|-0.7819|0.0081|-0.0195|-1.3404|0.0547||40.85|27|37.50|41
GME211210C00215000|2.20|2.70|1.80|1.75|2.25|16|0.50|0.2857|118|334|1|266|0.1643|0.0076|0.0029|-1.0038|0.0458||2.31|6|2.07|26
GME211210P00215000||||52.12|52.12|16|0.00|0.0000|0|73|0|0|-0.6401|0.0058|-0.0180|-2.9989|0.0692||43.35|36|40.00|29
GME211210C00217500|3.70|3.70|1.73|1.50|2.15|17|0.65|0.4333|11|46|6|22|0.1602|0.0073|0.0028|-1.0138|0.0452||2.15|33|1.93|16
GME211210P00217500||||53.30|53.30|17|0.00|0.0000|0|37|0|0|-0.6574|0.0059|-0.0185|-2.8622|0.0682||45.85|35|42.50|33
GME211210C00220000|1.68|2.26|1.54|1.55|1.92|18|0.37|0.2387|161|582|2|437|0.1466|0.0069|0.0026|-0.9581|0.0426||2.00|1|1.81|20
GME211210P00220000|48.67|48.67|47.38|54.32|47.38|18|-6.94|-0.1278|0|165|1|4|-0.8195|0.0070|-0.0210|-1.2320|0.0488||46.95|32|44.55|35
GME211210C00222500|1.45|3.50|1.45|1.50|1.74|19|0.24|0.1600|63|155|1|89|0.1351|0.0065|0.0024|-0.9126|0.0403||1.90|10|1.71|17
GME211210P00222500|49.15|49.15|49.15|42.95|49.15|19|6.20|0.1444|0|39|1|1|-0.8474|0.0066|-0.0217|-1.0532|0.0438||49.45|37|46.30|43
GME211210C00225000|1.59|1.91|1.38|1.21|1.64|20|0.43|0.3554|49|521|1|358|0.1235|0.0060|0.0022|-0.8688|0.0378||1.77|7|1.61|17
GME211210P00225000||||57.07|57.07|20|0.00|0.0000|-1|476|0|0|-0.7288|0.0060|-0.0203|-2.3055|0.0613||51.95|12|48.75|43
GME211210C00227500|1.39|1.74|1.33|1.22|1.50|21|0.28|0.2295|4|39|1|38|0.1178|0.0057|0.0021|-0.8499|0.0367||1.71|30|1.52|24
GME211210P00227500||||34.06|34.06|21|0.00|0.0000|0|35|0|0|-0.9979|0.0004|-0.0249|-0.0117|0.0012||54.45|18|51.20|51
GME211210C00230000|1.21|1.69|1.15|1.14|1.47|22|0.33|0.2895|95|565|1|282|0.1135|0.0055|0.0020|-0.8479|0.0357||1.55|1|1.44|10
GME211210P00230000||||61.98|61.98|22|0.00|0.0000|0|20|0|0|-0.7349|0.0056|-0.0209|-2.3844|0.0608||56.95|12|53.70|43
GME211210C00232500|1.25|1.47|1.25|1.21|1.41|23|0.20|0.1653|12|67|1|97|0.1082|0.0052|0.0019|-0.8339|0.0345||1.52|24|1.35|32
GME211210P00232500||||68.97|68.97|23|0.00|0.0000|0|5|0|0|-0.6755|0.0049|-0.0206|-3.2709|0.0668||59.45|5|55.85|33
GME211210C00235000|1.05|1.50|1.05|1.04|1.38|24|0.34|0.3269|-13|851|1|170|0.1013|0.0048|0.0018|-0.8098|0.0328||1.43|5|1.30|11
GME211210P00235000||||74.05|74.05|24|0.00|0.0000|0|32|0|0|-0.6529|0.0046|-0.0207|-3.7372|0.0683||61.95|18|58.35|49
GME211210C00237500|1.14|1.39|1.05|0.95|1.36|25|0.41|0.4316|34|54|2|42|0.1011|0.0047|0.0018|-0.8298|0.0328||1.38|10|1.23|16
GME211210P00237500||||76.45|76.45|25|0.00|0.0000|0|24|0|0|-0.6544|0.0045|-0.0210|-3.7927|0.0684||64.45|9|60.85|43
GME211210C00240000|1.07|1.31|1.00|0.96|1.22|26|0.26|0.2708|34|336|1|69|0.0959|0.0045|0.0017|-0.8081|0.0316||1.30|7|1.20|8
GME211210P00240000||||71.95|71.95|26|0.00|0.0000|-1|30|0|0|-0.7493|0.0050|-0.0223|-2.5102|0.0591||66.95|9|63.30|36
GME211210C00245000|0.98|1.25|0.90|0.92|1.12|27|0.20|0.2174|45|227|2|83|0.0819|0.0039|0.0014|-0.7280|0.0280||1.23|31|1.06|57
GME211210P00245000||||50.19|50.19|27|0.00|0.0000|0|23|0|0|-0.9999|0.0000|-0.0268|-0.0003|0.0001||71.95|9|68.30|37
GME211210C00250000|1.00|1.17|0.75|0.88|1.04|28|0.16|0.1818|806|3669|1|594|0.0775|0.0037|0.0014|-0.7204|0.0269||1.07|1|1.01|4
GME211210P00250000||||80.84|80.84|28|0.00|0.0000|3|18|0|0|-0.7796|0.0046|-0.0239|-2.3715|0.0550||76.95|12|73.20|43
GME211210C00255000|0.90|1.04|0.86|0.83|0.97|29|0.14|0.1687|155|228|1|55|0.0715|0.0033|0.0013|-0.6958|0.0253||1.04|24|0.93|13
GME211210P00255000||||40.40|40.40|29|0.00|0.0000|0|5|0|0|-1.0000|0.0000|-0.0279|0.0008|0.0000||81.95|21|77.85|18
GME211210C00260000|0.90|1.00|0.80|0.80|0.90|30|0.10|0.1250|953|1845|1|316|0.0668|0.0031|0.0012|-0.6786|0.0240||0.92|8|0.87|8
GME211210P00260000||||69.85|69.85|30|0.00|0.0000|0|22|0|0|-0.9994|0.0001|-0.0285|-0.0050|0.0004||86.95|18|83.20|32
GME211210C00270000|0.66|0.88|0.66|0.65|0.80|31|0.15|0.2308|225|405|1|159|0.0586|0.0027|0.0010|-0.6448|0.0217||0.84|5|0.80|1
GME211210P00270000||||103.46|103.46|31|0.00|0.0000|0|15|0|0|-0.7551|0.0039|-0.0259|-3.1845|0.0583||96.95|18|93.00|35
GME211210C00280000|0.68|0.80|0.59|0.60|0.72|32|0.12|0.2000|37|296|1|101|0.0504|0.0023|0.0009|-0.5934|0.0193||0.75|20|0.67|10
GME211210P00280000||||112.20|112.20|32|0.00|0.0000|0|6|0|0|-0.7809|0.0037|-0.0273|-2.9818|0.0548||108.75|12|102.45|23
GME211210C00290000|0.56|0.82|0.56|0.61|0.64|33|0.03|0.0492|-10|545|1|277|0.0442|0.0020|0.0008|-0.5538|0.0173||0.66|9|0.60|8
GME211210P00290000||||82.25|82.25|33|0.00|0.0000|0|7|0|0|-1.0000|0.0000|-0.0318|0.0008|0.0000||118.65|12|112.75|21
GME211210C00300000|0.51|1.15|0.49|0.50|0.58|34|0.08|0.1600|407|1617|1|750|0.0393|0.0017|0.0007|-0.5225|0.0158||0.58|10|0.55|1
GME211210P00300000||||76.00|76.00|34|0.00|0.0000|0|14|0|0|-1.0000|0.0000|-0.0329|0.0010|0.0000||128.55|22|122.60|22
GME211210C00310000|0.47|0.80|0.47|0.45|0.51|35|0.06|0.1333|76|359|1|164|0.0344|0.0015|0.0006|-0.4813|0.0142||0.53|20|0.50|1
GME211210P00310000||||83.61|83.61|35|0.00|0.0000|0|4|0|0|-1.0000|0.0000|-0.0340|0.0007|0.0000||138.50|12|132.60|22
GME211210C00320000|0.47|0.62|0.45|0.44|0.47|36|0.03|0.0682|143|420|2|34|0.0312|0.0014|0.0005|-0.4579|0.0131||0.47|11|0.45|1
GME211210P00320000||||89.47|89.47|36|0.00|0.0000|0|3|0|0|-1.0000|0.0000|-0.0351|0.0010|0.0000||148.40|12|142.60|21
GME211210C00330000|0.58|0.58|0.39|0.39|0.41|37|0.02|0.0513|233|482|92|170|0.0273|0.0012|0.0005|-0.4176|0.0117||0.42|9|0.41|1
GME211210P00330000||||||37||||0|0|0|-1.0000|0.0000|-0.0362|0.0011|0.0000||158.30|12|152.25|29
GME211210C00340000|0.28|0.42|0.28|0.33|0.34|38|0.01|0.0303|29|160|4|23|0.0230|0.0010|0.0004|-0.3658|0.0101||0.38|15|0.33|12
GME211210P00340000||||||38||||0|0|0|-1.0000|0.0000|-0.0373|0.0011|0.0000||168.20|12|162.30|18
GME211210C00350000|0.40|0.40|0.30|0.30|0.33|39|0.03|0.1000|176|675|2|971|0.0203|0.0009|0.0004|-0.3352|0.0091||0.33|7|0.29|9
GME211210P00350000||||||39||||0|0|0|-1.0000|0.0000|-0.0384|0.0011|0.0000||178.05|12|172.20|22
GME211210C00360000|0.39|0.39|0.30|0.28|0.31|40|0.03|0.1071|61|150|1|57|0.0201|0.0009|0.0004|-0.3459|0.0090||0.30|22|0.29|1
GME211210P00360000||||||40||||0|0|0|-1.0000|0.0000|-0.0395|0.0012|0.0000||188.00|12|182.05|59
GME211210C00370000|0.29|0.35|0.28|0.29|0.28|41|-0.01|-0.0345|8|46|1|11|0.0177|0.0008|0.0003|-0.3139|0.0081||0.26|5|0.25|1
GME211210P00370000||||||41||||0|0|0|-1.0000|0.0000|-0.0405|0.0012|0.0000||197.95|12|192.05|58
GME211210C00380000|0.33|0.33|0.22|0.25|0.24|42|-0.01|-0.0400|20|77|1|11|0.0153|0.0007|0.0003|-0.2801|0.0071||0.23|9|0.20|15
GME211210P00380000||||||42||||0|0|0|-1.0000|0.0000|-0.0416|0.0012|0.0000||207.85|12|202.40|22
GME211210C00390000|0.22|0.27|0.20|0.22|0.20|43|-0.02|-0.0909|77|156|1|17|0.0130|0.0006|0.0002|-0.2444|0.0062||0.20|4|0.18|13
GME211210P00390000||||||43||||0|0|0|-1.0000|0.0000|-0.0427|0.0013|0.0000||217.80|12|212.15|24
GME211210C00400000|0.21|0.27|0.18|0.20|0.18|44|-0.02|-0.1000|64|592|1|324|0.0117|0.0005|0.0002|-0.2261|0.0056||0.19|11|0.17|43
GME211210P00400000||||230.14|230.14|44|0.00|0.0000|1|1|0|0|-0.8548|0.0021|-0.0417|-3.0312|0.0422||227.75|12|222.30|21
GME211210C00410000|0.20|0.23|0.19|0.22|0.19|45|-0.03|-0.1364|28|98|1|9|0.0119|0.0005|0.0002|-0.2364|0.0057||0.17|15|0.14|23
GME211210P00410000||||||45||||0|0|0|-1.0000|0.0000|-0.0449|0.0013|0.0000||237.70|12|232.10|44
GME211210C00420000|0.28|0.28|0.15|0.18|0.15|46|-0.03|-0.1667|64|242|1|100|0.0097|0.0004|0.0002|-0.1975|0.0048||0.16|14|0.13|18
GME211210P00420000||||||46||||0|0|0|-1.0000|0.0000|-0.0460|0.0014|0.0000||247.65|12|242.15|16
GME211210C00430000|0.22|0.22|0.14|0.13|0.14|47|0.01|0.0769|5|311|1|3|0.0090|0.0004|0.0002|-0.1873|0.0045||0.52|36|0.08|1
GME211210P00430000||||||47||||0|0|0|-1.0000|0.0000|-0.0471|0.0014|0.0000||257.60|12|252.15|8
GME211210C00440000|0.15|0.16|0.15|0.15|0.16|48|0.01|0.0667|16|96|1|14|0.0098|0.0004|0.0002|-0.2094|0.0048||0.24|14|0.07|18
GME211210P00440000||||||48||||0|0|0|-1.0000|0.0000|-0.0482|0.0014|0.0000||267.55|12|262.20|8
GME211210C00450000|0.20|0.24|0.15|0.15|0.16|49|0.01|0.0667|511|807|1|54|0.0096|0.0004|0.0002|-0.2102|0.0048||0.21|8|0.12|1
GME211210P00450000||||||49||||0|0|0|-1.0000|0.0000|-0.0493|0.0015|0.0000||277.50|12|272.15|5
GME211210C00460000|0.22|0.22|0.12|0.11|0.16|50|0.05|0.4545|111|177|92|615|0.0094|0.0004|0.0002|-0.2112|0.0047||0.19|18|0.12|1
GME211210P00460000||||||50||||0|0|0|-1.0000|0.0000|-0.0504|0.0015|0.0000||287.45|12|282.15|9
GME211210C00470000|0.15|0.15|0.15|0.12|0.15|51|0.03|0.2500|310|333|1|1|0.0088|0.0004|0.0002|-0.2012|0.0044||0.18|1|0.10|1
GME211210P00470000||||||51||||0|0|0|-1.0000|0.0000|-0.0515|0.0015|0.0000||297.40|1|290.65|27
GME211210C00480000|0.14|0.15|0.10|0.10|0.10|52|0.00|0.0000|75|148|70|114|0.0063|0.0003|0.0001|-0.1457|0.0033||0.25|5|0.05|1
GME211210P00480000||||||52||||0|0|0|-1.0000|0.0000|-0.0526|0.0016|0.0000||307.35|1|300.70|27
GME211210C00490000|0.20|0.20|0.10|0.17|0.12|53|-0.05|-0.2941|-5|96|1|25|0.0072|0.0003|0.0001|-0.1693|0.0037||0.15|3|0.10|2
GME211210P00490000||||||53||||0|0|0|-1.0000|0.0000|-0.0537|0.0016|0.0000||317.35|1|310.70|27
GME211210C00500000|0.15|0.20|0.08|0.09|0.12|54|0.03|0.3333|84|977|3|178|0.0071|0.0003|0.0001|-0.1700|0.0036||0.15|19|0.09|2
GME211210P00500000||||||54||||0|0|0|-1.0000|0.0000|-0.0548|0.0016|0.0000||327.50|12|320.70|27
GME211210C00510000|0.10|0.18|0.07|0.10|0.10|55|0.00|0.0000|766|3121|3|1269|0.0060|0.0002|0.0001|-0.1474|0.0032||0.10|46|0.09|11
GME211210P00510000||||||55||||0|0|0|-1.0000|0.0000|-0.0559|0.0017|0.0000||337.45|12|330.75|27
GME211217C00080000||||94.56|94.56|19|0.00|0.0000|0|2|0|0|0.9701|0.0008|0.0221|-0.2662|0.0209||98.35|6|95.20|12
GME211217P00080000|1.08|1.15|0.82|1.41|0.84|19|-0.57|-0.4043|464|1070|1|94|-0.0216|0.0007|-0.0014|-0.1842|0.0159||0.85|1|0.80|10
GME211217C00085000||||95.85|95.85|18|0.00|0.0000|0|1|0|0|0.9269|0.0012|0.0202|-0.7302|0.0427||93.80|3|90.30|12
GME211217P00085000|1.19|1.19|0.97|1.49|1.01|18|-0.48|-0.3221|5|125|2|11|-0.0264|0.0008|-0.0017|-0.2100|0.0188||1.00|2|0.89|33
GME211217C00090000|86.59|86.59|86.59|137.00|86.59|17|-50.41|-0.3680|0|4|10|10|0.9769|0.0008|0.0257|-0.1658|0.0168||88.80|7|85.40|16
GME211217P00090000|1.25|1.31|1.04|1.61|1.04|17|-0.57|-0.3540|39|180|2|45|-0.0287|0.0009|-0.0018|-0.2111|0.0202||1.15|22|1.01|42
GME211217C00100000|78.20|78.20|78.20|67.18|78.20|16|11.02|0.1640|-3|47|1|3|0.9998|0.0000|0.0301|-0.0014|0.0003||78.70|16|75.60|12
GME211217P00100000|1.68|1.68|0.71|1.88|1.33|16|-0.55|-0.2926|26|1077|4|241|-0.0003|0.0000|0.0000|-0.0014|0.0003||1.52|56|1.30|33
GME211217C00105000||||66.05|66.05|15|0.00|0.0000|0|1|0|0|0.9994|0.0001|0.0316|-0.0029|0.0006||73.70|13|70.70|30
GME211217P00105000|1.90|1.90|1.46|2.20|1.49|15|-0.71|-0.3227|13|166|8|72|-0.0006|0.0001|0.0000|-0.0028|0.0006||1.65|68|1.40|67
GME211217C00110000||||73.25|73.25|14|0.00|0.0000|0|1|0|0|0.9990|0.0001|0.0331|-0.0047|0.0010||69.15|34|65.85|30
GME211217P00110000|2.05|2.05|1.65|2.42|1.70|14|-0.72|-0.2975|70|424|1|78|-0.0013|0.0001|-0.0001|-0.0056|0.0013||1.77|17|1.56|47
GME211217C00115000||||112.11|112.11|13|0.00|0.0000|0|2|0|0|0.9981|0.0002|0.0345|-0.0081|0.0019||64.20|14|61.05|29
GME211217P00115000|2.00|2.01|1.74|2.62|1.79|13|-0.83|-0.3168|19|199|10|24|-0.0028|0.0003|-0.0002|-0.0113|0.0027||1.95|29|1.72|67
GME211217C00120000|58.85|58.85|58.85|52.20|58.85|12|6.65|0.1274|2|58|1|1|0.9958|0.0005|0.0359|-0.0155|0.0038||59.15|21|56.25|29
GME211217P00120000|3.28|3.28|1.93|3.09|1.94|12|-1.15|-0.3722|51|379|3|109|-0.0057|0.0006|-0.0003|-0.0207|0.0050||2.13|55|1.81|89
GME211217C00125000||||47.70|47.70|11|0.00|0.0000|0|35|0|0|0.9904|0.0009|0.0371|-0.0323|0.0079||54.40|30|51.55|13
GME211217P00125000|2.00|2.81|1.20|3.60|2.29|11|-1.31|-0.3639|180|535|1|148|-0.0116|0.0011|-0.0007|-0.0391|0.0094||2.37|50|2.14|27
GME211217C00130000||||39.61|39.61|10|0.00|0.0000|0|10|0|0|0.9827|0.0016|0.0382|-0.0531|0.0132||50.20|25|46.90|30
GME211217P00130000|3.00|3.09|2.32|4.45|2.57|10|-1.88|-0.4225|35|370|2|84|-0.0206|0.0018|-0.0012|-0.0634|0.0153||2.65|58|2.40|37
GME211217C00135000||||35.61|35.61|9|0.00|0.0000|-1|2|0|0|0.9684|0.0026|0.0389|-0.0882|0.0219||45.20|19|42.30|37
GME211217P00135000|3.65|3.98|3.00|4.75|3.00|9|-1.75|-0.3684|1|152|1|66|-0.0343|0.0027|-0.0020|-0.0960|0.0234||3.15|92|2.82|1
GME211217C00140000|37.00|37.00|37.00|33.50|37.00|8|3.50|0.1045|0|149|1|1|0.9496|0.0039|0.0393|-0.1267|0.0319||40.70|36|37.85|43
GME211217P00140000|5.28|5.62|3.45|5.78|3.66|8|-2.12|-0.3668|68|983|1|202|-0.0559|0.0041|-0.0032|-0.1421|0.0347||3.55|56|3.20|87
GME211217C00145000|34.00|34.00|34.00|27.00|34.00|7|7.00|0.2593|0|59|1|2|0.9191|0.0056|0.0391|-0.1843|0.0462||36.10|29|33.55|15
GME211217P00145000|6.26|6.26|3.90|7.10|4.40|7|-2.70|-0.3803|12|264|1|16|-0.0881|0.0057|-0.0051|-0.2035|0.0492||4.20|47|3.85|32
GME211217C00150000|29.40|29.40|27.83|27.40|27.83|6|0.43|0.0157|0|82|1|2|0.8787|0.0074|0.0382|-0.2495|0.0621||32.05|33|29.45|53
GME211217P00150000|8.80|8.80|4.76|8.50|4.99|6|-3.51|-0.4129|136|2018|1|591|-0.1267|0.0074|-0.0073|-0.2636|0.0640||5.10|47|4.70|32
GME211217C00155000|24.23|24.23|24.23|24.92|24.23|5|-0.69|-0.0277|4|30|1|1|0.8314|0.0093|0.0369|-0.3095|0.0775||28.20|38|25.65|39
GME211217P00155000|8.03|8.03|5.95|9.47|6.15|5|-3.32|-0.3506|-1|404|1|20|-0.1737|0.0093|-0.0101|-0.3230|0.0790||6.35|52|5.90|1
GME211217C00160000|22.95|24.60|21.78|21.45|23.00|4|1.55|0.0723|6|143|1|9|0.7750|0.0112|0.0351|-0.3660|0.0923||24.45|51|22.50|65
GME211217P00160000|9.00|9.66|7.30|12.08|7.61|4|-4.47|-0.3700|-4|1042|1|75|-0.2308|0.0110|-0.0136|-0.3832|0.0937||7.90|52|7.30|40
GME211217C00165000|20.60|21.70|17.60|16.45|17.60|3|1.15|0.0699|8|87|1|8|0.7076|0.0126|0.0325|-0.4256|0.1058||21.25|36|18.80|69
GME211217P00165000|10.70|11.30|9.31|14.75|9.31|3|-5.44|-0.3688|76|429|1|61|-0.2959|0.0124|-0.0175|-0.4387|0.1064||9.75|46|9.00|78
GME211217C00170000|18.20|21.00|15.00|14.20|17.20|2|3.00|0.2113|42|177|1|31|0.6365|0.0136|0.0295|-0.4709|0.1155||18.25|36|16.00|102
GME211217P00170000|13.50|13.61|10.82|17.48|11.41|2|-6.07|-0.3473|-14|1078|2|73|-0.3653|0.0133|-0.0219|-0.4833|0.1157||11.80|71|11.05|65
GME211217C00175000|15.05|18.05|13.00|12.35|14.75|1|2.40|0.1943|5|213|1|80|0.5647|0.0144|0.0266|-0.4899|0.1212||15.30|23|14.50|8
GME211217P00175000|15.60|16.18|12.20|18.97|13.75|1|-5.22|-0.2752|-22|763|1|294|-0.4354|0.0140|-0.0263|-0.5046|0.1212||14.00|21|13.35|75
GME211217C00180000|11.50|15.25|10.85|10.25|12.63|1|2.38|0.2322|542|1045|2|318|0.4924|0.0145|0.0234|-0.4983|0.1228||13.00|29|12.30|17
GME211217P00180000|18.00|18.00|15.00|21.74|17.11|1|-4.63|-0.2130|-9|1119|1|58|-0.5059|0.0142|-0.0309|-0.5098|0.1228||17.95|103|16.00|11
GME211217C00185000|10.83|13.45|9.00|8.75|10.55|2|1.80|0.2057|62|346|1|64|0.4230|0.0142|0.0203|-0.4914|0.1205||10.95|18|10.10|88
GME211217P00185000|20.78|21.60|18.23|25.00|19.40|2|-5.60|-0.2240|8|254|1|11|-0.5744|0.0139|-0.0354|-0.5009|0.1207||21.15|64|19.00|48
GME211217C00187500|10.00|10.40|9.12|7.90|10.40|3|2.50|0.3165|2|44|1|11|0.4438|0.0101|0.0203|-0.7045|0.1216||10.30|54|9.15|76
GME211217P00187500||||27.07|27.07|3|0.00|0.0000|0|116|0|0|-0.5220|0.0079|-0.0357|-0.9091|0.1226||22.80|78|20.60|31
GME211217C00190000|9.00|11.65|7.94|7.20|9.07|4|1.87|0.2597|-19|254|1|78|0.3586|0.0135|0.0173|-0.4720|0.1150||9.30|17|8.60|4
GME211217P00190000|23.16|24.57|20.00|29.00|23.73|4|-5.27|-0.1817|4|435|1|30|-0.6367|0.0132|-0.0398|-0.4850|0.1155||24.55|79|22.20|55
GME211217C00192500|9.10|9.50|8.10|7.35|8.50|5|1.15|0.1565|4|43|1|28|0.3936|0.0100|0.0182|-0.6727|0.1184||8.65|54|7.70|114
GME211217P00192500||||38.40|38.40|5|0.00|0.0000|0|113|0|0|-0.5026|0.0056|-0.0381|-1.2818|0.1228||26.35|68|23.90|47
GME211217C00195000|7.72|9.55|7.40|6.35|7.82|6|1.47|0.2315|12|170|3|34|0.3013|0.0124|0.0146|-0.4447|0.1072||7.90|37|7.30|62
GME211217P00195000|29.00|29.00|25.35|31.75|27.43|6|-4.32|-0.1361|-12|429|1|27|-0.6938|0.0122|-0.0440|-0.4568|0.1080||28.25|78|25.80|53
GME211217C00197500|8.33|8.33|6.30|5.75|6.30|7|0.55|0.0957|2|39|1|9|0.3350|0.0101|0.0157|-0.5992|0.1122||7.45|71|6.65|100
GME211217P00197500||||42.50|42.50|7|0.00|0.0000|0|93|0|0|-0.5233|0.0055|-0.0405|-1.3138|0.1226||30.15|62|27.80|27
GME211217C00200000|5.40|8.30|5.40|5.55|6.60|8|1.05|0.1892|308|3025|2|398|0.2519|0.0112|0.0123|-0.4132|0.0982||6.75|24|6.35|19
GME211217P00200000|31.50|31.50|29.00|38.96|31.28|8|-7.68|-0.1971|-44|1875|1|18|-0.7419|0.0111|-0.0477|-0.4277|0.0995||31.55|38|29.65|56
GME211217C00202500|6.11|7.70|5.60|5.85|5.98|9|0.13|0.0222|4|39|2|24|0.3085|0.0091|0.0144|-0.6183|0.1084||6.35|59|5.75|71
GME211217P00202500||||38.80|38.80|9|0.00|0.0000|0|120|0|0|-0.6112|0.0071|-0.0440|-0.9420|0.1180||34.20|54|31.50|46
GME211217C00205000|5.53|7.00|5.32|4.50|5.55|10|1.05|0.2333|36|100|1|38|0.2910|0.0088|0.0136|-0.6070|0.1055||5.95|64|5.35|68
GME211217P00205000|36.60|36.60|36.60|41.50|36.60|10|-4.90|-0.1181|-2|161|1|1|-0.6827|0.0083|-0.0472|-0.6973|0.1097||36.35|43|33.55|50
GME211217C00207500|5.40|5.73|5.25|5.65|5.25|11|-0.40|-0.0708|3|34|2|14|0.2766|0.0085|0.0130|-0.6018|0.1030||5.55|63|4.95|95
GME211217P00207500|37.77|37.77|37.77|43.07|37.77|11|-5.30|-0.1231|3|219|1|1|-0.7144|0.0083|-0.0492|-0.6308|0.1046||38.50|37|35.60|55
GME211217C00210000|5.25|6.05|4.35|4.35|4.97|12|0.62|0.1425|16|813|10|199|0.1655|0.0087|0.0081|-0.3222|0.0766||5.20|52|4.65|76
GME211217P00210000|38.00|43.00|34.90|47.90|39.60|12|-8.30|-0.1733|65|273|2|95|-0.8294|0.0087|-0.0549|-0.3339|0.0781||40.65|42|38.10|49
GME211217C00212500|4.80|4.80|4.80|4.58|4.80|13|0.22|0.0480|21|35|4|6|0.2525|0.0078|0.0118|-0.5956|0.0983||4.90|34|4.20|112
GME211217P00212500||||42.25|42.25|13|0.00|0.0000|0|59|0|0|-0.7381|0.0077|-0.0518|-0.6265|0.1002||42.85|41|40.00|23
GME211217C00215000|4.45|5.20|4.05|3.82|4.25|14|0.43|0.1126|20|123|1|49|0.2332|0.0075|0.0110|-0.5638|0.0942||4.60|30|4.10|64
GME211217P00215000||||54.30|54.30|14|0.00|0.0000|-5|99|0|0|-0.6120|0.0054|-0.0488|-1.2293|0.1179||45.10|37|42.25|46
GME211217C00217500|4.85|5.00|3.80|5.10|4.40|15|-0.70|-0.1373|0|40|1|21|0.2312|0.0072|0.0108|-0.5868|0.0938||4.40|71|3.90|59
GME211217P00217500|46.54|46.80|46.54|56.80|46.80|15|-10.00|-0.1761|-6|49|2|3|-0.7587|0.0071|-0.0543|-0.6208|0.0960||47.40|36|44.35|41
GME211217C00220000|4.00|4.65|3.50|3.40|3.95|16|0.55|0.1618|-8|1871|3|127|0.1060|0.0064|0.0053|-0.2394|0.0564||4.20|71|3.70|59
GME211217P00220000||||59.00|59.00|16|0.00|0.0000|-1|423|0|0|-0.8870|0.0065|-0.0607|-0.2566|0.0590||49.65|38|46.55|21
GME211217C00222500|3.80|3.80|3.65|3.30|3.73|17|0.43|0.1303|11|81|1|9|0.2042|0.0067|0.0096|-0.5477|0.0873||4.00|61|3.55|46
GME211217P00222500||||49.15|49.15|17|0.00|0.0000|0|21|0|0|-0.8364|0.0067|-0.0592|-0.4157|0.0760||52.00|32|48.85|31
GME211217C00225000|3.75|4.15|3.38|3.00|3.45|18|0.45|0.1500|11|139|11|59|0.1935|0.0064|0.0091|-0.5342|0.0845||3.70|12|3.45|23
GME211217P00225000||||49.64|49.64|18|0.00|0.0000|0|30|0|0|-0.9191|0.0053|-0.0638|-0.1937|0.0461||54.30|35|51.05|36
GME211217C00227500|3.80|3.80|3.45|3.60|3.45|19|-0.15|-0.0417|1|10|1|3|0.1881|0.0062|0.0088|-0.5371|0.0830||3.60|43|3.25|33
GME211217P00227500||||51.86|51.86|19|0.00|0.0000|0|60|0|0|-0.9356|0.0046|-0.0653|-0.1576|0.0388||56.65|18|53.40|10
GME211217C00230000|3.25|3.67|3.10|3.05|3.30|20|0.25|0.0820|2|438|1|42|0.0701|0.0045|0.0035|-0.1808|0.0414||3.40|6|3.20|36
GME211217P00230000|57.65|57.65|57.65|64.00|57.65|20|-6.35|-0.0992|0|63|1|1|-0.9263|0.0046|-0.0657|-0.1901|0.0430||59.05|35|56.00|39
GME211217C00232500|3.25|3.30|3.25|2.66|3.30|21|0.64|0.2406|-1|85|1|2|0.1766|0.0057|0.0083|-0.5359|0.0798||3.40|70|3.00|34
GME211217P00232500||||53.30|53.30|21|0.00|0.0000|0|19|0|0|-0.9561|0.0035|-0.0679|-0.1131|0.0286||61.40|35|58.65|18
GME211217C00235000|3.10|3.35|2.98|2.80|3.00|22|0.20|0.0714|11|89|1|14|0.1648|0.0055|0.0077|-0.5106|0.0764||3.25|41|2.95|21
GME211217P00235000||||68.76|68.76|22|0.00|0.0000|0|61|0|0|-0.7110|0.0051|-0.0584|-1.0402|0.1052||63.80|34|60.85|28
GME211217C00240000|2.83|3.18|2.68|2.62|2.94|23|0.32|0.1221|25|346|1|51|0.0430|0.0031|0.0022|-0.1239|0.0282||3.05|23|2.82|13
GME211217P00240000||||73.45|73.45|23|0.00|0.0000|0|54|0|0|-0.9520|0.0033|-0.0699|-0.1383|0.0307||68.60|16|65.70|18
GME211217C00245000|2.75|3.00|2.69|2.74|2.69|24|-0.05|-0.0182|4|200|1|25|0.1447|0.0047|0.0068|-0.4963|0.0701||2.87|9|2.63|22
GME211217P00245000||||78.00|78.00|24|0.00|0.0000|1|39|0|0|-0.7341|0.0047|-0.0624|-1.0392|0.1010||73.45|9|70.65|21
GME211217C00250000|2.75|2.77|2.26|2.39|2.62|25|0.23|0.0962|58|1302|2|323|0.0269|0.0021|0.0014|-0.0856|0.0192||2.65|3|2.54|2
GME211217P00250000|76.30|76.30|76.30|85.24|76.30|25|-8.94|-0.1049|-1|54|1|1|-0.9704|0.0022|-0.0739|-0.0936|0.0207||78.30|21|75.50|19
GME211217C00255000|2.16|2.51|2.16|2.26|2.51|26|0.25|0.1106|0|359|5|29|0.1307|0.0042|0.0061|-0.4910|0.0654||2.62|38|2.30|68
GME211217P00255000||||39.75|39.75|26|0.00|0.0000|0|5|0|0|-0.9999|0.0000|-0.0768|0.0007|0.0001||83.15|4|80.40|26
GME211217C00260000|2.30|2.49|2.27|2.37|2.37|27|0.00|0.0000|-4|519|2|30|0.0165|0.0013|0.0008|-0.0572|0.0127||2.50|22|2.21|69
GME211217P00260000||||89.25|89.25|27|0.00|0.0000|0|21|0|0|-0.9816|0.0014|-0.0774|-0.0631|0.0139||88.05|9|85.25|20
GME211217C00270000|2.00|2.25|2.00|2.10|2.22|28|0.12|0.0571|64|636|2|12|0.0108|0.0009|0.0005|-0.0405|0.0088||2.41|103|2.04|76
GME211217P00270000||||102.35|102.35|28|0.00|0.0000|-19|30|0|0|-0.9875|0.0010|-0.0807|-0.0460|0.0099||97.85|13|95.10|15
GME211217C00280000|1.97|2.16|1.83|1.98|2.06|29|0.08|0.0404|32|2058|1|37|0.0074|0.0006|0.0004|-0.0297|0.0063||2.17|6|1.91|61
GME211217P00280000|106.96|106.96|106.96|91.00|106.96|29|15.96|0.1754|0|10|2|2|-0.9917|0.0007|-0.0840|-0.0326|0.0070||107.70|13|104.65|32
GME211217C00290000|1.90|1.99|1.83|1.80|1.87|30|0.07|0.0389|6|531|2|36|0.0050|0.0004|0.0003|-0.0214|0.0044||2.06|38|1.86|17
GME211217P00290000|116.82|116.82|116.82|127.73|116.82|30|-10.91|-0.0854|-2|23|2|2|-0.9938|0.0005|-0.0871|-0.0257|0.0054||117.60|29|114.50|17
GME211217C00300000|2.99|2.99|1.54|1.60|1.88|31|0.28|0.1750|-109|5622|1|229|0.0033|0.0003|0.0002|-0.0149|0.0031||1.93|9|1.78|3
GME211217P00300000|120.20|120.20|120.20|126.50|120.20|31|-6.30|-0.0498|0|20|1|1|-0.9961|0.0003|-0.0902|-0.0167|0.0036||127.50|29|124.50|20
GME211217C00310000|1.84|1.84|1.62|1.62|1.77|32|0.15|0.0926|16|384|1|21|0.0021|0.0002|0.0001|-0.0101|0.0020||1.84|38|1.67|20
GME211217P00310000||||102.75|102.75|32|0.00|0.0000|0|3|0|0|-0.9973|0.0002|-0.0933|-0.0121|0.0026||137.40|30|134.50|32
GME211217C00320000|1.65|1.69|1.58|1.49|1.58|33|0.09|0.0604|11|459|1|51|0.0015|0.0001|0.0001|-0.0074|0.0015||1.76|37|1.57|43
GME211217P00320000||||96.00|96.00|33|0.00|0.0000|0|17|0|0|-0.9981|0.0002|-0.0963|-0.0087|0.0019||147.35|22|144.30|27
GME211217C00330000|1.58|1.60|1.46|1.49|1.59|34|0.10|0.0671|21|234|1|44|0.0010|0.0001|0.0001|-0.0055|0.0011||1.67|13|1.51|22
GME211217P00330000||||159.50|159.50|34|0.00|0.0000|0|3|0|0|-0.9986|0.0001|-0.0994|-0.0061|0.0014||157.25|30|154.30|15
GME211217C00340000|1.45|1.50|1.45|1.41|1.50|35|0.09|0.0638|0|232|2|12|0.0008|0.0001|0.0000|-0.0043|0.0008||1.60|9|1.41|39
GME211217P00340000||||126.85|126.85|35|0.00|0.0000|0|7|0|0|-0.9990|0.0001|-0.1024|-0.0042|0.0010||167.20|27|164.30|20
GME211217C00350000|1.44|1.50|1.20|1.33|1.41|36|0.08|0.0602|-148|856|2|132|0.0006|0.0001|0.0000|-0.0034|0.0006||1.50|3|1.40|1
GME211217P00350000||||133.85|133.85|36|0.00|0.0000|0|4|0|0|-0.9992|0.0001|-0.1054|-0.0031|0.0008||177.10|1|174.20|24
GME211217C00360000|1.29|1.53|1.29|1.15|1.38|37|0.23|0.2000|-3|312|2|12|0.0005|0.0000|0.0000|-0.0029|0.0005||1.47|35|1.30|19
GME211217P00360000||||||37|||0|0|0|0|-0.9994|0.0001|-0.1085|-0.0024|0.0006||187.05|13|183.85|25
GME211217C00370000|1.40|1.40|1.35|1.43|1.35|38|-0.08|-0.0559|1|447|1|2|0.0004|0.0000|0.0000|-0.0024|0.0004||1.47|63|1.17|62
GME211217P00370000||||172.65|172.65|38|0.00|0.0000|0|3|0|0|-0.9995|0.0000|-0.1115|-0.0017|0.0005||197.00|32|193.85|37
GME211217C00380000|1.34|1.34|1.30|1.20|1.30|39|0.10|0.0833|7|175|1|2|0.0003|0.0000|0.0000|-0.0020|0.0004||1.42|40|1.12|45
GME211217P00380000||||208.83|208.83|39|0.00|0.0000|0|16|0|0|-0.9996|0.0000|-0.1145|-0.0011|0.0004||206.95|11|203.85|16
GME211217C00390000|1.20|1.24|1.14|1.16|1.14|40|-0.02|-0.0172|71|265|1|16|0.0003|0.0000|0.0000|-0.0018|0.0003||1.26|10|1.17|2
GME211217P00390000||||||40|||0|0|0|0|-0.9997|0.0000|-0.1175|-0.0007|0.0004||216.85|10|213.70|12
GME211217C00400000|1.10|1.21|0.90|1.10|1.16|41|0.06|0.0545|49|1325|1|226|0.0002|0.0000|0.0000|-0.0013|0.0002||1.17|10|1.14|1
GME211217P00400000||||238.75|238.75|41|0.00|0.0000|0|3|0|0|-0.9997|0.0000|-0.1205|-0.0005|0.0003||226.80|1|223.70|12
GME211217C00410000|1.00|1.10|1.00|1.10|1.10|42|0.00|0.0000|1|227|1|4|0.0001|0.0000|0.0000|-0.0010|0.0002||1.17|15|0.91|64
GME211217P00410000||||190.90|190.90|42|0.00|0.0000|0|3|0|0|-0.9998|0.0000|-0.1235|-0.0002|0.0003||236.75|17|233.70|19
GME211217C00420000|1.09|1.10|0.92|0.92|1.05|43|0.13|0.1413|-2|540|1|6|0.0001|0.0000|0.0000|-0.0009|0.0001||1.15|52|0.91|64
GME211217P00420000||||189.85|189.85|43|0.00|0.0000|0|16|0|0|-0.9999|0.0000|-0.1266|0.0007|0.0001||246.70|17|243.60|20
GME211217C00430000|1.00|1.05|0.83|1.04|1.05|44|0.01|0.0096|7|220|1|23|0.0001|0.0000|0.0000|-0.0008|0.0001||1.11|10|0.89|15
GME211217P00430000||||244.20|244.20|44|0.00|0.0000|0|0|0|0|-0.9999|0.0000|-0.1296|0.0008|0.0001||256.65|12|252.80|10
GME211217C00440000||||0.80|0.80|45|0.00|0.0000|2|474|0|0|0.0001|0.0000|0.0000|-0.0006|0.0001||1.07|1|0.88|1
GME211217P00440000||||||45|||0|0|0|0|-0.9999|0.0000|-0.1326|0.0010|0.0001||266.60|10|262.75|20
GME211217C00450000|0.90|0.96|0.81|0.84|0.96|46|0.12|0.1429|62|745|10|18|0.0001|0.0000|0.0000|-0.0005|0.0001||1.00|1|0.88|1
GME211217P00450000||||||46|||0|0|0|0|-0.9999|0.0000|-0.1356|0.0011|0.0001||276.60|20|272.70|3
GME211217C00460000|0.88|1.07|0.76|0.90|0.83|47|-0.07|-0.0778|0|1139|2|81|0.0001|0.0000|0.0000|-0.0005|0.0001||1.01|6|0.76|6
GME211217P00460000||||261.60|261.60|47|0.00|0.0000|0|5|0|0|-1.0000|0.0000|-0.1386|0.0012|0.0001||286.55|13|282.70|22
GME211217C00470000|0.80|0.86|0.80|1.00|0.84|48|-0.16|-0.1600|0|190|1|4|0.0342|0.0009|0.0015|-0.2894|0.0233||0.97|10|0.71|13
GME211217P00470000||||||48||||0|0|0|-1.0000|0.0000|-0.1416|0.0016|0.0000||296.50|12|292.70|10
GME211217C00480000|0.65|0.65|0.65|0.80|0.65|49|-0.15|-0.1875|2|245|1|1|0.0279|0.0008|0.0013|-0.2396|0.0196||0.94|8|0.69|6
GME211217P00480000||||264.21|264.21|49|0.00|0.0000|0|7|0|0|-0.9943|0.0003|-0.1444|-0.0467|0.0050||306.45|12|302.65|20
GME211217C00490000|0.74|0.80|0.73|0.80|0.73|50|-0.07|-0.0875|-1|151|1|4|0.0300|0.0008|0.0013|-0.2629|0.0209||0.91|16|0.59|32
GME211217P00490000||||274.04|274.04|50|0.00|0.0000|0|7|0|0|-0.9919|0.0003|-0.1473|-0.0681|0.0068||316.40|12|312.65|10
GME211217C00500000|0.75|0.80|0.56|0.66|0.71|51|0.05|0.0758|16|2452|1|55|0.0290|0.0008|0.0013|-0.2586|0.0203||0.78|5|0.56|20
GME211217P00500000||||290.05|290.05|51|0.00|0.0000|0|7|0|0|-0.9828|0.0005|-0.1499|-0.1503|0.0130||326.40|12|322.60|20
GME211217C00510000|0.63|0.79|0.63|0.65|0.66|52|0.01|0.0154|67|1621|1|216|0.0272|0.0007|0.0012|-0.2460|0.0192||0.70|30|0.65|6
GME211217P00510000||||277.97|277.97|52|0.00|0.0000|0|0|0|0|-0.9955|0.0002|-0.1535|-0.0381|0.0040||336.35|10|332.60|12
GME211223C00100000||||71.00|71.00|12|0.00|0.0000|0|13|0|0|0.9355|0.0016|0.0400|-0.2877|0.0481||79.20|3|75.80|12
GME211223P00100000|2.42|2.42|1.54|2.13|1.64|12|-0.49|-0.2300|61|375|3|42|-0.0456|0.0014|-0.0044|-0.1889|0.0365||1.76|7|1.54|1
GME211223C00110000||||||11||||0|0|0|1.0000|0.0000|0.0512|-0.0004|0.0000||69.90|21|66.20|14
GME211223P00110000|2.10|2.29|2.10|2.57|2.15|11|-0.42|-0.1634|415|520|1|4|-0.0624|0.0020|-0.0060|-0.2224|0.0469||2.37|51|1.80|32
GME211223C00120000||||49.37|49.37|10|0.00|0.0000|1|2|0|0|0.9492|0.0023|0.0512|-0.1396|0.0398||60.45|18|56.80|14
GME211223P00120000|3.00|3.17|2.50|4.10|2.50|10|-1.60|-0.3902|0|37|1|31|-0.0793|0.0027|-0.0076|-0.2364|0.0563||2.55|2|2.32|3
GME211223C00130000||||41.20|41.20|9|0.00|0.0000|1|1|0|0|0.9019|0.0037|0.0513|-0.2383|0.0660||51.35|21|47.70|14
GME211223P00130000|3.58|3.58|3.40|5.25|3.40|9|-1.85|-0.3524|5|141|1|3|-0.1108|0.0038|-0.0105|-0.2791|0.0721||3.85|37|3.20|1
GME211223C00140000|41.10|41.10|41.10|41.10|41.10|8|0.00|0.0000|0|0|1|1|0.8326|0.0050|0.0490|-0.3690|0.0956||42.10|9|38.95|14
GME211223P00140000|4.85|4.85|4.85|7.23|4.85|8|-2.38|-0.3292|7|49|1|1|-0.1573|0.0051|-0.0150|-0.3337|0.0917||5.65|62|4.50|12
GME211223C00145000||||||7||||0|0|0|1.0000|0.0000|0.0675|-0.0005|0.0000||38.50|13|34.90|14
GME211223P00145000|6.77|6.77|5.88|8.30|6.50|7|-1.80|-0.2169|3|14|4|15|-0.1917|0.0056|-0.0186|-0.3897|0.1044||6.55|50|5.45|6
GME211223C00150000||||28.10|28.10|6|0.00|0.0000|0|21|0|0|0.8693|0.0077|0.0582|-0.1736|0.0810||34.45|13|31.10|13
GME211223P00150000|9.75|9.75|6.65|11.00|7.11|6|-3.89|-0.3536|6|161|1|31|-0.2215|0.0066|-0.0213|-0.3961|0.1133||7.45|33|6.55|12
GME211223C00155000||||29.20|29.20|5|0.00|0.0000|0|11|0|0|0.7426|0.0071|0.0471|-0.4340|0.1235||30.45|19|27.45|14
GME211223P00155000|9.27|9.27|8.65|13.30|8.65|5|-4.65|-0.3496|1|79|1|3|-0.2556|0.0071|-0.0248|-0.4258|0.1230||9.10|61|7.90|33
GME211223C00160000||||22.77|22.77|4|0.00|0.0000|1|20|0|0|0.7229|0.0093|0.0485|-0.3534|0.1277||27.35|28|24.10|15
GME211223P00160000|10.00|11.08|10.00|13.20|11.08|4|-2.12|-0.1606|5|71|10|14|-0.3052|0.0075|-0.0300|-0.4782|0.1336||11.05|57|9.55|46
GME211223C00165000|22.80|22.80|19.80|18.80|19.80|3|1.00|0.0532|32|48|1|12|0.6749|0.0099|0.0459|-0.3863|0.1378||24.30|33|21.05|34
GME211223P00165000|13.12|13.33|11.97|17.15|13.33|3|-3.82|-0.2227|31|315|10|38|-0.3428|0.0078|-0.0341|-0.5063|0.1407||13.00|72|11.50|10
GME211223C00170000|20.25|20.25|19.22|18.44|19.98|2|1.54|0.0835|5|35|10|15|0.6102|0.0087|0.0405|-0.4995|0.1463||21.15|18|18.25|36
GME211223P00170000|15.51|15.78|13.71|20.03|15.78|2|-4.25|-0.2122|1|62|15|85|-0.3902|0.0082|-0.0392|-0.5290|0.1463||15.30|61|13.65|35
GME211223C00175000|17.20|21.00|17.06|16.30|17.30|1|1.00|0.0613|19|38|1|49|0.5647|0.0090|0.0380|-0.5058|0.1501||18.55|31|17.05|8
GME211223P00175000|18.00|18.29|16.00|22.05|17.13|1|-4.92|-0.2231|-4|43|1|41|-0.4352|0.0090|-0.0435|-0.5060|0.1501||17.85|25|15.95|14
