symbol|open|high|low|preClose|close|activeLevel|change|changeRatio|openIntChange|openInterest|latestPriceVol|volume|delta|gamma|rho|theta|vega|tradeStamptradeTime|ask|avol|bid|bvol
GME211203C00100000||||83.51|83.51|10|0.00|0.0000|-1|9|0|0|0.9750|0.0011|0.0026|-1.4890|0.0052||76.20|5|71.25|12
GME211203P00100000|0.04|0.04|0.01|0.06|0.03|10|-0.03|-0.5000|21|534|10|19|-0.0004|0.0001|0.0000|-0.0209|0.0001||0.05|101|0.01|3
GME211203C00110000||||135.99|135.99|9|0.00|0.0000|0|1|0|0|0.8674|0.0024|0.0022|-9.5352|0.0192||65.95|3|61.10|12
GME211203P00110000||||0.11|0.11|9|0.00|0.0000|27|199|0|0|-0.0013|0.0002|0.0000|-0.0560|0.0004||0.11|15|0.01|1
GME211203C00120000||||||8||||0|0|0|1.0000|0.0000|0.0033|-0.0004|0.0000||56.80|12|50.95|12
GME211203P00120000|0.04|0.11|0.04|0.19|0.08|8|-0.11|-0.5789|165|546|10|37|-0.0038|0.0005|0.0000|-0.1345|0.0010||0.12|23|0.05|5
GME211203C00130000||||65.44|65.44|7|0.00|0.0000|0|1|0|0|0.8163|0.0040|0.0025|-8.9285|0.0238||45.65|4|40.80|36
GME211203P00130000|0.14|0.18|0.09|0.29|0.09|7|-0.20|-0.6897|7|983|1|14|-0.0097|0.0012|0.0000|-0.2692|0.0023||0.15|12|0.05|35
GME211203C00140000||||55.33|55.33|6|0.00|0.0000|0|6|0|0|0.7460|0.0039|0.0044|-6.5774|0.0407||35.40|7|30.60|41
GME211203P00140000|0.15|0.38|0.01|0.30|0.18|6|-0.12|-0.4000|17|1168|1|201|-0.0171|0.0025|-0.0001|-0.3555|0.0038||0.21|1|0.17|1
GME211203C00150000|23.50|23.50|23.50|44.80|23.50|5|-21.30|-0.4754|0|6|6|20|0.7300|0.0068|0.0026|-8.0182|0.0297||25.55|22|20.70|12
GME211203P00150000|0.20|0.59|0.20|0.65|0.31|5|-0.34|-0.5231|149|1347|1|268|-0.0610|0.0079|-0.0003|-0.9184|0.0108||0.35|1|0.22|1
GME211203C00155000||||27.75|27.75|4|0.00|0.0000|0|5|0|0|0.8706|0.0132|0.0036|-1.6789|0.0189||21.25|18|15.70|23
GME211203P00155000|0.39|0.70|0.33|0.68|0.40|4|-0.28|-0.4118|-29|963|1|82|-0.0897|0.0123|-0.0004|-1.0703|0.0145||0.54|13|0.30|1
GME211203C00160000|23.77|23.77|23.77|23.00|23.77|3|0.77|0.0335|2|117|3|3|0.8053|0.0191|0.0034|-1.9834|0.0247||15.65|25|10.85|22
GME211203P00160000|1.14|1.24|0.35|0.68|0.64|3|-0.04|-0.0588|108|548|1|459|-0.3548|0.0054|-0.0876|-0.3295|0.2085||0.79|22|0.53|39
GME211203C00165000|15.40|15.40|6.80|32.50|10.00|2|-22.50|-0.6923|0|31|1|28|0.6096|0.0093|0.0023|-7.9455|0.0344||10.50|36|7.40|54
GME211203P00165000|0.62|2.20|0.40|1.20|1.20|2|0.00|0.0000|41|824|1|514|-0.2623|0.0306|-0.0013|-1.7362|0.0292||1.29|2|0.96|17
GME211203C00170000|6.30|6.30|3.50|13.35|5.90|1|-7.45|-0.5581|13|63|1|36|0.5633|0.0381|0.0025|-2.0382|0.0353||5.50|2|4.45|17
GME211203P00170000|1.42|3.75|0.80|1.87|2.24|1|0.37|0.1979|480|1414|1|714|-0.4323|0.0397|-0.0021|-1.9444|0.0353||2.50|1|1.94|21
GME211203C00175000|7.05|7.05|1.50|9.00|2.24|1|-6.76|-0.7511|6|123|1|522|0.3543|0.0417|0.0016|-1.6605|0.0334||2.59|3|2.02|1
GME211203P00175000|1.75|6.75|1.50|2.73|3.55|1|0.82|0.3004|485|968|1|495|-0.6479|0.0422|-0.0032|-1.6329|0.0333||4.90|1|4.10|11
GME211203C00177500|4.12|4.12|1.00|8.24|1.39|2|-6.85|-0.8313|34|41|2|440|0.2940|0.0329|0.0013|-1.8049|0.0309||1.74|2|1.27|1
GME211203P00177500|2.70|8.95|2.20|3.58|6.00|2|2.42|0.6760|267|466|10|157|-0.4805|0.0073|-0.1149|-0.2776|0.2232||6.65|1|4.75|63
GME211203C00180000|4.60|5.00|0.54|5.75|1.07|3|-4.68|-0.8139|33|766|2|497|0.1718|0.0295|0.0008|-1.1002|0.0229||1.25|3|0.77|27
GME211203P00180000|5.29|11.50|2.63|4.40|7.25|3|2.85|0.6477|-355|1413|3|129|-0.8388|0.0295|-0.0042|-1.0119|0.0219||9.05|17|7.30|8
GME211203C00182500|3.75|3.90|0.45|4.40|0.80|4|-3.60|-0.8182|61|146|3|121|0.1939|0.0229|0.0018|-0.8228|0.0349||0.86|2|0.43|71
GME211203P00182500|7.75|13.03|3.89|5.41|11.35|4|5.94|1.0980|-45|252|2|19|-0.9104|0.0206|-0.0046|-0.6367|0.0145||11.35|16|8.10|72
GME211203C00185000|2.43|3.10|0.25|3.22|0.54|5|-2.68|-0.8323|314|795|1|903|0.0579|0.0141|0.0003|-0.4768|0.0104||0.65|32|0.38|2
GME211203P00185000|9.16|15.48|4.90|7.21|12.70|5|5.49|0.7614|-47|541|4|46|-0.9366|0.0147|-0.0048|-0.5267|0.0112||13.55|16|11.90|2
GME211203C00187500|2.00|2.16|0.33|2.40|0.36|6|-2.04|-0.8500|-120|610|1|89|0.0333|0.0090|0.0002|-0.3072|0.0067||0.55|53|0.23|52
GME211203P00187500|7.14|13.41|7.14|8.59|13.41|6|4.82|0.5611|-33|442|1|6|-0.9704|0.0083|-0.0050|-0.2703|0.0060||16.00|13|12.05|78
GME211203C00190000|1.42|1.60|0.22|1.70|0.35|7|-1.35|-0.7941|-141|637|2|447|0.0167|0.0051|0.0001|-0.1702|0.0037||0.34|15|0.23|1
GME211203P00190000|11.26|20.31|8.25|11.17|17.60|7|6.43|0.5756|-67|766|2|69|-0.5478|0.0066|-0.1382|-0.3035|0.2219||19.00|14|14.50|89
GME211203C00192500|1.00|1.09|0.20|1.27|0.30|8|-0.97|-0.7638|-248|254|1|68|0.0504|0.0087|0.0005|-0.3080|0.0132||0.33|37|0.19|18
GME211203P00192500|10.85|15.50|10.85|12.49|15.50|8|3.01|0.2410|-8|265|2|15|-0.9904|0.0031|-0.0052|-0.1081|0.0023||22.35|24|17.25|126
GME211203C00195000|1.09|1.09|0.13|1.07|0.23|9|-0.84|-0.7850|-71|526|6|149|0.0070|0.0022|0.0000|-0.0865|0.0017||0.21|1|0.17|14
GME211203P00195000|15.20|23.70|12.95|14.76|23.40|9|8.64|0.5854|-69|557|2|12|-0.5913|0.0069|-0.1482|-0.2786|0.2176||24.85|26|20.00|121
GME211203C00197500|0.35|0.35|0.16|0.89|0.21|10|-0.68|-0.7640|-133|357|3|25|0.0051|0.0016|0.0000|-0.0692|0.0013||0.26|28|0.17|9
GME211203P00197500|17.15|17.15|15.00|17.43|15.00|10|-2.43|-0.1394|-4|198|1|2|-0.9893|0.0027|-0.0054|-0.1472|0.0025||27.30|33|22.30|124
GME211203C00200000|0.65|0.74|0.15|0.68|0.18|11|-0.50|-0.7353|599|1650|1|468|0.0031|0.0010|0.0000|-0.0445|0.0008||0.18|1|0.15|6
GME211203P00200000|18.50|29.61|18.50|19.88|27.90|11|8.02|0.4034|-271|727|3|12|-0.9895|0.0025|-0.0054|-0.1564|0.0025||29.80|27|25.50|58
GME211203C00202500|0.30|0.51|0.16|0.50|0.16|12|-0.34|-0.6800|164|445|6|18|0.3828|0.0063|0.0558|-0.2951|0.2138||0.21|24|0.11|15
GME211203P00202500|21.15|24.48|21.15|21.93|24.48|12|2.55|0.1163|-30|154|1|2|-0.5861|0.0057|-0.1582|-0.3415|0.2183||32.05|11|27.30|116
GME211203C00205000|0.88|0.88|0.12|0.55|0.16|13|-0.39|-0.7091|-141|693|1|69|0.0022|0.0006|0.0000|-0.0365|0.0006||0.16|11|0.10|13
GME211203P00205000|26.93|30.45|26.93|24.98|30.45|13|5.47|0.2190|-135|349|1|5|-0.5475|0.0047|-0.1597|-0.4265|0.2219||34.80|22|29.90|114
GME211203C00207500|0.15|0.15|0.11|0.55|0.11|14|-0.44|-0.8000|148|548|1|13|0.4006|0.0054|0.0559|-0.3532|0.2165||0.15|13|0.09|10
GME211203P00207500||||25.68|25.68|14|0.00|0.0000|-2|33|0|0|-0.8804|0.0076|-0.0052|-2.6122|0.0179||37.35|15|32.00|115
GME211203C00210000|0.33|0.39|0.08|0.46|0.14|15|-0.32|-0.6957|73|1012|1|398|0.0016|0.0004|0.0000|-0.0307|0.0005||0.13|45|0.08|10
GME211203P00210000|28.88|39.70|28.55|29.77|39.70|15|9.93|0.3336|-51|334|2|9|-0.9904|0.0018|-0.0057|-0.1865|0.0023||39.75|21|34.90|117
GME211203C00212500|0.22|0.22|0.09|0.48|0.10|16|-0.38|-0.7917|47|344|1|13|0.0018|0.0005|0.0000|-0.0361|0.0005||0.13|18|0.07|10
GME211203P00212500|37.02|37.02|37.02|33.40|37.02|16|3.62|0.1084|0|67|1|1|-0.9728|0.0034|-0.0057|-0.5833|0.0056||42.25|12|37.40|114
GME211203C00215000|0.17|0.23|0.08|0.37|0.12|17|-0.25|-0.6757|0|792|5|44|0.0011|0.0003|0.0000|-0.0230|0.0003||0.11|45|0.07|100
GME211203P00215000|35.00|45.70|35.00|31.97|45.70|17|13.73|0.4295|-11|215|4|5|-0.9541|0.0043|-0.0057|-1.0674|0.0086||44.70|11|39.75|56
GME211203C00217500|0.16|0.16|0.10|0.38|0.10|18|-0.28|-0.7368|-3|180|1|106|0.0012|0.0003|0.0000|-0.0254|0.0003||0.11|6|0.06|1
GME211203P00217500|46.36|46.36|46.36|38.35|46.36|18|8.01|0.2089|-2|72|10|10|-0.9748|0.0029|-0.0058|-0.5946|0.0053||47.15|9|42.20|117
GME211203C00220000|0.17|0.20|0.05|0.36|0.10|19|-0.26|-0.7222|32|1410|1|145|0.0011|0.0003|0.0000|-0.0245|0.0003||0.09|6|0.07|1
GME211203P00220000|49.15|49.15|49.15|40.13|49.15|19|9.02|0.2248|-18|195|3|3|-0.9859|0.0019|-0.0060|-0.3400|0.0032||49.60|11|44.65|118
GME211203C00222500|0.09|0.09|0.07|0.37|0.07|20|-0.30|-0.8108|4|185|1|2|0.4081|0.0043|0.0533|-0.4493|0.2176||0.09|4|0.06|1
GME211203P00222500|44.57|44.57|44.57|45.85|44.57|20|-1.28|-0.0279|-6|45|1|1|-0.9351|0.0045|-0.0058|-1.7733|0.0114||52.05|12|46.45|121
GME211203C00225000|0.20|0.20|0.06|0.30|0.07|21|-0.23|-0.7667|-60|596|1|39|0.4014|0.0043|0.0524|-0.4496|0.2166||0.07|1|0.06|3
GME211203P00225000|42.95|53.85|42.95|45.20|53.43|21|8.23|0.1821|0|125|2|13|-0.9855|0.0018|-0.0061|-0.3811|0.0033||54.45|12|49.75|53
GME211203C00227500|0.14|0.14|0.06|0.50|0.06|22|-0.44|-0.8800|16|113|1|2|0.0224|0.0023|0.0002|-0.3118|0.0068||0.09|7|0.04|3
GME211203P00227500||||45.48|45.48|22|0.00|0.0000|0|26|0|0|-0.9901|0.0013|-0.0062|-0.2670|0.0024||56.85|12|51.90|90
GME211203C00230000|0.24|0.24|0.06|0.24|0.06|23|-0.18|-0.7500|-39|888|12|42|0.0005|0.0001|0.0000|-0.0134|0.0002||0.09|7|0.03|13
GME211203P00230000|47.00|47.00|47.00|49.84|47.00|23|-2.84|-0.0570|-4|63|1|1|-0.9902|0.0012|-0.0063|-0.2743|0.0023||59.35|12|54.00|103
GME211203C00232500||||0.25|0.25|24|0.00|0.0000|-7|86|0|0|0.4038|0.0039|0.0513|-0.4890|0.2170||0.08|5|0.03|5
GME211203P00232500||||52.32|52.32|24|0.00|0.0000|-1|33|0|0|-0.9470|0.0035|-0.0123|-0.8269|0.0137||61.80|12|56.60|95
GME211203C00235000|0.56|0.56|0.06|0.25|0.06|25|-0.19|-0.7600|-14|317|1|6|0.0006|0.0001|0.0000|-0.0160|0.0002||0.08|8|0.03|3
GME211203P00235000|53.48|63.61|53.48|53.95|63.61|25|9.66|0.1791|-31|340|1|16|-0.9980|0.0003|-0.0064|-0.0563|0.0006||64.10|12|58.90|115
GME211203C00237500|0.13|0.13|0.03|0.27|0.03|26|-0.24|-0.8889|-1|114|1|7|0.0006|0.0001|0.0000|-0.0184|0.0002||0.08|28|0.02|14
GME211203P00237500|55.98|66.11|55.98|56.45|66.11|26|9.66|0.1711|-22|262|1|16|-0.9980|0.0003|-0.0065|-0.0582|0.0006||66.60|12|61.65|60
GME211203C00240000|0.20|0.20|0.04|0.27|0.05|27|-0.22|-0.8148|64|656|1|8|0.0006|0.0001|0.0000|-0.0188|0.0002||0.05|5|0.04|10
GME211203P00240000||||60.48|60.48|27|0.00|0.0000|-6|95|0|0|-0.9838|0.0016|-0.0065|-0.5260|0.0036||69.15|12|64.05|110
GME211203C00245000|0.05|0.06|0.01|0.23|0.06|28|-0.17|-0.7391|-115|299|1|24|0.0004|0.0001|0.0000|-0.0146|0.0001||0.07|8|0.01|17
GME211203P00245000|66.88|66.88|66.88|60.55|66.88|28|6.33|0.1045|-1|67|1|1|-0.6398|0.0039|-0.2148|-0.4597|0.2096||74.10|4|69.15|50
GME211203C00250000|0.06|0.12|0.02|0.14|0.03|29|-0.11|-0.7857|1181|4523|1|120|0.3994|0.0035|0.0488|-0.5520|0.2164||0.04|3|0.02|8
GME211203P00250000|75.53|75.81|75.53|70.43|75.81|29|5.38|0.0764|0|123|1|3|-0.9855|0.0013|-0.0068|-0.5240|0.0033||79.10|12|74.55|108
GME211203C00260000|0.05|0.05|0.01|0.15|0.01|30|-0.14|-0.9333|-5|709|9|11|0.0048|0.0005|0.0000|-0.1882|0.0013||0.05|5|0.00|0
GME211203P00260000||||75.00|75.00|30|0.00|0.0000|0|6|0|0|-0.9992|0.0001|-0.0071|-0.0314|0.0003||89.00|12|84.10|35
GME211203C00270000|0.04|0.06|0.04|0.02|0.04|31|0.02|1.0000|20|607|2|8|0.0000|0.0000|0.0000|-0.0002|0.0000||0.03|1|0.01|1
GME211203P00270000||||86.50|86.50|31|0.00|0.0000|0|21|0|0|-0.9997|0.0001|-0.0074|-0.0130|0.0001||99.75|12|93.90|91
GME211203C00280000|0.08|0.08|0.01|0.07|0.04|32|-0.03|-0.4286|46|618|1|11|0.0000|0.0000|0.0000|-0.0020|0.0000||0.05|10|0.01|5
GME211203P00280000||||95.00|95.00|32|0.00|0.0000|0|10|0|0|-0.9992|0.0001|-0.0077|-0.0340|0.0002||108.90|12|104.00|32
GME211203C00290000|0.04|0.04|0.04|0.09|0.04|33|-0.05|-0.5556|-7|495|1|1|0.0053|0.0004|0.0000|-0.2562|0.0014||0.05|19|0.02|1
GME211203P00290000||||||33||||0|0|0|-1.0000|0.0000|-0.0079|0.0009|0.0000||118.85|12|114.35|35
GME211203C00300000|0.06|0.06|0.01|0.07|0.01|34|-0.06|-0.8571|-116|2079|2|70|0.0016|0.0002|0.0000|-0.0808|0.0005||0.03|2|0.01|18
GME211203P00300000||||111.10|111.10|34|0.00|0.0000|0|2|0|0|-0.9967|0.0003|-0.0164|-0.0829|0.0013||128.85|12|124.35|32
GME211203C00310000|0.04|0.04|0.01|0.08|0.01|35|-0.07|-0.8750|-1|343|1|5|0.0001|0.0000|0.0000|-0.0063|0.0000||0.07|42|0.01|9
GME211203P00310000||||71.90|71.90|35|0.00|0.0000|0|4|0|0|-0.8940|0.0026|-0.3150|-0.1633|0.1026||139.10|12|134.05|38
GME211203C00320000|0.04|0.04|0.02|0.04|0.02|36|-0.02|-0.5000|-1|388|2|3|0.0000|0.0000|0.0000|-0.0008|0.0000||0.04|1|0.01|1
GME211203P00320000||||||36||||0|0|0|-1.0000|0.0000|-0.0175|0.0010|0.0000||148.85|12|144.10|37
GME211203C00330000||||0.06|0.06|37|0.00|0.0000|2|350|0|0|0.0057|0.0004|0.0000|-0.3467|0.0015||0.06|16|0.00|0
GME211203P00330000||||127.27|127.27|37|0.00|0.0000|-2|0|0|0|-1.0000|0.0000|-0.0090|0.0005|0.0000||158.85|12|154.10|38
GME211203C00340000|0.01|0.01|0.01|0.06|0.01|38|-0.05|-0.8333|4|139|1|1|0.0000|0.0000|0.0000|-0.0017|0.0000||0.08|1|0.00|0
GME211203P00340000||||134.20|134.20|38|0.00|0.0000|0|1|0|0|-0.9996|0.0000|-0.0186|-0.0117|0.0002||168.75|12|164.20|36
GME211203C00350000|0.01|0.03|0.01|0.04|0.01|39|-0.03|-0.7500|-10|1227|2|38|0.0000|0.0000|0.0000|-0.0008|0.0000||0.04|1|0.01|23
GME211203P00350000||||136.35|136.35|39|0.00|0.0000|-1|2|0|0|-1.0000|0.0000|-0.0096|0.0010|0.0000||178.85|12|174.10|38
GME211203C00360000|0.01|0.01|0.01|0.09|0.01|40|-0.08|-0.8889|0|159|1|1|0.0012|0.0001|0.0000|-0.0806|0.0004||0.02|1|0.00|0
GME211203P00360000||||||40||||0|0|0|-1.0000|0.0000|-0.0099|0.0011|0.0000||188.75|12|184.05|37
GME211203C00370000||||0.02|0.02|41|0.00|0.0000|-1|87|0|0|0.0000|0.0000|0.0000|-0.0002|0.0000||0.02|1|0.00|0
GME211203P00370000||||136.05|136.05|41|0.00|0.0000|0|1|0|0|-1.0000|0.0000|-0.0101|0.0011|0.0000||198.80|12|194.05|36
GME211203C00380000||||0.04|0.04|42|0.00|0.0000|-1|100|0|0|0.0000|0.0000|0.0000|-0.0008|0.0000||0.07|8|0.01|4
GME211203P00380000||||170.35|170.35|42|0.00|0.0000|0|0|0|0|-1.0000|0.0000|-0.0104|0.0008|0.0000||209.05|12|204.05|38
GME211203C00390000|0.04|0.04|0.04|0.02|0.04|43|0.02|1.0000|-2|89|1|1|0.6717|0.0012|0.0364|-1.4309|0.2025||0.04|10|0.00|0
GME211203P00390000|216.55|216.55|216.55|216.55|216.55|43|0.00|0.0000|0|0|1|1|-1.0000|0.0000|-0.0107|0.0012|0.0000||218.80|12|214.05|40
GME211203C00400000|0.01|0.01|0.01|0.02|0.01|44|-0.01|-0.5000|-4|2445|1|11|0.0000|0.0000|0.0000|-0.0002|0.0000||0.01|4|0.00|0
GME211203P00400000||||215.38|215.38|44|0.00|0.0000|0|0|0|0|-0.6941|0.0023|-0.3927|-0.6847|0.1965||228.80|12|224.10|38
GME211203C00410000||||0.03|0.03|45|0.00|0.0000|3|1058|0|0|0.4592|0.0019|0.0406|-1.0659|0.2223||0.01|8|0.00|0
GME211203P00410000||||||45||||0|0|0|-1.0000|0.0000|-0.4380|0.0013|0.0000||238.75|12|234.00|31
GME211203C00420000|0.01|0.01|0.01|0.01|0.01|46|0.00|0.0000|3|234|2|2|0.0000|0.0000|0.0000|-0.0001|0.0000||0.01|1|0.00|0
GME211203P00420000||||||46||||0|0|0|-1.0000|0.0000|-0.0115|0.0013|0.0000||248.80|12|244.25|32
GME211203C00430000||||0.03|0.03|47|0.00|0.0000|0|70|0|0|0.0000|0.0000|0.0000|-0.0005|0.0000||0.02|100|0.00|0
GME211203P00430000||||||47||||0|0|0|-1.0000|0.0000|-0.0118|0.0013|0.0000||260.20|12|254.00|27
GME211203C00440000||||0.08|0.08|48|0.00|0.0000|1|71|0|0|0.0000|0.0000|0.0000|-0.0028|0.0000||0.02|100|0.00|0
GME211203P00440000||||||48||||0|0|0|-1.0000|0.0000|-0.0121|0.0014|0.0000||269.10|12|264.00|27
GME211203C00450000|0.01|0.01|0.01|0.01|0.01|49|0.00|0.0000|4|487|2|4|0.4327|0.0019|0.0389|-1.0631|0.2203||0.01|100|0.00|0
GME211203P00450000||||||49||||0|0|0|-1.0000|0.0000|-0.0123|0.0014|0.0000||279.10|12|274.00|27
GME211203C00460000||||0.01|0.01|50|0.00|0.0000|4|63|0|0|0.0000|0.0000|0.0000|-0.0001|0.0000||0.01|100|0.00|0
GME211203P00460000||||||50||||0|0|0|-1.0000|0.0000|-0.0126|0.0014|0.0000||289.00|12|284.00|27
GME211203C00470000||||0.01|0.01|51|0.00|0.0000|9|200|0|0|0.0000|0.0000|0.0000|-0.0001|0.0000||0.01|100|0.00|0
GME211203P00470000||||||51||||0|0|0|-1.0000|0.0000|-0.0258|0.0014|0.0000||299.10|12|294.00|27
GME211203C00480000||||0.06|0.06|52|0.00|0.0000|0|91|0|0|0.0000|0.0000|0.0000|-0.0016|0.0000||0.01|100|0.00|0
GME211203P00480000||||||52||||0|0|0|-1.0000|0.0000|-0.0132|0.0015|0.0000||310.40|12|304.00|27
GME211203C00490000|0.01|0.01|0.01|0.06|0.01|53|-0.05|-0.8333|0|250|1|10|0.5350|0.0015|0.0383|-1.3447|0.2226||0.01|100|0.00|0
GME211203P00490000||||||53||||0|0|0|-1.0000|0.0000|-0.0134|0.0015|0.0000||319.10|12|314.00|27
GME211203C00500000|0.01|0.01|0.01|0.03|0.01|54|-0.02|-0.6667|9|1379|1|7|0.0000|0.0000|0.0000|-0.0005|0.0000||0.01|1|0.00|0
GME211203P00500000||||||54||||0|0|0|-1.0000|0.0000|-0.0274|0.0015|0.0000||329.10|12|324.00|27
GME211203C00510000|0.01|0.01|0.01|0.02|0.01|55|-0.01|-0.5000|121|5819|1|62|0.0000|0.0000|0.0000|-0.0002|0.0000||0.01|94|0.00|0
GME211203P00510000||||||55||||0|0|0|-1.0000|0.0000|-0.0140|0.0016|0.0000||339.10|12|334.00|27
GME211210C00100000||||86.01|86.01|11|0.00|0.0000|0|1|0|0|0.8526|0.0011|0.0560|-0.5101|0.1402||76.00|5|71.25|12
GME211210P00100000|0.55|0.70|0.50|0.48|0.60|11|0.12|0.2500|29|239|1|78|-0.0231|0.0011|-0.0010|-0.1709|0.0139||0.60|1|0.55|2
GME211210C00110000||||76.13|76.13|10|0.00|0.0000|0|2|0|0|0.8917|0.0025|0.0190|-0.8688|0.0472||66.15|12|61.35|12
GME211210P00110000|0.58|0.99|0.54|0.60|0.86|10|0.26|0.4333|9|215|26|75|-0.0332|0.0017|-0.0014|-0.2058|0.0188||0.99|13|0.80|1
GME211210C00120000|56.97|56.97|56.97|76.03|56.97|9|-19.06|-0.2507|0|1|1|1|0.8132|0.0026|0.0161|-1.7517|0.0681||56.70|17|51.90|24
GME211210P00120000|0.97|1.27|0.75|1.00|1.27|9|0.27|0.2700|167|263|10|469|-0.0571|0.0027|-0.0024|-0.3004|0.0291||1.34|16|1.15|1
GME211210C00130000||||||8||||0|0|0|1.0000|0.0000|0.0285|-0.0004|0.0000||47.35|13|42.50|22
GME211210P00130000|1.50|1.75|1.28|1.45|1.65|8|0.20|0.1379|0|431|1|266|-0.0996|0.0043|-0.0047|-0.3953|0.0471||1.90|12|1.60|1
GME211210C00140000|36.10|36.10|36.10|56.44|36.10|7|-20.34|-0.3604|0|29|2|4|0.7467|0.0040|0.0177|-1.6165|0.0812||38.30|36|34.25|16
GME211210P00140000|1.89|3.00|1.89|2.18|2.77|7|0.59|0.2706|142|441|1|37|-0.1389|0.0063|-0.0058|-0.4886|0.0562||3.00|10|2.80|4
GME211210C00145000||||||6||||0|0|0|0.8016|0.0071|0.0233|-0.6810|0.0707||34.05|28|30.30|14
GME211210P00145000|2.92|4.05|2.92|2.80|4.00|6|1.20|0.4286||15|1|24|-0.1754|0.0075|-0.0074|-0.5554|0.0655||4.25|73|3.15|44
GME211210C00150000|30.00|31.00|25.20|34.20|25.20|5|-9.00|-0.2632|1|20|2|6|0.7978|0.0092|0.0244|-0.5413|0.0715||29.40|44|26.35|17
GME211210P00150000|3.30|5.40|3.30|3.50|4.56|5|1.06|0.3029|240|460|8|150|-0.2169|0.0088|-0.0091|-0.6118|0.0745||4.95|12|4.60|5
GME211210C00155000|25.10|25.10|23.00|58.70|23.00|4|-35.70|-0.6082|0|45|1|2|0.6831|0.0033|0.0148|-2.4315|0.0904||25.90|62|22.55|25
GME211210P00155000|4.27|6.56|4.27|4.65|6.00|4|1.35|0.2903|49|244|2|24|-0.2692|0.0099|-0.0114|-0.6861|0.0838||6.40|29|5.60|42
GME211210C00160000|25.52|25.52|21.60|29.75|21.60|3|-8.15|-0.2739|0|204|1|13|0.6589|0.0091|0.0199|-0.9284|0.0931||22.30|69|19.20|49
GME211210P00160000|5.47|8.75|5.47|5.80|7.54|3|1.74|0.3000|55|441|1|40|-0.3243|0.0111|-0.0139|-0.7299|0.0912||7.70|1|7.30|11
GME211210C00165000|21.90|21.90|18.92|21.75|18.92|2|-2.83|-0.1301|1|3|3|5|0.6243|0.0137|0.0203|-0.6553|0.0963||18.95|39|16.10|28
GME211210P00165000|7.22|11.00|7.22|7.35|9.60|2|2.25|0.3061|42|362|10|98|-0.3782|0.0049|-0.1156|-0.3193|0.2313||10.05|18|8.90|76
GME211210C00170000|17.07|17.07|12.81|20.20|15.25|1|-4.95|-0.2450|5|21|1|14|0.5959|0.0050|0.0897|-0.3238|0.2357||15.90|58|13.90|12
GME211210P00170000|8.15|13.20|8.15|9.07|11.50|1|2.43|0.2679|81|441|10|116|-0.4455|0.0124|-0.0194|-0.7849|0.1003||12.45|38|11.25|43
GME211210C00175000|17.95|17.95|11.00|17.18|13.00|1|-4.18|-0.2433|48|73|2|43|0.4920|0.0126|0.0161|-0.7903|0.1012||13.25|51|11.45|31
GME211210P00175000|10.83|15.85|9.85|10.95|14.75|1|3.80|0.3470|104|522|1|74|-0.5095|0.0128|-0.0223|-0.7750|0.1012||15.10|37|13.45|50
GME211210C00177500|11.55|11.60|10.30|15.85|11.20|2|-4.65|-0.2934||27|25|87|0.4615|0.0125|0.0151|-0.7865|0.1008||12.00|36|9.95|74
GME211210P00177500|10.66|17.25|10.66|12.55|17.25|2|4.70|0.3745||234|11|27|-0.4417|0.0051|-0.1384|-0.3294|0.2401||17.20|61|14.95|17
GME211210C00180000|15.00|16.00|8.78|14.20|10.26|3|-3.94|-0.2775|227|306|1|93|0.4266|0.0127|0.0141|-0.7544|0.0995||10.80|30|9.70|19
GME211210P00180000|13.51|18.71|11.89|13.30|16.50|3|3.20|0.2406|99|705|1|28|-0.5719|0.0127|-0.0253|-0.7577|0.0996||18.30|39|16.60|17
GME211210C00182500|11.05|11.05|9.10|13.40|9.55|4|-3.85|-0.2873||66|4|23|0.4021|0.0122|0.0133|-0.7649|0.0982||9.65|6|8.50|35
GME211210P00182500|13.50|20.00|13.50|15.15|20.00|4|4.85|0.3201||205|2|4|-0.5954|0.0121|-0.0266|-0.7767|0.0983||20.30|53|17.10|60
GME211210C00185000|12.65|12.65|7.25|12.66|8.00|5|-4.66|-0.3681|24|132|1|40|0.5235|0.0051|0.0808|-0.3370|0.2423||9.15|58|7.75|12
GME211210P00185000|15.65|21.31|13.50|16.25|21.00|5|4.75|0.2923|98|456|2|14|-0.6280|0.0120|-0.0282|-0.7424|0.0959||22.00|50|18.75|64
GME211210C00187500|11.40|11.40|7.25|11.44|7.85|6|-3.59|-0.3138|45|64|1|8|0.3494|0.0116|0.0116|-0.7413|0.0939||8.70|67|7.20|26
GME211210P00187500|23.89|23.89|23.89|17.83|23.89|6|6.06|0.3399|129|256|1|1|-0.6535|0.0116|-0.0295|-0.7307|0.0936||23.75|35|20.75|63
GME211210C00190000|11.00|11.00|6.05|10.60|7.10|7|-3.50|-0.3302|103|199|1|70|0.3256|0.0111|0.0109|-0.7278|0.0914||7.45|33|6.50|1
GME211210P00190000|19.20|26.50|18.05|19.55|23.47|7|3.92|0.2005|70|498|3|44|-0.6755|0.0112|-0.0308|-0.7226|0.0913||25.55|49|22.25|66
GME211210C00192500|10.00|10.00|6.00|10.00|6.00|8|-4.00|-0.4000|23|88|1|6|0.4920|0.0050|0.0764|-0.3434|0.2427||7.20|78|5.85|52
GME211210P00192500|20.34|20.34|20.34|21.35|20.34|8|-1.01|-0.0473|32|118|1|1|-0.5101|0.0051|-0.1662|-0.3391|0.2427||26.95|15|24.20|64
GME211210C00195000|8.25|9.15|5.15|8.91|5.87|9|-3.04|-0.3412|116|250|1|21|0.2787|0.0104|0.0094|-0.6813|0.0852||6.60|81|5.40|19
GME211210P00195000|22.27|22.27|22.27|22.88|22.27|9|-0.61|-0.0267|95|285|1|1|-0.7215|0.0104|-0.0334|-0.6799|0.0852||29.10|20|26.70|12
GME211210C00197500|7.69|7.69|5.10|8.26|5.10|10|-3.16|-0.3826|60|106|2|16|0.2585|0.0099|0.0087|-0.6621|0.0820||6.25|78|4.85|16
GME211210P00197500|24.10|24.10|24.10|24.48|24.10|10|-0.38|-0.0155|15|119|1|1|-0.7461|0.0100|-0.0347|-0.6443|0.0813||31.45|34|27.90|46
GME211210C00200000|7.56|7.56|4.25|7.25|5.00|11|-2.25|-0.3103|140|774|1|160|0.2318|0.0095|0.0078|-0.6115|0.0774||5.70|78|4.20|89
GME211210P00200000|24.90|33.83|24.90|26.33|30.70|11|4.37|0.1660|21|680|1|5|-0.7643|0.0095|-0.0359|-0.6239|0.0781||33.50|32|30.05|50
GME211210C00202500|6.70|6.70|4.30|8.00|4.40|12|-3.60|-0.4500|10|77|1|5|0.2419|0.0088|0.0081|-0.6938|0.0792||5.10|62|4.05|31
GME211210P00202500|32.05|34.10|32.05|27.95|33.56|12|5.61|0.2007|0|48|12|16|-0.7878|0.0091|-0.0372|-0.5800|0.0736||35.60|23|31.95|30
GME211210C00205000|6.00|6.00|3.91|5.85|4.30|13|-1.55|-0.2650|10|169|1|19|0.1914|0.0086|0.0065|-0.5416|0.0692||4.80|67|3.85|1
GME211210P00205000|31.96|31.96|31.96|30.85|31.96|13|1.11|0.0360|-1|176|1|1|-0.7668|0.0083|-0.0418|-0.6238|0.0824||37.75|19|34.20|32
GME211210C00207500|3.99|3.99|3.75|5.72|3.75|14|-1.97|-0.3444|10|78|1|10|0.1843|0.0081|0.0063|-0.5481|0.0676||4.20|34|3.40|61
GME211210P00207500||||31.10|31.10|14|0.00|0.0000|2|20|0|0|-0.8378|0.0081|-0.0399|-0.4672|0.0623||39.95|18|36.30|34
GME211210C00210000|5.15|5.30|3.20|5.15|3.28|15|-1.87|-0.3631|27|336|1|113|0.1673|0.0076|0.0057|-0.5138|0.0635||4.10|73|3.15|84
GME211210P00210000|33.23|42.30|31.95|34.54|42.30|15|7.76|0.2247|7|112|2|5|-0.8190|0.0077|-0.0399|-0.5655|0.0668||42.20|19|38.45|26
GME211210C00212500|3.50|3.50|3.50|5.00|3.50|16|-1.50|-0.3000|-3|80|16|16|0.1605|0.0072|0.0055|-0.5146|0.0619||3.75|52|3.00|37
GME211210P00212500||||37.87|37.87|16|0.00|0.0000|-1|37|0|0|-0.8049|0.0073|-0.0401|-0.6540|0.0700||44.45|15|40.60|17
GME211210C00215000|4.05|4.05|2.80|4.43|3.30|17|-1.13|-0.2551|1|166|1|13|0.1437|0.0068|0.0049|-0.4737|0.0575||3.35|17|2.86|11
GME211210P00215000||||37.79|37.79|17|0.00|0.0000|-2|32|0|0|-0.8647|0.0067|-0.0425|-0.4406|0.0552||46.75|17|42.85|18
GME211210C00217500|3.25|3.25|3.00|4.50|3.00|18|-1.50|-0.3333|0|30|1|2|0.1429|0.0065|0.0049|-0.4925|0.0573||3.20|34|2.58|60
GME211210P00217500|49.60|49.60|49.60|42.15|49.60|18|7.45|0.1767|2|27|10|10|-0.8254|0.0066|-0.0418|-0.6251|0.0653||48.95|16|45.20|27
GME211210C00220000|3.70|3.70|2.50|3.90|2.80|19|-1.10|-0.2821|12|413|1|34|0.1253|0.0060|0.0043|-0.4421|0.0523||3.00|34|2.54|1
GME211210P00220000|45.07|51.65|45.07|42.22|51.65|19|9.43|0.2234|1|156|3|5|-0.8821|0.0059|-0.0442|-0.4113|0.0501||51.35|21|47.70|20
GME211210C00222500||||3.65|3.65|20|0.00|0.0000|25|88|0|0|0.3840|0.0046|0.0610|-0.3454|0.2324||2.94|30|2.31|61
GME211210P00222500|42.95|42.95|42.95|46.97|42.95|20|-4.02|-0.0856|-7|38|1|1|-0.8340|0.0061|-0.0432|-0.6384|0.0632||53.75|19|49.75|35
GME211210C00225000|3.10|3.10|2.30|3.45|2.30|21|-1.15|-0.3333|14|348|3|19|0.1104|0.0054|0.0038|-0.4141|0.0478||2.50|2|2.23|12
GME211210P00225000|51.00|58.60|51.00|47.35|55.65|21|8.30|0.1753|1|462|2|15|-0.8818|0.0055|-0.0453|-0.4465|0.0502||56.05|27|52.25|35
GME211210C00227500|2.74|2.74|2.74|3.35|2.74|22|-0.61|-0.1821|1|24|1|1|0.1058|0.0051|0.0036|-0.4103|0.0464||2.67|30|1.99|48
GME211210P00227500||||34.06|34.06|22|0.00|0.0000|0|35|0|0|-0.9990|0.0002|-0.0498|-0.0024|0.0008||58.40|14|54.50|22
GME211210C00230000|2.73|2.75|2.00|3.09|2.20|23|-0.89|-0.2880|2|395|1|113|0.1138|0.0050|0.0043|-0.4092|0.0518||2.40|27|1.99|14
GME211210P00230000||||41.51|41.51|23|0.00|0.0000|0|38|0|0|-0.6920|0.0049|-0.2377|-0.2712|0.2141||60.90|27|56.70|22
GME211210C00232500|2.40|2.58|2.09|2.69|2.09|24|-0.60|-0.2230|3|33|1|5|0.0862|0.0044|0.0030|-0.3496|0.0399||2.32|20|1.82|34
GME211210P00232500||||56.09|56.09|24|0.00|0.0000|-5|6|0|0|-0.8598|0.0051|-0.0463|-0.6030|0.0565||63.30|14|59.15|16
GME211210C00235000|2.43|2.46|1.98|2.78|1.98|25|-0.80|-0.2878|-4|898|1|8|0.3623|0.0042|0.0570|-0.3610|0.2281||2.23|31|1.73|72
GME211210P00235000|61.85|61.85|61.85|58.42|61.85|25|3.43|0.0587|-1|35|1|1|-0.8645|0.0049|-0.0470|-0.5979|0.0552||65.75|16|61.60|35
GME211210C00237500||||2.69|2.69|26|0.00|0.0000|1|19|0|0|0.0839|0.0041|0.0029|-0.3616|0.0391||2.38|47|1.04|98
GME211210P00237500|64.40|64.40|64.40|48.03|64.40|26|16.37|0.3408|0|25|1|1|-0.9618|0.0028|-0.0507|-0.1552|0.0211||68.15|14|64.15|4
GME211210C00240000|2.31|2.47|1.78|2.92|1.99|27|-0.93|-0.3185|-13|317|1|19|0.0886|0.0041|0.0030|-0.3955|0.0407||1.99|24|1.60|53
GME211210P00240000||||58.15|58.15|27|0.00|0.0000|1|34|0|0|-0.9447|0.0033|-0.0507|-0.2371|0.0284||70.60|8|66.60|4
GME211210C00245000|2.10|2.10|1.46|2.20|1.46|28|-0.74|-0.3364|-6|166|1|7|0.0684|0.0034|0.0023|-0.3156|0.0335||1.86|43|1.47|49
GME211210P00245000||||50.19|50.19|28|0.00|0.0000|0|23|0|0|-0.9973|0.0004|-0.0536|-0.0105|0.0021||75.45|17|71.30|18
GME211210C00250000|1.90|2.02|1.49|2.01|1.60|29|-0.41|-0.2040|110|2300|5|56|0.0615|0.0031|0.0021|-0.2967|0.0308||1.71|18|1.50|1
GME211210P00250000||||60.35|60.35|29|0.00|0.0000|0|15|0|0|-0.9934|0.0007|-0.0546|-0.0287|0.0047||80.35|19|75.80|7
GME211210C00255000|1.55|1.55|1.44|2.02|1.50|30|-0.52|-0.2574|-4|61|1|3|0.0606|0.0029|0.0021|-0.3064|0.0305||1.62|50|1.24|18
GME211210P00255000||||40.40|40.40|30|0.00|0.0000|0|5|0|0|-0.9999|0.0000|-0.0559|0.0003|0.0001||85.25|16|80.65|16
GME211210C00260000|1.79|1.79|1.20|1.73|1.35|31|-0.38|-0.2197|38|974|1|18|0.0520|0.0026|0.0018|-0.2719|0.0270||1.46|24|1.16|13
GME211210P00260000||||69.85|69.85|31|0.00|0.0000|0|22|0|0|-0.9927|0.0007|-0.0567|-0.0350|0.0051||90.20|17|85.55|19
GME211210C00270000|1.31|1.31|1.15|1.60|1.15|32|-0.45|-0.2813|-27|193|1|32|0.0466|0.0023|0.0016|-0.2628|0.0247||1.39|42|0.96|44
GME211210P00270000||||75.18|75.18|32|0.00|0.0000|0|14|0|0|-0.9697|0.0018|-0.0581|-0.1667|0.0174||100.10|16|95.30|5
GME211210C00280000|1.00|1.15|1.00|1.40|1.05|33|-0.35|-0.2500|16|242|1|7|0.0401|0.0019|0.0014|-0.2413|0.0219||1.14|12|0.90|1
GME211210P00280000||||84.53|84.53|33|0.00|0.0000|0|1|0|0|-0.9765|0.0014|-0.0606|-0.1376|0.0141||110.00|16|105.15|13
GME211210C00290000|1.16|1.16|0.93|1.25|0.93|34|-0.32|-0.2560|21|171|1|3|0.0350|0.0017|0.0012|-0.2236|0.0196||1.09|25|0.81|1
GME211210P00290000||||82.25|82.25|34|0.00|0.0000|0|7|0|0|-0.9991|0.0001|-0.0635|-0.0043|0.0008||119.90|17|115.00|22
GME211210C00300000|1.20|1.20|0.80|1.11|0.90|35|-0.21|-0.1892|43|919|1|170|0.0306|0.0015|0.0010|-0.2066|0.0176||1.00|22|0.81|1
GME211210P00300000||||76.00|76.00|35|0.00|0.0000|0|14|0|0|-0.9999|0.0000|-0.0657|0.0005|0.0001||129.80|5|124.90|12
GME211210C00310000|0.84|0.84|0.76|0.95|0.76|36|-0.19|-0.2000|108|264|2|3|0.0259|0.0012|0.0009|-0.1831|0.0153||0.90|5|0.79|9
GME211210P00310000||||83.61|83.61|36|0.00|0.0000|0|4|0|0|-0.9999|0.0000|-0.0679|0.0000|0.0001||139.70|12|134.80|12
GME211210C00320000||||0.93|0.93|37|0.00|0.0000|2|276|0|0|0.0248|0.0011|0.0008|-0.1836|0.0147||0.87|20|0.60|1
GME211210P00320000||||89.47|89.47|37|0.00|0.0000|0|3|0|0|-0.9533|0.0017|-0.3944|-0.0605|0.0594||149.65|12|144.75|45
GME211210C00330000||||0.72|0.72|38|0.00|0.0000|-17|246|0|0|0.0264|0.0011|0.0010|-0.1825|0.0165||0.87|59|0.60|1
GME211210P00330000||||||38||||0|0|0|-1.0000|0.0000|-0.0723|0.0011|0.0000||159.55|12|154.70|38
GME211210C00340000|0.75|0.75|0.66|0.75|0.66|39|-0.09|-0.1200|-1|87|1|7|0.0268|0.0011|0.0010|-0.1931|0.0167||0.87|61|0.65|1
GME211210P00340000||||||39||||0|0|0|-1.0000|0.0000|-0.0745|0.0011|0.0000||169.55|12|164.65|44
GME211210C00350000|0.49|0.78|0.49|0.69|0.62|40|-0.07|-0.1014|49|437|1|29|0.0176|0.0008|0.0006|-0.1467|0.0110||0.69|5|0.52|1
GME211210P00350000||||||40||||0|0|0|-1.0000|0.0000|-0.0767|0.0011|0.0000||179.55|12|174.65|41
GME211210C00360000|0.55|0.62|0.55|0.61|0.62|41|0.01|0.0164|-2|85|1|3|0.0154|0.0007|0.0005|-0.1327|0.0098||0.69|44|0.41|24
GME211210P00360000||||||41||||0|0|0|-1.0000|0.0000|-0.4536|0.0012|0.0000||189.30|12|184.65|52
GME211210C00370000|0.50|0.55|0.50|0.75|0.55|42|-0.20|-0.2667|0|21|5|8|0.0183|0.0008|0.0006|-0.1634|0.0114||0.69|63|0.41|1
GME211210P00370000||||||42||||0|0|0|-1.0000|0.0000|-0.0811|0.0012|0.0000||199.35|12|194.65|49
GME211210C00380000|0.54|0.54|0.54|0.54|0.54|43|0.00|0.0000|-1|50|1|1|0.0132|0.0006|0.0004|-0.1212|0.0086||0.69|55|0.36|35
GME211210P00380000||||||43||||0|0|0|-1.0000|0.0000|-0.0833|0.0012|0.0000||209.25|12|204.65|49
GME211210C00390000|0.40|0.58|0.40|0.49|0.52|44|0.03|0.0612|5|52|8|15|0.0119|0.0005|0.0004|-0.1122|0.0079||0.66|44|0.34|34
GME211210P00390000||||||44||||0|0|0|-1.0000|0.0000|-0.4914|0.0013|0.0000||219.10|12|214.65|47
GME211210C00400000|0.40|0.70|0.37|0.45|0.60|45|0.15|0.3333|-6|420|5|134|0.0108|0.0005|0.0004|-0.1047|0.0072||0.58|34|0.31|19
GME211210P00400000||||||45||||0|0|0|-1.0000|0.0000|-0.0877|0.0013|0.0000||229.05|12|224.65|48
GME211210C00410000|0.34|0.50|0.34|0.44|0.46|46|0.02|0.0455|7|59|1|4|0.0104|0.0005|0.0003|-0.1037|0.0070||0.55|19|0.31|14
GME211210P00410000||||||46||||0|0|0|-1.0000|0.0000|-0.1011|0.0013|0.0000||239.00|12|234.65|18
GME211210C00420000|0.31|0.55|0.31|0.40|0.55|47|0.15|0.3750|2|171|1|3|0.0094|0.0004|0.0003|-0.0956|0.0064||0.55|54|0.28|18
GME211210P00420000||||||47||||0|0|0|-1.0000|0.0000|-0.0921|0.0014|0.0000||249.05|12|244.65|14
GME211210C00430000|0.41|0.41|0.41|0.40|0.41|48|0.01|0.0250|262|304|1|1|0.0092|0.0004|0.0003|-0.0964|0.0063||0.55|35|0.25|22
GME211210P00430000||||||48||||0|0|0|-1.0000|0.0000|-0.5418|0.0014|0.0000||259.00|12|254.65|12
GME211210C00440000|0.23|0.45|0.23|0.36|0.45|49|0.09|0.2500|34|67|1|2|0.0082|0.0004|0.0003|-0.0878|0.0057||0.55|34|0.25|30
GME211210P00440000||||||49||||0|0|0|-1.0000|0.0000|-0.0964|0.0014|0.0000||268.95|12|264.65|30
GME211210C00450000|0.38|0.38|0.38|0.37|0.38|50|0.01|0.0270|190|288|1|1|0.0083|0.0004|0.0003|-0.0911|0.0058||0.55|38|0.25|25
GME211210P00450000||||||50||||0|0|0|-1.0000|0.0000|-0.0986|0.0015|0.0000||278.90|12|274.60|23
GME211210C00460000|0.33|0.41|0.32|0.27|0.37|51|0.10|0.3704|0|18|1|14|0.0096|0.0004|0.0004|-0.0955|0.0069||0.48|14|0.25|21
GME211210P00460000||||||51||||0|0|0|-1.0000|0.0000|-0.1008|0.0015|0.0000||288.85|12|284.65|30
GME211210C00470000|0.39|0.39|0.39|0.22|0.39|52|0.17|0.7727|7|22|1|1|0.0080|0.0003|0.0003|-0.0807|0.0059||0.48|31|0.25|7
GME211210P00470000||||||52||||0|0|0|-1.0000|0.0000|-0.5922|0.0015|0.0000||298.80|12|294.65|30
GME211210C00480000|0.26|0.36|0.26|0.25|0.36|53|0.11|0.4400|1|33|1|2|0.0055|0.0002|0.0002|-0.0639|0.0040||0.39|11|0.25|1
GME211210P00480000||||||53||||0|0|0|-1.0000|0.0000|-0.1052|0.0016|0.0000||308.75|12|304.60|23
GME211210C00490000|0.47|0.47|0.47|0.24|0.47|54|0.23|0.9583|2|93|2|2|0.0084|0.0003|0.0003|-0.0887|0.0062||0.39|12|0.25|5
GME211210P00490000||||||54||||0|0|0|-1.0000|0.0000|-0.1074|0.0016|0.0000||318.75|12|314.65|4
GME211210C00500000|0.33|0.40|0.22|0.26|0.34|55|0.08|0.3077|-6|850|2|277|0.0054|0.0002|0.0002|-0.0653|0.0040||0.38|1|0.25|6
GME211210P00500000||||||55||||0|0|0|-1.0000|0.0000|-0.1096|0.0016|0.0000||328.70|12|324.65|30
GME211210C00510000|0.27|0.43|0.18|0.18|0.31|56|0.13|0.7222|1|2026|3|172|0.0039|0.0002|0.0001|-0.0474|0.0029||0.31|1|0.29|1
GME211210P00510000||||||56||||0|0|0|-1.0000|0.0000|-0.1118|0.0017|0.0000||338.65|12|334.65|20
GME211217C00080000||||94.56|94.56|18|0.00|0.0000|1|2|0|0|0.8980|0.0011|0.0217|-0.9260|0.0639||95.70|10|91.00|12
GME211217P00080000||||0.35|0.35|18|0.00|0.0000|1|350|0|0|-0.0769|0.0012|-0.0276|-0.1662|0.0943||0.72|77|0.25|29
GME211217C00085000||||95.85|95.85|17|0.00|0.0000|0|1|0|0|0.9628|0.0011|0.0339|-0.1962|0.0292||90.80|10|86.20|6
GME211217P00085000|0.50|0.58|0.40|0.43|0.58|17|0.15|0.3488|-1|121|1|8|-0.0188|0.0007|-0.0015|-0.0969|0.0159||0.92|48|0.28|112
GME211217C00090000||||137.00|137.00|16|0.00|0.0000|0|4|0|0|0.8975|0.0006|0.0113|-1.7527|0.0641||85.95|10|81.10|3
GME211217P00090000|0.62|0.62|0.62|0.53|0.62|16|0.09|0.1698|2|68|8|8|-0.0223|0.0009|-0.0018|-0.1068|0.0185||1.02|73|0.24|161
GME211217C00100000||||79.69|79.69|15|0.00|0.0000|1|50|0|0|0.9979|0.0002|0.0409|-0.0077|0.0023||76.30|12|71.45|12
GME211217P00100000|0.71|0.98|0.68|0.76|0.98|15|0.22|0.2895|-205|664|2|220|-0.0024|0.0002|-0.0002|-0.0085|0.0026||1.00|1|0.86|79
GME211217C00105000||||66.05|66.05|14|0.00|0.0000|0|1|0|0|0.9959|0.0004|0.0428|-0.0137|0.0042||71.45|12|66.60|8
GME211217P00105000|1.00|1.00|0.85|0.86|0.95|14|0.09|0.1047|51|140|1|7|-0.0043|0.0004|-0.0003|-0.0140|0.0044||1.82|121|0.80|1
GME211217C00110000||||73.25|73.25|13|0.00|0.0000|0|1|0|0|0.9936|0.0006|0.0447|-0.0195|0.0063||66.65|12|61.90|3
GME211217P00110000|0.35|1.16|0.35|1.02|1.16|13|0.14|0.1373|-21|354|1|2|-0.0093|0.0007|-0.0007|-0.0262|0.0089||1.50|16|0.51|270
GME211217C00115000||||112.11|112.11|12|0.00|0.0000|0|2|0|0|0.9895|0.0009|0.0465|-0.0290|0.0097||61.90|19|57.15|13
GME211217P00115000|1.17|1.17|1.15|1.21|1.15|12|-0.06|-0.0496|14|162|1|2|-0.0135|0.0011|-0.0010|-0.0373|0.0120||1.88|68|1.07|78
GME211217C00120000||||64.15|64.15|11|0.00|0.0000|0|51|0|0|0.8913|0.0033|0.1421|-0.1012|0.1218||57.20|13|52.40|13
GME211217P00120000|1.56|1.56|1.56|1.39|1.56|11|0.17|0.1223|5|158|2|2|-0.0222|0.0017|-0.0017|-0.0561|0.0184||2.20|72|1.00|210
GME211217C00125000||||79.68|79.68|10|0.00|0.0000|0|35|0|0|0.8647|0.0037|0.1410|-0.1195|0.1420||52.65|16|47.90|13
GME211217P00125000|2.35|2.35|1.80|1.88|2.15|10|0.27|0.1436|2|207|2|5|-0.0414|0.0027|-0.0034|-0.0913|0.0318||2.71|124|1.68|51
GME211217C00130000||||55.70|55.70|9|0.00|0.0000|0|10|0|0|0.9497|0.0034|0.0496|-0.1059|0.0360||48.15|17|44.00|14
GME211217P00130000|2.09|3.00|2.05|2.21|2.59|9|0.38|0.1719|11|206|10|18|-0.0561|0.0036|-0.0043|-0.1193|0.0393||3.05|15|2.50|1
GME211217C00135000||||90.47|90.47|8|0.00|0.0000|0|3|0|0|0.9228|0.0047|0.0496|-0.1482|0.0503||43.50|26|39.10|22
GME211217P00135000||||2.72|2.72|8|0.00|0.0000|9|149|0|0|-0.0812|0.0048|-0.0062|-0.1569|0.0522||3.95|91|2.67|109
GME211217C00140000|39.35|39.35|34.60|44.07|34.60|7|-9.47|-0.2149|2|148|1|2|0.8918|0.0062|0.0492|-0.1876|0.0646||39.45|52|35.50|12
GME211217P00140000|3.32|4.25|3.32|3.50|4.08|7|0.58|0.1657|264|813|3|8|-0.1215|0.0062|-0.0101|-0.2038|0.0724||4.45|10|3.70|125
GME211217C00145000||||96.94|96.94|6|0.00|0.0000|0|57|0|0|0.8481|0.0077|0.0478|-0.2390|0.0817||35.50|27|32.00|14
GME211217P00145000||||4.02|4.02|6|0.00|0.0000|23|234|0|0|-0.1594|0.0077|-0.0124|-0.2557|0.0843||6.20|111|4.15|203
GME211217C00150000|32.04|32.04|29.50|35.91|29.50|5|-6.41|-0.1785|0|71|1|8|0.7974|0.0092|0.0458|-0.2888|0.0980||31.65|71|28.35|40
GME211217P00150000|4.30|7.05|4.15|5.05|6.25|5|1.20|0.2376|223|1842|1|35|-0.2068|0.0091|-0.0162|-0.2998|0.0992||6.95|10|6.70|4
GME211217C00155000|28.00|28.00|24.50|30.10|24.50|4|-5.60|-0.1860|1|12|1|2|0.7436|0.0106|0.0435|-0.3277|0.1119||28.10|70|24.85|49
GME211217P00155000|5.75|8.50|5.75|6.54|8.50|4|1.96|0.2997|0|308|1|104|-0.2650|0.0101|-0.0224|-0.3304|0.1175||9.00|93|7.60|108
GME211217C00160000|26.47|26.47|26.47|29.27|26.47|3|-2.80|-0.0957|-1|96|1|1|0.6837|0.0118|0.0407|-0.3594|0.1236||24.70|77|21.70|58
GME211217P00160000|7.30|11.05|7.30|7.75|11.05|3|3.30|0.4258|390|1040|2|43|-0.3229|0.0111|-0.0276|-0.3622|0.1288||11.00|90|9.40|114
GME211217C00165000||||24.60|24.60|2|0.00|0.0000|0|82|0|0|0.6187|0.0124|0.0372|-0.3907|0.1324||21.65|74|18.80|61
GME211217P00165000|8.93|11.70|8.93|9.77|11.70|2|1.93|0.1975|3|310|5|6|-0.3825|0.0121|-0.0308|-0.4009|0.1326||13.50|104|11.10|188
GME211217C00170000|19.90|19.90|16.00|23.22|18.15|1|-5.07|-0.2183|0|117|2|19|0.5774|0.0067|0.1091|-0.2163|0.2556||18.90|88|16.45|55
GME211217P00170000|11.88|16.20|11.70|11.75|14.50|1|2.75|0.2340|-17|1066|1|19|-0.4454|0.0124|-0.0363|-0.4204|0.1373||15.25|17|14.25|13
GME211217C00175000|17.40|17.40|14.05|20.50|15.25|1|-5.25|-0.2561|-5|183|2|22|0.4900|0.0129|0.0301|-0.4107|0.1386||15.95|18|14.15|83
GME211217P00175000|13.36|18.41|13.36|14.33|17.24|1|2.91|0.2031|17|720|100|115|-0.5075|0.0125|-0.0418|-0.4231|0.1386||18.00|16|16.65|46
GME211217C00180000|14.00|14.45|11.96|17.98|13.00|2|-4.98|-0.2770|-23|442|1|12|0.4285|0.0127|0.0266|-0.4059|0.1364||14.15|91|11.90|151
GME211217P00180000|15.88|22.00|15.88|17.10|20.05|2|2.95|0.1725|12|1074|10|32|-0.5636|0.0120|-0.0503|-0.4033|0.1413||21.05|17|18.90|100
GME211217C00185000|15.60|15.60|10.40|15.00|10.40|3|-4.60|-0.3067|2|270|2|7|0.3710|0.0121|0.0232|-0.3926|0.1313||12.70|118|10.55|85
GME211217P00185000|22.25|24.46|22.25|19.25|24.46|3|5.21|0.2706|-14|255|1|3|-0.6253|0.0119|-0.0527|-0.4009|0.1317||25.00|68|21.90|99
GME211217C00187500|14.08|14.08|14.08|15.87|14.08|4|-1.79|-0.1128|0|39|1|1|0.5184|0.0049|0.0912|-0.3045|0.2603||11.75|84|9.80|31
GME211217P00187500||||19.77|19.77|4|0.00|0.0000|1|116|0|0|-0.6197|0.0102|-0.0539|-0.4720|0.1323||26.70|62|23.85|66
GME211217C00190000|13.45|13.45|9.50|13.83|9.60|5|-4.23|-0.3059|15|254|5|11|0.3186|0.0114|0.0200|-0.3732|0.1240||10.80|103|9.50|1
GME211217P00190000|20.42|29.00|20.42|22.61|29.00|5|6.39|0.2826|-4|446|2|15|-0.6758|0.0112|-0.0578|-0.3845|0.1249||28.10|61|25.40|103
GME211217C00192500|11.38|11.95|11.38|12.50|11.95|6|-0.55|-0.0440|2|30|2|3|0.3502|0.0093|0.0213|-0.4909|0.1287||10.05|65|8.10|133
GME211217P00192500||||24.00|24.00|6|0.00|0.0000|-1|111|0|0|-0.6487|0.0093|-0.0578|-0.4932|0.1289||30.20|62|27.30|77
GME211217C00195000|11.07|11.07|7.75|11.09|8.68|7|-2.41|-0.2173|-1|147|11|49|0.2725|0.0105|0.0172|-0.3510|0.1154||9.35|74|8.10|62
GME211217P00195000|27.94|30.75|27.94|25.45|30.62|7|5.17|0.2031|50|473|1|56|-0.7220|0.0104|-0.0626|-0.3614|0.1166||31.60|50|29.90|45
GME211217C00197500|9.62|9.62|7.50|10.80|7.50|8|-3.30|-0.3056|3|41|1|12|0.3103|0.0089|0.0190|-0.4679|0.1226||8.80|70|7.35|56
GME211217P00197500|32.65|32.65|32.65|27.65|32.65|8|5.00|0.1808|0|93|1|1|-0.5364|0.0052|-0.2023|-0.2876|0.2595||34.10|63|31.10|68
GME211217C00200000|9.90|9.90|6.70|10.05|7.60|9|-2.45|-0.2438|902|2001|10|144|0.2331|0.0095|0.0148|-0.3279|0.1063||8.15|78|7.00|16
GME211217P00200000|32.40|34.56|32.40|29.20|34.56|9|5.36|0.1836|-2|1919|1|7|-0.7604|0.0094|-0.0671|-0.3402|0.1079||35.70|14|32.70|99
GME211217C00202500|7.85|7.85|7.50|9.79|7.50|10|-2.29|-0.2339|18|36|3|4|0.2816|0.0082|0.0172|-0.4611|0.1173||7.70|69|6.35|73
GME211217P00202500|34.54|34.54|34.54|30.45|34.54|10|4.09|0.1343|1|117|1|1|-0.7290|0.0084|-0.0665|-0.4349|0.1151||38.10|24|35.00|63
GME211217C00205000|9.80|9.80|6.20|8.75|6.50|11|-2.25|-0.2571|-4|53|1|18|0.2586|0.0081|0.0159|-0.4328|0.1124||7.25|67|5.80|118
GME211217P00205000|36.55|38.79|36.55|33.98|38.79|11|4.81|0.1416|0|165|1|3|-0.7175|0.0077|-0.0671|-0.4915|0.1175||40.15|26|36.95|70
GME211217C00207500||||8.90|8.90|12|0.00|0.0000|4|32|0|0|0.4276|0.0050|0.0782|-0.2932|0.2563||7.25|138|5.50|85
GME211217P00207500||||21.30|21.30|12|0.00|0.0000|0|181|0|0|-0.9928|0.0015|-0.0848|-0.0081|0.0069||42.25|21|38.80|74
GME211217C00210000|5.92|6.80|5.45|7.50|5.91|13|-1.59|-0.2120|-30|815|1|21|0.1614|0.0076|0.0103|-0.2624|0.0850||6.90|149|5.50|1
GME211217P00210000||||36.95|36.95|13|0.00|0.0000|-11|215|0|0|-0.8333|0.0076|-0.0757|-0.2721|0.0868||44.40|19|40.90|85
GME211217C00212500|5.95|6.20|5.95|6.50|6.20|14|-0.30|-0.0462|0|22|1|3|0.2028|0.0072|0.0126|-0.3668|0.0981||6.90|152|4.80|112
GME211217P00212500||||42.25|42.25|14|0.00|0.0000|0|59|0|0|-0.5441|0.0042|-0.2304|-0.3546|0.2590||46.55|20|43.20|40
GME211217C00215000|6.25|6.25|4.40|6.90|5.60|15|-1.30|-0.1884|4|97|1|11|0.2073|0.0069|0.0128|-0.3954|0.0994||5.70|66|4.80|19
GME211217P00215000||||42.25|42.25|15|0.00|0.0000|2|101|0|0|-0.5784|0.0045|-0.2368|-0.3180|0.2555||48.75|46|45.55|20
GME211217C00217500||||7.20|7.20|16|0.00|0.0000|1|39|0|0|0.2093|0.0066|0.0128|-0.4185|0.0999||5.60|75|4.20|106
GME211217P00217500||||47.80|47.80|16|0.00|0.0000|0|23|0|0|-0.5373|0.0038|-0.2390|-0.3866|0.2594||51.00|19|47.35|36
GME211217C00220000|5.35|5.49|4.20|6.50|4.46|17|-2.04|-0.3138|1|1903|1|12|0.1106|0.0058|0.0071|-0.2044|0.0656||5.30|89|4.10|140
GME211217P00220000||||46.55|46.55|17|0.00|0.0000|1|446|0|0|-0.8822|0.0059|-0.0828|-0.2188|0.0686||53.25|20|49.85|81
GME211217C00222500||||6.60|6.60|18|0.00|0.0000|2|69|0|0|0.1921|0.0061|0.0118|-0.4070|0.0949||5.05|71|4.00|62
GME211217P00222500||||49.15|49.15|18|0.00|0.0000|11|21|0|0|-0.7808|0.0061|-0.0782|-0.4795|0.1027||55.60|15|51.90|27
GME211217C00225000|4.75|4.75|4.30|5.80|4.35|19|-1.45|-0.2500|-7|98|1|5|0.1731|0.0059|0.0107|-0.3727|0.0889||4.80|73|4.00|1
GME211217P00225000||||49.64|49.64|19|0.00|0.0000|-1|30|0|0|-0.8190|0.0059|-0.0813|-0.3921|0.0915||57.80|14|54.05|23
GME211217C00227500||||5.60|5.60|20|0.00|0.0000|0|8|0|0|0.1669|0.0056|0.0103|-0.3694|0.0869||4.60|69|3.70|54
GME211217P00227500||||51.86|51.86|20|0.00|0.0000|0|60|0|0|-0.8163|0.0057|-0.0877|-0.3877|0.0954||60.20|13|56.25|19
GME211217C00230000|6.00|6.00|4.00|5.09|4.20|21|-0.89|-0.1749|11|442|1|34|0.0790|0.0044|0.0051|-0.1640|0.0512||4.35|81|3.55|84
GME211217P00230000||||54.21|54.21|21|0.00|0.0000|1|64|0|0|-0.9092|0.0047|-0.0946|-0.1783|0.0587||62.45|13|58.55|23
GME211217C00232500|4.35|4.35|4.35|4.45|4.35|22|-0.10|-0.0225|0|80|1|1|0.1380|0.0051|0.0086|-0.3161|0.0766||4.20|60|3.35|67
GME211217P00232500||||53.30|53.30|22|0.00|0.0000|0|19|0|0|-0.9062|0.0046|-0.0895|-0.2040|0.0582||64.90|14|61.10|21
GME211217C00235000|4.25|4.25|4.25|5.14|4.25|23|-0.89|-0.1732|0|74|1|1|0.1511|0.0051|0.0093|-0.3621|0.0814||4.20|125|3.25|61
GME211217P00235000||||54.70|54.70|23|0.00|0.0000|0|60|0|0|-0.7491|0.0050|-0.2903|-0.1891|0.2080||67.25|13|63.30|16
GME211217C00240000|3.80|3.80|3.21|4.35|3.70|24|-0.65|-0.1494|48|356|1|15|0.0527|0.0032|0.0034|-0.1207|0.0374||3.65|46|3.10|29
GME211217P00240000||||65.50|65.50|24|0.00|0.0000|0|54|0|0|-0.9414|0.0034|-0.0948|-0.1340|0.0406||72.05|14|67.90|40
GME211217C00245000|3.25|3.25|3.25|3.98|3.25|25|-0.73|-0.1834|143|230|1|1|0.3292|0.0041|0.0605|-0.2994|0.2363||3.50|21|2.90|28
GME211217P00245000||||71.40|71.40|25|0.00|0.0000|-2|47|0|0|-0.8039|0.0047|-0.0891|-0.5480|0.0961||76.85|14|72.70|19
GME211217C00250000|4.20|4.20|2.88|3.70|3.00|26|-0.70|-0.1892|-24|1145|10|50|0.0363|0.0023|0.0024|-0.0907|0.0277||3.25|16|2.76|32
GME211217P00250000||||73.53|73.53|26|0.00|0.0000|0|56|0|0|-0.9604|0.0025|-0.1002|-0.0983|0.0297||81.70|12|77.50|18
GME211217C00255000|2.84|2.84|2.84|3.60|2.84|27|-0.76|-0.2111|0|355|1|1|0.1063|0.0037|0.0066|-0.2998|0.0638||3.20|92|2.53|75
GME211217P00255000||||39.75|39.75|27|0.00|0.0000|0|5|0|0|-0.9998|0.0000|-0.1048|0.0005|0.0002||86.45|15|82.30|32
GME211217C00260000|2.55|2.55|2.55|3.40|2.55|28|-0.85|-0.2500|3|519|1|1|0.0246|0.0017|0.0016|-0.0663|0.0200||3.05|59|2.50|41
GME211217P00260000||||78.20|78.20|28|0.00|0.0000|0|21|0|0|-0.9730|0.0018|-0.1051|-0.0723|0.0217||91.35|13|87.30|19
GME211217C00270000||||2.82|2.82|29|0.00|0.0000|34|575|0|0|0.0177|0.0012|0.0012|-0.0512|0.0151||2.83|102|2.18|52
GME211217P00270000||||65.35|65.35|29|0.00|0.0000|0|49|0|0|-0.9762|0.0015|-0.1167|-0.0643|0.0201||101.20|18|96.85|19
GME211217C00280000|2.50|2.50|2.32|2.63|2.32|30|-0.31|-0.1179|-3|2029|1|2|0.1493|0.0034|0.0307|-0.1490|0.1518||2.56|59|2.05|31
GME211217P00280000||||91.00|91.00|30|0.00|0.0000|0|10|0|0|-0.9855|0.0010|-0.1141|-0.0442|0.0128||111.05|7|106.35|13
GME211217C00290000|2.00|2.00|2.00|2.57|2.00|31|-0.57|-0.2218|1|523|1|1|0.1362|0.0032|0.0280|-0.1429|0.1426||2.53|126|1.84|55
GME211217P00290000||||68.50|68.50|31|0.00|0.0000|0|25|0|0|-0.9883|0.0008|-0.1184|-0.0377|0.0106||120.95|13|116.10|13
GME211217C00300000|2.05|2.20|1.84|2.15|2.20|32|0.05|0.0233|560|5707|1|22|0.1233|0.0029|0.0254|-0.1354|0.1332||2.17|56|1.80|4
GME211217P00300000|126.50|126.50|126.50|125.00|126.50|32|1.50|0.0120|0|20|1|1|-0.9898|0.0007|-0.1308|-0.0324|0.0097||130.85|13|125.90|2
GME211217C00310000|1.80|1.80|1.80|2.03|1.80|33|-0.23|-0.1133|-2|367|1|1|0.0050|0.0004|0.0003|-0.0182|0.0050||2.17|139|1.56|30
GME211217P00310000||||102.75|102.75|33|0.00|0.0000|0|3|0|0|-0.8802|0.0027|-0.4255|-0.1368|0.1305||140.80|16|135.75|6
GME211217C00320000||||1.73|1.73|34|0.00|0.0000|41|448|0|0|0.0038|0.0003|0.0003|-0.0145|0.0039||2.16|112|1.49|38
GME211217P00320000||||96.00|96.00|34|0.00|0.0000|0|17|0|0|-0.9952|0.0004|-0.1312|-0.0172|0.0048||150.70|17|145.60|14
GME211217C00330000||||1.75|1.75|35|0.00|0.0000|0|213|0|0|0.0950|0.0023|0.0196|-0.1174|0.1104||1.73|49|1.38|23
GME211217P00330000||||159.50|159.50|35|0.00|0.0000|0|3|0|0|-0.9963|0.0003|-0.1354|-0.0135|0.0038||160.65|13|155.50|13
GME211217C00340000|1.51|1.51|1.51|1.60|1.51|36|-0.09|-0.0563|0|232|1|1|0.0024|0.0002|0.0002|-0.0098|0.0026||1.73|116|1.26|48
GME211217P00340000||||126.85|126.85|36|0.00|0.0000|0|7|0|0|-0.9972|0.0002|-0.1395|-0.0106|0.0030||170.55|19|165.50|13
GME211217C00350000|1.50|1.51|1.30|1.40|1.30|37|-0.10|-0.0714|23|1013|5|28|0.0026|0.0002|0.0002|-0.0107|0.0029||1.68|112|1.25|11
GME211217P00350000||||133.85|133.85|37|0.00|0.0000|0|4|0|0|-0.9976|0.0002|-0.1437|-0.0090|0.0026||180.50|8|175.25|6
GME211217C00360000|1.30|1.39|1.25|1.37|1.39|38|0.02|0.0146|-4|304|1|11|0.0017|0.0001|0.0001|-0.0075|0.0019||1.62|132|1.20|6
GME211217P00360000||||||38|||0|0|0|0|-0.9980|0.0002|-0.1478|-0.0077|0.0022||190.40|13|185.20|13
GME211217C00370000|1.24|1.24|1.24|1.45|1.24|39|-0.21|-0.1448|0|447|1|1|0.0020|0.0001|0.0001|-0.0087|0.0023||1.62|167|0.90|105
GME211217P00370000||||172.65|172.65|39|0.00|0.0000|0|3|0|0|-0.9977|0.0002|-0.1620|-0.0089|0.0026||200.35|5|195.10|12
GME211217C00380000||||1.20|1.20|40|0.00|0.0000|-1|168|0|0|0.0012|0.0001|0.0001|-0.0059|0.0014||1.39|83|0.90|87
GME211217P00380000||||165.60|165.60|40|0.00|0.0000|0|17|0|0|-0.9986|0.0001|-0.1561|-0.0054|0.0016||210.35|12|205.05|12
GME211217C00390000||||1.18|1.18|41|0.00|0.0000|1|193|0|0|0.0011|0.0001|0.0001|-0.0054|0.0013||1.18|17|0.90|28
GME211217P00390000||||||41|||0|0|0|0|-0.9988|0.0001|-0.1602|-0.0048|0.0014||220.35|2|215.00|12
GME211217C00400000|1.12|1.12|0.90|1.08|1.02|42|-0.06|-0.0556|19|1185|1|25|0.0009|0.0001|0.0001|-0.0044|0.0010||1.03|1|1.00|4
GME211217P00400000||||198.90|198.90|42|0.00|0.0000|0|3|0|0|-0.9989|0.0001|-0.1643|-0.0044|0.0013||230.35|2|224.95|12
GME211217C00410000|0.90|1.00|0.90|1.00|1.00|43|0.00|0.0000|1|205|1|16|0.0007|0.0001|0.0000|-0.0036|0.0008||1.00|12|0.90|5
GME211217P00410000||||190.90|190.90|43|0.00|0.0000|0|3|0|0|-0.9990|0.0001|-0.1684|-0.0037|0.0011||240.05|5|234.90|20
GME211217C00420000||||0.95|0.95|44|0.00|0.0000|3|542|0|0|0.0006|0.0000|0.0000|-0.0033|0.0008||1.00|54|0.78|11
GME211217P00420000||||189.85|189.85|44|0.00|0.0000|0|16|0|0|-0.9995|0.0000|-0.1726|-0.0015|0.0007||250.00|5|244.85|21
GME211217C00430000||||0.97|0.97|45|0.00|0.0000|0|208|0|0|0.0005|0.0000|0.0000|-0.0029|0.0007||1.00|29|0.78|11
GME211217P00430000||||244.20|244.20|45|0.00|0.0000|0|0|0|0|-0.9426|0.0013|-0.6126|-0.0922|0.0752||259.90|5|254.80|16
GME211217C00440000||||1.15|1.15|46|0.00|0.0000|0|472|0|0|0.0005|0.0000|0.0000|-0.0026|0.0006||1.00|68|0.57|27
GME211217P00440000||||||46|||0|0|0|0|-0.9996|0.0000|-0.1808|-0.0005|0.0005||269.85|5|264.75|30
GME211217C00450000|0.60|0.70|0.60|0.79|0.70|47|-0.09|-0.1139|2|686|1|3|0.0004|0.0000|0.0000|-0.0020|0.0005||0.90|1|0.57|48
GME211217P00450000||||||47|||0|0|0|0|-0.9997|0.0000|-0.1849|-0.0003|0.0004||279.80|5|274.75|15
GME211217C00460000|0.74|0.74|0.74|0.76|0.74|48|-0.02|-0.0263|2|1138|17|17|0.0004|0.0000|0.0000|-0.0021|0.0004||0.92|106|0.57|4
GME211217P00460000||||261.60|261.60|48|0.00|0.0000|0|5|0|0|-0.9498|0.0012|-0.6576|-0.0853|0.0676||289.75|12|284.70|30
GME211217C00470000|0.65|0.65|0.65|0.78|0.65|49|-0.13|-0.1667|1|190|2|2|0.0197|0.0006|0.0012|-0.1206|0.0166||0.89|56|0.57|7
GME211217P00470000||||||49||||0|0|0|-1.0000|0.0000|-0.1931|0.0016|0.0000||299.70|5|294.70|15
GME211217C00480000||||0.60|0.60|50|0.00|0.0000|16|240|0|0|0.0154|0.0005|0.0009|-0.0962|0.0135||0.88|15|0.47|16
GME211217P00480000||||264.21|264.21|50|0.00|0.0000|0|7|0|0|-0.9853|0.0005|-0.1964|-0.0897|0.0129||309.65|12|304.70|15
GME211217C00490000|0.66|0.66|0.52|0.52|0.52|51|0.00|0.0000|8|105|1|3|0.0135|0.0005|0.0008|-0.0856|0.0120||0.73|13|0.45|13
GME211217P00490000||||274.04|274.04|51|0.00|0.0000|0|7|0|0|-0.9866|0.0005|-0.2005|-0.0832|0.0119||319.60|12|314.65|12
GME211217C00500000|0.70|0.70|0.70|0.50|0.70|52|0.20|0.4000|-47|2441|1|1|0.0129|0.0004|0.0008|-0.0833|0.0116||0.72|18|0.57|7
GME211217P00500000||||290.05|290.05|52|0.00|0.0000|0|7|0|0|-0.7763|0.0020|-0.6899|-0.4281|0.1953||329.55|12|324.65|12
GME211217C00510000|0.61|0.62|0.42|0.53|0.59|53|0.06|0.1132|25|1391|1|45|0.0135|0.0005|0.0008|-0.0882|0.0120||0.59|11|0.55|1
GME211217P00510000||||277.97|277.97|53|0.00|0.0000|0|0|0|0|-0.9962|0.0002|-0.2093|-0.0230|0.0039||339.50|12|334.65|12
GME211223C00100000||||80.77|80.77|11|0.00|0.0000|0|14|0|0|0.9649|0.0014|0.0536|-0.1038|0.0319||76.55|12|71.05|10
GME211223P00100000|1.13|1.13|1.13|0.88|1.13|11|0.25|0.2841|8|124|5|10|-0.0385|0.0014|-0.0044|-0.1146|0.0343||1.35|32|0.88|1
GME211223C00110000||||||10||||0|0|0|1.0000|0.0000|0.0633|-0.0004|0.0000||67.00|21|61.55|28
GME211223P00110000|1.52|1.52|1.52|1.33|1.52|10|0.19|0.1429|9|37|5|10|-0.0594|0.0022|-0.0068|-0.1525|0.0486||1.62|13|1.12|1
GME211223C00120000||||103.35|103.35|9|0.00|0.0000|0|1|0|0|0.8150|0.0013|0.0263|-1.3048|0.1097||57.75|21|52.35|26
GME211223P00120000||||1.15|1.15|9|0.00|0.0000|0|25|0|0|-0.0543|0.0027|-0.0062|-0.1029|0.0463||2.92|31|1.60|18
GME211223C00130000||||||8||||0|0|0|1.0000|0.0000|0.0784|-0.0005|0.0000||48.90|13|43.60|27
GME211223P00130000||||2.69|2.69|8|0.00|0.0000|70|142|0|0|-0.1263|0.0044|-0.0144|-0.2324|0.0853||4.10|37|2.88|1
GME211223C00140000||||||7||||0|0|0|1.0000|0.0000|0.0805|-0.0005|0.0000||40.75|22|35.45|25
GME211223P00140000||||4.40|4.40|7|0.00|0.0000|2|42|0|0|-0.1889|0.0058|-0.0218|-0.2991|0.1112||6.20|32|4.10|28
GME211223C00145000||||||6||||0|0|0|1.0000|0.0000|0.0834|-0.0005|0.0000||36.95|22|31.70|26
GME211223P00145000||||||6||||0|0|0|0.0000|0.0000|0.0000|0.0000|0.0000||7.60|28|5.20|26
GME211223C00150000||||55.90|55.90|5|0.00|0.0000|0|4|0|0|0.6988|0.0035|0.0428|-0.7977|0.1466||33.40|23|28.20|23
GME211223P00150000|6.60|7.50|6.60|6.07|7.50|5|1.43|0.2356|-6|200|1|2|-0.2603|0.0073|-0.0317|-0.3290|0.1366||8.40|7|6.70|55
GME211223C00155000|29.20|29.20|29.20|57.05|29.20|4|-27.85|-0.4882|0|10|1|1|0.6828|0.0033|0.0390|-0.9206|0.1465||30.05|46|25.25|15
GME211223P00155000|9.85|9.85|9.85|9.30|9.85|4|0.55|0.0591|16|127|8|8|-0.3118|0.0071|-0.0393|-0.4017|0.1488||11.00|63|8.30|45
GME211223C00160000||||53.80|53.80|3|0.00|0.0000|0|12|0|0|0.6647|0.0034|0.0403|-0.8989|0.1534||26.70|23|22.20|22
GME211223P00160000|11.83|11.83|11.83|9.45|11.83|3|2.38|0.2519|1|62|5|5|-0.3461|0.0083|-0.0410|-0.3881|0.1516||12.40|20|10.30|23
GME211223C00165000||||||2||||0|0|0|1.0000|0.0000|0.0949|-0.0006|0.0000||23.45|25|19.65|34
GME211223P00165000||||11.60|11.60|2|0.00|0.0000|0|21|0|0|-0.3911|0.0086|-0.0469|-0.4097|0.1579||15.35|28|12.05|29
GME211223C00170000||||25.94|25.94|1|0.00|0.0000|0|15|0|0|0.5667|0.0083|0.0447|-0.4434|0.1617||21.05|24|17.10|36
GME211223P00170000|16.83|17.67|16.83|14.35|17.67|1|3.32|0.2314|0|33|5|11|-0.4342|0.0085|-0.0530|-0.4342|0.1618||17.05|14|14.50|44
GME211223C00175000|23.00|23.00|16.00|19.00|17.45|1|-1.55|-0.0816|0|3|1|18|0.5045|0.0108|0.0422|-0.3507|0.1640||18.95|32|15.20|26
GME211223P00175000|16.28|20.62|16.28|15.02|20.62|1|5.60|0.3728|-6|48|5|7|-0.4849|0.0094|-0.0587|-0.4008|0.1638||20.70|46|17.20|46
