symbol|open|high|low|preClose|close|activeLevel|change|changeRatio|openIntChange|openInterest|latestPriceVol|volume|delta|gamma|rho|theta|vega|tradeStamptradeTime|ask|avol|bid|bvol
GME211203C00100000||||83.51|83.51|11|0.00|0.0000|-1|9|0|0|0.9798|0.0009|0.0026|-1.2788|0.0045||82.75|12|76.60|3
GME211203P00100000|0.04|0.04|0.01|0.06|0.01|11|-0.05|-0.8333|21|534|1|2|-0.0002|0.0000|0.0000|-0.0128|0.0001||0.03|10|0.01|22
GME211203C00110000||||135.99|135.99|10|0.00|0.0000|0|1|0|0|0.8781|0.0022|0.0022|-9.2374|0.0186||72.80|12|67.25|12
GME211203P00110000||||0.11|0.11|10|0.00|0.0000|27|199|0|0|-0.0007|0.0001|0.0000|-0.0334|0.0002||0.11|14|0.01|31
GME211203C00120000||||||9||||0|0|0|1.0000|0.0000|0.0033|-0.0004|0.0000||62.75|4|57.15|12
GME211203P00120000|0.04|0.04|0.04|0.19|0.04|9|-0.15|-0.7895|165|546|1|1|-0.0021|0.0003|0.0000|-0.0810|0.0006||0.20|26|0.04|34
GME211203C00130000||||65.44|65.44|8|0.00|0.0000|0|1|0|0|0.8337|0.0036|0.0026|-8.6065|0.0230||53.05|12|47.55|12
GME211203P00130000||||0.29|0.29|8|0.00|0.0000|7|983|0|0|-0.0053|0.0007|0.0000|-0.1619|0.0014||0.27|20|0.03|85
GME211203C00140000||||55.33|55.33|7|0.00|0.0000|0|6|0|0|0.7634|0.0037|0.0046|-6.5012|0.0402||43.40|2|37.65|12
GME211203P00140000|0.15|0.24|0.15|0.30|0.24|7|-0.06|-0.2000|17|1168|1|75|-0.0085|0.0013|0.0000|-0.1983|0.0021||0.25|21|0.24|10
GME211203C00150000||||44.80|44.80|6|0.00|0.0000|0|6|0|0|0.7600|0.0062|0.0027|-7.7402|0.0286||33.75|12|27.05|2
GME211203P00150000|0.20|0.42|0.20|0.65|0.32|6|-0.33|-0.5077|149|1347|1|165|-0.0325|0.0047|-0.0002|-0.5684|0.0067||0.40|21|0.24|10
GME211203C00155000||||27.75|27.75|5|0.00|0.0000|0|5|0|0|0.9214|0.0090|0.0039|-1.1992|0.0135||29.00|29|22.55|1
GME211203P00155000|0.39|0.52|0.33|0.68|0.52|5|-0.16|-0.2353|-29|963|2|25|-0.0459|0.0071|-0.0002|-0.6529|0.0089||0.67|60|0.14|155
GME211203C00160000|23.77|23.77|23.77|23.00|23.77|4|0.77|0.0335|2|117|3|3|0.8803|0.0135|0.0038|-1.4770|0.0184||24.20|40|17.90|13
GME211203P00160000|1.14|1.14|0.35|0.68|0.53|4|-0.15|-0.2206|108|548|2|32|-0.3306|0.0051|-0.0831|-0.3295|0.2085||0.78|26|0.36|73
GME211203C00165000||||32.50|32.50|3|0.00|0.0000|0|31|0|0|0.6510|0.0087|0.0025|-7.8661|0.0341||18.80|11|13.30|12
GME211203P00165000|0.62|0.80|0.40|1.20|0.80|3|-0.40|-0.3333|41|824|2|45|-0.1500|0.0213|-0.0007|-1.2736|0.0214||1.00|11|0.58|8
GME211203C00170000||||13.35|13.35|2|0.00|0.0000|13|63|0|0|0.7162|0.0319|0.0032|-1.7974|0.0312||12.75|16|9.45|2
GME211203P00170000|1.42|1.42|0.80|1.87|1.00|2|-0.87|-0.4652|480|1414|1|23|-0.2644|0.0322|-0.0013|-1.6614|0.0301||1.54|1|1.03|19
GME211203C00175000|7.05|7.05|7.05|9.00|7.05|1|-1.95|-0.2167|6|123|1|1|0.5539|0.0431|0.0026|-1.8118|0.0364||7.10|2|5.60|4
GME211203P00175000|1.75|2.00|1.50|2.73|1.75|1|-0.98|-0.3590|485|968|12|276|-0.4456|0.0437|-0.0022|-1.7855|0.0364||2.59|1|1.87|1
GME211203C00177500||||8.24|8.24|1|0.00|0.0000|34|41|0|0|0.4569|0.0369|0.0021|-2.1340|0.0365||5.25|2|3.85|15
GME211203P00177500|2.70|3.00|2.20|3.58|2.40|1|-1.18|-0.3296|267|466|1|5|-0.4473|0.0071|-0.1087|-0.2830|0.2275||3.80|11|2.53|29
GME211203C00180000|4.60|5.00|3.19|5.75|3.19|2|-2.56|-0.4452|33|766|1|23|0.3370|0.0412|0.0016|-1.6192|0.0336||3.70|2|2.76|2
GME211203P00180000|5.29|5.29|2.63|4.40|4.00|2|-0.40|-0.0909|-355|1413|5|14|-0.6704|0.0426|-0.0034|-1.5388|0.0333||4.85|7|3.45|25
GME211203C00182500|3.75|3.90|2.00|4.40|2.00|3|-2.40|-0.5455|61|146|1|3|0.3142|0.0289|0.0029|-1.0911|0.0462||2.57|11|1.81|11
GME211203P00182500|7.75|7.75|3.89|5.41|4.45|3|-0.96|-0.1774|-45|252|1|10|-0.7782|0.0368|-0.0040|-1.2022|0.0274||6.60|11|4.65|26
GME211203C00185000|2.43|3.10|1.33|3.22|1.37|4|-1.85|-0.5745|314|795|1|100|0.1457|0.0271|0.0007|-0.9655|0.0210||1.50|50|1.15|6
GME211203P00185000|9.16|9.16|4.90|7.21|6.65|4|-0.56|-0.0777|-47|541|1|3|-0.8469|0.0272|-0.0044|-1.0264|0.0217||8.35|5|4.90|72
GME211203C00187500|2.00|2.16|0.80|2.40|0.90|5|-1.50|-0.6250|-120|610|1|25|0.0993|0.0205|0.0005|-0.7425|0.0161||1.00|1|0.70|7
GME211203P00187500|7.14|7.14|7.14|8.59|7.14|5|-1.45|-0.1688|-33|442|3|3|-0.9071|0.0201|-0.0047|-0.6872|0.0153||11.45|5|5.35|33
GME211203C00190000|1.42|1.60|0.56|1.70|0.56|6|-1.14|-0.6706|-141|637|1|210|0.0577|0.0137|0.0003|-0.4869|0.0106||0.84|1|0.47|7
GME211203P00190000|11.26|11.26|8.25|11.17|9.35|6|-1.82|-0.1629|-67|766|1|23|-0.5177|0.0065|-0.1326|-0.3136|0.2293||13.00|12|7.60|27
GME211203C00192500|1.00|1.09|0.40|1.27|0.40|7|-0.87|-0.6850|-248|254|1|16|0.1041|0.0148|0.0010|-0.5509|0.0235||0.73|38|0.37|27
GME211203P00192500|10.85|10.85|10.85|12.49|10.85|7|-1.64|-0.1313|-8|265|1|5|-0.9641|0.0091|-0.0051|-0.3406|0.0073||15.40|11|9.90|24
GME211203C00195000|1.09|1.09|0.33|1.07|0.33|8|-0.74|-0.6916|-71|526|10|50|0.0238|0.0061|0.0001|-0.2565|0.0052||0.50|28|0.31|12
GME211203P00195000|15.20|15.20|12.95|14.76|13.36|8|-1.40|-0.0949|-69|557|1|3|-0.5595|0.0069|-0.1423|-0.2906|0.2270||17.55|2|12.25|36
GME211203C00197500|0.35|0.35|0.35|0.89|0.35|9|-0.54|-0.6067|-133|357|1|1|0.0187|0.0047|0.0001|-0.2195|0.0042||0.45|41|0.26|7
GME211203P00197500|17.15|17.15|15.00|17.43|15.00|9|-2.43|-0.1394|-4|198|1|2|-0.9688|0.0066|-0.0053|-0.3753|0.0065||20.00|1|14.70|29
GME211203C00200000|0.65|0.74|0.25|0.68|0.31|10|-0.37|-0.5441|599|1650|2|80|0.0117|0.0031|0.0001|-0.1503|0.0028||0.34|25|0.22|5
GME211203P00200000|18.50|18.50|18.50|19.88|18.50|10|-1.38|-0.0694|-271|727|1|1|-0.9717|0.0056|-0.0053|-0.3757|0.0060||22.85|10|17.05|25
GME211203C00202500|0.30|0.33|0.28|0.50|0.33|11|-0.17|-0.3400|164|445|1|5|0.4119|0.0063|0.0612|-0.3090|0.2239||0.30|15|0.20|5
GME211203P00202500|21.15|21.15|21.15|21.93|21.15|11|-0.78|-0.0356|-30|154|1|1|-0.5601|0.0056|-0.1534|-0.3550|0.2269||25.15|13|19.75|10
GME211203C00205000|0.88|0.88|0.20|0.55|0.23|12|-0.32|-0.5818|-141|693|25|36|0.0077|0.0019|0.0000|-0.1156|0.0019||0.34|41|0.18|6
GME211203P00205000||||24.98|24.98|12|0.00|0.0000|-135|349|0|0|-0.5261|0.0046|-0.1557|-0.4402|0.2290||27.25|5|21.90|21
GME211203C00207500||||0.55|0.55|13|0.00|0.0000|148|548|0|0|0.4255|0.0054|0.0605|-0.3679|0.2255||0.27|25|0.17|11
GME211203P00207500||||25.68|25.68|13|0.00|0.0000|-2|33|0|0|-0.8447|0.0089|-0.0050|-3.2015|0.0219||30.15|12|24.35|2
GME211203C00210000|0.33|0.39|0.17|0.46|0.22|14|-0.24|-0.5217|73|1012|1|133|0.0053|0.0013|0.0000|-0.0917|0.0014||0.19|1|0.17|1
GME211203P00210000|28.88|28.88|28.55|29.77|28.55|14|-1.22|-0.0410|-51|334|1|2|-0.9799|0.0032|-0.0057|-0.3638|0.0045||32.55|13|26.85|21
GME211203C00212500|0.22|0.22|0.21|0.48|0.21|15|-0.27|-0.5625|47|344|1|2|0.0054|0.0012|0.0000|-0.1000|0.0014||0.22|26|0.13|14
GME211203P00212500||||33.40|33.40|15|0.00|0.0000|0|67|0|0|-0.9535|0.0051|-0.0056|-0.9300|0.0090||35.05|12|29.35|2
GME211203C00215000|0.17|0.20|0.17|0.37|0.20|16|-0.17|-0.4595|0|792|1|2|0.0035|0.0008|0.0000|-0.0671|0.0010||0.19|1|0.15|12
GME211203P00215000|35.00|35.00|35.00|31.97|35.00|16|3.03|0.0948|-11|215|1|1|-0.9308|0.0058|-0.0056|-1.5163|0.0123||37.60|1|32.20|124
GME211203C00217500|0.16|0.16|0.16|0.38|0.16|17|-0.22|-0.5789|-3|180|1|1|0.0032|0.0007|0.0000|-0.0661|0.0009||0.16|1|0.13|18
GME211203P00217500||||38.35|38.35|17|0.00|0.0000|-2|72|0|0|-0.9584|0.0043|-0.0058|-0.9241|0.0082||40.25|7|34.35|2
GME211203C00220000|0.17|0.20|0.15|0.36|0.19|18|-0.17|-0.4722|32|1410|2|33|0.0031|0.0007|0.0000|-0.0657|0.0009||0.18|15|0.16|1
GME211203P00220000||||40.13|40.13|18|0.00|0.0000|-18|195|0|0|-0.9748|0.0030|-0.0059|-0.5739|0.0054||42.45|13|36.85|2
GME211203C00222500|0.09|0.09|0.09|0.37|0.09|19|-0.28|-0.7568|4|185|1|1|0.4278|0.0042|0.0569|-0.4662|0.2257||0.50|72|0.10|23
GME211203P00222500||||45.85|45.85|19|0.00|0.0000|-6|45|0|0|-0.9119|0.0056|-0.0057|-2.2979|0.0147||45.20|12|39.35|12
GME211203C00225000|0.20|0.20|0.15|0.30|0.15|20|-0.15|-0.5000|-60|596|1|21|0.4209|0.0042|0.0560|-0.4670|0.2250||0.17|19|0.15|3
GME211203P00225000|42.95|42.95|42.95|45.20|42.95|20|-2.25|-0.0498|0|125|1|1|-0.9753|0.0027|-0.0061|-0.6165|0.0053||47.35|6|41.85|28
GME211203C00227500|0.14|0.14|0.14|0.50|0.14|21|-0.36|-0.7200|16|113|1|1|0.0350|0.0032|0.0003|-0.4640|0.0101||0.21|22|0.09|8
GME211203P00227500||||45.48|45.48|21|0.00|0.0000|0|26|0|0|-0.9825|0.0021|-0.0062|-0.4510|0.0040||50.40|13|44.40|2
GME211203C00230000|0.24|0.24|0.08|0.24|0.10|22|-0.14|-0.5833|-39|888|1|5|0.0008|0.0002|0.0000|-0.0218|0.0003||0.19|37|0.08|8
GME211203P00230000|47.00|47.00|47.00|49.84|47.00|22|-2.84|-0.0570|-4|63|1|1|-0.9829|0.0020|-0.0062|-0.4561|0.0039||52.70|12|46.90|1
GME211203C00232500||||0.25|0.25|23|0.00|0.0000|-7|86|0|0|0.4218|0.0039|0.0547|-0.5072|0.2251||0.66|91|0.07|8
GME211203P00232500||||52.32|52.32|23|0.00|0.0000|-1|33|0|0|-0.9290|0.0043|-0.0121|-1.0675|0.0177||55.40|13|49.25|12
GME211203C00235000|0.56|0.56|0.10|0.25|0.10|24|-0.15|-0.6000|-14|317|1|3|0.0014|0.0003|0.0000|-0.0392|0.0004||0.13|8|0.08|4
GME211203P00235000|53.48|54.21|53.48|53.95|54.21|24|0.26|0.0048|-31|340|1|6|-0.9958|0.0006|-0.0064|-0.1152|0.0011||57.05|5|51.75|22
GME211203C00237500|0.13|0.13|0.13|0.27|0.13|25|-0.14|-0.5185|-1|114|2|2|0.0015|0.0003|0.0000|-0.0431|0.0005||0.20|61|0.05|21
GME211203P00237500|55.98|56.71|55.98|56.45|56.71|25|0.26|0.0046|-22|262|1|6|-0.9959|0.0006|-0.0065|-0.1165|0.0011||60.35|12|54.55|62
GME211203C00240000|0.20|0.20|0.10|0.27|0.10|26|-0.17|-0.6296|64|656|1|2|0.0015|0.0003|0.0000|-0.0431|0.0004||0.14|44|0.04|24
GME211203P00240000||||60.48|60.48|26|0.00|0.0000|-6|95|0|0|-0.9753|0.0022|-0.0065|-0.7731|0.0053||62.60|12|56.80|22
GME211203C00245000||||0.23|0.23|27|0.00|0.0000|-115|299|0|0|0.0011|0.0002|0.0000|-0.0334|0.0003||0.15|43|0.03|40
GME211203P00245000||||60.55|60.55|27|0.00|0.0000|-1|67|0|0|-0.6220|0.0039|-0.2115|-0.4796|0.2187||67.75|12|61.85|12
GME211203C00250000|0.06|0.12|0.05|0.14|0.06|28|-0.08|-0.5714|1181|4523|10|18|0.4152|0.0034|0.0517|-0.5723|0.2243||0.07|1|0.05|1
GME211203P00250000||||70.43|70.43|28|0.00|0.0000|0|123|0|0|-0.9785|0.0018|-0.0068|-0.7525|0.0047||72.25|1|67.10|2
GME211203C00260000||||0.15|0.15|29|0.00|0.0000|-5|709|0|0|0.0004|0.0001|0.0000|-0.0157|0.0001||0.18|72|0.02|12
GME211203P00260000||||75.00|75.00|29|0.00|0.0000|0|6|0|0|-0.9983|0.0002|-0.0071|-0.0607|0.0005||82.60|12|76.95|12
GME211203C00270000|0.04|0.06|0.04|0.02|0.06|30|0.04|2.0000|20|607|1|2|0.0000|0.0000|0.0000|-0.0006|0.0000||0.07|3|0.05|5
GME211203P00270000||||86.50|86.50|30|0.00|0.0000|0|21|0|0|-0.9993|0.0001|-0.0074|-0.0269|0.0002||92.45|12|87.05|12
GME211203C00280000|0.08|0.08|0.03|0.07|0.03|31|-0.04|-0.5714|46|618|1|2|0.0001|0.0000|0.0000|-0.0046|0.0000||0.05|11|0.04|1
GME211203P00280000||||95.00|95.00|31|0.00|0.0000|0|10|0|0|-0.9986|0.0002|-0.0077|-0.0604|0.0004||102.45|12|97.15|12
GME211203C00290000||||0.09|0.09|32|0.00|0.0000|-7|495|0|0|0.0002|0.0000|0.0000|-0.0070|0.0001||0.07|3|0.01|5
GME211203P00290000||||||32||||0|0|0|-1.0000|0.0000|-0.0079|0.0009|0.0000||112.45|12|107.20|12
GME211203C00300000|0.06|0.06|0.03|0.07|0.03|33|-0.04|-0.5714|-116|2079|1|6|0.0001|0.0000|0.0000|-0.0031|0.0000||0.05|1|0.03|18
GME211203P00300000||||111.10|111.10|33|0.00|0.0000|0|2|0|0|-0.9952|0.0004|-0.0164|-0.1218|0.0018||122.70|5|117.20|12
GME211203C00310000|0.04|0.04|0.04|0.08|0.04|34|-0.04|-0.5000|-1|343|2|2|0.0002|0.0000|0.0000|-0.0114|0.0001||0.07|15|0.00|0
GME211203P00310000||||71.90|71.90|34|0.00|0.0000|0|4|0|0|-0.8816|0.0028|-0.3127|-0.1815|0.1140||132.65|12|127.25|12
GME211203C00320000||||0.04|0.04|35|0.00|0.0000|-1|388|0|0|0.0000|0.0000|0.0000|-0.0017|0.0000||0.07|5|0.01|1
GME211203P00320000||||||35||||0|0|0|-1.0000|0.0000|-0.0175|0.0010|0.0000||142.60|12|137.25|12
GME211203C00330000||||0.06|0.06|36|0.00|0.0000|2|350|0|0|0.0001|0.0000|0.0000|-0.0033|0.0000||0.06|5|0.00|1
GME211203P00330000||||127.27|127.27|36|0.00|0.0000|-2|0|0|0|-1.0000|0.0000|-0.0090|0.0000|0.0000||152.55|12|147.50|2
GME211203C00340000|0.01|0.01|0.01|0.06|0.01|37|-0.05|-0.8333|4|139|1|1|0.0000|0.0000|0.0000|-0.0023|0.0000||0.07|23|0.00|0
GME211203P00340000||||134.20|134.20|37|0.00|0.0000|0|1|0|0|-0.9993|0.0001|-0.0186|-0.0191|0.0003||162.55|16|157.30|12
GME211203C00350000|0.01|0.01|0.01|0.04|0.01|38|-0.03|-0.7500|-10|1227|1|1|0.0000|0.0000|0.0000|-0.0016|0.0000||0.06|1|0.01|25
GME211203P00350000||||136.35|136.35|38|0.00|0.0000|-1|2|0|0|-1.0000|0.0000|-0.0096|0.0009|0.0000||172.55|12|167.50|2
GME211203C00360000||||0.09|0.09|39|0.00|0.0000|0|159|0|0|0.0001|0.0000|0.0000|-0.0062|0.0000||0.07|29|0.00|3
GME211203P00360000||||||39||||0|0|0|-1.0000|0.0000|-0.0099|0.0011|0.0000||182.50|12|177.30|12
GME211203C00370000||||0.02|0.02|40|0.00|0.0000|-1|87|0|0|0.0000|0.0000|0.0000|-0.0003|0.0000||0.02|1|0.00|0
GME211203P00370000||||136.05|136.05|40|0.00|0.0000|0|1|0|0|-1.0000|0.0000|-0.0101|0.0011|0.0000||192.50|4|187.30|12
GME211203C00380000||||0.04|0.04|41|0.00|0.0000|-1|100|0|0|0.0000|0.0000|0.0000|-0.0011|0.0000||0.25|37|0.00|1
GME211203P00380000||||170.35|170.35|41|0.00|0.0000|0|0|0|0|-1.0000|0.0000|-0.0104|0.0005|0.0000||202.50|12|197.30|12
GME211203C00390000|0.04|0.04|0.04|0.02|0.04|42|0.02|1.0000|-2|89|1|1|0.4390|0.0020|0.0425|-0.9941|0.2268||0.05|10|0.00|9
GME211203P00390000||||||42||||0|0|0|-1.0000|0.0000|-0.0107|0.0012|0.0000||212.50|12|207.30|12
GME211203C00400000||||0.02|0.02|43|0.00|0.0000|-4|2445|0|0|0.0000|0.0000|0.0000|-0.0004|0.0000||0.01|1|0.00|11
GME211203P00400000||||215.38|215.38|43|0.00|0.0000|0|0|0|0|-0.6835|0.0023|-0.3907|-0.7135|0.2048||222.50|12|217.30|12
GME211203C00410000||||0.03|0.03|44|0.00|0.0000|3|1058|0|0|0.4634|0.0019|0.0414|-1.0809|0.2255||0.02|1|0.00|1
GME211203P00410000||||||44||||0|0|0|-1.0000|0.0000|-0.4380|0.0013|0.0000||232.50|12|227.30|12
GME211203C00420000||||0.01|0.01|45|0.00|0.0000|3|234|0|0|0.0000|0.0000|0.0000|-0.0001|0.0000||0.01|3|0.00|2
GME211203P00420000||||||45||||0|0|0|-1.0000|0.0000|-0.0115|0.0013|0.0000||242.50|12|237.30|12
GME211203C00430000||||0.03|0.03|46|0.00|0.0000|0|70|0|0|0.0000|0.0000|0.0000|-0.0007|0.0000||0.02|100|0.00|6
GME211203P00430000||||||46||||0|0|0|-1.0000|0.0000|-0.0118|0.0013|0.0000||253.65|4|247.30|12
GME211203C00440000||||0.08|0.08|47|0.00|0.0000|1|71|0|0|0.0000|0.0000|0.0000|-0.0035|0.0000||0.02|100|0.00|11
GME211203P00440000||||||47||||0|0|0|-1.0000|0.0000|-0.0121|0.0014|0.0000||263.00|12|257.30|12
GME211203C00450000||||0.01|0.01|48|0.00|0.0000|4|487|0|0|0.4368|0.0018|0.0396|-1.0788|0.2236||0.02|100|0.00|15
GME211203P00450000||||||48||||0|0|0|-1.0000|0.0000|-0.0123|0.0014|0.0000||273.35|13|267.30|12
GME211203C00460000||||0.01|0.01|49|0.00|0.0000|4|63|0|0|0.0000|0.0000|0.0000|-0.0001|0.0000||0.02|100|0.00|1
GME211203P00460000||||||49||||0|0|0|-1.0000|0.0000|-0.0126|0.0014|0.0000||283.00|12|277.30|12
GME211203C00470000||||0.01|0.01|50|0.00|0.0000|9|200|0|0|0.0000|0.0000|0.0000|-0.0001|0.0000||0.02|100|0.00|1
GME211203P00470000||||||50||||0|0|0|-1.0000|0.0000|-0.0258|0.0014|0.0000||293.20|13|287.30|12
GME211203C00480000||||0.06|0.06|51|0.00|0.0000|0|91|0|0|0.0000|0.0000|0.0000|-0.0021|0.0000||0.02|100|0.00|0
GME211203P00480000||||||51||||0|0|0|-1.0000|0.0000|-0.0132|0.0015|0.0000||303.00|12|297.30|12
GME211203C00490000|0.01|0.01|0.01|0.06|0.01|52|-0.05|-0.8333|0|250|1|1|0.5383|0.0015|0.0390|-1.3611|0.2254||0.02|100|0.00|0
GME211203P00490000||||||52||||0|0|0|-1.0000|0.0000|-0.0134|0.0015|0.0000||313.60|12|307.30|12
GME211203C00500000|0.01|0.01|0.01|0.03|0.01|53|-0.02|-0.6667|9|1379|2|2|0.0000|0.0000|0.0000|-0.0006|0.0000||0.01|1|0.00|0
GME211203P00500000||||||53||||0|0|0|-1.0000|0.0000|-0.0274|0.0015|0.0000||323.60|12|317.30|12
GME211203C00510000|0.01|0.01|0.01|0.02|0.01|54|-0.01|-0.5000|121|5819|1|41|0.0000|0.0000|0.0000|-0.0004|0.0000||0.01|10|0.00|11
GME211203P00510000||||||54||||0|0|0|-1.0000|0.0000|-0.0140|0.0016|0.0000||333.60|12|327.30|12
GME211210C00100000||||86.01|86.01|12|0.00|0.0000|0|1|0|0|0.8577|0.0011|0.0571|-0.5116|0.1406||82.35|10|77.75|27
GME211210P00100000|0.55|0.60|0.50|0.48|0.54|12|0.06|0.1250|29|239|10|30|-0.0208|0.0010|-0.0009|-0.1583|0.0129||0.56|15|0.50|3
GME211210C00110000||||76.13|76.13|11|0.00|0.0000|0|2|0|0|0.9025|0.0022|0.0194|-0.8261|0.0449||72.65|10|67.55|12
GME211210P00110000|0.58|0.63|0.54|0.60|0.63|11|0.03|0.0500|9|215|1|24|-0.0297|0.0015|-0.0013|-0.1901|0.0173||0.75|15|0.50|22
GME211210C00120000||||76.03|76.03|10|0.00|0.0000|0|1|0|0|0.8247|0.0024|0.0165|-1.7288|0.0672||62.85|12|57.00|12
GME211210P00120000|0.97|0.97|0.75|1.00|0.75|10|-0.25|-0.2500|167|263|1|9|-0.0457|0.0022|-0.0020|-0.2584|0.0250||0.98|14|0.61|27
GME211210C00130000||||||9||||0|0|0|1.0000|0.0000|0.0285|-0.0004|0.0000||53.35|14|48.20|12
GME211210P00130000|1.50|1.50|1.50|1.45|1.50|9|0.05|0.0345|0|431|1|1|-0.0814|0.0036|-0.0040|-0.3495|0.0416||1.48|32|0.52|158
GME211210C00140000||||56.44|56.44|8|0.00|0.0000|0|29|0|0|0.7633|0.0037|0.0183|-1.5979|0.0802||43.95|23|39.70|12
GME211210P00140000|1.89|1.89|1.89|2.18|1.89|8|-0.29|-0.1330|142|441|1|2|-0.1124|0.0053|-0.0048|-0.4327|0.0498||2.21|1|1.56|61
GME211210C00145000||||||7||||0|0|0|1.0000|0.0000|0.0318|-0.0005|0.0000||39.50|12|35.45|6
GME211210P00145000||||2.80|2.80|7|0.00|0.0000||15|0|0|-0.1434|0.0064|-0.0062|-0.4999|0.0590||2.88|6|2.12|40
GME211210C00150000||||34.20|34.20|6|0.00|0.0000|1|20|0|0|0.8369|0.0078|0.0259|-0.4860|0.0642||35.00|21|31.40|12
GME211210P00150000|3.30|3.50|3.30|3.50|3.50|6|0.00|0.0000|240|460|1|11|-0.1790|0.0076|-0.0077|-0.5595|0.0681||3.70|10|3.00|1
GME211210C00155000||||58.70|58.70|5|0.00|0.0000|0|45|0|0|0.6978|0.0031|0.0154|-2.4458|0.0909||31.25|24|27.15|10
GME211210P00155000|4.27|4.27|4.27|4.65|4.27|5|-0.38|-0.0817|49|244|3|3|-0.2261|0.0088|-0.0098|-0.6418|0.0784||5.50|57|3.80|99
GME211210C00160000|25.52|25.52|25.52|29.75|25.52|4|-4.23|-0.1422|0|204|3|3|0.6991|0.0084|0.0215|-0.9049|0.0907||27.00|26|23.95|4
GME211210P00160000|5.47|5.47|5.47|5.80|5.47|4|-0.33|-0.0569|55|441|3|3|-0.2786|0.0101|-0.0121|-0.6987|0.0873||6.55|52|4.35|139
GME211210C00165000||||21.75|21.75|3|0.00|0.0000|1|3|0|0|0.6848|0.0125|0.0226|-0.6302|0.0926||23.80|19|20.25|10
GME211210P00165000||||7.35|7.35|3|0.00|0.0000|42|362|0|0|-0.3561|0.0047|-0.1108|-0.3214|0.2329||8.05|36|4.75|151
GME211210C00170000||||20.20|20.20|2|0.00|0.0000|5|21|0|0|0.6186|0.0048|0.0946|-0.3272|0.2382||20.75|28|17.35|10
GME211210P00170000|8.15|9.20|8.15|9.07|9.20|2|0.13|0.0143|81|441|1|4|-0.3898|0.0118|-0.0172|-0.7823|0.1000||9.90|3|8.65|1
GME211210C00175000|17.95|17.95|17.95|17.18|17.95|1|0.77|0.0448|48|73|1|1|0.5491|0.0122|0.0182|-0.8056|0.1032||17.70|60|14.60|10
GME211210P00175000|10.83|10.83|9.85|10.95|10.35|1|-0.60|-0.0548|104|522|1|3|-0.4513|0.0124|-0.0201|-0.7902|0.1032||12.00|6|10.70|57
GME211210C00177500||||15.85|15.85|1|0.00|0.0000||27|0|0|0.5186|0.0122|0.0173|-0.8106|0.1038||16.15|41|13.30|11
GME211210P00177500|10.66|12.43|10.66|12.55|12.43|1|-0.12|-0.0096||234|1|6|-0.4185|0.0049|-0.1333|-0.3348|0.2440||13.40|2|11.80|55
GME211210C00180000|15.00|16.00|15.00|14.20|16.00|2|1.80|0.1268|227|306|2|3|0.4815|0.0126|0.0162|-0.7859|0.1036||13.70|12|11.85|13
GME211210P00180000|13.51|13.51|11.89|13.30|12.00|2|-1.30|-0.0977|99|705|1|8|-0.5137|0.0126|-0.0231|-0.7906|0.1039||14.50|5|12.70|49
GME211210C00182500||||13.40|13.40|3|0.00|0.0000||66|0|0|0.4585|0.0122|0.0155|-0.8056|0.1034||13.90|51|10.60|14
GME211210P00182500|13.50|14.68|13.50|15.15|14.68|3|-0.47|-0.0310||205|1|2|-0.5398|0.0120|-0.0245|-0.8171|0.1034||16.60|9|13.50|68
GME211210C00185000|12.65|12.65|11.42|12.66|11.42|4|-1.24|-0.0979|24|132|2|3|0.5468|0.0050|0.0858|-0.3443|0.2475||12.85|82|10.40|2
GME211210P00185000|15.65|15.65|13.50|16.25|13.50|4|-2.75|-0.1692|98|456|1|3|-0.5757|0.0122|-0.0262|-0.7884|0.1019||17.95|4|13.35|107
GME211210C00187500|11.40|11.40|11.40|11.44|11.40|5|-0.04|-0.0035|45|64|1|1|0.4032|0.0118|0.0137|-0.7962|0.1009||12.10|56|9.40|10
GME211210P00187500||||17.83|17.83|5|0.00|0.0000|129|256|0|0|-0.6026|0.0119|-0.0276|-0.7830|0.1003||19.85|14|15.45|72
GME211210C00190000|11.00|11.00|9.00|10.60|9.00|6|-1.60|-0.1509|103|199|1|17|0.3777|0.0115|0.0128|-0.7886|0.0990||10.50|66|8.35|11
GME211210P00190000|19.20|19.20|18.05|19.55|19.00|6|-0.55|-0.0281|70|498|3|13|-0.6232|0.0115|-0.0288|-0.7835|0.0990||20.75|5|17.95|54
GME211210C00192500|10.00|10.00|8.94|10.00|8.94|7|-1.06|-0.1060|23|88|1|4|0.5148|0.0049|0.0814|-0.3525|0.2491||10.25|53|7.25|14
GME211210P00192500|20.34|20.34|20.34|21.35|20.34|7|-1.01|-0.0473|32|118|1|1|-0.4869|0.0050|-0.1611|-0.3482|0.2491||22.55|6|19.50|43
GME211210C00195000|8.25|9.15|8.25|8.91|9.15|8|0.24|0.0269|116|250|1|2|0.3276|0.0108|0.0112|-0.7521|0.0941||9.50|83|7.00|25
GME211210P00195000|22.27|22.27|22.27|22.88|22.27|8|-0.61|-0.0267|95|285|1|1|-0.6726|0.0108|-0.0315|-0.7507|0.0941||24.30|4|20.60|68
GME211210C00197500|7.69|7.69|7.69|8.26|7.69|9|-0.57|-0.0690|60|106|1|1|0.3023|0.0104|0.0104|-0.7323|0.0907||8.45|62|6.50|13
GME211210P00197500|24.10|24.10|24.10|24.48|24.10|9|-0.38|-0.0155|15|119|1|1|-0.7018|0.0105|-0.0331|-0.7149|0.0902||26.15|4|21.95|39
GME211210C00200000|7.56|7.56|6.35|7.25|6.35|10|-0.90|-0.1241|140|774|1|11|0.2743|0.0101|0.0095|-0.6850|0.0867||6.90|31|5.90|13
GME211210P00200000|24.90|25.18|24.90|26.33|25.18|10|-1.15|-0.0437|21|680|2|3|-0.7191|0.0101|-0.0342|-0.7018|0.0878||27.95|4|23.85|74
GME211210C00202500|6.70|6.70|6.70|8.00|6.70|11|-1.30|-0.1625|10|77|1|2|0.2835|0.0093|0.0097|-0.7728|0.0882||6.90|68|5.40|6
GME211210P00202500||||27.95|27.95|11|0.00|0.0000|0|48|0|0|-0.7444|0.0098|-0.0355|-0.6605|0.0838||30.40|12|25.95|24
GME211210C00205000|6.00|6.00|5.60|5.85|5.60|12|-0.25|-0.0427|10|169|1|2|0.2328|0.0094|0.0081|-0.6236|0.0797||5.90|33|4.95|5
GME211210P00205000||||30.85|30.85|12|0.00|0.0000|-1|176|0|0|-0.7273|0.0088|-0.0401|-0.6957|0.0918||32.10|5|28.00|46
GME211210C00207500||||5.72|5.72|13|0.00|0.0000|10|78|0|0|0.2233|0.0088|0.0077|-0.6312|0.0778||5.90|69|4.45|19
GME211210P00207500||||31.10|31.10|13|0.00|0.0000|2|20|0|0|-0.7985|0.0090|-0.0384|-0.5497|0.0733||34.40|4|30.10|28
GME211210C00210000|5.15|5.30|4.95|5.15|4.95|14|-0.20|-0.0388|27|336|4|9|0.2043|0.0084|0.0071|-0.5973|0.0739||5.00|28|4.10|10
GME211210P00210000|33.23|33.23|31.95|34.54|31.95|14|-2.59|-0.0750|7|112|1|2|-0.7822|0.0083|-0.0385|-0.6494|0.0767||36.15|4|32.20|38
GME211210C00212500||||5.00|5.00|15|0.00|0.0000|-3|80|0|0|0.1955|0.0080|0.0068|-0.5985|0.0719||5.00|69|3.75|10
GME211210P00212500||||37.87|37.87|15|0.00|0.0000|-1|37|0|0|-0.7703|0.0078|-0.0387|-0.7390|0.0791||38.35|4|34.35|14
GME211210C00215000|4.05|4.05|3.85|4.43|3.85|16|-0.58|-0.1309|1|166|1|3|0.1767|0.0076|0.0062|-0.5569|0.0676||4.60|62|3.50|10
GME211210P00215000||||37.79|37.79|16|0.00|0.0000|-2|32|0|0|-0.8319|0.0075|-0.0412|-0.5228|0.0655||40.90|3|36.55|18
GME211210C00217500||||4.50|4.50|17|0.00|0.0000|0|30|0|0|0.1743|0.0072|0.0061|-0.5763|0.0670||4.40|56|3.20|10
GME211210P00217500||||42.15|42.15|17|0.00|0.0000|2|27|0|0|-0.7937|0.0071|-0.0406|-0.7113|0.0743||42.80|4|38.80|15
GME211210C00220000|3.70|3.70|3.39|3.90|3.39|18|-0.51|-0.1308|12|413|1|12|0.1528|0.0067|0.0053|-0.5188|0.0614||3.80|32|2.88|16
GME211210P00220000||||42.22|42.22|18|0.00|0.0000|1|156|0|0|-0.8530|0.0067|-0.0431|-0.4919|0.0599||45.20|5|41.05|26
GME211210C00222500||||3.65|3.65|19|0.00|0.0000|25|88|0|0|0.4050|0.0045|0.0656|-0.3599|0.2422||3.80|73|2.84|12
GME211210P00222500|42.95|42.95|42.95|46.97|42.95|19|-4.02|-0.0856|-7|38|1|1|-0.8050|0.0065|-0.0421|-0.7255|0.0718||47.40|4|43.30|14
GME211210C00225000|3.10|3.10|3.00|3.45|3.00|20|-0.45|-0.1304|14|348|1|2|0.1367|0.0061|0.0048|-0.4940|0.0571||3.80|109|2.59|5
GME211210P00225000||||47.35|47.35|20|0.00|0.0000|1|462|0|0|-0.8551|0.0061|-0.0443|-0.5281|0.0594||50.25|12|45.60|17
GME211210C00227500||||3.35|3.35|21|0.00|0.0000|1|24|0|0|0.1292|0.0057|0.0045|-0.4845|0.0548||3.45|58|2.32|30
GME211210P00227500||||34.06|34.06|21|0.00|0.0000|0|35|0|0|-0.9975|0.0005|-0.0498|-0.0069|0.0020||52.75|20|47.90|14
GME211210C00230000|2.73|2.73|2.55|3.09|2.55|22|-0.54|-0.1748|2|395|2|3|0.1383|0.0056|0.0054|-0.4816|0.0610||2.85|14|2.32|10
GME211210P00230000||||41.51|41.51|22|0.00|0.0000|0|38|0|0|-0.6691|0.0050|-0.2327|-0.2871|0.2265||54.85|10|50.25|14
GME211210C00232500||||2.69|2.69|23|0.00|0.0000|3|33|0|0|0.1080|0.0051|0.0038|-0.4239|0.0484||2.80|27|1.99|38
GME211210P00232500||||56.09|56.09|23|0.00|0.0000|-5|6|0|0|-0.8368|0.0055|-0.0454|-0.6843|0.0641||57.25|10|52.60|14
GME211210C00235000||||2.78|2.78|24|0.00|0.0000|-4|898|0|0|0.3817|0.0042|0.0612|-0.3769|0.2382||2.80|67|1.99|15
GME211210P00235000||||58.42|58.42|24|0.00|0.0000|-1|35|0|0|-0.8408|0.0054|-0.0461|-0.6843|0.0632||59.70|1|54.95|16
GME211210C00237500||||2.69|2.69|25|0.00|0.0000|1|19|0|0|0.1041|0.0047|0.0036|-0.4356|0.0471||3.90|62|1.04|83
GME211210P00237500||||48.03|48.03|25|0.00|0.0000|0|25|0|0|-0.9475|0.0035|-0.0502|-0.2062|0.0279||62.80|10|57.30|17
GME211210C00240000|2.31|2.47|2.26|2.92|2.40|26|-0.52|-0.1781|-13|317|1|4|0.1086|0.0046|0.0038|-0.4713|0.0486||2.50|47|1.85|1
GME211210P00240000||||58.15|58.15|26|0.00|0.0000|1|34|0|0|-0.9281|0.0039|-0.0501|-0.2988|0.0357||64.45|10|59.65|17
GME211210C00245000|2.10|2.10|2.10|2.20|2.10|27|-0.10|-0.0455|-6|166|1|1|0.0855|0.0040|0.0030|-0.3840|0.0407||2.50|84|1.60|12
GME211210P00245000||||50.19|50.19|27|0.00|0.0000|0|23|0|0|-0.9949|0.0007|-0.0535|-0.0196|0.0038||69.30|1|64.35|14
GME211210C00250000|1.90|2.02|1.60|2.01|1.82|28|-0.19|-0.0945|110|2300|1|10|0.0759|0.0036|0.0026|-0.3579|0.0372||2.04|36|1.57|1
GME211210P00250000||||60.35|60.35|28|0.00|0.0000|0|15|0|0|-0.9892|0.0011|-0.0544|-0.0456|0.0074||73.75|5|69.20|12
GME211210C00255000||||2.02|2.02|29|0.00|0.0000|-4|61|0|0|0.0752|0.0034|0.0026|-0.3716|0.0370||1.92|26|1.20|46
GME211210P00255000||||40.40|40.40|29|0.00|0.0000|0|5|0|0|-0.9997|0.0001|-0.0559|-0.0003|0.0003||79.20|12|74.00|13
GME211210C00260000|1.79|1.79|1.55|1.73|1.55|30|-0.18|-0.1040|38|974|1|4|0.0649|0.0030|0.0023|-0.3324|0.0330||1.78|45|1.20|18
GME211210P00260000||||69.85|69.85|30|0.00|0.0000|0|22|0|0|-0.9887|0.0010|-0.0566|-0.0530|0.0077||83.75|5|78.85|14
GME211210C00270000||||1.60|1.60|31|0.00|0.0000|-27|193|0|0|0.0570|0.0026|0.0020|-0.3166|0.0298||1.78|94|1.01|19
GME211210P00270000||||75.18|75.18|31|0.00|0.0000|0|14|0|0|-0.9609|0.0021|-0.0578|-0.2117|0.0221||94.20|12|88.60|13
GME211210C00280000||||1.40|1.40|32|0.00|0.0000|16|242|0|0|0.0496|0.0022|0.0017|-0.2945|0.0267||1.37|30|0.91|12
GME211210P00280000||||84.53|84.53|32|0.00|0.0000|0|1|0|0|-0.9695|0.0017|-0.0603|-0.1762|0.0180||104.40|12|98.45|13
GME211210C00290000|1.16|1.16|1.16|1.25|1.16|33|-0.09|-0.0720|21|171|2|2|0.0427|0.0019|0.0015|-0.2698|0.0236||1.37|67|0.77|12
GME211210P00290000||||82.25|82.25|33|0.00|0.0000|0|7|0|0|-0.9985|0.0002|-0.0635|-0.0078|0.0013||113.70|12|108.30|13
GME211210C00300000|1.20|1.20|0.80|1.11|0.86|34|-0.25|-0.2252|43|919|1|9|0.0379|0.0017|0.0013|-0.2523|0.0215||1.00|22|0.69|21
GME211210P00300000||||76.00|76.00|34|0.00|0.0000|0|14|0|0|-0.9998|0.0000|-0.0657|-0.0001|0.0002||124.10|12|118.20|12
GME211210C00310000||||0.95|0.95|35|0.00|0.0000|108|264|0|0|0.0321|0.0014|0.0011|-0.2245|0.0187||0.97|31|0.35|107
GME211210P00310000||||83.61|83.61|35|0.00|0.0000|0|4|0|0|-0.9997|0.0000|-0.0679|-0.0008|0.0003||133.70|12|128.15|2
GME211210C00320000||||0.93|0.93|36|0.00|0.0000|2|276|0|0|0.0304|0.0013|0.0011|-0.2240|0.0179||0.97|60|0.35|98
GME211210P00320000||||89.47|89.47|36|0.00|0.0000|0|3|0|0|-0.9451|0.0019|-0.3926|-0.0708|0.0694||144.10|2|138.10|12
GME211210C00330000||||0.72|0.72|37|0.00|0.0000|-17|246|0|0|0.0291|0.0012|0.0011|-0.2001|0.0181||0.97|84|0.35|103
GME211210P00330000||||||37||||0|0|0|-1.0000|0.0000|-0.0723|0.0011|0.0000||153.95|12|148.05|1
GME211210C00340000|0.75|0.75|0.75|0.75|0.75|38|0.00|0.0000|-1|87|5|5|0.0322|0.0013|0.0012|-0.2311|0.0200||0.97|69|0.35|53
GME211210P00340000||||||38||||0|0|0|-1.0000|0.0000|-0.0745|0.0011|0.0000||165.30|12|158.05|12
GME211210C00350000|0.49|0.49|0.49|0.69|0.49|39|-0.20|-0.2899|49|437|10|10|0.0216|0.0009|0.0007|-0.1792|0.0135||0.69|52|0.35|6
GME211210P00350000||||||39||||0|0|0|-1.0000|0.0000|-0.0767|0.0011|0.0000||173.80|12|168.05|12
GME211210C00360000|0.55|0.55|0.55|0.61|0.55|40|-0.06|-0.0984|-2|85|2|2|0.0189|0.0008|0.0007|-0.1624|0.0120||0.67|41|0.27|31
GME211210P00360000||||||40||||0|0|0|-1.0000|0.0000|-0.4536|0.0012|0.0000||184.25|12|178.05|2
GME211210C00370000||||0.75|0.75|41|0.00|0.0000|0|21|0|0|0.0218|0.0009|0.0007|-0.1947|0.0135||0.54|22|0.27|51
GME211210P00370000||||||41||||0|0|0|-1.0000|0.0000|-0.0811|0.0012|0.0000||194.20|12|188.05|12
GME211210C00380000||||0.54|0.54|42|0.00|0.0000|-1|50|0|0|0.0159|0.0007|0.0005|-0.1462|0.0104||0.54|43|0.27|14
GME211210P00380000||||||42||||0|0|0|-1.0000|0.0000|-0.0833|0.0012|0.0000||204.40|12|198.10|31
GME211210C00390000||||0.49|0.49|43|0.00|0.0000|5|52|0|0|0.0145|0.0006|0.0005|-0.1372|0.0096||0.40|1|0.26|14
GME211210P00390000||||||43||||0|0|0|-1.0000|0.0000|-0.4914|0.0013|0.0000||214.90|3|208.10|12
GME211210C00400000|0.40|0.40|0.40|0.45|0.40|44|-0.05|-0.1111|-6|420|3|8|0.0132|0.0006|0.0005|-0.1280|0.0088||0.40|5|0.28|1
GME211210P00400000||||||44||||0|0|0|-1.0000|0.0000|-0.0877|0.0013|0.0000||224.65|12|218.15|12
GME211210C00410000||||0.44|0.44|45|0.00|0.0000|7|59|0|0|0.0115|0.0005|0.0004|-0.1143|0.0077||0.37|1|0.27|2
GME211210P00410000||||||45||||0|0|0|-1.0000|0.0000|-0.1011|0.0013|0.0000||233.15|12|228.15|12
GME211210C00420000|0.31|0.31|0.31|0.40|0.31|46|-0.09|-0.2250|2|171|1|1|0.0114|0.0005|0.0004|-0.1167|0.0078||0.38|16|0.21|16
GME211210P00420000||||||46||||0|0|0|-1.0000|0.0000|-0.0921|0.0014|0.0000||244.55|4|238.15|12
GME211210C00430000||||0.40|0.40|47|0.00|0.0000|262|304|0|0|0.0112|0.0005|0.0004|-0.1173|0.0077||0.37|1|0.18|12
GME211210P00430000||||||47||||0|0|0|-1.0000|0.0000|-0.5418|0.0014|0.0000||254.05|12|248.20|12
GME211210C00440000||||0.36|0.36|48|0.00|0.0000|34|67|0|0|0.0099|0.0004|0.0003|-0.1057|0.0069||0.37|13|0.17|12
GME211210P00440000||||||48||||0|0|0|-1.0000|0.0000|-0.0964|0.0014|0.0000||264.00|12|258.20|12
GME211210C00450000||||0.37|0.37|49|0.00|0.0000|190|288|0|0|0.0101|0.0004|0.0003|-0.1105|0.0070||0.37|16|0.17|4
GME211210P00450000||||||49||||0|0|0|-1.0000|0.0000|-0.0986|0.0015|0.0000||274.50|12|268.25|1
GME211210C00460000|0.33|0.33|0.32|0.27|0.32|50|0.05|0.1852|0|18|1|11|0.0105|0.0004|0.0004|-0.1045|0.0076||0.33|1|0.17|2
GME211210P00460000||||||50||||0|0|0|-1.0000|0.0000|-0.1008|0.0015|0.0000||283.45|12|278.25|1
GME211210C00470000||||0.22|0.22|51|0.00|0.0000|7|22|0|0|0.0096|0.0004|0.0004|-0.0975|0.0071||0.37|31|0.16|12
GME211210P00470000||||||51||||0|0|0|-1.0000|0.0000|-0.5922|0.0015|0.0000||293.85|12|288.25|1
GME211210C00480000||||0.25|0.25|52|0.00|0.0000|1|33|0|0|0.0067|0.0003|0.0002|-0.0782|0.0049||0.37|34|0.18|1
GME211210P00480000||||||52||||0|0|0|-1.0000|0.0000|-0.1052|0.0016|0.0000||303.80|12|298.30|1
GME211210C00490000||||0.24|0.24|53|0.00|0.0000|2|93|0|0|0.0101|0.0004|0.0004|-0.1063|0.0074||0.37|38|0.18|5
GME211210P00490000||||||53||||0|0|0|-1.0000|0.0000|-0.1074|0.0016|0.0000||313.30|12|308.30|1
GME211210C00500000|0.33|0.33|0.25|0.26|0.25|54|-0.01|-0.0385|-6|850|3|6|0.0066|0.0003|0.0002|-0.0795|0.0048||0.29|271|0.18|1
GME211210P00500000||||||54||||0|0|0|-1.0000|0.0000|-0.1096|0.0016|0.0000||323.25|12|318.10|20
GME211210C00510000|0.27|0.30|0.24|0.18|0.24|55|0.06|0.3333|1|2026|5|33|0.0047|0.0002|0.0002|-0.0577|0.0036||0.25|10|0.18|4
GME211210P00510000||||||55||||0|0|0|-1.0000|0.0000|-0.1118|0.0017|0.0000||334.25|12|328.30|1
GME211217C00080000||||94.56|94.56|19|0.00|0.0000|1|2|0|0|0.9028|0.0010|0.0220|-0.9181|0.0633||102.10|3|97.40|3
GME211217P00080000||||0.35|0.35|19|0.00|0.0000|1|350|0|0|-0.0717|0.0011|-0.0263|-0.1617|0.0917||0.70|70|0.05|155
GME211217C00085000||||95.85|95.85|18|0.00|0.0000|0|1|0|0|0.9673|0.0009|0.0342|-0.1811|0.0269||97.25|4|92.70|27
GME211217P00085000||||0.43|0.43|18|0.00|0.0000|-1|121|0|0|-0.0147|0.0006|-0.0012|-0.0796|0.0133||0.50|16|0.05|163
GME211217C00090000||||137.00|137.00|17|0.00|0.0000|0|4|0|0|0.9000|0.0005|0.0115|-1.7668|0.0646||92.40|10|87.10|20
GME211217P00090000||||0.53|0.53|17|0.00|0.0000|2|68|0|0|-0.0205|0.0008|-0.0017|-0.1005|0.0174||1.03|70|0.09|82
GME211217C00100000||||79.69|79.69|16|0.00|0.0000|1|50|0|0|0.9987|0.0001|0.0410|-0.0054|0.0016||82.50|1|77.45|12
GME211217P00100000||||0.76|0.76|16|0.00|0.0000|-205|664|0|0|-0.0018|0.0002|-0.0001|-0.0067|0.0020||0.88|36|0.50|9
GME211217C00105000||||66.05|66.05|15|0.00|0.0000|0|1|0|0|0.9972|0.0003|0.0429|-0.0100|0.0031||77.65|12|72.00|12
GME211217P00105000|1.00|1.00|1.00|0.86|1.00|15|0.14|0.1628|51|140|2|3|-0.0029|0.0003|-0.0002|-0.0100|0.0031||1.52|111|0.70|1
GME211217C00110000||||73.25|73.25|14|0.00|0.0000|0|1|0|0|0.9957|0.0004|0.0449|-0.0140|0.0045||72.80|1|67.35|12
GME211217P00110000|0.35|0.35|0.35|1.02|0.35|14|-0.67|-0.6569|-21|354|1|1|-0.0078|0.0006|-0.0006|-0.0227|0.0077||1.81|108|0.50|153
GME211217C00115000||||112.11|112.11|13|0.00|0.0000|0|2|0|0|0.9930|0.0006|0.0467|-0.0211|0.0070||68.00|12|62.90|12
GME211217P00115000||||1.21|1.21|13|0.00|0.0000|14|162|0|0|-0.0096|0.0008|-0.0007|-0.0283|0.0091||1.45|25|0.45|141
GME211217C00120000||||64.15|64.15|12|0.00|0.0000|0|51|0|0|0.9054|0.0029|0.1457|-0.0939|0.1130||63.25|15|58.35|13
GME211217P00120000||||1.39|1.39|12|0.00|0.0000|5|158|0|0|-0.0156|0.0012|-0.0012|-0.0428|0.0140||2.37|101|1.00|88
GME211217C00125000||||79.68|79.68|11|0.00|0.0000|0|35|0|0|0.8810|0.0033|0.1452|-0.1122|0.1334||58.60|13|53.95|12
GME211217P00125000|2.35|2.35|2.35|1.88|2.35|11|0.47|0.2500|2|207|1|1|-0.0358|0.0024|-0.0029|-0.0822|0.0286||2.78|128|1.10|106
GME211217C00130000||||55.70|55.70|10|0.00|0.0000|0|10|0|0|0.9633|0.0026|0.0506|-0.0843|0.0287||53.95|2|49.15|6
GME211217P00130000||||2.21|2.21|10|0.00|0.0000|11|206|0|0|-0.0417|0.0027|-0.0033|-0.0966|0.0318||3.30|148|1.02|170
GME211217C00135000||||90.47|90.47|9|0.00|0.0000|0|3|0|0|0.9421|0.0037|0.0509|-0.1220|0.0413||49.45|14|45.50|5
GME211217P00135000||||2.72|2.72|9|0.00|0.0000|9|149|0|0|-0.0615|0.0038|-0.0048|-0.1302|0.0433||3.80|78|1.40|147
GME211217C00140000||||44.07|44.07|8|0.00|0.0000|2|148|0|0|0.9172|0.0049|0.0510|-0.1582|0.0544||45.05|25|41.20|5
GME211217P00140000||||3.50|3.50|8|0.00|0.0000|264|813|0|0|-0.0954|0.0051|-0.0081|-0.1759|0.0625||4.40|108|1.89|181
GME211217C00145000||||96.94|96.94|7|0.00|0.0000|0|57|0|0|0.8787|0.0065|0.0500|-0.2102|0.0718||40.85|14|37.30|5
GME211217P00145000||||4.02|4.02|7|0.00|0.0000|23|234|0|0|-0.1289|0.0065|-0.0102|-0.2271|0.0749||4.90|20|2.72|192
GME211217C00150000||||35.91|35.91|6|0.00|0.0000|0|71|0|0|0.8344|0.0079|0.0484|-0.2612|0.0886||37.00|25|33.05|5
GME211217P00150000|4.30|4.93|4.30|5.05|4.93|6|-0.12|-0.0238|223|1842|1|4|-0.1681|0.0078|-0.0135|-0.2708|0.0896||5.50|10|4.10|141
GME211217C00155000||||30.10|30.10|5|0.00|0.0000|1|12|0|0|0.7664|0.0099|0.0451|-0.3158|0.1078||33.15|24|29.50|8
GME211217P00155000|5.75|5.75|5.75|6.54|5.75|5|-0.79|-0.1208|0|308|1|2|-0.2210|0.0090|-0.0191|-0.3075|0.1094||6.85|9|5.45|141
GME211217C00160000||||29.27|29.27|4|0.00|0.0000|-1|96|0|0|0.7351|0.0105|0.0443|-0.3397|0.1169||29.45|61|26.40|4
GME211217P00160000|7.30|7.30|7.30|7.75|7.30|4|-0.45|-0.0581|390|1040|1|1|-0.2742|0.0100|-0.0239|-0.3453|0.1228||8.40|10|6.70|171
GME211217C00165000||||24.60|24.60|3|0.00|0.0000|0|82|0|0|0.6458|0.0120|0.0391|-0.3863|0.1309||26.20|63|23.20|4
GME211217P00165000|8.93|8.93|8.93|9.77|8.93|3|-0.84|-0.0860|3|310|1|1|-0.3289|0.0112|-0.0270|-0.3902|0.1290||10.65|11|6.85|209
GME211217C00170000||||23.22|23.22|2|0.00|0.0000|0|117|0|0|0.6075|0.0064|0.1167|-0.2182|0.2578||23.30|55|19.85|14
GME211217P00170000|11.88|11.88|11.88|11.75|11.88|2|0.13|0.0111|-17|1066|1|1|-0.3899|0.0117|-0.0323|-0.4191|0.1369||12.50|14|11.70|2
GME211217C00175000||||20.50|20.50|1|0.00|0.0000|-5|183|0|0|0.5485|0.0125|0.0343|-0.4188|0.1413||20.60|65|17.05|16
GME211217P00175000|13.36|13.36|13.36|14.33|13.36|1|-0.97|-0.0677|17|720|1|1|-0.4798|0.0124|-0.0398|-0.4281|0.1402||14.80|11|11.40|191
GME211217C00180000||||17.98|17.98|1|0.00|0.0000|-23|442|0|0|0.4866|0.0125|0.0307|-0.4234|0.1423||18.05|93|14.85|22
GME211217P00180000|15.88|15.88|15.88|17.10|15.88|1|-1.22|-0.0713|12|1074|1|1|-0.5086|0.0118|-0.0461|-0.4194|0.1470||17.20|1|16.40|1
GME211217C00185000|15.60|15.60|14.47|15.00|14.47|2|-0.53|-0.0353|2|270|2|3|0.4273|0.0123|0.0272|-0.4185|0.1400||15.60|71|12.60|15
GME211217P00185000||||19.25|19.25|2|0.00|0.0000|-14|255|0|0|-0.5699|0.0120|-0.0487|-0.4266|0.1401||20.80|10|16.65|120
GME211217C00187500|14.08|14.08|14.08|15.87|14.08|3|-1.79|-0.1128|0|39|1|1|0.5293|0.0049|0.0939|-0.3079|0.2632||15.20|66|11.60|25
GME211217P00187500||||19.77|19.77|3|0.00|0.0000|1|116|0|0|-0.5969|0.0103|-0.0523|-0.4860|0.1362||22.65|10|17.85|81
GME211217C00190000|13.45|13.45|13.45|13.83|13.45|4|-0.38|-0.0275|15|254|1|1|0.3720|0.0117|0.0238|-0.4061|0.1349||14.20|98|11.00|22
GME211217P00190000|20.42|20.42|20.42|22.61|20.42|4|-2.19|-0.0969|-4|446|1|1|-0.6234|0.0115|-0.0540|-0.4170|0.1355||23.75|10|19.40|89
GME211217C00192500|11.38|11.38|11.38|12.50|11.38|5|-1.12|-0.0896|2|30|1|1|0.3934|0.0094|0.0243|-0.5233|0.1372||13.35|68|10.50|16
GME211217P00192500||||24.00|24.00|5|0.00|0.0000|-1|111|0|0|-0.6279|0.0094|-0.0563|-0.5096|0.1331||25.60|10|21.05|88
GME211217C00195000|11.07|11.07|11.07|11.09|11.07|6|-0.02|-0.0018|-1|147|2|2|0.3221|0.0110|0.0207|-0.3891|0.1279||12.20|63|9.75|24
GME211217P00195000||||25.45|25.45|6|0.00|0.0000|50|473|0|0|-0.6730|0.0109|-0.0591|-0.3992|0.1287||27.30|12|22.80|81
GME211217C00197500||||10.80|10.80|7|0.00|0.0000|3|41|0|0|0.3517|0.0091|0.0219|-0.5051|0.1324||11.80|58|9.20|3
GME211217P00197500||||27.65|27.65|7|0.00|0.0000|0|93|0|0|-0.5129|0.0051|-0.1963|-0.2964|0.2674||28.95|5|24.60|66
GME211217C00200000|9.90|9.90|9.22|10.05|9.22|8|-0.83|-0.0826|902|2001|1|5|0.2785|0.0102|0.0180|-0.3696|0.1198||10.70|81|8.80|1
GME211217P00200000||||29.20|29.20|8|0.00|0.0000|-2|1919|0|0|-0.7390|0.0097|-0.0655|-0.3606|0.1144||30.85|10|27.00|99
GME211217C00202500||||9.79|9.79|9|0.00|0.0000|18|36|0|0|0.3202|0.0085|0.0200|-0.5018|0.1276||10.50|69|7.85|10
GME211217P00202500||||30.45|30.45|9|0.00|0.0000|1|117|0|0|-0.6895|0.0087|-0.0637|-0.4759|0.1260||32.90|10|29.00|72
GME211217C00205000|9.80|9.80|9.80|8.75|9.80|10|1.05|0.1200|-4|53|1|1|0.2966|0.0084|0.0186|-0.4752|0.1234||10.15|107|7.40|7
GME211217P00205000||||33.98|33.98|10|0.00|0.0000|0|165|0|0|-0.6813|0.0080|-0.0645|-0.5330|0.1274||35.20|12|31.00|85
GME211217C00207500||||8.90|8.90|11|0.00|0.0000|4|32|0|0|0.4502|0.0049|0.0839|-0.3038|0.2655||9.70|100|5.95|106
GME211217P00207500||||21.30|21.30|11|0.00|0.0000|0|181|0|0|-0.9832|0.0031|-0.0841|-0.0182|0.0149||36.80|10|32.50|85
GME211217C00210000||||7.50|7.50|12|0.00|0.0000|-30|815|0|0|0.1984|0.0084|0.0130|-0.3068|0.0994||9.10|107|5.40|159
GME211217P00210000||||36.95|36.95|12|0.00|0.0000|-11|215|0|0|-0.7963|0.0084|-0.0730|-0.3166|0.1010||38.80|6|35.25|71
GME211217C00212500||||6.50|6.50|13|0.00|0.0000|0|22|0|0|0.2373|0.0077|0.0151|-0.4122|0.1102||8.65|87|5.35|105
GME211217P00212500||||42.25|42.25|13|0.00|0.0000|0|59|0|0|-0.5251|0.0041|-0.2256|-0.3657|0.2670||40.90|3|36.50|60
GME211217C00215000||||6.90|6.90|14|0.00|0.0000|4|97|0|0|0.2400|0.0073|0.0152|-0.4414|0.1109||8.25|101|5.35|90
GME211217P00215000||||42.25|42.25|14|0.00|0.0000|2|101|0|0|-0.5578|0.0045|-0.2315|-0.3295|0.2647||42.90|5|38.80|30
GME211217C00217500||||7.20|7.20|15|0.00|0.0000|1|39|0|0|0.2385|0.0069|0.0149|-0.4622|0.1103||7.85|126|5.35|8
GME211217P00217500||||47.80|47.80|15|0.00|0.0000|0|23|0|0|-0.5198|0.0038|-0.2346|-0.3983|0.2672||45.30|9|40.95|17
GME211217C00220000||||6.50|6.50|16|0.00|0.0000|1|1903|0|0|0.1394|0.0067|0.0092|-0.2466|0.0792||7.50|158|5.35|1
GME211217P00220000||||46.55|46.55|16|0.00|0.0000|1|446|0|0|-0.8530|0.0067|-0.0808|-0.2618|0.0821||47.40|8|43.15|38
GME211217C00222500||||6.60|6.60|17|0.00|0.0000|2|69|0|0|0.2211|0.0065|0.0139|-0.4543|0.1059||7.15|113|4.45|115
GME211217P00222500||||49.15|49.15|17|0.00|0.0000|11|21|0|0|-0.7523|0.0063|-0.0762|-0.5270|0.1128||49.60|5|45.35|15
GME211217C00225000||||5.80|5.80|18|0.00|0.0000|-7|98|0|0|0.1993|0.0062|0.0126|-0.4169|0.0995||6.85|76|4.45|71
GME211217P00225000||||49.64|49.64|18|0.00|0.0000|-1|30|0|0|-0.7910|0.0063|-0.0793|-0.4395|0.1025||52.05|5|47.60|21
GME211217C00227500||||5.60|5.60|19|0.00|0.0000|0|8|0|0|0.1939|0.0060|0.0122|-0.4166|0.0980||6.65|116|4.35|24
GME211217P00227500||||51.86|51.86|19|0.00|0.0000|0|60|0|0|-0.7893|0.0060|-0.0857|-0.4326|0.1064||54.00|4|49.85|15
GME211217C00230000|6.00|6.00|6.00|5.09|6.00|20|0.91|0.1788|11|442|2|2|0.1010|0.0052|0.0067|-0.2021|0.0631||6.50|175|4.15|13
GME211217P00230000||||54.21|54.21|20|0.00|0.0000|1|64|0|0|-0.8861|0.0054|-0.0928|-0.2161|0.0710||56.80|12|52.15|29
GME211217C00232500|4.35|4.35|4.35|4.45|4.35|21|-0.10|-0.0225|0|80|1|1|0.1626|0.0056|0.0104|-0.3621|0.0877||6.20|102|4.00|46
GME211217P00232500||||53.30|53.30|21|0.00|0.0000|0|19|0|0|-0.8837|0.0052|-0.0879|-0.2449|0.0698||58.70|4|54.40|18
GME211217C00235000|4.25|4.25|4.25|5.14|4.25|22|-0.89|-0.1732|0|74|1|1|0.1752|0.0054|0.0110|-0.4094|0.0921||6.05|134|3.85|10
GME211217P00235000||||54.70|54.70|22|0.00|0.0000|0|60|0|0|-0.7256|0.0051|-0.2844|-0.2033|0.2235||61.05|4|56.75|27
GME211217C00240000||||4.35|4.35|23|0.00|0.0000|48|356|0|0|0.0679|0.0038|0.0045|-0.1507|0.0467||5.65|151|3.80|1
GME211217P00240000||||65.50|65.50|23|0.00|0.0000|0|54|0|0|-0.9244|0.0040|-0.0936|-0.1678|0.0508||66.40|1|61.40|24
GME211217C00245000||||3.98|3.98|24|0.00|0.0000|143|230|0|0|0.3481|0.0041|0.0653|-0.3142|0.2479||5.45|153|3.15|96
GME211217P00245000||||71.40|71.40|24|0.00|0.0000|-2|47|0|0|-0.7821|0.0048|-0.0876|-0.5990|0.1051||71.40|22|66.35|14
GME211217C00250000|4.20|4.20|3.36|3.70|3.65|25|-0.05|-0.0135|-24|1145|1|10|0.0483|0.0029|0.0032|-0.1173|0.0358||4.15|75|3.00|21
GME211217P00250000||||73.53|73.53|25|0.00|0.0000|0|56|0|0|-0.9480|0.0030|-0.0993|-0.1261|0.0380||75.80|10|70.85|15
GME211217C00255000||||3.60|3.60|26|0.00|0.0000|0|355|0|0|0.1243|0.0041|0.0079|-0.3441|0.0732||4.15|104|2.86|7
GME211217P00255000||||39.75|39.75|26|0.00|0.0000|0|5|0|0|-0.9996|0.0001|-0.1048|0.0000|0.0005||80.50|10|75.55|14
GME211217C00260000||||3.40|3.40|27|0.00|0.0000|3|519|0|0|0.0332|0.0021|0.0022|-0.0874|0.0264||4.05|119|2.58|97
GME211217P00260000||||78.20|78.20|27|0.00|0.0000|0|21|0|0|-0.9638|0.0022|-0.1044|-0.0947|0.0283||85.50|20|80.35|15
GME211217C00270000||||2.82|2.82|28|0.00|0.0000|34|575|0|0|0.0241|0.0016|0.0016|-0.0684|0.0202||4.05|150|2.38|34
GME211217P00270000||||65.35|65.35|28|0.00|0.0000|0|49|0|0|-0.9685|0.0019|-0.1161|-0.0838|0.0261||94.70|4|89.95|15
GME211217C00280000||||2.63|2.63|29|0.00|0.0000|-3|2029|0|0|0.1569|0.0035|0.0326|-0.1561|0.1590||4.05|166|2.05|94
GME211217P00280000||||91.00|91.00|29|0.00|0.0000|0|10|0|0|-0.9806|0.0013|-0.1138|-0.0583|0.0168||104.70|6|99.65|13
GME211217C00290000||||2.57|2.57|30|0.00|0.0000|1|523|0|0|0.1510|0.0033|0.0318|-0.1573|0.1571||3.40|133|2.03|14
GME211217P00290000||||68.50|68.50|30|0.00|0.0000|0|25|0|0|-0.9841|0.0010|-0.1181|-0.0508|0.0142||114.70|12|109.40|2
GME211217C00300000|2.05|2.16|2.05|2.15|2.16|31|0.01|0.0047|560|5707|1|2|0.1370|0.0030|0.0289|-0.1495|0.1471||2.37|61|2.00|1
GME211217P00300000||||125.00|125.00|31|0.00|0.0000|0|20|0|0|-0.9862|0.0009|-0.1305|-0.0435|0.0130||124.70|12|118.95|15
GME211217C00310000||||2.03|2.03|32|0.00|0.0000|-2|367|0|0|0.0070|0.0005|0.0005|-0.0253|0.0070||2.37|95|1.80|1
GME211217P00310000||||102.75|102.75|32|0.00|0.0000|0|3|0|0|-0.8673|0.0029|-0.4223|-0.1510|0.1439||134.70|12|128.80|16
GME211217C00320000||||1.73|1.73|33|0.00|0.0000|41|448|0|0|0.0054|0.0004|0.0004|-0.0203|0.0055||2.37|143|1.64|1
GME211217P00320000||||96.00|96.00|33|0.00|0.0000|0|17|0|0|-0.9934|0.0005|-0.1311|-0.0241|0.0066||144.65|12|138.65|13
GME211217C00330000||||1.75|1.75|34|0.00|0.0000|0|213|0|0|0.1059|0.0024|0.0224|-0.1305|0.1227||2.37|125|1.00|145
GME211217P00330000||||159.50|159.50|34|0.00|0.0000|0|3|0|0|-0.9949|0.0004|-0.1353|-0.0191|0.0053||154.65|12|148.50|13
GME211217C00340000||||1.60|1.60|35|0.00|0.0000|0|232|0|0|0.0034|0.0002|0.0002|-0.0139|0.0036||2.37|114|1.00|112
GME211217P00340000||||126.85|126.85|35|0.00|0.0000|0|7|0|0|-0.9960|0.0003|-0.1395|-0.0152|0.0042||164.50|12|158.40|18
GME211217C00350000||||1.40|1.40|36|0.00|0.0000|23|1013|0|0|0.0037|0.0003|0.0003|-0.0147|0.0040||2.08|123|1.00|102
GME211217P00350000||||133.85|133.85|36|0.00|0.0000|0|4|0|0|-0.9967|0.0002|-0.1436|-0.0130|0.0036||174.50|12|168.30|16
GME211217C00360000||||1.37|1.37|37|0.00|0.0000|-4|304|0|0|0.0020|0.0001|0.0001|-0.0088|0.0022||2.08|149|0.83|123
GME211217P00360000||||||37|||0|0|0|0|-0.9972|0.0002|-0.1478|-0.0112|0.0031||184.50|12|178.25|19
GME211217C00370000||||1.45|1.45|38|0.00|0.0000|0|447|0|0|0.0028|0.0002|0.0002|-0.0119|0.0031||2.08|150|0.81|132
GME211217P00370000||||172.65|172.65|38|0.00|0.0000|0|3|0|0|-0.9968|0.0002|-0.1620|-0.0126|0.0036||194.50|12|188.15|12
GME211217C00380000||||1.20|1.20|39|0.00|0.0000|-1|168|0|0|0.0017|0.0001|0.0001|-0.0081|0.0019||2.08|129|0.81|78
GME211217P00380000||||165.60|165.60|39|0.00|0.0000|0|17|0|0|-0.9980|0.0001|-0.1560|-0.0080|0.0022||204.50|12|198.10|12
GME211217C00390000||||1.18|1.18|40|0.00|0.0000|1|193|0|0|0.0015|0.0001|0.0001|-0.0076|0.0018||2.08|133|1.00|3
GME211217P00390000||||||40|||0|0|0|0|-0.9983|0.0001|-0.1601|-0.0072|0.0020||214.60|1|208.05|12
GME211217C00400000||||1.08|1.08|41|0.00|0.0000|19|1185|0|0|0.0012|0.0001|0.0001|-0.0062|0.0014||1.25|23|1.00|3
GME211217P00400000||||198.90|198.90|41|0.00|0.0000|0|3|0|0|-0.9984|0.0001|-0.1643|-0.0066|0.0018||224.50|2|218.00|39
GME211217C00410000||||1.00|1.00|42|0.00|0.0000|1|205|0|0|0.0010|0.0001|0.0001|-0.0051|0.0012||1.25|73|0.55|147
GME211217P00410000||||190.90|190.90|42|0.00|0.0000|0|3|0|0|-0.9986|0.0001|-0.1684|-0.0057|0.0016||235.70|12|228.00|10
GME211217C00420000||||0.95|0.95|43|0.00|0.0000|3|542|0|0|0.0009|0.0001|0.0001|-0.0046|0.0011||1.25|86|0.55|135
GME211217P00420000||||189.85|189.85|43|0.00|0.0000|0|16|0|0|-0.9992|0.0001|-0.1725|-0.0026|0.0009||244.45|16|237.95|12
GME211217C00430000||||0.97|0.97|44|0.00|0.0000|0|208|0|0|0.0008|0.0001|0.0001|-0.0041|0.0009||1.25|76|0.55|59
GME211217P00430000||||244.20|244.20|44|0.00|0.0000|0|0|0|0|-0.9362|0.0014|-0.6110|-0.1029|0.0838||254.45|12|248.15|12
GME211217C00440000||||1.15|1.15|45|0.00|0.0000|0|472|0|0|0.0006|0.0000|0.0000|-0.0036|0.0008||1.24|54|0.55|17
GME211217P00440000||||||45|||0|0|0|0|-0.9995|0.0000|-0.1808|-0.0014|0.0007||264.45|12|258.10|12
GME211217C00450000|0.60|0.60|0.60|0.79|0.60|46|-0.19|-0.2405|2|686|1|1|0.0005|0.0000|0.0000|-0.0029|0.0006||1.24|81|0.41|92
GME211217P00450000||||||46|||0|0|0|0|-0.9995|0.0000|-0.1849|-0.0011|0.0006||275.40|12|268.10|12
GME211217C00460000||||0.76|0.76|47|0.00|0.0000|2|1138|0|0|0.0005|0.0000|0.0000|-0.0029|0.0006||1.24|78|0.41|70
GME211217P00460000||||261.60|261.60|47|0.00|0.0000|0|5|0|0|-0.9443|0.0012|-0.6562|-0.0953|0.0754||284.65|12|278.10|12
GME211217C00470000||||0.78|0.78|48|0.00|0.0000|1|190|0|0|0.0227|0.0007|0.0014|-0.1399|0.0192||1.24|71|0.30|94
GME211217P00470000||||||48||||0|0|0|-1.0000|0.0000|-0.1931|0.0016|0.0000||294.55|12|288.10|2
GME211217C00480000||||0.60|0.60|49|0.00|0.0000|16|240|0|0|0.0178|0.0006|0.0011|-0.1115|0.0156||1.24|90|0.30|82
GME211217P00480000||||264.21|264.21|49|0.00|0.0000|0|7|0|0|-0.9829|0.0006|-0.1962|-0.1055|0.0151||304.50|2|298.10|2
GME211217C00490000||||0.52|0.52|50|0.00|0.0000|8|105|0|0|0.0158|0.0005|0.0010|-0.1004|0.0141||1.24|69|0.30|49
GME211217P00490000||||274.04|274.04|50|0.00|0.0000|0|7|0|0|-0.9844|0.0005|-0.2004|-0.0979|0.0140||315.35|12|308.10|2
GME211217C00500000||||0.50|0.50|51|0.00|0.0000|-47|2441|0|0|0.0151|0.0005|0.0009|-0.0977|0.0136||1.19|74|0.50|32
GME211217P00500000||||290.05|290.05|51|0.00|0.0000|0|7|0|0|-0.7672|0.0020|-0.6876|-0.4496|0.2050||325.30|12|318.10|15
GME211217C00510000|0.61|0.61|0.61|0.53|0.61|52|0.08|0.1509|25|1391|1|1|0.0156|0.0005|0.0010|-0.1031|0.0140||0.80|20|0.42|20
GME211217P00510000||||277.97|277.97|52|0.00|0.0000|0|0|0|0|-0.9954|0.0002|-0.2093|-0.0284|0.0048||335.25|12|328.10|3
GME211223C00100000||||80.77|80.77|12|0.00|0.0000|0|14|0|0|0.9707|0.0012|0.0541|-0.0918|0.0282||82.70|12|77.70|12
GME211223P00100000||||0.88|0.88|12|0.00|0.0000|8|124|0|0|-0.0323|0.0012|-0.0038|-0.1021|0.0306||1.74|40|0.07|72
GME211223C00110000||||||11||||0|0|0|1.0000|0.0000|0.0633|-0.0004|0.0000||73.15|12|67.55|3
GME211223P00110000||||1.33|1.33|11|0.00|0.0000|9|37|0|0|-0.0501|0.0019|-0.0058|-0.1369|0.0436||2.22|35|0.27|30
GME211223C00120000||||103.35|103.35|10|0.00|0.0000|0|1|0|0|0.8209|0.0012|0.0269|-1.3133|0.1104||63.70|13|58.10|3
GME211223P00120000||||1.15|1.15|10|0.00|0.0000|0|25|0|0|-0.0579|0.0025|-0.0069|-0.1232|0.0500||2.92|23|0.69|26
GME211223C00130000||||||9||||0|0|0|1.0000|0.0000|0.0784|-0.0005|0.0000||54.60|13|49.00|3
GME211223P00130000||||2.69|2.69|9|0.00|0.0000|70|142|0|0|-0.1074|0.0038|-0.0125|-0.2127|0.0780||3.90|38|1.15|43
GME211223C00140000||||||8||||0|0|0|1.0000|0.0000|0.0805|-0.0005|0.0000||45.95|12|40.95|3
GME211223P00140000||||4.40|4.40|8|0.00|0.0000|2|42|0|0|-0.1636|0.0052|-0.0193|-0.2804|0.1042||5.35|29|2.26|26
GME211223C00145000||||||7||||0|0|0|1.0000|0.0000|0.0834|-0.0005|0.0000||42.10|23|36.65|3
GME211223P00145000||||||7||||0|0|0|0.0000|0.0000|0.0000|0.0000|0.0000||6.35|32|3.00|39
GME211223C00150000||||55.90|55.90|6|0.00|0.0000|0|4|0|0|0.7143|0.0033|0.0444|-0.7993|0.1469||38.25|23|32.20|12
GME211223P00150000||||6.07|6.07|6|0.00|0.0000|-6|200|0|0|-0.2283|0.0066|-0.0284|-0.3148|0.1307||7.50|30|3.90|84
GME211223C00155000||||57.05|57.05|5|0.00|0.0000|0|10|0|0|0.6975|0.0031|0.0405|-0.9259|0.1473||34.45|23|29.85|12
GME211223P00155000||||9.30|9.30|5|0.00|0.0000|16|127|0|0|-0.2804|0.0066|-0.0361|-0.3929|0.1456||8.90|36|5.25|47
GME211223C00160000||||53.80|53.80|4|0.00|0.0000|0|12|0|0|0.6798|0.0032|0.0419|-0.9060|0.1546||31.05|34|26.30|13
GME211223P00160000||||9.45|9.45|4|0.00|0.0000|1|62|0|0|-0.3090|0.0078|-0.0373|-0.3806|0.1487||10.55|32|6.70|29
GME211223C00165000||||||3||||0|0|0|1.0000|0.0000|0.0949|-0.0006|0.0000||28.25|33|23.45|13
GME211223P00165000||||11.60|11.60|3|0.00|0.0000|0|21|0|0|-0.3528|0.0081|-0.0431|-0.4070|0.1568||12.35|33|8.40|29
GME211223C00170000||||25.94|25.94|2|0.00|0.0000|0|15|0|0|0.6041|0.0079|0.0484|-0.4460|0.1627||25.25|32|21.35|3
GME211223P00170000||||14.35|14.35|2|0.00|0.0000|0|33|0|0|-0.4155|0.0083|-0.0511|-0.4359|0.1624||14.40|12|10.35|42
GME211223C00175000|23.00|23.00|22.00|19.00|22.00|1|3.00|0.1579|0|3|1|2|0.5535|0.0104|0.0471|-0.3570|0.1669||22.65|36|18.45|5
GME211223P00175000|16.28|16.28|16.28|15.02|16.28|1|1.26|0.0839|-6|48|1|1|-0.4449|0.0091|-0.0547|-0.4073|0.1665||16.85|12|12.65|45
