symbol|open|high|low|preClose|close|activeLevel|change|changeRatio|openIntChange|openInterest|latestPriceVol|volume|delta|gamma|rho|theta|vega|tradeStamptradeTime|ask|avol|bid|bvol
GME211210C00100000||||70.90|70.90|13|0.00|0.0000|209|211|0|0|0.9465|0.0015|0.0097|-0.9886|0.0202||79.60|12|74.60|27
GME211210P00100000|1.09|1.09|0.56|1.14|0.66|13|-0.48|-0.4211|1314|2034|1|2687|-0.0252|0.0010|-0.0006|-0.4195|0.0110||0.66|48|0.65|1
GME211210C00110000||||76.13|76.13|12|0.00|0.0000|0|2|0|0|0.8717|0.0021|0.0086|-2.6238|0.0390||71.60|12|64.60|31
GME211210P00110000|1.45|1.51|0.77|1.52|0.87|12|-0.65|-0.4276|314|618|1|488|-0.0355|0.0015|-0.0008|-0.5017|0.0145||1.02|4|0.85|1
GME211210C00120000||||51.40|51.40|11|0.00|0.0000|1|2|0|0|0.9237|0.0026|0.0114|-0.9827|0.0267||62.45|12|54.80|27
GME211210P00120000|1.69|1.69|0.96|2.00|1.09|11|-0.91|-0.4550|513|1305|1|554|-0.0482|0.0022|-0.0010|-0.5703|0.0186||1.19|3|1.05|6
GME211210C00130000|46.31|46.31|44.86|41.19|44.86|10|3.67|0.0891|11|11|4|8|0.9994|0.0001|0.0142|-0.0052|0.0004||51.45|12|44.75|27
GME211210P00130000|1.70|2.49|1.26|2.60|1.50|10|-1.10|-0.4231|286|1131|45|1024|-0.0700|0.0033|-0.0015|-0.6865|0.0250||1.56|1|1.36|1
GME211210C00140000|37.03|39.00|35.20|34.35|35.20|9|0.85|0.0247|12|46|1|8|0.8537|0.0050|0.0121|-1.3200|0.0427||41.45|4|35.10|3
GME211210P00140000|2.50|2.97|1.73|3.80|1.96|9|-1.84|-0.4842|492|1223|1|614|-0.0988|0.0049|-0.0021|-0.7783|0.0324||1.96|1|1.66|8
GME211210C00145000|32.07|33.37|30.60|26.44|30.60|8|4.16|0.1573|13|21|1|14|0.8623|0.0060|0.0129|-1.0105|0.0410||36.45|5|30.75|3
GME211210P00145000|3.45|4.65|2.13|4.62|2.41|8|-2.21|-0.4784|250|373|1|567|-0.1227|0.0060|-0.0026|-0.8642|0.0378||2.51|16|2.09|16
GME211210C00150000|32.00|32.00|25.77|22.00|29.90|7|7.90|0.3591|-12|61|1|41|0.8668|0.0073|0.0136|-0.7910|0.0400||31.90|5|27.20|3
GME211210P00150000|3.90|5.15|2.64|5.68|2.98|7|-2.70|-0.4754|129|1024|1|1382|-0.1526|0.0073|-0.0033|-0.9546|0.0439||3.00|92|2.75|1
GME211210C00155000|23.75|25.48|23.75|18.50|24.20|6|5.70|0.3081|2|60|1|26|0.8784|0.0091|0.0145|-0.5581|0.0376||27.60|4|23.00|10
GME211210P00155000|4.50|5.15|3.45|7.06|3.85|6|-3.21|-0.4547|20|391|1|325|-0.1930|0.0087|-0.0042|-1.0733|0.0510||3.90|1|3.50|1
GME211210C00160000|20.40|24.00|18.02|15.22|21.70|5|6.48|0.4258|22|276|1|41|0.7723|0.0107|0.0127|-1.0614|0.0562||23.10|4|20.45|8
GME211210P00160000|6.10|6.80|4.20|8.50|4.76|5|-3.74|-0.4400|362|859|1|876|-0.2377|0.0104|-0.0051|-1.1517|0.0576||5.00|1|4.60|2
GME211210C00165000|17.00|21.23|15.50|12.90|18.05|4|5.15|0.3992|143|203|1|58|0.7119|0.0123|0.0119|-1.1793|0.0635||19.30|4|16.70|8
GME211210P00165000|7.50|8.80|5.55|10.86|6.30|4|-4.56|-0.4199|224|608|3|473|-0.2968|0.0117|-0.0064|-1.2754|0.0644||6.60|1|6.00|1
GME211210C00170000|14.80|18.10|12.45|10.50|15.30|3|4.80|0.4571|271|448|1|229|0.6402|0.0130|0.0108|-1.3421|0.0696||16.05|1|14.60|8
GME211210P00170000|10.15|12.00|7.00|13.50|8.20|3|-5.30|-0.3926|-41|554|1|949|-0.3613|0.0128|-0.0079|-1.3730|0.0697||8.70|13|8.00|8
GME211210C00175000|12.00|16.00|9.69|8.30|13.00|2|4.70|0.5663|198|470|1|1011|0.5710|0.0132|0.0097|-1.4643|0.0731||13.00|1|11.95|7
GME211210P00175000|12.67|14.70|9.15|16.30|10.60|2|-5.70|-0.3497|13|531|1|1034|-0.4290|0.0133|-0.0095|-1.4519|0.0731||11.05|8|9.40|5
GME211210C00177500|10.95|13.70|8.75|7.70|11.50|1|3.80|0.4935|132|179|1|273|0.5369|0.0136|0.0092|-1.4477|0.0739||12.00|1|10.75|8
GME211210P00177500|11.95|14.45|9.95|18.90|12.00|1|-6.90|-0.3651|-9|257|3|66|-0.4623|0.0133|-0.0103|-1.4843|0.0739||12.70|10|11.00|4
GME211210C00180000|10.00|12.95|7.25|6.55|10.05|1|3.50|0.5344|292|696|1|1240|0.5013|0.0141|0.0086|-1.4157|0.0743||10.50|1|9.95|1
GME211210P00180000|14.85|15.75|11.20|18.26|13.55|1|-4.71|-0.2579|-47|583|1|210|-0.4945|0.0131|-0.0111|-1.5149|0.0743||13.85|8|11.70|5
GME211210C00182500|8.00|11.40|6.85|5.66|9.25|2|3.59|0.6343|31|179|2|325|0.4690|0.0137|0.0081|-1.4436|0.0740||10.10|4|8.90|1
GME211210P00182500|12.40|16.50|12.40|20.00|15.20|2|-4.80|-0.2400|1|233|12|29|-0.5250|0.0129|-0.0119|-1.5387|0.0741||16.25|10|13.25|4
GME211210C00185000|7.85|10.20|6.00|5.02|8.21|3|3.19|0.6355|178|424|1|460|0.4353|0.0136|0.0076|-1.4206|0.0733||8.40|5|7.65|5
GME211210P00185000|18.95|18.95|14.55|23.17|15.75|3|-7.42|-0.3202|-119|350|2|61|-0.5664|0.0138|-0.0127|-1.4010|0.0732||17.75|10|14.75|4
GME211210C00187500|8.40|9.05|5.35|4.30|7.15|4|2.85|0.6628|45|127|1|147|0.4006|0.0136|0.0070|-1.3737|0.0719||7.50|1|6.85|4
GME211210P00187500|17.85|18.60|16.78|28.00|18.60|4|-9.40|-0.3357|2|261|1|14|-0.5825|0.0123|-0.0134|-1.5470|0.0727||19.70|10|16.50|5
GME211210C00190000|6.50|8.00|4.60|4.05|6.48|5|2.43|0.6000|226|576|1|818|0.3714|0.0131|0.0065|-1.3612|0.0704||7.05|5|6.60|1
GME211210P00190000|19.54|21.03|19.43|27.50|19.43|5|-8.07|-0.2935|0|512|1|48|-0.6237|0.0128|-0.0143|-1.4035|0.0707||20.75|5|18.35|8
GME211210C00192500|4.80|7.15|4.10|3.66|5.90|6|2.24|0.6120|32|120|1|209|0.3444|0.0126|0.0060|-1.3460|0.0685||6.25|1|5.50|10
GME211210P00192500|21.40|21.65|21.40|27.83|21.65|6|-6.18|-0.2221|3|125|1|2|-0.6442|0.0121|-0.0149|-1.4386|0.0694||23.20|11|19.30|6
GME211210C00195000|3.50|6.35|3.50|3.30|5.05|7|1.75|0.5303|141|433|4|554|0.3121|0.0123|0.0055|-1.2716|0.0659||5.40|1|5.15|13
GME211210P00195000|22.22|22.50|21.97|31.02|22.50|7|-8.52|-0.2747|-9|294|1|22|-0.6913|0.0124|-0.0159|-1.2464|0.0655||25.40|10|21.65|5
GME211210C00197500|3.81|5.80|3.60|2.90|4.65|8|1.75|0.6034|46|173|1|157|0.2899|0.0117|0.0051|-1.2559|0.0637||5.05|1|4.30|17
GME211210P00197500|26.05|26.05|26.05|33.48|26.05|8|-7.43|-0.2219|-5|115|1|1|-0.6813|0.0108|-0.0161|-1.4758|0.0665||27.45|11|23.60|8
GME211210C00200000|3.61|5.00|2.98|2.71|4.10|9|1.39|0.5129|637|2365|2|2749|0.2645|0.0111|0.0047|-1.2008|0.0609||4.25|2|4.00|1
GME211210P00200000|27.98|32.00|25.00|33.81|26.93|9|-6.88|-0.2035|-25|674|1|67|-0.7281|0.0110|-0.0171|-1.2523|0.0618||28.25|5|25.40|5
GME211210C00202500|3.00|4.50|2.94|2.41|3.43|10|1.02|0.4232|48|142|2|165|0.2351|0.0107|0.0042|-1.1062|0.0572||4.05|2|3.55|1
GME211210P00202500|30.42|30.42|30.42|35.84|30.42|10|-5.42|-0.1512|-2|33|1|1|-0.7146|0.0098|-0.0172|-1.4766|0.0632||30.70|8|27.70|6
GME211210C00205000|2.95|4.00|2.50|2.21|3.22|11|1.01|0.4570|163|401|1|399|0.2199|0.0100|0.0039|-1.0940|0.0551||3.50|1|3.00|15
GME211210P00205000|33.43|33.43|31.30|40.44|31.47|11|-8.97|-0.2218|-1|179|1|3|-0.7579|0.0098|-0.0182|-1.2500|0.0581||33.20|8|29.85|3
GME211210C00207500|2.39|3.60|2.39|1.99|2.91|12|0.92|0.4623|21|103|1|84|0.2020|0.0094|0.0036|-1.0527|0.0524||3.20|13|2.79|13
GME211210P00207500||||42.53|42.53|12|0.00|0.0000|-2|24|0|0|-0.6234|0.0066|-0.0168|-2.7339|0.0707||35.50|5|31.75|12
GME211210C00210000|2.37|3.30|2.12|1.80|2.72|13|0.92|0.5111|142|501|5|409|0.1888|0.0088|0.0034|-1.0323|0.0503||2.80|3|2.65|1
GME211210P00210000|38.25|38.25|37.90|45.79|37.90|13|-7.89|-0.1723|-17|124|1|2|-0.7382|0.0082|-0.0185|-1.6071|0.0606||37.95|12|33.40|1
GME211210C00212500|2.25|2.79|2.07|1.81|2.25|14|0.44|0.2431|15|103|1|106|0.1655|0.0083|0.0030|-0.9325|0.0463||2.70|10|2.07|37
GME211210P00212500|40.65|40.65|40.65|48.25|40.65|14|-7.60|-0.1575|1|39|2|2|-0.7393|0.0078|-0.0189|-1.6953|0.0605||40.45|1|36.20|12
GME211210C00215000|2.20|2.70|1.80|1.75|2.20|15|0.45|0.2571|118|334|1|282|0.1599|0.0078|0.0029|-0.9446|0.0453||2.47|17|2.07|19
GME211210P00215000|40.73|40.73|40.73|52.12|40.73|15|-11.39|-0.2185|0|73|1|1|-0.8024|0.0079|-0.0201|-1.2289|0.0518||42.75|12|38.15|12
GME211210C00217500|3.70|3.70|1.73|1.50|2.10|16|0.60|0.4000|11|46|1|55|0.1499|0.0073|0.0027|-0.9265|0.0434||2.38|10|1.80|14
GME211210P00217500||||53.30|53.30|16|0.00|0.0000|0|37|0|0|-0.6385|0.0057|-0.0183|-3.1027|0.0697||45.30|12|40.70|12
GME211210C00220000|1.68|2.26|1.54|1.55|1.95|17|0.40|0.2581|161|582|1|523|0.1397|0.0069|0.0025|-0.8970|0.0414||2.20|1|1.75|10
GME211210P00220000|48.67|48.67|45.50|54.32|45.50|17|-8.82|-0.1624|0|165|2|6|-0.8198|0.0071|-0.0210|-1.2186|0.0489||46.95|5|43.10|4
GME211210C00222500|1.45|3.50|1.45|1.50|1.65|18|0.15|0.1000|63|155|2|103|0.1234|0.0064|0.0022|-0.8150|0.0380||2.03|14|1.66|14
GME211210P00222500|49.15|49.15|49.15|42.95|49.15|18|6.20|0.1444|0|39|1|1|-0.7927|0.0067|-0.0208|-1.5225|0.0532||49.45|5|45.60|12
GME211210C00225000|1.59|1.91|1.38|1.21|1.70|19|0.49|0.4050|49|521|10|398|0.1235|0.0061|0.0022|-0.8501|0.0380||1.86|4|1.60|6
GME211210P00225000||||57.07|57.07|19|0.00|0.0000|-1|476|0|0|-0.6979|0.0058|-0.0198|-2.6408|0.0650||51.95|5|47.90|12
GME211210C00227500|1.39|1.74|1.33|1.22|1.59|20|0.37|0.3033|4|39|1|61|0.1146|0.0057|0.0020|-0.8175|0.0360||1.78|14|1.49|19
GME211210P00227500||||34.06|34.06|20|0.00|0.0000|0|35|0|0|-0.9977|0.0005|-0.0249|-0.0129|0.0013||54.40|12|50.40|12
GME211210C00230000|1.21|1.69|1.15|1.14|1.50|21|0.36|0.3158|95|565|2|370|0.1080|0.0054|0.0019|-0.7959|0.0345||1.55|1|1.41|6
GME211210P00230000||||61.98|61.98|21|0.00|0.0000|0|20|0|0|-0.7084|0.0054|-0.0206|-2.7031|0.0639||56.95|3|52.90|12
GME211210C00232500|1.25|1.47|1.25|1.21|1.38|22|0.17|0.1405|12|67|1|151|0.1002|0.0051|0.0018|-0.7605|0.0327||1.77|11|1.29|19
GME211210P00232500||||68.97|68.97|22|0.00|0.0000|0|5|0|0|-0.6568|0.0048|-0.0203|-3.5344|0.0684||60.25|1|53.45|12
GME211210C00235000|1.05|1.50|1.05|1.04|1.34|23|0.30|0.2885|-13|851|2|180|0.0972|0.0049|0.0017|-0.7601|0.0320||1.64|3|1.29|8
GME211210P00235000||||74.05|74.05|23|0.00|0.0000|0|32|0|0|-0.6332|0.0044|-0.0204|-4.0131|0.0702||62.00|1|56.15|12
GME211210C00237500|1.14|1.39|1.05|0.95|1.21|24|0.26|0.2737|34|54|1|45|0.0883|0.0045|0.0016|-0.7100|0.0298||1.61|12|1.15|14
GME211210P00237500||||76.45|76.45|24|0.00|0.0000|0|24|0|0|-0.6382|0.0043|-0.0208|-4.0416|0.0698||64.45|1|58.60|12
GME211210C00240000|1.07|1.31|1.00|0.96|1.25|25|0.29|0.3021|34|336|1|85|0.0883|0.0044|0.0016|-0.7335|0.0298||1.50|1|1.15|12
GME211210P00240000|64.94|64.94|64.94|71.95|64.94|25|-7.01|-0.0974|-1|30|1|1|-0.8607|0.0050|-0.0239|-1.2241|0.0413||66.95|1|60.60|1
GME211210C00245000|0.98|1.25|0.90|0.92|1.15|26|0.23|0.2500|45|227|1|109|0.0812|0.0040|0.0014|-0.7106|0.0280||1.31|9|1.04|12
GME211210P00245000||||50.19|50.19|26|0.00|0.0000|0|23|0|0|-0.9964|0.0005|-0.0268|-0.0274|0.0020||72.15|1|65.65|1
GME211210C00250000|1.00|1.17|0.75|0.88|1.05|27|0.17|0.1932|806|3669|1|786|0.0730|0.0036|0.0013|-0.6723|0.0258||1.11|1|0.97|3
GME211210P00250000||||80.84|80.84|27|0.00|0.0000|3|18|0|0|-0.7504|0.0046|-0.0235|-2.7597|0.0591||77.15|1|69.80|1
GME211210C00255000|0.90|1.04|0.82|0.83|0.82|28|-0.01|-0.0120|155|228|1|70|0.0599|0.0031|0.0011|-0.5725|0.0221||1.07|6|0.83|6
GME211210P00255000||||40.40|40.40|28|0.00|0.0000|0|5|0|0|-1.0000|0.0000|-0.0279|0.0008|0.0000||84.05|1|75.10|1
GME211210C00260000|0.90|1.00|0.80|0.80|0.86|29|0.06|0.0750|953|1845|8|359|0.0597|0.0029|0.0011|-0.5999|0.0221||0.95|1|0.70|1
GME211210P00260000||||69.85|69.85|29|0.00|0.0000|0|22|0|0|-0.9916|0.0008|-0.0283|-0.0771|0.0042||86.75|1|80.40|1
GME211210C00270000|0.66|0.88|0.66|0.65|0.76|30|0.11|0.1692|225|405|10|193|0.0517|0.0025|0.0009|-0.5624|0.0197||0.90|12|0.72|1
GME211210P00270000||||103.46|103.46|30|0.00|0.0000|0|15|0|0|-0.7318|0.0038|-0.0256|-3.5529|0.0613||100.20|2|90.40|15
GME211210C00280000|0.68|0.80|0.59|0.60|0.70|31|0.10|0.1667|37|296|1|120|0.0462|0.0022|0.0008|-0.5402|0.0180||0.75|10|0.60|3
GME211210P00280000||||112.20|112.20|31|0.00|0.0000|0|6|0|0|-0.7554|0.0036|-0.0270|-3.3916|0.0585||109.90|1|100.70|1
GME211210C00290000|0.56|0.82|0.56|0.61|0.57|32|-0.04|-0.0656|-10|545|4|289|0.0380|0.0018|0.0007|-0.4721|0.0154||0.85|2|0.49|1
GME211210P00290000||||82.25|82.25|32|0.00|0.0000|0|7|0|0|-1.0000|0.0000|-0.0318|0.0008|0.0000||119.75|1|109.65|1
GME211210C00300000|0.51|1.15|0.49|0.50|0.60|33|0.10|0.2000|407|1617|1|1005|0.0377|0.0017|0.0007|-0.4987|0.0153||0.60|6|0.52|1
GME211210P00300000||||76.00|76.00|33|0.00|0.0000|0|14|0|0|-1.0000|0.0000|-0.0329|0.0010|0.0000||129.60|1|119.90|16
GME211210C00310000|0.47|0.80|0.47|0.45|0.52|34|0.07|0.1556|76|359|7|187|0.0324|0.0015|0.0006|-0.4504|0.0135||0.94|1|0.49|4
GME211210P00310000||||83.61|83.61|34|0.00|0.0000|0|4|0|0|-1.0000|0.0000|-0.0340|0.0007|0.0000||139.45|1|130.25|15
GME211210C00320000|0.47|0.62|0.45|0.44|0.45|35|0.01|0.0227|143|420|1|136|0.0283|0.0013|0.0005|-0.4126|0.0121||0.55|2|0.25|10
GME211210P00320000||||89.47|89.47|35|0.00|0.0000|0|3|0|0|-1.0000|0.0000|-0.0351|0.0010|0.0000||149.40|1|139.70|1
GME211210C00330000|0.58|0.58|0.38|0.39|0.47|36|0.08|0.2051|233|482|1|279|0.0282|0.0012|0.0005|-0.4311|0.0120||0.83|4|0.40|1
GME211210P00330000||||||36||||0|0|0|-1.0000|0.0000|-0.0362|0.0011|0.0000||158.95|1|149.90|1
GME211210C00340000|0.28|0.42|0.28|0.33|0.37|37|0.04|0.1212|29|160|1|31|0.0228|0.0010|0.0004|-0.3625|0.0101||0.54|5|0.18|12
GME211210P00340000||||||37||||0|0|0|-1.0000|0.0000|-0.0373|0.0011|0.0000||169.15|1|159.95|16
GME211210C00350000|0.40|0.40|0.29|0.30|0.34|38|0.04|0.1333|176|675|1|1014|0.0206|0.0009|0.0004|-0.3399|0.0092||0.37|2|0.31|1
GME211210P00350000||||||38||||0|0|0|-1.0000|0.0000|-0.0384|0.0011|0.0000||177.90|1|170.00|16
GME211210C00360000|0.39|0.39|0.29|0.28|0.30|39|0.02|0.0714|61|150|3|63|0.0183|0.0008|0.0003|-0.3139|0.0084||0.30|12|0.25|1
GME211210P00360000||||||39||||0|0|0|-1.0000|0.0000|-0.0395|0.0012|0.0000||187.60|1|180.10|15
GME211210C00370000|0.29|0.35|0.28|0.29|0.29|40|0.00|0.0000|8|46|4|16|0.0175|0.0008|0.0003|-0.3107|0.0081||0.38|3|0.27|1
GME211210P00370000||||||40||||0|0|0|-1.0000|0.0000|-0.0405|0.0012|0.0000||198.90|1|190.05|15
GME211210C00380000|0.33|0.33|0.22|0.25|0.26|41|0.01|0.0400|20|77|1|31|0.0157|0.0007|0.0003|-0.2874|0.0073||0.63|7|0.24|1
GME211210P00380000||||||41||||0|0|0|-1.0000|0.0000|-0.0416|0.0012|0.0000||208.80|1|200.85|1
GME211210C00390000|0.22|0.27|0.20|0.22|0.21|42|-0.01|-0.0455|77|156|1|113|0.0130|0.0006|0.0002|-0.2448|0.0062||0.33|1|0.17|11
GME211210P00390000||||||42||||0|0|0|-1.0000|0.0000|-0.0427|0.0013|0.0000||218.30|1|210.05|15
GME211210C00400000|0.21|0.27|0.18|0.20|0.25|43|0.05|0.2500|64|592|1|427|0.0145|0.0006|0.0003|-0.2821|0.0069||0.25|1|0.21|9
GME211210P00400000||||230.14|230.14|43|0.00|0.0000|1|1|0|0|-0.8257|0.0022|-0.0413|-3.6789|0.0479||228.50|1|220.00|15
GME211210C00410000|0.20|0.23|0.19|0.22|0.19|44|-0.03|-0.1364|28|98|1|10|0.0115|0.0005|0.0002|-0.2290|0.0056||0.26|4|0.14|4
GME211210P00410000||||||44||||0|0|0|0.0000|0.0000|0.0000|0.0000|0.0000||237.85|1|229.40|15
GME211210C00420000|0.28|0.28|0.15|0.18|0.17|45|-0.01|-0.0556|64|242|1|120|0.0103|0.0004|0.0002|-0.2103|0.0051||0.34|1|0.15|1
GME211210P00420000||||||45||||0|0|0|-1.0000|0.0000|-0.0460|0.0014|0.0000||247.55|1|239.95|15
GME211210C00430000|0.22|0.22|0.14|0.13|0.14|46|0.01|0.0769|5|311|1|3|0.0087|0.0004|0.0002|-0.1809|0.0044||0.30|11|0.08|1
GME211210P00430000||||||46||||0|0|0|-1.0000|0.0000|-0.0471|0.0014|0.0000||259.10|1|250.20|15
GME211210C00440000|0.15|0.16|0.15|0.15|0.16|47|0.01|0.0667|16|96|1|14|0.0094|0.0004|0.0002|-0.2017|0.0047||0.23|6|0.13|5
GME211210P00440000||||||47||||0|0|0|-1.0000|0.0000|-0.0482|0.0014|0.0000||268.30|1|260.10|15
GME211210C00450000|0.20|0.24|0.08|0.15|0.08|48|-0.07|-0.4667|511|807|8|76|0.0048|0.0002|0.0001|-0.1049|0.0026||0.27|1|0.07|7
GME211210P00450000||||||48||||0|0|0|-1.0000|0.0000|-0.0493|0.0015|0.0000||279.00|10|270.25|15
GME211210C00460000|0.22|0.22|0.11|0.11|0.13|49|0.02|0.1818|111|177|4|775|0.0077|0.0003|0.0001|-0.1724|0.0040||0.17|5|0.02|6
GME211210P00460000||||||49||||0|0|0|-1.0000|0.0000|-0.0504|0.0015|0.0000||288.95|10|280.25|15
GME211210C00470000|0.15|0.15|0.10|0.12|0.13|50|0.01|0.0833|310|333|2|218|0.0076|0.0003|0.0001|-0.1732|0.0039||0.18|1|0.10|1
GME211210P00470000||||||50||||0|0|0|-1.0000|0.0000|-0.0515|0.0015|0.0000||298.90|10|289.45|15
GME211210C00480000|0.14|0.15|0.08|0.10|0.13|51|0.03|0.3000|75|148|2|170|0.0075|0.0003|0.0001|-0.1736|0.0038||0.25|3|0.05|1
GME211210P00480000||||||51||||0|0|0|-1.0000|0.0000|-0.0526|0.0016|0.0000||308.85|10|299.20|1
GME211210C00490000|0.20|0.20|0.10|0.17|0.15|52|-0.02|-0.1176|-5|96|1|28|0.0083|0.0003|0.0001|-0.1959|0.0042||0.15|3|0.10|2
GME211210P00490000||||||52||||0|0|0|-1.0000|0.0000|-0.0537|0.0016|0.0000||318.80|1|309.50|15
GME211210C00500000|0.15|0.20|0.08|0.09|0.12|53|0.03|0.3333|84|977|5|228|0.0068|0.0003|0.0001|-0.1639|0.0035||0.15|2|0.10|1
GME211210P00500000||||||53||||0|0|0|-1.0000|0.0000|-0.0548|0.0016|0.0000||328.75|1|319.45|15
GME211210C00510000|0.10|0.18|0.07|0.10|0.12|54|0.02|0.2000|766|3121|8|1556|0.0067|0.0003|0.0001|-0.1653|0.0035||0.12|83|0.11|1
GME211210P00510000||||||54||||0|0|0|-1.0000|0.0000|-0.0559|0.0017|0.0000||338.75|10|329.50|15
GME211217C00080000||||94.56|94.56|19|0.00|0.0000|0|2|0|0|0.9704|0.0008|0.0222|-0.2641|0.0208||101.50|10|95.30|18
GME211217P00080000|1.08|1.15|0.82|1.41|0.82|19|-0.59|-0.4184|464|1070|2|145|-0.0219|0.0007|-0.0014|-0.1879|0.0161||0.86|10|0.81|4
GME211217C00085000||||95.85|95.85|18|0.00|0.0000|0|1|0|0|0.9449|0.0011|0.0218|-0.5045|0.0344||96.60|10|90.40|27
GME211217P00085000|1.19|1.19|0.97|1.49|1.01|18|-0.48|-0.3221|5|125|2|11|-0.0271|0.0008|-0.0017|-0.2183|0.0193||1.01|2|0.77|1
GME211217C00090000|86.59|86.59|86.59|137.00|86.59|17|-50.41|-0.3680|0|4|10|10|0.9771|0.0008|0.0257|-0.1658|0.0168||91.75|11|85.55|18
GME211217P00090000|1.25|1.31|1.04|1.61|1.11|17|-0.50|-0.3106|39|180|1|47|-0.0310|0.0010|-0.0020|-0.2315|0.0216||1.15|1|1.11|1
GME211217C00100000|78.20|78.20|78.20|67.18|78.20|16|11.02|0.1640|-3|47|1|3|0.9998|0.0000|0.0301|-0.0014|0.0002||81.90|13|75.70|18
GME211217P00100000|1.68|1.68|0.71|1.88|1.37|16|-0.51|-0.2713|26|1077|20|480|-0.0003|0.0000|0.0000|-0.0013|0.0003||1.45|5|1.33|20
GME211217C00105000||||66.05|66.05|15|0.00|0.0000|0|1|0|0|0.9995|0.0001|0.0316|-0.0028|0.0006||77.05|10|70.70|33
GME211217P00105000|1.90|1.90|1.46|2.20|1.53|15|-0.67|-0.3045|13|166|2|74|-0.0006|0.0001|0.0000|-0.0026|0.0006||1.71|18|1.40|4
GME211217C00110000||||73.25|73.25|14|0.00|0.0000|0|1|0|0|0.9991|0.0001|0.0331|-0.0045|0.0010||72.15|1|65.70|33
GME211217P00110000|2.05|2.05|1.56|2.42|1.67|14|-0.75|-0.3099|70|424|10|97|-0.0012|0.0001|-0.0001|-0.0054|0.0013||1.71|5|1.40|6
GME211217C00115000||||112.11|112.11|13|0.00|0.0000|0|2|0|0|0.9982|0.0002|0.0346|-0.0077|0.0018||67.40|11|60.90|15
GME211217P00115000|2.00|2.01|1.74|2.62|1.79|13|-0.83|-0.3168|19|199|10|24|-0.0027|0.0003|-0.0002|-0.0108|0.0026||2.00|19|1.56|34
GME211217C00120000|58.85|58.85|58.85|52.20|58.85|12|6.65|0.1274|2|58|1|1|0.9961|0.0004|0.0359|-0.0148|0.0036||62.15|1|56.05|15
GME211217P00120000|3.28|3.28|1.93|3.09|1.94|12|-1.15|-0.3722|51|379|1|169|-0.0054|0.0005|-0.0003|-0.0199|0.0048||2.14|15|1.76|3
GME211217C00125000||||47.70|47.70|11|0.00|0.0000|0|35|0|0|0.9909|0.0009|0.0372|-0.0311|0.0076||57.15|1|51.35|1
GME211217P00125000|2.00|2.81|1.20|3.60|2.25|11|-1.35|-0.3750|180|535|2|153|-0.0111|0.0010|-0.0006|-0.0377|0.0090||2.35|10|1.92|7
GME211217C00130000||||39.61|39.61|10|0.00|0.0000|0|10|0|0|0.9834|0.0015|0.0382|-0.0513|0.0127||52.10|1|46.70|1
GME211217P00130000|3.00|3.09|2.32|4.45|2.50|10|-1.95|-0.4382|35|370|1|158|-0.0198|0.0017|-0.0011|-0.0614|0.0148||2.65|15|2.11|16
GME211217C00135000||||35.61|35.61|9|0.00|0.0000|-1|2|0|0|0.9696|0.0025|0.0390|-0.0855|0.0212||47.10|1|42.60|5
GME211217P00135000|3.65|3.98|2.56|4.75|2.56|9|-2.19|-0.4611|1|152|3|70|-0.0330|0.0026|-0.0019|-0.0932|0.0227||3.05|31|2.36|31
GME211217C00140000|37.00|37.00|37.00|33.50|37.00|8|3.50|0.1045|0|149|1|1|0.9515|0.0038|0.0394|-0.1233|0.0311||42.05|2|37.65|2
GME211217P00140000|5.28|5.62|3.15|5.78|3.60|8|-2.18|-0.3772|68|983|2|214|-0.0540|0.0039|-0.0031|-0.1385|0.0338||3.55|36|3.00|3
GME211217C00145000|34.00|34.00|34.00|27.00|34.00|7|7.00|0.2593|0|59|1|2|0.9217|0.0054|0.0392|-0.1802|0.0451||38.90|1|33.20|7
GME211217P00145000|6.26|6.26|3.78|7.10|4.10|7|-3.00|-0.4225|12|264|1|59|-0.0853|0.0056|-0.0049|-0.1993|0.0482||4.10|23|3.40|20
GME211217C00150000|29.40|30.50|27.83|27.40|30.45|6|3.05|0.1113|0|82|3|8|0.8823|0.0072|0.0384|-0.2450|0.0609||33.85|2|29.95|12
GME211217P00150000|8.80|8.80|4.65|8.50|4.81|6|-3.69|-0.4341|136|2018|1|789|-0.1232|0.0073|-0.0072|-0.2591|0.0629||5.00|16|4.55|1
GME211217C00155000|24.23|27.60|24.23|24.92|27.60|5|2.68|0.1075|4|30|1|2|0.8359|0.0091|0.0372|-0.3051|0.0764||29.30|4|26.00|8
GME211217P00155000|8.03|8.03|5.83|9.47|5.85|5|-3.62|-0.3823|-1|404|1|26|-0.1693|0.0091|-0.0099|-0.3186|0.0779||6.45|47|5.45|42
GME211217C00160000|22.95|24.60|21.78|21.45|23.00|4|1.55|0.0723|6|143|1|14|0.7804|0.0110|0.0354|-0.3620|0.0913||25.65|4|22.40|8
GME211217P00160000|9.00|9.66|7.25|12.08|7.49|4|-4.59|-0.3800|-4|1042|1|172|-0.2255|0.0108|-0.0133|-0.3793|0.0927||7.75|43|6.75|42
GME211217C00165000|20.60|21.70|17.60|16.45|21.00|3|4.55|0.2766|8|87|1|10|0.7136|0.0125|0.0328|-0.4226|0.1050||22.80|3|19.05|8
GME211217P00165000|10.70|11.30|8.85|14.75|9.00|3|-5.75|-0.3898|76|429|1|74|-0.2900|0.0122|-0.0172|-0.4358|0.1057||9.30|37|8.50|1
GME211217C00170000|18.20|21.00|15.00|14.20|17.20|2|3.00|0.2113|42|177|1|31|0.6431|0.0135|0.0299|-0.4692|0.1151||19.00|3|16.10|12
GME211217P00170000|13.50|13.61|10.82|17.48|10.97|2|-6.51|-0.3724|-14|1078|1|132|-0.3589|0.0132|-0.0215|-0.4817|0.1154||11.40|23|10.25|22
GME211217C00175000|15.05|18.05|13.00|12.35|15.15|1|2.80|0.2267|5|213|1|110|0.5717|0.0143|0.0269|-0.4897|0.1212||16.35|3|14.65|6
GME211217P00175000|15.60|16.18|12.20|18.97|13.33|1|-5.64|-0.2973|-22|763|1|328|-0.4286|0.0139|-0.0259|-0.5045|0.1212||14.15|7|12.30|5
GME211217C00180000|11.50|15.25|10.85|10.25|13.05|1|2.80|0.2732|542|1045|1|382|0.4995|0.0145|0.0238|-0.4997|0.1231||14.00|2|12.15|9
GME211217P00180000|18.00|18.00|15.00|21.74|16.90|1|-4.84|-0.2226|-9|1119|1|72|-0.4990|0.0141|-0.0305|-0.5113|0.1231||16.90|55|14.85|5
GME211217C00185000|10.83|13.45|9.00|8.75|10.65|2|1.90|0.2171|62|346|1|106|0.4299|0.0142|0.0206|-0.4943|0.1212||11.90|3|10.00|9
GME211217P00185000|20.78|21.60|18.23|25.00|19.30|2|-5.70|-0.2280|8|254|1|15|-0.5676|0.0139|-0.0351|-0.5039|0.1214||20.60|10|18.25|5
GME211217C00187500|10.00|10.40|9.12|7.90|9.60|3|1.70|0.2152|2|44|5|16|0.4318|0.0113|0.0201|-0.6241|0.1213||11.00|3|8.80|9
GME211217P00187500||||27.07|27.07|3|0.00|0.0000|0|116|0|0|-0.5111|0.0075|-0.0355|-0.9632|0.1231||22.30|10|19.30|5
GME211217C00190000|9.00|11.65|7.94|7.20|8.90|4|1.70|0.2361|-19|254|2|84|0.3652|0.0135|0.0176|-0.4762|0.1160||10.20|3|8.35|9
GME211217P00190000|23.16|24.57|20.00|29.00|23.73|4|-5.27|-0.1817|4|435|1|30|-0.6303|0.0132|-0.0395|-0.4891|0.1165||24.00|10|21.45|5
GME211217C00192500|9.10|9.50|8.10|7.35|8.40|5|1.05|0.1429|4|43|1|29|0.3864|0.0106|0.0181|-0.6290|0.1181||9.25|37|7.55|50
GME211217P00192500||||38.40|38.40|5|0.00|0.0000|0|113|0|0|-0.4939|0.0054|-0.0380|-1.3340|0.1231||25.80|4|22.70|5
GME211217C00195000|7.72|9.55|7.10|6.35|8.00|6|1.65|0.2598|12|170|1|48|0.3073|0.0125|0.0149|-0.4499|0.1085||8.10|1|7.05|54
GME211217P00195000|29.00|29.00|25.35|31.75|26.25|6|-5.50|-0.1732|-12|429|2|29|-0.6878|0.0123|-0.0436|-0.4620|0.1092||27.70|4|24.55|5
GME211217C00197500|8.33|8.33|6.30|5.75|6.60|7|0.85|0.1478|2|39|1|10|0.3329|0.0103|0.0157|-0.5812|0.1122||7.40|1|6.55|23
GME211217P00197500||||42.50|42.50|7|0.00|0.0000|0|93|0|0|-0.5137|0.0053|-0.0403|-1.3696|0.1231||29.60|4|26.40|5
GME211217C00200000|5.40|8.30|5.40|5.55|6.85|8|1.30|0.2342|308|3025|1|487|0.2573|0.0113|0.0126|-0.4190|0.0996||7.00|1|6.10|1
GME211217P00200000|31.50|31.50|29.00|38.96|30.43|8|-8.53|-0.2189|-44|1875|1|34|-0.7366|0.0112|-0.0475|-0.4335|0.1008||30.95|6|28.35|9
GME211217C00202500|6.11|7.70|5.60|5.85|5.98|9|0.13|0.0222|4|39|2|24|0.3006|0.0094|0.0142|-0.5839|0.1074||6.70|21|5.80|2
GME211217P00202500||||38.80|38.80|9|0.00|0.0000|0|120|0|0|-0.5946|0.0067|-0.0435|-1.0141|0.1197||33.65|10|30.60|5
GME211217C00205000|5.53|7.00|5.32|4.50|5.65|10|1.15|0.2556|36|100|1|41|0.2846|0.0090|0.0134|-0.5783|0.1047||6.30|36|5.15|42
GME211217P00205000|36.60|36.60|36.60|41.50|36.60|10|-4.90|-0.1181|-2|161|1|1|-0.6570|0.0078|-0.0462|-0.7871|0.1135||35.75|10|32.45|4
GME211217C00207500|5.40|5.73|5.02|5.65|5.02|11|-0.63|-0.1115|3|34|1|16|0.2634|0.0088|0.0125|-0.5525|0.1008||5.65|4|4.75|41
GME211217P00207500|37.77|37.77|37.77|43.07|37.77|11|-5.30|-0.1231|3|219|1|1|-0.6843|0.0079|-0.0481|-0.7305|0.1098||37.90|10|34.55|4
GME211217C00210000|5.25|6.05|4.35|4.35|4.97|12|0.62|0.1425|16|813|2|205|0.1698|0.0089|0.0084|-0.3284|0.0780||5.30|4|4.65|30
GME211217P00210000|38.00|43.00|34.90|47.90|39.10|12|-8.80|-0.1837|65|273|1|96|-0.8251|0.0089|-0.0547|-0.3402|0.0795||40.05|10|36.70|4
GME211217C00212500|4.80|4.80|4.50|4.58|4.70|13|0.12|0.0262|21|35|1|9|0.2421|0.0080|0.0115|-0.5559|0.0964||5.10|31|4.20|30
GME211217P00212500||||42.25|42.25|13|0.00|0.0000|0|59|0|0|-0.7059|0.0073|-0.0506|-0.7360|0.1064||42.30|5|38.40|4
GME211217C00215000|4.45|5.20|4.05|3.82|4.15|14|0.33|0.0864|20|123|1|63|0.2226|0.0077|0.0106|-0.5245|0.0920||4.75|9|3.95|25
GME211217P00215000||||54.30|54.30|14|0.00|0.0000|-5|99|0|0|-0.5974|0.0052|-0.0484|-1.3043|0.1195||44.55|11|40.40|4
GME211217C00217500|4.85|5.00|3.80|5.10|4.40|15|-0.70|-0.1373|0|40|1|21|0.2234|0.0073|0.0105|-0.5555|0.0922||4.55|29|3.80|28
GME211217P00217500|46.54|46.80|46.54|56.80|46.80|15|-10.00|-0.1761|-6|49|2|3|-0.7247|0.0068|-0.0530|-0.7399|0.1031||46.80|7|42.80|4
GME211217C00220000|4.00|4.65|3.50|3.40|4.00|16|0.60|0.1765|-8|1871|1|155|0.1091|0.0065|0.0054|-0.2451|0.0577||4.30|14|3.70|13
GME211217P00220000||||59.00|59.00|16|0.00|0.0000|-1|423|0|0|-0.8839|0.0066|-0.0605|-0.2625|0.0603||49.65|2|45.00|2
GME211217C00222500|3.80|3.80|3.65|3.30|3.73|17|0.43|0.1303|11|81|1|9|0.1966|0.0067|0.0093|-0.5178|0.0855||4.20|31|3.40|30
GME211217P00222500||||49.15|49.15|17|0.00|0.0000|0|21|0|0|-0.7869|0.0067|-0.0571|-0.5732|0.0897||52.10|2|46.70|2
GME211217C00225000|3.75|4.15|3.38|3.00|3.40|18|0.40|0.1333|11|139|5|77|0.1832|0.0065|0.0087|-0.4956|0.0819||3.95|21|3.05|22
GME211217P00225000||||49.64|49.64|18|0.00|0.0000|0|30|0|0|-0.8436|0.0064|-0.0603|-0.4084|0.0740||54.55|2|49.50|2
GME211217C00227500|3.80|3.80|3.45|3.60|3.45|19|-0.15|-0.0417|1|10|1|3|0.1808|0.0062|0.0086|-0.5080|0.0812||3.75|25|3.00|25
GME211217P00227500||||51.86|51.86|19|0.00|0.0000|0|60|0|0|-0.8551|0.0061|-0.0616|-0.3889|0.0703||56.90|2|51.85|2
GME211217C00230000|3.25|3.67|3.10|3.05|3.25|20|0.20|0.0656|2|438|1|53|0.0723|0.0046|0.0036|-0.1857|0.0425||3.65|11|3.00|10
GME211217P00230000|57.65|57.65|57.65|64.00|57.65|20|-6.35|-0.0992|0|63|1|1|-0.9241|0.0047|-0.0655|-0.1951|0.0441||59.25|2|53.65|2
GME211217C00232500|3.25|3.30|3.10|2.66|3.10|21|0.44|0.1654|-1|85|1|3|0.1640|0.0057|0.0078|-0.4871|0.0763||3.45|15|2.90|14
GME211217P00232500||||53.30|53.30|21|0.00|0.0000|0|19|0|0|-0.9544|0.0035|-0.0678|-0.1170|0.0296||61.65|1|56.75|5
GME211217C00235000|3.10|3.35|2.98|2.80|3.01|22|0.21|0.0750|11|89|1|17|0.1583|0.0055|0.0075|-0.4840|0.0746||3.35|13|2.60|13
GME211217P00235000||||68.76|68.76|22|0.00|0.0000|0|61|0|0|-0.6889|0.0049|-0.0577|-1.1470|0.1091||63.85|1|59.10|2
GME211217C00240000|2.83|3.18|2.68|2.62|2.68|23|0.06|0.0229|25|346|1|63|0.0446|0.0031|0.0022|-0.1278|0.0290||3.15|12|2.40|27
GME211217P00240000||||73.45|73.45|23|0.00|0.0000|0|54|0|0|-0.9504|0.0033|-0.0698|-0.1424|0.0316||68.90|2|64.20|2
GME211217C00245000|2.75|3.00|2.57|2.74|2.64|24|-0.10|-0.0365|4|200|10|67|0.1372|0.0047|0.0065|-0.4649|0.0678||3.00|1|2.40|15
GME211217P00245000||||78.00|78.00|24|0.00|0.0000|1|39|0|0|-0.7107|0.0046|-0.0617|-1.1571|0.1055||73.65|1|69.00|1
GME211217C00250000|2.75|2.77|2.26|2.39|2.52|25|0.13|0.0544|58|1302|1|390|0.0280|0.0021|0.0014|-0.0885|0.0198||2.75|5|2.40|1
GME211217P00250000|76.30|76.30|76.30|85.24|76.30|25|-8.94|-0.1049|-1|54|1|1|-0.9693|0.0022|-0.0738|-0.0967|0.0214||78.55|13|73.80|2
GME211217C00255000|2.16|2.51|2.16|2.26|2.51|26|0.25|0.1106|0|359|5|29|0.1251|0.0041|0.0059|-0.4656|0.0636||2.70|90|2.09|19
GME211217P00255000||||39.75|39.75|26|0.00|0.0000|0|5|0|0|-0.9999|0.0000|-0.0768|0.0007|0.0001||83.40|11|78.75|1
GME211217C00260000|2.30|2.49|2.27|2.37|2.36|27|-0.01|-0.0042|-4|519|1|32|0.0172|0.0014|0.0009|-0.0593|0.0131||2.35|3|2.04|13
GME211217P00260000||||89.25|89.25|27|0.00|0.0000|0|21|0|0|-0.9809|0.0015|-0.0774|-0.0653|0.0144||88.30|11|83.50|2
GME211217C00270000|2.00|2.25|2.00|2.10|2.18|28|0.08|0.0381|64|636|1|15|0.0113|0.0009|0.0006|-0.0421|0.0091||2.33|1|1.94|19
GME211217P00270000||||102.35|102.35|28|0.00|0.0000|-19|30|0|0|-0.9870|0.0010|-0.0807|-0.0478|0.0103||98.10|10|92.60|1
GME211217C00280000|1.97|2.16|1.83|1.98|2.04|29|0.06|0.0303|32|2058|1|40|0.0077|0.0007|0.0004|-0.0308|0.0065||2.32|3|1.94|1
GME211217P00280000|106.96|106.96|106.96|91.00|106.96|29|15.96|0.1754|0|10|2|2|-0.9913|0.0007|-0.0839|-0.0339|0.0072||108.00|1|102.25|12
GME211217C00290000|1.90|1.99|1.81|1.80|1.81|30|0.01|0.0056|6|531|1|58|0.0052|0.0005|0.0003|-0.0223|0.0046||2.01|2|1.87|1
GME211217P00290000|116.82|116.82|116.82|127.73|116.82|30|-10.91|-0.0854|-2|23|2|2|-0.9936|0.0005|-0.0871|-0.0268|0.0056||117.85|10|112.15|12
GME211217C00300000|2.99|2.99|1.54|1.60|1.82|31|0.22|0.1375|-109|5622|1|288|0.0034|0.0003|0.0002|-0.0156|0.0032||1.84|2|1.56|8
GME211217P00300000|120.20|120.20|120.20|126.50|120.20|31|-6.30|-0.0498|0|20|1|1|-0.9959|0.0004|-0.0902|-0.0175|0.0037||127.75|1|122.00|12
GME211217C00310000|1.84|1.84|1.62|1.62|1.77|32|0.15|0.0926|16|384|1|21|0.0022|0.0002|0.0001|-0.0105|0.0021||2.12|18|1.48|15
GME211217P00310000||||102.75|102.75|32|0.00|0.0000|0|3|0|0|-0.9971|0.0003|-0.0933|-0.0127|0.0027||137.65|10|131.90|12
GME211217C00320000|1.65|1.69|1.58|1.49|1.58|33|0.09|0.0604|11|459|1|51|0.0015|0.0001|0.0001|-0.0077|0.0015||2.00|21|1.39|1
GME211217P00320000||||96.00|96.00|33|0.00|0.0000|0|17|0|0|-0.9980|0.0002|-0.0963|-0.0091|0.0020||147.55|10|141.85|12
GME211217C00330000|1.58|1.60|1.46|1.49|1.59|34|0.10|0.0671|21|234|1|44|0.0011|0.0001|0.0001|-0.0058|0.0011||1.87|15|1.35|23
GME211217P00330000||||159.50|159.50|34|0.00|0.0000|0|3|0|0|-0.9986|0.0001|-0.0994|-0.0064|0.0014||157.50|10|151.75|12
GME211217C00340000|1.45|1.51|1.45|1.41|1.51|35|0.10|0.0709|0|232|1|21|0.0008|0.0001|0.0000|-0.0045|0.0009||1.50|2|1.35|6
GME211217P00340000||||126.85|126.85|35|0.00|0.0000|0|7|0|0|-0.9990|0.0001|-0.1024|-0.0044|0.0010||167.40|1|161.70|12
GME211217C00350000|1.44|1.50|1.20|1.33|1.46|36|0.13|0.0977|-148|856|1|193|0.0006|0.0001|0.0000|-0.0035|0.0007||1.50|1|1.35|5
GME211217P00350000||||133.85|133.85|36|0.00|0.0000|0|4|0|0|-0.9992|0.0001|-0.1054|-0.0033|0.0008||177.35|1|171.65|12
GME211217C00360000|1.29|1.53|1.29|1.15|1.30|37|0.15|0.1304|-3|312|1|15|0.0005|0.0000|0.0000|-0.0030|0.0006||1.69|9|1.30|4
GME211217P00360000||||||37|||0|0|0|0|-0.9994|0.0001|-0.1085|-0.0025|0.0007||187.30|10|181.55|12
GME211217C00370000|1.40|1.40|1.35|1.43|1.35|38|-0.08|-0.0559|1|447|1|3|0.0004|0.0000|0.0000|-0.0025|0.0005||1.63|26|1.07|43
GME211217P00370000||||172.65|172.65|38|0.00|0.0000|0|3|0|0|-0.9995|0.0000|-0.1115|-0.0018|0.0005||197.20|10|191.50|12
GME211217C00380000|1.34|1.34|1.30|1.20|1.30|39|0.10|0.0833|7|175|1|2|0.0003|0.0000|0.0000|-0.0021|0.0004||1.57|23|1.07|20
GME211217P00380000||||208.83|208.83|39|0.00|0.0000|0|16|0|0|-0.9996|0.0000|-0.1145|-0.0012|0.0004||207.15|10|201.15|12
GME211217C00390000|1.20|1.24|1.14|1.16|1.17|40|0.01|0.0086|71|265|5|33|0.0003|0.0000|0.0000|-0.0019|0.0003||1.27|10|0.98|6
GME211217P00390000||||||40|||0|0|0|0|-0.9997|0.0000|-0.1175|-0.0008|0.0004||217.10|10|211.15|12
GME211217C00400000|1.10|1.21|0.90|1.10|1.10|41|0.00|0.0000|49|1325|4|265|0.0002|0.0000|0.0000|-0.0014|0.0002||1.17|10|1.10|1
GME211217P00400000||||238.75|238.75|41|0.00|0.0000|0|3|0|0|-0.9997|0.0000|-0.1205|-0.0006|0.0003||227.05|1|221.10|12
GME211217C00410000|1.00|1.14|0.98|1.10|0.98|42|-0.12|-0.1091|1|227|20|44|0.0002|0.0000|0.0000|-0.0011|0.0002||1.49|3|1.01|1
GME211217P00410000||||190.90|190.90|42|0.00|0.0000|0|3|0|0|-0.9998|0.0000|-0.1235|-0.0002|0.0003||237.00|1|231.10|12
GME211217C00420000|1.09|1.10|0.92|0.92|1.05|43|0.13|0.1413|-2|540|1|6|0.0001|0.0000|0.0000|-0.0009|0.0002||1.48|24|0.82|23
GME211217P00420000||||189.85|189.85|43|0.00|0.0000|0|16|0|0|-0.9999|0.0000|-0.1266|0.0006|0.0001||246.95|1|241.05|12
GME211217C00430000|1.00|1.05|0.83|1.04|1.05|44|0.01|0.0096|7|220|1|23|0.0001|0.0000|0.0000|-0.0008|0.0001||1.48|29|0.77|8
GME211217P00430000||||244.20|244.20|44|0.00|0.0000|0|0|0|0|-0.9999|0.0000|-0.1296|0.0008|0.0001||256.90|1|250.25|30
GME211217C00440000||||0.80|0.80|45|0.00|0.0000|2|474|0|0|0.0001|0.0000|0.0000|-0.0007|0.0001||1.07|1|0.75|6
GME211217P00440000||||||45|||0|0|0|0|-0.9999|0.0000|-0.1326|0.0010|0.0001||266.85|1|260.25|27
GME211217C00450000|0.90|0.96|0.81|0.84|0.88|46|0.04|0.0476|62|745|1|19|0.0001|0.0000|0.0000|-0.0005|0.0001||1.00|1|0.75|3
GME211217P00450000||||||46|||0|0|0|0|-0.9999|0.0000|-0.1356|0.0011|0.0001||276.80|1|270.20|15
GME211217C00460000|0.88|1.07|0.76|0.90|0.96|47|0.06|0.0667|0|1139|1|82|0.0001|0.0000|0.0000|-0.0005|0.0001||1.17|4|0.75|11
GME211217P00460000||||261.60|261.60|47|0.00|0.0000|0|5|0|0|-1.0000|0.0000|-0.1386|0.0012|0.0001||286.75|1|280.80|12
GME211217C00470000|0.80|0.86|0.80|1.00|0.84|48|-0.16|-0.1600|0|190|1|4|0.0334|0.0009|0.0015|-0.2826|0.0230||1.09|10|0.64|11
GME211217P00470000||||||48||||0|0|0|-1.0000|0.0000|-0.1416|0.0016|0.0000||296.70|1|290.05|25
GME211217C00480000|0.65|0.65|0.65|0.80|0.65|49|-0.15|-0.1875|2|245|1|1|0.0272|0.0008|0.0012|-0.2337|0.0194||1.05|7|0.60|8
GME211217P00480000||||264.21|264.21|49|0.00|0.0000|0|7|0|0|-0.9939|0.0003|-0.1444|-0.0495|0.0053||306.60|1|300.85|12
GME211217C00490000|0.74|0.80|0.73|0.80|0.78|50|-0.02|-0.0250|-1|151|1|5|0.0308|0.0008|0.0014|-0.2699|0.0215||0.94|14|0.57|25
GME211217P00490000||||274.04|274.04|50|0.00|0.0000|0|7|0|0|-0.9915|0.0003|-0.1473|-0.0718|0.0072||316.60|1|310.00|10
GME211217C00500000|0.75|0.80|0.56|0.66|0.61|51|-0.05|-0.0758|16|2452|1|58|0.0253|0.0007|0.0011|-0.2248|0.0182||0.75|1|0.66|1
GME211217P00500000||||290.05|290.05|51|0.00|0.0000|0|7|0|0|-0.9821|0.0006|-0.1499|-0.1568|0.0136||326.55|1|319.85|20
GME211217C00510000|0.63|0.79|0.62|0.65|0.68|52|0.03|0.0462|67|1621|2|245|0.0271|0.0007|0.0012|-0.2455|0.0193||0.68|1|0.59|1
GME211217P00510000||||277.97|277.97|52|0.00|0.0000|0|0|0|0|-0.9953|0.0002|-0.1535|-0.0404|0.0043||336.50|1|330.30|12
GME211223C00100000||||71.00|71.00|13|0.00|0.0000|0|13|0|0|0.9375|0.0016|0.0402|-0.2826|0.0472||82.10|10|75.95|15
GME211223P00100000|2.42|2.42|1.54|2.13|1.54|13|-0.59|-0.2770|61|375|1|43|-0.0438|0.0014|-0.0043|-0.1843|0.0356||1.61|4|1.41|1
GME211223C00110000||||||12||||0|0|0|1.0000|0.0000|0.0512|-0.0004|0.0000||72.55|10|66.00|15
GME211223P00110000|2.10|2.29|2.10|2.57|2.15|12|-0.42|-0.1634|415|520|1|4|-0.0625|0.0019|-0.0061|-0.2282|0.0472||2.31|16|1.56|15
GME211223C00120000||||49.37|49.37|11|0.00|0.0000|1|2|0|0|0.9521|0.0022|0.0515|-0.1341|0.0383||63.10|10|56.60|1
GME211223P00120000|3.00|3.17|2.33|4.10|2.40|11|-1.70|-0.4146|0|37|2|36|-0.0773|0.0026|-0.0074|-0.2360|0.0557||3.05|10|1.86|10
GME211223C00130000||||41.20|41.20|10|0.00|0.0000|1|1|0|0|0.9066|0.0035|0.0517|-0.2316|0.0641||53.75|1|47.35|10
GME211223P00130000|3.58|3.58|3.20|5.25|3.20|10|-2.05|-0.3905|5|141|1|5|-0.1068|0.0036|-0.0102|-0.2750|0.0707||3.75|10|2.89|13
GME211223C00140000|41.10|41.10|40.85|41.10|40.85|9|-0.25|-0.0061|0|0|1|2|-0.2938|0.0044|-0.0130|-0.2727|0.0776||44.90|12|39.10|12
GME211223P00140000|4.85|4.93|4.85|7.23|4.93|9|-2.30|-0.3181|7|49|1|2|-0.1572|0.0049|-0.0152|-0.3485|0.0924||5.30|14|4.15|18
GME211223C00145000||||||8||||0|0|0|1.0000|0.0000|0.0675|-0.0005|0.0000||40.90|10|34.70|12
GME211223P00145000|6.77|6.77|5.88|8.30|6.50|8|-1.80|-0.2169|3|14|4|15|-0.1940|0.0055|-0.0190|-0.4061|0.1055||6.45|15|4.60|15
GME211223C00150000||||28.10|28.10|7|0.00|0.0000|0|21|0|0|0.8785|0.0072|0.0590|-0.1665|0.0775||36.75|12|30.75|7
GME211223P00150000|9.75|9.75|6.65|11.00|7.11|7|-3.89|-0.3536|6|161|1|31|-0.2185|0.0062|-0.0213|-0.4099|0.1133||7.50|8|5.95|1
GME211223C00155000||||29.20|29.20|6|0.00|0.0000|0|11|0|0|0.7632|0.0076|0.0496|-0.3681|0.1184||32.90|12|26.95|8
GME211223P00155000|9.27|9.27|8.65|13.30|8.65|6|-4.65|-0.3496|1|79|1|3|-0.2570|0.0069|-0.0252|-0.4447|0.1237||8.95|18|7.30|18
GME211223C00160000||||22.77|22.77|5|0.00|0.0000|1|20|0|0|0.7583|0.0101|0.0522|-0.2843|0.1199||29.05|12|24.10|3
GME211223P00160000|10.00|11.08|9.88|13.20|10.15|5|-3.05|-0.2311|5|71|1|21|-0.2938|0.0075|-0.0289|-0.4651|0.1323||10.55|11|8.75|16
GME211223C00165000|22.80|22.80|19.80|18.80|19.80|4|1.00|0.0532|32|48|1|12|0.6924|0.0109|0.0481|-0.3344|0.1349||25.60|12|21.05|12
GME211223P00165000|13.12|13.33|11.00|17.15|11.60|4|-5.55|-0.3236|31|315|1|43|-0.3354|0.0082|-0.0330|-0.4740|0.1399||12.45|10|10.50|16
GME211223C00170000|20.25|20.25|19.22|18.44|19.98|3|1.54|0.0835|5|35|10|15|0.6236|0.0093|0.0423|-0.4585|0.1458||23.15|12|18.40|12
GME211223P00170000|15.51|15.78|13.71|20.03|15.78|3|-4.25|-0.2122|1|62|15|85|-0.3803|0.0077|-0.0387|-0.5532|0.1463||14.90|20|12.35|20
GME211223C00175000|17.20|21.00|16.85|16.30|17.85|2|1.55|0.0951|19|38|1|51|0.5756|0.0093|0.0392|-0.4870|0.1505||20.40|12|15.10|11
GME211223P00175000|18.00|18.29|15.50|22.05|15.50|2|-6.55|-0.2971|-4|43|1|53|-0.4245|0.0093|-0.0423|-0.4861|0.1505||17.40|5|14.40|1
