symbol|open|high|low|preClose|close|activeLevel|change|changeRatio|openIntChange|openInterest|latestPriceVol|volume|delta|gamma|rho|theta|vega|tradeStamptradeTime|ask|avol|bid|bvol
GME211210C00100000||||70.90|70.90|12|0.00|0.0000|209|211|0|0|0.9448|0.0015|0.0097|-1.0072|0.0206||79.20|16|74.45|73
GME211210P00100000|1.09|1.09|0.56|1.14|0.60|12|-0.54|-0.4737|1314|2034|4|1707|-0.0243|0.0010|-0.0005|-0.3946|0.0105||0.64|22|0.60|21
GME211210C00110000||||76.13|76.13|11|0.00|0.0000|0|2|0|0|0.8600|0.0021|0.0082|-3.0079|0.0412||69.20|18|64.45|53
GME211210P00110000|1.45|1.51|0.77|1.52|0.80|11|-0.72|-0.4737|314|618|5|342|-0.0331|0.0015|-0.0007|-0.4557|0.0137||0.83|9|0.79|5
GME211210C00120000||||51.40|51.40|10|0.00|0.0000|1|2|0|0|0.9207|0.0027|0.0114|-1.0055|0.0273||59.65|22|54.80|53
GME211210P00120000|1.69|1.69|0.96|2.00|1.00|10|-1.00|-0.5000|513|1305|3|496|-0.0462|0.0022|-0.0010|-0.5310|0.0179||1.05|4|1.00|6
GME211210C00130000|46.31|46.31|44.86|41.19|44.86|9|3.67|0.0891|11|11|4|8|0.9992|0.0002|0.0142|-0.0062|0.0005||49.65|26|44.70|60
GME211210P00130000|1.70|2.49|1.26|2.60|1.33|9|-1.27|-0.4885|286|1131|5|745|-0.0662|0.0034|-0.0014|-0.6146|0.0237||1.37|7|1.29|5
GME211210C00140000|37.03|39.00|35.20|34.35|35.20|8|0.85|0.0247|12|46|1|8|0.8480|0.0051|0.0120|-1.3456|0.0435||40.10|19|35.15|26
GME211210P00140000|2.50|2.97|1.73|3.80|1.84|8|-1.96|-0.5158|492|1223|1|526|-0.0958|0.0050|-0.0020|-0.7229|0.0315||1.89|17|1.73|44
GME211210C00145000|32.07|33.37|30.60|26.44|30.60|7|4.16|0.1573|13|21|1|14|0.8554|0.0062|0.0128|-1.0379|0.0421||35.55|17|30.60|39
GME211210P00145000|3.45|4.65|2.13|4.62|2.25|7|-2.37|-0.5130|250|373|4|495|-0.1186|0.0062|-0.0025|-0.7932|0.0367||2.32|19|2.14|44
GME211210C00150000|32.00|32.00|25.77|22.00|29.60|6|7.60|0.3455|-12|61|1|39|0.8193|0.0074|0.0125|-1.1713|0.0486||31.10|40|27.85|48
GME211210P00150000|3.90|5.15|2.64|5.68|2.88|6|-2.80|-0.4930|129|1024|1|1099|-0.1526|0.0076|-0.0032|-0.9092|0.0436||2.94|11|2.76|12
GME211210C00155000|23.75|25.48|23.75|18.50|24.84|5|6.34|0.3427|2|60|10|24|0.7925|0.0090|0.0125|-1.1420|0.0529||26.90|39|23.90|49
GME211210P00155000|4.50|5.15|3.45|7.06|3.74|5|-3.32|-0.4703|20|391|3|263|-0.1924|0.0093|-0.0041|-1.0063|0.0506||3.85|8|3.60|15
GME211210C00160000|20.40|24.00|18.02|15.22|21.50|4|6.28|0.4126|22|276|1|34|0.7481|0.0106|0.0121|-1.1982|0.0590||21.90|16|20.85|39
GME211210P00160000|6.10|6.80|4.20|8.50|4.85|4|-3.65|-0.4294|362|859|3|695|-0.2407|0.0111|-0.0051|-1.0915|0.0576||5.05|30|4.65|50
GME211210C00165000|17.00|21.23|15.50|12.90|18.50|3|5.60|0.4341|143|203|1|48|0.6815|0.0113|0.0111|-1.4104|0.0660||19.00|33|17.40|38
GME211210P00165000|7.50|8.80|5.55|10.86|6.35|3|-4.51|-0.4153|224|608|2|368|-0.3043|0.0125|-0.0065|-1.2205|0.0647||6.45|1|6.20|16
GME211210C00170000|14.80|18.10|12.45|10.50|15.42|2|4.92|0.4686|271|448|6|215|0.6197|0.0120|0.0102|-1.5089|0.0704||15.45|41|14.30|45
GME211210P00170000|10.15|12.00|7.00|13.50|8.18|2|-5.32|-0.3941|-41|554|1|791|-0.3735|0.0135|-0.0081|-1.3257|0.0700||8.30|6|8.05|29
GME211210C00175000|12.00|16.00|9.69|8.30|12.20|1|3.90|0.4699|198|470|5|735|0.5560|0.0134|0.0094|-1.4544|0.0731||12.45|16|11.85|50
GME211210P00175000|12.67|14.70|9.15|16.30|10.85|1|-5.45|-0.3344|13|531|1|675|-0.4444|0.0139|-0.0097|-1.3994|0.0731||10.80|17|10.25|62
GME211210C00177500|10.95|13.70|8.75|7.70|10.80|1|3.10|0.4026|132|179|2|180|0.5220|0.0136|0.0089|-1.4609|0.0737||11.15|8|10.55|16
GME211210P00177500|11.95|14.45|9.95|18.90|11.87|1|-7.03|-0.3720|-9|257|1|55|-0.4819|0.0149|-0.0105|-1.3360|0.0737||12.65|55|11.50|13
GME211210C00180000|10.00|12.95|7.25|6.55|9.70|2|3.15|0.4809|292|696|20|1064|0.4887|0.0135|0.0083|-1.4687|0.0738||9.95|5|9.45|22
GME211210P00180000|14.85|15.75|11.20|18.26|12.99|2|-5.27|-0.2886|-47|583|1|199|-0.5157|0.0143|-0.0114|-1.3869|0.0737||13.65|33|12.65|35
GME211210C00182500|8.00|11.40|6.85|5.66|9.10|3|3.44|0.6078|31|179|1|278|0.4557|0.0135|0.0078|-1.4584|0.0733||9.05|18|8.20|42
GME211210P00182500|12.40|16.50|12.40|20.00|15.20|3|-4.80|-0.2400|1|233|12|29|-0.5506|0.0142|-0.0122|-1.3755|0.0732||16.05|47|13.35|61
GME211210C00185000|7.85|10.20|6.00|5.02|7.71|4|2.69|0.5359|178|424|1|370|0.4260|0.0131|0.0073|-1.4682|0.0725||8.00|23|7.45|17
GME211210P00185000|18.95|18.95|14.55|23.17|16.34|4|-6.83|-0.2948|-119|350|2|57|-0.5908|0.0146|-0.0131|-1.2939|0.0719||16.30|2|14.75|59
GME211210C00187500|8.40|9.05|5.35|4.30|6.80|5|2.50|0.5814|45|127|1|104|0.3935|0.0130|0.0068|-1.4254|0.0711||7.45|71|6.65|49
GME211210P00187500|17.85|18.60|16.78|28.00|18.60|5|-9.40|-0.3357|2|261|1|14|-0.6151|0.0136|-0.0139|-1.3466|0.0707||18.50|25|16.45|51
GME211210C00190000|6.50|8.00|4.60|4.05|6.11|6|2.06|0.5086|226|576|1|670|0.3618|0.0128|0.0063|-1.3769|0.0693||6.30|7|5.95|5
GME211210P00190000|19.54|21.03|19.54|27.50|19.93|6|-7.57|-0.2753|0|512|2|43|-0.6544|0.0136|-0.0148|-1.2478|0.0682||20.60|35|18.75|47
GME211210C00192500|4.80|7.15|4.10|3.66|5.20|7|1.54|0.4208|32|120|14|122|0.3303|0.0125|0.0058|-1.3161|0.0670||5.70|41|5.25|66
GME211210P00192500|21.40|21.65|21.40|27.83|21.65|7|-6.18|-0.2221|3|125|1|2|-0.5895|0.0090|-0.0144|-2.1095|0.0719||22.25|37|20.80|33
GME211210C00195000|3.50|6.35|3.50|3.30|4.91|8|1.61|0.4879|141|433|1|313|0.3084|0.0118|0.0054|-1.3119|0.0651||5.10|43|4.70|31
GME211210P00195000|22.22|22.50|21.97|31.02|22.50|8|-8.52|-0.2747|-9|294|1|22|-0.7683|0.0139|-0.0172|-0.8349|0.0564||24.75|59|22.30|45
GME211210C00197500|3.81|5.80|3.60|2.90|4.46|9|1.56|0.5379|46|173|1|143|0.2804|0.0114|0.0049|-1.2457|0.0623||4.65|60|4.20|46
GME211210P00197500|26.05|26.05|26.05|33.48|26.05|9|-7.43|-0.2219|-5|115|1|1|-0.7287|0.0116|-0.0169|-1.1819|0.0613||27.25|48|23.70|50
GME211210C00200000|3.61|5.00|2.98|2.71|3.90|10|1.19|0.4391|637|2365|1|2301|0.2601|0.0108|0.0046|-1.2200|0.0600||3.95|4|3.90|1
GME211210P00200000|27.98|32.00|25.00|33.81|27.55|10|-6.26|-0.1852|-25|674|1|47|-0.7474|0.0109|-0.0175|-1.1672|0.0591||27.95|5|26.00|39
GME211210C00202500|3.00|4.50|2.94|2.41|3.41|11|1.00|0.4149|48|142|3|132|0.2382|0.0102|0.0042|-1.1695|0.0573||3.65|25|3.40|21
GME211210P00202500|30.42|30.42|30.42|35.84|30.42|11|-5.42|-0.1512|-2|33|1|1|-0.7662|0.0103|-0.0181|-1.1385|0.0567||30.35|22|28.00|46
GME211210C00205000|2.95|4.00|2.50|2.21|3.27|12|1.06|0.4796|163|401|1|327|0.2210|0.0097|0.0039|-1.1393|0.0549||3.50|79|3.05|56
GME211210P00205000|33.43|33.43|31.30|40.44|31.30|12|-9.14|-0.2260|-1|179|1|2|-0.7596|0.0095|-0.0183|-1.2793|0.0575||32.45|13|29.95|43
GME211210C00207500|2.39|3.60|2.39|1.99|3.00|13|1.01|0.5075|21|103|10|70|0.2029|0.0091|0.0036|-1.0915|0.0522||3.05|37|2.81|22
GME211210P00207500||||42.53|42.53|13|0.00|0.0000|-2|24|0|0|-0.6472|0.0069|-0.0171|-2.4898|0.0687||34.70|20|32.00|16
GME211210C00210000|2.37|3.30|2.12|1.80|2.67|14|0.87|0.4833|142|501|1|344|0.1882|0.0086|0.0033|-1.0577|0.0499||2.75|5|2.57|19
GME211210P00210000|38.25|38.25|37.90|45.79|37.90|14|-7.89|-0.1723|-17|124|1|2|-0.7883|0.0085|-0.0193|-1.2310|0.0536||37.20|17|34.05|28
GME211210C00212500|2.25|2.79|2.07|1.81|2.43|15|0.62|0.3425|15|103|1|104|0.1773|0.0081|0.0031|-1.0422|0.0481||2.58|33|2.26|62
GME211210P00212500|40.65|40.65|40.65|48.25|40.65|15|-7.60|-0.1575|1|39|2|2|-0.7871|0.0080|-0.0196|-1.3169|0.0537||39.70|19|36.55|40
GME211210C00215000|2.20|2.70|1.80|1.75|2.29|16|0.54|0.3086|118|334|1|269|0.1641|0.0076|0.0029|-1.0029|0.0458||2.36|17|2.19|12
GME211210P00215000|40.73|40.73|40.73|52.12|40.73|16|-11.39|-0.2185|0|73|1|1|-0.6403|0.0058|-0.0180|-2.9980|0.0692||42.20|36|39.05|14
GME211210C00217500|3.70|3.70|1.73|1.50|2.19|17|0.69|0.4600|11|46|3|51|0.1555|0.0072|0.0027|-0.9906|0.0442||2.25|40|2.02|26
GME211210P00217500||||53.30|53.30|17|0.00|0.0000|0|37|0|0|-0.6612|0.0059|-0.0186|-2.8396|0.0677||44.70|23|41.30|14
GME211210C00220000|1.68|2.26|1.54|1.55|1.94|18|0.39|0.2516|161|582|1|484|0.1422|0.0068|0.0025|-0.9353|0.0416||2.07|18|1.88|13
GME211210P00220000|48.67|48.67|47.38|54.32|47.38|18|-6.94|-0.1278|0|165|1|4|-0.8240|0.0069|-0.0211|-1.2081|0.0479||46.60|31|43.55|24
GME211210C00222500|1.45|3.50|1.45|1.50|1.83|19|0.33|0.2200|63|155|1|91|0.1310|0.0064|0.0023|-0.8900|0.0393||1.96|39|1.78|26
GME211210P00222500|49.15|49.15|49.15|42.95|49.15|19|6.20|0.1444|0|39|1|1|-0.8516|0.0065|-0.0218|-1.0299|0.0428||49.10|34|45.90|47
GME211210C00225000|1.59|1.91|1.38|1.21|1.70|20|0.49|0.4050|49|521|2|369|0.1195|0.0059|0.0021|-0.8455|0.0367||1.79|5|1.66|13
GME211210P00225000||||57.07|57.07|20|0.00|0.0000|-1|476|0|0|-0.7329|0.0059|-0.0204|-2.2794|0.0606||51.60|13|48.40|21
GME211210C00227500|1.39|1.74|1.33|1.22|1.50|21|0.28|0.2295|4|39|1|38|0.1141|0.0056|0.0020|-0.8280|0.0357||1.75|45|1.53|68
GME211210P00227500||||34.06|34.06|21|0.00|0.0000|0|35|0|0|-0.9982|0.0004|-0.0249|-0.0102|0.0011||54.10|16|50.40|21
GME211210C00230000|1.21|1.69|1.15|1.14|1.56|22|0.42|0.3684|95|565|1|297|0.1100|0.0054|0.0019|-0.8262|0.0348||1.61|10|1.49|19
GME211210P00230000||||61.98|61.98|22|0.00|0.0000|0|20|0|0|0.0003|0.0006|0.0000|-0.0002|0.0000||56.60|18|52.85|39
GME211210C00232500|1.25|1.47|1.25|1.21|1.41|23|0.20|0.1653|12|67|1|97|0.1048|0.0051|0.0018|-0.8125|0.0336||1.56|46|1.36|69
GME211210P00232500||||68.97|68.97|23|0.00|0.0000|0|5|0|0|-0.6786|0.0049|-0.0206|-3.2458|0.0663||59.10|11|55.35|20
GME211210C00235000|1.05|1.50|1.05|1.04|1.38|24|0.34|0.3269|-13|851|1|173|0.1012|0.0048|0.0018|-0.8090|0.0327||1.47|36|1.36|14
GME211210P00235000||||74.05|74.05|24|0.00|0.0000|0|32|0|0|-0.6530|0.0046|-0.0207|-3.7362|0.0683||61.60|14|57.85|22
GME211210C00237500|1.14|1.39|1.05|0.95|1.36|25|0.41|0.4316|34|54|2|42|0.0951|0.0045|0.0017|-0.7875|0.0312||1.39|30|1.25|52
GME211210P00237500||||76.45|76.45|25|0.00|0.0000|0|24|0|0|-0.6573|0.0045|-0.0210|-3.7670|0.0680||64.10|14|60.35|21
GME211210C00240000|1.07|1.31|1.00|0.96|1.26|26|0.30|0.3125|34|336|1|75|0.0930|0.0044|0.0016|-0.7874|0.0308||1.30|1|1.23|14
GME211210P00240000||||71.95|71.95|26|0.00|0.0000|-1|30|0|0|-0.7525|0.0050|-0.0224|-2.4838|0.0585||66.60|10|62.85|19
GME211210C00245000|0.98|1.25|0.90|0.92|1.12|27|0.20|0.2174|45|227|2|83|0.0818|0.0039|0.0014|-0.7272|0.0280||1.22|31|1.11|25
GME211210P00245000||||50.19|50.19|27|0.00|0.0000|0|23|0|0|-0.9999|0.0000|-0.0268|-0.0001|0.0001||71.60|12|67.85|21
GME211210C00250000|1.00|1.17|0.75|0.88|1.09|28|0.21|0.2386|806|3669|1|651|0.0752|0.0036|0.0013|-0.7012|0.0262||1.12|12|1.05|1
GME211210P00250000||||80.84|80.84|28|0.00|0.0000|3|18|0|0|-0.7856|0.0046|-0.0240|-2.3169|0.0538||76.60|16|72.65|21
GME211210C00255000|0.90|1.04|0.86|0.83|0.97|29|0.14|0.1687|155|228|2|65|0.0694|0.0033|0.0012|-0.6773|0.0247||1.04|26|0.93|49
GME211210P00255000||||40.40|40.40|29|0.00|0.0000|0|5|0|0|-1.0000|0.0000|-0.0279|0.0008|0.0000||81.60|21|77.65|19
GME211210C00260000|0.90|1.00|0.80|0.80|0.91|30|0.11|0.1375|953|1845|1|329|0.0648|0.0030|0.0011|-0.6606|0.0234||0.95|1|0.90|32
GME211210P00260000||||69.85|69.85|30|0.00|0.0000|0|22|0|0|-0.9994|0.0001|-0.0285|-0.0044|0.0004||86.60|21|82.60|21
GME211210C00270000|0.66|0.88|0.66|0.65|0.83|31|0.18|0.2769|225|405|1|164|0.0569|0.0026|0.0010|-0.6279|0.0211||0.85|6|0.77|6
GME211210P00270000||||103.46|103.46|31|0.00|0.0000|0|15|0|0|-0.7576|0.0039|-0.0259|-3.1554|0.0578||96.60|33|92.45|21
GME211210C00280000|0.68|0.80|0.59|0.60|0.68|32|0.08|0.1333|37|296|2|103|0.0475|0.0022|0.0008|-0.5619|0.0182||0.72|1|0.68|6
GME211210P00280000||||112.20|112.20|32|0.00|0.0000|0|6|0|0|-0.7832|0.0036|-0.0274|-2.9525|0.0543||107.55|16|102.25|16
GME211210C00290000|0.56|0.82|0.56|0.61|0.64|33|0.03|0.0492|-10|545|1|277|0.0429|0.0019|0.0007|-0.5391|0.0169||0.66|1|0.61|8
GME211210P00290000||||82.25|82.25|33|0.00|0.0000|0|7|0|0|-1.0000|0.0000|-0.0318|0.0008|0.0000||117.40|16|112.10|16
GME211210C00300000|0.51|1.15|0.49|0.50|0.57|34|0.07|0.1400|407|1617|5|857|0.0382|0.0017|0.0007|-0.5086|0.0154||0.56|2|0.55|9
GME211210P00300000||||76.00|76.00|34|0.00|0.0000|0|14|0|0|-1.0000|0.0000|-0.0329|0.0010|0.0000||127.30|16|122.00|14
GME211210C00310000|0.47|0.80|0.47|0.45|0.51|35|0.06|0.1333|76|359|1|164|0.0335|0.0015|0.0006|-0.4685|0.0138||0.54|1|0.50|7
GME211210P00310000||||83.61|83.61|35|0.00|0.0000|0|4|0|0|-1.0000|0.0000|-0.0340|0.0008|0.0000||137.25|17|132.20|17
GME211210C00320000|0.47|0.62|0.45|0.44|0.48|36|0.04|0.0909|143|420|5|135|0.0304|0.0013|0.0005|-0.4458|0.0127||0.49|4|0.45|6
GME211210P00320000||||89.47|89.47|36|0.00|0.0000|0|3|0|0|-1.0000|0.0000|-0.0351|0.0010|0.0000||147.15|16|141.30|16
GME211210C00330000|0.58|0.58|0.39|0.39|0.41|37|0.02|0.0513|233|482|100|271|0.0265|0.0012|0.0005|-0.4065|0.0114||0.44|4|0.40|6
GME211210P00330000||||||37||||0|0|0|-1.0000|0.0000|-0.0362|0.0011|0.0000||157.05|17|152.05|17
GME211210C00340000|0.28|0.42|0.28|0.33|0.37|38|0.04|0.1212|29|160|1|24|0.0217|0.0010|0.0004|-0.3459|0.0096||0.40|9|0.36|8
GME211210P00340000||||||38||||0|0|0|-1.0000|0.0000|-0.0373|0.0011|0.0000||166.95|17|162.00|17
GME211210C00350000|0.40|0.40|0.30|0.30|0.34|39|0.04|0.1333|176|675|2|973|0.0197|0.0009|0.0003|-0.3260|0.0088||0.35|1|0.31|22
GME211210P00350000||||||39||||0|0|0|-1.0000|0.0000|-0.0384|0.0011|0.0000||176.90|17|172.00|17
GME211210C00360000|0.39|0.39|0.29|0.28|0.29|40|0.01|0.0357|61|150|2|59|0.0196|0.0008|0.0003|-0.3366|0.0088||0.30|15|0.29|1
GME211210P00360000||||||40||||0|0|0|-1.0000|0.0000|-0.0395|0.0012|0.0000||186.85|16|181.70|14
GME211210C00370000|0.29|0.35|0.28|0.29|0.28|41|-0.01|-0.0345|8|46|1|11|0.0177|0.0008|0.0003|-0.3136|0.0081||0.29|2|0.25|14
GME211210P00370000||||||41||||0|0|0|-1.0000|0.0000|-0.0405|0.0012|0.0000||196.75|16|191.55|16
GME211210C00380000|0.33|0.33|0.22|0.25|0.23|42|-0.02|-0.0800|20|77|1|12|0.0153|0.0007|0.0003|-0.2798|0.0071||0.26|4|0.21|22
GME211210P00380000||||||42||||0|0|0|-1.0000|0.0000|-0.0416|0.0012|0.0000||206.70|16|201.65|16
GME211210C00390000|0.22|0.27|0.20|0.22|0.20|43|-0.02|-0.0909|77|156|1|17|0.0130|0.0006|0.0002|-0.2441|0.0062||0.21|16|0.19|22
GME211210P00390000||||||43||||0|0|0|-1.0000|0.0000|-0.0427|0.0013|0.0000||216.65|16|211.60|27
GME211210C00400000|0.21|0.27|0.18|0.20|0.21|44|0.01|0.0500|64|592|13|372|0.0117|0.0005|0.0002|-0.2258|0.0056||0.21|2|0.20|1
GME211210P00400000||||230.14|230.14|44|0.00|0.0000|1|1|0|0|-0.8548|0.0021|-0.0417|-3.0300|0.0422||226.60|16|221.35|16
GME211210C00410000|0.20|0.23|0.19|0.22|0.19|45|-0.03|-0.1364|28|98|1|9|0.0119|0.0005|0.0002|-0.2362|0.0057||0.20|20|0.16|22
GME211210P00410000||||||45||||0|0|0|-1.0000|0.0000|-0.0449|0.0013|0.0000||236.50|12|231.60|12
GME211210C00420000|0.28|0.28|0.15|0.18|0.16|46|-0.02|-0.1111|64|242|2|115|0.0097|0.0004|0.0002|-0.1973|0.0048||0.18|1|0.15|9
GME211210P00420000||||||46||||0|0|0|-1.0000|0.0000|-0.0460|0.0014|0.0000||246.45|12|241.55|12
GME211210C00430000|0.22|0.22|0.14|0.13|0.14|47|0.01|0.0769|5|311|1|3|0.0090|0.0004|0.0002|-0.1871|0.0045||0.52|34|0.08|1
GME211210P00430000||||||47||||0|0|0|-1.0000|0.0000|-0.0471|0.0014|0.0000||256.60|12|250.35|27
GME211210C00440000|0.15|0.16|0.15|0.15|0.16|48|0.01|0.0667|16|96|1|14|0.0098|0.0004|0.0002|-0.2091|0.0048||0.24|16|0.12|1
GME211210P00440000||||||48||||0|0|0|-1.0000|0.0000|-0.0482|0.0014|0.0000||266.55|12|260.40|28
GME211210C00450000|0.20|0.24|0.15|0.15|0.16|49|0.01|0.0667|511|807|3|57|0.0096|0.0004|0.0002|-0.2100|0.0048||0.20|9|0.12|1
GME211210P00450000||||||49||||0|0|0|-1.0000|0.0000|-0.0493|0.0015|0.0000||276.50|12|270.35|27
GME211210C00460000|0.22|0.22|0.11|0.11|0.15|50|0.04|0.3636|111|177|100|771|0.0094|0.0004|0.0002|-0.2110|0.0047||0.16|11|0.10|5
GME211210P00460000||||||50||||0|0|0|-1.0000|0.0000|-0.0504|0.0015|0.0000||286.45|12|280.40|28
GME211210C00470000|0.15|0.15|0.10|0.12|0.10|51|-0.02|-0.1667|310|333|1|213|0.0088|0.0004|0.0002|-0.2010|0.0044||0.15|42|0.10|1
GME211210P00470000||||||51||||0|0|0|-1.0000|0.0000|-0.0515|0.0015|0.0000||296.40|13|290.10|25
GME211210C00480000|0.14|0.15|0.08|0.10|0.13|52|0.03|0.3000|75|148|2|170|0.0063|0.0003|0.0001|-0.1456|0.0033||0.25|8|0.05|1
GME211210P00480000||||||52||||0|0|0|-1.0000|0.0000|-0.0526|0.0016|0.0000||307.05|10|300.10|27
GME211210C00490000|0.20|0.20|0.10|0.17|0.12|53|-0.05|-0.2941|-5|96|1|25|0.0071|0.0003|0.0001|-0.1691|0.0037||0.15|3|0.10|2
GME211210P00490000||||||53||||0|0|0|-1.0000|0.0000|-0.0537|0.0016|0.0000||317.00|12|310.15|27
GME211210C00500000|0.15|0.20|0.08|0.09|0.12|54|0.03|0.3333|84|977|3|178|0.0070|0.0003|0.0001|-0.1698|0.0036||0.15|1|0.09|2
GME211210P00500000||||||54||||0|0|0|-1.0000|0.0000|-0.0548|0.0016|0.0000||326.95|1|320.15|27
GME211210C00510000|0.10|0.18|0.07|0.10|0.10|55|0.00|0.0000|766|3121|2|1281|0.0060|0.0002|0.0001|-0.1472|0.0031||0.10|46|0.09|11
GME211210P00510000||||||55||||0|0|0|-1.0000|0.0000|-0.0559|0.0017|0.0000||336.95|12|330.10|27
GME211217C00080000||||94.56|94.56|19|0.00|0.0000|0|2|0|0|0.9690|0.0008|0.0221|-0.2719|0.0214||99.30|12|96.25|15
GME211217P00080000|1.08|1.15|0.82|1.41|0.82|19|-0.59|-0.4184|464|1070|6|105|-0.0220|0.0007|-0.0014|-0.1866|0.0161||0.83|2|0.81|4
GME211217C00085000||||95.85|95.85|18|0.00|0.0000|0|1|0|0|0.9261|0.0012|0.0202|-0.7335|0.0429||94.45|7|91.35|12
GME211217P00085000|1.19|1.19|0.97|1.49|1.01|18|-0.48|-0.3221|5|125|2|11|-0.0269|0.0008|-0.0017|-0.2128|0.0191||0.99|24|0.90|46
GME211217C00090000|86.59|86.59|86.59|137.00|86.59|17|-50.41|-0.3680|0|4|10|10|0.9758|0.0009|0.0256|-0.1711|0.0174||89.55|8|86.40|12
GME211217P00090000|1.25|1.31|1.04|1.61|1.09|17|-0.52|-0.3230|39|180|1|46|-0.0293|0.0009|-0.0018|-0.2140|0.0205||1.15|46|1.02|41
GME211217C00100000|78.20|78.20|78.20|67.18|78.20|16|11.02|0.1640|-3|47|1|3|0.9998|0.0000|0.0301|-0.0015|0.0003||79.80|17|76.60|12
GME211217P00100000|1.68|1.68|0.71|1.88|1.43|16|-0.45|-0.2394|26|1077|1|257|-0.0003|0.0000|0.0000|-0.0015|0.0003||1.51|45|1.30|21
GME211217C00105000||||66.05|66.05|15|0.00|0.0000|0|1|0|0|0.9994|0.0001|0.0316|-0.0031|0.0006||74.90|21|71.70|26
GME211217P00105000|1.90|1.90|1.46|2.20|1.49|15|-0.71|-0.3227|13|166|8|72|-0.0006|0.0001|0.0000|-0.0030|0.0007||1.65|79|1.40|57
GME211217C00110000||||73.25|73.25|14|0.00|0.0000|0|1|0|0|0.9988|0.0001|0.0331|-0.0053|0.0012||70.05|14|66.85|17
GME211217P00110000|2.05|2.05|1.56|2.42|1.56|14|-0.86|-0.3554|70|424|7|85|-0.0014|0.0002|-0.0001|-0.0060|0.0014||1.74|51|1.54|63
GME211217C00115000||||112.11|112.11|13|0.00|0.0000|0|2|0|0|0.9979|0.0002|0.0345|-0.0086|0.0020||65.20|19|62.05|20
GME211217P00115000|2.00|2.01|1.74|2.62|1.79|13|-0.83|-0.3168|19|199|10|24|-0.0030|0.0003|-0.0002|-0.0120|0.0028||1.95|76|1.69|82
GME211217C00120000|58.85|58.85|58.85|52.20|58.85|12|6.65|0.1274|2|58|1|1|0.9955|0.0005|0.0359|-0.0164|0.0040||60.40|19|57.25|20
GME211217P00120000|3.28|3.28|1.93|3.09|1.95|12|-1.14|-0.3689|51|379|1|110|-0.0060|0.0006|-0.0003|-0.0219|0.0052||2.10|80|1.84|81
GME211217C00125000||||47.70|47.70|11|0.00|0.0000|0|35|0|0|0.9898|0.0010|0.0371|-0.0340|0.0083||55.65|14|52.50|14
GME211217P00125000|2.00|2.81|1.20|3.60|2.29|11|-1.31|-0.3639|180|535|1|148|-0.0123|0.0011|-0.0007|-0.0410|0.0098||2.35|45|2.05|44
GME211217C00130000||||39.61|39.61|10|0.00|0.0000|0|10|0|0|0.9816|0.0017|0.0381|-0.0556|0.0138||50.95|5|47.85|17
GME211217P00130000|3.00|3.09|2.32|4.45|2.57|10|-1.88|-0.4225|35|370|2|84|-0.0218|0.0019|-0.0012|-0.0662|0.0160||2.65|69|2.32|76
GME211217C00135000||||35.61|35.61|9|0.00|0.0000|-1|2|0|0|0.9667|0.0027|0.0388|-0.0918|0.0228||46.35|19|43.30|13
GME211217P00135000|3.65|3.98|2.82|4.75|2.82|9|-1.93|-0.4063|1|152|1|67|-0.0362|0.0029|-0.0021|-0.0997|0.0243||2.95|93|2.65|68
GME211217C00140000|37.00|37.00|37.00|33.50|37.00|8|3.50|0.1045|0|149|1|1|0.9471|0.0040|0.0392|-0.1313|0.0331||41.70|22|38.80|4
GME211217P00140000|5.28|5.62|3.15|5.78|3.15|8|-2.63|-0.4550|68|983|2|206|-0.0586|0.0042|-0.0033|-0.1469|0.0359||3.40|63|3.10|103
GME211217C00145000|34.00|34.00|34.00|27.00|34.00|7|7.00|0.2593|0|59|1|2|0.9154|0.0058|0.0389|-0.1899|0.0475||37.10|24|34.50|6
GME211217P00145000|6.26|6.26|3.78|7.10|3.90|7|-3.20|-0.4507|12|264|2|51|-0.0918|0.0059|-0.0053|-0.2091|0.0505||4.10|43|3.75|56
GME211217C00150000|29.40|29.40|27.83|27.40|27.83|6|0.43|0.0157|0|82|1|2|0.8738|0.0076|0.0379|-0.2555|0.0635||32.95|43|30.35|12
GME211217P00150000|8.80|8.80|4.65|8.50|4.83|6|-3.67|-0.4318|136|2018|1|610|-0.1316|0.0077|-0.0076|-0.2696|0.0654||4.95|50|4.70|1
GME211217C00155000|24.23|24.23|24.23|24.92|24.23|5|-0.69|-0.0277|4|30|1|1|0.8253|0.0096|0.0366|-0.3155|0.0790||29.20|43|26.45|19
GME211217P00155000|8.03|8.03|5.90|9.47|6.04|5|-3.43|-0.3622|-1|404|1|22|-0.1798|0.0095|-0.0104|-0.3289|0.0804||6.15|45|5.50|127
GME211217C00160000|22.95|24.60|21.78|21.45|23.00|4|1.55|0.0723|6|143|1|9|0.7678|0.0114|0.0347|-0.3712|0.0936||25.20|40|22.90|60
GME211217P00160000|9.00|9.66|7.25|12.08|7.39|4|-4.69|-0.3882|-4|1042|1|87|-0.2380|0.0112|-0.0139|-0.3883|0.0949||7.60|63|7.05|88
GME211217C00165000|20.60|21.70|17.60|16.45|17.60|3|1.15|0.0699|8|87|1|8|0.6909|0.0130|0.0316|-0.4332|0.1077||22.05|35|19.55|71
GME211217P00165000|10.70|11.30|8.95|14.75|9.09|3|-5.66|-0.3837|76|429|1|65|-0.3040|0.0126|-0.0180|-0.4425|0.1073||9.35|54|8.85|50
GME211217C00170000|18.20|21.00|15.00|14.20|17.20|2|3.00|0.2113|42|177|1|31|0.6277|0.0138|0.0291|-0.4729|0.1160||18.95|41|16.60|87
GME211217P00170000|13.50|13.61|10.82|17.48|11.05|2|-6.43|-0.3678|-14|1078|1|87|-0.3739|0.0134|-0.0223|-0.4852|0.1162||11.40|52|10.80|68
GME211217C00175000|15.05|18.05|13.00|12.35|14.95|1|2.60|0.2105|5|213|1|81|0.5554|0.0145|0.0261|-0.4898|0.1212||15.50|22|14.80|1
GME211217P00175000|15.60|16.18|12.20|18.97|13.50|1|-5.47|-0.2884|-22|763|1|309|-0.4444|0.0141|-0.0268|-0.5045|0.1212||13.90|27|13.25|11
GME211217C00180000|11.50|15.25|10.85|10.25|12.70|1|2.45|0.2390|542|1045|1|323|0.4831|0.0146|0.0229|-0.4961|0.1223||13.00|1|12.45|15
GME211217P00180000|18.00|18.00|15.00|21.74|15.80|1|-5.94|-0.2732|-9|1119|1|59|-0.5151|0.0142|-0.0313|-0.5076|0.1223||16.80|55|15.80|56
GME211217C00185000|10.83|13.45|9.00|8.75|10.75|2|2.00|0.2286|62|346|20|84|0.4139|0.0142|0.0198|-0.4872|0.1195||11.10|15|10.45|55
GME211217P00185000|20.78|21.60|18.23|25.00|19.30|2|-5.70|-0.2280|8|254|1|13|-0.5833|0.0139|-0.0359|-0.4968|0.1197||20.15|63|18.45|84
GME211217C00187500|10.00|10.40|9.12|7.90|10.40|3|2.50|0.3165|2|44|1|11|0.4373|0.0101|0.0199|-0.7002|0.1208||10.65|37|9.15|87
GME211217P00187500||||27.07|27.07|3|0.00|0.0000|0|116|0|0|-0.5271|0.0080|-0.0360|-0.9050|0.1221||22.15|55|19.45|74
GME211217C00190000|9.00|11.65|7.94|7.20|9.18|4|1.98|0.2750|-19|254|1|81|0.3500|0.0134|0.0168|-0.4662|0.1136||9.75|55|8.70|86
GME211217P00190000|23.16|24.57|20.00|29.00|23.73|4|-5.27|-0.1817|4|435|1|30|-0.6452|0.0131|-0.0403|-0.4792|0.1142||23.90|57|21.65|74
GME211217C00192500|9.10|9.50|8.10|7.35|8.40|5|1.05|0.1429|4|43|1|29|0.3871|0.0100|0.0178|-0.6671|0.1174||8.85|68|8.00|90
GME211217P00192500||||38.40|38.40|5|0.00|0.0000|0|113|0|0|-0.5062|0.0057|-0.0383|-1.2770|0.1223||25.65|51|23.10|64
GME211217C00195000|7.72|9.55|7.40|6.35|7.75|6|1.40|0.2205|12|170|1|35|0.2933|0.0123|0.0142|-0.4377|0.1055||8.25|72|7.45|66
GME211217P00195000|29.00|29.00|25.35|31.75|27.43|6|-4.32|-0.1361|-12|429|1|27|-0.7016|0.0121|-0.0444|-0.4499|0.1064||26.90|11|24.90|88
GME211217C00197500|8.33|8.33|6.30|5.75|6.30|7|0.55|0.0957|2|39|1|9|0.3286|0.0100|0.0154|-0.5924|0.1109||7.65|67|6.80|93
GME211217P00197500||||42.50|42.50|7|0.00|0.0000|0|93|0|0|-0.5268|0.0055|-0.0407|-1.3082|0.1221||29.40|54|26.90|63
GME211217C00200000|5.40|8.30|5.40|5.55|6.55|8|1.00|0.1802|308|3025|5|418|0.2447|0.0111|0.0119|-0.4054|0.0964||6.85|15|6.40|58
GME211217P00200000|31.50|31.50|29.00|38.96|29.65|8|-9.31|-0.2390|-44|1875|13|31|-0.7491|0.0110|-0.0481|-0.4199|0.0977||30.65|21|29.30|63
GME211217C00202500|6.11|7.70|5.60|5.85|5.98|9|0.13|0.0222|4|39|2|24|0.3026|0.0091|0.0141|-0.6109|0.1071||6.60|66|5.80|108
GME211217P00202500||||38.80|38.80|9|0.00|0.0000|0|120|0|0|-0.6205|0.0071|-0.0445|-0.9285|0.1163||33.40|42|30.55|54
GME211217C00205000|5.53|7.00|5.32|4.50|5.65|10|1.15|0.2556|36|100|1|39|0.2854|0.0088|0.0133|-0.5993|0.1042||6.15|81|5.45|95
GME211217P00205000|36.60|36.60|36.60|41.50|36.60|10|-4.90|-0.1181|-2|161|1|1|-0.6880|0.0082|-0.0475|-0.6898|0.1085||35.30|35|32.70|57
GME211217C00207500|5.40|5.73|5.25|5.65|5.25|11|-0.40|-0.0708|3|34|2|14|0.2712|0.0084|0.0127|-0.5937|0.1016||5.70|62|5.00|106
GME211217P00207500|37.77|37.77|37.77|43.07|37.77|11|-5.30|-0.1231|3|219|1|1|-0.7198|0.0083|-0.0495|-0.6228|0.1033||37.60|39|34.60|68
GME211217C00210000|5.25|6.05|4.35|4.35|4.97|12|0.62|0.1425|16|813|10|199|0.1599|0.0086|0.0078|-0.3139|0.0746||5.40|63|4.75|75
GME211217P00210000|38.00|43.00|34.90|47.90|39.60|12|-8.30|-0.1733|65|273|2|95|-0.8349|0.0086|-0.0552|-0.3256|0.0762||39.75|20|36.80|73
GME211217C00212500|4.80|4.80|4.80|4.58|4.80|13|0.22|0.0480|21|35|4|6|0.2475|0.0077|0.0116|-0.5872|0.0969||5.10|63|4.20|156
GME211217P00212500||||42.25|42.25|13|0.00|0.0000|0|59|0|0|-0.7431|0.0076|-0.0521|-0.6181|0.0989||41.95|21|39.05|43
GME211217C00215000|4.45|5.20|4.05|3.82|4.37|14|0.55|0.1440|20|123|1|50|0.2283|0.0075|0.0107|-0.5552|0.0928||4.60|21|4.20|67
GME211217P00215000||||54.30|54.30|14|0.00|0.0000|-5|99|0|0|-0.6155|0.0054|-0.0490|-1.2216|0.1172||44.20|26|41.25|49
GME211217C00217500|4.85|5.00|3.80|5.10|4.40|15|-0.70|-0.1373|0|40|1|21|0.2266|0.0071|0.0106|-0.5781|0.0924||4.55|67|3.95|86
GME211217P00217500|46.54|46.80|46.54|56.80|46.80|15|-10.00|-0.1761|-6|49|2|3|-0.7633|0.0071|-0.0546|-0.6121|0.0946||46.45|23|43.35|43
GME211217C00220000|4.00|4.65|3.50|3.40|3.95|16|0.55|0.1618|-8|1871|1|129|0.1019|0.0062|0.0050|-0.2319|0.0546||4.30|59|3.85|30
GME211217P00220000||||59.00|59.00|16|0.00|0.0000|-1|423|0|0|-0.8912|0.0063|-0.0609|-0.2489|0.0572||48.75|22|45.20|24
GME211217C00222500|3.80|3.80|3.65|3.30|3.73|17|0.43|0.1303|11|81|1|9|0.1999|0.0066|0.0094|-0.5388|0.0858||4.10|49|3.55|53
GME211217P00222500||||49.15|49.15|17|0.00|0.0000|0|21|0|0|-0.8406|0.0066|-0.0594|-0.4071|0.0744||51.05|20|47.55|21
GME211217C00225000|3.75|4.15|3.38|3.00|3.60|18|0.60|0.2000|11|139|1|62|0.1894|0.0063|0.0089|-0.5253|0.0831||3.80|14|3.55|3
GME211217P00225000||||49.64|49.64|18|0.00|0.0000|0|30|0|0|-0.9225|0.0051|-0.0640|-0.1869|0.0445||53.35|21|50.05|17
GME211217C00227500|3.80|3.80|3.45|3.60|3.45|19|-0.15|-0.0417|1|10|1|3|0.1841|0.0061|0.0086|-0.5281|0.0816||3.75|57|3.35|36
GME211217P00227500||||51.86|51.86|19|0.00|0.0000|0|60|0|0|-0.9385|0.0044|-0.0655|-0.1515|0.0373||55.70|18|52.20|20
GME211217C00230000|3.25|3.67|3.10|3.05|3.30|20|0.25|0.0820|2|438|1|42|0.0672|0.0044|0.0033|-0.1743|0.0399||3.60|56|3.20|44
GME211217P00230000|57.65|57.65|57.65|64.00|57.65|20|-6.35|-0.0992|0|63|1|1|-0.9293|0.0045|-0.0658|-0.1835|0.0415||58.05|18|54.55|17
GME211217C00232500|3.25|3.30|3.25|2.66|3.30|21|0.64|0.2406|-1|85|1|2|0.1693|0.0056|0.0079|-0.5178|0.0771||3.45|70|3.00|77
GME211217P00232500||||53.30|53.30|21|0.00|0.0000|0|19|0|0|-0.9604|0.0032|-0.0681|-0.1032|0.0261||60.40|13|57.25|21
GME211217C00235000|3.10|3.35|2.98|2.80|3.00|22|0.20|0.0714|11|89|1|14|0.1613|0.0054|0.0076|-0.5017|0.0750||3.40|45|3.00|19
GME211217P00235000||||68.76|68.76|22|0.00|0.0000|0|61|0|0|-0.7143|0.0051|-0.0586|-1.0308|0.1043||62.80|20|59.50|25
GME211217C00240000|2.83|3.18|2.68|2.62|2.94|23|0.32|0.1221|25|346|1|54|0.0411|0.0030|0.0020|-0.1189|0.0270||3.00|17|2.82|30
GME211217P00240000||||73.45|73.45|23|0.00|0.0000|0|54|0|0|-0.9541|0.0032|-0.0700|-0.1330|0.0296||67.60|13|64.65|14
GME211217C00245000|2.75|3.00|2.69|2.74|2.80|24|0.06|0.0219|4|200|5|35|0.1386|0.0046|0.0064|-0.4785|0.0675||2.87|31|2.68|22
GME211217P00245000||||78.00|78.00|24|0.00|0.0000|1|39|0|0|-0.7402|0.0047|-0.0628|-1.0194|0.0991||72.40|4|69.30|18
GME211217C00250000|2.75|2.77|2.26|2.39|2.60|25|0.21|0.0879|58|1302|10|345|0.0256|0.0020|0.0013|-0.0818|0.0183||2.65|13|2.57|5
GME211217P00250000|76.30|76.30|76.30|85.24|76.30|25|-8.94|-0.1049|-1|54|1|1|-0.9718|0.0021|-0.0739|-0.0896|0.0198||77.25|5|74.10|20
GME211217C00255000|2.16|2.51|2.16|2.26|2.51|26|0.25|0.1106|0|359|5|29|0.1280|0.0041|0.0060|-0.4822|0.0642||2.61|63|2.30|80
GME211217P00255000||||39.75|39.75|26|0.00|0.0000|0|5|0|0|-0.9999|0.0000|-0.0768|0.0007|0.0001||82.15|7|79.05|22
GME211217C00260000|2.30|2.49|2.27|2.37|2.36|27|-0.01|-0.0042|-4|519|1|32|0.0157|0.0013|0.0008|-0.0544|0.0121||2.50|49|2.21|82
GME211217P00260000||||89.25|89.25|27|0.00|0.0000|0|21|0|0|-0.9834|0.0013|-0.0775|-0.0572|0.0126||87.05|4|83.85|21
GME211217C00270000|2.00|2.25|2.00|2.10|2.18|28|0.08|0.0381|64|636|1|15|0.0102|0.0009|0.0005|-0.0385|0.0083||2.33|47|2.04|71
GME211217P00270000||||102.35|102.35|28|0.00|0.0000|-19|30|0|0|-0.9882|0.0010|-0.0808|-0.0438|0.0095||96.85|4|93.65|21
GME211217C00280000|1.97|2.16|1.83|1.98|2.06|29|0.08|0.0404|32|2058|1|37|0.0070|0.0006|0.0004|-0.0281|0.0059||2.17|43|1.91|70
GME211217P00280000|106.96|106.96|106.96|91.00|106.96|29|15.96|0.1754|0|10|2|2|-0.9921|0.0007|-0.0840|-0.0309|0.0066||106.70|15|103.35|31
GME211217C00290000|1.90|1.99|1.83|1.80|1.90|30|0.10|0.0556|6|531|13|57|0.0047|0.0004|0.0002|-0.0202|0.0042||1.99|22|1.85|15
GME211217P00290000|116.82|116.82|116.82|127.73|116.82|30|-10.91|-0.0854|-2|23|2|2|-0.9941|0.0005|-0.0871|-0.0244|0.0051||116.60|14|113.35|19
GME211217C00300000|2.99|2.99|1.54|1.60|1.78|31|0.18|0.1125|-109|5622|2|257|0.0031|0.0003|0.0002|-0.0141|0.0029||1.85|9|1.78|2
GME211217P00300000|120.20|120.20|120.20|126.50|120.20|31|-6.30|-0.0498|0|20|1|1|-0.9963|0.0003|-0.0902|-0.0158|0.0034||126.45|14|123.15|13
GME211217C00310000|1.84|1.84|1.62|1.62|1.77|32|0.15|0.0926|16|384|1|21|0.0019|0.0002|0.0001|-0.0090|0.0018||1.84|29|1.65|19
GME211217P00310000||||102.75|102.75|32|0.00|0.0000|0|3|0|0|-0.9974|0.0002|-0.0933|-0.0114|0.0025||136.40|15|133.15|19
GME211217C00320000|1.65|1.69|1.58|1.49|1.58|33|0.09|0.0604|11|459|1|51|0.0014|0.0001|0.0001|-0.0070|0.0014||1.76|35|1.57|21
GME211217P00320000||||96.00|96.00|33|0.00|0.0000|0|17|0|0|-0.9982|0.0002|-0.0963|-0.0081|0.0018||146.30|14|143.05|19
GME211217C00330000|1.58|1.60|1.46|1.49|1.59|34|0.10|0.0671|21|234|1|44|0.0010|0.0001|0.0001|-0.0052|0.0010||1.67|29|1.50|3
GME211217P00330000||||159.50|159.50|34|0.00|0.0000|0|3|0|0|-0.9987|0.0001|-0.0994|-0.0057|0.0013||156.25|14|152.95|19
GME211217C00340000|1.45|1.51|1.45|1.41|1.51|35|0.10|0.0709|0|232|1|13|0.0007|0.0001|0.0000|-0.0040|0.0008||1.59|31|1.41|40
GME211217P00340000||||126.85|126.85|35|0.00|0.0000|0|7|0|0|-0.9991|0.0001|-0.1024|-0.0039|0.0009||166.15|14|162.90|18
GME211217C00350000|1.44|1.50|1.20|1.33|1.40|36|0.07|0.0526|-148|856|18|170|0.0006|0.0001|0.0000|-0.0032|0.0006||1.50|16|1.37|3
GME211217P00350000||||133.85|133.85|36|0.00|0.0000|0|4|0|0|-0.9993|0.0001|-0.1054|-0.0029|0.0008||176.15|5|172.85|24
GME211217C00360000|1.29|1.53|1.29|1.15|1.40|37|0.25|0.2174|-3|312|1|13|0.0005|0.0000|0.0000|-0.0027|0.0005||1.47|39|1.30|20
GME211217P00360000||||||37|||0|0|0|0|-0.9994|0.0001|-0.1085|-0.0022|0.0006||186.15|13|182.85|20
GME211217C00370000|1.40|1.40|1.35|1.43|1.35|38|-0.08|-0.0559|1|447|1|2|0.0004|0.0000|0.0000|-0.0023|0.0004||1.47|72|1.20|67
GME211217P00370000||||172.65|172.65|38|0.00|0.0000|0|3|0|0|-0.9996|0.0000|-0.1115|-0.0015|0.0005||195.95|14|192.65|20
GME211217C00380000|1.34|1.34|1.30|1.20|1.30|39|0.10|0.0833|7|175|1|2|0.0003|0.0000|0.0000|-0.0019|0.0003||1.42|47|1.17|39
GME211217P00380000||||208.83|208.83|39|0.00|0.0000|0|16|0|0|-0.9997|0.0000|-0.1145|-0.0009|0.0004||205.95|4|202.55|12
GME211217C00390000|1.20|1.24|1.14|1.16|1.14|40|-0.02|-0.0172|71|265|1|16|0.0003|0.0000|0.0000|-0.0017|0.0003||1.23|13|1.17|2
GME211217P00390000||||||40|||0|0|0|0|-0.9997|0.0000|-0.1175|-0.0006|0.0003||215.95|1|212.50|12
GME211217C00400000|1.10|1.21|0.90|1.10|1.14|41|0.04|0.0364|49|1325|1|228|0.0002|0.0000|0.0000|-0.0012|0.0002||1.14|18|1.10|4
GME211217P00400000||||238.75|238.75|41|0.00|0.0000|0|3|0|0|-0.9998|0.0000|-0.1205|-0.0003|0.0003||225.90|5|222.45|12
GME211217C00410000|1.00|1.10|1.00|1.10|1.10|42|0.00|0.0000|1|227|1|4|0.0001|0.0000|0.0000|-0.0010|0.0002||1.17|49|0.91|69
GME211217P00410000||||190.90|190.90|42|0.00|0.0000|0|3|0|0|-0.9998|0.0000|-0.1235|-0.0001|0.0002||235.75|12|232.45|15
GME211217C00420000|1.09|1.10|0.92|0.92|1.05|43|0.13|0.1413|-2|540|1|6|0.0001|0.0000|0.0000|-0.0008|0.0001||1.15|41|0.91|50
GME211217P00420000||||189.85|189.85|43|0.00|0.0000|0|16|0|0|-0.9999|0.0000|-0.1266|0.0007|0.0001||245.70|12|242.40|15
GME211217C00430000|1.00|1.05|0.83|1.04|1.05|44|0.01|0.0096|7|220|1|23|0.0001|0.0000|0.0000|-0.0007|0.0001||1.15|35|0.89|10
GME211217P00430000||||244.20|244.20|44|0.00|0.0000|0|0|0|0|-0.9999|0.0000|-0.1296|0.0008|0.0001||255.70|12|252.35|12
GME211217C00440000||||0.80|0.80|45|0.00|0.0000|2|474|0|0|0.0001|0.0000|0.0000|-0.0006|0.0001||1.07|1|0.88|3
GME211217P00440000||||||45|||0|0|0|0|-0.9999|0.0000|-0.1326|0.0011|0.0001||265.70|12|262.30|12
GME211217C00450000|0.90|0.96|0.81|0.84|0.96|46|0.12|0.1429|62|745|10|18|0.0001|0.0000|0.0000|-0.0004|0.0001||1.00|1|0.88|1
GME211217P00450000||||||46|||0|0|0|0|-1.0000|0.0000|-0.1356|0.0011|0.0001||276.30|12|272.25|1
GME211217C00460000|0.88|1.07|0.76|0.90|0.83|47|-0.07|-0.0778|0|1139|2|81|0.0001|0.0000|0.0000|-0.0004|0.0001||1.02|14|0.77|19
GME211217P00460000||||261.60|261.60|47|0.00|0.0000|0|5|0|0|-1.0000|0.0000|-0.1386|0.0012|0.0001||285.70|12|282.25|12
GME211217C00470000|0.80|0.86|0.80|1.00|0.84|48|-0.16|-0.1600|0|190|1|4|0.0342|0.0009|0.0015|-0.2892|0.0233||0.99|14|0.71|13
GME211217P00470000||||||48||||0|0|0|-1.0000|0.0000|-0.1416|0.0016|0.0000||295.70|12|292.20|12
GME211217C00480000|0.65|0.65|0.65|0.80|0.65|49|-0.15|-0.1875|2|245|1|1|0.0279|0.0008|0.0013|-0.2394|0.0196||0.96|13|0.69|5
GME211217P00480000||||264.21|264.21|49|0.00|0.0000|0|7|0|0|-0.9944|0.0002|-0.1444|-0.0452|0.0049||305.70|12|302.20|12
GME211217C00490000|0.74|0.80|0.73|0.80|0.73|50|-0.07|-0.0875|-1|151|1|4|0.0300|0.0008|0.0013|-0.2627|0.0209||0.93|13|0.59|39
GME211217P00490000||||274.04|274.04|50|0.00|0.0000|0|7|0|0|-0.9919|0.0003|-0.1473|-0.0680|0.0068||316.15|12|312.15|12
GME211217C00500000|0.75|0.80|0.56|0.66|0.71|51|0.05|0.0758|16|2452|1|55|0.0290|0.0008|0.0013|-0.2584|0.0203||0.78|5|0.56|12
GME211217P00500000||||290.05|290.05|51|0.00|0.0000|0|7|0|0|-0.9828|0.0005|-0.1499|-0.1501|0.0130||326.10|12|322.15|12
GME211217C00510000|0.63|0.79|0.63|0.65|0.65|52|0.00|0.0000|67|1621|1|219|0.0272|0.0007|0.0012|-0.2458|0.0192||0.70|30|0.65|6
GME211217P00510000||||277.97|277.97|52|0.00|0.0000|0|0|0|0|-0.9955|0.0002|-0.1535|-0.0380|0.0040||336.05|12|332.10|12
GME211223C00100000||||71.00|71.00|12|0.00|0.0000|0|13|0|0|0.9354|0.0016|0.0400|-0.2878|0.0481||80.00|10|76.85|7
GME211223P00100000|2.42|2.42|1.54|2.13|1.54|12|-0.59|-0.2770|61|375|1|43|-0.0456|0.0014|-0.0044|-0.1890|0.0365||1.61|4|1.41|8
GME211223C00110000||||||11||||0|0|0|1.0000|0.0000|0.0512|-0.0004|0.0000||70.35|19|67.20|8
GME211223P00110000|2.10|2.29|2.10|2.57|2.15|11|-0.42|-0.1634|415|520|1|4|-0.0625|0.0020|-0.0060|-0.2225|0.0469||2.32|49|1.76|19
GME211223C00120000||||49.37|49.37|10|0.00|0.0000|1|2|0|0|0.9476|0.0024|0.0511|-0.1425|0.0406||60.95|20|57.80|8
GME211223P00120000|3.00|3.17|2.50|4.10|2.50|10|-1.60|-0.3902|0|37|1|31|-0.0793|0.0027|-0.0076|-0.2365|0.0563||2.55|2|2.26|6
GME211223C00130000||||41.20|41.20|9|0.00|0.0000|1|1|0|0|0.9018|0.0037|0.0513|-0.2384|0.0660||51.80|18|48.65|19
GME211223P00130000|3.58|3.58|3.40|5.25|3.40|9|-1.85|-0.3524|5|141|1|3|-0.1109|0.0038|-0.0105|-0.2792|0.0721||3.85|45|3.20|1
GME211223C00140000|41.10|41.10|41.10|41.10|41.10|8|0.00|0.0000|0|0|1|1|0.8324|0.0050|0.0490|-0.3692|0.0956||43.20|22|40.00|7
GME211223P00140000|4.85|4.93|4.85|7.23|4.93|8|-2.30|-0.3181|7|49|1|2|-0.1574|0.0051|-0.0150|-0.3339|0.0918||5.45|49|4.40|31
GME211223C00145000||||||7||||0|0|0|1.0000|0.0000|0.0675|-0.0005|0.0000||38.95|18|35.90|6
GME211223P00145000|6.77|6.77|5.88|8.30|6.50|7|-1.80|-0.2169|3|14|4|15|-0.1953|0.0057|-0.0189|-0.3928|0.1052||6.35|56|5.30|38
GME211223C00150000||||28.10|28.10|6|0.00|0.0000|0|21|0|0|0.8691|0.0077|0.0582|-0.1737|0.0810||35.15|19|32.00|13
GME211223P00150000|9.75|9.75|6.65|11.00|7.11|6|-3.89|-0.3536|6|161|1|31|-0.2216|0.0066|-0.0213|-0.3962|0.1134||7.45|36|6.35|28
GME211223C00155000||||29.20|29.20|5|0.00|0.0000|0|11|0|0|0.7380|0.0072|0.0468|-0.4364|0.1242||31.45|26|28.35|11
GME211223P00155000|9.27|9.27|8.65|13.30|8.65|5|-4.65|-0.3496|1|79|1|3|-0.2603|0.0072|-0.0252|-0.4283|0.1237||8.95|40|7.75|44
GME211223C00160000||||22.77|22.77|4|0.00|0.0000|1|20|0|0|0.7226|0.0094|0.0485|-0.3535|0.1278||27.95|22|24.95|22
GME211223P00160000|10.00|11.08|9.90|13.20|9.93|4|-3.27|-0.2477|5|71|1|19|-0.3054|0.0076|-0.0300|-0.4783|0.1336||10.65|45|9.35|50
GME211223C00165000|22.80|22.80|19.80|18.80|19.80|3|1.00|0.0532|32|48|1|12|0.6685|0.0100|0.0454|-0.3880|0.1383||24.80|18|21.90|23
GME211223P00165000|13.12|13.33|11.97|17.15|13.33|3|-3.82|-0.2227|31|315|10|38|-0.3478|0.0079|-0.0345|-0.5072|0.1409||12.55|60|11.20|54
GME211223C00170000|20.25|20.25|19.22|18.44|19.98|2|1.54|0.0835|5|35|10|15|0.6100|0.0087|0.0405|-0.4996|0.1463||21.90|22|19.05|26
GME211223P00170000|15.51|15.78|13.71|20.03|15.78|2|-4.25|-0.2122|1|62|15|85|-0.3905|0.0082|-0.0392|-0.5290|0.1463||14.80|30|13.30|52
GME211223C00175000|17.20|21.00|17.06|16.30|17.30|1|1.00|0.0613|19|38|1|49|0.5586|0.0091|0.0375|-0.5051|0.1499||19.35|23|17.15|9
GME211223P00175000|18.00|18.29|16.00|22.05|17.13|1|-4.92|-0.2231|-4|43|1|41|-0.4354|0.0090|-0.0435|-0.5059|0.1501||17.40|26|15.55|12
