symbol|open|high|low|preClose|close|activeLevel|change|changeRatio|openIntChange|openInterest|latestPriceVol|volume|delta|gamma|rho|theta|vega|tradeStamptradeTime|ask|avol|bid|bvol
GME211203C00100000||||83.51|83.51|9|0.00|0.0000|-1|9|0|0|0.9699|0.0014|0.0026|-1.6967|0.0060||70.55|6|67.40|12
GME211203P00100000|0.04|0.05|0.01|0.06|0.01|9|-0.05|-0.8333|21|534|1|197|-0.0027|0.0003|0.0000|-0.1333|0.0007||0.02|10|0.00|0
GME211203C00110000||||135.99|135.99|8|0.00|0.0000|0|1|0|0|0.8580|0.0026|0.0021|-9.7732|0.0197||60.60|10|57.35|12
GME211203P00110000|0.08|0.08|0.02|0.11|0.02|8|-0.09|-0.8182|27|199|5|42|-0.0028|0.0003|0.0000|-0.1114|0.0007||0.07|19|0.01|1
GME211203C00120000||||||7||||0|0|0|1.0000|0.0000|0.0033|-0.0004|0.0000||50.60|10|47.50|7
GME211203P00120000|0.04|0.11|0.01|0.19|0.01|7|-0.18|-0.9474|165|546|19|335|-0.0020|0.0003|0.0000|-0.0622|0.0006||0.07|1|0.01|27
GME211203C00130000||||65.44|65.44|6|0.00|0.0000|0|1|0|0|0.8008|0.0043|0.0024|-9.1760|0.0245||40.80|16|37.50|12
GME211203P00130000|0.14|0.18|0.01|0.29|0.08|6|-0.21|-0.7241|7|983|2|386|-0.0136|0.0018|-0.0001|-0.3414|0.0031||0.09|4|0.00|0
GME211203C00140000|32.50|32.50|32.50|55.33|32.50|5|-22.83|-0.4126|0|6|4|4|0.7554|0.0055|0.0049|-4.4644|0.0389||30.95|22|27.85|3
GME211203P00140000|0.15|0.38|0.01|0.30|0.11|5|-0.19|-0.6333|17|1168|7|570|-0.0211|0.0033|-0.0001|-0.3843|0.0044||0.19|17|0.04|29
GME211203C00150000|23.50|24.00|21.00|44.80|24.00|4|-20.80|-0.4643|0|6|1|52|0.7000|0.0074|0.0024|-8.2228|0.0304||21.05|28|17.85|7
GME211203P00150000|0.20|0.59|0.13|0.65|0.19|4|-0.46|-0.7077|149|1347|1|1138|-0.1029|0.0121|-0.0005|-1.3299|0.0157||0.20|5|0.16|5
GME211203C00155000||||27.75|27.75|3|0.00|0.0000|0|5|0|0|0.6569|0.0067|0.0023|-10.0368|0.0323||16.10|33|12.90|6
GME211203P00155000|0.39|0.70|0.21|0.68|0.25|3|-0.43|-0.6324|-29|963|5|349|-0.1541|0.0184|-0.0007|-1.5299|0.0208||0.29|13|0.23|10
GME211203C00160000|23.77|23.77|8.75|23.00|8.75|2|-14.25|-0.6196|2|117|1|7|0.7136|0.0242|0.0030|-2.3903|0.0298||9.85|13|8.15|9
GME211203P00160000|1.14|1.24|0.30|0.68|0.43|2|-0.25|-0.3676|108|548|1|1667|-0.3780|0.0056|-0.0918|-0.3282|0.2077||0.53|8|0.39|14
GME211203C00165000|15.40|15.40|4.18|32.50|5.75|1|-26.75|-0.8231|0|31|1|213|0.5694|0.0097|0.0021|-7.9331|0.0344||5.05|4|4.25|14
GME211203P00165000|0.62|2.20|0.40|1.20|1.15|1|-0.05|-0.0417|41|824|1|2287|-0.3964|0.0370|-0.0019|-2.0065|0.0338||1.15|5|0.92|16
GME211203C00170000|6.30|6.30|1.49|13.35|1.65|1|-11.70|-0.8764|13|63|1|1107|0.4108|0.0385|0.0018|-1.9661|0.0341||1.85|1|1.31|30
GME211203P00170000|1.42|4.15|0.80|1.87|3.24|1|1.37|0.7326|480|1414|1|1928|-0.6033|0.0400|-0.0029|-1.8592|0.0337||3.35|1|2.68|23
GME211203C00175000|7.05|7.05|0.37|9.00|0.45|2|-8.55|-0.9500|6|123|4|3122|0.1969|0.0319|0.0009|-1.2071|0.0243||0.47|4|0.34|13
GME211203P00175000|1.75|8.00|1.50|2.73|5.97|2|3.24|1.1868|485|968|1|731|-0.7904|0.0334|-0.0039|-1.2388|0.0253||7.45|21|5.45|58
GME211203C00177500|4.12|4.12|0.17|8.24|0.17|3|-8.07|-0.9794|34|41|21|1483|0.1710|0.0249|0.0008|-1.2982|0.0222||0.28|14|0.16|40
GME211203P00177500|2.70|9.65|2.20|3.58|9.00|3|5.42|1.5140|267|466|1|496|-0.5119|0.0075|-0.1206|-0.2710|0.2179||9.70|22|7.10|84
GME211203C00180000|4.60|5.00|0.15|5.75|0.17|4|-5.58|-0.9704|33|766|10|1070|0.0435|0.0129|0.0002|-0.3287|0.0081||0.19|4|0.12|8
GME211203P00180000|5.29|13.09|2.63|4.40|11.71|4|7.31|1.6614|-355|1413|1|331|-0.9834|0.0072|-0.0049|-0.1183|0.0036||12.00|3|10.35|23
GME211203C00182500|3.75|3.90|0.12|4.40|0.14|5|-4.26|-0.9682|61|146|2|226|0.1102|0.0162|0.0010|-0.5479|0.0233||0.15|3|0.10|1
GME211203P00182500|7.75|14.00|3.89|5.41|11.87|5|6.46|1.1941|-45|252|20|99|-0.9704|0.0088|-0.0049|-0.2579|0.0059||15.40|20|11.95|125
GME211203C00185000|2.43|3.10|0.10|3.22|0.10|6|-3.12|-0.9689|314|795|2|1288|0.0234|0.0067|0.0001|-0.2300|0.0048||0.14|22|0.10|4
GME211203P00185000|9.16|17.40|4.90|7.21|15.66|6|8.45|1.1720|-47|541|5|194|-0.9770|0.0066|-0.0050|-0.2247|0.0048||17.75|32|14.85|63
GME211203C00187500|2.00|2.16|0.10|2.40|0.10|7|-2.30|-0.9583|-120|610|1|582|0.0202|0.0053|0.0001|-0.2259|0.0043||0.12|29|0.06|33
GME211203P00187500|7.14|19.45|7.14|8.59|19.00|7|10.41|1.2119|-33|442|1|29|-0.9922|0.0027|-0.0051|-0.0837|0.0019||19.75|22|16.90|129
GME211203C00190000|1.42|1.60|0.07|1.70|0.09|8|-1.61|-0.9471|-141|637|4|658|0.0191|0.0047|0.0001|-0.2321|0.0041||0.10|19|0.05|34
GME211203P00190000|11.26|22.50|8.25|11.17|20.40|8|9.23|0.8263|-67|766|1|140|-0.5760|0.0067|-0.1432|-0.2927|0.2140||22.60|35|19.40|141
GME211203C00192500|1.00|1.09|0.09|1.27|0.13|9|-1.14|-0.8976|-248|254|3|689|0.0802|0.0092|0.0007|-0.6049|0.0184||0.09|11|0.04|34
GME211203P00192500|10.85|24.24|10.85|12.49|23.32|9|10.83|0.8671|-8|265|2|21|-0.7728|0.0108|-0.0043|-4.2073|0.0265||24.80|16|21.95|125
GME211203C00195000|1.09|1.09|0.06|1.07|0.06|10|-1.01|-0.9439|-71|526|1|344|0.0148|0.0032|0.0001|-0.2158|0.0033||0.08|9|0.05|3
GME211203P00195000|15.20|28.05|12.95|14.76|25.38|10|10.62|0.7195|-69|557|1|39|-0.6206|0.0070|-0.1535|-0.2662|0.2080||27.30|16|24.45|126
GME211203C00197500|0.35|0.35|0.06|0.89|0.06|11|-0.83|-0.9326|-133|357|1|61|0.0110|0.0024|0.0000|-0.1728|0.0025||0.08|5|0.04|4
GME211203P00197500|17.15|28.95|15.00|17.43|27.56|11|10.13|0.5812|-4|198|1|60|-0.9300|0.0074|-0.0051|-1.2219|0.0117||29.70|12|26.95|110
GME211203C00200000|0.65|0.74|0.04|0.68|0.04|12|-0.64|-0.9412|599|1650|2|972|0.0103|0.0021|0.0000|-0.1737|0.0024||0.06|1|0.03|21
GME211203P00200000|18.50|32.80|18.50|19.88|31.19|12|11.31|0.5689|-271|727|2|109|-0.9964|0.0010|-0.0055|-0.0589|0.0009||32.25|19|29.80|58
GME211203C00202500|0.30|0.51|0.04|0.50|0.04|13|-0.46|-0.9200|164|445|20|107|0.4378|0.0049|0.0567|-0.4063|0.2156||0.06|1|0.03|11
GME211203P00202500|21.15|33.32|21.15|21.93|33.32|13|11.39|0.5194|-30|154|2|13|-0.6102|0.0057|-0.1626|-0.3279|0.2096||35.20|15|32.00|50
GME211203C00205000|0.88|0.88|0.05|0.55|0.06|14|-0.49|-0.8909|-141|693|1|172|0.0105|0.0019|0.0000|-0.1988|0.0024||0.07|4|0.04|3
GME211203P00205000|26.93|36.76|26.93|24.98|35.19|14|10.21|0.4087|-135|349|10|73|-0.5676|0.0048|-0.1633|-0.4129|0.2149||37.35|4|34.50|27
GME211203C00207500|0.15|0.15|0.03|0.55|0.04|15|-0.51|-0.9273|148|548|1|48|0.4381|0.0045|0.0555|-0.4382|0.2156||0.06|5|0.04|50
GME211203P00207500|38.35|38.35|35.25|25.68|37.50|15|11.82|0.4603|-2|33|1|9|-0.8765|0.0071|-0.0052|-2.9496|0.0179||39.85|3|37.00|21
GME211203C00210000|0.33|0.39|0.04|0.46|0.05|16|-0.41|-0.8913|73|1012|10|620|0.0084|0.0015|0.0000|-0.1771|0.0020||0.05|3|0.03|1
GME211203P00210000|28.88|41.43|28.55|29.77|40.26|16|10.49|0.3524|-51|334|10|157|-0.9956|0.0009|-0.0057|-0.0924|0.0011||42.50|21|39.50|50
GME211203C00212500|0.22|0.22|0.03|0.48|0.03|17|-0.45|-0.9375|47|344|107|561|0.0050|0.0010|0.0000|-0.1109|0.0013||0.06|1|0.02|14
GME211203P00212500|37.02|43.49|37.02|33.40|43.49|17|10.09|0.3021|0|67|1|8|-0.8927|0.0061|-0.0054|-2.7831|0.0162||45.00|6|42.00|25
GME211203C00215000|0.17|0.23|0.03|0.37|0.03|18|-0.34|-0.9189|0|792|10|299|0.0052|0.0009|0.0000|-0.1189|0.0013||0.04|7|0.02|5
GME211203P00215000|35.00|45.70|35.00|31.97|45.47|18|13.50|0.4223|-11|215|1|65|-0.9934|0.0011|-0.0059|-0.1538|0.0016||47.65|14|44.50|52
GME211203C00217500|0.16|0.16|0.04|0.38|0.05|19|-0.33|-0.8684|-3|180|1|158|0.0073|0.0012|0.0000|-0.1782|0.0018||0.05|1|0.02|5
GME211203P00217500|46.36|48.06|45.41|38.35|45.41|19|7.06|0.1841|-2|72|38|51|-0.9598|0.0036|-0.0058|-1.0460|0.0076||50.15|14|47.00|52
GME211203C00220000|0.17|0.20|0.02|0.36|0.02|20|-0.34|-0.9444|32|1410|1|284|0.0056|0.0009|0.0000|-0.1425|0.0014||0.05|3|0.02|6
GME211203P00220000|49.15|51.50|47.33|40.13|50.95|20|10.82|0.2696|-18|195|2|65|-0.9313|0.0045|-0.0057|-1.9298|0.0116||52.65|10|49.50|26
GME211203C00222500|0.09|0.09|0.04|0.37|0.05|21|-0.32|-0.8649|4|185|1|22|0.4801|0.0034|0.0534|-0.6040|0.2179||0.05|3|0.02|4
GME211203P00222500|44.57|48.74|44.57|45.85|48.74|21|2.89|0.0630|-6|45|1|2|-0.9523|0.0036|-0.0059|-1.3563|0.0087||55.25|9|52.00|25
GME211203C00225000|0.20|0.20|0.03|0.30|0.03|22|-0.27|-0.9000|-60|596|1|117|0.4671|0.0034|0.0528|-0.5898|0.2175||0.04|7|0.02|5
GME211203P00225000|42.95|56.36|42.95|45.20|56.36|22|11.16|0.2469|0|125|1|25|-0.9961|0.0006|-0.0061|-0.1045|0.0010||57.35|5|54.50|50
GME211203C00227500|0.14|0.14|0.03|0.50|0.03|23|-0.47|-0.9400|16|113|1|20|0.0345|0.0028|0.0003|-0.5172|0.0095||0.07|7|0.01|16
GME211203P00227500|55.10|55.10|55.10|45.48|55.10|23|9.62|0.2115|0|26|1|1|-0.9561|0.0032|-0.0060|-1.3341|0.0081||60.15|12|57.00|25
GME211203C00230000|0.24|0.24|0.02|0.24|0.03|24|-0.21|-0.8750|-39|888|5|168|0.0044|0.0007|0.0000|-0.1283|0.0011||0.04|1|0.02|1
GME211203P00230000|47.00|61.16|47.00|49.84|61.16|24|11.32|0.2271|-4|63|5|8|-0.9944|0.0008|-0.0063|-0.1627|0.0014||62.30|5|59.50|25
GME211203C00232500|0.03|0.05|0.03|0.25|0.03|25|-0.22|-0.8800|-7|86|1|3|0.4788|0.0031|0.0517|-0.6493|0.2179||0.05|1|0.01|14
GME211203P00232500||||52.32|52.32|25|0.00|0.0000|-1|33|0|0|-0.9605|0.0029|-0.0124|-0.6372|0.0106||65.05|4|62.00|50
GME211203C00235000|0.56|0.56|0.02|0.25|0.07|26|-0.18|-0.7200|-14|317|1|42|0.0030|0.0005|0.0000|-0.0923|0.0008||0.06|33|0.01|30
GME211203P00235000|53.48|66.72|53.48|53.95|65.39|26|11.44|0.2120|-31|340|1|89|-0.9961|0.0006|-0.0064|-0.1202|0.0010||67.35|15|64.50|21
GME211203C00237500|0.13|0.13|0.02|0.27|0.03|27|-0.24|-0.8889|-1|114|2|23|0.0041|0.0006|0.0000|-0.1318|0.0011||0.04|2|0.01|17
GME211203P00237500|55.98|69.25|55.98|56.45|68.75|27|12.30|0.2179|-22|262|1|90|-0.9956|0.0006|-0.0065|-0.1417|0.0011||69.85|15|67.00|53
GME211203C00240000|0.20|0.20|0.02|0.27|0.03|28|-0.24|-0.8889|64|656|5|53|0.0040|0.0005|0.0000|-0.1320|0.0010||0.05|24|0.01|15
GME211203P00240000|69.64|71.25|69.63|60.48|71.25|28|10.77|0.1781|-6|95|1|6|-0.8916|0.0042|-0.0061|-4.1113|0.0163||72.40|6|69.50|24
GME211203C00245000|0.05|0.06|0.01|0.23|0.02|29|-0.21|-0.9130|-115|299|1|42|0.0346|0.0023|0.0001|-1.2736|0.0067||0.06|7|0.01|14
GME211203P00245000|66.88|66.88|66.88|60.55|66.88|29|6.33|0.1045|-1|67|1|1|-0.6564|0.0039|-0.2178|-0.4408|0.2010||77.50|12|74.50|24
GME211203C00250000|0.06|0.12|0.01|0.14|0.02|30|-0.12|-0.8571|1181|4523|28|611|0.5043|0.0026|0.0494|-0.7763|0.2180||0.03|1|0.02|1
GME211203P00250000|75.53|75.81|75.53|70.43|75.81|30|5.38|0.0764|0|123|1|3|-0.9902|0.0009|-0.0068|-0.3641|0.0023||82.35|5|79.50|25
GME211203C00260000|0.05|0.05|0.01|0.15|0.03|31|-0.12|-0.8000|-5|709|1|153|0.0034|0.0004|0.0000|-0.1355|0.0009||0.05|5|0.01|5
GME211203P00260000|88.15|88.15|88.15|75.00|88.15|31|13.15|0.1753|0|6|1|1|-0.9410|0.0027|-0.0069|-2.5524|0.0103||92.35|6|89.50|19
GME211203C00270000|0.04|0.12|0.01|0.02|0.01|32|-0.01|-0.5000|20|607|60|203|0.0013|0.0002|0.0000|-0.0551|0.0004||0.01|246|0.00|0
GME211203P00270000|99.66|99.66|99.66|86.50|99.66|32|13.16|0.1521|0|21|3|4|-0.9027|0.0031|-0.0070|-4.7183|0.0151||102.55|4|99.50|50
GME211203C00280000|0.08|0.08|0.01|0.07|0.01|33|-0.06|-0.8571|46|618|14|46|0.0012|0.0001|0.0000|-0.0569|0.0004||0.02|2|0.00|0
GME211203P00280000||||95.00|95.00|33|0.00|0.0000|0|10|0|0|-0.9995|0.0001|-0.0077|-0.0203|0.0001||112.60|12|109.50|11
GME211203C00290000|0.04|0.04|0.01|0.09|0.01|34|-0.08|-0.8889|-7|495|2|21|0.0011|0.0001|0.0000|-0.0559|0.0003||0.01|229|0.00|0
GME211203P00290000||||||34||||0|0|0|-1.0000|0.0000|-0.0079|0.0009|0.0000||122.65|12|119.50|12
GME211203C00300000|0.06|0.06|0.01|0.07|0.01|35|-0.06|-0.8571|-116|2079|100|303|0.0011|0.0001|0.0000|-0.0566|0.0003||0.01|233|0.00|0
GME211203P00300000||||111.10|111.10|35|0.00|0.0000|0|2|0|0|-0.9978|0.0002|-0.0164|-0.0576|0.0009||132.80|11|129.50|12
GME211203C00310000|0.04|0.05|0.01|0.08|0.01|36|-0.07|-0.8750|-1|343|8|45|0.0023|0.0002|0.0000|-0.1241|0.0006||0.01|226|0.00|0
GME211203P00310000||||71.90|71.90|36|0.00|0.0000|0|4|0|0|-0.9043|0.0025|-0.3169|-0.1478|0.0929||142.75|8|139.50|12
GME211203C00320000|0.04|0.04|0.01|0.04|0.01|37|-0.03|-0.7500|-1|388|1|11|0.0022|0.0002|0.0000|-0.1272|0.0006||0.01|234|0.00|0
GME211203P00320000||||||37||||0|0|0|-1.0000|0.0000|-0.0175|0.0010|0.0000||152.50|12|149.50|12
GME211203C00330000||||0.06|0.06|38|0.00|0.0000|2|350|0|0|0.0051|0.0004|0.0000|-0.3122|0.0013||0.01|1|0.00|0
GME211203P00330000||||127.27|127.27|38|0.00|0.0000|-2|0|0|0|-1.0000|0.0000|-0.0090|0.0008|0.0000||162.75|7|159.50|12
GME211203C00340000|0.01|0.04|0.01|0.06|0.01|39|-0.05|-0.8333|4|139|1|5|0.0010|0.0001|0.0000|-0.0624|0.0003||0.02|5|0.00|0
GME211203P00340000||||134.20|134.20|39|0.00|0.0000|0|1|0|0|-0.9997|0.0000|-0.0186|-0.0072|0.0001||172.65|6|169.50|11
GME211203C00350000|0.01|0.03|0.01|0.04|0.01|40|-0.03|-0.7500|-10|1227|14|115|0.0011|0.0001|0.0000|-0.0715|0.0003||0.01|235|0.00|0
GME211203P00350000||||136.35|136.35|40|0.00|0.0000|-1|2|0|0|-1.0000|0.0000|-0.0096|0.0010|0.0000||182.50|5|179.50|11
GME211203C00360000|0.01|0.03|0.01|0.09|0.01|41|-0.08|-0.8889|0|159|1|84|0.0025|0.0002|0.0000|-0.1723|0.0007||0.01|1|0.00|0
GME211203P00360000||||||41||||0|0|0|-1.0000|0.0000|-0.0099|0.0011|0.0000||192.60|11|189.50|11
GME211203C00370000|0.01|0.01|0.01|0.02|0.01|42|-0.01|-0.5000|-1|87|1|1|0.0010|0.0001|0.0000|-0.0728|0.0003||0.01|1|0.00|0
GME211203P00370000||||136.05|136.05|42|0.00|0.0000|0|1|0|0|-1.0000|0.0000|-0.0101|0.0011|0.0000||202.60|12|199.50|12
GME211203C00380000|0.01|0.01|0.01|0.04|0.01|43|-0.03|-0.7500|-1|100|1|25|0.0010|0.0001|0.0000|-0.0736|0.0003||0.01|6|0.00|0
GME211203P00380000||||170.35|170.35|43|0.00|0.0000|0|0|0|0|-1.0000|0.0000|-0.0104|0.0010|0.0000||213.05|7|209.50|12
GME211203C00390000|0.04|0.04|0.04|0.02|0.04|44|0.02|1.0000|-2|89|1|1|0.6750|0.0012|0.0350|-1.4134|0.1967||0.01|1|0.00|0
GME211203P00390000|216.55|216.55|216.55|216.55|216.55|44|0.00|0.0000|0|0|1|1|-1.0000|0.0000|-0.0107|0.0012|0.0000||222.55|7|219.50|14
GME211203C00400000|0.01|0.01|0.01|0.02|0.01|45|-0.01|-0.5000|-4|2445|1|17|0.0009|0.0001|0.0000|-0.0721|0.0003||0.01|2|0.00|0
GME211203P00400000||||215.38|215.38|45|0.00|0.0000|0|0|0|0|-0.7034|0.0023|-0.3944|-0.6592|0.1892||232.90|8|229.50|12
GME211203C00410000||||0.03|0.03|46|0.00|0.0000|3|1058|0|0|0.6782|0.0011|0.0343|-1.4451|0.1961||0.01|30|0.00|0
GME211203P00410000||||||46||||0|0|0|-1.0000|0.0000|-0.4380|0.0013|0.0000||242.50|5|239.50|11
GME211203C00420000|0.01|0.02|0.01|0.01|0.02|47|0.01|1.0000|3|234|20|32|0.0015|0.0001|0.0000|-0.1177|0.0004||0.02|100|0.00|0
GME211203P00420000||||||47||||0|0|0|-1.0000|0.0000|-0.0115|0.0013|0.0000||252.35|4|249.50|12
GME211203C00430000||||0.03|0.03|48|0.00|0.0000|0|70|0|0|0.0022|0.0001|0.0000|-0.1849|0.0006||0.02|100|0.00|0
GME211203P00430000||||||48||||0|0|0|-1.0000|0.0000|-0.0118|0.0013|0.0000||263.05|5|259.50|12
GME211203C00440000||||0.08|0.08|49|0.00|0.0000|1|71|0|0|0.0051|0.0002|0.0000|-0.4304|0.0013||0.01|4|0.00|0
GME211203P00440000||||||49||||0|0|0|-1.0000|0.0000|-0.0121|0.0014|0.0000||273.05|5|269.50|12
GME211203C00450000|0.01|0.01|0.01|0.01|0.01|50|0.00|0.0000|4|487|2|4|0.6602|0.0012|0.0343|-1.4768|0.2004||0.01|100|0.00|0
GME211203P00450000||||||50||||0|0|0|-1.0000|0.0000|-0.0123|0.0014|0.0000||282.85|8|279.50|11
GME211203C00460000||||0.01|0.01|51|0.00|0.0000|4|63|0|0|0.0008|0.0001|0.0000|-0.0726|0.0002||0.01|100|0.00|0
GME211203P00460000||||||51||||0|0|0|-1.0000|0.0000|-0.0126|0.0014|0.0000||292.95|6|289.50|12
GME211203C00470000||||0.01|0.01|52|0.00|0.0000|9|200|0|0|0.0008|0.0001|0.0000|-0.0745|0.0002||0.01|100|0.00|0
GME211203P00470000||||||52||||0|0|0|-1.0000|0.0000|-0.0258|0.0014|0.0000||303.20|11|299.50|10
GME211203C00480000||||0.06|0.06|53|0.00|0.0000|0|91|0|0|0.0037|0.0002|0.0000|-0.3435|0.0010||0.01|100|0.00|0
GME211203P00480000||||||53||||0|0|0|-1.0000|0.0000|-0.0132|0.0015|0.0000||313.20|11|309.50|10
GME211203C00490000|0.01|0.01|0.01|0.06|0.01|54|-0.05|-0.8333|0|250|1|10|0.6823|0.0011|0.0323|-1.5411|0.1950||0.01|100|0.00|0
GME211203P00490000||||||54||||0|0|0|-1.0000|0.0000|-0.0134|0.0015|0.0000||323.20|11|319.50|10
GME211203C00500000|0.01|0.02|0.01|0.03|0.02|55|-0.01|-0.3333|9|1379|20|37|0.0014|0.0001|0.0000|-0.1341|0.0004||0.01|500|0.00|0
GME211203P00500000||||||55||||0|0|0|-1.0000|0.0000|-0.0274|0.0015|0.0000||333.20|11|329.50|10
GME211203C00510000|0.01|0.01|0.01|0.02|0.01|56|-0.01|-0.5000|121|5819|5|297|0.0008|0.0000|0.0000|-0.0740|0.0002||0.01|616|0.00|0
GME211203P00510000||||||56||||0|0|0|-1.0000|0.0000|-0.0140|0.0016|0.0000||343.20|11|339.50|11
GME211210C00100000||||86.01|86.01|10|0.00|0.0000|0|1|0|0|0.8955|0.0005|0.0289|-0.6582|0.1077||72.10|17|68.90|3
GME211210P00100000|0.55|1.19|0.50|0.48|1.14|10|0.66|1.3750|29|239|1|888|-0.0425|0.0016|-0.0018|-0.3118|0.0224||1.16|10|1.09|7
GME211210C00110000||||76.13|76.13|9|0.00|0.0000|0|2|0|0|0.8256|0.0021|0.0140|-1.9749|0.0637||62.50|29|59.25|12
GME211210P00110000|0.58|1.45|0.54|0.60|1.39|9|0.79|1.3167|9|215|1|208|-0.0409|0.0020|-0.0017|-0.2383|0.0217||1.52|24|1.36|6
GME211210C00120000|56.97|56.97|56.97|76.03|56.97|8|-19.06|-0.2507|0|1|1|1|0.8366|0.0034|0.0186|-1.1191|0.0610||53.00|28|49.80|4
GME211210P00120000|0.97|2.02|0.75|1.00|2.01|8|1.01|1.0100|167|263|3|751|-0.0767|0.0034|-0.0032|-0.3833|0.0356||2.00|18|1.84|10
GME211210C00130000||||||7||||0|0|0|1.0000|0.0000|0.0285|-0.0004|0.0000||43.80|6|39.70|20
GME211210P00130000|1.50|2.91|1.28|1.45|2.72|7|1.27|0.8759|0|431|1|665|-0.1193|0.0050|-0.0056|-0.4389|0.0523||2.91|21|2.55|31
GME211210C00140000|36.10|36.10|36.10|56.44|36.10|6|-20.34|-0.3604|0|29|2|4|0.7657|0.0058|0.0202|-1.0123|0.0760||35.15|28|31.90|16
GME211210P00140000|1.89|4.40|1.89|2.18|4.15|6|1.97|0.9037|142|441|1|322|-0.1675|0.0073|-0.0069|-0.5395|0.0620||4.45|16|3.95|19
GME211210C00145000|30.25|30.25|30.25|30.25|30.25|5|0.00|0.0000||0|1|1|0.7697|0.0080|0.0221|-0.7243|0.0752||31.10|39|27.75|40
GME211210P00145000|2.92|5.65|2.92|2.80|5.09|5|2.29|0.8179||15|5|148|-0.2093|0.0086|-0.0086|-0.6036|0.0712||5.50|30|4.85|63
GME211210C00150000|30.00|31.00|25.20|34.20|25.61|4|-8.59|-0.2512|1|20|1|68|0.7365|0.0096|0.0219|-0.6977|0.0808||26.60|47|24.45|33
GME211210P00150000|3.30|6.90|3.30|3.50|6.32|4|2.82|0.8057|240|460|1|726|-0.2564|0.0099|-0.0106|-0.6544|0.0797||6.80|21|6.25|24
GME211210C00155000|25.10|25.10|21.10|58.70|22.24|3|-36.46|-0.6211|0|45|1|7|0.6691|0.0034|0.0143|-2.4144|0.0897||23.55|38|21.05|29
GME211210P00155000|4.27|8.70|4.27|4.65|8.00|3|3.35|0.7204|49|244|1|163|-0.3132|0.0109|-0.0131|-0.7184|0.0877||8.40|34|7.55|66
GME211210C00160000|25.52|25.52|18.78|29.75|19.45|2|-10.30|-0.3462|0|204|1|37|0.6184|0.0093|0.0183|-0.9819|0.0944||20.40|53|17.10|51
GME211210P00160000|5.47|10.37|5.47|5.80|10.01|2|4.21|0.7259|55|441|4|383|-0.3695|0.0119|-0.0155|-0.7484|0.0935||10.25|23|9.65|9
GME211210C00165000|21.90|21.90|15.03|21.75|15.99|1|-5.76|-0.2648|1|3|2|16|0.5700|0.0095|0.0171|-1.0107|0.0972||17.55|53|14.80|30
GME211210P00165000|7.22|12.60|7.22|7.35|11.99|1|4.64|0.6313|42|362|2|273|-0.3994|0.0051|-0.1201|-0.3163|0.2292||12.50|23|11.70|49
GME211210C00170000|17.07|17.07|12.63|20.20|13.75|1|-6.45|-0.3193|5|21|1|142|0.5867|0.0046|0.0831|-0.3569|0.2311||14.45|68|12.85|22
GME211210P00170000|8.15|15.10|8.15|9.07|14.60|1|5.53|0.6097|81|441|1|308|-0.4991|0.0129|-0.0213|-0.7727|0.0987||15.00|26|14.00|46
GME211210C00175000|17.95|17.95|10.47|17.18|10.70|2|-6.48|-0.3772|48|73|1|274|0.4448|0.0127|0.0143|-0.7658|0.0981||12.10|75|10.60|34
GME211210P00175000|10.83|17.95|9.85|10.95|16.98|2|6.03|0.5507|104|522|1|153|-0.5641|0.0130|-0.0243|-0.7463|0.0975||18.50|34|15.80|57
GME211210C00177500|11.55|12.00|10.00|15.85|10.50|3|-5.35|-0.3375||27|1|119|0.4083|0.0126|0.0132|-0.7503|0.0961||11.05|68|9.65|27
GME211210P00177500|10.66|19.00|10.66|12.55|19.00|3|6.45|0.5139||234|1|94|-0.4588|0.0051|-0.1434|-0.3345|0.2355||19.90|49|18.30|36
GME211210C00180000|15.00|16.00|8.78|14.20|9.30|4|-4.90|-0.3451|227|306|1|202|0.3766|0.0126|0.0123|-0.7136|0.0941||9.60|38|8.80|31
GME211210P00180000|13.51|20.75|11.89|13.30|20.40|4|7.10|0.5338|99|705|1|127|-0.6254|0.0126|-0.0273|-0.7138|0.0938||21.10|29|18.90|57
GME211210C00182500|11.05|11.05|8.00|13.40|8.52|5|-4.88|-0.3642||66|1|61|0.3508|0.0120|0.0114|-0.7149|0.0917||9.05|32|8.00|14
GME211210P00182500|13.50|21.52|13.50|15.15|21.52|5|6.37|0.4205||205|3|29|-0.6461|0.0119|-0.0285|-0.7270|0.0920||23.50|33|20.55|54
GME211210C00185000|12.65|12.65|7.10|12.66|7.70|6|-4.96|-0.3918|24|132|1|163|0.5016|0.0053|0.0761|-0.3293|0.2368||8.05|38|7.25|31
GME211210P00185000|15.65|22.75|13.50|16.25|22.75|6|6.50|0.4000|98|456|1|34|-0.6749|0.0117|-0.0299|-0.6903|0.0892||24.55|26|22.85|40
GME211210C00187500|11.40|11.40|6.75|11.44|7.00|7|-4.44|-0.3881|45|64|1|33|0.3148|0.0108|0.0102|-0.7328|0.0879||7.25|34|6.60|41
GME211210P00187500|23.89|24.95|21.00|17.83|22.05|7|4.22|0.2367|129|256|1|7|-0.7962|0.0133|-0.0341|-0.3761|0.0702||26.50|22|24.10|67
GME211210C00190000|11.00|11.00|6.00|10.60|6.15|8|-4.45|-0.4198|103|199|1|267|0.2795|0.0107|0.0092|-0.6628|0.0832||6.70|44|6.00|50
GME211210P00190000|19.20|27.62|18.05|19.55|26.58|8|7.03|0.3596|70|498|1|66|-0.7158|0.0106|-0.0324|-0.6797|0.0839||28.55|33|26.00|36
GME211210C00192500|10.00|10.00|5.75|10.00|6.00|9|-4.00|-0.4000|23|88|1|22|0.4704|0.0052|0.0718|-0.3341|0.2361||6.30|60|5.50|54
GME211210P00192500|20.34|30.00|20.34|21.35|30.00|9|8.65|0.4052|32|118|1|2|-0.6926|0.0092|-0.1862|-0.1453|0.2086||30.35|8|27.95|32
GME211210C00195000|8.25|9.15|4.90|8.91|5.50|10|-3.41|-0.3827|116|250|8|105|0.2362|0.0097|0.0078|-0.6097|0.0763||5.60|37|5.00|48
GME211210P00195000|22.27|30.82|22.27|22.88|30.46|10|7.58|0.3313|95|285|1|35|-0.7640|0.0097|-0.0350|-0.6083|0.0762||32.40|4|29.95|36
GME211210C00197500|7.69|7.69|4.63|8.26|5.00|11|-3.26|-0.3947|60|106|2|40|0.2208|0.0093|0.0073|-0.5934|0.0735||5.15|39|4.60|43
GME211210P00197500|24.10|24.10|24.10|24.48|24.10|11|-0.38|-0.0155|15|119|1|1|-0.7840|0.0093|-0.0361|-0.5755|0.0726||34.65|11|31.95|27
GME211210C00200000|7.56|7.56|4.05|7.25|4.60|12|-2.65|-0.3655|140|774|3|567|0.1957|0.0088|0.0065|-0.5413|0.0685||4.60|13|4.30|31
GME211210P00200000|24.90|35.94|24.90|26.33|35.55|12|9.22|0.3502|21|680|1|44|-0.8029|0.0088|-0.0373|-0.5486|0.0687||36.75|32|34.05|35
GME211210C00202500|6.70|6.70|4.11|8.00|4.30|13|-3.70|-0.4625|10|77|1|14|0.2279|0.0081|0.0074|-0.7056|0.0748||4.60|47|3.90|48
GME211210P00202500|32.05|34.10|32.05|27.95|33.56|13|5.61|0.2007|0|48|12|16|-0.8244|0.0083|-0.0385|-0.5039|0.0639||39.10|39|36.20|22
GME211210C00205000|6.00|6.00|3.71|5.85|3.97|14|-1.88|-0.3214|10|169|1|53|0.1569|0.0077|0.0052|-0.4654|0.0594||4.10|58|3.65|34
GME211210P00205000|31.96|40.55|31.96|30.85|40.10|14|9.25|0.2998|-1|176|1|8|-0.7996|0.0078|-0.0432|-0.5578|0.0737||41.35|44|38.35|51
GME211210C00207500|3.99|4.00|3.25|5.72|3.25|15|-2.47|-0.4318|10|78|1|15|0.1518|0.0073|0.0051|-0.4717|0.0582||3.95|49|3.45|1
GME211210P00207500|40.40|41.49|39.38|31.10|41.49|15|10.39|0.3341|2|20|1|3|-0.8010|0.0074|-0.0390|-0.6574|0.0691||43.70|21|40.55|24
GME211210C00210000|5.15|5.30|3.20|5.15|3.35|16|-1.80|-0.3495|27|336|2|214|0.1367|0.0068|0.0046|-0.4382|0.0542||3.45|19|3.15|24
GME211210P00210000|33.23|45.05|31.95|34.54|44.39|16|9.85|0.2852|7|112|1|55|-0.8487|0.0070|-0.0410|-0.4916|0.0581||45.95|35|42.75|19
GME211210C00212500|3.50|3.50|3.00|5.00|3.00|17|-2.00|-0.4000|-3|80|2|20|0.1315|0.0065|0.0044|-0.4391|0.0528||3.40|25|2.97|13
GME211210P00212500|44.38|44.38|44.38|37.87|44.38|17|6.51|0.1719|-1|37|1|1|-0.8345|0.0067|-0.0412|-0.5752|0.0616||48.20|34|45.00|15
GME211210C00215000|4.05|4.05|2.80|4.43|2.97|18|-1.46|-0.3296|1|166|2|77|0.1167|0.0060|0.0039|-0.4000|0.0485||3.15|29|2.85|1
GME211210P00215000|48.00|48.00|43.60|37.79|47.82|18|10.03|0.2654|-2|32|1|40|-0.9236|0.0052|-0.0445|-0.2487|0.0355||50.50|30|47.25|18
GME211210C00217500|3.25|3.25|2.65|4.50|2.85|19|-1.65|-0.3667|0|30|1|15|0.1531|0.0061|0.0050|-0.5709|0.0585||2.96|34|2.60|29
GME211210P00217500|49.60|49.60|49.60|42.15|49.60|19|7.45|0.1767|2|27|10|10|-0.8838|0.0058|-0.0438|-0.4110|0.0485||52.80|30|49.55|29
GME211210C00220000|3.70|3.70|2.40|3.90|2.70|20|-1.20|-0.3077|12|413|1|152|0.1029|0.0053|0.0034|-0.3754|0.0444||2.82|39|2.47|29
GME211210P00220000|45.07|53.73|45.07|42.22|53.73|20|11.51|0.2726|1|156|1|13|-0.8360|0.0060|-0.0429|-0.6383|0.0614||55.10|26|51.85|27
GME211210C00222500|2.35|2.67|2.35|3.65|2.53|21|-1.12|-0.3068|25|88|1|11|0.3924|0.0043|0.0591|-0.3708|0.2281||2.68|22|2.33|22
GME211210P00222500|42.95|42.95|42.95|46.97|42.95|21|-4.02|-0.0856|-7|38|1|1|-0.9873|0.0016|-0.0483|-0.0416|0.0081||57.50|12|54.20|28
GME211210C00225000|3.10|3.10|2.15|3.45|2.41|22|-1.04|-0.3014|14|348|1|81|0.1163|0.0052|0.0038|-0.4644|0.0484||2.51|26|2.23|14
GME211210P00225000|51.00|58.60|51.00|47.35|57.78|22|10.43|0.2203|1|462|5|27|-0.8579|0.0054|-0.0447|-0.5833|0.0556||59.70|4|56.60|19
GME211210C00227500|2.74|2.74|2.10|3.35|2.26|23|-1.09|-0.3254|1|24|1|9|0.0869|0.0045|0.0029|-0.3468|0.0392||2.42|43|2.11|20
GME211210P00227500||||34.06|34.06|23|0.00|0.0000|0|35|0|0|-0.9996|0.0001|-0.0498|-0.0005|0.0003||62.20|4|58.90|21
GME211210C00230000|2.73|2.75|1.96|3.09|2.16|24|-0.93|-0.3010|2|395|1|204|0.0936|0.0045|0.0035|-0.3465|0.0439||2.19|14|2.00|17
GME211210P00230000|57.60|63.29|57.60|41.51|63.29|24|21.78|0.5247|0|38|23|25|-0.5748|0.0037|-0.2301|-0.4495|0.2326||64.50|4|61.25|25
GME211210C00232500|2.40|2.58|1.95|2.69|2.03|25|-0.66|-0.2454|3|33|2|13|0.1089|0.0046|0.0036|-0.4752|0.0462||2.15|22|1.83|45
GME211210P00232500||||56.09|56.09|25|0.00|0.0000|-5|6|0|0|-0.8793|0.0047|-0.0470|-0.5313|0.0498||67.00|6|63.65|37
GME211210C00235000|2.43|2.46|1.72|2.78|1.94|26|-0.84|-0.3022|-4|898|1|46|0.3890|0.0039|0.0567|-0.4112|0.2275||2.09|25|1.76|62
GME211210P00235000|61.85|67.00|61.85|58.42|65.99|26|7.57|0.1296|-1|35|7|10|-0.8482|0.0048|-0.0467|-0.7118|0.0582||69.40|6|66.00|25
GME211210C00237500|2.01|2.01|1.88|2.69|1.88|27|-0.81|-0.3011|1|19|1|2|0.1007|0.0042|0.0033|-0.4611|0.0436||2.09|67|1.65|55
GME211210P00237500|64.40|68.49|64.40|48.03|68.49|27|20.46|0.4260|0|25|7|8|-0.8498|0.0047|-0.0473|-0.7227|0.0578||71.90|4|68.40|25
GME211210C00240000|2.31|2.47|1.61|2.92|1.81|28|-1.11|-0.3801|-13|317|1|54|0.0724|0.0036|0.0024|-0.3312|0.0341||1.95|32|1.68|17
GME211210P00240000||||58.15|58.15|28|0.00|0.0000|1|34|0|0|-0.9574|0.0027|-0.0512|-0.1876|0.0225||74.25|6|70.80|31
GME211210C00245000|2.10|2.10|1.46|2.20|1.69|29|-0.51|-0.2318|-6|166|1|22|0.0944|0.0038|0.0031|-0.4628|0.0417||1.81|30|1.55|11
GME211210P00245000||||50.19|50.19|29|0.00|0.0000|0|23|0|0|-0.9984|0.0002|-0.0536|-0.0059|0.0013||79.20|13|75.65|24
GME211210C00250000|1.90|2.02|1.42|2.01|1.60|30|-0.41|-0.2040|110|2300|1|453|0.0501|0.0027|0.0017|-0.2465|0.0256||1.63|9|1.50|10
GME211210P00250000||||60.35|60.35|30|0.00|0.0000|0|15|0|0|-0.9959|0.0005|-0.0547|-0.0179|0.0030||84.10|19|80.50|12
GME211210C00255000|1.55|1.55|1.40|2.02|1.40|31|-0.62|-0.3069|-4|61|2|6|0.0768|0.0032|0.0025|-0.4072|0.0357||1.55|6|1.36|4
GME211210P00255000||||40.40|40.40|31|0.00|0.0000|0|5|0|0|-1.0000|0.0000|-0.0559|0.0006|0.0000||89.05|13|85.35|33
GME211210C00260000|1.79|1.79|1.20|1.73|1.45|32|-0.28|-0.1618|38|974|1|64|0.0417|0.0022|0.0014|-0.2225|0.0221||1.46|15|1.30|1
GME211210P00260000||||69.85|69.85|32|0.00|0.0000|0|22|0|0|-0.9950|0.0005|-0.0568|-0.0242|0.0036||94.00|13|90.30|25
GME211210C00270000|1.31|1.31|1.15|1.60|1.22|33|-0.38|-0.2375|-27|193|1|38|0.0641|0.0026|0.0021|-0.3766|0.0311||1.30|8|1.13|42
GME211210P00270000||||75.18|75.18|33|0.00|0.0000|0|14|0|0|-0.9765|0.0015|-0.0584|-0.1315|0.0137||103.95|12|100.15|8
GME211210C00280000|1.00|1.17|1.00|1.40|1.06|34|-0.34|-0.2429|16|242|1|26|0.0552|0.0023|0.0018|-0.3444|0.0276||1.26|40|1.00|45
GME211210P00280000||||84.53|84.53|34|0.00|0.0000|0|1|0|0|-0.9819|0.0011|-0.0608|-0.1077|0.0110||113.85|12|109.95|19
GME211210C00290000|1.16|1.16|0.93|1.25|1.01|35|-0.24|-0.1920|21|171|1|19|0.0517|0.0021|0.0017|-0.3419|0.0263||1.10|10|1.00|4
GME211210P00290000||||82.25|82.25|35|0.00|0.0000|0|7|0|0|-0.9995|0.0001|-0.0635|-0.0023|0.0005||123.75|14|119.85|26
GME211210C00300000|1.20|1.20|0.80|1.11|0.98|36|-0.13|-0.1171|43|919|1|364|0.0486|0.0019|0.0016|-0.3379|0.0250||1.00|59|0.93|5
GME211210P00300000||||76.00|76.00|36|0.00|0.0000|0|14|0|0|-1.0000|0.0000|-0.0658|0.0007|0.0000||133.65|9|129.75|25
GME211210C00310000|0.84|0.97|0.76|0.95|0.85|37|-0.10|-0.1053|108|264|1|21|0.0423|0.0017|0.0014|-0.3083|0.0223||0.95|6|0.82|14
GME211210P00310000||||83.61|83.61|37|0.00|0.0000|0|4|0|0|-0.9999|0.0000|-0.0679|0.0005|0.0001||143.55|12|139.65|15
GME211210C00320000|0.78|0.78|0.78|0.93|0.78|38|-0.15|-0.1613|2|276|1|1|0.0392|0.0015|0.0013|-0.2981|0.0210||0.94|22|0.80|4
GME211210P00320000||||89.47|89.47|38|0.00|0.0000|0|3|0|0|-0.9598|0.0015|-0.3958|-0.0522|0.0514||153.50|20|149.60|12
GME211210C00330000|0.87|0.87|0.81|0.72|0.82|39|0.10|0.1389|-17|246|1|4|0.0510|0.0017|0.0018|-0.3631|0.0275||0.83|4|0.75|3
GME211210P00330000||||||39||||0|0|0|-1.0000|0.0000|-0.0723|0.0011|0.0000||163.40|4|159.50|16
GME211210C00340000|0.75|0.78|0.66|0.75|0.77|40|0.02|0.0267|-1|87|5|42|0.0474|0.0016|0.0017|-0.3503|0.0260||0.82|10|0.75|5
GME211210P00340000||||||40||||0|0|0|-1.0000|0.0000|-0.0745|0.0011|0.0000||173.25|2|169.50|14
GME211210C00350000|0.49|0.78|0.49|0.69|0.72|41|0.03|0.0435|49|437|1|105|0.0336|0.0012|0.0011|-0.2865|0.0185||0.76|11|0.72|5
GME211210P00350000||||||41||||0|0|0|-1.0000|0.0000|-0.0767|0.0011|0.0000||183.15|4|179.50|14
GME211210C00360000|0.55|0.69|0.55|0.61|0.64|42|0.03|0.0492|-2|85|4|11|0.0305|0.0011|0.0010|-0.2686|0.0171||0.72|20|0.58|21
GME211210P00360000||||||42||||0|0|0|-1.0000|0.0000|-0.4536|0.0012|0.0000||193.10|4|189.40|16
GME211210C00370000|0.50|0.55|0.50|0.75|0.55|43|-0.20|-0.2667|0|21|5|8|0.0264|0.0010|0.0008|-0.2392|0.0152||0.68|9|0.59|3
GME211210P00370000||||||43||||0|0|0|-1.0000|0.0000|-0.0811|0.0012|0.0000||203.05|4|199.40|13
GME211210C00380000|0.54|0.54|0.54|0.54|0.54|44|0.00|0.0000|-1|50|1|1|0.0255|0.0009|0.0008|-0.2381|0.0147||0.66|18|0.56|2
GME211210P00380000||||||44||||0|0|0|-1.0000|0.0000|-0.0833|0.0012|0.0000||212.95|4|209.35|14
GME211210C00390000|0.40|0.60|0.40|0.49|0.60|45|0.11|0.2245|5|52|3|18|0.0269|0.0009|0.0009|-0.2589|0.0154||0.62|16|0.49|30
GME211210P00390000||||||45||||0|0|0|-1.0000|0.0000|-0.4914|0.0013|0.0000||222.90|4|219.35|18
GME211210C00400000|0.40|0.70|0.37|0.45|0.49|46|0.04|0.0889|-6|420|1|171|0.0230|0.0008|0.0007|-0.2265|0.0135||0.52|1|0.47|18
GME211210P00400000||||||46||||0|0|0|-1.0000|0.0000|-0.0877|0.0013|0.0000||232.85|4|229.35|14
GME211210C00410000|0.34|0.50|0.34|0.44|0.50|47|0.06|0.1364|7|59|2|8|0.0226|0.0008|0.0007|-0.2278|0.0133||0.56|25|0.45|9
GME211210P00410000||||||47||||0|0|0|-1.0000|0.0000|-0.1011|0.0013|0.0000||242.80|4|239.35|14
GME211210C00420000|0.31|0.55|0.31|0.40|0.51|48|0.11|0.2750|2|171|1|16|0.0225|0.0008|0.0007|-0.2330|0.0133||0.51|9|0.44|1
GME211210P00420000||||||48||||0|0|0|-1.0000|0.0000|-0.0921|0.0014|0.0000||252.75|4|249.35|12
GME211210C00430000|0.41|0.41|0.40|0.40|0.40|49|0.00|0.0000|262|304|1|2|0.0184|0.0007|0.0006|-0.1937|0.0111||0.49|5|0.35|24
GME211210P00430000||||||49||||0|0|0|-1.0000|0.0000|-0.5418|0.0014|0.0000||262.75|12|259.35|12
GME211210C00440000|0.23|0.45|0.23|0.36|0.44|50|0.08|0.2222|34|67|1|6|0.0196|0.0007|0.0006|-0.2119|0.0118||0.44|5|0.33|6
GME211210P00440000||||||50||||0|0|0|-1.0000|0.0000|-0.0964|0.0014|0.0000||272.75|12|269.35|12
GME211210C00450000|0.38|0.40|0.33|0.37|0.38|51|0.01|0.0270|190|288|1|17|0.0171|0.0006|0.0005|-0.1882|0.0105||0.44|17|0.26|53
GME211210P00450000||||||51||||0|0|0|-1.0000|0.0000|-0.0986|0.0015|0.0000||282.75|12|279.35|1
GME211210C00460000|0.33|0.46|0.31|0.27|0.40|52|0.13|0.4815|0|18|2|31|0.0250|0.0008|0.0009|-0.2504|0.0153||0.43|14|0.26|37
GME211210P00460000||||||52||||0|0|0|-1.0000|0.0000|-0.1008|0.0015|0.0000||292.75|12|289.35|1
GME211210C00470000|0.39|0.39|0.39|0.22|0.39|53|0.17|0.7727|7|22|1|1|0.0244|0.0007|0.0009|-0.2491|0.0150||0.43|17|0.25|6
GME211210P00470000||||||53||||0|0|0|-1.0000|0.0000|-0.5922|0.0015|0.0000||302.75|12|299.35|1
GME211210C00480000|0.26|0.46|0.26|0.25|0.32|54|0.07|0.2800|1|33|1|15|0.0144|0.0005|0.0005|-0.1678|0.0091||0.42|16|0.29|2
GME211210P00480000||||||54||||0|0|0|-1.0000|0.0000|-0.1052|0.0016|0.0000||312.75|12|309.35|1
GME211210C00490000|0.47|0.47|0.32|0.24|0.32|55|0.08|0.3333|2|93|3|15|0.0257|0.0007|0.0009|-0.2725|0.0157||0.36|12|0.25|6
GME211210P00490000||||||55||||0|0|0|-1.0000|0.0000|-0.1074|0.0016|0.0000||323.70|6|319.35|6
GME211210C00500000|0.33|0.48|0.22|0.26|0.25|56|-0.01|-0.0385|-6|850|6|363|0.0132|0.0005|0.0004|-0.1584|0.0084||0.33|44|0.25|6
GME211210P00500000||||||56||||0|0|0|-1.0000|0.0000|-0.1096|0.0016|0.0000||333.65|6|329.35|6
GME211210C00510000|0.27|0.43|0.18|0.18|0.26|57|0.08|0.4444|1|2026|1|359|0.0118|0.0004|0.0004|-0.1443|0.0076||0.26|17|0.25|1
GME211210P00510000||||||57||||0|0|0|-1.0000|0.0000|-0.1118|0.0017|0.0000||343.60|6|339.35|8
GME211217C00080000||||94.56|94.56|17|0.00|0.0000|1|2|0|0|0.9218|0.0013|0.0269|-0.5235|0.0511||91.65|7|87.85|20
GME211217P00080000|0.50|1.02|0.50|0.35|1.00|17|0.65|1.8571|1|350|3|210|-0.0966|0.0012|-0.0372|-0.2248|0.1090||1.02|1|1.00|7
GME211217C00085000||||95.85|95.85|16|0.00|0.0000|0|1|0|0|0.8873|0.0013|0.0236|-0.8733|0.0670||86.85|7|82.80|8
GME211217P00085000|0.50|0.97|0.40|0.43|0.96|16|0.53|1.2326|-1|121|1|13|-0.0309|0.0010|-0.0025|-0.1577|0.0236||1.19|45|1.00|22
GME211217C00090000||||137.00|137.00|15|0.00|0.0000|0|4|0|0|0.8950|0.0006|0.0111|-1.7391|0.0636||82.00|10|78.70|16
GME211217P00090000|0.62|1.15|0.62|0.53|1.05|15|0.52|0.9811|2|68|9|30|-0.0354|0.0012|-0.0029|-0.1666|0.0264||1.26|14|1.06|19
GME211217C00100000||||79.69|79.69|14|0.00|0.0000|1|50|0|0|0.9969|0.0003|0.0409|-0.0106|0.0032||72.40|13|68.95|12
GME211217P00100000|0.71|1.48|0.68|0.76|1.47|14|0.71|0.9342|-205|664|2|983|-0.0035|0.0003|-0.0003|-0.0117|0.0036||1.45|1|1.42|1
GME211217C00105000||||66.05|66.05|13|0.00|0.0000|0|1|0|0|0.9941|0.0005|0.0427|-0.0182|0.0056||67.60|25|63.55|20
GME211217P00105000|1.00|1.56|0.85|0.86|1.56|13|0.70|0.8140|51|140|7|18|-0.0063|0.0005|-0.0005|-0.0190|0.0060||1.70|6|1.45|120
GME211217C00110000||||73.25|73.25|12|0.00|0.0000|0|1|0|0|0.9907|0.0008|0.0445|-0.0263|0.0085||62.85|20|59.45|7
GME211217P00110000|0.35|1.81|0.35|1.02|1.79|12|0.77|0.7549|-21|354|4|109|-0.0129|0.0010|-0.0010|-0.0342|0.0117||1.98|35|1.68|78
GME211217C00115000||||112.11|112.11|11|0.00|0.0000|0|2|0|0|0.9852|0.0012|0.0462|-0.0380|0.0127||58.20|20|54.80|15
GME211217P00115000|1.17|1.87|1.15|1.21|1.61|11|0.40|0.3306|14|162|4|33|-0.0184|0.0014|-0.0014|-0.0474|0.0153||2.36|41|1.93|80
GME211217C00120000|51.08|51.08|51.08|64.15|51.08|10|-13.07|-0.2037|0|51|1|1|0.8768|0.0036|0.1385|-0.1078|0.1298||53.65|36|50.05|15
GME211217P00120000|1.56|2.74|1.56|1.39|2.74|10|1.35|0.9712|5|158|5|65|-0.0303|0.0022|-0.0022|-0.0710|0.0232||2.79|14|2.48|16
GME211217C00125000||||79.68|79.68|9|0.00|0.0000|0|35|0|0|0.8487|0.0041|0.1371|-0.1257|0.1495||49.25|50|45.60|17
GME211217P00125000|2.35|3.15|1.80|1.88|3.05|9|1.17|0.6223|2|207|1|22|-0.0542|0.0034|-0.0043|-0.1106|0.0385||3.40|21|3.00|24
GME211217C00130000|43.52|43.52|43.52|55.70|43.52|8|-12.18|-0.2187|0|10|1|1|0.9334|0.0043|0.0485|-0.1287|0.0438||44.95|27|41.80|12
GME211217P00130000|2.09|4.15|2.05|2.21|3.75|8|1.54|0.6968|11|206|1|142|-0.0731|0.0045|-0.0055|-0.1429|0.0470||4.15|26|3.60|64
GME211217C00135000|39.41|39.41|39.41|90.47|39.41|7|-51.06|-0.5644|0|3|1|1|0.9006|0.0058|0.0480|-0.1746|0.0592||40.80|29|37.60|13
GME211217P00135000|3.25|4.80|3.25|2.72|4.70|7|1.98|0.7279|9|149|1|57|-0.1037|0.0059|-0.0078|-0.1835|0.0611||5.15|41|4.55|76
GME211217C00140000|39.35|39.35|34.60|44.07|34.60|6|-9.47|-0.2149|2|148|1|2|0.8631|0.0074|0.0472|-0.2157|0.0743||36.90|55|33.55|42
GME211217P00140000|3.32|6.35|3.32|3.50|5.87|6|2.37|0.6771|264|813|10|111|-0.1503|0.0074|-0.0122|-0.2300|0.0817||6.30|49|5.65|68
GME211217C00145000||||96.94|96.94|5|0.00|0.0000|0|57|0|0|0.8153|0.0090|0.0455|-0.2648|0.0905||33.05|43|29.80|18
GME211217P00145000|5.49|7.45|5.49|4.02|7.16|5|3.14|0.7811|23|234|10|103|-0.1919|0.0088|-0.0147|-0.2810|0.0927||7.65|22|6.95|62
GME211217C00150000|32.04|32.04|27.83|35.91|27.83|4|-8.08|-0.2250|0|71|1|28|0.7589|0.0104|0.0431|-0.3117|0.1058||29.40|57|26.25|57
GME211217P00150000|4.30|9.40|4.15|5.05|8.89|4|3.84|0.7604|223|1842|1|672|-0.2477|0.0103|-0.0191|-0.3238|0.1072||9.30|52|8.65|18
GME211217C00155000|28.00|28.00|24.30|30.10|25.00|3|-5.10|-0.1694|1|12|1|12|0.6964|0.0118|0.0402|-0.3469|0.1185||26.15|69|23.85|23
GME211217P00155000|5.75|10.65|5.75|6.54|10.40|3|3.86|0.5902|0|308|1|186|-0.3101|0.0112|-0.0258|-0.3471|0.1235||11.20|50|9.85|148
GME211217C00160000|26.47|26.47|21.08|29.27|21.61|2|-7.66|-0.2617|-1|96|1|40|0.6382|0.0127|0.0375|-0.3703|0.1274||23.30|58|20.00|83
GME211217P00160000|7.30|13.00|7.30|7.75|12.78|2|5.03|0.6490|390|1040|1|121|-0.3718|0.0120|-0.0312|-0.3722|0.1324||13.30|20|12.50|34
GME211217C00165000|20.00|20.70|18.45|24.60|18.55|1|-6.05|-0.2459|0|82|1|5|0.5647|0.0131|0.0335|-0.3935|0.1334||20.70|58|18.35|26
GME211217P00165000|8.93|15.50|8.93|9.77|14.45|1|4.68|0.4790|3|310|1|40|-0.4351|0.0128|-0.0345|-0.4034|0.1334||15.65|31|14.80|47
GME211217C00170000|19.90|19.90|16.00|23.22|16.70|1|-6.52|-0.2808|0|117|1|57|0.5486|0.0069|0.1020|-0.2135|0.2522||17.30|48|15.95|46
GME211217P00170000|11.88|18.80|11.70|11.75|17.74|1|5.99|0.5098|-17|1066|1|137|-0.4987|0.0128|-0.0400|-0.4139|0.1352||18.30|26|17.30|46
GME211217C00175000|17.40|17.40|13.85|20.50|14.65|2|-5.85|-0.2854|-5|183|1|68|0.4350|0.0131|0.0263|-0.3954|0.1334||16.10|80|13.50|101
GME211217P00175000|13.36|21.02|13.36|14.33|20.09|2|5.76|0.4020|17|720|1|535|-0.5609|0.0127|-0.0455|-0.4079|0.1336||21.20|26|19.90|88
GME211217C00180000|14.00|14.45|11.96|17.98|12.50|3|-5.48|-0.3048|-23|442|3|29|0.3752|0.0125|0.0228|-0.3825|0.1285||13.20|53|12.05|54
GME211217P00180000|15.88|24.08|15.88|17.10|22.99|3|5.89|0.3444|12|1074|1|110|-0.6122|0.0120|-0.0539|-0.3829|0.1342||24.55|36|22.20|80
GME211217C00185000|15.60|15.60|10.40|15.00|11.24|4|-3.76|-0.2507|2|270|1|27|0.3205|0.0118|0.0196|-0.3626|0.1213||11.50|18|10.60|16
GME211217P00185000|22.25|25.30|22.25|19.25|24.81|4|5.56|0.2888|-14|255|1|9|-0.6751|0.0116|-0.0562|-0.3711|0.1220||28.00|10|25.60|80
GME211217C00187500|14.08|14.08|10.53|15.87|10.60|5|-5.27|-0.3321|0|39|2|5|0.4974|0.0051|0.0860|-0.2973|0.2541||11.15|72|9.80|25
GME211217P00187500|26.55|26.55|26.55|19.77|26.55|5|6.78|0.3429|1|116|1|3|-0.6528|0.0097|-0.0564|-0.4660|0.1252||30.50|54|27.35|79
GME211217C00190000|13.45|13.45|8.80|13.83|9.78|6|-4.05|-0.2928|15|254|10|62|0.2716|0.0108|0.0167|-0.3382|0.1124||10.20|67|9.25|56
GME211217P00190000|20.42|31.40|20.42|22.61|30.50|6|7.89|0.3490|-4|446|1|30|-0.7221|0.0107|-0.0610|-0.3497|0.1137||31.60|12|29.20|73
GME211217C00192500|11.38|11.95|8.61|12.50|8.95|7|-3.55|-0.2840|2|30|1|8|0.3456|0.0083|0.0201|-0.5467|0.1249||9.55|92|8.60|57
GME211217P00192500|31.73|31.73|31.73|24.00|31.73|7|7.73|0.3221|-1|111|2|2|-0.7776|0.0107|-0.0652|-0.2758|0.1010||34.15|50|31.05|76
GME211217C00195000|11.07|11.07|7.75|11.09|8.65|8|-2.44|-0.2200|-1|147|1|64|0.2296|0.0098|0.0142|-0.3126|0.1028||9.10|102|8.05|56
GME211217P00195000|27.94|34.43|27.94|25.45|33.39|8|7.94|0.3120|50|473|3|104|-0.7645|0.0097|-0.0656|-0.3232|0.1043||35.35|25|33.15|76
GME211217C00197500|9.62|9.62|7.50|10.80|8.00|9|-2.80|-0.2593|3|41|1|19|0.3261|0.0077|0.0188|-0.5659|0.1221||8.55|99|7.50|63
GME211217P00197500|32.65|34.08|32.65|27.65|34.08|9|6.43|0.2325|0|93|5|6|-0.5920|0.0060|-0.2102|-0.2381|0.2473||38.15|50|34.90|73
GME211217C00200000|9.90|9.90|6.70|10.05|7.30|10|-2.75|-0.2736|902|2001|1|745|0.1944|0.0088|0.0121|-0.2877|0.0933||7.60|7|7.10|36
GME211217P00200000|32.40|37.55|32.40|29.20|37.55|10|8.35|0.2860|-2|1919|1|13|-0.7989|0.0088|-0.0697|-0.3000|0.0952||39.20|8|36.90|81
GME211217C00202500|7.85|7.85|7.48|9.79|7.48|11|-2.31|-0.2360|18|36|1|5|0.2475|0.0079|0.0148|-0.4211|0.1071||7.60|85|6.60|51
GME211217P00202500|34.54|39.87|34.54|30.45|39.87|11|9.42|0.3094|1|117|2|3|-0.7838|0.0082|-0.0700|-0.3503|0.0994||42.25|44|39.00|71
GME211217C00205000|9.80|9.80|6.20|8.75|6.50|12|-2.25|-0.2571|-4|53|2|29|0.2673|0.0073|0.0157|-0.4946|0.1115||6.85|21|6.20|57
GME211217P00205000|36.55|39.63|36.55|33.98|39.63|12|5.65|0.1663|0|165|1|4|-0.8282|0.0078|-0.0736|-0.2765|0.0863||44.25|35|41.05|73
GME211217C00207500|6.15|6.15|6.15|8.90|6.15|13|-2.75|-0.3090|4|32|1|1|0.4293|0.0047|0.0747|-0.3115|0.2501||6.80|90|5.95|1
GME211217P00207500|41.74|41.74|41.74|21.30|41.74|13|20.44|0.9596|0|181|34|34|-0.9970|0.0007|-0.0851|-0.0032|0.0031||46.40|30|43.15|70
GME211217C00210000|5.92|6.80|5.45|7.50|5.60|14|-1.90|-0.2533|-30|815|4|51|0.1310|0.0068|0.0082|-0.2224|0.0721||6.35|102|5.50|84
GME211217P00210000|45.16|48.15|45.16|36.95|48.10|14|11.15|0.3018|-11|215|5|41|-0.8639|0.0068|-0.0778|-0.2318|0.0740||48.55|34|45.30|74
GME211217C00212500|5.95|6.20|5.58|6.50|5.58|15|-0.92|-0.1415|0|22|1|5|0.1732|0.0067|0.0106|-0.3246|0.0868||6.00|56|5.20|52
GME211217P00212500||||42.25|42.25|15|0.00|0.0000|0|59|0|0|-0.6631|0.0056|-0.2441|-0.2237|0.2326||50.70|33|47.50|46
GME211217C00215000|6.25|6.25|4.40|6.90|5.45|16|-1.45|-0.2101|4|97|1|18|0.1791|0.0065|0.0109|-0.3527|0.0886||5.65|48|4.95|53
GME211217P00215000|49.03|49.03|46.65|42.25|48.24|16|5.99|0.1418|2|101|2|11|-0.5977|0.0046|-0.2415|-0.3067|0.2465||52.90|35|49.70|69
GME211217C00217500|4.80|5.10|4.80|7.20|5.10|17|-2.10|-0.2917|1|39|1|2|0.1945|0.0062|0.0116|-0.4050|0.0934||5.50|108|4.60|85
GME211217P00217500|50.51|54.90|50.50|47.80|54.90|17|7.10|0.1485|0|23|1|35|-0.5583|0.0040|-0.2432|-0.3686|0.2514||55.15|26|51.90|53
GME211217C00220000|5.35|5.49|4.20|6.50|4.70|18|-1.80|-0.2769|1|1903|1|72|0.0877|0.0050|0.0055|-0.1682|0.0540||5.05|48|4.50|77
GME211217P00220000|54.10|55.68|52.62|46.55|55.68|18|9.13|0.1961|1|446|1|24|-0.9056|0.0052|-0.0845|-0.1817|0.0570||57.40|33|54.20|79
GME211217C00222500||||6.60|6.60|19|0.00|0.0000|2|69|0|0|0.1670|0.0057|0.0101|-0.3636|0.0848||5.00|86|4.25|62
GME211217P00222500||||49.15|49.15|19|0.00|0.0000|11|21|0|0|-0.8059|0.0058|-0.0799|-0.4351|0.0932||59.70|30|56.40|30
GME211217C00225000|4.75|5.00|4.20|5.80|4.35|20|-1.45|-0.2500|-7|98|1|23|0.2084|0.0056|0.0122|-0.4906|0.0974||4.70|57|4.05|80
GME211217P00225000||||49.64|49.64|20|0.00|0.0000|-1|30|0|0|-0.8431|0.0055|-0.0830|-0.3488|0.0814||62.00|19|58.75|28
GME211217C00227500|4.20|4.20|4.20|5.60|4.20|21|-1.40|-0.2500|0|8|1|1|0.1439|0.0052|0.0087|-0.3266|0.0768||4.50|73|3.95|41
GME211217P00227500||||51.86|51.86|21|0.00|0.0000|0|60|0|0|-0.8387|0.0054|-0.0894|-0.3483|0.0857||64.30|16|61.00|21
GME211217C00230000|6.00|6.00|3.70|5.09|4.00|22|-1.09|-0.2141|11|442|2|49|0.0618|0.0037|0.0039|-0.1324|0.0413||4.20|39|3.80|58
GME211217P00230000|64.00|64.00|64.00|54.21|64.00|22|9.79|0.1806|1|64|1|1|-0.9276|0.0040|-0.0960|-0.1465|0.0483||66.30|32|63.30|57
GME211217C00232500|4.35|4.35|3.80|4.45|4.04|23|-0.41|-0.0921|0|80|6|9|0.1172|0.0047|0.0072|-0.2752|0.0667||4.15|54|3.55|74
GME211217P00232500||||53.30|53.30|23|0.00|0.0000|0|19|0|0|-0.9242|0.0040|-0.0908|-0.1694|0.0483||68.95|16|65.60|28
GME211217C00235000|4.25|4.25|3.40|5.14|3.69|24|-1.45|-0.2821|0|74|1|4|0.1651|0.0049|0.0097|-0.4190|0.0842||4.10|87|3.50|42
GME211217P00235000|68.76|68.76|68.76|54.70|68.76|24|14.06|0.2570|0|60|1|1|-0.7701|0.0049|-0.2955|-0.1757|0.1934||71.30|16|67.95|30
GME211217C00240000|3.80|3.80|3.21|4.35|3.55|25|-0.80|-0.1839|48|356|1|58|0.0412|0.0027|0.0026|-0.0966|0.0299||3.65|44|3.35|3
GME211217P00240000||||65.50|65.50|25|0.00|0.0000|0|54|0|0|-0.9531|0.0029|-0.0956|-0.1097|0.0333||76.05|11|72.65|21
GME211217C00245000|3.25|3.40|3.17|3.98|3.30|26|-0.68|-0.1709|143|230|1|5|0.3117|0.0041|0.0562|-0.2855|0.2253||3.50|50|3.00|70
GME211217P00245000||||71.40|71.40|26|0.00|0.0000|-2|47|0|0|-0.8224|0.0045|-0.0904|-0.5031|0.0883||80.85|11|77.40|30
GME211217C00250000|4.20|4.20|2.88|3.70|3.09|27|-0.61|-0.1649|-24|1145|1|133|0.0274|0.0019|0.0018|-0.0701|0.0214||3.15|12|2.96|8
GME211217P00250000|84.85|84.85|84.85|73.53|84.85|27|11.32|0.1540|0|56|1|1|-0.9699|0.0020|-0.1008|-0.0765|0.0232||85.70|13|82.15|19
GME211217C00255000|2.84|3.05|2.84|3.60|2.98|28|-0.62|-0.1722|0|355|1|6|0.1250|0.0038|0.0074|-0.3692|0.0697||3.15|93|2.63|109
GME211217P00255000||||39.75|39.75|28|0.00|0.0000|0|5|0|0|-0.9999|0.0000|-0.1048|0.0007|0.0001||90.55|13|86.95|28
GME211217C00260000|2.55|2.94|2.55|3.40|2.90|29|-0.50|-0.1471|3|519|1|4|0.0182|0.0013|0.0012|-0.0503|0.0152||2.99|44|2.60|72
GME211217P00260000|90.26|90.26|89.25|78.20|89.25|29|11.05|0.1413|0|21|10|11|-0.9797|0.0014|-0.1055|-0.0552|0.0166||95.40|14|91.75|45
GME211217C00270000|2.41|2.56|2.41|2.82|2.56|30|-0.26|-0.0922|34|575|1|7|0.0130|0.0010|0.0008|-0.0384|0.0113||2.76|78|2.37|48
GME211217P00270000||||65.35|65.35|30|0.00|0.0000|0|49|0|0|-0.9820|0.0012|-0.1171|-0.0495|0.0155||105.15|15|101.45|46
GME211217C00280000|2.50|2.50|2.25|2.63|2.25|31|-0.38|-0.1445|-3|2029|2|10|0.1351|0.0033|0.0272|-0.1359|0.1384||2.58|71|2.14|58
GME211217P00280000||||91.00|91.00|31|0.00|0.0000|0|10|0|0|-0.9890|0.0008|-0.1144|-0.0337|0.0098||115.05|14|111.25|26
GME211217C00290000|2.00|2.27|2.00|2.57|2.09|32|-0.48|-0.1868|1|523|1|6|0.1231|0.0030|0.0248|-0.1300|0.1298||2.40|55|2.02|23
GME211217P00290000||||68.50|68.50|32|0.00|0.0000|0|25|0|0|-0.9913|0.0006|-0.1186|-0.0281|0.0080||124.95|16|120.95|21
GME211217C00300000|2.05|2.32|1.84|2.15|2.15|33|0.00|0.0000|560|5707|1|207|0.1114|0.0028|0.0225|-0.1228|0.1209||2.14|9|2.00|10
GME211217P00300000|126.50|126.50|126.50|125.00|126.50|33|1.50|0.0120|0|20|1|1|-0.9923|0.0006|-0.1310|-0.0245|0.0074||134.85|17|130.75|22
GME211217C00310000|1.80|1.80|1.80|2.03|1.80|34|-0.23|-0.1133|-2|367|1|1|0.0036|0.0003|0.0002|-0.0132|0.0036||2.07|48|1.77|29
GME211217P00310000||||102.75|102.75|34|0.00|0.0000|0|3|0|0|-0.8915|0.0026|-0.4283|-0.1243|0.1186||144.75|17|140.60|16
GME211217C00320000|1.78|1.87|1.76|1.73|1.76|35|0.03|0.0173|41|448|1|6|0.0027|0.0002|0.0002|-0.0104|0.0028||1.94|44|1.67|33
GME211217P00320000||||96.00|96.00|35|0.00|0.0000|0|17|0|0|-0.9964|0.0003|-0.1313|-0.0129|0.0037||154.70|19|150.55|27
GME211217C00330000|1.74|1.74|1.69|1.75|1.69|36|-0.06|-0.0343|0|213|1|2|0.0856|0.0022|0.0173|-0.1060|0.0996||1.81|10|1.57|22
GME211217P00330000||||159.50|159.50|36|0.00|0.0000|0|3|0|0|-0.9972|0.0002|-0.1354|-0.0100|0.0029||164.60|24|160.40|29
GME211217C00340000|1.51|1.51|1.51|1.60|1.51|37|-0.09|-0.0563|0|232|1|1|0.0017|0.0001|0.0001|-0.0072|0.0019||1.73|43|1.48|30
GME211217P00340000||||126.85|126.85|37|0.00|0.0000|0|7|0|0|-0.9979|0.0002|-0.1396|-0.0077|0.0023||174.55|18|170.30|27
GME211217C00350000|1.50|1.60|1.30|1.40|1.57|38|0.17|0.1214|23|1013|1|40|0.0019|0.0002|0.0001|-0.0079|0.0022||1.62|8|1.39|15
GME211217P00350000||||133.85|133.85|38|0.00|0.0000|0|4|0|0|-0.9982|0.0001|-0.1437|-0.0065|0.0019||184.45|17|180.20|27
GME211217C00360000|1.30|1.43|1.25|1.37|1.43|39|0.06|0.0438|-4|304|1|12|0.0012|0.0001|0.0001|-0.0054|0.0013||1.55|12|1.29|28
GME211217P00360000||||||39|||0|0|0|0|-0.9985|0.0001|-0.1478|-0.0055|0.0017||194.40|13|190.10|19
GME211217C00370000|1.24|1.40|1.24|1.45|1.40|40|-0.05|-0.0345|0|447|3|13|0.0015|0.0001|0.0001|-0.0063|0.0017||1.53|65|1.25|7
GME211217P00370000||||172.65|172.65|40|0.00|0.0000|0|3|0|0|-0.9983|0.0001|-0.1621|-0.0064|0.0020||204.30|17|200.00|30
GME211217C00380000||||1.20|1.20|41|0.00|0.0000|-1|168|0|0|0.0009|0.0001|0.0001|-0.0043|0.0010||1.53|88|1.20|4
GME211217P00380000|208.83|208.83|208.83|165.60|208.83|41|43.23|0.2611|0|17|1|1|-0.9989|0.0001|-0.1561|-0.0038|0.0012||214.25|12|209.95|27
GME211217C00390000|1.18|1.18|1.18|1.18|1.18|42|0.00|0.0000|1|193|1|2|0.0008|0.0001|0.0001|-0.0039|0.0009||1.37|52|1.11|27
GME211217P00390000||||||42|||0|0|0|0|-0.9991|0.0001|-0.1602|-0.0033|0.0011||224.25|3|219.85|17
GME211217C00400000|1.12|1.24|0.90|1.08|1.20|43|0.12|0.1111|19|1185|1|153|0.0006|0.0001|0.0000|-0.0032|0.0007||1.25|4|1.20|1
GME211217P00400000||||198.90|198.90|43|0.00|0.0000|0|3|0|0|-0.9992|0.0001|-0.1643|-0.0028|0.0010||234.10|7|229.85|26
GME211217C00410000|0.90|1.00|0.90|1.00|0.99|44|-0.01|-0.0100|1|205|1|26|0.0005|0.0000|0.0000|-0.0027|0.0006||1.22|12|1.05|4
GME211217P00410000||||190.90|190.90|44|0.00|0.0000|0|3|0|0|-0.9993|0.0001|-0.1684|-0.0024|0.0008||244.05|13|239.80|23
GME211217C00420000|1.00|1.07|1.00|0.95|1.03|45|0.08|0.0842|3|542|1|12|0.0004|0.0000|0.0000|-0.0024|0.0005||1.15|10|1.01|1
GME211217P00420000||||189.85|189.85|45|0.00|0.0000|0|16|0|0|-0.9996|0.0000|-0.1726|-0.0007|0.0005||253.95|14|249.75|24
GME211217C00430000|0.99|0.99|0.97|0.97|0.97|46|0.00|0.0000|0|208|1|11|0.0004|0.0000|0.0000|-0.0021|0.0005||1.13|34|0.95|7
GME211217P00430000||||244.20|244.20|46|0.00|0.0000|0|0|0|0|-0.9478|0.0013|-0.6138|-0.0833|0.0680||263.90|5|259.65|8
GME211217C00440000||||1.15|1.15|47|0.00|0.0000|0|472|0|0|0.0003|0.0000|0.0000|-0.0018|0.0004||1.13|76|0.76|77
GME211217P00440000||||||47|||0|0|0|0|-0.9997|0.0000|-0.1808|0.0000|0.0003||273.95|1|269.65|7
GME211217C00450000|0.60|0.75|0.60|0.79|0.75|48|-0.04|-0.0506|2|686|2|6|0.0003|0.0000|0.0000|-0.0015|0.0003||1.06|16|0.89|1
GME211217P00450000||||||48|||0|0|0|0|-0.9998|0.0000|-0.1849|0.0002|0.0003||283.90|12|279.60|10
GME211217C00460000|0.74|0.95|0.74|0.76|0.91|49|0.15|0.1974|2|1138|1|28|0.0003|0.0000|0.0000|-0.0015|0.0003||0.98|8|0.80|15
GME211217P00460000||||261.60|261.60|49|0.00|0.0000|0|5|0|0|-0.9544|0.0011|-0.6587|-0.0770|0.0611||293.70|3|289.55|11
GME211217C00470000|0.65|0.66|0.65|0.78|0.66|50|-0.12|-0.1538|1|190|1|3|0.0236|0.0007|0.0014|-0.1447|0.0189||0.98|20|0.67|48
GME211217P00470000||||||50||||0|0|0|-1.0000|0.0000|-0.1931|0.0016|0.0000||304.25|1|299.55|7
GME211217C00480000||||0.60|0.60|51|0.00|0.0000|16|240|0|0|0.0242|0.0007|0.0014|-0.1514|0.0193||0.97|23|0.65|30
GME211217P00480000||||264.21|264.21|51|0.00|0.0000|0|7|0|0|-0.9873|0.0005|-0.1965|-0.0773|0.0112||313.60|5|309.55|5
GME211217C00490000|0.66|0.78|0.52|0.52|0.78|52|0.26|0.5000|8|105|6|12|0.0291|0.0008|0.0017|-0.1856|0.0225||0.96|30|0.62|44
GME211217P00490000||||274.04|274.04|52|0.00|0.0000|0|7|0|0|-0.9827|0.0006|-0.2003|-0.1079|0.0146||323.55|5|319.50|8
GME211217C00500000|0.70|0.84|0.60|0.50|0.84|53|0.34|0.6800|-47|2441|2|12|0.0281|0.0008|0.0016|-0.1818|0.0218||0.93|14|0.75|9
GME211217P00500000||||290.05|290.05|53|0.00|0.0000|0|7|0|0|-0.7842|0.0020|-0.6918|-0.4093|0.1867||333.50|5|329.50|7
GME211217C00510000|0.61|0.80|0.42|0.53|0.71|54|0.18|0.3396|25|1391|1|334|0.0256|0.0007|0.0015|-0.1685|0.0202||0.79|1|0.65|1
GME211217P00510000||||277.97|277.97|54|0.00|0.0000|0|0|0|0|-0.9968|0.0002|-0.2094|-0.0188|0.0033||343.45|5|339.50|3
GME211223C00100000|71.00|71.00|71.00|80.77|71.00|10|-9.77|-0.1210|0|14|1|1|0.9635|0.0015|0.0535|-0.1007|0.0321||72.65|14|69.20|1
GME211223P00100000|1.13|1.89|1.01|0.88|1.82|10|0.94|1.0682|8|124|1|203|-0.0585|0.0019|-0.0067|-0.1729|0.0468||1.99|6|1.58|4
GME211223C00110000||||||9||||0|0|0|1.0000|0.0000|0.0633|-0.0004|0.0000||63.30|12|59.10|13
GME211223P00110000|1.52|2.50|1.43|1.33|2.50|9|1.17|0.8797|9|37|1|21|-0.0827|0.0026|-0.0094|-0.2090|0.0611||2.81|24|2.18|6
GME211223C00120000||||103.35|103.35|8|0.00|0.0000|0|1|0|0|0.8300|0.0010|0.0214|-1.4612|0.1016||54.30|13|50.10|12
GME211223P00120000|2.80|3.35|2.61|1.15|3.35|8|2.20|1.9130|0|25|1|4|-0.1177|0.0036|-0.0141|-0.2436|0.0811||3.75|6|3.05|15
GME211223C00130000||||||7||||0|0|0|1.0000|0.0000|0.0784|-0.0005|0.0000||45.85|10|41.55|5
GME211223P00130000|3.71|4.75|3.64|2.69|4.75|7|2.06|0.7658|70|142|1|8|-0.1586|0.0048|-0.0181|-0.2883|0.0973||5.75|14|4.60|1
GME211223C00140000||||||6||||0|0|0|1.0000|0.0000|0.0805|-0.0005|0.0000||38.10|14|33.90|2
GME211223P00140000|6.50|7.30|6.50|4.40|7.30|6|2.90|0.6591|2|42|8|9|-0.2118|0.0064|-0.0240|-0.3130|0.1164||7.70|13|6.55|19
GME211223C00145000||||||5||||0|0|0|1.0000|0.0000|0.0834|-0.0005|0.0000||34.60|15|30.35|16
GME211223P00145000||||||5||||0|0|0|0.0000|0.0000|0.0000|0.0000|0.0000||9.40|18|7.75|18
GME211223C00150000|28.10|28.10|28.10|55.90|28.10|4|-27.80|-0.4973|0|4|14|17|0.7077|0.0078|0.0553|-0.3452|0.1411||31.30|32|27.70|7
GME211223P00150000|6.60|10.30|6.60|6.07|10.30|4|4.23|0.6969|-6|200|1|132|-0.2957|0.0077|-0.0357|-0.3538|0.1418||11.25|30|9.35|21
GME211223C00155000|29.20|29.20|29.20|57.05|29.20|3|-27.85|-0.4882|0|10|1|1|0.6564|0.0067|0.0472|-0.4827|0.1479||27.95|29|24.50|21
GME211223P00155000|9.85|12.16|9.85|9.30|12.16|3|2.86|0.3075|16|127|1|126|-0.3377|0.0083|-0.0410|-0.3661|0.1500||12.90|6|11.20|8
GME211223C00160000|23.28|23.31|23.00|53.80|23.00|2|-30.80|-0.5725|0|12|1|3|0.6181|0.0082|0.0490|-0.4052|0.1567||25.15|17|21.70|15
GME211223P00160000|11.83|13.48|11.83|9.45|13.48|2|4.03|0.4265|1|62|3|23|-0.3788|0.0084|-0.0446|-0.4093|0.1530||15.00|6|13.25|15
GME211223C00165000|20.45|21.50|20.25|20.45|20.25|1|-0.20|-0.0098|0|0|1|3|0.5795|0.0076|0.0434|-0.4785|0.1570||22.65|27|19.30|16
GME211223P00165000|13.81|17.00|13.81|11.60|17.00|1|5.40|0.4655|0|21|2|20|-0.4266|0.0085|-0.0508|-0.4282|0.1573||18.05|30|15.55|23
GME211223C00170000|18.25|19.95|18.00|25.94|18.50|1|-7.44|-0.2868|0|15|1|18|0.5335|0.0085|0.0413|-0.4438|0.1596||19.85|20|16.85|7
GME211223P00170000|16.83|18.51|16.05|14.35|18.51|1|4.16|0.2899|0|33|6|60|-0.4746|0.0093|-0.0564|-0.4074|0.1596||20.90|17|18.45|14
GME211223C00175000|23.00|23.00|15.75|19.00|15.75|2|-3.25|-0.1711|0|3|4|34|0.4908|0.0088|0.0387|-0.4319|0.1604||18.35|36|14.90|27
GME211223P00175000|16.28|23.20|16.28|15.02|22.50|2|7.48|0.4980|-6|48|2|38|-0.5044|0.0083|-0.0621|-0.4561|0.1602||24.35|27|21.15|13
