symbol|open|high|low|preClose|close|activeLevel|change|changeRatio|openIntChange|openInterest|latestPriceVol|volume|delta|gamma|rho|theta|vega|tradeStamptradeTime|ask|avol|bid|bvol
GME211223C00070000||||84.01|84.01|30||0.0000|1|1|0|0|0.9897|0.0005|0.0056|-0.2699|0.0039||90.20|12|85.25|40
GME211223P00070000|0.03|0.03|0.02|0.05|0.02|30|-0.03|-0.6000|519|1330|1|5|-0.0013|0.0001|0.0000|-0.0313|0.0006||0.04|13|0.01|15
GME211223C00075000||||||29||0.0000|0|0|0|0|0.9881|0.0006|0.0060|-0.2843|0.0044||85.05|12|80.25|36
GME211223P00075000||||0.06|0.06|29|0.00|0.0000|6|86|0|0|-0.0035|0.0002|-0.0001|-0.0794|0.0015||0.09|44|0.00|0
GME211223C00080000||||78.45|78.45|28|0.00|0.0000|1|2|0|0|0.9489|0.0014|0.0058|-1.3178|0.0149||80.30|12|75.25|44
GME211223P00080000||||0.09|0.09|28|0.00|0.0000|1|319|0|0|-0.0053|0.0004|-0.0001|-0.1104|0.0022||0.10|80|0.01|19
GME211223C00085000||||60.37|60.37|27|0.00|0.0000|0|0|0|0|1.0000|0.0000|0.0070|-0.0003|0.0000||75.15|12|70.40|43
GME211223P00085000|0.02|0.02|0.02|0.09|0.02|27|-0.07|-0.7778|7|64|1|1|-0.0016|0.0002|0.0000|-0.0292|0.0007||0.53|101|0.05|10
GME211223C00090000||||||26||||0|0|0|1.0000|0.0000|0.0074|-0.0003|0.0000||70.00|12|65.40|41
GME211223P00090000||||0.10|0.10|26|0.00|0.0000|105|805|0|0|-0.0068|0.0005|-0.0001|-0.1164|0.0027||0.10|63|0.01|46
GME211223C00095000||||||25||0.0000|0|0|0|0|0.9809|0.0012|0.0075|-0.3120|0.0066||65.35|12|60.40|39
GME211223P00095000|0.05|0.10|0.05|0.11|0.10|25|-0.01|-0.0909|1|88|5|7|-0.0074|0.0006|-0.0001|-0.1134|0.0029||0.08|26|0.03|28
GME211223C00100000||||57.00|57.00|24|0.00|0.0000|0|65|0|0|0.9724|0.0016|0.0078|-0.4141|0.0090||60.45|14|55.35|53
GME211223P00100000|0.25|0.25|0.05|0.12|0.07|24|-0.05|-0.4167|145|1829|5|127|-0.0044|0.0005|-0.0001|-0.0600|0.0018||0.08|6|0.05|13
GME211223C00105000||||44.70|44.70|23|0.00|0.0000|0|2|0|0|0.9913|0.0009|0.0085|-0.1073|0.0033||55.30|12|50.35|41
GME211223P00105000|0.07|0.07|0.07|0.18|0.07|23|-0.11|-0.6111|7|48|1|1|-0.0065|0.0007|-0.0001|-0.0788|0.0026||0.09|1|0.07|11
GME211223C00110000||||||22||||0|0|0|-0.5698|0.0000|-0.0080|0.0003|0.0000||50.05|12|45.35|55
GME211223P00110000|0.10|0.12|0.10|0.18|0.10|22|-0.08|-0.4444|114|1072|1|37|-0.0095|0.0010|-0.0001|-0.1031|0.0036||0.12|6|0.09|7
GME211223C00115000||||29.85|29.85|21||0.0000|0|2|0|0|0.9635|0.0028|0.0089|-0.3773|0.0113||45.15|12|40.35|59
GME211223P00115000|0.20|0.20|0.20|0.24|0.20|21|-0.04|-0.1667|108|175|1|1|-0.0185|0.0019|-0.0003|-0.1811|0.0064||0.15|19|0.12|6
GME211223C00120000||||37.50|37.50|20||0.0000|1|44|0|0|0.9534|0.0037|0.0092|-0.4243|0.0138||40.25|22|35.35|69
GME211223P00120000|0.20|0.29|0.15|0.32|0.15|20|-0.17|-0.5313|74|858|7|109|-0.0349|0.0032|-0.0005|-0.3081|0.0109||0.18|17|0.15|7
GME211223C00130000|28.05|28.14|28.05|21.25|28.14|19|6.89|0.3242|-3|51|1|3|0.8814|0.0075|0.0090|-0.8778|0.0282||30.30|12|25.50|76
GME211223P00130000|0.40|0.50|0.27|0.72|0.27|19|-0.45|-0.6250|131|1386|7|190|-0.0386|0.0049|-0.0005|-0.2374|0.0119||0.30|49|0.19|23
GME211223C00135000||||14.00|14.00|18|0.00|0.0000|0|10|0|0|0.9966|0.0012|0.0111|-0.0152|0.0015||25.55|32|20.70|18
GME211223P00135000|0.58|0.58|0.50|0.90|0.50|18|-0.40|-0.4444|148|392|2|65|-0.0656|0.0081|-0.0009|-0.3362|0.0181||0.50|23|0.41|18
GME211223C00136000||||23.45|23.45|17|0.00|0.0000|0|14|0|0|0.8129|0.0098|0.0085|-1.2248|0.0381||24.60|33|19.70|26
GME211223P00136000|0.86|0.86|0.58|1.01|0.58|17|-0.43|-0.4257|132|161|1|5|-0.0704|0.0088|-0.0009|-0.3458|0.0191||0.56|21|0.44|18
GME211223C00137000||||||16||||0|0|0|1.0000|0.0000|0.0113|-0.0005|0.0000||23.55|29|18.75|24
GME211223P00137000|0.85|0.85|0.85|1.01|0.85|16|-0.16|-0.1584|139|156|1|1|-0.0942|0.0102|-0.0013|-0.4598|0.0238||0.61|21|0.49|11
GME211223C00138000||||13.90|13.90|15||0.0000|0|13|0|0|0.8647|0.0115|0.0095|-0.6832|0.0308||22.70|35|18.25|23
GME211223P00138000|1.06|1.06|0.62|1.23|0.62|15|-0.61|-0.4959|22|89|1|4|-0.0789|0.0103|-0.0011|-0.3518|0.0209||0.68|50|0.54|22
GME211223C00139000||||14.40|14.40|14||0.0000|0|1|0|0|0.8556|0.0123|0.0095|-0.6990|0.0322||21.75|34|18.25|24
GME211223P00139000|0.83|0.83|0.65|1.28|0.65|14|-0.63|-0.4922|89|138|1|3|-0.0951|0.0116|-0.0013|-0.4125|0.0240||0.76|59|0.59|26
GME211223C00140000|20.00|20.00|18.41|18.55|19.50|13|0.95|0.0512|37|152|1|3|0.8778|0.0129|0.0099|-0.5310|0.0288||20.60|27|18.30|61
GME211223P00140000|1.11|1.11|0.80|1.44|0.80|13|-0.64|-0.4444|117|740|2|94|-0.1028|0.0125|-0.0014|-0.4280|0.0254||0.84|68|0.68|5
GME211223C00141000|18.30|18.30|18.30|13.10|18.30|12|5.20|0.3969|8|13|1|1|0.8318|0.0140|0.0093|-0.7532|0.0356||19.70|22|15.05|44
GME211223P00141000|1.03|1.10|1.00|1.60|1.00|12|-0.60|-0.3750|6|36|1|5|-0.1199|0.0139|-0.0016|-0.4793|0.0284||0.94|58|0.70|30
GME211223C00142000||||13.00|13.00|11|0.00|0.0000|11|17|0|0|0.9557|0.0103|0.0111|-0.1416|0.0133||18.85|23|14.15|41
GME211223P00142000|1.30|1.30|1.30|1.98|1.30|11|-0.68|-0.3434|27|102|3|8|-0.1782|0.0149|-0.0024|-0.7593|0.0370||1.28|113|0.82|40
GME211223C00143000||||11.30|11.30|10|0.00|0.0000|0|16|0|0|0.8591|0.0164|0.0099|-0.5070|0.0317||17.90|13|13.25|37
GME211223P00143000|1.70|1.70|1.16|1.92|1.16|10|-0.76|-0.3958|140|144|1|3|-0.1420|0.0164|-0.0019|-0.5116|0.0319||1.32|105|0.90|66
GME211223C00144000|16.52|16.52|16.52|11.30|16.52|9|5.22|0.4619|2|4|1|1|0.7332|0.0139|0.0081|-1.2987|0.0466||17.05|24|12.40|30
GME211223P00144000|1.45|1.45|1.45|2.15|1.45|9|-0.70|-0.3256|64|115|1|1|-0.1674|0.0178|-0.0023|-0.5883|0.0355||1.59|140|0.96|91
GME211223C00145000|14.60|14.60|12.82|15.65|12.82|8|-2.83|-0.1808|-6|337|1|8|0.8192|0.0193|0.0095|-0.5999|0.0373||16.05|24|14.75|17
GME211223P00145000|1.84|2.00|1.38|2.33|1.41|8|-0.92|-0.3949|91|571|1|46|-0.1812|0.0192|-0.0024|-0.6010|0.0374||1.58|124|1.14|1
GME211223C00146000|11.50|12.32|11.50|10.33|12.32|7|1.99|0.1926|1|50|1|2|0.7819|0.0200|0.0090|-0.7254|0.0418||15.25|14|10.95|71
GME211223P00146000||||2.78|2.78|7|0.00|0.0000|227|251|0|0|-0.2453|0.0185|-0.0034|-0.8911|0.0446||2.35|129|1.06|137
GME211223C00147000||||8.45|8.45|6|0.00|0.0000|10|19|0|0|0.8892|0.0232|0.0106|-0.2566|0.0268||14.45|26|10.05|45
GME211223P00147000|2.55|2.55|2.13|2.93|2.13|6|-0.80|-0.2730|20|32|1|15|-0.2725|0.0187|-0.0038|-0.9820|0.0471||2.34|92|1.29|77
GME211223C00148000|10.38|10.38|10.38|10.36|10.38|5|0.02|0.0019|13|42|1|1|0.7560|0.0236|0.0089|-0.6964|0.0445||13.55|26|10.05|73
GME211223P00148000|2.69|2.69|2.00|3.15|2.00|5|-1.15|-0.3651|10|42|1|7|-0.2490|0.0232|-0.0034|-0.7226|0.0450||2.33|124|1.53|80
GME211223C00149000|11.50|11.50|9.95|10.30|10.25|4|-0.05|-0.0049|3|50|2|5|0.7177|0.0235|0.0084|-0.8097|0.0479||12.70|30|8.95|76
GME211223P00149000|3.07|3.07|2.00|3.30|2.67|4|-0.63|-0.1909|10|67|2|6|-0.2771|0.0241|-0.0038|-0.7773|0.0475||2.97|98|1.83|43
GME211223C00150000|10.70|11.50|8.50|10.52|11.00|3|0.48|0.0456|48|806|1|74|0.7057|0.0256|0.0083|-0.7739|0.0489||11.85|3|9.90|105
GME211223P00150000|2.99|3.65|2.47|3.62|2.47|3|-1.15|-0.3177|189|674|1|71|-0.2898|0.0261|-0.0039|-0.7464|0.0486||2.65|96|2.00|2
GME211223C00152500|9.69|10.00|8.15|9.46|8.85|2|-0.61|-0.0645|56|147|1|6|0.6027|0.0189|0.0069|-1.3115|0.0547||10.15|32|7.30|128
GME211223P00152500|3.94|4.50|3.38|4.62|3.38|2|-1.24|-0.2684|75|152|15|68|-0.3662|0.0283|-0.0050|-0.8343|0.0534||3.70|152|2.76|4
GME211223C00155000|9.02|9.02|5.90|8.00|8.05|1|0.05|0.0063|163|618|1|291|0.5595|0.0291|0.0067|-0.8904|0.0559||8.05|1|7.30|78
GME211223P00155000|5.70|5.70|4.30|5.70|4.50|1|-1.20|-0.2105|115|483|1|239|-0.4408|0.0288|-0.0061|-0.9006|0.0560||4.80|159|3.55|10
GME211223C00157500|7.00|7.00|4.98|6.76|6.20|1|-0.56|-0.0828|36|207|2|81|0.4894|0.0274|0.0059|-0.9666|0.0566||6.80|2|6.00|83
GME211223P00157500|6.60|6.60|5.35|6.85|6.15|1|-0.70|-0.1022|-2|79|1|21|-0.5139|0.0294|-0.0071|-0.9023|0.0565||6.90|129|4.60|23
GME211223C00160000|5.60|6.00|4.00|5.60|5.50|2|-0.10|-0.0179|318|1228|1|591|0.4289|0.0262|0.0052|-0.9809|0.0557||5.50|1|5.25|1
GME211223P00160000|8.15|8.30|6.95|8.75|7.30|2|-1.45|-0.1657|64|442|1|134|-0.5698|0.0259|-0.0080|-0.9920|0.0558||7.55|126|5.95|1
GME211223C00162500|4.32|5.00|3.25|4.80|4.30|3|-0.50|-0.1042|43|147|6|88|0.3606|0.0254|0.0044|-0.9197|0.0531||4.80|62|4.30|1
GME211223P00162500|8.85|8.85|8.85|10.50|8.85|3|-1.65|-0.1571|7|36|1|1|-0.6160|0.0224|-0.0088|-1.0836|0.0542||9.80|72|7.30|30
GME211223C00165000|4.50|4.50|2.70|3.95|3.60|4|-0.35|-0.0886|611|1054|1|207|0.3167|0.0225|0.0038|-0.9387|0.0505||4.00|30|3.40|60
GME211223P00165000|10.45|11.34|10.45|12.30|11.34|4|-0.96|-0.0780|-3|389|1|7|-0.7416|0.0266|-0.0104|-0.6539|0.0459||12.30|60|8.95|41
GME211223C00167500|3.50|3.50|2.35|3.63|2.35|5|-1.28|-0.3526|27|323|1|28|0.2701|0.0205|0.0033|-0.8875|0.0469||3.35|44|2.92|58
GME211223P00167500||||16.20|16.20|5||0.0000|0|49|0|0|-0.7039|0.0192|-0.0102|-1.0379|0.0490||14.80|50|10.95|20
GME211223C00170000|3.05|3.25|2.00|3.20|2.76|6|-0.44|-0.1375|488|1475|1|267|0.2417|0.0183|0.0029|-0.8878|0.0443||2.87|2|2.64|1
GME211223P00170000|15.30|15.56|15.21|15.92|15.22|6|-0.70|-0.0440|12|185|5|9|-0.7930|0.0192|-0.0114|-0.7097|0.0406||17.30|60|12.95|16
GME211223C00172500|1.99|2.85|1.84|2.75|1.90|7|-0.85|-0.3091|35|130|1|29|0.2338|0.0158|0.0028|-0.9906|0.0435||2.50|26|2.15|1
GME211223P00172500||||17.84|17.84|7||0.0000|1|24|0|0|-0.7607|0.0157|-0.0113|-1.0244|0.0440||19.75|44|14.90|34
GME211223C00175000|2.29|2.44|1.50|2.43|2.10|8|-0.33|-0.1358|711|1472|1|306|0.2056|0.0144|0.0025|-0.9349|0.0404||2.15|1|1.87|53
GME211223P00175000|20.13|20.13|19.80|20.28|19.86|8|-0.42|-0.0207|16|270|1|3|-0.8396|0.0146|-0.0124|-0.6762|0.0346||21.95|61|17.20|23
GME211223C00177500|1.80|2.04|1.69|2.14|1.78|9|-0.36|-0.1682|60|175|1|20|0.1926|0.0130|0.0023|-0.9635|0.0388||1.92|5|1.65|50
GME211223P00177500||||23.67|23.67|9|0.00|0.0000|0|3|0|0|-0.7862|0.0128|-0.0121|-1.1066|0.0413||24.45|30|19.35|13
GME211223C00180000|1.80|2.00|1.23|1.77|1.60|10|-0.17|-0.0960|483|1499|1|345|0.1506|0.0117|0.0018|-0.7758|0.0332||1.65|4|1.55|3
GME211223P00180000|24.28|24.28|24.28|24.78|24.28|10|-0.50|-0.0202|-13|85|1|1|-0.8941|0.0109|-0.0135|-0.5109|0.0260||26.65|50|21.40|19
GME211223C00182500|1.53|1.59|1.22|1.75|1.22|11|-0.53|-0.3029|36|114|1|6|0.1358|0.0105|0.0016|-0.7519|0.0309||1.52|1|1.21|97
GME211223P00182500||||31.10|31.10|11|0.00|0.0000|-1|6|0|0|-0.7298|0.0099|-0.0119|-1.8473|0.0469||29.00|27|23.85|27
GME211223C00185000|1.34|1.56|1.11|1.54|1.23|12|-0.31|-0.2013|134|473|7|57|0.1428|0.0099|0.0017|-0.8614|0.0320||1.33|1|1.21|26
GME211223P00185000|29.10|29.19|29.10|32.50|29.19|12|-3.31|-0.1018|0|73|6|7|-0.8631|0.0098|-0.0136|-0.8185|0.0311||31.45|48|26.25|27
GME211223C00187500|1.42|1.42|1.14|1.59|1.20|13|-0.39|-0.2453|36|81|1|10|0.1231|0.0089|0.0015|-0.7804|0.0289||1.33|63|1.06|69
GME211223P00187500||||42.27|42.27|13|0.00|0.0000|0|5|0|0|-0.6382|0.0070|-0.0117|-3.3656|0.0532||33.95|32|28.65|27
GME211223C00190000|1.40|1.40|0.94|1.31|1.19|14|-0.12|-0.0916|344|725|2|114|0.1074|0.0080|0.0013|-0.7101|0.0262||1.19|1|1.14|1
GME211223P00190000|34.31|34.31|34.31|34.86|34.31|14|-0.55|-0.0158|-3|101|6|6|-0.8818|0.0082|-0.0142|-0.7926|0.0281||36.40|57|31.00|23
GME211223C00192500|1.18|1.18|0.91|1.29|1.02|15|-0.27|-0.2093|50|93|1|12|0.1095|0.0076|0.0013|-0.7750|0.0266||1.13|35|0.97|36
GME211223P00192500||||37.10|37.10|15|0.00|0.0000|0|14|0|0|-0.8958|0.0074|-0.0146|-0.7317|0.0256||38.45|20|33.65|14
GME211223C00195000|1.00|1.09|0.92|1.13|1.00|16|-0.13|-0.1150|490|627|1|41|0.0973|0.0069|0.0012|-0.7154|0.0244||1.06|12|0.93|34
GME211223P00195000||||39.73|39.73|16|0.00|0.0000|-9|49|0|0|-0.8912|0.0071|-0.0147|-0.8116|0.0265||40.95|19|35.90|17
GME211223C00197500|1.00|1.06|0.95|1.08|0.95|17|-0.13|-0.1204|26|69|1|3|0.0926|0.0064|0.0011|-0.7159|0.0235||1.00|2|0.88|15
GME211223P00197500||||43.95|43.95|17|0.00|0.0000|0|111|0|0|-0.8266|0.0074|-0.0142|-1.4800|0.0363||43.45|48|38.30|25
GME211223C00200000|1.00|1.05|0.76|0.98|0.94|18|-0.04|-0.0408|1315|3960|1|664|0.0842|0.0059|0.0010|-0.6758|0.0219||0.94|4|0.90|27
GME211223P00200000|43.40|44.00|43.29|44.05|43.62|18|-0.43|-0.0098|-7|100|1|20|-0.9661|0.0037|-0.0160|-0.2537|0.0107||45.85|45|40.95|28
GME211223C00205000|0.69|0.99|0.69|0.91|0.75|19|-0.16|-0.1758|307|517|1|22|0.0715|0.0050|0.0009|-0.6191|0.0194||0.87|14|0.83|1
GME211223P00205000|48.46|48.93|48.46|50.15|48.93|19|-1.22|-0.0243|0|69|6|17|-0.9141|0.0054|-0.0158|-0.7555|0.0223||50.85|33|45.65|17
GME211223C00210000|0.79|0.84|0.60|0.75|0.72|20|-0.03|-0.0400|337|768|1|182|0.0677|0.0045|0.0008|-0.6326|0.0186||0.80|21|0.60|62
GME211223P00210000|53.05|53.52|53.05|54.83|53.52|20|-1.31|-0.0239|-1|82|1|2|-0.9767|0.0025|-0.0170|-0.2041|0.0078||55.85|34|50.40|16
GME211223C00215000|0.71|0.73|0.62|0.80|0.62|21|-0.18|-0.2250|428|577|1|5|0.0584|0.0039|0.0007|-0.5799|0.0165||0.74|12|0.62|16
GME211223P00215000|57.67|57.67|57.67|61.78|57.67|21|-4.11|-0.0665|0|33|1|1|-0.8675|0.0054|-0.0162|-1.4270|0.0304||61.15|37|55.25|13
GME211223C00220000|0.69|0.75|0.56|0.68|0.62|22|-0.06|-0.0882|1976|2480|1|132|0.0533|0.0035|0.0006|-0.5620|0.0154||0.70|5|0.59|13
GME211223P00220000||||69.72|69.72|22|0.00|0.0000|-1|47|0|0|-0.7759|0.0053|-0.0157|-2.8268|0.0425||66.30|24|60.45|35
GME211223C00225000|0.56|0.59|0.50|0.68|0.57|23|-0.11|-0.1618|484|1113|2|19|0.0527|0.0033|0.0006|-0.5900|0.0153||0.63|4|0.52|19
GME211223P00225000||||75.30|75.30|23|0.00|0.0000|0|7|0|0|-0.7703|0.0050|-0.0161|-3.0735|0.0431||71.25|12|65.40|17
GME211223C00230000|0.57|0.65|0.51|0.61|0.54|24|-0.07|-0.1148|906|1247|1|29|0.0462|0.0029|0.0005|-0.5423|0.0137||0.56|1|0.52|4
GME211223P00230000||||73.75|73.75|24|0.00|0.0000|0|4|0|0|-0.9642|0.0025|-0.0185|-0.4143|0.0112||76.20|12|70.25|16
GME211223C00235000|0.61|0.61|0.50|0.56|0.50|25|-0.06|-0.1071|13|114|1|15|0.0456|0.0027|0.0005|-0.5640|0.0136||0.57|1|0.41|56
GME211223P00235000||||77.70|77.70|25|0.00|0.0000|1|17|0|0|-0.7643|0.0045|-0.0169|-3.4815|0.0437||81.15|12|75.25|19
GME211223C00240000|0.30|0.50|0.30|0.52|0.46|26|-0.06|-0.1154|275|531|1|20|0.0407|0.0024|0.0005|-0.5245|0.0124||0.55|26|0.44|25
GME211223P00240000|83.30|83.30|83.30|87.35|83.30|26|-4.05|-0.0464|-1|14|1|1|-0.9568|0.0025|-0.0192|-0.5578|0.0130||86.05|12|80.35|16
GME211223C00245000|0.30|0.45|0.30|0.48|0.45|27|-0.03|-0.0625|5|43|1|4|0.0371|0.0022|0.0004|-0.4978|0.0115||0.45|1|0.35|72
GME211223P00245000||||93.05|93.05|27|0.00|0.0000|0|34|0|0|-0.8319|0.0041|-0.0184|-2.5404|0.0357||91.00|12|85.30|16
GME211223C00250000|0.41|0.52|0.30|0.47|0.40|28|-0.07|-0.1489|321|1628|5|73|0.0331|0.0020|0.0004|-0.4604|0.0105||0.45|2|0.38|9
GME211223P00250000||||98.00|98.00|28|0.00|0.0000|0|27|0|0|-0.8360|0.0040|-0.0188|-2.5640|0.0351||95.95|12|90.35|15
GME211223C00255000|0.30|0.30|0.30|0.44|0.30|29|-0.14|-0.3182|15|43|1|2|0.0303|0.0018|0.0004|-0.4373|0.0097||0.45|18|0.33|15
GME211223P00255000||||||29||||0|0|0|-1.0000|0.0000|-0.0210|0.0009|0.0000||100.90|12|95.30|18
GME211223C00260000|0.40|0.40|0.30|0.42|0.36|30|-0.06|-0.1429|8|617|1|20|0.0303|0.0017|0.0004|-0.4531|0.0097||0.40|1|0.27|48
GME211223P00260000|103.14|103.14|103.13|118.00|103.13|30|-14.87|-0.1260|0|10|1|3|-0.7414|0.0038|-0.0189|-4.6402|0.0459||105.85|16|100.35|12
GME211223C00265000||||0.40|0.40|31|0.00|0.0000|10|50|0|0|0.0303|0.0017|0.0004|-0.4698|0.0097||0.63|88|0.26|165
GME211223P00265000||||118.95|118.95|31||0.0000|0|1|0|0|-0.9742|0.0015|-0.0215|-0.3961|0.0085||110.75|12|105.35|12
GME211223C00270000|0.34|0.39|0.27|0.39|0.36|32|-0.03|-0.0769|11|161|7|19|0.0278|0.0015|0.0003|-0.4432|0.0091||0.38|29|0.23|23
GME211223P00270000|113.11|113.11|113.11|116.65|113.11|32|-3.54|-0.0303|0|4|1|1|-0.9745|0.0014|-0.0219|-0.4042|0.0084||115.70|19|110.35|12
GME211223C00275000|0.25|0.27|0.25|0.39|0.27|33|-0.12|-0.3077|37|109|1|2|0.0243|0.0014|0.0003|-0.3992|0.0081||0.38|51|0.18|56
GME211223P00275000||||141.50|141.50|33|0.00|0.0000|0|8|0|0|-0.6157|0.0030|-0.0195|-8.0483|0.0542||120.70|12|115.35|12
GME211223C00280000|0.28|0.28|0.28|0.32|0.28|34|-0.04|-0.1250|11|300|1|1|0.0231|0.0013|0.0003|-0.3890|0.0078||0.39|77|0.20|50
GME211223P00280000|123.07|123.07|123.07|137.89|123.07|34|-14.82|-0.1075|0|3|1|2|-0.9775|0.0013|-0.0228|-0.3777|0.0076||125.15|17|120.35|12
GME211223C00285000||||0.28|0.28|35|0.00|0.0000|9|15|0|0|0.0212|0.0012|0.0002|-0.3675|0.0072||0.40|92|0.19|59
GME211223P00285000||||||35||||0|0|0|-1.0000|0.0000|-0.0234|0.0010|0.0000||130.10|18|125.30|12
GME211223C00290000|0.28|0.28|0.15|0.29|0.20|36|-0.09|-0.3103|57|755|3|6|0.0162|0.0010|0.0002|-0.2866|0.0058||0.30|16|0.22|10
GME211223P00290000||||86.15|86.15|36|0.00|0.0000|0|1|0|0|-1.0000|0.0000|-0.0238|0.0010|0.0000||135.05|16|129.90|12
GME211223C00300000|0.25|0.29|0.18|0.25|0.21|37|-0.04|-0.1600|238|1353|4|61|0.0168|0.0009|0.0002|-0.3118|0.0059||0.26|6|0.21|1
GME211223P00300000||||146.14|146.14|37|0.00|0.0000|1|1|0|0|-0.8978|0.0026|-0.0236|-2.0339|0.0253||145.00|14|140.00|17
GME211223C00310000|0.21|0.26|0.20|0.24|0.20|38|-0.04|-0.1667|34|108|2|24|0.0140|0.0008|0.0002|-0.2705|0.0051||0.26|1|0.07|29
GME211223P00310000||||||38||||0|0|0|-1.0000|0.0000|-0.0255|0.0011|0.0000||154.95|12|149.00|12
GME211223C00320000|0.15|0.20|0.15|0.22|0.17|39|-0.05|-0.2273|28|1057|10|19|0.0128|0.0007|0.0001|-0.2593|0.0047||0.22|15|0.09|17
GME211223P00320000||||||39||||0|0|0|-1.0000|0.0000|-0.0263|0.0011|0.0000||164.90|12|158.95|16
GME211223C00330000|0.22|0.22|0.22|0.20|0.22|40|0.02|0.1000|32|169|20|20|0.0150|0.0008|0.0002|-0.3152|0.0054||0.20|15|0.05|27
GME211223P00330000||||||40||||0|0|0|-1.0000|0.0000|-0.0271|0.0012|0.0000||174.85|14|169.05|16
GME211223C00340000|0.15|0.15|0.15|0.20|0.15|41|-0.05|-0.2500|184|263|2|2|-1.0000|0.0000|-0.0321|0.0014|0.0000||0.25|10|0.11|1
GME211223P00340000||||||41||||0|0|0|-1.0000|0.0000|-0.0279|0.0012|0.0000||184.85|13|178.95|14
GME211223C00350000|0.14|0.18|0.14|0.20|0.14|42|-0.06|-0.3000|705|1501|1|4|0.0101|0.0005|0.0001|-0.2270|0.0038||0.17|7|0.12|2
GME211223P00350000||||||42||||0|0|0|0.0456|0.0027|0.0005|-0.5640|0.0136||194.80|14|188.85|15
GME211223C00360000|0.12|0.12|0.12|0.13|0.12|43|-0.01|-0.0769|59|160|1|3|0.0116|0.0006|0.0001|-0.2704|0.0043||0.15|7|0.12|9
GME211223P00360000||||||43||||0|0|0|-1.0000|0.0000|-0.0296|0.0013|0.0000||204.75|12|197.80|27
GME211223C00370000||||0.16|0.16|44||0.0000|101|296|0|0|0.0094|0.0005|0.0001|-0.2247|0.0036||0.16|8|0.03|13
GME211223P00370000||||||44||||0|0|0|-1.0000|0.0000|-0.0304|0.0013|0.0000||214.75|14|208.95|14
GME211223C00380000||||0.13|0.13|45|0.00|0.0000|14|59|0|0|0.0089|0.0004|0.0001|-0.2181|0.0034||0.16|7|0.01|1
GME211223P00380000||||||45||||0|0|0|-1.0000|0.0000|-0.0312|0.0013|0.0000||224.75|12|218.95|15
GME211223C00390000|0.14|0.14|0.14|0.16|0.14|46|-0.02|-0.1250|0|14|93|93|0.0094|0.0004|0.0001|-0.2385|0.0036||0.12|7|0.07|1
GME211223P00390000||||||46||||0|0|0|-1.0000|0.0000|-0.0321|0.0014|0.0000||234.90|12|228.95|13
GME211223C00400000|0.16|0.16|0.16|0.14|0.16|47|0.02|0.1429|64|520|1|1|0.0100|0.0005|0.0001|-0.2601|0.0038||0.28|35|0.05|25
GME211223P00400000||||||47||||0|0|0|-1.0000|0.0000|-0.0329|0.0014|0.0000||244.70|12|238.95|15
GME211223C00410000|0.10|0.10|0.10|0.10|0.10|48|0.00|0.0000|5|25|1|11|-0.9932|0.0000|-0.0369|0.0016|0.0027||0.14|10|0.01|14
GME211223P00410000||||||48||||0|0|0|-1.0000|0.0000|-0.0337|0.0014|0.0000||254.70|12|248.95|15
GME211223C00420000|0.09|0.09|0.09|0.13|0.09|49|-0.04|-0.3077|16|71|1|1|0.0061|0.0003|0.0001|-0.1645|0.0024||0.33|22|0.01|16
GME211223P00420000||||||49||0.0000|0|0|0|0|-1.0000|0.0000|-0.0345|0.0015|0.0000||264.70|14|258.95|14
GME211223C00430000||||0.10|0.10|50|0.00|0.0000|21|66|0|0|0.0065|0.0003|0.0001|-0.1799|0.0026||0.21|19|0.00|0
GME211223P00430000||||||50||||0|0|0|-1.0000|0.0000|-0.0255|0.0011|0.0000||274.70|12|268.95|14
GME211223C00440000|0.09|0.09|0.09|0.10|0.09|51|-0.01|-0.1000|18|78|1|1|0.0058|0.0003|0.0001|-0.1651|0.0024||0.16|13|0.03|5
GME211223P00440000||||||51||||0|0|0|-1.0000|0.0000|-0.0362|0.0015|0.0000||284.70|14|278.95|14
GME211223C00450000||||0.08|0.08|52|0.00|0.0000|11|72|0|0|0.0052|0.0003|0.0001|-0.1510|0.0021||0.15|10|0.05|1
GME211223P00450000||||||52||0.0000|0|0|0|0|-1.0000|0.0000|-0.0370|0.0016|0.0000||294.85|12|288.95|13
GME211223C00460000||||0.07|0.07|53|0.00|0.0000|7|37|0|0|0.0046|0.0002|0.0001|-0.1359|0.0019||0.12|4|0.00|0
GME211223P00460000||||||53||||0|0|0|-1.0000|0.0000|-0.0378|0.0016|0.0000||304.85|12|298.95|13
GME211223C00470000||||0.04|0.04|54|0.00|0.0000|9|72|0|0|0.0041|0.0002|0.0000|-0.1213|0.0017||0.17|13|0.00|0
GME211223P00470000||||||54||||0|0|0|-1.0000|0.0000|-0.0386|0.0016|0.0000||314.85|12|308.95|13
GME211223C00480000||||0.05|0.05|55|0.00|0.0000|102|195|0|0|0.0034|0.0002|0.0000|-0.1036|0.0015||0.27|17|0.01|12
GME211223P00480000||||||55||||0|0|0|-1.0000|0.0000|-0.0395|0.0017|0.0000||324.65|12|317.70|27
GME211223C00490000|0.09|0.09|0.07|0.09|0.07|56|-0.02|-0.2222|124|217|1|2|0.0050|0.0002|0.0001|-0.1536|0.0020||0.05|5|0.04|2
GME211223P00490000||||||56||0.0000|0|0|0|0|-1.0000|0.0000|-0.0403|0.0017|0.0000||334.65|12|328.95|14
GME211223C00500000|0.07|0.07|0.01|0.07|0.01|57|-0.06|-0.8571|300|919|2|14|0.0047|0.0002|0.0001|-0.1473|0.0019||0.05|5|0.01|5
GME211223P00500000||||323.46|323.46|57|0.00|0.0000|0|1|0|0|-1.0000|0.0000|-0.0411|0.0015|0.0000||344.65|14|338.95|14
GME211223C00510000|0.05|0.08|0.04|0.07|0.05|58|-0.02|-0.2857|963|3488|1|337|0.0033|0.0002|0.0000|-0.1038|0.0014||0.05|36|0.04|72
GME211223P00510000||||336.90|336.90|58|0.00|0.0000|0|0|0|0|-0.9994|0.0000|-0.0419|-0.0165|0.0003||354.65|12|348.95|14
GME211231C00070000||||||30||0.0000|0|0|0|0|0.9846|0.0006|0.0202|-0.1133|0.0105||90.95|15|83.60|38
GME211231P00070000|0.14|0.14|0.10|0.17|0.10|30|-0.07|-0.4118|153|200|1|6|-0.0047|0.0003|-0.0002|-0.0320|0.0037||0.16|27|0.00|0
GME211231C00075000||||||29||0.0000|0|0|0|0|0.9745|0.0009|0.0212|-0.1786|0.0161||87.60|12|77.95|27
GME211231P00075000||||0.31|0.31|29||0.0000|2|25|0|0|-0.0113|0.0005|-0.0006|-0.0733|0.0080||0.27|31|0.07|18
GME211231C00080000||||65.68|65.68|28|0.00|0.0000|0|1|0|0|1.0000|0.0000|0.0241|-0.0003|0.0000||81.10|15|74.60|43
GME211231P00080000|0.20|0.20|0.20|0.35|0.20|28|-0.15|-0.4286|-11|96|1|1|-0.0096|0.0005|-0.0005|-0.0559|0.0070||0.27|34|0.15|24
GME211231C00085000||||||27||||0|0|0|1.0000|0.0000|0.0256|-0.0003|0.0000||75.80|12|68.10|62
GME211231P00085000||||0.61|0.61|27|0.00|0.0000|32|49|0|0|-0.0244|0.0011|-0.0013|-0.1378|0.0155||0.85|65|0.12|44
GME211231C00090000||||||26||||0|0|0|1.0000|0.0000|0.0271|-0.0003|0.0000||70.90|12|64.20|49
GME211231P00090000||||0.47|0.47|26|0.00|0.0000|6|52|0|0|-0.0217|0.0011|-0.0012|-0.1092|0.0141||0.35|2|0.19|20
GME211231C00095000||||||25||||0|0|0|1.0000|0.0000|0.0286|-0.0003|0.0000||66.40|18|58.25|60
GME211231P00095000|0.45|0.45|0.45|0.60|0.45|25|-0.15|-0.2500|6|49|1|1|-0.0228|0.0013|-0.0012|-0.1029|0.0147||0.55|3|0.25|91
GME211231C00100000||||57.60|57.60|24|0.00|0.0000|0|30|0|0|0.9573|0.0020|0.0279|-0.1833|0.0247||60.90|16|53.40|62
GME211231P00100000|0.65|0.65|0.50|0.78|0.61|24|-0.17|-0.2179|-33|1155|10|20|-0.0307|0.0017|-0.0016|-0.1269|0.0189||0.71|74|0.50|1
GME211231C00105000||||||23||||0|0|0|1.0000|0.0000|0.0316|-0.0004|0.0000||56.25|12|47.75|62
GME211231P00105000|0.75|0.75|0.75|0.88|0.75|23|-0.13|-0.1477|11|63|10|40|-0.0393|0.0022|-0.0021|-0.1472|0.0231||0.97|93|0.53|67
GME211231C00110000||||43.00|43.00|22|0.00|0.0000|0|2|0|0|0.9667|0.0023|0.0314|-0.1076|0.0202||54.05|34|44.05|66
GME211231P00110000|1.05|1.05|1.05|1.07|1.05|22|-0.02|-0.0187|20|364|1|1|-0.0549|0.0030|-0.0029|-0.1880|0.0302||0.97|1|0.71|23
GME211231C00115000||||35.25|35.25|21||0.0000|0|1|0|0|0.9134|0.0041|0.0301|-0.2794|0.0429||47.25|18|40.85|59
GME211231P00115000|1.48|1.48|1.02|1.44|1.02|21|-0.42|-0.2917|26|44|3|73|-0.0617|0.0036|-0.0032|-0.1860|0.0331||1.15|20|0.96|9
GME211231C00120000||||37.30|37.30|20|0.00|0.0000|-1|9|0|0|0.9570|0.0036|0.0340|-0.1057|0.0248||42.05|24|35.65|25
GME211231P00120000|1.58|1.70|1.23|1.80|1.42|20|-0.38|-0.2111|88|392|17|65|-0.0859|0.0048|-0.0045|-0.2345|0.0426||1.52|49|1.22|66
GME211231C00130000||||24.10|24.10|19|0.00|0.0000|0|90|0|0|0.8990|0.0073|0.0340|-0.1946|0.0480||32.65|30|27.25|44
GME211231P00130000|3.21|3.21|2.44|3.00|2.44|19|-0.56|-0.1867|36|448|1|27|-0.1388|0.0076|-0.0072|-0.2933|0.0601||2.55|24|2.20|1
GME211231C00135000||||||18||||0|0|0|1.0000|0.0000|0.0407|-0.0005|0.0000||28.85|17|22.90|27
GME211231P00135000|4.18|4.18|3.00|4.75|3.57|18|-1.18|-0.2484|27|54|2|14|-0.1894|0.0092|-0.0099|-0.3607|0.0735||3.80|85|2.84|49
GME211231C00136000||||||17||||0|0|0|1.0000|0.0000|0.0410|-0.0005|0.0000||27.60|30|22.00|29
GME211231P00136000||||5.38|5.38|17||0.0000|1|1|0|0|-0.2171|0.0091|-0.0116|-0.4308|0.0798||4.70|130|3.00|65
GME211231C00137000||||||16||||0|0|0|1.0000|0.0000|0.0413|-0.0005|0.0000||26.80|30|21.30|35
GME211231P00137000|4.10|4.10|4.10|4.10|4.10|16|0.00|0.0000|0|0|1|1|-0.2115|0.0099|-0.0111|-0.3859|0.0786||5.20|142|3.20|64
GME211231C00138000||||||15||0.0000|0|0|0|0|0.7661|0.0098|0.0291|-0.4369|0.0832||26.20|23|20.90|52
GME211231P00138000||||5.94|5.94|15|0.00|0.0000|1|1|0|0|-0.2482|0.0092|-0.0134|-0.4949|0.0860||4.45|92|3.30|97
GME211231C00139000||||22.75|22.75|14||0.0000|4|4|0|0|0.7528|0.0099|0.0287|-0.4568|0.0858||25.05|28|19.70|59
GME211231P00139000||||6.20|6.20|14|0.00|0.0000|2|9|0|0|-0.2578|0.0094|-0.0140|-0.5017|0.0877||4.95|107|3.55|62
GME211231C00140000|22.24|22.24|22.24|23.00|22.24|13|-0.76|-0.0330|-2|87|1|1|0.7422|0.0102|0.0284|-0.4646|0.0877||23.85|12|19.60|47
GME211231P00140000|4.85|4.85|4.15|5.25|4.27|13|-0.98|-0.1867|8|226|17|40|-0.2394|0.0111|-0.0126|-0.3961|0.0843||4.45|23|3.75|53
GME211231C00141000||||||12||||0|0|0|1.0000|0.0000|0.0425|-0.0005|0.0000||23.35|32|18.75|45
GME211231P00141000||||7.05|7.05|12||0.0000|1|4|0|0|-0.2668|0.0106|-0.0143|-0.4639|0.0893||6.00|123|4.05|64
GME211231C00142000||||||11||0.0000|0|0|0|0|0.7176|0.0106|0.0276|-0.4917|0.0918||22.60|32|18.20|46
GME211231P00142000||||7.00|7.00|11|0.00|0.0000|1|12|0|0|-0.2878|0.0102|-0.0156|-0.5183|0.0926||5.70|81|4.30|58
GME211231C00143000||||18.95|18.95|10|0.00|0.0000|0|1|0|0|0.7188|0.0117|0.0282|-0.4424|0.0916||21.80|33|17.20|46
GME211231P00143000||||6.10|6.10|10||0.0000|1|10|0|0|-0.2893|0.0111|-0.0155|-0.4776|0.0929||6.00|82|4.50|57
GME211231C00144000||||19.67|19.67|9|0.00|0.0000|4|6|0|0|0.6912|0.0107|0.0266|-0.5267|0.0956||21.10|37|17.05|48
GME211231P00144000||||8.14|8.14|9|0.00|0.0000|0|5|0|0|-0.3136|0.0103|-0.0172|-0.5565|0.0963||6.15|78|4.75|55
GME211231C00145000||||19.18|19.18|8|0.00|0.0000|0|104|0|0|0.6785|0.0108|0.0262|-0.5419|0.0973||20.40|35|16.45|47
GME211231P00145000|6.00|6.00|5.60|6.54|5.60|8|-0.94|-0.1437|26|43|1|2|-0.3010|0.0127|-0.0159|-0.4328|0.0946||5.85|39|5.10|35
GME211231C00146000||||20.00|20.00|7||0.0000|0|7|0|0|0.6712|0.0115|0.0262|-0.5191|0.0982||19.85|41|15.80|44
GME211231P00146000||||7.36|7.36|7|0.00|0.0000|2|9|0|0|-0.3247|0.0119|-0.0175|-0.4932|0.0977||7.10|72|5.35|51
GME211231C00147000||||15.75|15.75|6|0.00|0.0000|0|3|0|0|0.6723|0.0134|0.0269|-0.4444|0.0981||19.65|45|15.15|39
GME211231P00147000||||7.75|7.75|6|0.00|0.0000|1|6|0|0|-0.3374|0.0121|-0.0182|-0.4997|0.0992||7.55|112|5.70|65
GME211231C00148000||||15.95|15.95|5||0.0000|-1|0|0|0|0.6468|0.0118|0.0254|-0.5307|0.1009||18.80|43|14.55|46
GME211231P00148000||||10.38|10.38|5|0.00|0.0000|2|6|0|0|-0.3610|0.0104|-0.0201|-0.6139|0.1017||7.65|83|6.05|63
GME211231C00149000||||15.65|15.65|4|0.00|0.0000|0|7|0|0|0.6366|0.0125|0.0253|-0.5133|0.1019||18.45|47|14.05|42
GME211231P00149000||||10.82|10.82|4|0.00|0.0000|7|33|0|0|-0.3720|0.0105|-0.0207|-0.6195|0.1027||7.95|102|6.40|60
GME211231C00150000|16.00|16.00|15.00|15.05|15.05|3|0.00|0.0000|28|476|2|15|0.6202|0.0117|0.0244|-0.5628|0.1034||16.75|12|13.85|81
GME211231P00150000|8.50|8.50|7.25|8.80|7.25|3|-1.55|-0.1761|218|531|2|20|-0.3724|0.0136|-0.0199|-0.4774|0.1028||7.50|18|6.70|39
GME211231C00152500||||13.85|13.85|2|0.00|0.0000|12|21|0|0|0.5903|0.0128|0.0236|-0.5374|0.1056||15.40|40|11.90|48
GME211231P00152500||||11.00|11.00|2|0.00|0.0000|11|27|0|0|-0.4103|0.0121|-0.0226|-0.5689|0.1056||9.55|81|7.70|41
GME211231C00155000|13.60|13.60|13.60|12.90|13.60|1|0.70|0.0543|21|280|1|1|0.5593|0.0120|0.0222|-0.5919|0.1071||14.00|39|11.10|56
GME211231P00155000|10.75|10.80|10.00|10.95|10.00|1|-0.95|-0.0868|25|153|1|7|-0.4447|0.0149|-0.0239|-0.4753|0.1073||10.75|100|8.75|38
GME211231C00157500|11.50|11.60|11.50|12.40|11.60|1|-0.80|-0.0645|1|38|1|6|0.5257|0.0129|0.0212|-0.5596|0.1081||12.60|18|10.00|49
GME211231P00157500|11.00|11.57|11.00|12.00|11.57|1|-0.43|-0.0358|0|10|1|13|-0.4809|0.0147|-0.0261|-0.4915|0.1082||12.00|84|9.95|44
GME211231C00160000|11.00|11.10|9.75|10.75|11.02|2|0.27|0.0251|89|436|1|26|0.4904|0.0135|0.0200|-0.5377|0.1083||11.45|25|10.50|46
GME211231P00160000|13.60|13.60|13.60|13.50|13.60|2|0.10|0.0074|-8|112|1|1|-0.5122|0.0139|-0.0282|-0.5208|0.1083||13.30|62|11.30|30
GME211231C00162500|9.00|10.20|9.00|10.50|10.20|3|-0.30|-0.0286|4|16|1|7|0.4692|0.0122|0.0190|-0.5915|0.1080||10.45|22|9.05|28
GME211231P00162500||||||3||||0|0|0|-1.0000|0.0000|-0.0490|0.0006|0.0000||14.70|47|12.85|18
GME211231C00165000|8.70|8.88|7.78|9.89|8.88|4|-1.01|-0.1021|41|353|1|20|0.4239|0.0134|0.0175|-0.5203|0.1064||9.55|47|8.60|51
GME211231P00165000|15.80|16.39|15.24|21.57|16.39|4|-5.18|-0.2401|0|135|1|95|-0.5701|0.0129|-0.0321|-0.5431|0.1067||16.30|65|14.45|21
GME211231C00167500|7.75|7.75|7.75|7.94|7.75|5|-0.19|-0.0239|54|59|1|1|0.4040|0.0124|0.0166|-0.5494|0.1052||8.65|22|6.85|70
GME211231P00167500|17.95|17.95|17.15|18.75|17.80|5|-0.95|-0.0507|139|139|1|142|-0.5914|0.0121|-0.0337|-0.5652|0.1055||17.75|51|16.10|21
GME211231C00170000|7.84|8.25|6.70|7.52|7.51|6|-0.01|-0.0013|63|313|2|12|0.3815|0.0118|0.0157|-0.5577|0.1035||7.90|59|6.85|96
GME211231P00170000|19.67|19.67|19.67|21.88|19.67|6|-2.21|-0.1010|0|171|5|5|-0.6458|0.0133|-0.0364|-0.4739|0.1010||21.80|55|17.90|16
GME211231C00172500|6.90|6.90|6.30|5.92|6.30|7|0.38|0.0642|10|20|1|3|0.3517|0.0117|0.0145|-0.5351|0.1008||7.25|54|6.10|77
GME211231P00172500||||||7||||0|0|0|-1.0000|0.0000|-0.0520|0.0006|0.0000||24.10|55|19.70|21
GME211231C00175000|6.70|6.70|6.00|6.60|6.08|8|-0.52|-0.0788|29|602|1|5|0.3322|0.0111|0.0137|-0.5381|0.0986||6.70|2|5.80|101
GME211231P00175000||||24.94|24.94|8||0.0000|3|64|0|0|-0.6704|0.0112|-0.0391|-0.5299|0.0983||25.90|51|21.60|20
GME211231C00180000|5.78|5.78|4.75|5.84|5.45|9|-0.39|-0.0668|162|441|1|42|0.2827|0.0105|0.0118|-0.4975|0.0918||5.65|34|5.20|27
GME211231P00180000|27.95|27.95|27.88|29.98|27.88|9|-2.10|-0.0700|6|98|1|2|-0.7341|0.0108|-0.0431|-0.4526|0.0891||30.15|59|25.50|34
GME211231C00185000|4.65|4.75|4.36|5.00|4.36|10|-0.64|-0.1280|17|149|6|13|0.2611|0.0093|0.0108|-0.5160|0.0883||5.00|54|4.05|80
GME211231P00185000|31.64|31.96|31.64|33.85|31.96|10|-1.89|-0.0558|-1|69|6|7|-0.7852|0.0098|-0.0466|-0.3930|0.0793||34.35|55|29.60|36
GME211231C00190000|4.70|4.70|3.87|4.49|3.87|11|-0.62|-0.1381|76|230|6|15|0.2351|0.0085|0.0097|-0.5071|0.0835||4.30|1|3.55|99
GME211231P00190000|36.78|36.78|36.68|39.87|36.68|11|-3.19|-0.0800|2|86|6|7|-0.7731|0.0085|-0.0478|-0.4828|0.0818||38.70|41|34.10|13
GME211231C00195000|3.90|3.90|3.40|4.20|3.54|12|-0.66|-0.1571|28|135|3|8|0.2053|0.0078|0.0085|-0.4739|0.0772||3.90|42|3.15|81
GME211231P00195000||||42.48|42.48|12|0.00|0.0000|-8|73|0|0|-0.7835|0.0077|-0.0498|-0.5070|0.0797||43.45|44|38.65|30
GME211231C00200000|3.30|3.39|2.92|3.65|3.36|13|-0.29|-0.0795|130|1226|1|37|0.1806|0.0071|0.0075|-0.4451|0.0714||3.50|22|3.10|12
GME211231P00200000||||46.76|46.76|13|0.00|0.0000|2|353|0|0|-0.8112|0.0071|-0.0524|-0.4692|0.0734||48.75|48|43.20|15
GME211231C00205000|3.05|3.05|3.05|3.25|3.05|14|-0.20|-0.0615|0|132|1|2|0.1731|0.0065|0.0072|-0.4607|0.0695||3.20|29|2.59|40
GME211231P00205000||||53.30|53.30|14|0.00|0.0000|0|17|0|0|-0.7802|0.0064|-0.0529|-0.6180|0.0804||53.60|41|47.80|21
GME211231C00210000|3.00|3.00|2.81|3.00|2.96|15|-0.04|-0.0133|1|117|1|3|0.1550|0.0059|0.0064|-0.4361|0.0647||2.93|119|2.40|64
GME211231P00210000|54.77|54.77|54.77|56.73|54.77|15|-1.96|-0.0345|1|34|2|2|-0.8427|0.0059|-0.0568|-0.4431|0.0653||59.70|40|49.70|47
GME211231C00215000|2.45|2.45|2.45|2.95|2.45|16|-0.50|-0.1695|25|115|1|2|0.1415|0.0054|0.0059|-0.4204|0.0609||2.73|52|2.21|67
GME211231P00215000||||75.80|75.80|16|0.00|0.0000|0|10|0|0|-0.6175|0.0044|-0.0520|-1.4986|0.1036||63.00|32|57.05|37
GME211231C00220000|2.33|2.33|2.30|2.58|2.30|17|-0.28|-0.1085|159|388|5|6|0.1326|0.0050|0.0055|-0.4157|0.0582||2.49|71|2.06|79
GME211231P00220000||||71.18|71.18|17|0.00|0.0000|1|25|0|0|-0.7441|0.0052|-0.0566|-0.9113|0.0874||68.60|31|62.05|31
GME211231C00225000|2.20|2.20|2.20|2.56|2.20|18|-0.36|-0.1406|23|109|7|7|0.1204|0.0046|0.0050|-0.3953|0.0545||2.36|34|1.90|57
GME211231P00225000||||73.87|73.87|18|0.00|0.0000|0|152|0|0|-0.7910|0.0050|-0.0597|-0.7472|0.0780||72.65|44|66.05|36
GME211231C00230000||||2.28|2.28|19|0.00|0.0000|33|187|0|0|0.1228|0.0044|0.0050|-0.4259|0.0552||2.19|40|1.78|69
GME211231P00230000||||70.97|70.97|19|0.00|0.0000|0|13|0|0|-0.9697|0.0022|-0.0680|-0.0945|0.0186||77.55|34|71.25|33
GME211231C00235000||||2.10|2.10|20|0.00|0.0000|4|249|0|0|0.1135|0.0041|0.0047|-0.4096|0.0522||2.68|106|1.52|140
GME211231P00235000||||85.29|85.29|20|0.00|0.0000|0|8|0|0|-0.7733|0.0045|-0.0623|-0.9058|0.0818||83.35|35|76.60|22
GME211231C00240000|1.90|1.90|1.90|1.84|1.90|21|0.06|0.0326|2|152|1|1|0.1038|0.0038|0.0043|-0.3886|0.0490||2.19|65|1.59|58
GME211231P00240000|84.30|84.30|84.30|90.04|84.30|21|-5.74|-0.0637|-2|101|1|1|-0.8999|0.0038|-0.0682|-0.3729|0.0477||87.15|24|81.45|22
GME211231C00245000|1.95|1.97|1.95|1.81|1.97|22|0.16|0.0884|13|77|1|2|0.1034|0.0036|0.0042|-0.4041|0.0488||1.96|59|1.51|28
GME211231P00245000||||75.00|75.00|22|0.00|0.0000|0|6|0|0|-0.9896|0.0009|-0.0734|-0.0357|0.0075||92.45|13|86.50|22
GME211231C00250000|1.76|1.80|1.54|1.75|1.55|23|-0.20|-0.1143|46|891|1|17|0.0866|0.0033|0.0036|-0.3467|0.0428||1.73|3|1.55|1
GME211231P00250000||||104.79|104.79|23||0.0000|0|6|0|0|-0.9073|0.0034|-0.0715|-0.3723|0.0451||97.15|26|91.25|24
GME211231C00260000|1.29|1.29|1.29|1.56|1.29|24|-0.27|-0.1731|4|169|1|1|0.0779|0.0029|0.0032|-0.3332|0.0396||1.69|62|1.28|54
GME211231P00260000||||61.45|61.45|24|0.00|0.0000|0|27|0|0|-0.9997|0.0000|-0.0783|-0.0001|0.0003||107.10|20|101.25|23
GME211231C00270000|1.32|1.37|1.32|1.42|1.37|25|-0.05|-0.0352|0|115|2|3|0.0684|0.0026|0.0028|-0.3097|0.0358||1.38|1|1.19|12
GME211231P00270000||||75.95|75.95|25|0.00|0.0000|0|26|0|0|-0.9991|0.0001|-0.0813|-0.0029|0.0009||117.10|25|110.70|16
GME211231C00280000|1.18|1.24|1.18|1.37|1.24|26|-0.13|-0.0949|27|303|2|3|0.0658|0.0024|0.0027|-0.3150|0.0347||1.35|16|1.06|26
GME211231P00280000||||85.00|85.00|26||0.0000|0|2|0|0|-0.9462|0.0021|-0.0822|-0.2544|0.0297||127.10|23|120.70|15
GME211231C00290000|1.20|1.20|1.00|1.37|1.00|27|-0.37|-0.2701|17|90|1|2|0.0585|0.0021|0.0024|-0.2938|0.0317||1.31|45|0.98|30
GME211231P00290000||||130.72|130.72|27|0.00|0.0000|0|7|0|0|-0.9720|0.0014|-0.0862|-0.1357|0.0174||136.85|21|130.65|25
GME211231C00300000|1.05|1.10|0.92|1.10|0.94|28|-0.16|-0.1455|140|573|1|52|0.0512|0.0019|0.0021|-0.2682|0.0285||1.14|9|0.91|11
GME211231P00300000||||||28||0.0000|0|0|0|0|-0.9527|0.0018|-0.0885|-0.2459|0.0268||146.85|12|139.80|18
GME211231C00310000|0.93|0.93|0.93|0.85|0.93|29|0.08|0.0941|10|63|1|1|0.0488|0.0017|0.0020|-0.2672|0.0275||1.07|13|0.81|13
GME211231P00310000||||||29||||0|0|0|-1.0000|0.0000|-0.0934|0.0011|0.0000||156.85|4|147.80|36
GME211231C00320000||||0.95|0.95|30|0.00|0.0000|12|34|0|0|0.0482|0.0017|0.0020|-0.2746|0.0272||1.06|28|0.66|21
GME211231P00320000||||||30||||0|0|0|-1.0000|0.0000|-0.0964|0.0012|0.0000||166.85|12|157.70|35
GME211231C00330000|0.87|0.87|0.87|0.88|0.87|31|-0.01|-0.0114|33|58|20|20|0.0441|0.0015|0.0018|-0.2604|0.0253||0.85|1|0.66|13
GME211231P00330000||||||31||||0|0|0|-1.0000|0.0000|-0.0994|0.0012|0.0000||176.85|12|167.65|36
GME211231C00340000|0.77|0.77|0.77|0.82|0.77|32|-0.05|-0.0610|1|15|1|1|0.0394|0.0014|0.0016|-0.2401|0.0231||1.05|50|0.57|41
GME211231P00340000||||||32||||0|0|0|-1.0000|0.0000|-0.1025|0.0012|0.0000||186.85|12|177.60|35
GME211231C00350000|0.69|0.69|0.63|0.75|0.65|33|-0.10|-0.1333|44|187|1|22|0.0355|0.0012|0.0014|-0.2233|0.0212||0.76|40|0.57|12
GME211231P00350000||||||33||||0|0|0|-1.0000|0.0000|-0.1055|0.0013|0.0000||196.85|12|187.60|36
GME211231C00360000||||0.77|0.77|34|0.00|0.0000|10|41|0|0|0.0376|0.0013|0.0015|-0.2445|0.0223||0.85|35|0.45|46
GME211231P00360000||||||34||||0|0|0|-1.0000|0.0000|-0.1085|0.0013|0.0000||206.85|12|197.55|36
GME211231C00370000|0.60|0.62|0.60|0.66|0.62|35|-0.04|-0.0606|2|9|1|2|0.0331|0.0011|0.0013|-0.2207|0.0200||0.85|34|0.45|29
GME211231P00370000||||||35||||0|0|0|-1.0000|0.0000|-0.1115|0.0013|0.0000||216.85|12|207.55|30
GME211231C00380000|0.65|0.65|0.65|0.72|0.65|36|-0.07|-0.0972|16|38|1|1|0.0319|0.0011|0.0013|-0.2187|0.0195||0.85|76|0.42|42
GME211231P00380000||||||36||||0|0|0|-1.0000|0.0000|-0.1145|0.0014|0.0000||226.85|12|217.35|36
GME211231C00390000||||0.68|0.68|37||0.0000|1|18|0|0|0.0296|0.0010|0.0012|-0.2076|0.0183||0.85|62|0.37|26
GME211231P00390000||||||37||0.0000|0|0|0|0|-0.9841|0.0007|-0.1169|-0.1089|0.0108||239.80|12|227.35|36
GME211231C00400000|0.42|0.49|0.42|0.60|0.47|38|-0.13|-0.2167|18|152|1|6|0.0241|0.0008|0.0010|-0.1730|0.0154||0.60|14|0.37|13
GME211231P00400000||||||38||||0|0|0|-1.0000|0.0000|-0.1205|0.0015|0.0000||246.85|15|237.35|36
GME211231C00410000|0.45|0.45|0.45|0.58|0.45|39|-0.13|-0.2241|2|37|2|2|0.0230|0.0008|0.0009|-0.1684|0.0148||0.60|36|0.27|46
GME211231P00410000||||||39||0.0000|0|0|0|0|-0.9915|0.0004|-0.1232|-0.0603|0.0063||256.85|18|247.30|36
GME211231C00420000|0.55|0.55|0.55|0.54|0.55|40|0.01|0.0185|2|260|1|1|0.0263|0.0009|0.0011|-0.1976|0.0166||0.56|15|0.26|17
GME211231P00420000||||||40||||0|0|0|-1.0000|0.0000|-0.1266|0.0015|0.0000||266.45|12|257.30|35
GME211231C00430000||||0.46|0.46|41||0.0000|1|33|0|0|0.0247|0.0008|0.0010|-0.1897|0.0157||0.56|21|0.20|26
GME211231P00430000||||||41||0.0000|0|0|0|0|-0.9953|0.0002|-0.1294|-0.0341|0.0037||276.45|12|267.25|35
GME211231C00440000||||0.61|0.61|42|0.00|0.0000|0|22|0|0|0.0276|0.0008|0.0011|-0.2163|0.0172||0.56|19|0.16|44
GME211231P00440000||||||42||||0|0|0|-1.0000|0.0000|-0.1326|0.0016|0.0000||286.45|12|277.25|35
GME211231C00450000|0.37|0.37|0.37|0.45|0.37|43|-0.08|-0.1778|7|42|1|1|0.0186|0.0006|0.0008|-0.1477|0.0123||0.55|29|0.16|74
GME211231P00450000||||||43||0.0000|0|0|0|0|-1.0000|0.0000|-0.1356|0.0016|0.0000||299.50|12|287.20|35
GME211231C00460000|0.39|0.39|0.39|0.40|0.39|44|-0.01|-0.0250|2|21|1|2|0.0198|0.0007|0.0008|-0.1604|0.0130||0.54|48|0.16|37
GME211231P00460000||||||44||0.0000|0|0|0|0|-1.0000|0.0000|-0.1386|0.0017|0.0000||309.50|12|297.20|30
GME211231C00470000||||0.40|0.40|45|0.00|0.0000|1|63|0|0|0.0192|0.0006|0.0008|-0.1584|0.0127||0.54|40|0.16|35
GME211231P00470000||||||45||0.0000|0|0|0|0|-1.0000|0.0000|-0.1416|0.0017|0.0000||319.50|12|307.15|35
GME211231C00480000||||0.37|0.37|46|0.00|0.0000|-1|41|0|0|0.0177|0.0006|0.0007|-0.1489|0.0119||0.54|39|0.15|31
GME211231P00480000||||||46||||0|0|0|-1.0000|0.0000|-0.1447|0.0017|0.0000||329.50|12|317.15|35
GME211231C00490000||||0.42|0.42|47|0.00|0.0000|20|139|0|0|0.0194|0.0006|0.0008|-0.1660|0.0128||0.54|39|0.15|18
GME211231P00490000||||||47||||0|0|0|-1.0000|0.0000|-0.1477|0.0018|0.0000||339.50|12|327.15|30
GME211231C00500000|0.34|0.35|0.19|0.37|0.31|48|-0.06|-0.1622|306|1751|3|106|0.0136|0.0005|0.0006|-0.1178|0.0095||0.35|10|0.22|1
GME211231P00500000||||||48||0.0000|0|0|0|0|-1.0000|0.0000|-0.1507|0.0018|0.0000||349.50|12|337.10|30
GME220107C00070000||||69.05|69.05|30|0.00|0.0000|0|1|0|0|0.9974|0.0002|0.0343|-0.0110|0.0028||91.30|11|84.20|28
GME220107P00070000||||0.52|0.52|30||0.0000|2|377|0|0|-0.0175|0.0007|-0.0016|-0.0796|0.0150||1.01|79|0.12|58
GME220107C00075000||||||29||||0|0|0|1.0000|0.0000|0.0370|-0.0003|0.0000||88.65|15|78.70|27
GME220107P00075000||||1.20|1.20|29||0.0000|0|18|0|0|-0.0246|0.0009|-0.0022|-0.1049|0.0200||1.50|75|0.20|34
GME220107C00080000||||||28||||0|0|0|1.0000|0.0000|0.0394|-0.0003|0.0000||83.30|20|73.65|61
GME220107P00080000||||1.06|1.06|28|0.00|0.0000|3|6|0|0|-0.0330|0.0011|-0.0030|-0.1315|0.0256||1.15|116|0.30|82
GME220107C00085000||||||27||||0|0|0|1.0000|0.0000|0.0419|-0.0003|0.0000||78.45|12|68.85|27
GME220107P00085000||||1.48|1.48|27|0.00|0.0000|0|1|0|0|-0.0446|0.0015|-0.0041|-0.1670|0.0327||1.53|92|0.43|71
GME220107C00090000||||||26||||0|0|0|1.0000|0.0000|0.0444|-0.0003|0.0000||72.15|12|64.20|60
GME220107P00090000|0.75|0.75|0.75|1.40|0.75|26|-0.65|-0.4643|1|9|1|1|-0.0462|0.0017|-0.0042|-0.1551|0.0336||1.40|82|0.75|39
GME220107C00095000||||||25||||0|0|0|1.0000|0.0000|0.0468|-0.0004|0.0000||67.25|16|59.20|50
GME220107P00095000||||1.69|1.69|25|0.00|0.0000|11|18|0|0|-0.0570|0.0021|-0.0052|-0.1768|0.0398||1.95|84|0.75|68
GME220107C00100000||||48.73|48.73|24|0.00|0.0000|0|4|0|0|0.9354|0.0024|0.0435|-0.1819|0.0438||62.65|11|55.00|28
GME220107P00100000|1.58|1.58|1.58|1.70|1.58|24|-0.12|-0.0706|3|80|5|5|-0.0664|0.0025|-0.0060|-0.1876|0.0448||1.58|5|1.03|73
GME220107C00105000||||||23||0.0000|0|0|0|0|0.9132|0.0030|0.0439|-0.2297|0.0549||58.05|18|50.00|49
GME220107P00105000||||2.30|2.30|23|0.00|0.0000|3|18|0|0|-0.0813|0.0030|-0.0073|-0.2111|0.0523||2.47|60|1.22|88
GME220107C00110000||||||22||||0|0|0|1.0000|0.0000|0.0542|-0.0004|0.0000||55.55|33|45.55|28
GME220107P00110000||||2.85|2.85|22||0.0000|6|72|0|0|-0.0979|0.0036|-0.0088|-0.2322|0.0600||2.81|61|1.70|89
GME220107C00115000||||||21||0.0000|0|0|0|0|0.8845|0.0043|0.0464|-0.2479|0.0676||48.95|38|38.95|49
GME220107P00115000||||3.47|3.47|21|0.00|0.0000|7|21|0|0|-0.1218|0.0043|-0.0110|-0.2664|0.0702||3.65|104|2.33|7
GME220107C00120000||||39.89|39.89|20|0.00|0.0000|0|101|0|0|0.8693|0.0051|0.0476|-0.2479|0.0738||43.65|33|37.10|49
GME220107P00120000|3.35|3.35|3.32|3.85|3.35|20|-0.50|-0.1299|29|869|1|8|-0.1315|0.0051|-0.0117|-0.2493|0.0741||3.70|53|2.89|23
GME220107C00130000||||33.50|33.50|19|0.00|0.0000|0|15|0|0|0.7790|0.0063|0.0436|-0.3861|0.1031||35.65|37|29.10|44
GME220107P00130000|5.07|5.07|5.07|6.00|5.07|19|-0.93|-0.1550|9|173|5|5|-0.1950|0.0070|-0.0174|-0.3023|0.0958||5.05|29|4.15|65
GME220107C00135000||||20.10|20.10|18|0.00|0.0000|0|3|0|0|0.8519|0.0097|0.0542|-0.1534|0.0803||31.30|31|26.05|27
GME220107P00135000||||8.30|8.30|18|0.00|0.0000|67|98|0|0|-0.2559|0.0071|-0.0237|-0.4022|0.1118||7.05|95|5.25|59
GME220107C00136000||||||17||||0|0|0|1.0000|0.0000|0.0671|-0.0005|0.0000||30.25|20|25.25|42
GME220107P00136000||||||17||||0|0|0|0.0000|0.0000|0.0000|0.0000|0.0000||7.35|77|5.50|60
GME220107C00137000||||||16||0.0000|0|0|0|0|0.7380|0.0079|0.0436|-0.3715|0.1131||29.60|21|24.60|41
GME220107P00137000||||||16||||0|0|0|0.0000|0.0000|0.0000|0.0000|0.0000||8.10|98|5.55|89
GME220107C00138000||||||15||||0|0|0|1.0000|0.0000|0.0681|-0.0005|0.0000||29.00|29|23.40|35
GME220107P00138000||||8.90|8.90|15|0.00|0.0000||5|0|0|-0.2776|0.0077|-0.0257|-0.4051|0.1165||7.95|91|5.80|88
GME220107C00139000||||||14||||0|0|0|1.0000|0.0000|0.0685|-0.0005|0.0000||28.15|18|23.15|37
GME220107P00139000||||9.10|9.10|14||0.0000|15|15|0|0|-0.2786|0.0083|-0.0254|-0.3766|0.1167||7.95|60|6.15|69
GME220107C00140000||||27.09|27.09|13|0.00|0.0000|-2|21|0|0|0.6984|0.0074|0.0405|-0.4552|0.1211||27.20|22|22.40|35
GME220107P00140000||||8.25|8.25|13|0.00|0.0000|11|177|0|0|-0.2853|0.0086|-0.0260|-0.3710|0.1180||8.30|98|6.45|67
GME220107C00141000||||||12||||0|0|0|1.0000|0.0000|0.0695|-0.0005|0.0000||26.50|14|21.45|35
GME220107P00141000||||||12||||0|0|0|0.0000|0.0000|0.0000|0.0000|0.0000||9.35|111|6.75|95
GME220107C00142000||||||11||||0|0|0|1.0000|0.0000|0.0700|-0.0005|0.0000||26.15|33|20.50|37
GME220107P00142000||||||11||||0|0|0|0.0000|0.0000|0.0000|0.0000|0.0000||9.60|72|7.10|81
GME220107C00143000||||||10||0.0000|0|0|0|0|0.6833|0.0088|0.0414|-0.3998|0.1237||25.40|35|20.65|34
GME220107P00143000||||||10||||0|0|0|0.0000|0.0000|0.0000|0.0000|0.0000||10.00|91|7.45|56
GME220107C00144000||||||9||0.0000|0|0|0|0|0.6737|0.0089|0.0409|-0.4047|0.1252||24.80|34|19.90|39
GME220107P00144000||||||9||||0|0|0|0.0000|0.0000|0.0000|0.0000|0.0000||10.35|92|7.80|59
GME220107C00145000||||23.91|23.91|8||0.0000|-1|35|0|0|0.6641|0.0090|0.0405|-0.4086|0.1267||24.15|36|19.40|37
GME220107P00145000||||10.00|10.00|8|0.00|0.0000|10|120|0|0|-0.3333|0.0094|-0.0305|-0.3904|0.1263||10.20|96|8.25|59
GME220107C00146000||||||7||||0|0|0|1.0000|0.0000|0.0720|-0.0005|0.0000||23.30|28|18.65|41
GME220107P00146000||||10.38|10.38|7|0.00|0.0000||10|0|0|-0.3433|0.0095|-0.0315|-0.3936|0.1278||11.10|100|8.55|63
GME220107C00147000||||||6||0.0000|0|0|0|0|0.6460|0.0096|0.0399|-0.4022|0.1292||23.15|40|18.35|33
GME220107P00147000||||||6||0.0000|0|0|0|0|-0.3548|0.0094|-0.0328|-0.4093|0.1293||11.50|60|8.95|68
GME220107C00148000||||||5||||0|0|0|1.0000|0.0000|0.0730|-0.0006|0.0000||21.90|26|17.80|35
GME220107P00148000||||||5||||0|0|0|0.0000|0.0000|0.0000|0.0000|0.0000||11.90|72|9.30|72
GME220107C00149000||||||4||0.0000|0|0|0|0|0.6251|0.0096|0.0387|-0.4182|0.1317||21.75|40|16.80|41
GME220107P00149000||||14.00|14.00|4||0.0000|10|10|0|0|-0.3745|0.0097|-0.0347|-0.4119|0.1317||12.10|75|9.85|56
GME220107C00150000|19.00|19.00|19.00|16.08|19.00|3|2.92|0.1816|3|103|1|2|0.6149|0.0095|0.0380|-0.4276|0.1328||20.60|25|16.55|52
GME220107P00150000|10.15|11.41|10.15|12.20|11.41|3|-0.79|-0.0648|-8|192|5|6|-0.3833|0.0105|-0.0351|-0.3868|0.1326||12.75|104|10.20|86
GME220107C00152500||||16.50|16.50|2|0.00|0.0000||2|0|0|0.5895|0.0105|0.0373|-0.4009|0.1351||19.25|30|15.10|41
GME220107P00152500||||15.87|15.87|2|0.00|0.0000||10|0|0|-0.4081|0.0086|-0.0392|-0.4846|0.1349||14.80|108|10.55|105
GME220107C00155000||||17.00|17.00|1|0.00|0.0000|1|92|0|0|0.5665|0.0095|0.0352|-0.4539|0.1367||17.80|25|14.05|46
GME220107P00155000|13.82|14.40|13.25|15.00|14.40|1|-0.60|-0.0400|-8|1090|1|538|-0.4367|0.0104|-0.0407|-0.4139|0.1368||15.05|73|12.45|14
GME220107C00157500||||14.00|14.00|1|0.00|0.0000||2|0|0|0.5355|0.0108|0.0343|-0.4069|0.1380||16.60|24|13.30|44
GME220107P00157500||||||1||||0|0|0|-1.0000|0.0000|-0.0777|0.0006|0.0000||17.35|39|13.20|47
GME220107C00160000||||14.83|14.83|2|0.00|0.0000|1|103|0|0|0.5195|0.0096|0.0327|-0.4616|0.1384||15.60|24|12.35|55
GME220107P00160000||||21.19|21.19|2|0.00|0.0000|5|71|0|0|-0.4679|0.0083|-0.0465|-0.5306|0.1381||18.75|50|14.75|46
GME220107C00162500||||12.00|12.00|3|0.00|0.0000||2|0|0|0.4836|0.0107|0.0313|-0.4117|0.1385||14.80|43|11.50|48
GME220107P00162500||||||3||||0|0|0|-1.0000|0.0000|-0.0801|0.0006|0.0000||20.55|45|16.45|39
GME220107C00165000|12.95|12.95|11.81|12.70|11.81|4|-0.89|-0.0701|6|382|1|2|0.4670|0.0100|0.0300|-0.4389|0.1381||13.50|24|11.10|102
GME220107P00165000||||24.69|24.69|4|0.00|0.0000|1|34|0|0|-0.5044|0.0081|-0.0511|-0.5465|0.1386||22.25|52|17.90|41
GME220107C00167500|11.50|11.50|11.50|10.43|11.50|5|1.07|0.1026||1|10|10|0.4470|0.0097|0.0287|-0.4463|0.1374||12.60|15|10.10|40
GME220107P00167500||||||5||||0|0|0|-1.0000|0.0000|-0.0826|0.0006|0.0000||23.65|44|19.35|41
GME220107C00170000|10.48|10.48|10.20|10.00|10.20|6|0.20|0.0200|1|60|1|11|0.4269|0.0095|0.0274|-0.4488|0.1363||11.80|14|9.65|50
GME220107P00170000||||25.46|25.46|6|0.00|0.0000|0|38|0|0|-0.5642|0.0091|-0.0561|-0.4735|0.1368||25.65|41|21.60|18
GME220107C00172500|10.75|10.75|10.35|10.75|10.50|7||0.0000||0|1|5|0.4106|0.0092|0.0263|-0.4572|0.1351||11.05|39|9.75|34
GME220107P00172500||||||7||||0|0|0|-1.0000|0.0000|-0.0851|0.0006|0.0000||27.85|51|22.15|46
GME220107C00175000|10.00|10.00|10.00|9.45|10.00|8|0.55|0.0582|-1|125|1|1|0.3933|0.0089|0.0253|-0.4594|0.1336||10.45|54|8.50|76
GME220107P00175000||||31.93|31.93|8|0.00|0.0000|-1|107|0|0|-0.5708|0.0077|-0.0599|-0.5585|0.1364||29.45|50|24.85|34
GME220107C00180000|8.00|8.09|8.00|9.30|8.09|9|-1.21|-0.1301|61|162|1|3|0.3465|0.0089|0.0226|-0.4263|0.1282||9.20|41|7.70|47
GME220107P00180000|31.10|31.10|31.10|32.75|31.10|9|-1.65|-0.0504|0|162|1|1|-0.6631|0.0091|-0.0666|-0.4052|0.1268||33.95|40|28.25|42
GME220107C00185000|7.50|7.50|7.50|8.30|7.50|10|-0.80|-0.0964|5|53|1|1|0.3200|0.0083|0.0208|-0.4301|0.1242||8.30|33|6.90|51
GME220107P00185000||||39.40|39.40|10|0.00|0.0000|0|7|0|0|-0.6311|0.0072|-0.0683|-0.5471|0.1310||37.50|23|32.75|30
GME220107C00190000||||7.51|7.51|11||0.0000|3|120|0|0|0.2894|0.0078|0.0189|-0.4158|0.1188||7.55|37|6.10|61
GME220107P00190000||||42.23|42.23|11|0.00|0.0000|11|37|0|0|-0.6739|0.0072|-0.0730|-0.4984|0.1252||42.05|41|37.20|17
GME220107C00195000||||6.50|6.50|12|0.00|0.0000|1|150|0|0|0.2758|0.0072|0.0179|-0.4304|0.1161||7.25|50|5.60|58
GME220107P00195000||||49.52|49.52|12||0.0000|1|11|0|0|-0.7294|0.0073|-0.0785|-0.4182|0.1150||47.00|40|41.30|20
GME220107C00200000|5.75|6.30|5.75|6.09|5.80|13|-0.29|-0.0476|77|376|1|8|0.2567|0.0068|0.0167|-0.4269|0.1119||6.45|63|5.35|73
GME220107P00200000|48.71|48.90|48.71|50.11|48.90|13|-1.21|-0.0241|4|41|6|17|-0.7524|0.0068|-0.0824|-0.4059|0.1098||50.55|19|45.70|13
GME220107C00205000|5.16|5.16|5.16|5.00|5.16|14|0.16|0.0320|7|103|1|1|0.2290|0.0064|0.0150|-0.3984|0.1052||5.85|32|4.75|55
GME220107P00205000|53.32|53.36|53.32|57.92|53.35|14|-4.57|-0.0789|3|17|6|17|-0.7735|0.0064|-0.0863|-0.3920|0.1046||54.90|22|50.25|14
GME220107C00210000|4.80|4.80|4.80|5.37|4.80|15|-0.57|-0.1061|2|72|1|1|0.2133|0.0060|0.0139|-0.3917|0.1010||5.90|65|4.50|46
GME220107P00210000||||62.52|62.52|15||0.0000|3|31|0|0|-0.7822|0.0060|-0.0894|-0.4013|0.1023||61.40|43|54.95|15
GME220107C00215000||||5.80|5.80|16|0.00|0.0000|-3|19|0|0|0.2282|0.0056|0.0146|-0.4551|0.1050||5.30|43|4.05|42
GME220107P00215000||||75.49|75.49|16|0.00|0.0000|0|4|0|0|-0.6174|0.0044|-0.0851|-0.9158|0.1325||65.45|29|59.10|31
GME220107C00220000|4.25|4.25|4.25|4.28|4.25|17|-0.03|-0.0070|9|125|1|1|0.1878|0.0053|0.0123|-0.3808|0.0936||5.15|70|3.85|64
GME220107P00220000||||70.80|70.80|17||0.0000|0|17|0|0|-0.8072|0.0053|-0.0960|-0.3921|0.0951||69.70|34|64.25|10
GME220107C00225000||||3.77|3.77|18|0.00|0.0000|1|89|0|0|0.1708|0.0050|0.0112|-0.3599|0.0882||4.45|16|3.80|11
GME220107P00225000||||80.23|80.23|18|0.00|0.0000|0|1|0|0|-0.6863|0.0046|-0.0928|-0.7630|0.1232||74.65|34|67.00|30
GME220107C00230000||||3.55|3.55|19||0.0000|0|39|0|0|0.1652|0.0047|0.0108|-0.3644|0.0863||4.40|48|3.35|50
GME220107P00230000||||77.14|77.14|19|0.00|0.0000|0|1|0|0|-0.8221|0.0047|-0.1019|-0.3962|0.0905||80.05|35|73.35|32
GME220107C00235000||||3.45|3.45|20|0.00|0.0000|0|11|0|0|0.1540|0.0044|0.0101|-0.3526|0.0824||4.90|114|3.00|87
GME220107P00235000||||87.29|87.29|20|0.00|0.0000|2|2|0|0|-0.7349|0.0044|-0.1001|-0.6703|0.1138||85.50|26|77.90|27
GME220107C00240000|3.35|3.35|3.35|3.40|3.35|21|-0.05|-0.0147|0|61|1|1|0.1478|0.0042|0.0096|-0.3517|0.0802||4.55|97|3.10|52
GME220107P00240000||||91.94|91.94|21|0.00|0.0000|3|4|0|0|-0.7438|0.0043|-0.1031|-0.6684|0.1118||90.30|26|82.45|27
GME220107C00245000||||3.45|3.45|22|0.00|0.0000|0|7|0|0|0.1471|0.0040|0.0095|-0.3644|0.0799||4.45|66|3.00|34
GME220107P00245000||||||22||||0|0|0|-1.0000|0.0000|-0.1208|0.0009|0.0000||94.70|20|87.50|25
GME220107C00250000|3.60|3.63|3.20|3.50|3.61|23|0.11|0.0314|16|112|1|6|0.1480|0.0039|0.0095|-0.3813|0.0803||3.65|83|2.81|49
GME220107P00250000||||71.60|71.60|23|0.00|0.0000|0|1|0|0|-0.9841|0.0012|-0.1221|-0.0350|0.0138||98.65|20|91.90|26
GME220107C00255000||||3.35|3.35|24|0.00|0.0000|1|9|0|0|0.1389|0.0037|0.0089|-0.3684|0.0769||4.10|114|2.82|49
GME220107P00255000||||105.79|105.79|24||0.0000|0|11|0|0|-0.8779|0.0036|-0.1178|-0.3185|0.0704||103.55|31|98.05|13
GME220107C00260000||||2.90|2.90|25||0.0000|0|51|0|0|0.1224|0.0034|0.0079|-0.3315|0.0705||3.50|84|2.56|45
GME220107P00260000||||111.95|111.95|25||0.0000|0|14|0|0|-0.8840|0.0034|-0.1207|-0.3115|0.0678||109.75|37|102.60|19
GME220107C00265000||||3.01|3.01|26||0.0000|1|11|0|0|0.1136|0.0033|0.0074|-0.3155|0.0668||3.55|66|2.18|57
GME220107P00265000||||79.40|79.40|26|0.00|0.0000|0|2|0|0|-0.9895|0.0008|-0.1299|-0.0253|0.0096||114.20|21|103.60|26
GME220107C00270000||||2.50|2.50|27|0.00|0.0000|0|95|0|0|0.1093|0.0031|0.0071|-0.3123|0.0650||3.25|61|2.20|70
GME220107P00270000||||80.41|80.41|27|0.00|0.0000|0|1|0|0|-0.9927|0.0006|-0.1326|-0.0177|0.0070||118.90|19|111.90|23
GME220107C00275000||||3.05|3.05|28|0.00|0.0000|0|4|0|0|0.1220|0.0031|0.0078|-0.3619|0.0703||3.20|79|2.10|67
GME220107P00275000||||||28||||0|0|0|-1.0000|0.0000|-0.1356|0.0010|0.0000||126.80|33|113.30|24
GME220107C00280000|2.58|2.58|2.40|2.70|2.40|29|-0.30|-0.1111|-1|55|1|2|0.1079|0.0029|0.0069|-0.3259|0.0644||2.83|50|2.02|101
GME220107P00280000||||97.55|97.55|29|0.00|0.0000|0|15|0|0|-0.9854|0.0009|-0.1370|-0.0395|0.0129||129.30|25|122.15|13
GME220107C00285000||||2.26|2.26|30|0.00|0.0000|95|102|0|0|0.0975|0.0027|0.0063|-0.3001|0.0598||3.15|78|1.98|60
GME220107P00285000||||||30||||0|0|0|-1.0000|0.0000|-0.1405|0.0011|0.0000||136.65|24|123.20|16
GME220107C00290000||||2.40|2.40|31|0.00|0.0000|1|54|0|0|0.0999|0.0027|0.0064|-0.3158|0.0609||2.85|43|2.00|46
GME220107P00290000||||||31||||0|0|0|-1.0000|0.0000|-0.1430|0.0011|0.0000||141.55|21|128.25|18
GME220107C00300000|2.11|2.20|2.11|2.30|2.20|32|-0.10|-0.0435|117|332|1|2|0.0891|0.0025|0.0057|-0.2933|0.0560||2.48|26|1.86|57
GME220107P00300000||||||32||||0|0|0|-1.0000|0.0000|-0.1479|0.0011|0.0000||151.40|27|137.90|18
GME220107C00310000||||1.99|1.99|33|0.00|0.0000|0|42|0|0|0.0835|0.0023|0.0054|-0.2859|0.0533||2.41|15|1.65|22
GME220107P00310000||||||33||||0|0|0|-1.0000|0.0000|-0.1529|0.0012|0.0000||161.25|17|147.80|13
GME220107C00320000||||2.05|2.05|34||0.0000|1|10|0|0|0.0769|0.0021|0.0049|-0.2731|0.0501||2.39|22|1.59|27
GME220107P00320000||||||34||||0|0|0|-1.0000|0.0000|-0.1578|0.0012|0.0000||171.15|15|157.65|13
GME220107C00330000||||2.00|2.00|35||0.0000|1|11|0|0|0.0723|0.0020|0.0046|-0.2658|0.0478||2.17|20|1.43|28
GME220107P00330000||||||35||||0|0|0|-1.0000|0.0000|-0.1627|0.0012|0.0000||181.00|16|168.00|28
GME220107C00340000||||1.87|1.87|36|0.00|0.0000|13|22|0|0|0.0747|0.0019|0.0048|-0.2843|0.0490||2.37|30|1.17|39
GME220107P00340000||||||36||0.0000|0|0|0|0|-0.9458|0.0016|-0.1641|-0.2026|0.0382||190.90|13|178.10|28
GME220107C00350000||||1.63|1.63|37||0.0000|0|67|0|0|0.0636|0.0017|0.0041|-0.2486|0.0433||2.38|51|1.08|47
GME220107P00350000||||||37||||0|0|0|-1.0000|0.0000|-0.1726|0.0013|0.0000||200.80|13|187.70|28
GME220107C00360000||||1.62|1.62|38||0.0000|-1|57|0|0|0.0610|0.0016|0.0039|-0.2453|0.0419||2.21|49|1.08|42
GME220107P00360000||||||38||||0|0|0|-1.0000|0.0000|-0.1775|0.0013|0.0000||210.70|16|197.85|28
GME220107C00370000||||1.50|1.50|39|0.00|0.0000|6|34|0|0|0.0604|0.0016|0.0038|-0.2501|0.0416||2.22|47|1.10|65
GME220107P00370000||||||39||||0|0|0|-1.0000|0.0000|-0.1825|0.0014|0.0000||220.65|13|207.80|29
GME220107C00380000||||1.40|1.40|40||0.0000|0|184|0|0|0.0580|0.0015|0.0037|-0.2465|0.0403||1.87|37|1.12|19
GME220107P00380000||||||40||||0|0|0|-1.0000|0.0000|-0.1874|0.0014|0.0000||230.55|15|217.85|28
GME220107C00390000||||1.75|1.75|41|0.00|0.0000|0|13|0|0|0.0652|0.0016|0.0041|-0.2848|0.0441||1.79|35|1.04|25
GME220107P00390000||||||41||||0|0|0|-1.0000|0.0000|-0.1923|0.0015|0.0000||240.50|13|227.75|37
GME220107C00400000||||1.20|1.20|42|0.00|0.0000|0|57|0|0|0.0490|0.0013|0.0031|-0.2177|0.0352||1.71|37|0.96|26
GME220107P00400000||||||42||0.0000|0|0|0|0|-0.9539|0.0013|-0.1943|-0.2031|0.0336||250.45|12|237.75|27
GME220107C00410000||||1.58|1.58|43|0.00|0.0000|0|20|0|0|0.0588|0.0014|0.0037|-0.2686|0.0407||1.63|22|0.88|22
GME220107P00410000||||||43||||0|0|0|-1.0000|0.0000|-0.2022|0.0015|0.0000||260.40|12|247.70|27
GME220107C00420000||||1.05|1.05|44||0.0000|-2|29|0|0|0.0467|0.0012|0.0030|-0.2168|0.0339||1.54|37|0.80|24
GME220107P00420000||||||44||||0|0|0|-1.0000|0.0000|-0.2071|0.0016|0.0000||270.30|12|258.10|27
GME220107C00430000||||1.12|1.12|45|0.00|0.0000|0|14|0|0|0.0446|0.0012|0.0028|-0.2112|0.0327||1.47|39|0.73|30
GME220107P00430000||||||45||||0|0|0|-1.0000|0.0000|-0.2120|0.0016|0.0000||280.25|12|267.55|27
GME220107C00440000|0.95|1.00|0.95|1.15|1.00|46|-0.15|-0.1304|83|406|1|3|0.0390|0.0011|0.0025|-0.1878|0.0293||1.12|5|0.92|10
GME220107P00440000||||||46||||0|0|0|-1.0000|0.0000|-0.2170|0.0016|0.0000||289.85|12|276.80|28
GME220114C00070000||||||17||||0|0|0|1.0000|0.0000|0.0479|-0.0003|0.0000||94.65|2|84.90|27
GME220114P00070000|1.00|1.00|1.00|1.10|1.00|17|-0.10|-0.0909|1|4|1|1|-0.0271|0.0008|-0.0035|-0.0931|0.0256||2.90|15|0.35|19
GME220114C00075000||||74.45|74.45|16|0.00|0.0000|0|1|0|0|0.9860|0.0006|0.0496|-0.0411|0.0146||89.10|6|79.10|27
GME220114P00075000||||||16||||0|0|0|0.0000|0.0000|0.0000|0.0000|0.0000||3.50|14|0.40|49
GME220114C00080000||||||15||||0|0|0|1.0000|0.0000|0.0548|-0.0003|0.0000||84.10|16|74.15|27
GME220114P00080000||||1.05|1.05|15|0.00|0.0000|2|12|0|0|-0.0327|0.0011|-0.0042|-0.0936|0.0299||1.40|13|0.56|17
GME220114C00085000||||||14||||0|0|0|1.0000|0.0000|0.0582|-0.0003|0.0000||77.40|12|67.40|31
GME220114P00085000||||2.80|2.80|14|0.00|0.0000|0|1|0|0|-0.0659|0.0017|-0.0089|-0.1931|0.0525||1.99|17|0.00|0
GME220114C00090000||||||13||||0|0|0|1.0000|0.0000|0.0616|-0.0003|0.0000||73.60|13|63.60|28
GME220114P00090000||||2.02|2.02|13||0.0000|0|27|0|0|-0.0556|0.0018|-0.0071|-0.1390|0.0459||2.25|16|1.08|9
GME220114C00095000||||||12||||0|0|0|1.0000|0.0000|0.0651|-0.0004|0.0000||68.75|15|58.75|28
GME220114P00095000||||||12||0.0000|0|0|0|0|-0.0652|0.0022|-0.0083|-0.1498|0.0521||2.49|17|0.40|22
GME220114C00100000||||||11||||0|0|0|1.0000|0.0000|0.0685|-0.0004|0.0000||64.70|16|54.70|28
GME220114P00100000||||2.45|2.45|11|0.00|0.0000|-5|43|0|0|-0.0775|0.0026|-0.0099|-0.1636|0.0594||3.30|27|1.28|25
GME220114C00105000||||||10||||0|0|0|1.0000|0.0000|0.0719|-0.0004|0.0000||60.75|19|50.75|8
GME220114P00105000||||5.09|5.09|10|0.00|0.0000|0|12|0|0|-0.1236|0.0031|-0.0166|-0.2692|0.0836||3.30|24|2.10|13
GME220114C00110000||||||9||0.0000|0|0|0|0|0.8874|0.0036|0.0610|-0.2020|0.0783||53.40|7|46.35|15
GME220114P00110000||||4.00|4.00|9|0.00|0.0000|3|12|0|0|-0.1198|0.0036|-0.0154|-0.2200|0.0818||5.35|27|2.65|12
GME220114C00115000||||||8||||0|0|0|1.0000|0.0000|0.0788|-0.0004|0.0000||52.20|15|42.85|13
GME220114P00115000||||5.05|5.05|8||0.0000|0|6|0|0|-0.1370|0.0042|-0.0176|-0.2274|0.0898||8.10|19|3.15|17
GME220114C00120000||||46.00|46.00|7|0.00|0.0000|1|62|0|0|0.7986|0.0042|0.0542|-0.3741|0.1151||46.85|14|38.30|17
GME220114P00120000||||5.73|5.73|7|0.00|0.0000|0|79|0|0|-0.1684|0.0048|-0.0218|-0.2630|0.1030||5.75|11|3.90|17
GME220114C00130000||||26.91|26.91|6|0.00|0.0000|0|7|0|0|0.8908|0.0074|0.0764|-0.0946|0.0766||37.85|30|30.00|15
GME220114P00130000||||7.05|7.05|6|0.00|0.0000|1|81|0|0|-0.2202|0.0064|-0.0283|-0.2755|0.1213||6.65|10|6.10|5
GME220114C00135000||||||5||||0|0|0|1.0000|0.0000|0.0925|-0.0005|0.0000||33.35|14|26.00|15
GME220114P00135000||||10.50|10.50|5|0.00|0.0000|0|3|0|0|-0.2709|0.0064|-0.0361|-0.3439|0.1356||9.05|19|7.45|12
GME220114C00140000|27.00|27.00|27.00|27.80|27.00|4|-0.80|-0.0288|-1|27|1|1|0.6959|0.0072|0.0556|-0.3409|0.1432||30.80|17|24.40|13
GME220114P00140000|10.25|10.25|10.25|10.22|10.25|4|0.03|0.0029|5|42|1|3|-0.2987|0.0077|-0.0389|-0.3146|0.1421||11.20|21|8.45|17
GME220114C00145000||||23.72|23.72|3|0.00|0.0000|0|20|0|0|0.6580|0.0081|0.0543|-0.3331|0.1503||27.20|22|21.45|13
GME220114P00145000||||14.50|14.50|3|0.00|0.0000|0|29|0|0|-0.3462|0.0072|-0.0470|-0.3779|0.1510||13.20|23|11.00|1
GME220114C00150000||||21.80|21.80|2|0.00|0.0000|0|37|0|0|0.6142|0.0081|0.0509|-0.3626|0.1566||23.85|24|17.95|19
GME220114P00150000||||15.95|15.95|2||0.0000|0|36|0|0|-0.3859|0.0083|-0.0515|-0.3519|0.1566||15.80|25|11.95|15
GME220114C00155000|19.90|19.90|19.90|17.43|19.90|1|2.47|0.1417|-1|29|1|1|0.5674|0.0093|0.0488|-0.3337|0.1610||20.80|10|18.65|15
GME220114P00155000|17.03|17.05|17.03|19.75|17.05|1|-2.70|-0.1367|7|22|1|2|-0.4302|0.0087|-0.0578|-0.3525|0.1608||18.40|17|14.85|16
GME220114C00160000|17.34|17.34|16.43|18.00|16.43|1|-1.57|-0.0872|1|53|1|3|0.5273|0.0087|0.0451|-0.3627|0.1629||19.05|34|15.10|16
GME220114P00160000|19.85|19.85|19.85|21.07|19.85|1|-1.22|-0.0579|0|64|1|1|-0.4737|0.0088|-0.0644|-0.3581|0.1630||21.35|17|18.00|15
GME220114C00165000|14.95|14.95|14.95|15.30|14.95|2|-0.35|-0.0229|-1|49|1|1|0.4888|0.0085|0.0420|-0.3739|0.1633||17.05|26|13.25|17
GME220114P00165000||||32.45|32.45|2|0.00|0.0000|0|7|0|0|-0.4597|0.0057|-0.0716|-0.5495|0.1625||24.80|18|21.00|12
GME220114C00170000||||14.57|14.57|3|0.00|0.0000|-8|26|0|0|0.4616|0.0079|0.0393|-0.4008|0.1626||15.55|27|10.65|10
GME220114P00170000||||29.82|29.82|3||0.0000|10|30|0|0|-0.5495|0.0084|-0.0774|-0.3734|0.1621||28.05|24|23.05|8
GME220114C00175000|12.00|12.00|12.00|13.30|12.00|4|-1.30|-0.0977|4|30|2|2|0.4164|0.0081|0.0362|-0.3752|0.1597||13.50|14|10.65|22
GME220114P00175000||||36.64|36.64|4|0.00|0.0000|0|3|0|0|-0.5288|0.0063|-0.0820|-0.5058|0.1629||33.00|14|27.35|13
GME220114C00180000||||10.20|10.20|5|0.00|0.0000|0|41|0|0|0.3765|0.0081|0.0332|-0.3582|0.1554||12.35|18|9.95|14
GME220114P00180000||||37.25|37.25|5|0.00|0.0000|20|23|0|0|-0.5820|0.0069|-0.0882|-0.4412|0.1599||36.15|23|31.80|17
GME220114C00185000|10.00|10.00|10.00|10.70|10.00|6|-0.70|-0.0654|0|29|1|1|0.3581|0.0075|0.0313|-0.3742|0.1529||11.90|13|8.55|15
GME220114P00185000||||47.02|47.02|6|0.00|0.0000|0|2|0|0|-0.5521|0.0055|-0.0917|-0.5720|0.1619||41.05|17|31.75|18
GME220114C00190000|9.55|9.55|9.55|10.44|9.55|7|-0.89|-0.0852|20|42|1|1|0.3384|0.0070|0.0295|-0.3812|0.1497||10.45|29|7.30|18
GME220114P00190000||||45.63|45.63|7|0.00|0.0000|21|32|0|0|-0.6253|0.0064|-0.0987|-0.4514|0.1552||44.15|16|39.60|16
GME220114C00195000||||8.80|8.80|8|0.00|0.0000|0|16|0|0|0.3155|0.0067|0.0276|-0.3772|0.1455||9.85|18|6.85|16
GME220114P00195000||||47.30|47.30|8||0.0000|0|8|0|0|-0.6888|0.0068|-0.1063|-0.3687|0.1447||48.60|20|40.90|15
GME220114C00200000|7.80|8.41|7.80|8.95|8.38|9|-0.57|-0.0637|57|150|1|3|0.2987|0.0063|0.0260|-0.3796|0.1421||9.00|34|7.60|5
GME220114P00200000|51.00|51.90|49.00|52.31|49.00|9|-3.31|-0.0633|1|15|28|165|-0.7093|0.0064|-0.1115|-0.3644|0.1403||50.60|13|47.00|13
GME220114C00205000||||6.73|6.73|10|0.00|0.0000|2|15|0|0|0.2612|0.0062|0.0232|-0.3408|0.1331||8.60|31|6.45|20
GME220114P00205000||||60.94|60.94|10|0.00|0.0000|0|19|0|0|-0.6489|0.0053|-0.1118|-0.5173|0.1518||57.85|25|51.65|14
GME220114C00210000||||7.32|7.32|11||0.0000|1|20|0|0|0.2484|0.0059|0.0220|-0.3424|0.1297||7.80|18|6.00|7
GME220114P00210000||||65.13|65.13|11|0.00|0.0000|0|19|0|0|-0.6655|0.0052|-0.1165|-0.5128|0.1491||62.35|16|56.20|17
GME220114C00215000|6.24|6.24|6.24|6.18|6.24|12|0.06|0.0097|0|20|1|1|0.2360|0.0056|0.0208|-0.3418|0.1261||7.45|10|5.70|19
GME220114P00215000||||||12||||0|0|0|-1.0000|0.0000|-0.1472|0.0008|0.0000||70.30|8|60.95|12
GME220114C00220000||||6.60|6.60|13||0.0000|-1|24|0|0|0.2221|0.0053|0.0196|-0.3360|0.1219||10.45|12|5.30|14
GME220114P00220000||||||13||||0|0|0|-1.0000|0.0000|-0.1507|0.0008|0.0000||73.70|9|64.80|16
GME220114C00225000||||5.75|5.75|14|0.00|0.0000|1|6|0|0|0.2158|0.0050|0.0190|-0.3422|0.1199||9.50|22|4.75|18
GME220114P00225000||||61.10|61.10|14|0.00|0.0000|0|1|0|0|-0.9389|0.0035|-0.1481|-0.0821|0.0495||79.35|6|69.45|13
GME220114C00230000|5.94|5.94|5.83|5.35|5.83|15|0.48|0.0897|14|28|2|20|0.2124|0.0048|0.0185|-0.3527|0.1188||7.10|18|4.60|17
GME220114P00230000||||75.60|75.60|15|0.00|0.0000|0|1|0|0|-0.8464|0.0047|-0.1435|-0.2404|0.0970||82.35|2|74.10|16
GME220114C00235000||||8.93|8.93|16|0.00|0.0000|1|12|0|0|0.2612|0.0045|0.0216|-0.4744|0.1331||7.10|18|4.40|16
GME220114P00235000||||||16||||0|0|0|-1.0000|0.0000|-0.1609|0.0009|0.0000||88.15|7|78.15|13
GME220114C00240000|5.21|5.21|5.09|4.50|5.09|17|0.59|0.1311|0|10|2|20|0.1879|0.0044|0.0165|-0.3333|0.1104||6.25|15|3.90|22
GME220114P00240000||||||17||||0|0|0|-1.0000|0.0000|-0.1644|0.0009|0.0000||93.20|1|84.25|7
GME220114C00245000||||6.45|6.45|18|0.00|0.0000|1|29|0|0|0.2115|0.0042|0.0180|-0.3980|0.1185||5.95|21|3.25|21
GME220114P00245000||||||18||||0|0|0|-1.0000|0.0000|-0.1678|0.0009|0.0000||96.80|6|87.70|14
GME220114C00250000|5.31|5.31|5.25|4.96|5.25|19|0.29|0.0585|4|50|1|2|0.1642|0.0040|0.0145|-0.3086|0.1013||5.50|13|3.70|19
GME220114P00250000||||||19||0.0000|0|0|0|0|-0.8332|0.0040|-0.1566|-0.3130|0.1023||102.20|14|93.15|14
GME220114C00255000||||4.15|4.15|20|0.00|0.0000|0|11|0|0|0.1583|0.0038|0.0139|-0.3067|0.0989||5.50|21|3.40|19
GME220114P00255000||||||20||0.0000|0|0|0|0|-0.8417|0.0038|-0.1607|-0.3057|0.0989||107.30|8|98.65|8
GME220114C00260000||||4.02|4.02|21|0.00|0.0000|0|7|0|0|0.1525|0.0037|0.0134|-0.3043|0.0965||8.55|11|3.10|19
GME220114P00260000||||||21||0.0000|0|0|0|0|-0.8490|0.0036|-0.1648|-0.2999|0.0959||113.60|1|103.35|13
GME220114C00265000||||3.85|3.85|22|0.00|0.0000|-1|2|0|0|0.1461|0.0035|0.0128|-0.2993|0.0938||5.50|15|3.45|12
GME220114P00265000||||||22||||0|0|0|-1.0000|0.0000|-0.1815|0.0010|0.0000||118.40|1|107.65|13
GME220114C00270000|4.45|4.45|4.45|3.80|4.45|23|0.65|0.1711|2|2|1|1|0.1413|0.0034|0.0124|-0.2972|0.0917||5.25|23|3.25|17
GME220114P00270000||||||23||||0|0|0|-1.0000|0.0000|-0.1849|0.0010|0.0000||123.25|1|110.65|14
GME220114C00275000||||||24||||0|0|0|0.0000|0.0000|0.0000|0.0000|0.0000||4.60|17|2.70|25
GME220114P00275000||||||24||0.0000|0|0|0|0|-0.8667|0.0032|-0.1766|-0.2858|0.0881||128.05|14|114.65|15
GME220114C00280000||||4.20|4.20|25|0.00|0.0000|0|1|0|0|0.1472|0.0032|0.0127|-0.3285|0.0943||4.45|27|2.95|16
GME220114P00280000||||||25||0.0000|0|0|0|0|-0.8764|0.0031|-0.1809|-0.2705|0.0836||131.40|19|122.80|14
GME220114C00285000||||3.50|3.50|26|0.00|0.0000|0|10|0|0|0.1296|0.0030|0.0113|-0.2933|0.0864||4.30|27|2.50|23
GME220114P00285000||||||26||||0|0|0|-1.0000|0.0000|-0.1952|0.0011|0.0000||137.00|19|124.40|15
GME220114C00290000|3.27|3.27|3.26|3.42|3.26|27|-0.16|-0.0468|0|19|1|10|0.1224|0.0029|0.0107|-0.2826|0.0830||4.20|25|2.50|18
GME220114P00290000||||||27||||0|0|0|-1.0000|0.0000|-0.1986|0.0011|0.0000||142.35|19|132.00|15
GME220114C00300000||||3.15|3.15|28||0.0000|26|83|0|0|0.1164|0.0027|0.0101|-0.2805|0.0802||4.55|28|2.30|23
GME220114P00300000||||||28||||0|0|0|-1.0000|0.0000|-0.2055|0.0011|0.0000||152.45|21|142.30|14
GME220114C00310000||||2.95|2.95|29|0.00|0.0000|0|0|0|0|0.1089|0.0026|0.0095|-0.2726|0.0764||4.35|25|2.00|22
GME220114P00310000||||||29||0.0000|0|0|0|0|-0.8974|0.0025|-0.2033|-0.2546|0.0732||162.00|19|148.80|15
GME220114C00320000||||2.94|2.94|30|0.00|0.0000|20|27|0|0|0.1062|0.0024|0.0092|-0.2761|0.0751||4.15|32|2.16|20
GME220114P00320000||||||30||||0|0|0|-1.0000|0.0000|-0.2192|0.0012|0.0000||172.10|14|158.45|13
GME220114C00330000||||2.77|2.77|31|0.00|0.0000|0|8|0|0|0.1000|0.0023|0.0087|-0.2685|0.0718||3.35|24|2.15|17
GME220114P00330000||||||31||||0|0|0|-1.0000|0.0000|-0.2260|0.0013|0.0000||181.90|15|168.40|13
GME220114C00340000||||2.54|2.54|32|0.00|0.0000|0|5|0|0|0.0925|0.0021|0.0080|-0.2559|0.0678||3.20|21|2.00|15
GME220114P00340000||||||32||||0|0|0|-1.0000|0.0000|-0.2329|0.0013|0.0000||191.75|13|178.15|13
GME220114C00350000|2.70|2.70|2.70|2.24|2.70|33|0.46|0.2054|1|22|1|1|0.0946|0.0021|0.0081|-0.2704|0.0690||3.20|33|1.40|16
GME220114P00350000||||||33||||0|0|0|-1.0000|0.0000|-0.2397|0.0013|0.0000||201.20|15|186.20|2
GME220114C00360000||||2.41|2.41|34|0.00|0.0000|4|89|0|0|0.0860|0.0020|0.0074|-0.2523|0.0643||3.10|28|0.69|25
GME220114P00360000||||||34||||0|0|0|-1.0000|0.0000|-0.2466|0.0014|0.0000||210.70|14|198.00|4
GME220121C00000500||||149.10|152.00|50|||0|3|0|0|1.0000|0.0000|0.0004|0.0000|0.0000||164.00|11|152.55|27
