symbol|open|high|low|preClose|close|activeLevel|change|changeRatio|openIntChange|openInterest|latestPriceVol|volume|delta|gamma|rho|theta|vega|tradeStamptradeTime|ask|avol|bid|bvol
GME211210C00100000|67.07|72.35|67.00|65.54|67.00|10|1.46|0.0223|1|2|1|15|0.9412|0.0019|0.0121|-0.7204|0.0228||68.70|16|63.95|11
GME211210P00100000|1.49|2.05|1.23|1.45|1.75|10|0.30|0.2069|481|720|1|1830|-0.0543|0.0019|-0.0015|-0.6553|0.0215||1.81|1|1.74|2
GME211210C00110000||||76.13|76.13|9|0.00|0.0000|0|2|0|0|0.8199|0.0019|0.0081|-3.5925|0.0511||59.15|16|54.90|13
GME211210P00110000|1.65|2.30|1.65|1.80|2.15|9|0.35|0.1944|89|304|1|527|-0.0719|0.0026|-0.0019|-0.7261|0.0267||2.21|8|2.02|18
GME211210C00120000||||56.97|56.97|8|0.00|0.0000|0|1|0|0|0.8124|0.0031|0.0106|-2.3466|0.0525||49.70|8|45.40|16
GME211210P00120000|2.50|2.90|2.03|2.43|2.60|8|0.17|0.0700|529|792|1|886|-0.0954|0.0036|-0.0025|-0.7905|0.0330||2.59|1|2.48|12
GME211210C00130000|38.97|43.65|38.97|38.97|41.19|7|2.22|0.0570|0|0|1|11|0.8238|0.0048|0.0130|-1.3858|0.0504||40.85|10|36.25|15
GME211210P00130000|3.25|3.85|2.88|3.10|3.40|7|0.30|0.0968|414|845|1|419|-0.1354|0.0052|-0.0035|-0.9053|0.0423||3.55|9|3.25|16
GME211210C00140000|30.25|30.92|30.25|29.50|30.92|6|1.42|0.0481|5|34|1|11|0.7910|0.0068|0.0136|-1.2126|0.0560||31.00|18|28.10|26
GME211210P00140000|4.70|5.50|3.70|4.30|4.84|6|0.54|0.1256|290|731|1|469|-0.1886|0.0072|-0.0049|-1.0101|0.0526||5.05|31|4.65|10
GME211210C00145000|28.00|28.00|25.50|24.75|27.05|5|2.30|0.0929|8|8|1|14|0.7538|0.0077|0.0133|-1.2843|0.0614||28.50|23|24.25|22
GME211210P00145000|5.25|6.55|4.98|5.20|5.85|5|0.65|0.1250|108|123|1|176|-0.2279|0.0084|-0.0059|-1.0889|0.0589||6.05|27|5.60|16
GME211210C00150000|25.89|26.40|23.26|24.62|23.26|4|-1.36|-0.0552|53|73|18|34|0.7129|0.0087|0.0129|-1.3294|0.0664||24.95|21|20.75|60
GME211210P00150000|6.90|8.20|5.75|6.25|7.28|4|1.03|0.1648|435|895|1|541|-0.2709|0.0097|-0.0070|-1.1317|0.0645||7.25|25|6.70|55
GME211210C00155000|21.89|23.00|21.89|23.55|23.00|3|-0.55|-0.0234|13|58|1|3|0.6538|0.0080|0.0116|-1.7114|0.0719||20.55|26|17.15|44
GME211210P00155000|8.20|9.73|7.55|8.00|8.52|3|0.52|0.0650|127|371|10|243|-0.3249|0.0107|-0.0085|-1.2119|0.0701||8.80|17|8.25|64
GME211210C00160000|18.50|19.60|15.00|21.00|15.98|2|-5.02|-0.2390|50|254|1|28|0.6157|0.0110|0.0117|-1.3289|0.0744||16.65|19|15.15|48
GME211210P00160000|10.40|11.85|8.50|9.45|10.40|2|0.95|0.1005|56|497|1|455|-0.3825|0.0116|-0.0101|-1.2589|0.0743||10.80|21|10.05|52
GME211210C00165000|16.50|16.50|12.35|18.15|13.00|1|-5.15|-0.2837|57|60|1|124|0.5575|0.0118|0.0108|-1.3215|0.0769||13.65|12|12.55|18
GME211210P00165000|12.95|14.18|10.30|10.85|12.75|1|1.90|0.1751|22|384|10|415|-0.4434|0.0123|-0.0118|-1.2651|0.0769||13.05|1|12.25|18
GME211210C00170000|12.80|14.60|10.00|14.85|11.00|1|-3.85|-0.2593|156|177|8|443|0.4977|0.0120|0.0098|-1.3225|0.0777||11.15|9|10.35|21
GME211210P00170000|15.35|17.00|12.10|13.48|15.47|1|1.99|0.1476|154|595|1|238|-0.5063|0.0126|-0.0135|-1.2596|0.0777||15.80|5|14.95|18
GME211210C00175000|10.15|11.91|8.30|13.46|8.73|2|-4.73|-0.3514|199|272|10|174|0.4390|0.0120|0.0087|-1.2997|0.0768||9.10|13|8.40|19
GME211210P00175000|18.75|19.50|15.38|16.00|18.57|2|2.57|0.1606|-4|518|100|190|-0.5673|0.0125|-0.0153|-1.2387|0.0766||19.45|44|17.70|47
GME211210C00177500|12.00|12.00|7.50|12.00|7.63|3|-4.37|-0.3642|20|47|1|154|0.4072|0.0120|0.0081|-1.2503|0.0756||8.30|25|7.30|54
GME211210P00177500|20.35|20.35|16.80|22.55|19.54|3|-3.01|-0.1335|32|266|18|41|-0.6066|0.0130|-0.0164|-1.1418|0.0749||21.80|28|19.25|47
GME211210C00180000|8.40|10.00|6.50|11.20|7.25|4|-3.95|-0.3527|98|404|1|382|0.3815|0.0117|0.0076|-1.2416|0.0743||7.40|19|6.90|11
GME211210P00180000|21.67|23.10|18.48|19.50|22.55|4|3.05|0.1564|-75|630|1|38|-0.6155|0.0115|-0.0170|-1.2644|0.0744||23.55|35|20.90|48
GME211210C00182500|7.53|8.70|6.00|9.20|6.25|5|-2.95|-0.3207|82|148|1|97|0.3549|0.0114|0.0071|-1.2128|0.0725||6.75|37|6.15|50
GME211210P00182500|21.20|23.00|21.20|26.97|21.60|5|-5.37|-0.1991|27|232|5|10|-0.7000|0.0137|-0.0188|-0.8853|0.0677||25.50|25|22.35|48
GME211210C00185000|7.00|8.00|5.30|9.00|5.75|6|-3.25|-0.3611|114|246|4|460|0.3297|0.0111|0.0066|-1.1808|0.0705||5.95|15|5.55|13
GME211210P00185000|24.00|26.95|22.09|22.22|26.37|6|4.15|0.1868|13|469|100|113|-0.6627|0.0108|-0.0186|-1.2311|0.0712||27.45|29|24.25|49
GME211210C00187500|5.05|7.00|4.70|8.15|5.15|7|-3.00|-0.3681|18|82|1|59|0.3068|0.0107|0.0062|-1.1525|0.0684||5.30|24|4.85|40
GME211210P00187500|24.95|28.00|24.95|29.08|28.00|7|-1.08|-0.0371|3|259|3|7|-0.7267|0.0116|-0.0201|-0.9554|0.0648||29.25|36|26.50|15
GME211210C00190000|6.42|6.71|4.25|8.00|4.40|8|-3.60|-0.4500|151|350|1|255|0.2783|0.0104|0.0057|-1.0794|0.0654||4.75|11|4.45|18
GME211210P00190000|27.48|30.38|26.60|29.43|27.21|8|-2.22|-0.0754|14|512|1|13|-0.7981|0.0116|-0.0218|-0.6821|0.0549||31.40|30|28.50|18
GME211210C00192500|5.25|5.85|4.05|6.25|4.05|9|-2.20|-0.3520|0|88|1|42|0.2596|0.0099|0.0053|-1.0561|0.0632||4.30|30|3.90|43
GME211210P00192500|30.60|30.60|27.83|35.21|27.83|9|-7.38|-0.2096|4|122|2|7|-0.9118|0.0093|-0.0245|-0.2751|0.0312||33.50|34|30.60|17
GME211210C00195000|6.25|6.25|3.50|6.43|3.75|10|-2.68|-0.4168|42|292|1|141|0.2413|0.0095|0.0049|-1.0255|0.0608||3.95|22|3.60|17
GME211210P00195000|31.53|31.53|31.53|35.56|31.53|10|-4.03|-0.1133|18|303|4|8|-0.8431|0.0099|-0.0234|-0.5848|0.0468||35.75|28|32.20|18
GME211210C00197500|4.90|4.90|3.24|6.00|3.35|11|-2.65|-0.4417|21|127|1|96|0.2199|0.0091|0.0045|-0.9674|0.0577||3.45|10|3.25|20
GME211210P00197500|34.54|34.54|31.95|36.83|33.48|11|-3.35|-0.0910|1|120|4|15|-0.8770|0.0088|-0.0244|-0.4706|0.0397||37.85|18|34.20|13
GME211210C00200000|4.30|5.20|2.84|5.67|3.10|12|-2.57|-0.4533|954|1728|1|1327|0.2041|0.0086|0.0042|-0.9348|0.0552||3.15|4|3.00|4
GME211210P00200000|36.41|39.35|35.85|43.50|38.53|12|-4.97|-0.1143|19|699|1|23|-0.7824|0.0085|-0.0230|-1.0163|0.0573||40.20|13|35.95|24
GME211210C00202500|4.30|4.35|2.59|5.15|2.59|13|-2.56|-0.4971|17|94|1|74|0.1853|0.0081|0.0038|-0.8772|0.0521||2.94|28|2.64|22
GME211210P00202500||||45.70|45.70|13|0.00|0.0000|-13|35|0|0|-0.6898|0.0070|-0.0218|-1.7788|0.0688||42.30|17|38.45|12
GME211210C00205000|3.50|3.85|2.36|4.74|2.60|14|-2.14|-0.4515|69|238|1|112|0.1734|0.0077|0.0036|-0.8535|0.0499||2.67|16|2.45|1
GME211210P00205000||||38.52|38.52|14|0.00|0.0000|4|180|0|0|-0.7851|0.0076|-0.0238|-1.1183|0.0569||44.65|21|40.20|11
GME211210C00207500|3.00|3.35|2.32|4.00|2.45|15|-1.55|-0.3875|4|82|1|30|0.1700|0.0073|0.0035|-0.8772|0.0493||2.45|19|2.15|36
GME211210P00207500|42.18|42.53|42.18|49.37|42.53|15|-6.84|-0.1385|6|26|5|6|-0.9515|0.0047|-0.0274|-0.2137|0.0196||46.95|19|42.70|24
GME211210C00210000|2.99|3.21|2.00|4.02|2.11|16|-1.91|-0.4751|23|359|2|215|0.1529|0.0069|0.0031|-0.8102|0.0460||2.25|13|2.02|19
GME211210P00210000|44.42|46.60|42.55|47.00|46.60|16|-0.40|-0.0085|29|141|2|29|-0.8672|0.0067|-0.0260|-0.6857|0.0418||49.35|18|45.20|24
GME211210C00212500|2.92|2.96|1.91|3.05|1.93|17|-1.12|-0.3672|8|88|2|23|0.1418|0.0065|0.0029|-0.7760|0.0437||2.08|14|1.86|14
GME211210P00212500|48.25|48.25|48.25|44.38|48.25|17|3.87|0.0872|1|38|1|1|-0.9092|0.0057|-0.0272|-0.4666|0.0318||51.55|15|47.70|24
GME211210C00215000|3.35|3.35|1.78|3.50|1.78|18|-1.72|-0.4914|50|216|1|48|0.1321|0.0061|0.0027|-0.7460|0.0417||1.93|22|1.76|4
GME211210P00215000||||50.45|50.45|18|0.00|0.0000|41|73|0|0|-0.9277|0.0050|-0.0279|-0.3796|0.0268||54.05|25|50.20|18
GME211210C00217500|3.20|3.20|1.63|2.86|1.63|19|-1.23|-0.4301|5|35|1|13|0.1226|0.0058|0.0025|-0.7134|0.0396||1.80|22|1.61|18
GME211210P00217500|53.30|53.30|53.30|49.60|53.30|19|3.70|0.0746|10|37|1|1|-0.9109|0.0052|-0.0279|-0.4977|0.0314||56.55|19|52.30|13
GME211210C00220000|2.95|2.95|1.50|3.00|1.55|20|-1.45|-0.4833|8|421|1|386|0.1163|0.0055|0.0024|-0.6981|0.0381||1.65|20|1.50|104
GME211210P00220000|54.50|54.50|54.50|55.33|54.50|20|-0.83|-0.0150|9|165|2|2|-0.7702|0.0059|-0.0257|-1.5731|0.0591||58.80|15|54.75|15
GME211210C00222500|2.64|2.64|1.47|2.00|1.47|21|-0.53|-0.2650|4|92|1|29|0.1102|0.0052|0.0023|-0.6813|0.0367||1.57|28|1.35|51
GME211210P00222500||||42.95|42.95|21|0.00|0.0000|1|39|0|0|-0.9983|0.0003|-0.0304|-0.0081|0.0011||61.30|10|56.45|9
GME211210C00225000|2.60|2.60|1.27|2.70|1.42|22|-1.28|-0.4741|124|472|1|146|0.1047|0.0049|0.0022|-0.6662|0.0353||1.42|1|1.35|4
GME211210P00225000|54.45|61.85|54.45|63.55|61.85|22|-1.70|-0.0268|15|477|1|2|-0.8764|0.0052|-0.0283|-0.8064|0.0397||63.70|15|58.85|25
GME211210C00227500|2.19|2.19|1.36|2.10|1.36|23|-0.74|-0.3524|11|35|1|12|0.1007|0.0047|0.0021|-0.6596|0.0344||1.37|27|1.23|38
GME211210P00227500||||34.06|34.06|23|0.00|0.0000|0|35|0|0|-1.0000|0.0000|-0.0312|0.0007|0.0000||66.20|14|61.30|8
GME211210C00230000|2.02|2.02|1.15|2.40|1.26|24|-1.14|-0.4750|75|470|1|149|0.0950|0.0045|0.0020|-0.6389|0.0329||1.29|15|1.24|1
GME211210P00230000||||63.29|63.29|24|0.00|0.0000|-18|20|0|0|-0.8200|0.0052|-0.0280|-1.3230|0.0511||68.65|1|63.75|8
GME211210C00232500|1.97|1.97|1.20|1.90|1.20|25|-0.70|-0.3684|22|55|1|14|0.0895|0.0042|0.0018|-0.6169|0.0315||1.23|12|1.08|31
GME211210P00232500||||68.97|68.97|25|0.00|0.0000|-1|5|0|0|-0.8937|0.0045|-0.0297|-0.7448|0.0357||71.15|9|66.20|13
GME211210C00235000|2.04|2.04|1.09|2.11|1.11|26|-1.00|-0.4739|-34|864|8|104|0.0827|0.0040|0.0017|-0.5826|0.0297||1.18|22|1.06|30
GME211210P00235000||||74.05|74.05|26|0.00|0.0000|-3|32|0|0|-0.8213|0.0049|-0.0287|-1.3879|0.0509||73.65|9|68.70|16
GME211210C00237500|1.67|1.67|1.26|2.00|1.35|27|-0.65|-0.3250|1|20|1|3|0.0910|0.0040|0.0019|-0.6673|0.0318||1.13|36|1.00|38
GME211210P00237500||||76.45|76.45|27|0.00|0.0000|-1|24|0|0|-0.8259|0.0048|-0.0292|-1.3812|0.0501||76.05|9|71.15|13
GME211210C00240000|1.58|1.67|0.96|1.91|1.03|28|-0.88|-0.4607|-15|302|1|112|0.0759|0.0036|0.0016|-0.5610|0.0278||1.07|7|0.99|4
GME211210P00240000|74.06|74.06|74.06|79.00|74.06|28|-4.94|-0.0625|-3|31|1|1|-0.8128|0.0047|-0.0293|-1.5434|0.0524||78.55|10|73.65|16
GME211210C00245000|1.42|1.45|0.90|1.80|1.00|29|-0.80|-0.4444|16|182|1|104|0.0728|0.0034|0.0015|-0.5645|0.0270||1.00|20|0.91|1
GME211210P00245000||||50.19|50.19|29|0.00|0.0000|0|23|0|0|-0.9999|0.0000|-0.0336|0.0004|0.0000||83.40|16|78.50|16
GME211210C00250000|1.50|1.60|0.81|1.71|0.89|30|-0.82|-0.4795|563|2863|1|1795|0.0668|0.0031|0.0014|-0.5391|0.0252||0.92|6|0.84|8
GME211210P00250000|83.20|83.20|83.20|60.35|83.20|30|22.85|0.3786|0|15|2|2|-0.9997|0.0001|-0.0342|-0.0013|0.0002||88.40|10|83.45|8
GME211210C00255000|1.33|1.33|0.58|1.61|0.78|31|-0.83|-0.5155|12|73|5|209|0.0581|0.0028|0.0012|-0.4856|0.0226||0.88|7|0.77|9
GME211210P00255000||||40.40|40.40|31|0.00|0.0000|0|5|0|0|-1.0000|0.0000|-0.0349|0.0008|0.0000||93.15|16|88.40|8
GME211210C00260000|1.45|1.45|0.73|1.44|0.77|32|-0.67|-0.4653|-82|892|8|1281|0.0559|0.0026|0.0011|-0.4860|0.0219||0.84|7|0.73|10
GME211210P00260000||||69.85|69.85|32|0.00|0.0000|0|22|0|0|-0.9996|0.0001|-0.0356|-0.0023|0.0003||98.20|8|93.40|9
GME211210C00270000|0.88|1.15|0.64|1.30|0.68|33|-0.62|-0.4769|-13|180|1|296|0.0486|0.0022|0.0010|-0.4524|0.0196||0.75|17|0.62|19
GME211210P00270000||||103.46|103.46|33|0.00|0.0000|1|15|0|0|-0.8411|0.0036|-0.0340|-1.6240|0.0472||108.20|8|103.35|8
GME211210C00280000|1.14|1.14|0.57|1.08|0.63|34|-0.45|-0.4167|17|259|1|59|0.0422|0.0019|0.0009|-0.4182|0.0175||0.69|22|0.58|5
GME211210P00280000||||112.20|112.20|34|0.00|0.0000|5|6|0|0|-0.8689|0.0032|-0.0359|-1.3963|0.0415||118.05|12|113.30|12
GME211210C00290000|1.09|1.09|0.54|1.10|0.56|35|-0.54|-0.4909|384|555|1|45|0.0386|0.0017|0.0008|-0.4047|0.0163||0.62|9|0.53|4
GME211210P00290000||||82.25|82.25|35|0.00|0.0000|0|7|0|0|-1.0000|0.0000|-0.0397|0.0008|0.0000||127.90|12|123.25|12
GME211210C00300000|0.90|0.95|0.43|1.00|0.56|36|-0.44|-0.4400|291|1210|6|572|0.0370|0.0016|0.0008|-0.4096|0.0158||0.55|2|0.50|2
GME211210P00300000||||76.00|76.00|36|0.00|0.0000|0|14|0|0|-1.0000|0.0000|-0.0411|0.0010|0.0000||138.00|8|133.25|8
GME211210C00310000|0.93|0.93|0.45|1.00|0.47|37|-0.53|-0.5300|19|283|1|32|0.0315|0.0014|0.0006|-0.3638|0.0138||0.60|24|0.46|2
GME211210P00310000||||83.61|83.61|37|0.00|0.0000|0|4|0|0|-1.0000|0.0000|-0.0425|0.0008|0.0000||147.85|8|143.25|6
GME211210C00320000|1.10|1.10|0.44|0.90|0.44|38|-0.46|-0.5111|1|277|1|20|0.0289|0.0012|0.0006|-0.3495|0.0129||0.49|3|0.45|1
GME211210P00320000||||89.47|89.47|38|0.00|0.0000|0|3|0|0|-1.0000|0.0000|-0.0438|0.0010|0.0000||157.90|8|153.25|7
GME211210C00330000|0.73|0.73|0.42|0.80|0.44|39|-0.36|-0.4500|3|249|1|205|0.0280|0.0012|0.0006|-0.3526|0.0125||0.44|6|0.43|10
GME211210P00330000||||||39||||0|0|0|-1.0000|0.0000|-0.0452|0.0011|0.0000||168.00|12|163.25|4
GME211210C00340000|0.75|0.78|0.34|0.82|0.34|40|-0.48|-0.5854|44|131|1|63|0.0225|0.0010|0.0005|-0.2929|0.0104||0.43|17|0.34|5
GME211210P00340000||||||40||||0|0|0|-1.0000|0.0000|-0.0466|0.0011|0.0000||177.95|12|173.25|4
GME211210C00350000|0.65|0.79|0.33|0.77|0.39|41|-0.38|-0.4935|62|499|10|303|0.0219|0.0009|0.0004|-0.2952|0.0102||0.40|18|0.36|2
GME211210P00350000||||||41||||0|0|0|-1.0000|0.0000|-0.0479|0.0011|0.0000||187.90|12|182.25|12
GME211210C00360000|0.61|0.61|0.32|0.77|0.32|42|-0.45|-0.5844|4|89|1|71|0.0203|0.0008|0.0004|-0.2833|0.0096||0.36|2|0.31|14
GME211210P00360000||||||42||||0|0|0|-1.0000|0.0000|-0.0493|0.0012|0.0000||197.85|12|192.25|12
GME211210C00370000|0.30|0.30|0.29|0.73|0.29|43|-0.44|-0.6027|17|38|1|2|0.0184|0.0008|0.0004|-0.2645|0.0088||0.34|7|0.29|11
GME211210P00370000||||||43||||0|0|0|-1.0000|0.0000|-0.0507|0.0012|0.0000||207.80|12|203.25|12
GME211210C00380000|0.70|0.70|0.30|0.66|0.30|44|-0.36|-0.5455|7|57|1|3|0.0186|0.0008|0.0004|-0.2756|0.0089||0.31|7|0.25|16
GME211210P00380000||||||44||||0|0|0|-1.0000|0.0000|-0.0521|0.0012|0.0000||217.80|12|212.25|12
GME211210C00390000|0.56|0.56|0.26|0.60|0.26|45|-0.34|-0.5667|27|79|1|113|0.0161|0.0007|0.0003|-0.2457|0.0079||0.29|6|0.24|15
GME211210P00390000||||||45||||0|0|0|-1.0000|0.0000|-0.0534|0.0013|0.0000||227.75|12|223.30|5
GME211210C00400000|0.54|0.54|0.20|0.54|0.27|46|-0.27|-0.5000|108|528|2|99|0.0162|0.0006|0.0003|-0.2543|0.0079||0.27|6|0.25|1
GME211210P00400000||||||46||||0|0|0|-1.0000|0.0000|-0.0548|0.0013|0.0000||237.70|12|232.25|12
GME211210C00410000|0.29|0.29|0.23|0.53|0.23|47|-0.30|-0.5660|11|70|1|43|0.0141|0.0006|0.0003|-0.2258|0.0070||0.26|2|0.22|1
GME211210P00410000||||||47||||0|0|0|-1.0000|0.0000|-0.0562|0.0013|0.0000||247.85|10|242.30|12
GME211210C00420000|0.48|0.48|0.21|0.49|0.22|48|-0.27|-0.5510|7|178|2|62|0.0138|0.0005|0.0003|-0.2266|0.0069||0.24|6|0.20|15
GME211210P00420000||||||48||||0|0|0|-1.0000|0.0000|-0.0575|0.0014|0.0000||257.85|10|252.30|12
GME211210C00430000|0.98|0.98|0.20|0.50|0.20|49|-0.30|-0.6000|2|306|1|6|0.0122|0.0005|0.0002|-0.2040|0.0062||0.32|13|0.20|1
GME211210P00430000||||||49||||0|0|0|-1.0000|0.0000|-0.0589|0.0014|0.0000||267.65|12|262.60|3
GME211210C00440000|0.35|0.42|0.20|0.44|0.20|50|-0.24|-0.5455|13|80|1|8|0.0119|0.0005|0.0002|-0.2047|0.0061||0.22|7|0.16|4
GME211210P00440000||||||50||||0|0|0|-1.0000|0.0000|-0.0603|0.0014|0.0000||277.60|12|272.30|12
GME211210C00450000|0.47|0.47|0.15|0.40|0.15|51|-0.25|-0.6250|8|296|42|552|0.0112|0.0004|0.0002|-0.1964|0.0057||0.22|7|0.11|62
GME211210P00450000||||||51||||0|0|0|-1.0000|0.0000|-0.0616|0.0015|0.0000||287.60|5|281.70|12
GME211210C00460000|0.36|0.36|0.12|0.40|0.19|52|-0.21|-0.5250|48|66|1|104|0.0111|0.0004|0.0002|-0.1979|0.0057||0.30|11|0.08|5
GME211210P00460000||||||52||||0|0|0|-1.0000|0.0000|-0.0630|0.0015|0.0000||297.60|12|292.30|2
GME211210C00470000|0.35|0.35|0.16|0.37|0.16|53|-0.21|-0.5676|1|23|1|211|0.0095|0.0004|0.0002|-0.1733|0.0050||0.67|1|0.12|100
GME211210P00470000||||||53||||0|0|0|-1.0000|0.0000|-0.0644|0.0015|0.0000||307.55|5|301.70|12
GME211210C00480000|0.31|0.48|0.15|0.40|0.25|54|-0.15|-0.3750|40|73|5|21|0.0191|0.0006|0.0004|-0.3574|0.0091||0.32|2|0.18|1
GME211210P00480000||||||54||||0|0|0|-1.0000|0.0000|-0.0658|0.0016|0.0000||317.55|4|311.70|12
GME211210C00490000|0.50|0.50|0.15|0.35|0.18|55|-0.17|-0.4857|8|101|3|44|0.0088|0.0003|0.0002|-0.1657|0.0046||0.27|1|0.08|1
GME211210P00490000||||||55||||0|0|0|-1.0000|0.0000|-0.0671|0.0016|0.0000||327.50|4|321.70|12
GME211210C00500000|0.35|0.35|0.15|0.38|0.16|56|-0.22|-0.5789|43|893|1|107|0.0100|0.0004|0.0002|-0.1919|0.0052||0.20|1|0.11|1
GME211210P00500000||||||56||||0|0|0|-1.0000|0.0000|-0.0685|0.0016|0.0000||337.50|4|331.70|12
GME211210C00510000|0.30|0.34|0.11|0.35|0.11|57|-0.24|-0.6857|329|2355|5|620|0.0090|0.0003|0.0002|-0.1755|0.0047||0.15|33|0.10|5
GME211210P00510000||||||57||||0|0|0|-1.0000|0.0000|-0.0699|0.0017|0.0000||347.50|12|342.20|12
GME211217C00080000||||94.56|94.56|17|0.00|0.0000|0|2|0|0|0.9025|0.0013|0.0179|-0.9878|0.0519||88.40|4|85.15|12
GME211217P00080000|1.30|1.60|1.00|1.28|1.49|17|0.21|0.1641|256|606|1|390|-0.0362|0.0010|-0.0024|-0.2582|0.0240||1.50|1|1.41|13
GME211217C00085000||||95.85|95.85|16|0.00|0.0000|0|1|0|0|0.8805|0.0012|0.0162|-1.3452|0.0602||83.50|4|80.30|12
GME211217P00085000|1.75|1.77|1.52|1.39|1.63|16|0.24|0.1727|-1|120|1|9|-0.0412|0.0012|-0.0027|-0.2717|0.0266||1.79|15|1.57|19
GME211217C00090000||||137.00|137.00|15|0.00|0.0000|0|4|0|0|0.8808|0.0008|0.0101|-2.1840|0.0599||78.70|5|75.50|13
GME211217P00090000|1.88|1.98|1.57|1.47|1.78|15|0.31|0.2109|73|141|1|42|-0.0469|0.0014|-0.0031|-0.2851|0.0296||1.97|21|1.75|14
GME211217C00100000|67.18|67.18|67.18|79.69|67.18|14|-12.51|-0.1570|0|50|3|3|0.9987|0.0001|0.0328|-0.0055|0.0013||69.10|6|65.95|16
GME211217P00100000|2.04|2.41|1.85|1.90|2.27|14|0.37|0.1947|387|1051|1|410|-0.0015|0.0002|-0.0001|-0.0060|0.0015||2.36|9|2.18|2
GME211217C00105000||||66.05|66.05|13|0.00|0.0000|0|1|0|0|0.9971|0.0003|0.0344|-0.0108|0.0026||64.40|16|61.20|13
GME211217P00105000|2.50|2.55|2.45|2.36|2.52|13|0.16|0.0678|13|153|2|8|-0.0030|0.0003|-0.0002|-0.0110|0.0028||2.75|25|2.30|63
GME211217C00110000||||73.25|73.25|12|0.00|0.0000|0|1|0|0|0.9949|0.0005|0.0359|-0.0173|0.0044||59.55|13|56.55|13
GME211217P00110000|2.64|3.20|2.58|2.50|2.92|12|0.42|0.1680|0|354|1|125|-0.0059|0.0006|-0.0003|-0.0197|0.0050||3.15|21|2.70|17
GME211217C00115000||||112.11|112.11|11|0.00|0.0000|0|2|0|0|0.9913|0.0009|0.0373|-0.0267|0.0071||55.00|16|51.95|18
GME211217P00115000|3.30|3.45|3.07|2.87|3.24|11|0.37|0.1289|18|180|1|30|-0.0113|0.0011|-0.0007|-0.0347|0.0090||3.40|17|3.05|14
GME211217C00120000||||44.77|44.77|10|0.00|0.0000|5|56|0|0|0.9837|0.0015|0.0385|-0.0454|0.0123||50.35|13|47.45|17
GME211217P00120000|3.60|3.95|3.50|3.25|3.73|10|0.48|0.1477|170|328|10|126|-0.0201|0.0018|-0.0012|-0.0560|0.0147||4.05|58|3.50|23
GME211217C00125000||||79.68|79.68|9|0.00|0.0000|0|35|0|0|0.9684|0.0026|0.0393|-0.0798|0.0214||46.25|16|43.10|22
GME211217P00125000|4.70|4.90|3.75|4.41|4.25|9|-0.16|-0.0363|148|355|1|484|-0.0359|0.0028|-0.0021|-0.0912|0.0238||4.40|14|4.05|21
GME211217C00130000|39.61|39.61|39.61|43.52|39.61|8|-3.91|-0.0898|0|10|1|1|0.9487|0.0040|0.0397|-0.1168|0.0318||41.75|7|38.85|13
GME211217P00130000|5.00|5.55|4.66|5.00|5.05|8|0.05|0.0100|129|335|1|79|-0.0572|0.0042|-0.0034|-0.1316|0.0346||5.25|23|4.80|9
GME211217C00135000|35.61|35.61|35.61|36.02|35.61|7|-0.41|-0.0114|0|3|1|1|0.9177|0.0057|0.0395|-0.1688|0.0458||37.35|18|34.75|13
GME211217P00135000|5.78|6.34|5.50|6.65|6.14|7|-0.51|-0.0767|2|151|1|17|-0.0864|0.0058|-0.0051|-0.1786|0.0475||6.55|82|5.65|24
GME211217C00140000|33.50|33.50|33.50|34.60|33.50|6|-1.10|-0.0318|1|149|1|1|0.8805|0.0076|0.0389|-0.2186|0.0602||33.50|10|30.90|24
GME211217P00140000|7.35|8.13|5.90|6.90|7.20|6|0.30|0.0435|102|915|1|264|-0.1267|0.0076|-0.0075|-0.2354|0.0627||7.50|44|6.75|32
GME211217C00145000||||27.00|27.00|5|0.00|0.0000|2|59|0|0|0.8285|0.0096|0.0374|-0.2809|0.0768||29.80|13|27.25|19
GME211217P00145000|8.40|9.49|7.70|8.20|8.70|5|0.50|0.0610|18|252|1|40|-0.1790|0.0095|-0.0107|-0.2992|0.0789||8.65|19|8.05|71
GME211217C00150000||||27.40|27.40|4|0.00|0.0000|11|82|0|0|0.7676|0.0115|0.0353|-0.3396|0.0922||26.35|11|23.80|22
GME211217P00150000|10.75|11.40|8.35|9.15|9.96|4|0.81|0.0885|40|1882|2|538|-0.2370|0.0113|-0.0143|-0.3520|0.0932||10.25|22|9.60|23
GME211217C00155000|24.92|24.92|24.92|20.20|24.92|3|4.72|0.2337|14|26|4|4|0.7014|0.0131|0.0328|-0.3833|0.1047||23.35|49|20.65|57
GME211217P00155000|12.65|12.90|10.55|12.49|12.15|3|-0.34|-0.0272|97|405|1|35|-0.3018|0.0128|-0.0184|-0.3944|0.1052||12.50|84|11.40|42
GME211217C00160000|22.03|22.32|19.65|22.85|19.65|2|-3.20|-0.1400|41|137|1|11|0.6293|0.0144|0.0299|-0.4143|0.1140||20.15|15|17.85|53
GME211217P00160000|13.30|15.25|12.10|14.25|14.59|2|0.34|0.0239|6|1046|1|72|-0.3728|0.0139|-0.0229|-0.4283|0.1142||15.15|112|13.45|86
GME211217C00165000|19.10|19.35|16.35|19.49|16.75|1|-2.74|-0.1406|-3|79|1|27|0.5476|0.0149|0.0262|-0.4397|0.1193||17.15|11|16.05|13
GME211217P00165000|16.10|17.75|13.60|15.80|16.16|1|0.36|0.0228|43|353|1|166|-0.4458|0.0144|-0.0277|-0.4510|0.1193||16.60|7|15.75|24
GME211217C00170000|17.25|17.45|14.45|19.50|14.45|1|-5.05|-0.2590|18|135|4|80|0.4809|0.0147|0.0233|-0.4493|0.1203||15.35|52|14.00|4
GME211217P00170000|19.15|20.45|16.00|17.60|19.46|1|1.86|0.1057|26|1092|7|56|-0.5169|0.0144|-0.0326|-0.4604|0.1203||20.50|65|18.40|21
GME211217C00175000|14.32|16.15|12.00|15.96|12.21|2|-3.75|-0.2350|25|208|2|46|0.4093|0.0145|0.0200|-0.4345|0.1173||12.70|1|11.75|15
GME211217P00175000|21.55|23.50|18.92|19.30|22.62|2|3.32|0.1720|65|785|1|144|-0.5861|0.0141|-0.0374|-0.4488|0.1176||23.60|61|21.25|17
GME211217C00180000|12.68|13.50|9.50|14.75|10.45|3|-4.30|-0.2915|61|503|2|335|0.3439|0.0137|0.0170|-0.4131|0.1111||10.75|11|10.05|56
GME211217P00180000|24.32|26.18|23.42|23.68|26.18|3|2.50|0.1056|54|1128|1|9|-0.6512|0.0134|-0.0420|-0.4248|0.1117||26.85|52|24.50|15
GME211217C00185000|10.90|12.00|8.88|12.22|9.00|4|-3.22|-0.2635|14|284|1|69|0.2851|0.0125|0.0141|-0.3830|0.1025||9.40|49|8.60|91
GME211217P00185000|28.90|29.62|25.52|27.75|29.62|4|1.87|0.0674|-9|246|1|21|-0.7102|0.0124|-0.0465|-0.3929|0.1033||30.45|51|27.90|19
GME211217C00187500|9.22|9.40|9.22|8.62|9.22|5|0.60|0.0696|3|42|1|4|0.3774|0.0086|0.0173|-0.7033|0.1147||8.90|50|8.00|63
GME211217P00187500||||34.50|34.50|5|0.00|0.0000|0|116|0|0|-0.5931|0.0076|-0.0435|-0.8233|0.1171||32.40|51|29.65|20
GME211217C00190000|10.50|10.50|7.65|11.00|7.71|6|-3.29|-0.2991|19|273|1|55|0.2339|0.0113|0.0117|-0.3480|0.0925||8.10|49|7.40|74
GME211217P00190000|32.80|32.80|31.00|32.96|32.62|6|-0.34|-0.0103|-15|431|1|35|-0.7595|0.0112|-0.0505|-0.3613|0.0939||34.35|54|31.50|20
GME211217C00192500|8.45|10.60|7.40|8.20|7.40|7|-0.80|-0.0976|9|39|1|10|0.3317|0.0085|0.0155|-0.6483|0.1095||7.80|46|6.90|59
GME211217P00192500||||38.40|38.40|7|0.00|0.0000|2|113|0|0|-0.6224|0.0073|-0.0464|-0.8190|0.1147||36.25|22|33.15|16
GME211217C00195000|8.00|8.35|6.68|8.75|6.68|8|-2.07|-0.2366|11|158|1|10|0.1911|0.0099|0.0096|-0.3125|0.0822||7.15|38|6.40|84
GME211217P00195000|36.78|36.78|34.80|36.79|34.80|8|-1.99|-0.0541|-32|441|1|27|-0.8029|0.0099|-0.0543|-0.3245|0.0838||38.30|23|35.20|16
GME211217C00197500|7.80|7.80|7.80|8.05|7.80|9|-0.25|-0.0311|-4|37|1|1|0.3226|0.0076|0.0148|-0.7062|0.1083||6.80|52|5.85|91
GME211217P00197500||||42.50|42.50|9|0.00|0.0000|0|93|0|0|-0.6482|0.0070|-0.0492|-0.8155|0.1120||40.25|15|37.10|16
GME211217C00200000|7.80|8.05|5.55|8.80|5.96|10|-2.84|-0.3227|716|2717|1|564|0.1563|0.0086|0.0079|-0.2789|0.0723||6.10|12|5.65|17
GME211217P00200000|39.83|39.83|35.75|40.50|38.83|10|-1.67|-0.0412|0|1919|2|50|-0.8371|0.0086|-0.0576|-0.2927|0.0743||42.35|17|39.45|13
GME211217C00202500|6.70|6.70|5.40|6.50|6.00|11|-0.50|-0.0769|-1|35|1|7|0.2768|0.0075|0.0129|-0.6257|0.1010||5.85|47|5.15|75
GME211217P00202500||||39.87|39.87|11|0.00|0.0000|3|120|0|0|-0.8155|0.0081|-0.0575|-0.3628|0.0804||44.50|26|41.55|13
GME211217C00205000|6.65|6.80|4.89|6.70|5.20|12|-1.50|-0.2239|11|64|1|16|0.2543|0.0073|0.0120|-0.5844|0.0968||5.45|26|5.00|6
GME211217P00205000|44.49|44.49|42.73|44.80|44.45|12|-0.35|-0.0078|-2|163|1|12|-0.7633|0.0075|-0.0561|-0.5294|0.0931||46.70|40|43.65|11
GME211217C00207500|6.10|6.10|5.20|5.50|5.50|13|0.00|0.0000|-1|31|1|5|0.2551|0.0070|0.0119|-0.6159|0.0969||5.30|46|4.55|56
GME211217P00207500|44.50|46.65|44.50|50.60|46.65|13|-3.95|-0.0781|35|216|1|5|-0.7753|0.0072|-0.0575|-0.5190|0.0905||48.90|39|46.05|7
GME211217C00210000|5.30|6.00|4.50|7.10|4.55|14|-2.55|-0.3592|-18|797|1|97|0.0968|0.0061|0.0049|-0.1995|0.0517||4.90|29|4.45|22
GME211217P00210000|48.25|51.30|45.75|49.35|48.10|14|-1.25|-0.0253|-7|208|2|57|-0.8986|0.0062|-0.0639|-0.2095|0.0535||51.10|27|47.90|22
GME211217C00212500|5.50|5.50|4.35|5.15|4.40|15|-0.75|-0.1456|-8|14|1|9|0.2203|0.0066|0.0104|-0.5539|0.0894||4.70|46|4.05|48
GME211217P00212500||||42.25|42.25|15|0.00|0.0000|0|59|0|0|-0.8905|0.0061|-0.0644|-0.2395|0.0566||53.35|21|50.15|12
GME211217C00215000|5.10|5.23|4.15|4.55|4.40|16|-0.15|-0.0330|6|103|1|15|0.2160|0.0064|0.0102|-0.5625|0.0884||4.40|39|3.85|63
GME211217P00215000|52.75|54.30|51.43|55.04|54.30|16|-0.74|-0.0134|3|104|6|27|-0.7842|0.0064|-0.0605|-0.5611|0.0884||55.65|23|52.45|11
GME211217C00217500||||5.10|5.10|17|0.00|0.0000|1|40|0|0|0.2280|0.0061|0.0106|-0.6264|0.0912||4.15|15|3.65|33
GME211217P00217500|55.40|56.80|55.00|54.90|56.80|17|1.90|0.0346|32|55|6|9|-0.7878|0.0061|-0.0615|-0.5708|0.0875||57.90|13|54.75|11
GME211217C00220000|4.65|4.80|3.50|5.43|3.50|18|-1.93|-0.3554|-24|1879|1|45|0.0593|0.0042|0.0030|-0.1387|0.0356||4.00|43|3.50|96
GME211217P00220000|59.00|59.00|59.00|54.49|59.00|18|4.51|0.0828|-22|424|1|1|-0.9352|0.0044|-0.0690|-0.1520|0.0382||60.25|22|57.05|12
GME211217C00222500|3.50|3.60|3.30|4.60|3.55|19|-1.05|-0.2283|1|70|1|18|0.1843|0.0057|0.0087|-0.5160|0.0804||3.75|7|3.50|5
GME211217P00222500||||49.15|49.15|19|0.00|0.0000|0|21|0|0|-0.8445|0.0056|-0.0657|-0.4207|0.0721||62.55|19|59.25|12
GME211217C00225000|4.25|4.50|3.20|4.50|3.49|20|-1.01|-0.2244|30|128|4|32|0.1701|0.0055|0.0081|-0.4845|0.0764||3.60|10|3.35|19
GME211217P00225000||||49.64|49.64|20|0.00|0.0000|0|30|0|0|-0.8797|0.0052|-0.0681|-0.3239|0.0605||64.90|13|61.60|12
GME211217C00227500|3.45|3.45|3.45|4.50|3.45|21|-1.05|-0.2333|1|9|1|1|0.1740|0.0053|0.0082|-0.5141|0.0775||3.45|10|3.05|27
GME211217P00227500||||51.86|51.86|21|0.00|0.0000|0|60|0|0|-0.9745|0.0023|-0.0735|-0.0628|0.0180||67.25|20|63.95|16
GME211217C00230000|3.80|3.90|3.05|4.80|3.05|22|-1.75|-0.3646|-6|436|5|13|0.0386|0.0029|0.0020|-0.1011|0.0252||3.40|36|3.00|71
GME211217P00230000||||64.00|64.00|22|0.00|0.0000|-1|63|0|0|-0.9588|0.0030|-0.0735|-0.1077|0.0267||69.65|20|66.35|15
GME211217C00232500||||3.80|3.80|23|0.00|0.0000|6|86|0|0|0.1755|0.0050|0.0082|-0.5531|0.0777||3.25|21|3.00|3
GME211217P00232500||||53.30|53.30|23|0.00|0.0000|0|19|0|0|-0.9794|0.0019|-0.0754|-0.0537|0.0149||72.00|20|68.85|13
GME211217C00235000|3.08|3.20|2.87|3.95|2.87|24|-1.08|-0.2734|4|78|1|11|0.1498|0.0048|0.0071|-0.4710|0.0703||3.15|24|2.85|23
GME211217P00235000||||68.76|68.76|24|0.00|0.0000|1|61|0|0|-0.8084|0.0049|-0.0684|-0.6275|0.0823||74.40|13|71.10|17
GME211217C00240000|3.05|3.50|2.75|3.45|2.80|25|-0.65|-0.1884|-35|321|1|64|0.0230|0.0019|0.0012|-0.0663|0.0164||2.90|7|2.64|26
GME211217P00240000||||65.50|65.50|25|0.00|0.0000|0|54|0|0|-0.9736|0.0020|-0.0775|-0.0759|0.0185||79.20|12|75.95|17
GME211217C00245000|3.60|3.60|2.46|3.05|2.55|26|-0.50|-0.1639|-34|196|1|12|0.1319|0.0042|0.0062|-0.4513|0.0645||2.86|39|2.43|49
GME211217P00245000|78.25|78.25|78.25|83.35|78.25|26|-5.10|-0.0612|-9|38|1|1|-0.8267|0.0044|-0.0726|-0.6173|0.0771||84.00|12|80.80|17
GME211217C00250000|2.80|3.15|2.39|3.43|2.43|27|-1.00|-0.2915|99|1244|1|104|0.0142|0.0012|0.0007|-0.0446|0.0109||2.47|1|2.40|7
GME211217P00250000|85.24|85.24|85.24|84.85|85.24|27|0.39|0.0046|-1|55|1|1|-0.9841|0.0013|-0.0814|-0.0494|0.0120||88.85|12|85.65|18
GME211217C00255000|2.25|2.72|2.25|3.21|2.28|28|-0.93|-0.2897|4|359|1|4|0.1171|0.0037|0.0055|-0.4315|0.0593||2.43|12|2.23|26
GME211217P00255000||||39.75|39.75|28|0.00|0.0000|0|5|0|0|-1.0000|0.0000|-0.0838|0.0008|0.0000||93.70|12|90.40|17
GME211217C00260000|2.57|2.81|2.12|2.85|2.30|29|-0.55|-0.1930|4|523|1|46|0.0086|0.0008|0.0004|-0.0291|0.0070||2.36|13|2.06|16
GME211217P00260000||||89.25|89.25|29|0.00|0.0000|0|21|0|0|-0.9906|0.0008|-0.0850|-0.0312|0.0076||98.60|8|95.40|16
GME211217C00270000|2.98|2.98|1.93|2.71|1.93|30|-0.78|-0.2878|-3|572|3|43|0.0056|0.0005|0.0003|-0.0205|0.0048||2.18|20|1.88|16
GME211217P00270000|107.95|107.95|107.95|65.35|107.95|30|42.60|0.6519|0|49|2|2|-0.9933|0.0006|-0.0884|-0.0235|0.0056||108.40|8|105.10|16
GME211217C00280000|2.08|2.15|1.73|2.70|1.95|31|-0.75|-0.2778|-3|2026|1|38|0.0039|0.0004|0.0002|-0.0151|0.0035||1.97|3|1.82|18
GME211217P00280000||||91.00|91.00|31|0.00|0.0000|0|10|0|0|-0.9955|0.0004|-0.0918|-0.0165|0.0039||118.25|13|114.90|16
GME211217C00290000|2.00|2.07|1.70|2.15|1.80|32|-0.35|-0.1628|2|525|1|9|0.0027|0.0003|0.0001|-0.0109|0.0025||1.87|6|1.60|44
GME211217P00290000|127.73|127.73|127.73|68.50|127.73|32|59.23|0.8647|0|25|2|2|-0.9966|0.0003|-0.0952|-0.0131|0.0031||128.10|13|124.80|16
GME211217C00300000|3.27|3.27|1.60|2.29|1.72|33|-0.57|-0.2489|24|5731|1|442|0.0018|0.0002|0.0001|-0.0076|0.0017||1.74|5|1.69|1
GME211217P00300000||||126.50|126.50|33|0.00|0.0000|0|20|0|0|-0.9979|0.0002|-0.0985|-0.0083|0.0020||138.00|13|134.75|13
GME211217C00310000|3.06|3.06|1.50|1.97|1.50|34|-0.47|-0.2386|1|368|1|64|0.0011|0.0001|0.0001|-0.0050|0.0011||1.66|6|1.50|19
GME211217P00310000||||102.75|102.75|34|0.00|0.0000|0|3|0|0|-0.9985|0.0001|-0.1018|-0.0059|0.0015||147.90|13|144.75|16
GME211217C00320000|1.48|1.71|1.48|1.80|1.49|35|-0.31|-0.1722|0|448|1|13|0.0008|0.0001|0.0000|-0.0038|0.0008||1.65|35|1.30|24
GME211217P00320000||||96.00|96.00|35|0.00|0.0000|0|17|0|0|-0.9989|0.0001|-0.1051|-0.0041|0.0011||157.80|13|154.75|13
GME211217C00330000|1.90|1.90|1.35|1.81|1.40|36|-0.41|-0.2265|0|213|1|25|0.0006|0.0001|0.0000|-0.0029|0.0006||1.51|6|1.28|40
GME211217P00330000||||159.50|159.50|36|0.00|0.0000|0|3|0|0|-0.9992|0.0001|-0.1084|-0.0028|0.0008||167.70|13|164.50|16
GME211217C00340000|1.40|1.40|1.40|1.81|1.40|37|-0.41|-0.2265|0|232|2|2|0.0004|0.0000|0.0000|-0.0023|0.0005||1.45|6|1.28|18
GME211217P00340000||||126.85|126.85|37|0.00|0.0000|0|7|0|0|-0.9994|0.0001|-0.1117|-0.0018|0.0006||177.65|13|174.50|16
GME211217C00350000|1.45|1.51|1.18|1.64|1.30|38|-0.34|-0.2073|-9|1004|1|671|0.0003|0.0000|0.0000|-0.0018|0.0004||1.40|7|1.22|4
GME211217P00350000||||133.85|133.85|38|0.00|0.0000|0|4|0|0|-0.9996|0.0000|-0.1150|-0.0012|0.0005||187.60|6|184.50|13
GME211217C00360000|1.24|1.24|1.05|1.34|1.05|39|-0.29|-0.2164|11|315|1|2|0.0003|0.0000|0.0000|-0.0016|0.0003||1.35|6|1.17|14
GME211217P00360000||||||39|||0|0|0|0|-0.9996|0.0000|-0.1183|-0.0008|0.0004||197.50|13|194.30|16
GME211217C00370000|1.15|1.17|1.15|1.49|1.17|40|-0.32|-0.2148|-1|446|1|2|0.0002|0.0000|0.0000|-0.0014|0.0003||1.33|28|1.04|32
GME211217P00370000||||172.65|172.65|40|0.00|0.0000|0|3|0|0|-0.9997|0.0000|-0.1216|-0.0005|0.0003||207.45|12|204.25|12
GME211217C00380000|1.05|1.07|1.05|1.25|1.07|41|-0.18|-0.1440|0|168|1|5|0.0002|0.0000|0.0000|-0.0012|0.0002||1.33|49|1.03|18
GME211217P00380000||||208.83|208.83|41|0.00|0.0000|-1|16|0|0|-0.9998|0.0000|-0.1249|-0.0001|0.0003||217.40|6|214.20|12
GME211217C00390000|1.25|1.25|1.15|1.50|1.15|42|-0.35|-0.2333|1|194|5|20|0.0002|0.0000|0.0000|-0.0011|0.0002||1.22|1|1.14|5
GME211217P00390000||||||42|||0|0|0|0|-0.9998|0.0000|-0.1282|0.0001|0.0002||227.35|5|224.15|12
GME211217C00400000|1.28|1.28|1.00|1.36|1.10|43|-0.26|-0.1912|91|1276|1|87|0.0001|0.0000|0.0000|-0.0008|0.0002||1.15|4|1.06|5
GME211217P00400000||||238.75|238.75|43|0.00|0.0000|0|3|0|0|-0.9998|0.0000|-0.1315|0.0003|0.0002||237.30|10|234.10|12
GME211217C00410000|1.12|1.12|0.95|1.14|0.95|44|-0.19|-0.1667|21|226|1|3|0.0001|0.0000|0.0000|-0.0006|0.0001||1.11|6|0.88|11
GME211217P00410000||||190.90|190.90|44|0.00|0.0000|0|3|0|0|-0.9998|0.0000|-0.1348|0.0004|0.0002||247.25|10|244.05|12
GME211217C00420000|0.93|1.00|0.92|1.08|0.92|45|-0.16|-0.1481|0|542|1|8|0.0001|0.0000|0.0000|-0.0006|0.0001||1.08|7|0.85|11
GME211217P00420000||||189.85|189.85|45|0.00|0.0000|0|16|0|0|-0.9999|0.0000|-0.1381|0.0009|0.0001||257.20|12|254.00|12
GME211217C00430000|0.91|0.91|0.90|0.97|0.90|46|-0.07|-0.0722|5|213|4|6|0.0001|0.0000|0.0000|-0.0005|0.0001||1.04|4|0.82|1
GME211217P00430000||||244.20|244.20|46|0.00|0.0000|0|0|0|0|-0.9999|0.0000|-0.1414|0.0010|0.0001||267.20|12|263.45|2
GME211217C00440000||||1.15|1.15|47|0.00|0.0000|0|472|0|0|0.0001|0.0000|0.0000|-0.0004|0.0001||1.00|7|0.75|1
GME211217P00440000||||||47|||0|0|0|0|-1.0000|0.0000|-0.1446|0.0012|0.0001||277.20|12|273.35|2
GME211217C00450000|0.90|0.91|0.85|0.89|0.85|48|-0.04|-0.0449|-3|683|1|82|0.0000|0.0000|0.0000|-0.0003|0.0001||0.97|4|0.67|1
GME211217P00450000||||||48|||0|0|0|0|-1.0000|0.0000|-0.1479|0.0013|0.0000||287.20|2|283.35|1
GME211217C00460000|0.73|0.90|0.73|1.00|0.90|49|-0.10|-0.1000|1|1139|3|16|0.0000|0.0000|0.0000|-0.0003|0.0001||0.96|17|0.60|53
GME211217P00460000||||261.60|261.60|49|0.00|0.0000|0|5|0|0|-1.0000|0.0000|-0.1512|0.0013|0.0000||297.20|12|293.35|3
GME211217C00470000||||1.00|1.00|50|0.00|0.0000|0|190|0|0|0.0397|0.0010|0.0018|-0.3063|0.0258||0.87|4|0.60|56
GME211217P00470000||||||50||||0|0|0|-1.0000|0.0000|-0.1545|0.0016|0.0000||307.20|12|303.15|1
GME211217C00480000||||0.87|0.87|51|0.00|0.0000|3|243|0|0|0.0354|0.0009|0.0016|-0.2774|0.0235||0.86|6|0.60|16
GME211217P00480000||||264.21|264.21|51|0.00|0.0000|0|7|0|0|-0.9949|0.0002|-0.1576|-0.0378|0.0045||317.20|1|313.30|12
GME211217C00490000|0.80|0.80|0.80|1.00|0.80|52|-0.20|-0.2000|47|152|1|1|0.0328|0.0009|0.0015|-0.2617|0.0221||0.80|3|0.60|10
GME211217P00490000||||274.04|274.04|52|0.00|0.0000|0|7|0|0|-0.9925|0.0003|-0.1607|-0.0574|0.0063||327.40|12|323.30|12
GME211217C00500000|0.75|0.89|0.61|0.81|0.68|53|-0.13|-0.1605|-5|2436|1|30|0.0287|0.0008|0.0013|-0.2324|0.0198||0.73|5|0.60|4
GME211217P00500000||||290.05|290.05|53|0.00|0.0000|0|7|0|0|-0.9836|0.0005|-0.1636|-0.1299|0.0123||337.20|2|333.10|12
GME211217C00510000|0.85|0.85|0.49|0.88|0.65|54|-0.23|-0.2614|163|1554|2|156|0.0281|0.0007|0.0013|-0.2307|0.0194||0.70|3|0.60|5
GME211217P00510000||||277.97|277.97|54|0.00|0.0000|0|0|0|0|-0.9958|0.0002|-0.1675|-0.0320|0.0037||347.20|2|343.05|10
GME211223C00100000||||71.00|71.00|10|0.00|0.0000|-1|13|0|0|0.8931|0.0021|0.0378|-0.4415|0.0681||69.30|5|66.10|13
GME211223P00100000|2.10|2.68|2.10|1.97|2.45|10|0.48|0.2437|190|314|2|74|-0.0660|0.0020|-0.0065|-0.2306|0.0475||2.59|2|2.33|2
GME211223C00110000||||||9||||0|0|0|1.0000|0.0000|0.0542|-0.0004|0.0000||59.90|4|56.90|13
GME211223P00110000|3.30|3.35|3.05|2.76|3.26|9|0.50|0.1812|68|105|7|452|-0.0908|0.0027|-0.0089|-0.2708|0.0604||3.55|10|3.00|13
GME211223C00120000|48.67|49.37|48.67|103.35|49.37|8|-53.98|-0.5223|0|1|1|2|0.8872|0.0038|0.0484|-0.2713|0.0706||51.15|5|48.05|16
GME211223P00120000|4.05|5.25|4.05|4.64|4.10|8|-0.54|-0.1164|12|37|1|4|-0.1205|0.0037|-0.0117|-0.3003|0.0741||5.05|15|3.90|16
GME211223C00130000|40.47|41.20|40.47|40.47|41.20|7|0.73|0.0180|0|0|1|2|0.8358|0.0050|0.0482|-0.3421|0.0915||42.85|5|39.75|18
GME211223P00130000|5.72|7.20|5.72|6.15|6.07|7|-0.08|-0.0130|-6|136|4|9|-0.1717|0.0049|-0.0168|-0.3678|0.0941||6.90|7|5.40|39
GME211223C00140000||||||6||||0|0|0|1.0000|0.0000|0.0690|-0.0005|0.0000||35.25|5|32.20|13
GME211223P00140000|8.38|8.50|8.17|9.55|8.17|6|-1.38|-0.1445|0|42|1|13|-0.2300|0.0062|-0.0226|-0.4102|0.1123||9.00|7|7.95|13
GME211223C00145000||||||5||||0|0|0|1.0000|0.0000|0.0715|-0.0005|0.0000||31.75|9|28.75|15
GME211223P00145000|10.00|10.40|9.98|11.64|10.40|5|-1.24|-0.1065|11|11|1|4|-0.2708|0.0066|-0.0270|-0.4594|0.1224||11.00|18|9.55|9
GME211223C00150000||||28.10|28.10|4|0.00|0.0000|17|21|0|0|0.6871|0.0067|0.0420|-0.5180|0.1309||28.50|7|25.50|14
GME211223P00150000|12.00|12.50|10.00|11.00|12.00|4|1.00|0.0909|-45|155|1|11|-0.3077|0.0072|-0.0308|-0.4756|0.1300||12.00|1|11.25|30
GME211223C00155000||||29.20|29.20|3|0.00|0.0000|1|11|0|0|0.6473|0.0059|0.0382|-0.6506|0.1373||25.40|15|22.55|14
GME211223P00155000|14.70|14.70|14.70|14.47|14.70|3|0.23|0.0159|-49|78|1|1|-0.3490|0.0074|-0.0355|-0.5137|0.1368||14.90|14|13.20|5
GME211223C00160000||||25.00|25.00|2|0.00|0.0000|7|19|0|0|0.6135|0.0066|0.0375|-0.6201|0.1415||22.75|16|20.55|9
GME211223P00160000|15.25|16.90|14.45|15.00|15.65|2|0.65|0.0433|4|66|1|40|-0.3889|0.0078|-0.0399|-0.5251|0.1417||16.65|8|15.50|6
GME211223C00165000|21.88|21.88|18.60|21.20|18.60|1|-2.60|-0.1226|16|16|7|29|0.5692|0.0082|0.0370|-0.5212|0.1453||19.60|12|18.45|5
GME211223P00165000|19.20|19.20|16.80|21.87|19.09|1|-2.78|-0.1271|263|284|7|17|-0.4304|0.0082|-0.0444|-0.5253|0.1452||19.95|15|17.90|9
GME211223C00170000|19.05|19.50|16.50|22.00|16.50|1|-5.50|-0.2500|15|30|26|64|0.5283|0.0083|0.0347|-0.5294|0.1471||17.75|12|16.40|11
GME211223P00170000|23.70|23.70|21.30|19.50|21.30|1|1.80|0.0923|28|61|2|3|-0.4741|0.0085|-0.0490|-0.5148|0.1472||22.85|18|20.50|15
GME211223C00175000|19.30|19.30|14.70|16.30|15.35|2|-0.95|-0.0583|16|19|10|45|0.4899|0.0080|0.0322|-0.5514|0.1471||15.85|14|14.50|9
GME211223P00175000|23.86|24.52|21.55|27.16|24.52|2|-2.64|-0.0972|-1|47|3|5|-0.5140|0.0085|-0.0539|-0.5211|0.1474||26.00|18|23.60|8
