symbol|open|high|low|preClose|close|activeLevel|change|changeRatio|openIntChange|openInterest|latestPriceVol|volume|delta|gamma|rho|theta|vega|tradeStamptradeTime|ask|avol|bid|bvol
GME211210C00100000||||70.90|70.90|12|0.00|0.0000|209|211|0|0|0.9444|0.0016|0.0097|-1.0118|0.0207||77.65|17|72.70|74
GME211210P00100000|1.09|1.09|0.58|1.14|0.60|12|-0.54|-0.4737|1314|2034|1|1417|-0.0229|0.0010|-0.0005|-0.3682|0.0100||0.61|8|0.55|9
GME211210C00110000||||76.13|76.13|11|0.00|0.0000|0|2|0|0|0.8512|0.0020|0.0078|-3.4104|0.0428||67.70|5|62.85|43
GME211210P00110000|1.45|1.51|0.81|1.52|0.86|11|-0.66|-0.4342|314|618|2|282|-0.0322|0.0015|-0.0007|-0.4386|0.0133||0.82|20|0.76|12
GME211210C00120000||||51.40|51.40|10|0.00|0.0000|1|2|0|0|0.9199|0.0027|0.0114|-1.0112|0.0275||58.10|20|53.10|53
GME211210P00120000|1.69|1.69|1.05|2.00|1.06|10|-0.94|-0.4700|513|1305|5|353|-0.0477|0.0023|-0.0010|-0.5464|0.0183||1.08|7|1.05|1
GME211210C00130000|46.31|46.31|44.86|41.19|44.86|9|3.67|0.0891|11|11|4|8|0.8915|0.0038|0.0118|-1.1451|0.0344||48.80|19|42.90|61
GME211210P00130000|1.70|2.49|1.39|2.60|1.39|9|-1.21|-0.4654|286|1131|1|616|-0.0683|0.0034|-0.0015|-0.6433|0.0243||1.50|75|1.31|66
GME211210C00140000|37.03|37.03|37.03|34.35|37.03|8|2.68|0.0780|12|46|1|1|0.8570|0.0052|0.0122|-1.2185|0.0417||39.60|19|33.25|47
GME211210P00140000|2.50|2.97|1.90|3.80|2.03|8|-1.77|-0.4658|492|1223|1|358|-0.1003|0.0051|-0.0021|-0.7584|0.0325||2.16|40|1.92|28
GME211210C00145000|32.07|33.37|32.07|26.44|32.90|7|6.46|0.2443|13|21|1|12|0.8276|0.0061|0.0121|-1.3358|0.0471||34.80|25|29.20|51
GME211210P00145000|3.45|4.65|2.33|4.62|2.48|7|-2.14|-0.4632|250|373|1|238|-0.1209|0.0063|-0.0026|-0.8050|0.0371||2.60|77|2.38|34
GME211210C00150000|32.00|32.00|25.77|22.00|27.94|6|5.94|0.2700|-12|61|1|36|0.8031|0.0072|0.0121|-1.3340|0.0512||29.80|19|24.45|69
GME211210P00150000|3.90|5.15|2.64|5.68|3.10|6|-2.58|-0.4542|129|1024|1|817|-0.1583|0.0077|-0.0034|-0.9465|0.0446||3.25|21|3.05|11
GME211210C00155000|23.75|25.48|23.75|18.50|25.48|5|6.98|0.3773|2|60|1|12|0.7518|0.0079|0.0115|-1.5962|0.0585||25.65|15|21.35|68
GME211210P00155000|4.50|5.15|3.45|7.06|4.10|5|-2.96|-0.4193|20|391|2|143|-0.2011|0.0093|-0.0043|-1.0659|0.0519||4.30|55|4.05|3
GME211210C00160000|20.40|24.00|18.02|15.22|19.00|4|3.78|0.2484|22|276|4|16|0.7232|0.0096|0.0115|-1.4595|0.0618||21.55|20|19.85|55
GME211210P00160000|6.10|6.80|4.20|8.50|5.30|4|-3.20|-0.3765|362|859|2|524|-0.2507|0.0109|-0.0054|-1.1615|0.0588||5.65|68|5.00|86
GME211210C00165000|17.00|21.23|15.50|12.90|17.30|3|4.40|0.3411|143|203|3|30|0.6791|0.0114|0.0111|-1.4020|0.0661||18.10|35|16.30|69
GME211210P00165000|7.50|8.80|5.55|10.86|7.20|3|-3.66|-0.3370|224|608|1|270|-0.3062|0.0128|-0.0066|-1.2052|0.0648||7.25|30|6.55|83
GME211210C00170000|14.80|18.10|12.45|10.50|14.40|2|3.90|0.3714|271|448|1|182|0.6167|0.0122|0.0102|-1.4970|0.0705||14.95|31|13.80|56
GME211210P00170000|10.15|12.00|7.00|13.50|8.70|2|-4.80|-0.3556|-41|554|1|469|-0.3795|0.0131|-0.0083|-1.3832|0.0703||9.00|27|8.60|19
GME211210C00175000|12.00|16.00|9.69|8.30|11.70|1|3.40|0.4096|198|470|1|512|0.5527|0.0130|0.0093|-1.5037|0.0730||12.25|22|11.45|14
GME211210P00175000|12.67|14.70|9.15|16.30|11.10|1|-5.20|-0.3190|13|531|1|475|-0.4487|0.0144|-0.0098|-1.3548|0.0731||11.75|63|10.80|18
GME211210C00177500|10.95|13.70|8.75|7.70|10.55|1|2.85|0.3701|132|179|3|100|0.5193|0.0133|0.0088|-1.4917|0.0736||10.90|26|10.25|37
GME211210P00177500|11.95|14.45|9.95|18.90|14.45|1|-4.45|-0.2354|-9|257|1|46|-0.4872|0.0153|-0.0106|-1.3018|0.0736||13.80|61|11.90|26
GME211210C00180000|10.00|12.95|7.25|6.55|9.40|2|2.85|0.4351|292|696|1|665|0.4838|0.0138|0.0083|-1.4446|0.0736||9.75|11|9.20|12
GME211210P00180000|14.85|15.75|11.20|18.26|15.10|2|-3.16|-0.1731|-47|583|3|134|-0.5206|0.0145|-0.0115|-1.3687|0.0736||15.80|83|13.10|46
GME211210C00182500|8.00|11.40|6.85|5.66|8.70|3|3.04|0.5371|31|179|1|151|0.4504|0.0137|0.0077|-1.4341|0.0731||8.95|66|8.20|19
GME211210P00182500|12.40|16.50|12.40|20.00|16.50|3|-3.50|-0.1750|1|233|1|3|-0.5567|0.0145|-0.0123|-1.3451|0.0729||17.40|55|14.45|41
GME211210C00185000|7.85|10.20|6.00|5.02|7.50|4|2.48|0.4940|178|424|1|234|0.4226|0.0131|0.0072|-1.4663|0.0723||7.80|27|6.95|55
GME211210P00185000|18.95|18.95|14.55|23.17|14.55|4|-8.62|-0.3720|-119|350|1|54|-0.6720|0.0212|-0.0143|-0.7673|0.0667||19.90|57|16.10|14
GME211210C00187500|8.40|9.05|5.35|4.30|6.54|5|2.24|0.5209|45|127|1|87|0.3867|0.0132|0.0067|-1.3903|0.0707||6.80|1|6.30|68
GME211210P00187500|17.85|17.85|16.78|28.00|16.78|5|-11.22|-0.4007|2|261|1|13|-0.7083|0.0191|-0.0153|-0.7700|0.0634||22.30|54|17.80|13
GME211210C00190000|6.50|8.00|4.60|4.05|6.00|6|1.95|0.4815|226|576|1|321|0.3583|0.0127|0.0062|-1.3705|0.0690||6.15|27|5.80|9
GME211210P00190000|19.54|21.03|19.54|27.50|20.80|6|-6.70|-0.2436|0|512|18|40|-0.6796|0.0146|-0.0151|-1.0926|0.0661||24.20|55|19.35|49
GME211210C00192500|4.80|7.15|4.10|3.66|5.34|7|1.68|0.4590|32|120|3|81|0.3401|0.0119|0.0059|-1.4127|0.0677||5.55|49|5.10|48
GME211210P00192500||||27.83|27.83|7|0.00|0.0000|3|125|0|0|-0.6114|0.0098|-0.0146|-1.8736|0.0708||26.05|54|21.40|13
GME211210C00195000|3.50|6.35|3.50|3.30|4.80|8|1.50|0.4545|141|433|5|236|0.3046|0.0118|0.0053|-1.2995|0.0646||4.95|33|4.55|34
GME211210P00195000|22.22|22.22|21.97|31.02|21.97|8|-9.05|-0.2917|-9|294|10|21|-0.9282|0.0116|-0.0200|-0.2017|0.0253||27.65|52|23.20|25
GME211210C00197500|3.81|5.80|3.60|2.90|4.05|9|1.15|0.3966|46|173|1|140|0.2827|0.0112|0.0049|-1.2760|0.0625||4.45|47|3.95|93
GME211210P00197500||||33.48|33.48|9|0.00|0.0000|-5|115|0|0|-0.6256|0.0085|-0.0155|-2.1132|0.0700||29.95|57|25.20|21
GME211210C00200000|3.61|5.00|2.98|2.71|3.89|10|1.18|0.4354|637|2365|4|1556|0.2585|0.0107|0.0045|-1.2206|0.0597||3.90|1|3.80|1
GME211210P00200000|27.98|32.00|25.00|33.81|29.96|10|-3.85|-0.1139|-25|674|1|40|-0.7592|0.0110|-0.0177|-1.0992|0.0575||31.85|61|27.25|40
GME211210C00202500|3.00|4.50|2.94|2.41|3.40|11|0.99|0.4108|48|142|1|68|0.2500|0.0100|0.0044|-1.2646|0.0587||3.60|28|3.35|1
GME211210P00202500||||35.84|35.84|11|0.00|0.0000|-2|33|0|0|-0.6863|0.0087|-0.0169|-1.7966|0.0655||33.85|40|29.45|26
GME211210C00205000|2.95|4.00|2.50|2.21|3.05|12|0.84|0.3801|163|401|1|211|0.2302|0.0095|0.0040|-1.2144|0.0561||3.20|1|3.00|15
GME211210P00205000||||40.44|40.44|12|0.00|0.0000|-1|179|0|0|-0.6600|0.0076|-0.0169|-2.2100|0.0677||36.35|55|30.80|32
GME211210C00207500|2.39|3.60|2.39|1.99|2.65|13|0.66|0.3317|21|103|6|49|0.2054|0.0091|0.0036|-1.1175|0.0525||2.98|36|2.53|78
GME211210P00207500||||42.53|42.53|13|0.00|0.0000|-2|24|0|0|-0.6737|0.0074|-0.0174|-2.1937|0.0666||38.85|41|33.30|13
GME211210C00210000|2.37|3.30|2.12|1.80|2.59|14|0.79|0.4389|142|501|1|255|0.1921|0.0085|0.0034|-1.0929|0.0504||2.70|1|2.48|57
GME211210P00210000|38.25|38.25|38.25|45.79|38.25|14|-7.54|-0.1647|-17|124|1|1|-0.8589|0.0084|-0.0205|-0.7468|0.0413||41.35|54|35.55|15
GME211210C00212500|2.25|2.79|2.07|1.81|2.35|15|0.54|0.2983|15|103|1|93|0.1776|0.0081|0.0031|-1.0515|0.0481||2.63|62|2.11|107
GME211210P00212500|40.65|40.65|40.65|48.25|40.65|15|-7.60|-0.1575|1|39|2|2|-0.8689|0.0078|-0.0209|-0.7279|0.0393||43.85|44|37.90|13
GME211210C00215000|2.20|2.70|1.80|1.75|2.20|16|0.45|0.2571|118|334|1|220|0.1533|0.0075|0.0027|-0.9349|0.0436||2.28|5|2.13|9
GME211210P00215000||||52.12|52.12|16|0.00|0.0000|0|73|0|0|-0.6369|0.0057|-0.0180|-3.0743|0.0692||46.35|50|40.40|12
GME211210C00217500|3.70|3.70|1.73|1.50|2.03|17|0.53|0.3533|11|46|1|12|0.1653|0.0072|0.0029|-1.0720|0.0459||2.19|32|1.88|75
GME211210P00217500||||53.30|53.30|17|0.00|0.0000|0|37|0|0|-0.6868|0.0062|-0.0189|-2.5233|0.0654||48.70|33|42.70|20
GME211210C00220000|1.68|2.26|1.54|1.55|1.91|18|0.36|0.2323|161|582|1|348|0.1462|0.0068|0.0026|-0.9716|0.0423||2.00|1|1.85|16
GME211210P00220000|48.67|48.67|48.67|54.32|48.67|18|-5.65|-0.1040|0|165|3|3|-0.7154|0.0063|-0.0195|-2.2871|0.0626||51.05|42|44.90|28
GME211210C00222500|1.45|3.50|1.45|1.50|1.70|19|0.20|0.1333|63|155|1|72|0.1467|0.0065|0.0026|-1.0211|0.0424||1.93|53|1.72|40
GME211210P00222500|49.15|49.15|49.15|42.95|49.15|19|6.20|0.1444|0|39|1|1|-0.7913|0.0066|-0.0209|-1.5709|0.0530||53.00|38|47.40|24
GME211210C00225000|1.59|1.91|1.38|1.21|1.70|20|0.49|0.4050|49|521|1|267|0.1152|0.0058|0.0020|-0.8102|0.0358||1.76|10|1.66|6
GME211210P00225000||||57.07|57.07|20|0.00|0.0000|-1|476|0|0|-0.7212|0.0058|-0.0202|-2.4163|0.0619||55.05|45|49.90|12
GME211210C00227500|1.39|1.74|1.33|1.22|1.50|21|0.28|0.2295|4|39|1|35|0.1221|0.0057|0.0021|-0.8975|0.0374||1.71|46|1.47|67
GME211210P00227500||||34.06|34.06|21|0.00|0.0000|0|35|0|0|-1.0000|0.0000|-0.0249|0.0005|0.0000||57.45|34|52.25|19
GME211210C00230000|1.21|1.69|1.15|1.14|1.55|22|0.41|0.3596|95|565|2|211|0.1157|0.0054|0.0020|-0.8783|0.0360||1.58|12|1.48|6
GME211210P00230000||||61.98|61.98|22|0.00|0.0000|0|20|0|0|-0.7777|0.0058|-0.0215|-1.9143|0.0550||59.90|30|54.25|18
GME211210C00232500|1.25|1.47|1.25|1.21|1.40|23|0.19|0.1570|12|67|10|83|0.1169|0.0052|0.0020|-0.9223|0.0363||1.58|61|1.34|73
GME211210P00232500||||68.97|68.97|23|0.00|0.0000|0|5|0|0|-0.7037|0.0051|-0.0209|-2.9008|0.0638||62.40|27|56.75|19
GME211210C00235000|1.05|1.50|1.05|1.04|1.30|24|0.26|0.2500|-13|851|1|40|0.0945|0.0047|0.0017|-0.7556|0.0310||1.48|25|1.28|52
GME211210P00235000||||74.05|74.05|24|0.00|0.0000|0|32|0|0|-0.6490|0.0045|-0.0207|-3.8186|0.0683||64.90|41|59.25|21
GME211210C00237500|1.14|1.39|1.05|0.95|1.20|25|0.25|0.2632|34|54|1|16|0.1042|0.0047|0.0018|-0.8672|0.0334||1.37|1|1.21|49
GME211210P00237500||||76.45|76.45|25|0.00|0.0000|0|24|0|0|-0.6784|0.0047|-0.0212|-3.4478|0.0662||67.20|13|61.75|21
GME211210C00240000|1.07|1.31|1.00|0.96|1.20|26|0.24|0.2500|34|336|3|47|0.0987|0.0045|0.0017|-0.8431|0.0321||1.34|35|1.20|50
GME211210P00240000||||71.95|71.95|26|0.00|0.0000|-1|30|0|0|-0.7916|0.0051|-0.0229|-2.0058|0.0530||69.70|12|64.25|20
GME211210C00245000|0.98|1.25|0.90|0.92|1.20|27|0.28|0.3043|45|227|1|79|0.0799|0.0039|0.0014|-0.7125|0.0274||1.31|44|1.09|45
GME211210P00245000||||50.19|50.19|27|0.00|0.0000|0|23|0|0|-0.9999|0.0000|-0.0268|-0.0001|0.0001||74.70|14|69.25|17
GME211210C00250000|1.00|1.17|0.75|0.88|1.08|28|0.20|0.2273|806|3669|1|417|0.0799|0.0037|0.0014|-0.7508|0.0274||1.10|11|1.05|6
GME211210P00250000||||80.84|80.84|28|0.00|0.0000|3|18|0|0|-0.8269|0.0046|-0.0245|-1.7880|0.0473||79.70|22|74.25|14
GME211210C00255000|0.90|1.01|0.86|0.83|1.01|29|0.18|0.2169|155|228|1|34|0.0764|0.0034|0.0013|-0.7538|0.0265||1.01|1|0.96|19
GME211210P00255000||||40.40|40.40|29|0.00|0.0000|0|5|0|0|-1.0000|0.0000|-0.0279|0.0008|0.0000||84.70|31|78.50|18
GME211210C00260000|0.90|0.99|0.80|0.80|0.90|30|0.10|0.1250|953|1845|1|89|0.0700|0.0031|0.0012|-0.7191|0.0248||1.00|30|0.87|40
GME211210P00260000||||69.85|69.85|30|0.00|0.0000|0|22|0|0|-0.9995|0.0001|-0.0285|-0.0041|0.0004||89.70|20|83.85|18
GME211210C00270000|0.66|0.83|0.66|0.65|0.79|31|0.14|0.2154|225|405|1|128|0.0619|0.0027|0.0011|-0.6869|0.0225||0.87|2|0.79|19
GME211210P00270000||||103.46|103.46|31|0.00|0.0000|0|15|0|0|-0.7905|0.0039|-0.0263|-2.6550|0.0532||99.70|15|93.00|14
GME211210C00280000|0.68|0.80|0.59|0.60|0.77|32|0.17|0.2833|37|296|1|82|0.0527|0.0023|0.0009|-0.6252|0.0198||0.79|23|0.70|16
GME211210P00280000||||112.20|112.20|32|0.00|0.0000|0|6|0|0|-0.8199|0.0036|-0.0279|-2.3844|0.0485||109.90|16|102.45|15
GME211210C00290000|0.56|0.82|0.56|0.61|0.69|33|0.08|0.1311|-10|545|1|116|0.0461|0.0020|0.0008|-0.5815|0.0178||0.71|2|0.66|1
GME211210P00290000||||82.25|82.25|33|0.00|0.0000|0|7|0|0|-1.0000|0.0000|-0.0318|0.0008|0.0000||119.80|16|112.75|14
GME211210C00300000|0.51|1.15|0.49|0.50|0.65|34|0.15|0.3000|407|1617|1|534|0.0429|0.0018|0.0007|-0.5743|0.0169||0.64|20|0.62|1
GME211210P00300000||||76.00|76.00|34|0.00|0.0000|0|14|0|0|-1.0000|0.0000|-0.0329|0.0010|0.0000||129.65|13|122.60|13
GME211210C00310000|0.47|0.80|0.47|0.45|0.59|35|0.14|0.3111|76|359|1|114|0.0397|0.0016|0.0007|-0.5590|0.0158||0.64|23|0.55|8
GME211210P00310000||||83.61|83.61|35|0.00|0.0000|0|4|0|0|-1.0000|0.0000|-0.0340|0.0008|0.0000||139.55|17|132.60|17
GME211210C00320000|0.47|0.62|0.45|0.44|0.51|36|0.07|0.1591|143|420|1|17|0.0371|0.0015|0.0006|-0.5496|0.0150||0.55|18|0.48|9
GME211210P00320000||||89.47|89.47|36|0.00|0.0000|0|3|0|0|-1.0000|0.0000|-0.0351|0.0010|0.0000||149.45|17|142.60|17
GME211210C00330000|0.58|0.58|0.39|0.39|0.45|37|0.06|0.1538|233|482|14|44|0.0306|0.0013|0.0005|-0.4715|0.0128||0.48|15|0.45|1
GME211210P00330000||||||37||||0|0|0|-1.0000|0.0000|-0.0362|0.0011|0.0000||159.35|17|152.65|17
GME211210C00340000|0.28|0.42|0.28|0.33|0.40|38|0.07|0.2121|29|160|1|4|0.0235|0.0010|0.0004|-0.3758|0.0103||0.49|22|0.35|43
GME211210P00340000||||||38||||0|0|0|-1.0000|0.0000|-0.0373|0.0011|0.0000||169.35|16|162.70|17
GME211210C00350000|0.40|0.40|0.30|0.30|0.37|39|0.07|0.2333|176|675|1|595|0.0262|0.0011|0.0005|-0.4373|0.0112||0.42|27|0.35|2
GME211210P00350000||||||39||||0|0|0|-1.0000|0.0000|-0.0384|0.0011|0.0000||179.10|19|172.40|15
GME211210C00360000|0.39|0.39|0.34|0.28|0.34|40|0.06|0.2143|61|150|5|6|0.0254|0.0010|0.0004|-0.4397|0.0109||0.34|50|0.32|1
GME211210P00360000||||||40||||0|0|0|-1.0000|0.0000|-0.0395|0.0012|0.0000||189.00|19|181.85|16
GME211210C00370000|0.29|0.35|0.29|0.29|0.31|41|0.02|0.0690|8|46|1|9|0.0179|0.0008|0.0003|-0.3174|0.0081||0.35|22|0.26|28
GME211210P00370000||||||41||||0|0|0|-1.0000|0.0000|-0.0405|0.0012|0.0000||198.95|17|192.80|17
GME211210C00380000|0.33|0.33|0.28|0.25|0.28|42|0.03|0.1200|20|77|1|3|0.0161|0.0007|0.0003|-0.2954|0.0074||0.44|48|0.22|46
GME211210P00380000||||||42||||0|0|0|-1.0000|0.0000|-0.0416|0.0012|0.0000||208.85|16|202.85|16
GME211210C00390000|0.22|0.27|0.22|0.22|0.25|43|0.03|0.1364|77|156|1|12|0.0130|0.0006|0.0002|-0.2458|0.0062||0.27|24|0.22|24
GME211210P00390000||||||43||||0|0|0|-1.0000|0.0000|-0.0427|0.0013|0.0000||218.80|16|212.90|16
GME211210C00400000|0.21|0.27|0.21|0.20|0.23|44|0.03|0.1500|64|592|1|269|0.0117|0.0005|0.0002|-0.2269|0.0056||0.25|13|0.20|10
GME211210P00400000||||230.14|230.14|44|0.00|0.0000|1|1|0|0|-0.8437|0.0022|-0.0416|-3.2752|0.0442||228.70|16|222.95|16
GME211210C00410000|0.20|0.23|0.20|0.22|0.22|45|0.00|0.0000|28|98|1|5|0.0120|0.0005|0.0002|-0.2396|0.0058||0.24|38|0.16|20
GME211210P00410000||||||45||||0|0|0|-1.0000|0.0000|-0.0449|0.0013|0.0000||238.65|15|231.95|15
GME211210C00420000|0.28|0.28|0.16|0.18|0.16|46|-0.02|-0.1111|64|242|4|73|0.0095|0.0004|0.0002|-0.1937|0.0047||0.22|19|0.16|15
GME211210P00420000||||||46||||0|0|0|-1.0000|0.0000|-0.0460|0.0014|0.0000||248.60|12|243.00|3
GME211210C00430000|0.22|0.22|0.14|0.13|0.14|47|0.01|0.0769|5|311|1|3|0.0084|0.0004|0.0001|-0.1750|0.0042||0.27|34|0.05|52
GME211210P00430000||||||47||||0|0|0|-1.0000|0.0000|-0.0471|0.0014|0.0000||258.55|9|251.35|3
GME211210C00440000|0.15|0.15|0.15|0.15|0.15|48|0.00|0.0000|16|96|1|1|0.0087|0.0004|0.0002|-0.1859|0.0043||0.29|5|0.15|10
GME211210P00440000||||||48||||0|0|0|-1.0000|0.0000|-0.0482|0.0014|0.0000||268.45|9|261.40|6
GME211210C00450000|0.20|0.24|0.15|0.15|0.15|49|0.00|0.0000|511|807|13|53|0.0085|0.0004|0.0001|-0.1868|0.0043||0.16|4|0.12|1
GME211210P00450000||||||49||||0|0|0|-1.0000|0.0000|-0.0493|0.0015|0.0000||278.40|5|271.40|13
GME211210C00460000|0.22|0.22|0.12|0.11|0.12|50|0.01|0.0909|111|177|1|512|0.0070|0.0003|0.0001|-0.1565|0.0036||0.15|4|0.08|17
GME211210P00460000||||||50||||0|0|0|-1.0000|0.0000|-0.0504|0.0015|0.0000||288.35|9|281.45|10
GME211210C00470000|0.15|0.15|0.15|0.12|0.15|51|0.03|0.2500|310|333|1|1|0.0083|0.0003|0.0001|-0.1887|0.0042||0.18|1|0.01|55
GME211210P00470000||||||51||||0|0|0|-1.0000|0.0000|-0.0515|0.0015|0.0000||298.45|5|291.60|12
GME211210C00480000|0.14|0.15|0.13|0.10|0.15|52|0.05|0.5000|75|148|2|44|0.0082|0.0003|0.0001|-0.1897|0.0041||0.22|10|0.05|1
GME211210P00480000||||||52||||0|0|0|-1.0000|0.0000|-0.0526|0.0016|0.0000||308.30|5|301.50|28
GME211210C00490000|0.20|0.20|0.10|0.17|0.13|53|-0.04|-0.2353|-5|96|1|5|0.0071|0.0003|0.0001|-0.1692|0.0037||0.15|3|0.10|22
GME211210P00490000||||||53||||0|0|0|-1.0000|0.0000|-0.0537|0.0016|0.0000||318.25|5|311.60|12
GME211210C00500000|0.15|0.20|0.08|0.09|0.12|54|0.03|0.3333|84|977|31|145|0.0066|0.0003|0.0001|-0.1587|0.0034||0.12|20|0.09|1
GME211210P00500000||||||54||||0|0|0|-1.0000|0.0000|-0.0548|0.0016|0.0000||328.20|4|321.50|20
GME211210C00510000|0.10|0.18|0.07|0.10|0.11|55|0.01|0.1000|766|3121|2|1001|0.0056|0.0002|0.0001|-0.1376|0.0030||0.12|95|0.09|1
GME211210P00510000||||||55||||0|0|0|-1.0000|0.0000|-0.0559|0.0017|0.0000||338.20|4|331.55|19
GME211217C00080000||||94.56|94.56|19|0.00|0.0000|0|2|0|0|0.9693|0.0008|0.0221|-0.2702|0.0212||97.80|12|94.50|12
GME211217P00080000|1.08|1.15|0.87|1.41|0.91|19|-0.50|-0.3546|464|1070|10|82|-0.0223|0.0007|-0.0014|-0.1886|0.0163||0.91|1|0.87|12
GME211217C00085000||||95.85|95.85|18|0.00|0.0000|0|1|0|0|0.9121|0.0012|0.0187|-0.9506|0.0488||93.35|1|89.60|12
GME211217P00085000|1.19|1.19|0.99|1.49|1.11|18|-0.38|-0.2550|5|125|3|5|-0.0275|0.0008|-0.0017|-0.2169|0.0194||1.16|41|0.96|16
GME211217C00090000|86.59|86.59|86.59|137.00|86.59|17|-50.41|-0.3680|0|4|10|10|0.9370|0.0013|0.0228|-0.5290|0.0379||88.05|3|84.70|12
GME211217P00090000|1.25|1.31|1.13|1.61|1.14|17|-0.47|-0.2919|39|180|1|37|-0.0299|0.0010|-0.0019|-0.2175|0.0208||1.16|1|1.04|73
GME211217C00100000|78.20|78.20|78.20|67.18|78.20|16|11.02|0.1640|-3|47|1|3|0.9998|0.0000|0.0301|-0.0016|0.0003||78.25|12|74.85|17
GME211217P00100000|1.68|1.68|0.71|1.88|1.37|16|-0.51|-0.2713|26|1077|1|105|-0.0003|0.0000|0.0000|-0.0015|0.0003||1.38|2|1.33|5
GME211217C00105000||||66.05|66.05|15|0.00|0.0000|0|1|0|0|0.9994|0.0001|0.0316|-0.0032|0.0007||73.55|31|70.10|34
GME211217P00105000|1.90|1.90|1.46|2.20|1.50|15|-0.70|-0.3182|13|166|4|22|-0.0007|0.0001|0.0000|-0.0031|0.0007||1.59|38|1.43|12
GME211217C00110000||||73.25|73.25|14|0.00|0.0000|0|1|0|0|0.9989|0.0001|0.0331|-0.0051|0.0011||68.55|17|65.25|19
GME211217P00110000|2.05|2.05|1.65|2.42|1.65|14|-0.77|-0.3182|70|424|2|27|-0.0014|0.0002|-0.0001|-0.0062|0.0014||1.77|68|1.57|28
GME211217C00115000||||112.11|112.11|13|0.00|0.0000|0|2|0|0|0.9978|0.0003|0.0345|-0.0088|0.0021||63.65|17|60.40|20
GME211217P00115000|2.00|2.01|1.74|2.62|1.74|13|-0.88|-0.3359|19|199|1|14|-0.0031|0.0003|-0.0002|-0.0123|0.0029||1.98|47|1.73|27
GME211217C00120000|58.85|58.85|58.85|52.20|58.85|12|6.65|0.1274|2|58|1|1|0.9954|0.0005|0.0359|-0.0168|0.0041||58.95|16|55.60|19
GME211217P00120000|3.28|3.28|1.95|3.09|2.04|12|-1.05|-0.3398|51|379|2|65|-0.0062|0.0006|-0.0003|-0.0224|0.0054||2.02|6|1.93|34
GME211217C00125000||||47.70|47.70|11|0.00|0.0000|0|35|0|0|0.9895|0.0010|0.0371|-0.0348|0.0085||54.20|22|50.90|13
GME211217P00125000|2.00|2.81|1.20|3.60|2.32|11|-1.28|-0.3556|180|535|1|117|-0.0127|0.0012|-0.0007|-0.0419|0.0100||2.52|92|2.15|107
GME211217C00130000||||39.61|39.61|10|0.00|0.0000|0|10|0|0|0.9811|0.0017|0.0381|-0.0568|0.0141||49.55|4|46.25|19
GME211217P00130000|3.00|3.09|2.32|4.45|2.56|10|-1.89|-0.4247|35|370|1|61|-0.0223|0.0019|-0.0013|-0.0675|0.0163||2.76|68|2.47|92
GME211217C00135000||||35.61|35.61|9|0.00|0.0000|-1|2|0|0|0.9659|0.0028|0.0388|-0.0934|0.0232||45.00|17|41.65|47
GME211217P00135000|3.65|3.98|3.00|4.75|3.00|9|-1.75|-0.3684|1|152|1|65|-0.0370|0.0029|-0.0021|-0.1014|0.0247||3.25|92|2.89|56
GME211217C00140000|37.00|37.00|37.00|33.50|37.00|8|3.50|0.1045|0|149|1|1|0.9459|0.0041|0.0391|-0.1333|0.0336||40.80|21|37.30|24
GME211217P00140000|5.28|5.62|3.50|5.78|3.50|8|-2.28|-0.3945|68|983|1|113|-0.0598|0.0043|-0.0034|-0.1490|0.0364||3.80|72|3.50|4
GME211217C00145000||||27.00|27.00|7|0.00|0.0000|0|59|0|0|0.9138|0.0059|0.0388|-0.1923|0.0482||36.25|13|33.00|23
GME211217P00145000|6.26|6.26|3.90|7.10|4.75|7|-2.35|-0.3310|12|264|1|13|-0.0935|0.0060|-0.0054|-0.2116|0.0511||4.95|92|4.10|118
GME211217C00150000|29.40|29.40|27.83|27.40|27.83|6|0.43|0.0157|0|82|1|2|0.8717|0.0078|0.0378|-0.2581|0.0642||32.00|13|29.00|64
GME211217P00150000|8.80|8.80|4.90|8.50|5.25|6|-3.25|-0.3824|136|2018|3|317|-0.1338|0.0078|-0.0077|-0.2722|0.0661||5.65|66|5.05|100
GME211217C00155000|24.23|24.23|24.23|24.92|24.23|5|-0.69|-0.0277|4|30|1|1|0.8226|0.0097|0.0364|-0.3180|0.0796||27.90|20|25.10|53
GME211217P00155000|8.03|8.03|6.65|9.47|6.75|5|-2.72|-0.2872|-1|404|1|10|-0.1824|0.0096|-0.0106|-0.3314|0.0810||7.25|97|6.25|108
GME211217C00160000|22.95|24.60|21.78|21.45|21.78|4|0.33|0.0154|6|143|2|6|0.7645|0.0115|0.0345|-0.3735|0.0942||24.35|13|21.55|87
GME211217P00160000|9.00|9.66|7.30|12.08|8.65|4|-3.43|-0.2839|-4|1042|2|59|-0.2411|0.0113|-0.0141|-0.3905|0.0954||8.95|103|7.70|111
GME211217C00165000|20.60|21.70|17.60|16.45|17.60|3|1.15|0.0699|8|87|1|8|0.6957|0.0129|0.0318|-0.4311|0.1072||21.10|26|18.35|84
GME211217P00165000|10.70|11.30|9.50|14.75|9.50|3|-5.25|-0.3559|76|429|1|54|-0.3075|0.0126|-0.0181|-0.4440|0.1077||10.30|60|9.45|96
GME211217C00170000|18.20|21.00|15.00|14.20|17.00|2|2.80|0.1972|42|177|1|29|0.6238|0.0138|0.0289|-0.4737|0.1162||18.30|39|15.50|113
GME211217P00170000|13.50|13.61|10.82|17.48|12.37|2|-5.11|-0.2923|-14|1078|1|64|-0.3777|0.0135|-0.0225|-0.4860|0.1164||12.35|1|11.55|104
GME211217C00175000|15.05|18.05|13.00|12.35|15.00|1|2.65|0.2146|5|213|5|47|0.5513|0.0145|0.0258|-0.4897|0.1212||15.35|21|14.65|11
GME211217P00175000|15.60|16.18|12.20|18.97|14.50|1|-4.47|-0.2356|-22|763|1|204|-0.4483|0.0141|-0.0270|-0.5044|0.1211||14.75|23|13.75|112
GME211217C00180000|11.50|15.25|10.85|10.25|12.61|1|2.36|0.2302|542|1045|1|65|0.4790|0.0146|0.0227|-0.4951|0.1220||13.45|50|12.20|75
GME211217P00180000|18.00|18.00|15.00|21.74|17.85|1|-3.89|-0.1789|-9|1119|1|45|-0.5190|0.0142|-0.0316|-0.5066|0.1220||18.10|76|16.40|99
GME211217C00185000|10.83|13.45|9.00|8.75|10.54|2|1.79|0.2046|62|346|1|56|0.4099|0.0142|0.0196|-0.4854|0.1190||11.35|45|9.90|146
GME211217P00185000|20.78|21.60|18.23|25.00|21.60|2|-3.40|-0.1360|8|254|1|10|-0.5872|0.0139|-0.0361|-0.4950|0.1192||21.90|72|19.55|42
GME211217C00187500|10.00|10.36|9.12|7.90|9.74|3|1.84|0.2329|2|44|1|8|0.4323|0.0102|0.0197|-0.6880|0.1204||10.35|31|9.10|100
GME211217P00187500||||27.07|27.07|3|0.00|0.0000|0|116|0|0|-0.5400|0.0086|-0.0363|-0.8365|0.1216||23.55|65|21.15|52
GME211217C00190000|9.00|11.65|7.94|7.20|9.20|4|2.00|0.2778|-19|254|1|51|0.3462|0.0134|0.0166|-0.4636|0.1130||9.50|25|8.10|156
GME211217P00190000|23.16|24.57|20.00|29.00|23.78|4|-5.22|-0.1800|4|435|2|26|-0.6489|0.0131|-0.0404|-0.4767|0.1136||25.45|77|22.80|69
GME211217C00192500|9.10|9.50|8.10|7.35|8.50|5|1.15|0.1565|4|43|1|27|0.4089|0.0089|0.0184|-0.7689|0.1190||8.85|49|7.75|144
GME211217P00192500||||38.40|38.40|5|0.00|0.0000|0|113|0|0|-0.5161|0.0060|-0.0384|-1.2125|0.1221||27.15|66|24.60|14
GME211217C00195000|7.72|9.55|7.59|6.35|7.65|6|1.30|0.2047|12|170|8|26|0.2899|0.0123|0.0140|-0.4346|0.1048||8.10|37|7.30|72
GME211217P00195000|29.00|29.00|25.35|31.75|25.35|6|-6.40|-0.2016|-12|429|10|25|-0.7050|0.0121|-0.0446|-0.4468|0.1057||29.15|69|26.40|18
GME211217C00197500|8.33|8.33|6.30|5.75|6.30|7|0.55|0.0957|2|39|1|9|0.3536|0.0092|0.0162|-0.6862|0.1138||7.60|38|6.50|138
GME211217P00197500||||42.50|42.50|7|0.00|0.0000|0|93|0|0|-0.5381|0.0058|-0.0408|-1.2390|0.1216||30.95|67|28.35|52
GME211217C00200000|5.40|8.30|5.40|5.55|6.25|8|0.70|0.1261|308|3025|1|340|0.2416|0.0110|0.0117|-0.4020|0.0955||6.90|46|6.15|108
GME211217P00200000|31.50|31.50|29.00|38.96|31.31|8|-7.65|-0.1964|-44|1875|1|17|-0.7521|0.0109|-0.0483|-0.4165|0.0969||32.50|56|30.30|71
GME211217C00202500|6.11|7.70|5.60|5.85|5.83|9|-0.02|-0.0034|4|39|5|22|0.3435|0.0080|0.0155|-0.7643|0.1126||6.55|45|5.75|115
GME211217P00202500||||38.80|38.80|9|0.00|0.0000|0|120|0|0|-0.6377|0.0076|-0.0449|-0.8417|0.1148||35.00|51|32.30|11
GME211217C00205000|5.53|7.00|5.32|4.50|5.77|10|1.27|0.2822|36|100|1|33|0.3012|0.0084|0.0139|-0.6572|0.1067||6.00|1|5.45|97
GME211217P00205000|36.60|36.60|36.60|41.50|36.60|10|-4.90|-0.1181|-2|161|1|1|-0.7265|0.0089|-0.0489|-0.5653|0.1019||37.10|50|34.40|55
GME211217C00207500|5.40|5.73|5.30|5.65|5.45|11|-0.20|-0.0354|3|34|1|8|0.2872|0.0081|0.0132|-0.6517|0.1043||5.80|65|4.95|103
GME211217P00207500|37.77|37.77|37.77|43.07|37.77|11|-5.30|-0.1231|3|219|1|1|-0.7675|0.0088|-0.0515|-0.4793|0.0935||39.25|51|36.55|10
GME211217C00210000|5.25|6.05|4.35|4.35|5.10|12|0.75|0.1724|16|813|1|183|0.1575|0.0085|0.0077|-0.3104|0.0738||5.35|38|4.75|111
GME211217P00210000|38.00|43.00|34.90|47.90|40.75|12|-7.15|-0.1493|65|273|1|89|-0.8373|0.0085|-0.0553|-0.3220|0.0753||41.45|66|39.00|1
GME211217C00212500|4.80|4.80|4.80|4.58|4.80|13|0.22|0.0480|21|35|4|6|0.2591|0.0076|0.0120|-0.6300|0.0992||5.15|47|4.30|123
GME211217P00212500||||42.25|42.25|13|0.00|0.0000|0|59|0|0|-0.7951|0.0080|-0.0543|-0.4579|0.0870||43.65|51|40.85|6
GME211217C00215000|4.45|5.20|4.05|3.82|4.41|14|0.59|0.1545|20|123|5|43|0.2374|0.0074|0.0110|-0.5884|0.0946||4.85|70|4.05|137
GME211217P00215000||||54.30|54.30|14|0.00|0.0000|-5|99|0|0|-0.6341|0.0057|-0.0494|-1.1262|0.1152||45.85|53|43.00|7
GME211217C00217500|4.85|5.00|3.80|5.10|3.80|15|-1.30|-0.2549|0|40|1|17|0.2280|0.0071|0.0106|-0.5856|0.0925||4.55|51|3.95|88
GME211217P00217500|46.54|46.80|46.54|56.80|46.80|15|-10.00|-0.1761|-6|49|2|3|-0.8190|0.0072|-0.0569|-0.4350|0.0806||48.15|50|45.10|15
GME211217C00220000|4.00|4.65|3.50|3.40|4.15|16|0.75|0.2206|-8|1871|3|102|0.1002|0.0061|0.0049|-0.2286|0.0538||4.30|35|3.75|96
GME211217P00220000||||59.00|59.00|16|0.00|0.0000|-1|423|0|0|-0.8929|0.0063|-0.0610|-0.2456|0.0565||50.45|51|47.40|3
GME211217C00222500|3.80|3.80|3.65|3.30|3.65|17|0.35|0.1061|11|81|1|7|0.2087|0.0066|0.0097|-0.5716|0.0879||4.15|47|3.70|13
GME211217P00222500||||49.15|49.15|17|0.00|0.0000|0|21|0|0|-0.7856|0.0065|-0.0571|-0.5910|0.0893||52.75|49|49.40|14
GME211217C00225000|3.75|4.15|3.38|3.00|3.60|18|0.60|0.2000|11|139|1|8|0.2030|0.0063|0.0094|-0.5753|0.0865||3.90|23|3.45|103
GME211217P00225000||||49.64|49.64|18|0.00|0.0000|0|30|0|0|-0.8377|0.0063|-0.0601|-0.4364|0.0752||55.05|51|51.80|14
GME211217C00227500|3.80|3.80|3.45|3.60|3.45|19|-0.15|-0.0417|1|10|1|2|0.1946|0.0061|0.0090|-0.5675|0.0843||3.85|51|3.25|55
GME211217P00227500||||51.86|51.86|19|0.00|0.0000|0|60|0|0|-0.8482|0.0060|-0.0613|-0.4197|0.0720||57.40|48|54.15|13
GME211217C00230000|3.25|3.67|3.23|3.05|3.65|20|0.60|0.1967|2|438|1|21|0.0660|0.0044|0.0033|-0.1716|0.0393||3.65|34|3.15|80
GME211217P00230000|57.65|57.65|57.65|64.00|57.65|20|-6.35|-0.0992|0|63|1|1|-0.9305|0.0045|-0.0659|-0.1807|0.0409||59.75|25|56.35|19
GME211217C00232500|3.25|3.30|3.25|2.66|3.30|21|0.64|0.2406|-1|85|1|2|0.1829|0.0056|0.0085|-0.5658|0.0812||3.55|41|3.00|83
GME211217P00232500||||53.30|53.30|21|0.00|0.0000|0|19|0|0|-0.9592|0.0033|-0.0680|-0.1060|0.0268||62.15|25|58.70|11
GME211217C00235000|3.10|3.35|2.98|2.80|2.98|22|0.18|0.0643|11|89|1|12|0.1704|0.0054|0.0079|-0.5373|0.0776||3.40|1|3.00|46
GME211217P00235000||||68.76|68.76|22|0.00|0.0000|0|61|0|0|-0.7450|0.0053|-0.0596|-0.8875|0.0983||64.55|26|61.05|19
GME211217C00240000|2.83|3.18|2.68|2.62|2.86|23|0.24|0.0916|25|346|1|40|0.0403|0.0029|0.0020|-0.1168|0.0265||3.20|49|2.80|74
GME211217P00240000||||73.45|73.45|23|0.00|0.0000|0|54|0|0|-0.9549|0.0031|-0.0701|-0.1307|0.0291||69.35|23|65.85|28
GME211217C00245000|2.75|3.00|2.75|2.74|3.00|24|0.26|0.0949|4|200|1|19|0.1537|0.0048|0.0071|-0.5371|0.0726||2.99|17|2.64|60
GME211217P00245000||||78.00|78.00|24|0.00|0.0000|1|39|0|0|-0.7702|0.0048|-0.0638|-0.8698|0.0929||74.15|19|70.85|19
GME211217C00250000|2.75|2.77|2.26|2.39|2.61|25|0.22|0.0921|58|1302|2|179|0.0251|0.0019|0.0013|-0.0802|0.0180||2.83|6|2.55|9
GME211217P00250000|76.30|76.30|76.30|85.24|76.30|25|-8.94|-0.1049|-1|54|1|1|-0.9724|0.0021|-0.0740|-0.0879|0.0195||79.00|27|75.80|14
GME211217C00255000|2.16|2.51|2.16|2.26|2.51|26|0.25|0.1106|0|359|5|29|0.1342|0.0042|0.0062|-0.5096|0.0662||2.79|53|2.19|135
GME211217P00255000||||39.75|39.75|26|0.00|0.0000|0|5|0|0|-1.0000|0.0000|-0.0768|0.0007|0.0001||83.90|20|80.45|58
GME211217C00260000|2.30|2.49|2.27|2.37|2.41|27|0.04|0.0169|-4|519|5|15|0.0153|0.0013|0.0008|-0.0533|0.0118||2.68|56|2.10|146
GME211217P00260000||||89.25|89.25|27|0.00|0.0000|0|21|0|0|-0.9829|0.0014|-0.0775|-0.0589|0.0130||88.80|22|85.45|19
GME211217C00270000|2.00|2.25|2.00|2.10|2.07|28|-0.03|-0.0143|64|636|2|8|0.0100|0.0009|0.0005|-0.0376|0.0082||2.50|51|1.98|127
GME211217P00270000||||102.35|102.35|28|0.00|0.0000|-19|30|0|0|-0.9884|0.0010|-0.0808|-0.0428|0.0093||98.80|34|95.30|12
GME211217C00280000|1.97|2.09|1.83|1.98|2.09|29|0.11|0.0556|32|2058|1|18|0.0068|0.0006|0.0003|-0.0275|0.0058||2.33|25|1.86|70
GME211217P00280000||||91.00|91.00|29|0.00|0.0000|0|10|0|0|-0.9923|0.0007|-0.0840|-0.0302|0.0065||108.70|21|105.20|4
GME211217C00290000|1.90|1.99|1.83|1.80|1.95|30|0.15|0.0833|6|531|3|29|0.0046|0.0004|0.0002|-0.0198|0.0041||2.18|12|1.86|19
GME211217P00290000||||127.73|127.73|30|0.00|0.0000|-2|23|0|0|-0.9943|0.0005|-0.0871|-0.0238|0.0050||118.30|18|115.00|13
GME211217C00300000|2.99|2.99|1.54|1.60|1.78|31|0.18|0.1125|-109|5622|1|194|0.0030|0.0003|0.0002|-0.0138|0.0028||2.00|1|1.78|12
GME211217P00300000|120.20|120.20|120.20|126.50|120.20|31|-6.30|-0.0498|0|20|1|1|-0.9964|0.0003|-0.0902|-0.0154|0.0033||128.20|17|124.75|13
GME211217C00310000|1.84|1.84|1.62|1.62|1.77|32|0.15|0.0926|16|384|1|21|0.0019|0.0002|0.0001|-0.0093|0.0019||1.95|23|1.62|26
GME211217P00310000||||102.75|102.75|32|0.00|0.0000|0|3|0|0|-0.9975|0.0002|-0.0933|-0.0111|0.0024||138.10|20|134.65|21
GME211217C00320000|1.65|1.69|1.65|1.49|1.69|33|0.20|0.1342|11|459|49|50|0.0013|0.0001|0.0001|-0.0068|0.0013||1.85|18|1.58|16
GME211217P00320000||||96.00|96.00|33|0.00|0.0000|0|17|0|0|-0.9982|0.0002|-0.0963|-0.0079|0.0017||148.05|18|144.65|18
GME211217C00330000|1.58|1.60|1.46|1.49|1.60|34|0.11|0.0738|21|234|1|35|0.0010|0.0001|0.0000|-0.0051|0.0010||1.76|27|1.43|46
GME211217P00330000||||159.50|159.50|34|0.00|0.0000|0|3|0|0|-0.9988|0.0001|-0.0994|-0.0055|0.0013||157.95|22|154.65|13
GME211217C00340000|1.45|1.50|1.45|1.41|1.50|35|0.09|0.0638|0|232|2|12|0.0007|0.0001|0.0000|-0.0039|0.0008||1.63|8|1.41|26
GME211217P00340000||||126.85|126.85|35|0.00|0.0000|0|7|0|0|-0.9991|0.0001|-0.1024|-0.0038|0.0009||167.90|22|164.65|14
GME211217C00350000|1.44|1.50|1.20|1.33|1.46|36|0.13|0.0977|-148|856|2|99|0.0005|0.0001|0.0000|-0.0031|0.0006||1.50|3|1.40|7
GME211217P00350000||||133.85|133.85|36|0.00|0.0000|0|4|0|0|-0.9993|0.0001|-0.1054|-0.0028|0.0007||177.90|11|174.65|14
GME211217C00360000|1.29|1.53|1.29|1.15|1.38|37|0.23|0.2000|-3|312|2|12|0.0004|0.0000|0.0000|-0.0026|0.0005||1.53|15|1.30|11
GME211217P00360000||||||37|||0|0|0|0|-0.9995|0.0001|-0.1085|-0.0021|0.0006||187.75|17|184.30|19
GME211217C00370000|1.40|1.40|1.40|1.43|1.40|38|-0.03|-0.0210|1|447|1|1|0.0004|0.0000|0.0000|-0.0022|0.0004||1.47|26|1.16|40
GME211217P00370000||||172.65|172.65|38|0.00|0.0000|0|3|0|0|-0.9996|0.0000|-0.1115|-0.0015|0.0005||197.70|13|194.30|19
GME211217C00380000|1.34|1.34|1.30|1.20|1.30|39|0.10|0.0833|7|175|1|2|0.0003|0.0000|0.0000|-0.0019|0.0003||1.42|17|1.11|38
GME211217P00380000||||208.83|208.83|39|0.00|0.0000|0|16|0|0|-0.9997|0.0000|-0.1145|-0.0009|0.0004||207.70|7|204.30|12
GME211217C00390000|1.20|1.20|1.17|1.16|1.20|40|0.04|0.0345|71|265|1|5|0.0002|0.0000|0.0000|-0.0016|0.0003||1.26|5|1.10|30
GME211217P00390000||||||40|||0|0|0|0|-0.9997|0.0000|-0.1175|-0.0006|0.0003||217.65|3|214.20|12
GME211217C00400000|1.10|1.21|0.90|1.10|1.15|41|0.05|0.0455|49|1325|1|212|0.0002|0.0000|0.0000|-0.0012|0.0002||1.17|2|1.13|1
GME211217P00400000||||238.75|238.75|41|0.00|0.0000|0|3|0|0|-0.9998|0.0000|-0.1205|-0.0003|0.0003||227.65|8|224.00|12
GME211217C00410000|1.00|1.00|1.00|1.10|1.00|42|-0.10|-0.0909|1|227|1|1|0.0001|0.0000|0.0000|-0.0009|0.0002||1.21|22|0.91|88
GME211217P00410000||||190.90|190.90|42|0.00|0.0000|0|3|0|0|-0.9998|0.0000|-0.1235|0.0000|0.0002||237.55|12|234.00|12
GME211217C00420000|1.09|1.10|0.92|0.92|1.10|43|0.18|0.1957|-2|540|2|5|0.0001|0.0000|0.0000|-0.0008|0.0001||1.20|16|0.91|23
GME211217P00420000||||189.85|189.85|43|0.00|0.0000|0|16|0|0|-0.9999|0.0000|-0.1266|0.0007|0.0001||247.40|17|244.00|12
GME211217C00430000|1.00|1.00|0.83|1.04|0.90|44|-0.14|-0.1346|7|220|6|22|0.0001|0.0000|0.0000|-0.0007|0.0001||1.20|20|0.74|67
GME211217P00430000||||244.20|244.20|44|0.00|0.0000|0|0|0|0|-0.9999|0.0000|-0.1296|0.0009|0.0001||257.40|12|252.75|1
GME211217C00440000||||0.80|0.80|45|0.00|0.0000|2|474|0|0|0.0001|0.0000|0.0000|-0.0006|0.0001||1.03|1|0.72|91
GME211217P00440000||||||45|||0|0|0|0|-0.9999|0.0000|-0.1326|0.0011|0.0001||267.40|12|262.70|3
GME211217C00450000|0.90|0.95|0.81|0.84|0.95|46|0.11|0.1310|62|745|1|7|0.0001|0.0000|0.0000|-0.0004|0.0001||0.96|1|0.72|126
GME211217P00450000||||||46|||0|0|0|0|-1.0000|0.0000|-0.1356|0.0012|0.0001||277.40|12|272.70|1
GME211217C00460000|0.88|1.02|0.85|0.90|0.85|47|-0.05|-0.0556|0|1139|1|7|0.0001|0.0000|0.0000|-0.0004|0.0001||1.15|21|0.71|47
GME211217P00460000||||261.60|261.60|47|0.00|0.0000|0|5|0|0|-1.0000|0.0000|-0.1386|0.0012|0.0001||287.35|12|282.70|10
GME211217C00470000|0.80|0.86|0.80|1.00|0.86|48|-0.14|-0.1400|0|190|1|2|0.0334|0.0009|0.0015|-0.2820|0.0227||1.06|14|0.71|35
GME211217P00470000||||||48||||0|0|0|-1.0000|0.0000|-0.1416|0.0016|0.0000||297.30|12|292.70|2
GME211217C00480000|0.65|0.65|0.65|0.80|0.65|49|-0.15|-0.1875|2|245|1|1|0.0267|0.0008|0.0012|-0.2289|0.0189||1.06|21|0.71|33
GME211217P00480000||||264.21|264.21|49|0.00|0.0000|0|7|0|0|-0.9944|0.0002|-0.1444|-0.0454|0.0049||307.25|12|302.65|12
GME211217C00490000|0.74|0.80|0.73|0.80|0.73|50|-0.07|-0.0875|-1|151|1|4|0.0287|0.0008|0.0013|-0.2515|0.0201||0.99|13|0.71|16
GME211217P00490000||||274.04|274.04|50|0.00|0.0000|0|7|0|0|-0.9921|0.0003|-0.1473|-0.0664|0.0066||317.25|12|312.60|20
GME211217C00500000|0.75|0.80|0.60|0.66|0.77|51|0.11|0.1667|16|2452|5|23|0.0296|0.0008|0.0013|-0.2633|0.0205||0.77|5|0.74|1
GME211217P00500000||||290.05|290.05|51|0.00|0.0000|0|7|0|0|-0.9832|0.0005|-0.1499|-0.1472|0.0128||327.20|12|322.60|12
GME211217C00510000|0.63|0.79|0.63|0.65|0.79|52|0.14|0.2154|67|1621|1|156|0.0281|0.0007|0.0012|-0.2539|0.0197||0.75|11|0.71|2
GME211217P00510000||||277.97|277.97|52|0.00|0.0000|0|0|0|0|-0.9956|0.0002|-0.1535|-0.0370|0.0039||337.15|12|332.60|12
GME211223C00100000||||71.00|71.00|12|0.00|0.0000|0|13|0|0|0.9344|0.0017|0.0400|-0.2902|0.0485||79.10|16|75.10|35
GME211223P00100000|2.42|2.42|1.55|2.13|1.60|12|-0.53|-0.2488|61|375|1|34|-0.0466|0.0015|-0.0045|-0.1918|0.0370||1.80|150|1.50|12
GME211223C00110000||||||11||||0|0|0|1.0000|0.0000|0.0512|-0.0004|0.0000||69.90|18|65.55|16
GME211223P00110000|2.10|2.29|2.10|2.57|2.15|11|-0.42|-0.1634|415|520|1|4|-0.0649|0.0020|-0.0063|-0.2302|0.0481||2.37|42|1.83|18
GME211223C00120000||||49.37|49.37|10|0.00|0.0000|1|2|0|0|0.9478|0.0024|0.0511|-0.1422|0.0406||60.35|14|56.15|17
GME211223P00120000|3.00|3.17|2.66|4.10|2.70|10|-1.40|-0.3415|0|37|1|30|-0.0863|0.0028|-0.0083|-0.2596|0.0598||2.59|2|2.33|19
GME211223C00130000||||41.20|41.20|9|0.00|0.0000|1|1|0|0|0.8996|0.0038|0.0512|-0.2415|0.0669||50.95|14|46.95|22
GME211223P00130000|3.58|3.58|3.40|5.25|3.40|9|-1.85|-0.3524|5|141|1|3|-0.1151|0.0038|-0.0109|-0.2891|0.0738||3.85|36|3.20|41
GME211223C00140000|41.10|41.10|41.10|41.10|41.10|8|0.00|0.0000|0|0|1|1|0.8422|0.0052|0.0502|-0.3291|0.0916||42.00|13|38.40|17
GME211223P00140000||||7.23|7.23|8|0.00|0.0000|7|49|0|0|-0.1915|0.0048|-0.0190|-0.4557|0.1036||5.65|29|4.55|15
GME211223C00145000||||||7||||0|0|0|1.0000|0.0000|0.0675|-0.0005|0.0000||38.00|11|34.40|20
GME211223P00145000|6.77|6.77|5.88|8.30|6.50|7|-1.80|-0.2169|3|14|4|15|-0.1821|0.0060|-0.0173|-0.3437|0.1006||6.55|38|5.60|21
GME211223C00150000||||28.10|28.10|6|0.00|0.0000|0|21|0|0|0.9094|0.0074|0.0620|-0.1069|0.0620||33.85|5|30.60|22
GME211223P00150000|9.75|9.75|6.65|11.00|7.70|6|-3.30|-0.3000|6|161|1|21|-0.2307|0.0065|-0.0223|-0.4184|0.1156||8.30|40|6.70|12
GME211223C00155000||||29.20|29.20|5|0.00|0.0000|0|11|0|0|0.7227|0.0065|0.0446|-0.5048|0.1275||30.60|15|27.05|25
GME211223P00155000|9.27|9.27|9.00|13.30|9.00|5|-4.30|-0.3233|1|79|1|2|-0.2592|0.0074|-0.0249|-0.4162|0.1233||9.75|50|8.15|19
GME211223C00160000||||22.77|22.77|4|0.00|0.0000|1|20|0|0|0.7255|0.0100|0.0491|-0.3289|0.1267||27.20|16|23.65|30
GME211223P00160000|10.00|11.08|10.00|13.20|11.08|4|-2.12|-0.1606|5|71|10|14|-0.3113|0.0075|-0.0306|-0.4895|0.1343||11.60|55|9.75|18
GME211223C00165000|22.80|22.80|19.80|18.80|19.80|3|1.00|0.0532|32|48|1|12|0.6507|0.0081|0.0423|-0.4991|0.1409||23.80|8|20.65|40
GME211223P00165000|13.12|13.33|11.97|17.15|13.33|3|-3.82|-0.2227|31|315|10|38|-0.3444|0.0088|-0.0334|-0.4529|0.1402||13.55|73|11.70|39
GME211223C00170000|20.25|20.25|19.22|18.44|19.98|2|1.54|0.0835|5|35|10|15|0.6052|0.0091|0.0404|-0.4820|0.1463||21.35|19|17.95|39
GME211223P00170000|15.51|15.78|13.71|20.03|15.78|2|-4.25|-0.2122|1|62|15|85|-0.3953|0.0081|-0.0398|-0.5402|0.1464||16.05|64|13.85|31
GME211223C00175000|17.20|21.00|17.06|16.30|17.06|1|0.76|0.0466|19|38|5|46|0.5574|0.0095|0.0378|-0.4821|0.1500||18.70|13|15.60|40
GME211223P00175000|18.00|18.29|16.00|22.05|17.16|1|-4.89|-0.2218|-4|43|30|38|-0.4397|0.0088|-0.0441|-0.5182|0.1499||18.75|40|16.25|8
