symbol|open|high|low|preClose|close|activeLevel|change|changeRatio|openIntChange|openInterest|latestPriceVol|volume|delta|gamma|rho|theta|vega|tradeStamptradeTime|ask|avol|bid|bvol
GME211203C00100000|83.51|83.51|83.51|82.00|83.51|14|1.51|0.0184|0|10|1|1|0.9589|0.0012|0.0050|-1.5887|0.0120||85.75|12|81.95|37
GME211203P00100000|0.08|0.09|0.02|0.08|0.02|14|-0.06|-0.7500|146|513|1|57|-0.0037|0.0003|0.0000|-0.1207|0.0015||0.05|4|0.02|22
GME211203C00110000||||135.99|135.99|13|0.00|0.0000|0|1|0|0|0.9623|0.0001|0.0084|-0.6254|0.0492||76.05|12|71.95|35
GME211203P00110000|0.09|0.25|0.09|0.17|0.09|13|-0.08|-0.4706|15|172|1|15|-0.0060|0.0004|-0.0001|-0.1647|0.0023||0.10|4|0.05|62
GME211203C00120000||||||12||||0|0|0|1.0000|0.0000|0.0066|-0.0004|0.0000||65.85|12|61.95|25
GME211203P00120000|0.29|0.30|0.10|0.25|0.14|12|-0.11|-0.4400|148|381|8|123|-0.0105|0.0008|-0.0001|-0.2442|0.0038||0.48|50|0.10|39
GME211203C00130000||||65.44|65.44|11|0.00|0.0000|0|1|0|0|0.8214|0.0027|0.0047|-6.2058|0.0354||56.25|13|51.80|27
GME211203P00130000|0.16|0.50|0.16|0.40|0.29|11|-0.11|-0.2750|26|976|1|35|-0.0208|0.0015|-0.0002|-0.4044|0.0068||0.34|21|0.14|31
GME211203C00140000||||55.33|55.33|10|0.00|0.0000|0|6|0|0|0.7959|0.0035|0.0050|-5.8117|0.0385||46.10|16|41.75|27
GME211203P00140000|0.69|0.77|0.28|0.50|0.28|10|-0.22|-0.4400|57|1151|8|259|-0.2305|0.0025|-0.0702|-0.4709|0.1820||0.30|10|0.20|14
GME211203C00150000||||44.80|44.80|9|0.00|0.0000|0|6|0|0|0.7662|0.0045|0.0052|-5.2268|0.0416||36.75|24|31.70|10
GME211203P00150000|1.85|1.85|0.42|0.94|0.47|9|-0.47|-0.5000|17|1198|1|649|-0.0513|0.0045|-0.0005|-0.6150|0.0143||0.53|2|0.31|86
GME211203C00155000||||27.75|27.75|8|0.00|0.0000|0|5|0|0|0.9356|0.0060|0.0078|-0.6592|0.0171||31.90|17|26.65|34
GME211203P00155000|0.73|1.61|0.50|1.30|0.59|8|-0.71|-0.5462|34|992|1|102|-0.0681|0.0061|-0.0007|-0.7083|0.0178||0.92|36|0.42|77
GME211203C00160000|20.00|20.00|20.00|28.80|20.00|7|-8.80|-0.3056|0|115|2|15|0.7352|0.0064|0.0056|-4.1880|0.0444||26.95|22|21.75|57
GME211203P00160000|1.00|2.35|0.72|1.85|0.85|7|-1.00|-0.5405|14|440|1|671|-0.3003|0.0041|-0.0814|-0.3790|0.2083||0.80|1|0.61|30
GME211203C00165000||||32.50|32.50|6|0.00|0.0000|-1|31|0|0|0.6870|0.0061|0.0051|-5.1858|0.0480||21.70|13|17.65|11
GME211203P00165000|1.61|3.55|0.94|2.60|0.96|6|-1.64|-0.6308|467|783|1|1047|-0.1329|0.0118|-0.0014|-0.9789|0.0292||1.20|1|0.90|14
GME211203C00170000|11.23|12.00|8.50|13.25|12.00|5|-1.25|-0.0943|10|50|8|46|0.7789|0.0153|0.0070|-1.4426|0.0403||17.20|4|12.55|26
GME211203P00170000|2.31|5.10|1.45|3.72|1.55|5|-2.17|-0.5833|275|934|4|1875|-0.1821|0.0167|-0.0019|-1.0474|0.0358||1.73|1|1.35|15
GME211203C00175000|9.64|10.53|6.00|9.70|10.53|4|0.83|0.0856|29|117|5|43|0.7508|0.0237|0.0070|-1.0637|0.0431||12.80|15|9.55|16
GME211203P00175000|1.95|7.25|1.95|4.95|2.03|4|-2.92|-0.5899|181|483|3|1103|-0.2619|0.0227|-0.0028|-1.1681|0.0442||2.60|1|2.04|70
GME211203C00177500|10.10|10.10|4.70|7.55|8.24|3|0.69|0.0914|4|7|1|54|0.6979|0.0293|0.0066|-1.0391|0.0473||10.85|29|7.75|19
GME211203P00177500|4.40|8.60|2.87|5.85|3.46|3|-2.39|-0.4085|136|199|3|779|-0.3946|0.0058|-0.1018|-0.3249|0.2305||3.35|17|2.58|12
GME211203C00180000|8.54|11.00|3.20|7.10|7.36|2|0.26|0.0366|57|733|31|835|0.6113|0.0274|0.0057|-1.3408|0.0520||8.70|20|6.25|57
GME211203P00180000|5.50|10.10|3.35|6.98|3.45|2|-3.53|-0.5057|493|1768|1|1554|-0.4133|0.0064|-0.1049|-0.3044|0.2332||4.00|1|3.30|7
GME211203C00182500|7.88|8.47|3.11|6.70|6.00|1|-0.70|-0.1045|74|85|1|75|0.5402|0.0272|0.0051|-1.4489|0.0539||7.00|20|5.10|66
GME211203P00182500|5.90|11.00|4.40|8.00|5.00|1|-3.00|-0.3750|98|297|3|152|-0.4605|0.0240|-0.0050|-1.6448|0.0539||6.05|72|4.10|21
GME211203C00185000|4.90|7.95|2.08|4.90|5.00|1|0.10|0.0204|313|481|1|945|0.4658|0.0277|0.0044|-1.4278|0.0539||5.25|1|4.70|13
GME211203P00185000|6.43|14.03|5.35|9.80|5.35|1|-4.45|-0.4541|77|588|1|837|-0.5120|0.0206|-0.0056|-1.9279|0.0541||7.35|61|5.35|96
GME211203C00187500|3.85|6.50|1.83|3.95|3.50|2|-0.45|-0.1139|713|730|1|542|0.4103|0.0257|0.0039|-1.4732|0.0528||4.70|83|3.00|77
GME211203P00187500|7.91|15.14|7.00|10.70|9.23|2|-1.47|-0.1374|113|475|1|39|-0.5750|0.0228|-0.0063|-1.6854|0.0532||8.40|26|6.50|3
GME211203C00190000|3.95|5.18|1.50|3.70|3.00|3|-0.70|-0.1892|634|778|1|798|0.3367|0.0259|0.0032|-1.2880|0.0496||3.30|26|2.60|17
GME211203P00190000|11.24|18.00|8.00|12.00|9.52|3|-2.48|-0.2067|-109|833|5|231|-0.4736|0.0063|-0.1238|-0.3218|0.2383||9.40|22|7.75|42
GME211203C00192500|2.95|4.25|1.47|2.96|2.26|4|-0.70|-0.2365|434|502|1|483|0.2748|0.0239|0.0026|-1.1649|0.0453||2.55|26|1.65|56
GME211203P00192500|11.75|16.88|11.63|14.20|15.35|4|1.15|0.0810|-101|273|1|9|-0.6173|0.0154|-0.0070|-2.3633|0.0517||11.60|18|9.50|7
GME211203C00195000|2.37|3.40|1.00|2.40|1.80|5|-0.60|-0.2500|397|597|10|516|0.2292|0.0207|0.0022|-1.1091|0.0411||1.99|1|1.37|93
GME211203P00195000|14.00|21.77|12.00|16.71|13.53|5|-3.18|-0.1903|-61|626|5|163|-0.7998|0.0215|-0.0088|-0.9135|0.0380||13.85|31|11.50|12
GME211203C00197500|2.55|2.85|0.96|2.04|1.50|6|-0.54|-0.2647|386|490|1|443|0.1977|0.0182|0.0019|-1.0600|0.0377||1.80|87|0.99|68
GME211203P00197500|23.22|23.22|20.41|18.95|20.41|6|1.46|0.0770|38|202|8|9|-0.6503|0.0127|-0.0077|-2.7011|0.0503||16.35|13|13.15|5
GME211203C00200000|1.75|2.33|0.81|1.69|1.06|7|-0.63|-0.3728|381|1051|1|2081|0.4769|0.0060|0.0718|-0.3418|0.2384||1.20|4|0.96|1
GME211203P00200000|17.55|26.85|16.00|22.15|17.60|7|-4.55|-0.2054|-71|998|1|218|-0.8115|0.0156|-0.0092|-1.1653|0.0366||18.85|30|15.50|7
GME211203C00202500|2.00|2.00|0.79|1.48|0.88|8|-0.60|-0.4054|35|281|4|434|0.1364|0.0136|0.0013|-0.8799|0.0297||1.02|26|0.71|65
GME211203P00202500|20.05|22.43|20.05|21.91|22.43|8|0.52|0.0237|-27|184|20|22|-0.4507|0.0037|-0.1469|-0.5466|0.2370||21.35|20|17.60|9
GME211203C00205000|1.17|1.68|0.70|1.34|0.74|9|-0.60|-0.4478|206|834|2|581|0.1152|0.0118|0.0011|-0.7976|0.0264||0.88|22|0.68|8
GME211203P00205000|22.06|31.10|22.06|28.45|25.48|9|-2.97|-0.1044|-4|484|10|65|-0.7474|0.0115|-0.0089|-2.2173|0.0433||23.85|16|20.10|2
GME211203C00207500|1.29|1.35|0.61|1.10|0.76|10|-0.34|-0.3091|-5|400|1|48|0.1031|0.0103|0.0010|-0.7809|0.0243||0.74|10|0.54|47
GME211203P00207500|23.40|31.50|23.40|20.90|31.50|10|10.60|0.5072|-2|35|1|3|-0.6802|0.0090|-0.0086|-3.5380|0.0485||26.35|16|22.50|5
GME211203C00210000|1.01|1.24|0.55|1.11|0.64|11|-0.47|-0.4234|79|939|1|625|0.0847|0.0088|0.0008|-0.6823|0.0210||0.71|15|0.54|12
GME211203P00210000|28.16|35.15|27.10|30.40|28.84|11|-1.56|-0.0513|1|385|1|30|-0.8194|0.0103|-0.0098|-1.6732|0.0357||28.75|16|25.00|4
GME211203C00212500|0.95|1.05|0.53|0.92|0.57|12|-0.35|-0.3804|119|297|1|131|0.4560|0.0049|0.0656|-0.4151|0.2374||0.67|33|0.47|22
GME211203P00212500||||34.12|34.12|12|0.00|0.0000|-1|67|0|0|-0.7440|0.0089|-0.0094|-2.8995|0.0436||31.25|15|27.50|2
GME211203C00215000|0.81|1.00|0.49|0.87|0.53|13|-0.34|-0.3908|21|792|1|202|0.0659|0.0068|0.0006|-0.6033|0.0174||0.62|26|0.43|25
GME211203P00215000|31.50|35.35|31.50|34.35|32.97|13|-1.38|-0.0402|-1|226|8|24|-0.7831|0.0088|-0.0098|-2.4616|0.0398||33.75|12|30.00|2
GME211203C00217500|0.70|0.70|0.47|0.71|0.47|14|-0.24|-0.3380|-7|183|1|17|0.0665|0.0064|0.0006|-0.6479|0.0175||0.50|1|0.42|10
GME211203P00217500||||30.09|30.09|14|0.00|0.0000|0|74|0|0|-0.9914|0.0018|-0.0118|-0.0751|0.0032||36.25|16|32.25|2
GME211203C00220000|0.77|0.81|0.40|0.77|0.46|15|-0.31|-0.4026|-11|1378|1|374|0.0637|0.0059|0.0006|-0.6582|0.0169||0.50|1|0.42|6
GME211203P00220000|35.30|44.52|35.30|40.00|38.63|15|-1.37|-0.0343|1|213|1|17|-0.8483|0.0078|-0.0107|-1.7632|0.0319||38.75|16|34.75|4
GME211203C00222500|0.66|0.73|0.45|0.57|0.45|16|-0.12|-0.2105|-15|181|1|19|0.4572|0.0041|0.0626|-0.4895|0.2375||0.50|21|0.37|23
GME211203P00222500|47.10|47.10|45.85|34.99|45.85|16|10.86|0.3104|0|51|2|6|-0.7336|0.0069|-0.0099|-3.8824|0.0445||41.25|13|37.20|4
GME211203C00225000|0.71|0.72|0.41|0.71|0.41|17|-0.30|-0.4225|-80|656|1|108|0.0524|0.0048|0.0005|-0.5991|0.0145||0.48|17|0.35|22
GME211203P00225000||||45.20|45.20|17|0.00|0.0000|-3|125|0|0|-0.8085|0.0071|-0.0106|-2.6255|0.0370||43.75|15|39.70|2
GME211203C00227500|0.50|0.70|0.46|0.77|0.50|18|-0.27|-0.3506|3|97|2|27|0.0569|0.0048|0.0005|-0.6854|0.0155||0.47|24|0.33|22
GME211203P00227500|53.85|53.85|45.47|33.03|45.48|18|12.45|0.3769|0|26|1|5|-0.8854|0.0063|-0.0114|-1.4863|0.0263||46.25|12|41.90|2
GME211203C00230000|0.54|0.63|0.35|0.62|0.40|19|-0.22|-0.3548|192|927|1|168|0.0474|0.0041|0.0005|-0.5912|0.0134||0.39|1|0.37|5
GME211203P00230000|47.50|56.35|47.50|45.00|47.98|19|2.98|0.0662|-3|67|1|6|-0.8883|0.0060|-0.0116|-1.5132|0.0258||48.75|16|44.40|15
GME211203C00232500|0.48|0.48|0.38|0.57|0.38|20|-0.19|-0.3333|-8|93|1|9|0.0436|0.0038|0.0004|-0.5673|0.0125||0.46|36|0.31|38
GME211203P00232500||||46.88|46.88|20|0.00|0.0000|-1|34|0|0|-0.9979|0.0004|-0.0127|-0.0244|0.0009||51.25|12|46.90|10
GME211203C00235000|0.33|0.60|0.32|0.54|0.32|21|-0.22|-0.4074|-1|331|1|103|0.0438|0.0036|0.0004|-0.5948|0.0126||0.37|1|0.31|19
GME211203P00235000|51.57|61.30|50.00|54.89|52.55|21|-2.34|-0.0426|-6|371|1|49|-0.9116|0.0051|-0.0121|-1.2674|0.0218||53.75|16|49.40|9
GME211203C00237500|0.42|0.42|0.42|0.52|0.42|22|-0.10|-0.1923|0|115|1|1|0.0440|0.0035|0.0004|-0.6223|0.0126||0.42|24|0.28|21
GME211203P00237500|54.06|63.79|52.54|57.38|55.05|22|-2.33|-0.0406|-6|284|1|38|-0.9135|0.0048|-0.0122|-1.2867|0.0214||56.25|12|51.90|2
GME211203C00240000|0.50|0.60|0.30|0.50|0.31|23|-0.19|-0.3800|1|592|1|202|0.0370|0.0030|0.0004|-0.5376|0.0110||0.35|1|0.31|2
GME211203P00240000|54.95|66.50|54.95|57.50|57.87|23|0.37|0.0064|-1|101|3|9|-0.9020|0.0049|-0.0122|-1.5346|0.0235||58.75|30|54.30|22
GME211203C00245000|0.47|0.47|0.27|0.44|0.27|24|-0.17|-0.3864|-31|414|1|46|0.0303|0.0025|0.0003|-0.4672|0.0093||0.35|5|0.24|19
GME211203P00245000|60.55|60.55|60.55|62.45|60.55|24|-1.90|-0.0304|-1|68|1|1|-0.6121|0.0040|-0.2074|-0.4755|0.2293||63.75|12|59.20|10
GME211203C00250000|0.25|0.45|0.25|0.41|0.29|25|-0.12|-0.2927|-50|3342|2|1482|0.0292|0.0023|0.0003|-0.4797|0.0090||0.28|1|0.26|3
GME211203P00250000|71.49|74.50|67.82|65.43|67.82|25|2.39|0.0365|-9|123|3|6|-0.9115|0.0041|-0.0129|-1.5660|0.0217||68.75|12|64.20|2
GME211203C00260000|0.23|0.34|0.22|0.37|0.22|26|-0.15|-0.4054|10|714|25|147|0.0239|0.0018|0.0002|-0.4379|0.0076||0.23|1|0.22|74
GME211203P00260000||||75.00|75.00|26|0.00|0.0000|-1|6|0|0|-0.9650|0.0023|-0.0139|-0.6505|0.0105||78.75|12|74.20|3
GME211203C00270000|0.22|0.34|0.20|0.26|0.20|27|-0.06|-0.2308|-1|587|1|226|0.0215|0.0015|0.0002|-0.4324|0.0070||0.26|24|0.20|6
GME211203P00270000|85.99|86.50|85.99|90.50|86.50|27|-4.00|-0.0442|4|21|2|4|-0.9772|0.0016|-0.0146|-0.4590|0.0073||88.65|12|84.20|4
GME211203C00280000|0.22|0.30|0.16|0.25|0.16|28|-0.09|-0.3600|-8|572|1|67|0.0156|0.0011|0.0001|-0.3370|0.0053||0.20|1|0.16|7
GME211203P00280000||||95.00|95.00|28|0.00|0.0000|-3|10|0|0|-0.9694|0.0018|-0.0151|-0.6780|0.0094||98.55|12|94.40|12
GME211203C00290000|0.27|0.27|0.12|0.25|0.12|29|-0.13|-0.5200|200|502|1|16|0.0117|0.0009|0.0001|-0.2720|0.0042||0.19|7|0.11|6
GME211203P00290000||||||29||||0|0|0|-1.0000|0.0000|-0.3098|0.0009|0.0000||108.35|10|103.95|12
GME211203C00300000|0.17|0.22|0.09|0.17|0.11|30|-0.06|-0.3529|16|2195|5|270|0.0105|0.0007|0.0001|-0.2594|0.0038||0.12|2|0.11|9
GME211203P00300000||||111.10|111.10|30|0.00|0.0000|-1|2|0|0|-0.9999|0.0000|-0.0164|-0.0008|0.0000||118.30|10|114.00|12
GME211203C00310000|0.11|0.13|0.10|0.20|0.13|31|-0.07|-0.3500|-10|344|1|3|0.0114|0.0007|0.0001|-0.3007|0.0041||0.13|1|0.08|3
GME211203P00310000||||71.90|71.90|31|0.00|0.0000|0|4|0|0|-0.8611|0.0030|-0.3088|-0.2112|0.1325||128.25|10|124.40|12
GME211203C00320000|0.10|0.12|0.08|0.17|0.08|32|-0.09|-0.5294|100|389|1|3|0.0073|0.0005|0.0001|-0.2035|0.0028||0.10|2|0.08|2
GME211203P00320000||||||32||||0|0|0|-1.0000|0.0000|-0.0175|0.0010|0.0000||138.20|12|134.10|12
GME211203C00330000|0.08|0.08|0.07|0.11|0.07|33|-0.04|-0.3636|68|348|1|5|0.0064|0.0004|0.0001|-0.1862|0.0024||0.09|7|0.07|1
GME211203P00330000||||127.27|127.27|33|0.00|0.0000|0|2|0|0|-0.9962|0.0003|-0.0180|-0.1086|0.0015||148.15|12|144.30|12
GME211203C00340000|0.08|0.08|0.07|0.11|0.07|34|-0.04|-0.3636|21|135|1|3|0.0060|0.0004|0.0001|-0.1840|0.0023||0.08|14|0.04|12
GME211203P00340000||||134.20|134.20|34|0.00|0.0000|0|1|0|0|-0.9987|0.0001|-0.0186|-0.0390|0.0006||158.15|10|154.10|12
GME211203C00350000|0.09|0.09|0.05|0.10|0.05|35|-0.05|-0.5000|226|1237|1|26|0.0044|0.0003|0.0000|-0.1406|0.0018||0.06|1|0.04|1
GME211203P00350000||||136.35|136.35|35|0.00|0.0000|0|3|0|0|-1.0000|0.0000|-0.0192|0.0007|0.0000||168.15|10|164.15|12
GME211203C00360000||||0.09|0.09|36|0.00|0.0000|-2|159|0|0|0.0070|0.0004|0.0001|-0.2331|0.0026||0.07|17|0.02|14
GME211203P00360000||||||36||||0|0|0|-1.0000|0.0000|-0.0197|0.0011|0.0000||178.15|10|174.15|12
GME211203C00370000||||0.05|0.05|37|0.00|0.0000|-2|88|0|0|0.0041|0.0003|0.0000|-0.1417|0.0017||0.07|4|0.01|14
GME211203P00370000||||136.05|136.05|37|0.00|0.0000|0|1|0|0|-1.0000|0.0000|-0.0203|0.0011|0.0000||188.10|10|184.15|12
GME211203C00380000|0.06|0.06|0.06|0.10|0.06|38|-0.04|-0.4000|15|101|1|1|0.0047|0.0003|0.0000|-0.1658|0.0018||0.19|41|0.01|1
GME211203P00380000||||170.35|170.35|38|0.00|0.0000|0|0|0|0|-0.9995|0.0000|-0.0208|-0.0165|0.0002||198.10|10|193.90|12
GME211203C00390000|0.02|0.02|0.02|0.09|0.02|39|-0.07|-0.7778|9|91|2|2|0.0017|0.0001|0.0000|-0.0634|0.0008||0.11|17|0.01|200
GME211203P00390000||||||39||||0|0|0|-1.0000|0.0000|-0.0214|0.0012|0.0000||208.10|10|203.80|16
GME211203C00400000|0.04|0.06|0.01|0.07|0.04|40|-0.03|-0.4286|-34|2449|10|44|0.0032|0.0002|0.0000|-0.1224|0.0013||0.06|43|0.03|1
GME211203P00400000||||215.38|215.38|40|0.00|0.0000|-10|0|0|0|-0.9999|0.0000|-0.0219|-0.0017|0.0000||218.10|10|213.90|12
GME211203C00410000|0.05|0.05|0.02|0.05|0.03|41|-0.02|-0.4000|-2|1055|2|37|0.0024|0.0002|0.0000|-0.0944|0.0010||0.07|4|0.03|5
GME211203P00410000||||||41||||0|0|0|-1.0000|0.0000|-0.4380|0.0013|0.0000||228.10|10|223.95|6
GME211203C00420000|0.04|0.04|0.04|0.05|0.04|42|-0.01|-0.2000|7|231|4|4|0.0031|0.0002|0.0000|-0.1230|0.0013||0.06|1|0.01|1
GME211203P00420000||||||42||||0|0|0|-1.0000|0.0000|-0.0230|0.0013|0.0000||238.10|10|233.95|5
GME211203C00430000||||0.03|0.03|43|0.00|0.0000|21|70|0|0|0.0024|0.0001|0.0000|-0.0968|0.0010||0.10|2|0.01|6
GME211203P00430000||||||43||||0|0|0|-1.0000|0.0000|-0.0236|0.0013|0.0000||248.10|10|243.10|12
GME211203C00440000|0.08|0.08|0.08|0.05|0.08|44|0.03|0.6000|1|70|1|1|0.0052|0.0003|0.0000|-0.2186|0.0020||0.17|1|0.00|0
GME211203P00440000||||||44||||0|0|0|-1.0000|0.0000|-0.0241|0.0014|0.0000||258.10|10|253.55|12
GME211203C00450000|0.02|0.02|0.02|0.03|0.02|45|-0.01|-0.3333|5|483|1|1|0.0016|0.0001|0.0000|-0.0688|0.0007||0.11|1|0.01|20
GME211203P00450000||||||45||||0|0|0|-1.0000|0.0000|-0.0247|0.0014|0.0000||268.10|10|262.80|12
GME211203C00460000|0.11|0.11|0.03|0.02|0.05|46|0.03|1.5000|-1|59|1|5|0.0034|0.0002|0.0000|-0.1507|0.0014||0.05|1|0.01|1
GME211203P00460000||||||46||||0|0|0|-1.0000|0.0000|-0.0252|0.0014|0.0000||278.10|10|273.00|12
GME211203C00470000||||0.07|0.07|47|0.00|0.0000|-57|191|0|0|0.0044|0.0002|0.0000|-0.1995|0.0018||0.05|1|0.00|0
GME211203P00470000||||||47||||0|0|0|-1.0000|0.0000|-0.0258|0.0014|0.0000||288.10|10|283.65|12
GME211203C00480000|0.05|0.06|0.05|0.04|0.06|48|0.02|0.5000|1|91|1|2|0.0038|0.0002|0.0000|-0.1742|0.0015||0.10|1|0.00|0
GME211203P00480000||||||48||||0|0|0|-1.0000|0.0000|-0.5128|0.0015|0.0000||298.10|10|293.65|12
GME211203C00490000||||0.06|0.06|49|0.00|0.0000|16|250|0|0|0.0037|0.0002|0.0000|-0.1743|0.0015||0.04|1|0.01|1
GME211203P00490000||||||49||||0|0|0|-1.0000|0.0000|-0.5235|0.0015|0.0000||308.10|10|303.50|10
GME211203C00500000|0.05|0.05|0.01|0.05|0.01|50|-0.04|-0.8000|1|1370|1|19|0.0008|0.0001|0.0000|-0.0396|0.0004||0.05|5|0.01|4
GME211203P00500000||||||50||||0|0|0|-1.0000|0.0000|-0.0274|0.0015|0.0000||318.10|10|313.50|10
GME211203C00510000|0.04|0.04|0.01|0.05|0.02|51|-0.03|-0.6000|217|5698|15|416|0.0015|0.0001|0.0000|-0.0713|0.0006||0.02|49|0.01|20
GME211203P00510000||||||51||||0|0|0|-1.0000|0.0000|-0.0279|0.0016|0.0000||328.10|10|323.50|10
GME211210C00100000||||86.01|86.01|15|0.00|0.0000|0|1|0|0|0.8656|0.0012|0.0685|-0.4296|0.1408||85.50|1|82.65|12
GME211210P00100000|0.57|0.79|0.34|0.57|0.53|15|-0.04|-0.0702|65|210|1|26|-0.0200|0.0008|-0.0010|-0.1573|0.0139||0.60|1|0.31|86
GME211210C00110000||||76.13|76.13|14|0.00|0.0000|0|2|0|0|0.9346|0.0018|0.0236|-0.5038|0.0367||76.55|12|72.75|10
GME211210P00110000|0.85|0.85|0.64|0.71|0.64|14|-0.07|-0.0986|50|206|5|8|-0.0307|0.0013|-0.0016|-0.2090|0.0200||0.98|56|0.44|116
GME211210C00120000||||76.03|76.03|13|0.00|0.0000|0|1|0|0|0.8420|0.0022|0.0194|-1.4907|0.0695||67.40|12|63.10|10
GME211210P00120000|0.60|1.31|0.60|0.95|1.10|13|0.15|0.1579|2|96|1|174|-0.0447|0.0019|-0.0023|-0.2600|0.0271||1.22|63|0.78|24
GME211210C00130000||||||12||||0|0|0|1.0000|0.0000|0.0321|-0.0004|0.0000||57.10|13|53.65|10
GME211210P00130000|1.30|2.00|1.00|1.50|1.65|12|0.15|0.1000|20|431|1|68|-0.0676|0.0028|-0.0034|-0.3349|0.0376||1.51|10|1.20|13
GME211210C00140000||||56.44|56.44|11|0.00|0.0000|0|29|0|0|0.7911|0.0033|0.0219|-1.3728|0.0827||48.05|20|44.45|10
GME211210P00140000|2.30|3.20|1.75|2.49|2.10|11|-0.39|-0.1566|47|299|1|240|-0.0961|0.0041|-0.0048|-0.3916|0.0490||2.33|14|1.97|14
GME211210C00145000||||||10|||||0|0|1.0000|0.0000|0.0358|-0.0005|0.0000||43.35|14|40.05|30
GME211210P00145000|2.60|3.60|2.60|2.60|2.77|10|0.17|0.0654|||1|6|-0.1273|0.0050|-0.0065|-0.4869|0.0600||3.10|14|2.46|26
GME211210C00150000||||47.05|47.05|9|0.00|0.0000|0|19|0|0|0.7519|0.0040|0.0221|-1.3972|0.0911||38.95|14|35.75|20
GME211210P00150000|3.00|5.00|2.81|3.70|3.40|9|-0.30|-0.0811|51|220|1|380|-0.1505|0.0059|-0.0077|-0.5171|0.0673||3.60|21|3.10|20
GME211210C00155000||||58.70|58.70|8|0.00|0.0000|0|45|0|0|0.7198|0.0028|0.0181|-2.2326|0.0969||34.80|15|31.70|16
GME211210P00155000|4.95|6.40|4.40|4.95|4.50|8|-0.45|-0.0909|94|195|13|40|-0.1678|0.0070|-0.0084|-0.4965|0.0723||4.75|23|3.95|36
GME211210C00160000||||29.75|29.75|7|0.00|0.0000|0|204|0|0|0.7657|0.0075|0.0273|-0.6954|0.0883||30.40|5|27.80|23
GME211210P00160000|5.00|8.20|5.00|6.00|5.72|7|-0.28|-0.0467|153|386|13|189|-0.2254|0.0079|-0.0115|-0.6365|0.0864||5.70|17|5.05|24
GME211210C00165000|21.75|21.75|21.75|23.22|21.75|6|-1.47|-0.0633|2|2|1|1|0.7929|0.0111|0.0305|-0.4084|0.0822||26.65|4|24.15|21
GME211210P00165000|7.65|10.05|6.48|7.75|6.93|6|-0.82|-0.1058|18|320|1|58|-0.3238|0.0043|-0.1036|-0.3233|0.2336||7.45|53|6.35|47
GME211210C00170000|24.00|24.00|17.52|20.07|21.00|5|0.93|0.0463|11|16|2|17|0.6511|0.0047|0.1039|-0.3138|0.2406||23.25|4|20.80|24
GME211210P00170000|8.54|12.29|7.15|8.90|8.00|5|-0.90|-0.1011|-2|360|1|149|-0.3161|0.0099|-0.0163|-0.7123|0.1023||8.40|1|8.00|8
GME211210C00175000|19.14|19.20|13.80|18.40|19.20|4|0.80|0.0435|7|25|4|37|0.6294|0.0100|0.0237|-0.7937|0.1088||20.15|6|17.80|42
GME211210P00175000|9.55|15.25|9.50|11.66|10.65|4|-1.01|-0.0866|117|418|5|203|-0.3707|0.0100|-0.0195|-0.7955|0.1088||11.25|37|9.90|49
GME211210C00177500|16.27|16.27|16.26|16.27|16.26|3|-0.01|-0.0006|||1|2|0.6041|0.0114|0.0233|-0.7213|0.1108||18.90|16|16.45|46
GME211210P00177500|11.31|16.03|11.00|11.31|11.00|3|-0.31|-0.0274|||1|18|-0.3830|0.0046|-0.1261|-0.3475|0.2481||11.75|28|10.90|29
GME211210C00180000|14.20|18.25|11.72|14.75|16.00|2|1.25|0.0847|58|79|1|261|0.5746|0.0108|0.0220|-0.7933|0.1128||17.45|25|15.15|55
GME211210P00180000|13.00|17.50|11.63|14.30|12.72|2|-1.58|-0.1105|117|606|5|185|-0.4255|0.0113|-0.0222|-0.7541|0.1128||13.30|48|12.10|19
GME211210C00182500|15.85|15.85|10.82|15.85|14.13|1|-1.72|-0.1085|||1|37|0.5481|0.0114|0.0213|-0.7671|0.1140||16.20|18|13.90|47
GME211210P00182500|14.38|19.00|14.38|14.38|15.26|1|0.88|0.0612|||3|14|-0.4557|0.0133|-0.0234|-0.6553|0.1142||14.70|12|13.10|45
GME211210C00185000|15.95|15.95|9.20|12.60|13.94|1|1.34|0.1063|53|108|1|51|0.5823|0.0046|0.0935|-0.3567|0.2539||14.85|15|12.95|39
GME211210P00185000|14.53|20.50|14.50|17.01|18.00|1|0.99|0.0582|61|358|1|38|-0.4686|0.0093|-0.0256|-0.9411|0.1145||16.20|38|14.05|47
GME211210C00187500|15.35|15.35|9.15|11.00|12.20|2|1.20|0.1091|9|19|1|22|0.5663|0.0049|0.0927|-0.3448|0.2558||13.85|25|11.70|22
GME211210P00187500|16.10|18.80|16.10|15.45|17.90|2|2.45|0.1586|45|127|1|3|-0.4995|0.0103|-0.0270|-0.8601|0.1149||17.65|22|15.35|40
GME211210C00190000|12.50|13.20|8.50|10.75|11.64|3|0.89|0.0828|10|96|1|121|0.4648|0.0111|0.0182|-0.7915|0.1143||12.70|32|11.50|14
GME211210P00190000|20.96|23.00|18.25|21.52|18.50|3|-3.02|-0.1403|50|428|2|10|-0.5252|0.0103|-0.0285|-0.8526|0.1147||18.90|40|16.80|34
GME211210C00192500|11.15|11.65|7.78|9.50|10.69|4|1.19|0.1253|33|65|1|14|0.5470|0.0048|0.0893|-0.3588|0.2576||11.60|15|9.80|40
GME211210P00192500|18.46|21.38|18.46|22.09|20.00|4|-2.09|-0.0946|14|86|2|24|-0.5590|0.0108|-0.0302|-0.8009|0.1135||20.75|34|18.25|36
GME211210C00195000|10.22|11.43|7.00|9.70|9.61|5|-0.09|-0.0093|76|134|31|189|0.4149|0.0107|0.0163|-0.7881|0.1121||10.80|16|8.95|21
GME211210P00195000|20.40|23.13|20.40|22.97|22.30|5|-0.67|-0.0292|41|190|2|27|-0.5665|0.0097|-0.0313|-0.8848|0.1133||21.00|1|20.05|13
GME211210C00197500|8.80|9.30|8.18|9.50|9.10|6|-0.40|-0.0421|10|46|5|18|0.3928|0.0104|0.0155|-0.7891|0.1106||9.90|16|8.35|36
GME211210P00197500||||19.25|19.25|6|0.00|0.0000|27|104|0|0|-0.6757|0.0138|-0.0353|-0.5216|0.1035||24.20|31|21.70|16
GME211210C00200000|8.80|10.00|6.00|7.80|8.70|7|0.90|0.1154|82|634|4|239|0.3674|0.0103|0.0146|-0.7670|0.1084||9.10|26|8.20|1
GME211210P00200000|25.18|31.28|24.10|27.05|24.10|7|-2.95|-0.1091|-20|659|1|24|-0.4751|0.0045|-0.1674|-0.3849|0.2589||24.75|12|23.45|13
GME211210C00202500|8.75|8.75|6.10|7.25|8.00|8|0.75|0.1034|3|67|1|22|0.3478|0.0099|0.0138|-0.7646|0.1063||8.45|37|7.00|47
GME211210P00202500|27.95|27.95|27.95|26.32|27.95|8|1.63|0.0619|15|48|1|1|-0.6370|0.0094|-0.0357|-0.8316|0.1079||27.25|14|25.15|25
GME211210C00205000|7.30|7.44|5.28|6.79|7.29|9|0.50|0.0736|26|159|5|37|0.3345|0.0094|0.0132|-0.7818|0.1047||7.90|15|6.40|58
GME211210P00205000|27.42|32.21|26.88|31.25|29.88|9|-1.37|-0.0438|2|177|1|6|-0.6539|0.0091|-0.0370|-0.8267|0.1062||28.85|12|27.00|16
GME211210C00207500|5.55|7.35|5.10|5.55|6.84|10|1.29|0.2324|4|68|1|13|0.3145|0.0092|0.0125|-0.7643|0.1021||7.10|1|5.90|43
GME211210P00207500|29.52|32.00|29.52|28.58|32.00|10|3.42|0.1197|-5|18|1|2|-0.8557|0.0112|-0.0450|-0.2554|0.0654||31.35|30|28.95|15
GME211210C00210000|7.00|7.00|4.50|5.82|5.85|11|0.03|0.0052|10|309|1|49|0.2981|0.0089|0.0118|-0.7522|0.0998||6.30|1|5.45|84
GME211210P00210000|34.85|38.38|34.47|36.62|34.47|11|-2.15|-0.0587|-4|105|1|18|-0.6781|0.0084|-0.0392|-0.8538|0.1032||33.75|21|30.90|10
GME211210C00212500|6.00|6.00|4.40|5.55|5.75|12|0.20|0.0360|54|83|20|27|0.2767|0.0086|0.0110|-0.7231|0.0963||6.05|1|5.05|62
GME211210P00212500|33.64|33.64|33.64|32.63|33.64|12|1.01|0.0310|-1|38|1|1|-0.5509|0.0050|-0.1907|-0.3397|0.2573||35.80|20|32.90|14
GME211210C00215000|3.95|5.75|3.95|5.09|5.50|13|0.41|0.0806|6|165|4|31|0.2657|0.0083|0.0106|-0.7238|0.0945||5.75|30|4.65|59
GME211210P00215000|42.73|42.73|37.79|40.77|37.79|13|-2.98|-0.0731|-4|34|1|2|-0.7221|0.0081|-0.0420|-0.7729|0.0966||37.95|22|34.95|13
GME211210C00217500|5.45|5.45|4.28|5.55|4.50|14|-1.05|-0.1892|3|30|1|4|0.2346|0.0081|0.0094|-0.6481|0.0883||5.45|21|4.25|46
GME211210P00217500||||28.08|28.08|14|0.00|0.0000|0|25|0|0|-0.8909|0.0078|-0.0490|-0.2497|0.0538||40.10|18|37.05|20
GME211210C00220000|5.00|5.35|3.57|4.80|4.56|15|-0.24|-0.0500|47|401|3|202|0.2286|0.0077|0.0092|-0.6624|0.0870||4.80|1|4.15|16
GME211210P00220000|39.30|42.63|39.30|42.99|42.22|15|-0.77|-0.0179|0|155|1|3|-0.7469|0.0075|-0.0442|-0.7613|0.0920||42.25|20|39.20|18
GME211210C00222500|4.55|4.55|3.50|4.14|4.13|16|-0.01|-0.0024|5|63|1|31|0.2138|0.0074|0.0086|-0.6395|0.0838||4.90|27|3.75|49
GME211210P00222500||||33.35|33.35|16|0.00|0.0000|0|45|0|0|-0.8872|0.0069|-0.0501|-0.2934|0.0551||44.45|19|41.40|15
GME211210C00225000|4.28|4.60|3.20|4.05|4.20|17|0.15|0.0370|16|334|1|27|0.2107|0.0070|0.0084|-0.6591|0.0831||4.20|4|3.50|70
GME211210P00225000|47.35|47.35|47.35|47.49|47.35|17|-0.14|-0.0029|2|461|1|1|-0.7545|0.0068|-0.0459|-0.8072|0.0905||46.70|19|43.60|18
GME211210C00227500|4.25|4.25|3.22|3.65|3.35|18|-0.30|-0.0822|2|23|1|5|0.1845|0.0068|0.0075|-0.5819|0.0767||4.20|17|3.30|35
GME211210P00227500||||34.06|34.06|18|0.00|0.0000|0|35|0|0|-0.8150|0.0068|-0.2485|-0.1140|0.1736||49.00|13|45.75|15
GME211210C00230000|4.00|4.05|2.55|3.55|3.48|19|-0.07|-0.0197|9|393|1|26|0.1840|0.0065|0.0074|-0.6065|0.0766||3.80|1|3.15|67
GME211210P00230000||||41.51|41.51|19|0.00|0.0000|-1|38|0|0|-0.8746|0.0061|-0.0515|-0.3846|0.0594||51.30|17|48.10|13
GME211210C00232500|3.60|3.90|3.05|3.00|3.35|20|0.35|0.1167|-19|30|1|5|0.1765|0.0062|0.0071|-0.6008|0.0746||3.95|47|3.00|46
GME211210P00232500||||49.93|49.93|20|0.00|0.0000|1|11|0|0|-0.9007|0.0055|-0.0532|-0.3080|0.0502||53.60|16|50.10|28
GME211210C00235000|3.40|3.55|2.49|3.15|3.15|21|0.00|0.0000|-30|902|1|36|0.1661|0.0059|0.0067|-0.5825|0.0717||3.70|61|2.99|10
GME211210P00235000|57.29|57.29|57.29|45.86|57.29|21|11.43|0.2492|0|36|1|1|-0.7709|0.0059|-0.0491|-0.8669|0.0873||55.95|17|52.60|15
GME211210C00237500|2.69|2.69|2.69|2.90|2.69|22|-0.21|-0.0724|0|18|1|3|0.1490|0.0056|0.0060|-0.5317|0.0668||3.45|57|2.63|52
GME211210P00237500||||48.03|48.03|22|0.00|0.0000|1|25|0|0|-0.9036|0.0050|-0.0546|-0.3227|0.0491||58.25|17|54.90|15
GME211210C00240000|2.82|3.60|2.48|2.84|2.87|23|0.03|0.0106|20|330|1|81|0.1524|0.0055|0.0061|-0.5662|0.0678||3.15|7|2.52|81
GME211210P00240000|58.15|58.15|58.15|45.67|58.15|23|12.48|0.2733|0|33|1|1|-0.8792|0.0052|-0.0542|-0.4306|0.0579||60.60|8|56.65|32
GME211210C00245000|3.23|3.23|2.20|2.56|2.59|24|0.03|0.0117|4|172|1|9|0.1371|0.0050|0.0055|-0.5350|0.0631||2.90|12|2.29|64
GME211210P00245000||||50.19|50.19|24|0.00|0.0000|0|23|0|0|-0.9824|0.0018|-0.0597|-0.0582|0.0125||65.35|20|61.50|12
GME211210C00250000|3.15|3.20|1.90|2.35|2.20|25|-0.15|-0.0638|-1|2190|1|188|0.1232|0.0046|0.0050|-0.5027|0.0587||2.50|9|2.18|9
GME211210P00250000||||60.35|60.35|25|0.00|0.0000|1|15|0|0|-0.9127|0.0041|-0.0581|-0.3424|0.0457||70.15|12|66.20|23
GME211210C00255000|2.37|2.37|1.80|2.20|2.11|26|-0.09|-0.0409|12|65|1|17|0.1147|0.0043|0.0046|-0.4907|0.0558||2.37|38|1.91|22
GME211210P00255000||||40.40|40.40|26|0.00|0.0000|0|5|0|0|-0.9980|0.0003|-0.0628|-0.0066|0.0019||75.00|12|71.20|26
GME211210C00260000|3.10|3.10|1.65|2.20|1.89|27|-0.31|-0.1409|-16|936|1|63|0.1032|0.0039|0.0042|-0.4603|0.0516||2.18|14|1.79|37
GME211210P00260000||||69.85|69.85|27|0.00|0.0000|1|22|0|0|-0.9272|0.0034|-0.0611|-0.3138|0.0398||79.85|12|76.20|18
GME211210C00270000|2.00|2.02|1.48|1.82|1.66|28|-0.16|-0.0879|16|220|1|14|0.0897|0.0034|0.0036|-0.4337|0.0466||1.78|16|1.52|14
GME211210P00270000||||75.18|75.18|28|0.00|0.0000|0|14|0|0|-0.9301|0.0030|-0.0637|-0.3299|0.0386||89.60|10|86.05|15
GME211210C00280000|1.83|1.83|1.19|1.50|1.45|29|-0.05|-0.0333|22|226|3|33|0.3521|0.0033|0.0563|-0.4559|0.2414||1.56|18|1.31|20
GME211210P00280000||||84.53|84.53|29|0.00|0.0000|0|1|0|0|-0.9441|0.0025|-0.0668|-0.2827|0.0324||99.40|10|95.85|3
GME211210C00290000|1.45|1.47|1.22|1.49|1.25|30|-0.24|-0.1611|9|150|1|15|0.0664|0.0025|0.0027|-0.3665|0.0371||1.38|21|1.15|17
GME211210P00290000||||82.25|82.25|30|0.00|0.0000|0|7|0|0|-0.9946|0.0005|-0.0713|-0.0263|0.0044||109.25|10|105.45|12
GME211210C00300000|1.28|1.36|1.05|1.24|1.16|31|-0.08|-0.0645|-171|876|10|229|0.0599|0.0022|0.0024|-0.3515|0.0342||1.18|3|1.05|13
GME211210P00300000||||76.00|76.00|31|0.00|0.0000|0|14|0|0|-0.9991|0.0001|-0.0739|-0.0040|0.0009||119.15|10|115.25|14
GME211210C00310000|1.10|1.10|0.95|1.06|0.96|32|-0.10|-0.0943|3|156|3|116|0.0558|0.0020|0.0022|-0.3459|0.0324||1.11|14|0.95|14
GME211210P00310000||||83.61|83.61|32|0.00|0.0000|0|4|0|0|-0.8804|0.0028|-0.3675|-0.1517|0.1297||129.05|10|124.75|13
GME211210C00320000|1.00|1.00|0.93|0.99|0.93|33|-0.06|-0.0606|11|274|1|5|0.0496|0.0018|0.0020|-0.3224|0.0295||1.05|18|0.81|21
GME211210P00320000||||89.47|89.47|33|0.00|0.0000|0|3|0|0|-0.9999|0.0000|-0.0789|0.0003|0.0001||138.90|10|134.75|12
GME211210C00330000|0.89|0.92|0.89|1.05|0.92|34|-0.13|-0.1238|26|263|9|23|0.0473|0.0017|0.0019|-0.3225|0.0284||1.00|12|0.70|71
GME211210P00330000||||||34||||0|0|0|-1.0000|0.0000|-0.0814|0.0011|0.0000||148.85|10|144.60|12
GME211210C00340000|0.80|0.84|0.75|0.87|0.79|35|-0.08|-0.0920|2|88|1|12|0.0415|0.0015|0.0017|-0.2947|0.0256||0.83|11|0.75|3
GME211210P00340000||||||35||||0|0|0|-1.0000|0.0000|-0.0838|0.0011|0.0000||158.75|12|154.60|2
GME211210C00350000|1.05|1.05|0.68|0.76|0.71|36|-0.05|-0.0658|-501|388|1|48|0.0366|0.0013|0.0015|-0.2699|0.0231||0.72|16|0.70|1
GME211210P00350000||||||36||||0|0|0|-1.0000|0.0000|-0.0863|0.0011|0.0000||168.65|10|164.20|12
GME211210C00360000|0.62|0.68|0.62|0.63|0.68|37|0.05|0.0794|5|87|1|4|0.0345|0.0012|0.0014|-0.2639|0.0220||0.70|4|0.54|15
GME211210P00360000||||||37||||0|0|0|-1.0000|0.0000|-0.0888|0.0012|0.0000||178.65|12|174.20|13
GME211210C00370000||||0.75|0.75|38|0.00|0.0000|-3|21|0|0|0.0365|0.0012|0.0014|-0.2898|0.0230||0.67|4|0.46|64
GME211210P00370000||||||38||||0|0|0|-1.0000|0.0000|-0.0912|0.0012|0.0000||188.60|4|184.10|12
GME211210C00380000|0.62|0.62|0.62|0.52|0.62|39|0.10|0.1923|6|51|3|3|0.0307|0.0011|0.0012|-0.2510|0.0199||0.62|16|0.46|31
GME211210P00380000||||||39||||0|0|0|-1.0000|0.0000|-0.0937|0.0012|0.0000||198.55|4|194.40|12
GME211210C00390000|0.55|0.55|0.55|0.59|0.55|40|-0.04|-0.0678|3|47|2|4|0.0276|0.0010|0.0011|-0.2327|0.0183||0.58|6|0.43|31
GME211210P00390000||||||40||||0|0|0|-1.0000|0.0000|-0.0962|0.0013|0.0000||208.45|4|204.40|12
GME211210C00400000|0.72|0.72|0.45|0.57|0.48|41|-0.09|-0.1579|-207|426|1|42|0.0244|0.0009|0.0010|-0.2113|0.0165||0.48|7|0.42|6
GME211210P00400000||||||41||||0|0|0|-1.0000|0.0000|-0.5040|0.0013|0.0000||218.40|12|214.40|10
GME211210C00410000|0.49|0.49|0.49|0.38|0.49|42|0.11|0.2895|6|52|1|1|0.0241|0.0008|0.0010|-0.2147|0.0163||0.51|13|0.39|10
GME211210P00410000||||||42||||0|0|0|-1.0000|0.0000|-0.1011|0.0013|0.0000||228.35|4|224.25|12
GME211210C00420000|0.50|0.55|0.45|0.42|0.45|43|0.03|0.0714|11|169|2|4|0.0221|0.0008|0.0009|-0.2025|0.0152||0.46|7|0.42|1
GME211210P00420000||||||43||||0|0|0|-1.0000|0.0000|-0.1036|0.0014|0.0000||238.20|12|234.25|12
GME211210C00430000|0.34|0.40|0.31|0.38|0.40|44|0.02|0.0526|17|42|1|302|0.2862|0.0022|0.0419|-0.5816|0.2212||0.43|1|0.33|4
GME211210P00430000||||||44||||0|0|0|-1.0000|0.0000|-0.1060|0.0014|0.0000||248.20|10|243.30|12
GME211210C00440000|0.52|0.52|0.32|0.30|0.39|45|0.09|0.3000|0|33|1|34|0.0191|0.0007|0.0008|-0.1834|0.0134||0.45|13|0.28|4
GME211210P00440000||||||45||||0|0|0|-1.0000|0.0000|-0.1085|0.0014|0.0000||258.20|10|253.30|1
GME211210C00450000|0.24|0.37|0.23|0.31|0.37|46|0.06|0.1935|6|98|1|214|0.0175|0.0006|0.0007|-0.1715|0.0124||0.45|29|0.27|2
GME211210P00450000||||||46||||0|0|0|-1.0000|0.0000|-0.1110|0.0015|0.0000||268.20|12|263.25|10
GME211210C00460000||||0.27|0.27|47|0.00|0.0000|1|18|0|0|0.0140|0.0005|0.0006|-0.1399|0.0103||0.45|29|0.30|3
GME211210P00460000||||||47||||0|0|0|-1.0000|0.0000|-0.1134|0.0015|0.0000||278.20|20|273.25|4
GME211210C00470000|0.34|0.34|0.34|0.28|0.34|48|0.06|0.2143|3|15|1|1|0.0165|0.0006|0.0007|-0.1686|0.0118||0.44|9|0.23|2
GME211210P00470000||||||48||||0|0|0|-1.0000|0.0000|-0.5922|0.0015|0.0000||288.05|12|283.30|5
GME211210C00480000|0.40|0.40|0.40|0.25|0.40|49|0.15|0.6000|7|32|1|1|0.0184|0.0006|0.0007|-0.1921|0.0130||0.42|17|0.25|1
GME211210P00480000||||||49||||0|0|0|-1.0000|0.0000|-0.1184|0.0016|0.0000||298.00|12|293.30|10
GME211210C00490000|0.30|0.35|0.26|0.40|0.26|50|-0.14|-0.3500|4|91|1|14|0.0130|0.0005|0.0005|-0.1378|0.0096||0.33|8|0.25|1
GME211210P00490000||||||50||||0|0|0|-1.0000|0.0000|-0.1208|0.0016|0.0000||308.00|12|303.30|6
GME211210C00500000|0.38|0.38|0.19|0.38|0.26|51|-0.12|-0.3158|-12|856|2|35|0.0136|0.0005|0.0005|-0.1472|0.0100||0.26|8|0.18|3
GME211210P00500000||||||51||||0|0|0|-1.0000|0.0000|-0.1233|0.0016|0.0000||317.95|10|313.30|6
GME211210C00510000|0.55|0.55|0.11|0.37|0.25|52|-0.12|-0.3243|139|2025|1|210|0.0134|0.0004|0.0005|-0.1478|0.0099||0.26|8|0.25|2
GME211210P00510000||||||52||||0|0|0|-1.0000|0.0000|-0.6426|0.0017|0.0000||327.95|20|323.30|4
GME211217C00080000|94.56|94.56|94.56|110.26|94.56|20|-15.70|-0.1424|0|1|1|1|0.9099|0.0009|0.0226|-0.9047|0.0624||106.75|6|102.50|10
GME211217P00080000|0.47|0.47|0.32|0.30|0.35|20|0.05|0.1667|26|349|3|8|-0.0110|0.0004|-0.0010|-0.0655|0.0111||0.63|57|0.13|115
GME211217C00085000||||95.85|95.85|19|0.00|0.0000|0|1|0|0|0.9520|0.0010|0.0323|-0.3177|0.0384||101.85|3|97.55|10
GME211217P00085000|0.45|0.45|0.42|0.35|0.42|19|0.07|0.2000|1|122|1|3|-0.0135|0.0005|-0.0012|-0.0751|0.0133||0.45|1|0.32|18
GME211217C00090000||||137.00|137.00|18|0.00|0.0000|0|4|0|0|0.9010|0.0005|0.0124|-1.7677|0.0669||96.85|4|92.65|10
GME211217P00090000|0.49|0.51|0.49|0.46|0.51|18|0.05|0.1087|0|66|1|3|-0.0165|0.0006|-0.0015|-0.0862|0.0158||0.82|66|0.35|27
GME211217C00100000||||114.96|114.96|17|0.00|0.0000|0|49|0|0|0.9991|0.0001|0.0438|-0.0040|0.0012||86.70|12|82.80|10
GME211217P00100000|0.80|0.81|0.50|0.78|0.69|17|-0.09|-0.1154|126|869|10|274|-0.0011|0.0001|-0.0001|-0.0042|0.0014||0.86|16|0.59|27
GME211217C00105000||||66.05|66.05|16|0.00|0.0000|0|1|0|0|0.9982|0.0002|0.0459|-0.0070|0.0022||82.45|3|77.90|10
GME211217P00105000|0.87|0.95|0.87|0.78|0.94|16|0.16|0.2051|-2|89|1|54|-0.0020|0.0002|-0.0002|-0.0072|0.0024||1.14|44|0.73|28
GME211217C00110000||||73.25|73.25|15|0.00|0.0000|0|1|0|0|0.9971|0.0003|0.0480|-0.0100|0.0034||76.60|3|73.10|10
GME211217P00110000|0.89|1.40|0.89|0.82|1.10|15|0.28|0.3415|2|375|50|57|-0.0035|0.0003|-0.0003|-0.0118|0.0040||1.18|18|0.87|42
GME211217C00115000||||112.11|112.11|14|0.00|0.0000|0|2|0|0|0.9954|0.0004|0.0500|-0.0147|0.0052||72.25|12|68.30|12
GME211217P00115000|1.34|1.45|1.34|0.68|1.45|14|0.77|1.1324|0|148|5|17|-0.0063|0.0005|-0.0005|-0.0197|0.0068||1.41|18|1.04|73
GME211217C00120000||||64.15|64.15|13|0.00|0.0000|24|51|0|0|0.9917|0.0007|0.0519|-0.0243|0.0087||67.30|16|63.60|12
GME211217P00120000|1.37|1.43|1.37|1.34|1.43|13|0.09|0.0672|17|153|7|9|-0.0107|0.0008|-0.0009|-0.0311|0.0109||1.86|77|1.27|71
GME211217C00125000||||79.68|79.68|12|0.00|0.0000|0|35|0|0|0.9028|0.0028|0.1508|-0.1010|0.1200||62.25|13|58.95|12
GME211217P00125000|1.55|1.88|1.55|1.56|1.88|12|0.32|0.2051|-4|205|3|6|-0.0185|0.0013|-0.0016|-0.0500|0.0174||2.05|48|1.53|24
GME211217C00130000||||55.70|55.70|11|0.00|0.0000|0|10|0|0|0.8833|0.0032|0.1518|-0.1138|0.1369||57.55|5|54.35|12
GME211217P00130000|1.86|2.65|1.80|2.20|2.10|11|-0.10|-0.0455|9|195|1|32|-0.0292|0.0019|-0.0025|-0.0727|0.0255||2.32|46|1.90|28
GME211217C00135000||||90.47|90.47|10|0.00|0.0000|0|3|0|0|0.9595|0.0026|0.0557|-0.0924|0.0334||53.25|15|49.90|15
GME211217P00135000|2.62|2.62|2.62|2.75|2.62|10|-0.13|-0.0473|0|140|1|1|-0.0427|0.0026|-0.0037|-0.0983|0.0349||3.20|112|2.34|12
GME211217C00140000|40.15|40.15|40.15|47.75|40.15|9|-7.60|-0.1592|1|146|1|1|0.8357|0.0041|0.1506|-0.1421|0.1728||48.90|23|45.55|16
GME211217P00140000|3.26|4.39|3.00|3.21|3.18|9|-0.03|-0.0093|11|549|7|314|-0.0635|0.0036|-0.0056|-0.1345|0.0478||3.30|14|2.97|19
GME211217C00145000||||96.94|96.94|8|0.00|0.0000|0|57|0|0|0.9141|0.0047|0.0560|-0.1653|0.0602||44.60|22|41.35|19
GME211217P00145000|4.18|4.18|3.35|4.15|4.02|8|-0.13|-0.0313|16|211|1|26|-0.0921|0.0047|-0.0081|-0.1804|0.0634||4.35|52|3.65|65
GME211217C00150000||||35.85|35.85|7|0.00|0.0000|0|71|0|0|0.8809|0.0059|0.0552|-0.2112|0.0764||40.25|4|37.35|16
GME211217P00150000|4.25|6.92|4.00|5.25|4.80|7|-0.45|-0.0857|86|1619|1|191|-0.1243|0.0059|-0.0110|-0.2230|0.0787||4.95|18|4.65|9
GME211217C00155000|35.95|35.95|35.95|42.74|35.95|6|-6.79|-0.1589|0|11|1|1|0.7475|0.0052|0.1418|-0.1849|0.2229||36.20|17|33.50|37
GME211217P00155000|4.10|8.13|4.10|6.88|8.13|6|1.25|0.1817|13|308|1|15|-0.1618|0.0071|-0.0144|-0.2646|0.0941||6.70|76|5.70|44
GME211217C00160000|25.00|25.00|25.00|38.33|25.00|5|-13.33|-0.3478|-1|97|1|1|0.7978|0.0084|0.0521|-0.2947|0.1081||32.65|12|29.80|49
GME211217P00160000|6.80|10.00|6.40|8.40|7.27|5|-1.13|-0.1345|26|650|1|751|-0.2066|0.0083|-0.0185|-0.3082|0.1096||7.45|21|7.10|19
GME211217C00165000||||34.08|34.08|4|0.00|0.0000|0|82|0|0|0.7447|0.0095|0.0493|-0.3410|0.1232||29.20|9|26.50|64
GME211217P00165000|8.60|10.85|8.60|10.05|9.36|4|-0.69|-0.0687|22|307|1|12|-0.2592|0.0093|-0.0235|-0.3522|0.1242||9.90|90|8.65|67
GME211217C00170000||||23.22|23.22|3|0.00|0.0000|-2|117|0|0|0.6888|0.0103|0.0462|-0.3799|0.1355||26.15|50|23.40|70
GME211217P00170000|11.28|14.80|10.85|11.92|10.97|3|-0.95|-0.0797|291|1083|1|76|-0.3119|0.0100|-0.0285|-0.3899|0.1358||11.40|16|10.50|33
GME211217C00175000|21.90|21.90|16.27|21.60|20.50|2|-1.10|-0.0509|-22|188|1|11|0.6195|0.0061|0.1235|-0.2232|0.2658||23.15|4|20.60|79
GME211217P00175000|15.80|16.43|14.45|14.30|14.45|2|0.15|0.0105|18|703|1|6|-0.3689|0.0107|-0.0340|-0.4142|0.1447||13.30|14|12.55|20
GME211217C00180000|21.00|21.00|14.24|17.51|19.00|1|1.49|0.0851|17|465|1|51|0.5767|0.0114|0.0397|-0.4195|0.1503||20.35|23|18.05|88
GME211217P00180000|15.35|20.86|15.00|17.60|15.28|1|-2.32|-0.1318|199|1062|1|23|-0.4233|0.0112|-0.0394|-0.4291|0.1503||16.50|64|14.85|63
GME211217C00185000|17.00|18.25|12.92|16.00|18.00|1|2.00|0.1250|13|268|1|28|0.5168|0.0116|0.0359|-0.4286|0.1529||18.25|62|16.00|78
GME211217P00185000|17.32|23.60|17.00|19.85|19.70|1|-0.15|-0.0076|1|269|1|56|-0.4420|0.0062|-0.1558|-0.2372|0.2755||19.00|45|17.20|46
GME211217C00187500|15.87|15.87|15.87|14.09|15.87|2|1.78|0.1263|15|39|1|2|0.5020|0.0099|0.0341|-0.5034|0.1530||17.00|53|14.80|61
GME211217P00187500|20.48|20.48|20.48|21.85|20.48|2|-1.37|-0.0627|15|115|1|1|-0.4861|0.0088|-0.0480|-0.5663|0.1531||20.75|57|18.60|19
GME211217C00190000|15.00|16.15|10.20|13.65|15.00|3|1.35|0.0989|83|239|25|100|0.4631|0.0115|0.0324|-0.4304|0.1525||16.00|42|14.90|3
GME211217P00190000|20.10|26.92|20.10|22.75|22.18|3|-0.57|-0.0251|3|450|2|16|-0.5342|0.0112|-0.0508|-0.4405|0.1526||22.25|58|20.00|47
GME211217C00192500|12.74|12.74|12.74|12.10|12.74|4|0.64|0.0529|20|28|1|1|0.4616|0.0094|0.0314|-0.5224|0.1525||15.05|55|12.90|64
GME211217P00192500||||24.70|24.70|4|0.00|0.0000|7|112|0|0|-0.5199|0.0082|-0.0526|-0.6052|0.1530||23.90|72|21.50|33
GME211217C00195000|13.00|13.35|11.85|11.79|12.00|5|0.21|0.0178|18|148|1|5|0.4107|0.0111|0.0289|-0.4258|0.1493||14.00|49|12.05|82
GME211217P00195000|29.90|31.30|23.65|25.08|23.65|5|-1.43|-0.0570|8|423|1|100|-0.5859|0.0109|-0.0564|-0.4350|0.1496||24.20|5|23.25|1
GME211217C00197500|12.50|13.00|10.99|10.50|10.99|6|0.49|0.0467|33|38|1|41|0.4162|0.0093|0.0285|-0.5138|0.1496||13.15|50|11.25|62
GME211217P00197500||||27.65|27.65|6|0.00|0.0000|1|93|0|0|-0.5615|0.0082|-0.0573|-0.5922|0.1512||27.20|55|24.80|13
GME211217C00200000|11.05|12.80|8.47|10.50|11.55|7|1.05|0.1000|134|1099|1|1066|0.3610|0.0106|0.0255|-0.4155|0.1436||12.10|24|10.80|54
GME211217P00200000|28.60|32.77|28.10|28.61|29.00|7|0.39|0.0136|4|1921|1|10|-0.6322|0.0104|-0.0617|-0.4278|0.1447||29.00|62|26.55|20
GME211217C00202500|10.60|10.80|10.50|10.00|10.60|8|0.60|0.0600|5|18|1|30|0.4996|0.0049|0.0962|-0.3083|0.2784||11.35|29|10.15|37
GME211217P00202500||||24.10|24.10|8|0.00|0.0000|0|116|0|0|-0.7258|0.0124|-0.0686|-0.2803|0.1279||30.80|60|28.20|16
GME211217C00205000|10.00|10.05|7.47|9.40|10.00|9|0.60|0.0638|16|57|1|21|0.3718|0.0083|0.0254|-0.5391|0.1451||10.50|18|9.25|47
GME211217P00205000|36.08|36.08|33.98|33.95|33.98|9|0.03|0.0009|6|165|10|11|-0.6024|0.0075|-0.0634|-0.6197|0.1479||32.70|53|29.90|38
GME211217C00207500|10.20|10.20|7.35|9.03|9.00|10|-0.03|-0.0033|12|28|1|7|0.3493|0.0083|0.0240|-0.5182|0.1420||10.10|42|8.50|88
GME211217P00207500||||21.30|21.30|10|0.00|0.0000|0|181|0|0|-0.9261|0.0092|-0.0852|-0.0659|0.0537||34.60|53|32.00|4
GME211217C00210000|10.25|10.25|6.70|9.00|8.62|11|-0.38|-0.0422|323|845|1|35|0.2736|0.0094|0.0196|-0.3697|0.1278||9.35|24|8.10|78
GME211217P00210000|40.00|40.70|40.00|40.00|40.21|11|0.21|0.0053|7|226|1|6|-0.7216|0.0093|-0.0721|-0.3790|0.1289||36.55|50|33.80|12
GME211217C00212500|6.50|6.50|6.50|7.88|6.50|12|-1.38|-0.1751|1|22|1|1|0.2924|0.0083|0.0205|-0.4430|0.1318||8.85|28|7.45|77
GME211217P00212500|42.25|42.25|42.25|27.00|42.25|12|15.25|0.5648|0|59|4|4|-0.4836|0.0037|-0.2183|-0.4041|0.2782||38.60|43|35.70|10
GME211217C00215000|8.03|8.03|7.30|7.33|7.30|13|-0.03|-0.0041|3|93|1|4|0.4472|0.0048|0.0876|-0.3066|0.2760||8.50|46|7.05|71
GME211217P00215000|38.00|46.00|38.00|32.68|42.25|13|9.57|0.2928|0|99|1|4|-0.5105|0.0040|-0.2230|-0.3718|0.2783||40.60|28|37.65|17
GME211217C00217500|7.20|7.20|7.20|7.75|7.20|14|-0.55|-0.0710|18|38|1|1|0.2910|0.0074|0.0201|-0.4976|0.1315||7.90|21|6.70|56
GME211217P00217500|47.80|47.80|47.80|34.55|47.80|14|13.25|0.3835|0|23|1|1|-0.6237|0.0059|-0.0712|-0.7600|0.1456||42.65|23|39.65|26
GME211217C00220000|6.89|7.58|5.30|6.70|7.20|15|0.50|0.0746|257|1902|1|48|0.3683|0.0058|0.0780|-0.2321|0.2631||7.55|34|6.45|50
GME211217P00220000|46.55|46.55|46.55|42.02|46.55|15|4.53|0.1078|-1|445|1|1|-0.7897|0.0078|-0.0813|-0.3315|0.1108||44.75|24|41.60|25
GME211217C00222500|7.50|7.50|6.70|5.85|6.70|16|0.85|0.1453|1|67|1|3|0.2814|0.0068|0.0193|-0.5235|0.1296||7.05|22|6.00|60
GME211217P00222500|52.45|52.95|51.52|31.45|52.95|16|21.50|0.6836|0|10|1|11|-0.6317|0.0055|-0.0741|-0.8000|0.1448||46.95|21|44.00|12
GME211217C00225000|6.35|6.35|5.50|6.00|6.30|17|0.30|0.0500|6|105|1|18|0.2589|0.0067|0.0179|-0.4875|0.1243||6.70|36|5.80|45
GME211217P00225000|48.50|48.50|48.50|32.35|48.50|17|16.15|0.4992|0|31|1|2|-0.9414|0.0051|-0.0942|-0.0834|0.0449||49.10|24|46.05|18
GME211217C00227500|5.60|5.60|5.60|5.85|5.60|18|-0.25|-0.0427|-1|8|1|1|0.2402|0.0066|0.0167|-0.4601|0.1194||6.50|42|5.45|45
GME211217P00227500||||48.05|48.05|18|0.00|0.0000|17|60|0|0|-0.7890|0.0067|-0.0848|-0.3872|0.1110||51.30|21|48.25|4
GME211217C00230000|5.65|6.40|5.30|5.33|5.75|19|0.42|0.0788|-3|431|1|20|0.1528|0.0064|0.0111|-0.2723|0.0906||6.05|28|5.20|84
GME211217P00230000|54.21|54.21|54.21|49.83|54.21|19|4.38|0.0879|-10|63|1|1|-0.8425|0.0064|-0.0894|-0.2815|0.0924||53.55|21|50.50|3
GME211217C00232500|4.50|4.50|4.45|5.20|4.45|20|-0.75|-0.1442|3|80|1|3|0.2062|0.0062|0.0145|-0.4102|0.1095||5.90|38|4.90|43
GME211217P00232500||||53.30|53.30|20|0.00|0.0000|0|19|0|0|-0.7919|0.0062|-0.0873|-0.4153|0.1099||55.80|22|52.60|17
GME211217C00235000|5.70|5.70|5.14|4.79|5.14|21|0.35|0.0731|17|74|1|6|0.2166|0.0059|0.0150|-0.4552|0.1126||5.50|5|4.70|50
GME211217P00235000||||54.70|54.70|21|0.00|0.0000|43|60|0|0|-0.6374|0.0047|-0.2678|-0.2826|0.2617||58.05|23|54.90|16
GME211217C00240000|4.37|4.78|4.37|4.70|4.78|22|0.08|0.0170|-4|308|1|65|0.1102|0.0051|0.0081|-0.2188|0.0723||5.15|54|4.35|71
GME211217P00240000|65.50|65.50|65.50|65.23|65.50|22|0.27|0.0041|8|54|1|1|-0.8832|0.0051|-0.0967|-0.2334|0.0753||62.60|19|59.40|21
GME211217C00245000|4.75|4.75|4.10|4.10|4.44|23|0.34|0.0829|5|87|1|154|0.1816|0.0052|0.0126|-0.4191|0.1012||4.80|38|4.00|59
GME211217P00245000|71.40|71.40|71.40|56.01|71.40|23|15.39|0.2748|-5|49|2|5|-0.7141|0.0048|-0.0890|-0.7451|0.1306||67.25|13|63.85|10
GME211217C00250000|4.46|4.75|3.45|4.00|4.16|24|0.16|0.0400|14|1169|1|81|0.0804|0.0040|0.0059|-0.1760|0.0573||4.20|1|3.75|48
GME211217P00250000||||73.53|73.53|24|0.00|0.0000|-1|56|0|0|-0.9156|0.0040|-0.1034|-0.1851|0.0594||71.95|16|68.35|21
GME211217C00255000|3.60|3.60|3.45|3.60|3.45|25|-0.15|-0.0417|-1|355|1|2|0.1548|0.0046|0.0108|-0.3882|0.0914||4.15|53|3.50|71
GME211217P00255000||||39.75|39.75|25|0.00|0.0000|0|5|0|0|-0.9979|0.0003|-0.1116|-0.0033|0.0025||76.70|17|73.05|24
GME211217C00260000|3.55|3.85|3.20|3.59|3.85|26|0.26|0.0724|30|516|1|13|0.0572|0.0030|0.0042|-0.1367|0.0440||3.90|64|3.25|70
GME211217P00260000|78.20|78.20|78.20|72.05|78.20|26|6.15|0.0854|0|21|1|1|-0.9382|0.0031|-0.1094|-0.1474|0.0468||81.50|10|77.95|3
GME211217C00270000|3.25|3.25|2.90|3.19|3.00|27|-0.19|-0.0596|18|541|1|5|0.0433|0.0024|0.0032|-0.1121|0.0353||3.45|65|3.00|30
GME211217P00270000||||65.35|65.35|27|0.00|0.0000|0|49|0|0|-0.9526|0.0025|-0.1149|-0.1223|0.0380||91.10|20|87.45|15
GME211217C00280000|3.29|3.29|2.60|2.55|2.75|28|0.20|0.0784|7|2032|1|9|0.1915|0.0038|0.0416|-0.1869|0.1903||3.00|39|2.66|74
GME211217P00280000||||91.00|91.00|28|0.00|0.0000|0|10|0|0|-0.9644|0.0019|-0.1201|-0.0984|0.0301||100.80|14|97.20|14
GME211217C00290000|2.60|2.69|2.48|2.43|2.57|29|0.14|0.0576|3|522|1|45|0.1752|0.0035|0.0381|-0.1804|0.1800||2.71|14|2.43|36
GME211217P00290000||||68.50|68.50|29|0.00|0.0000|0|25|0|0|-0.9710|0.0016|-0.1250|-0.0856|0.0254||110.60|14|107.00|5
GME211217C00300000|2.55|2.60|2.20|2.35|2.33|30|-0.02|-0.0085|199|5147|1|748|0.1594|0.0032|0.0347|-0.1722|0.1694||2.40|60|2.24|23
GME211217P00300000|125.00|125.00|125.00|116.00|125.00|30|9.00|0.0776|0|20|4|5|-0.9784|0.0012|-0.1299|-0.0671|0.0198||120.45|12|116.60|3
GME211217C00310000|2.10|2.40|2.10|2.21|2.40|31|0.19|0.0860|-1|369|5|11|0.0142|0.0009|0.0011|-0.0473|0.0139||2.34|66|2.04|27
GME211217P00310000||||102.75|102.75|31|0.00|0.0000|0|3|0|0|-0.9833|0.0010|-0.1346|-0.0546|0.0159||130.30|6|126.60|7
GME211217C00320000|2.00|2.04|2.00|2.00|2.00|32|0.00|0.0000|4|407|1|44|0.0110|0.0007|0.0008|-0.0385|0.0111||2.16|65|1.92|13
GME211217P00320000||||96.00|96.00|32|0.00|0.0000|0|17|0|0|-0.9867|0.0008|-0.1393|-0.0455|0.0131||140.15|5|136.35|14
GME211217C00330000||||1.75|1.75|33|0.00|0.0000|28|213|0|0|0.1239|0.0026|0.0270|-0.1518|0.1428||2.07|79|1.73|67
GME211217P00330000||||159.50|159.50|33|0.00|0.0000|0|3|0|0|-0.9896|0.0006|-0.1439|-0.0369|0.0105||150.00|12|146.15|4
GME211217C00340000|2.00|2.00|1.70|1.53|1.70|34|0.17|0.1111|5|232|1|2|0.0072|0.0005|0.0005|-0.0276|0.0077||1.80|10|1.61|20
GME211217P00340000||||126.85|126.85|34|0.00|0.0000|0|7|0|0|-0.9918|0.0005|-0.1484|-0.0303|0.0086||159.90|12|156.15|5
GME211217C00350000|1.75|1.84|1.50|1.75|1.63|35|-0.12|-0.0686|13|990|1|39|0.0060|0.0004|0.0004|-0.0237|0.0065||1.65|3|1.60|1
GME211217P00350000||||133.85|133.85|35|0.00|0.0000|0|4|0|0|-0.9930|0.0004|-0.1529|-0.0269|0.0075||169.80|12|165.90|13
GME211217C00360000|1.50|1.60|1.50|1.58|1.60|36|0.02|0.0127|0|308|1|4|0.0051|0.0003|0.0004|-0.0212|0.0057||1.60|19|1.40|30
GME211217P00360000||||||36|||0|0|0|0|-0.8891|0.0022|-0.4987|-0.1507|0.1320||179.70|12|175.90|5
GME211217C00370000|1.45|1.45|1.45|1.97|1.45|37|-0.52|-0.2640|0|447|1|1|0.0045|0.0003|0.0003|-0.0193|0.0050||1.58|62|1.31|30
GME211217P00370000||||172.65|172.65|37|0.00|0.0000|0|3|0|0|-0.9949|0.0003|-0.1618|-0.0207|0.0057||189.60|12|185.90|2
GME211217C00380000|1.60|1.60|1.60|1.36|1.60|38|0.24|0.1765|1|169|1|1|0.0039|0.0002|0.0003|-0.0172|0.0044||1.58|94|1.24|39
GME211217P00380000||||165.60|165.60|38|0.00|0.0000|0|17|0|0|-0.9958|0.0003|-0.1663|-0.0175|0.0048||199.50|10|195.35|12
GME211217C00390000||||1.38|1.38|39|0.00|0.0000|0|192|0|0|0.0035|0.0002|0.0003|-0.0159|0.0040||1.39|58|1.15|22
GME211217P00390000||||||39|||0|0|0|0|-0.9962|0.0002|-0.1707|-0.0162|0.0044||209.45|10|205.65|12
GME211217C00400000|1.20|1.39|1.20|1.29|1.20|40|-0.09|-0.0698|16|1166|2|9|0.0028|0.0002|0.0002|-0.0130|0.0032||1.32|55|1.08|31
GME211217P00400000||||198.90|198.90|40|0.00|0.0000|0|3|0|0|-0.9966|0.0002|-0.1751|-0.0149|0.0040||219.35|12|215.15|12
GME211217C00410000||||1.22|1.22|41|0.00|0.0000|1|204|0|0|0.0023|0.0001|0.0002|-0.0112|0.0028||1.29|78|1.02|7
GME211217P00410000||||190.90|190.90|41|0.00|0.0000|0|3|0|0|-0.9970|0.0002|-0.1795|-0.0134|0.0035||229.25|10|225.10|12
GME211217C00420000|1.37|1.37|1.01|1.16|1.13|42|-0.03|-0.0259|-1|539|1|11|0.0020|0.0001|0.0001|-0.0100|0.0024||1.24|93|1.01|4
GME211217P00420000||||189.85|189.85|42|0.00|0.0000|0|16|0|0|-0.9982|0.0001|-0.1840|-0.0077|0.0022||239.20|10|235.10|12
GME211217C00430000|0.97|0.97|0.97|1.08|0.97|43|-0.11|-0.1019|0|208|7|7|0.0018|0.0001|0.0001|-0.0091|0.0022||1.24|70|0.81|63
GME211217P00430000||||244.20|244.20|43|0.00|0.0000|0|0|0|0|-0.9984|0.0001|-0.1884|-0.0067|0.0020||249.15|12|243.85|12
GME211217C00440000||||1.15|1.15|44|0.00|0.0000|4|472|0|0|0.0015|0.0001|0.0001|-0.0080|0.0019||1.04|1|0.79|26
GME211217P00440000||||||44|||0|0|0|0|-0.9988|0.0001|-0.1928|-0.0050|0.0016||259.10|12|253.80|10
GME211217C00450000|1.03|1.03|0.76|1.02|0.90|45|-0.12|-0.1176|5|684|2|6|0.0012|0.0001|0.0001|-0.0066|0.0016||0.95|1|0.73|18
GME211217P00450000||||||45|||0|0|0|0|-0.9989|0.0001|-0.1972|-0.0045|0.0014||269.05|12|263.75|10
GME211217C00460000|1.11|1.11|0.96|1.02|0.96|46|-0.06|-0.0588|-133|1136|1|4|0.0012|0.0001|0.0001|-0.0065|0.0015||0.97|6|0.64|12
GME211217P00460000||||261.60|261.60|46|0.00|0.0000|0|5|0|0|-0.9990|0.0001|-0.2016|-0.0040|0.0013||278.95|12|273.70|12
GME211217C00470000|0.90|0.90|0.83|0.84|0.83|47|-0.01|-0.0119|0|189|8|10|0.0329|0.0009|0.0022|-0.1915|0.0282||0.97|46|0.59|32
GME211217P00470000||||||47||||0|0|0|-1.0000|0.0000|-0.2060|0.0016|0.0000||288.90|10|283.65|2
GME211217C00480000|0.82|0.82|0.82|0.67|0.82|48|0.15|0.2239|7|224|1|1|0.0321|0.0009|0.0022|-0.1908|0.0276||0.79|9|0.57|65
GME211217P00480000||||264.21|264.21|48|0.00|0.0000|0|7|0|0|-0.9740|0.0007|-0.2086|-0.1521|0.0232||298.85|12|293.65|1
GME211217C00490000|1.01|1.01|0.76|0.86|0.76|49|-0.10|-0.1163|1|97|1|2|0.0300|0.0008|0.0020|-0.1811|0.0261||0.76|11|0.52|62
GME211217P00490000||||274.04|274.04|49|0.00|0.0000|0|7|0|0|-0.9761|0.0007|-0.2131|-0.1424|0.0216||308.80|10|303.60|2
GME211217C00500000|0.90|0.90|0.66|0.80|0.69|50|-0.11|-0.1375|-5|2488|1|14|0.0283|0.0008|0.0019|-0.1738|0.0249||0.73|12|0.49|68
GME211217P00500000||||290.05|290.05|50|0.00|0.0000|0|7|0|0|-0.9719|0.0008|-0.2173|-0.1710|0.0247||318.75|12|313.60|2
GME211217C00510000|0.72|0.96|0.52|0.72|0.60|51|-0.12|-0.1667|101|1366|1|121|0.0244|0.0007|0.0017|-0.1526|0.0220||0.71|17|0.53|1
GME211217P00510000||||277.97|277.97|51|0.00|0.0000|0|0|0|0|-0.9918|0.0003|-0.2230|-0.0490|0.0086||328.75|12|323.55|10
GME211223C00100000||||80.77|80.77|15|0.00|0.0000|-2|14|0|0|0.9457|0.0014|0.0529|-0.2014|0.0496||86.70|4|83.05|10
GME211223P00100000|0.90|0.90|0.88|0.80|0.88|15|0.08|0.1000|7|116|10|11|-0.0280|0.0010|-0.0036|-0.0936|0.0289||1.13|46|0.28|54
GME211223C00110000||||||14||||0|0|0|1.0000|0.0000|0.0663|-0.0004|0.0000||78.05|12|73.45|12
GME211223P00110000|0.80|1.33|0.80|1.69|1.33|14|-0.36|-0.2130|6|28|10|20|-0.1121|0.0019|-0.0443|-0.1594|0.1403||1.25|19|0.94|15
GME211223C00120000||||103.35|103.35|13|0.00|0.0000|0|1|0|0|0.8292|0.0012|0.0294|-1.2571|0.1143||68.30|23|64.00|12
GME211223P00120000||||1.15|1.15|13|0.00|0.0000|0|25|0|0|-0.0446|0.0019|-0.0055|-0.1065|0.0424||2.20|27|1.50|11
GME211223C00130000||||||12||||0|0|0|1.0000|0.0000|0.0784|-0.0005|0.0000||59.35|13|54.95|12
GME211223P00130000|2.84|2.84|2.69|2.33|2.69|12|0.36|0.1545|4|72|1|111|-0.0907|0.0031|-0.0115|-0.1955|0.0734||3.00|8|2.31|7
GME211223C00140000||||||11||||0|0|0|1.0000|0.0000|0.0844|-0.0005|0.0000||50.35|15|46.35|10
GME211223P00140000|4.10|4.10|4.10|3.90|4.10|11|0.20|0.0513|11|40|1|1|-0.1338|0.0042|-0.0171|-0.2490|0.0970||4.70|37|3.60|20
GME211223C00145000||||||10|||||0|0|1.0000|0.0000|0.0874|-0.0005|0.0000||46.40|21|42.15|12
GME211223P00145000||||||10|||||0|0|0.0000|0.0000|0.0000|0.0000|0.0000||5.70|31|4.25|24
GME211223C00150000||||55.90|55.90|9|0.00|0.0000|0|4|0|0|0.7385|0.0032|0.0480|-0.7615|0.1465||42.45|20|38.35|12
GME211223P00150000|4.80|7.60|4.10|6.45|6.07|9|-0.38|-0.0589|82|206|1|56|-0.1886|0.0055|-0.0244|-0.3021|0.1216||6.80|16|5.35|20
GME211223C00155000||||57.05|57.05|8|0.00|0.0000|0|10|0|0|0.7190|0.0030|0.0451|-0.8751|0.1517||38.10|19|34.60|16
GME211223P00155000|8.65|9.55|8.65|3.81|9.30|8|5.49|1.4409|0|111|8|18|-0.2388|0.0056|-0.0319|-0.3883|0.1396||8.10|29|6.50|19
GME211223C00160000||||53.80|53.80|7|0.00|0.0000|0|12|0|0|0.7015|0.0031|0.0451|-0.8818|0.1562||34.50|14|31.15|16
GME211223P00160000|10.28|11.60|8.10|9.59|9.45|7|-0.14|-0.0146|14|61|3|9|-0.2636|0.0065|-0.0347|-0.3715|0.1469||9.70|39|7.90|22
GME211223C00165000||||||6||||0|0|0|1.0000|0.0000|0.0994|-0.0006|0.0000||31.40|20|27.95|24
GME211223P00165000||||11.60|11.60|6|0.00|0.0000|12|21|0|0|-0.3030|0.0069|-0.0404|-0.4036|0.1571||11.55|24|9.55|20
GME211223C00170000||||25.94|25.94|5|0.00|0.0000|11|15|0|0|0.6631|0.0076|0.0577|-0.3980|0.1644||28.05|13|25.00|14
GME211223P00170000||||14.35|14.35|5|0.00|0.0000|2|33|0|0|-0.3431|0.0070|-0.0465|-0.4400|0.1654||13.50|16|11.45|19
GME211223C00175000||||19.00|19.00|4|0.00|0.0000|1|3|0|0|0.6289|0.0103|0.0581|-0.3163|0.1700||25.25|16|22.25|24
GME211223P00175000|13.64|17.35|13.50|16.30|16.05|4|-0.25|-0.0153|30|54|1|32|-0.3806|0.0075|-0.0517|-0.4418|0.1713||15.95|13|13.65|14
