symbol|open|high|low|preClose|close|activeLevel|change|changeRatio|openIntChange|openInterest|latestPriceVol|volume|delta|gamma|rho|theta|vega|tradeStamptradeTime|ask|avol|bid|bvol
GME211210C00100000|67.07|72.35|67.00|65.54|70.90|10|5.36|0.0818|1|2|44|215|0.9686|0.0014|0.0129|-0.3699|0.0140||73.95|17|69.00|24
GME211210P00100000|1.49|2.05|1.23|1.45|1.45|10|0.00|0.0000|481|720|1|2574|-0.0492|0.0017|-0.0013|-0.6168|0.0202||1.50|1|1.43|1
GME211210C00110000||||76.13|76.13|9|0.00|0.0000|0|2|0|0|0.8308|0.0021|0.0089|-3.1018|0.0500||64.10|16|59.15|4
GME211210P00110000|1.65|2.30|1.65|1.80|1.69|9|-0.11|-0.0611|89|304|5|684|-0.0652|0.0024|-0.0018|-0.6865|0.0252||1.78|1|1.69|1
GME211210C00120000||||56.97|56.97|8|0.00|0.0000|0|1|0|0|0.8469|0.0033|0.0119|-1.7020|0.0469||54.45|7|49.55|4
GME211210P00120000|2.50|2.90|2.03|2.43|2.03|8|-0.40|-0.1646|529|792|1|1046|-0.0840|0.0033|-0.0022|-0.7263|0.0306||2.25|4|2.00|28
GME211210C00130000|38.97|43.65|38.97|38.97|41.19|7|2.22|0.0570|0|0|1|11|0.9314|0.0041|0.0161|-0.4264|0.0262||45.75|8|40.50|11
GME211210P00130000|3.25|3.85|2.63|3.10|2.63|7|-0.47|-0.1516|414|845|2|616|-0.1181|0.0047|-0.0031|-0.8365|0.0392||3.00|2|2.53|4
GME211210C00140000|30.25|34.35|30.25|29.50|34.35|6|4.85|0.1644|5|34|1|17|0.8200|0.0065|0.0144|-1.0640|0.0520||36.75|8|31.70|11
GME211210P00140000|4.70|5.50|3.60|4.30|3.65|6|-0.65|-0.1512|290|731|3|831|-0.1697|0.0066|-0.0045|-0.9680|0.0501||3.75|12|3.40|25
GME211210C00145000|28.00|29.56|25.50|24.75|29.56|5|4.81|0.1943|8|8|1|16|0.7955|0.0077|0.0145|-1.0411|0.0562||32.20|21|27.65|11
GME211210P00145000|5.25|6.55|4.15|5.20|4.30|5|-0.90|-0.1731|108|123|15|367|-0.2009|0.0078|-0.0053|-1.0089|0.0557||4.55|17|4.20|4
GME211210C00150000|25.89|26.40|22.00|24.62|25.95|4|1.33|0.0540|53|73|6|41|0.7517|0.0088|0.0140|-1.1350|0.0628||28.25|21|23.85|22
GME211210P00150000|6.90|8.20|5.00|6.25|5.35|4|-0.90|-0.1440|435|895|1|764|-0.2408|0.0091|-0.0063|-1.0623|0.0617||5.45|11|5.15|4
GME211210C00155000|21.89|23.00|21.80|23.55|21.80|3|-1.75|-0.0743|13|58|6|9|0.7056|0.0101|0.0134|-1.1777|0.0683||23.55|21|20.45|22
GME211210P00155000|8.20|9.73|6.30|8.00|6.73|3|-1.27|-0.1588|127|371|1|349|-0.2896|0.0104|-0.0076|-1.1225|0.0678||7.05|33|6.25|13
GME211210C00160000|18.50|19.60|15.00|21.00|17.65|2|-3.35|-0.1595|50|254|1|36|0.6533|0.0115|0.0127|-1.1895|0.0732||19.05|11|17.20|23
GME211210P00160000|10.40|11.85|7.45|9.45|8.27|2|-1.18|-0.1249|56|497|1|757|-0.3477|0.0113|-0.0092|-1.2065|0.0732||8.50|28|7.65|16
GME211210C00165000|16.50|16.85|12.35|18.15|14.90|1|-3.25|-0.1791|57|60|1|195|0.5929|0.0126|0.0118|-1.1928|0.0769||15.50|1|14.45|52
GME211210P00165000|12.95|14.18|9.35|10.85|9.97|1|-0.88|-0.0811|22|384|1|580|-0.4080|0.0121|-0.0109|-1.2499|0.0770||10.35|21|9.60|6
GME211210C00170000|12.80|14.60|10.00|14.85|12.35|1|-2.50|-0.1684|156|177|1|646|0.5293|0.0126|0.0106|-1.2592|0.0789||12.85|18|11.85|14
GME211210P00170000|15.35|17.00|11.40|13.48|12.20|1|-1.28|-0.0950|154|595|1|367|-0.4719|0.0129|-0.0127|-1.2243|0.0789||12.60|16|11.80|4
GME211210C00175000|10.15|11.91|8.30|13.46|9.72|2|-3.74|-0.2779|199|272|1|335|0.4661|0.0127|0.0094|-1.2415|0.0788||10.35|5|9.40|17
GME211210P00175000|18.75|19.50|14.50|16.00|15.00|2|-1.00|-0.0625|-4|518|1|198|-0.5382|0.0132|-0.0146|-1.1909|0.0787||16.40|22|14.15|6
GME211210C00177500|12.00|12.00|7.50|12.00|8.75|3|-3.25|-0.2708|20|47|1|180|0.4320|0.0129|0.0088|-1.1955|0.0779||9.40|32|8.10|12
GME211210P00177500|20.35|20.35|16.05|22.55|16.86|3|-5.69|-0.2523|32|266|1|50|-0.5660|0.0128|-0.0155|-1.2137|0.0780||17.70|22|15.65|5
GME211210C00180000|8.40|10.00|6.50|11.20|7.90|4|-3.30|-0.2946|98|404|1|555|0.4018|0.0127|0.0082|-1.1778|0.0767||8.75|54|7.45|18
GME211210P00180000|21.67|23.10|17.56|19.50|17.98|4|-1.52|-0.0779|-75|630|8|74|-0.5966|0.0126|-0.0164|-1.1895|0.0768||18.75|25|17.40|2
GME211210C00182500|7.53|8.70|6.00|9.20|7.00|5|-2.20|-0.2391|82|148|1|132|0.3708|0.0125|0.0076|-1.1410|0.0749||7.95|58|6.40|66
GME211210P00182500|21.20|23.00|19.50|26.97|20.00|5|-6.97|-0.2584|27|232|1|24|-0.6189|0.0120|-0.0172|-1.2145|0.0755||20.50|18|18.70|11
GME211210C00185000|7.00|8.00|5.30|9.00|6.35|6|-2.65|-0.2944|114|246|1|585|0.3365|0.0124|0.0070|-1.0721|0.0723||6.55|1|6.05|12
GME211210P00185000|24.00|26.95|21.47|22.22|21.47|6|-0.75|-0.0338|13|469|1|124|-0.6596|0.0123|-0.0183|-1.0959|0.0727||22.60|21|20.55|3
GME211210C00187500|5.05|7.05|4.70|8.15|5.53|7|-2.62|-0.3215|18|82|1|97|0.3154|0.0118|0.0065|-1.0743|0.0705||5.85|16|5.15|55
GME211210P00187500|24.95|28.00|24.95|29.08|28.00|7|-1.08|-0.0371|3|259|3|7|-0.6106|0.0090|-0.0180|-1.6261|0.0760||24.85|21|22.15|5
GME211210C00190000|6.42|6.71|4.25|8.00|5.10|8|-2.90|-0.3625|151|350|1|397|0.2905|0.0113|0.0060|-1.0394|0.0679||5.50|63|4.70|39
GME211210P00190000|27.48|30.38|26.00|29.43|26.12|8|-3.31|-0.1125|14|512|10|31|-0.6909|0.0108|-0.0197|-1.1519|0.0698||27.35|23|23.95|5
GME211210C00192500|5.25|5.85|4.05|6.25|5.65|9|-0.60|-0.0960|0|88|16|64|0.2948|0.0102|0.0061|-1.1697|0.0684||4.70|34|4.00|39
GME211210P00192500|30.60|30.60|27.83|35.21|27.83|9|-7.38|-0.2096|4|122|2|7|-0.7181|0.0105|-0.0205|-1.0882|0.0669||29.10|21|25.75|6
GME211210C00195000|6.25|6.25|3.50|6.43|4.05|10|-2.38|-0.3701|42|292|1|252|0.2477|0.0102|0.0052|-0.9767|0.0627||4.20|33|3.70|38
GME211210P00195000|31.53|33.73|27.93|35.56|28.29|10|-7.27|-0.2044|18|303|1|13|-0.7822|0.0106|-0.0221|-0.8150|0.0584||31.55|29|27.80|6
GME211210C00197500|4.90|4.90|3.24|6.00|3.58|11|-2.42|-0.4033|21|127|1|99|0.2246|0.0098|0.0047|-0.9201|0.0594||3.70|14|3.30|35
GME211210P00197500|34.54|34.54|31.95|36.83|33.48|11|-3.35|-0.0910|1|120|4|15|-0.7208|0.0090|-0.0214|-1.2571|0.0666||33.30|21|28.95|23
GME211210C00200000|4.30|5.20|2.84|5.67|3.20|12|-2.47|-0.4356|954|1728|1|1887|0.2088|0.0092|0.0044|-0.8958|0.0569||3.35|16|3.10|9
GME211210P00200000|36.41|39.35|34.50|43.50|34.70|12|-8.80|-0.2023|19|699|1|28|-0.7570|0.0089|-0.0224|-1.1004|0.0620||35.80|22|31.45|12
GME211210C00202500|4.30|4.35|2.59|5.15|2.88|13|-2.27|-0.4408|17|94|1|100|0.2071|0.0086|0.0043|-0.9458|0.0567||3.05|24|2.65|17
GME211210P00202500||||45.70|45.70|13|0.00|0.0000|-13|35|0|0|-0.6269|0.0063|-0.0209|-2.2825|0.0750||38.20|11|33.55|11
GME211210C00205000|3.50|3.85|2.36|4.74|2.66|14|-2.08|-0.4388|69|238|1|277|0.1790|0.0082|0.0038|-0.8342|0.0518||2.77|14|2.50|23
GME211210P00205000|41.48|41.48|41.48|38.52|41.48|14|2.96|0.0768|4|180|1|1|-0.7306|0.0076|-0.0227|-1.4367|0.0655||40.05|14|35.95|24
GME211210C00207500|3.00|3.35|2.32|4.00|2.40|15|-1.60|-0.4000|4|82|1|36|0.1611|0.0077|0.0034|-0.7756|0.0484||2.53|23|2.14|26
GME211210P00207500|42.18|42.53|42.18|49.37|42.53|15|-6.84|-0.1385|6|26|5|6|-0.7667|0.0075|-0.0237|-1.2410|0.0607||42.50|17|38.30|11
GME211210C00210000|2.99|3.21|2.00|4.02|2.20|16|-1.82|-0.4527|23|359|3|324|0.1531|0.0073|0.0032|-0.7690|0.0469||2.30|10|2.05|20
GME211210P00210000|44.42|46.60|42.55|47.00|46.60|16|-0.40|-0.0085|29|141|2|29|-0.7390|0.0069|-0.0236|-1.5200|0.0644||44.85|11|40.65|11
GME211210C00212500|2.92|2.96|1.91|3.05|2.14|17|-0.91|-0.2984|8|88|1|32|0.1430|0.0068|0.0030|-0.7450|0.0448||2.14|10|1.86|21
GME211210P00212500|48.25|48.25|48.25|44.38|48.25|17|3.87|0.0872|1|38|1|1|-0.7606|0.0068|-0.0243|-1.4145|0.0615||47.35|18|42.65|22
GME211210C00215000|3.35|3.35|1.78|3.50|1.90|18|-1.60|-0.4571|50|216|1|219|0.1361|0.0065|0.0029|-0.7287|0.0434||1.97|10|1.69|74
GME211210P00215000|52.12|52.12|52.12|50.45|52.12|18|1.67|0.0331|41|73|1|1|-0.7347|0.0064|-0.0243|-1.6811|0.0652||49.45|11|45.15|22
GME211210C00217500|3.20|3.20|1.63|2.86|1.63|19|-1.23|-0.4301|5|35|1|13|0.1157|0.0060|0.0025|-0.6385|0.0386||1.88|1|1.60|14
GME211210P00217500|53.30|53.30|53.30|49.60|53.30|19|3.70|0.0746|10|37|1|1|-0.7680|0.0063|-0.0252|-1.4763|0.0605||51.95|19|47.65|24
GME211210C00220000|2.95|2.95|1.50|3.00|1.65|20|-1.35|-0.4500|8|421|5|535|0.1179|0.0057|0.0025|-0.6800|0.0392||1.76|16|1.60|12
GME211210P00220000|54.50|54.85|54.32|55.33|54.32|20|-1.01|-0.0183|9|165|2|5|-0.8043|0.0062|-0.0262|-1.2364|0.0548||54.45|27|50.15|24
GME211210C00222500|2.64|2.64|1.47|2.00|1.58|21|-0.42|-0.2100|4|92|1|32|0.1082|0.0054|0.0023|-0.6419|0.0368||1.66|24|1.39|26
GME211210P00222500||||42.95|42.95|21|0.00|0.0000|1|39|0|0|-0.9971|0.0005|-0.0304|-0.0141|0.0018||56.95|23|52.65|13
GME211210C00225000|2.60|2.60|1.27|2.70|1.51|22|-1.19|-0.4407|124|472|3|177|0.1079|0.0052|0.0023|-0.6587|0.0369||1.54|20|1.34|20
GME211210P00225000|54.45|61.85|54.45|63.55|61.85|22|-1.70|-0.0268|15|477|1|2|-0.7553|0.0056|-0.0261|-1.7503|0.0625||59.35|16|55.10|13
GME211210C00227500|2.19|2.19|1.36|2.10|1.39|23|-0.71|-0.3381|11|35|1|19|0.0957|0.0048|0.0020|-0.6019|0.0337||1.52|28|1.22|14
GME211210P00227500||||34.06|34.06|23|0.00|0.0000|0|35|0|0|-1.0000|0.0000|-0.0312|0.0006|0.0000||61.65|5|55.70|13
GME211210C00230000|2.02|2.02|1.15|2.40|1.33|24|-1.07|-0.4458|75|470|1|236|0.0920|0.0046|0.0019|-0.5963|0.0327||1.36|16|1.22|13
GME211210P00230000||||63.29|63.29|24|0.00|0.0000|-18|20|0|0|-0.8418|0.0053|-0.0283|-1.1010|0.0479||64.00|4|58.20|4
GME211210C00232500|1.97|1.97|1.20|1.90|1.27|25|-0.63|-0.3316|22|55|1|23|0.0867|0.0043|0.0018|-0.5768|0.0313||1.36|33|1.06|26
GME211210P00232500||||68.97|68.97|25|0.00|0.0000|-1|5|0|0|-0.7749|0.0052|-0.0275|-1.7371|0.0595||66.50|3|60.70|13
GME211210C00235000|2.04|2.04|1.09|2.11|1.24|26|-0.87|-0.4123|-34|864|1|122|0.0851|0.0042|0.0018|-0.5787|0.0310||1.28|21|1.02|46
GME211210P00235000||||74.05|74.05|26|0.00|0.0000|-3|32|0|0|-0.7322|0.0049|-0.0272|-2.2164|0.0655||68.95|5|63.15|13
GME211210C00237500|1.67|1.67|1.17|2.00|1.17|27|-0.83|-0.4150|1|20|1|8|0.0792|0.0039|0.0017|-0.5552|0.0292||1.25|25|1.02|23
GME211210P00237500||||76.45|76.45|27|0.00|0.0000|-1|24|0|0|-0.7394|0.0048|-0.0277|-2.2071|0.0644||71.45|4|65.50|4
GME211210C00240000|1.58|1.67|0.96|1.91|1.11|28|-0.80|-0.4188|-15|302|2|168|0.0769|0.0038|0.0016|-0.5533|0.0286||1.17|14|0.96|15
GME211210P00240000|74.06|74.06|71.95|79.00|71.95|28|-7.05|-0.0892|-3|31|1|3|-0.8882|0.0043|-0.0306|-0.8337|0.0377||73.95|4|67.95|4
GME211210C00245000|1.42|1.45|0.90|1.80|1.01|29|-0.79|-0.4389|16|182|1|142|0.0708|0.0035|0.0015|-0.5310|0.0270||1.08|18|0.92|21
GME211210P00245000||||50.19|50.19|29|0.00|0.0000|0|23|0|0|-0.9999|0.0000|-0.0336|-0.0001|0.0001||78.90|5|72.90|13
GME211210C00250000|1.50|1.60|0.81|1.71|1.00|30|-0.71|-0.4152|563|2863|1|2185|0.0651|0.0031|0.0014|-0.5127|0.0252||0.98|2|0.95|1
GME211210P00250000|83.20|83.20|83.20|60.35|83.20|30|22.85|0.3786|0|15|2|2|-0.8595|0.0042|-0.0314|-1.1901|0.0442||83.70|5|77.85|13
GME211210C00255000|1.33|1.33|0.58|1.61|0.92|31|-0.69|-0.4286|12|73|1|260|0.0601|0.0029|0.0013|-0.4933|0.0236||0.94|14|0.86|12
GME211210P00255000||||40.40|40.40|31|0.00|0.0000|0|5|0|0|-1.0000|0.0000|-0.0349|0.0008|0.0000||88.50|4|82.80|13
GME211210C00260000|1.45|1.45|0.73|1.44|0.92|32|-0.52|-0.3611|-82|892|1|1291|0.0584|0.0027|0.0012|-0.4996|0.0231||0.94|23|0.80|19
GME211210P00260000||||69.85|69.85|32|0.00|0.0000|0|22|0|0|-0.9994|0.0001|-0.0356|-0.0041|0.0004||93.50|4|87.80|13
GME211210C00270000|0.88|1.15|0.64|1.30|0.84|33|-0.46|-0.3538|-13|180|1|312|0.0490|0.0023|0.0010|-0.4492|0.0201||0.82|17|0.65|20
GME211210P00270000||||103.46|103.46|33|0.00|0.0000|1|15|0|0|-0.8639|0.0035|-0.0343|-1.3459|0.0433||103.50|16|97.75|4
GME211210C00280000|1.14|1.14|0.57|1.08|0.69|34|-0.39|-0.3611|17|259|2|76|0.0432|0.0020|0.0009|-0.4220|0.0182||0.67|4|0.52|17
GME211210P00280000||||112.20|112.20|34|0.00|0.0000|5|6|0|0|-0.8982|0.0030|-0.0363|-1.0466|0.0352||113.55|16|107.70|16
GME211210C00290000|1.09|1.09|0.54|1.10|0.62|35|-0.48|-0.4364|384|555|1|69|0.0383|0.0017|0.0008|-0.3965|0.0165||0.67|18|0.61|2
GME211210P00290000||||82.25|82.25|35|0.00|0.0000|0|7|0|0|-1.0000|0.0000|-0.0397|0.0007|0.0000||123.25|16|117.70|16
GME211210C00300000|0.90|0.95|0.43|1.00|0.59|36|-0.41|-0.4100|291|1210|5|982|0.0351|0.0016|0.0007|-0.3831|0.0153||0.59|20|0.56|8
GME211210P00300000||||76.00|76.00|36|0.00|0.0000|0|14|0|0|-1.0000|0.0000|-0.0411|0.0010|0.0000||133.40|16|127.70|16
GME211210C00310000|0.93|0.93|0.45|1.00|0.51|37|-0.49|-0.4900|19|283|1|115|0.0316|0.0014|0.0007|-0.3627|0.0141||0.54|3|0.51|6
GME211210P00310000||||83.61|83.61|37|0.00|0.0000|0|4|0|0|-1.0000|0.0000|-0.0425|0.0006|0.0000||143.35|16|137.70|16
GME211210C00320000|1.10|1.10|0.44|0.90|0.48|38|-0.42|-0.4667|1|277|7|98|0.0284|0.0012|0.0006|-0.3404|0.0129||0.51|18|0.38|20
GME211210P00320000||||89.47|89.47|38|0.00|0.0000|0|3|0|0|-1.0000|0.0000|-0.0438|0.0010|0.0000||153.20|16|147.65|16
GME211210C00330000|0.73|0.73|0.42|0.80|0.44|39|-0.36|-0.4500|3|249|7|238|0.0258|0.0011|0.0005|-0.3218|0.0119||0.50|20|0.43|10
GME211210P00330000||||||39||||0|0|0|-1.0000|0.0000|-0.0452|0.0011|0.0000||163.95|16|157.65|16
GME211210C00340000|0.75|0.78|0.34|0.82|0.40|40|-0.42|-0.5122|44|131|1|68|0.0233|0.0010|0.0005|-0.3017|0.0109||0.40|4|0.32|5
GME211210P00340000||||||40||||0|0|0|-1.0000|0.0000|-0.0466|0.0011|0.0000||173.05|16|167.65|16
GME211210C00350000|0.65|0.79|0.33|0.77|0.37|41|-0.40|-0.5195|62|499|1|307|0.0223|0.0009|0.0005|-0.2994|0.0105||0.37|1|0.36|2
GME211210P00350000||||||41||||0|0|0|-1.0000|0.0000|-0.0479|0.0011|0.0000||183.00|16|177.65|16
GME211210C00360000|0.61|0.61|0.29|0.77|0.35|42|-0.42|-0.5455|4|89|1|85|0.0201|0.0008|0.0004|-0.2790|0.0096||0.35|5|0.27|5
GME211210P00360000||||||42||||0|0|0|-1.0000|0.0000|-0.0493|0.0012|0.0000||194.20|16|187.70|16
GME211210C00370000|0.30|0.34|0.29|0.73|0.34|43|-0.39|-0.5342|17|38|1|3|0.0196|0.0008|0.0004|-0.2809|0.0095||0.32|5|0.29|6
GME211210P00370000||||||43||||0|0|0|0.0196|0.0008|0.0004|-0.2809|0.0095||202.90|16|197.70|16
GME211210C00380000|0.70|0.70|0.30|0.66|0.30|44|-0.36|-0.5455|7|57|1|3|0.0174|0.0007|0.0004|-0.2565|0.0085||0.29|7|0.25|2
GME211210P00380000||||||44||||0|0|0|-1.0000|0.0000|-0.0521|0.0012|0.0000||212.85|16|207.70|16
GME211210C00390000|0.56|0.56|0.26|0.60|0.27|45|-0.33|-0.5500|27|79|1|115|0.0156|0.0006|0.0003|-0.2377|0.0078||0.26|5|0.19|5
GME211210P00390000||||||45||||0|0|0|-1.0000|0.0000|-0.0534|0.0013|0.0000||222.80|16|217.75|12
GME211210C00400000|0.54|0.54|0.20|0.54|0.25|46|-0.29|-0.5370|108|528|1|166|0.0145|0.0006|0.0003|-0.2257|0.0073||0.26|11|0.21|15
GME211210P00400000||||||46||||0|0|0|-1.0000|0.0000|-0.0548|0.0013|0.0000||232.75|16|227.65|12
GME211210C00410000|0.29|0.29|0.22|0.53|0.22|47|-0.31|-0.5849|11|70|1|60|0.0128|0.0005|0.0003|-0.2045|0.0066||0.22|5|0.16|5
GME211210P00410000||||||47||||0|0|0|-1.0000|0.0000|-0.0562|0.0013|0.0000||242.75|16|237.30|12
GME211210C00420000|0.48|0.48|0.21|0.49|0.21|48|-0.28|-0.5714|7|178|1|90|0.0121|0.0005|0.0003|-0.1984|0.0063||0.21|7|0.20|13
GME211210P00420000||||||48||||0|0|0|-1.0000|0.0000|-0.0575|0.0014|0.0000||254.15|12|245.05|28
GME211210C00430000|0.98|0.98|0.20|0.50|0.20|49|-0.30|-0.6000|2|306|1|9|0.0114|0.0005|0.0002|-0.1920|0.0060||0.20|7|0.12|9
GME211210P00430000||||||49||||0|0|0|-1.0000|0.0000|-0.0589|0.0014|0.0000||263.95|13|256.70|12
GME211210C00440000|0.35|0.42|0.17|0.44|0.17|50|-0.27|-0.6136|13|80|1|15|0.0121|0.0005|0.0002|-0.2073|0.0062||0.21|7|0.08|13
GME211210P00440000||||||50||||0|0|0|-1.0000|0.0000|-0.0603|0.0014|0.0000||273.25|13|266.75|12
GME211210C00450000|0.47|0.47|0.15|0.40|0.16|51|-0.24|-0.6000|8|296|1|587|0.0097|0.0004|0.0002|-0.1700|0.0052||0.17|66|0.05|18
GME211210P00450000||||||51||||0|0|0|-1.0000|0.0000|-0.0616|0.0015|0.0000||283.90|13|276.70|12
GME211210C00460000|0.36|0.36|0.12|0.40|0.14|52|-0.26|-0.6500|48|66|5|119|0.0096|0.0004|0.0002|-0.1707|0.0051||0.20|1|0.11|1
GME211210P00460000||||||52||||0|0|0|-1.0000|0.0000|-0.0630|0.0015|0.0000||293.90|4|286.90|12
GME211210C00470000|0.35|0.35|0.16|0.37|0.16|53|-0.21|-0.5676|1|23|1|211|0.0090|0.0004|0.0002|-0.1633|0.0048||0.32|12|0.12|100
GME211210P00470000||||||53||||0|0|0|-1.0000|0.0000|-0.0644|0.0015|0.0000||304.40|4|296.10|28
GME211210C00480000|0.31|0.48|0.15|0.40|0.15|54|-0.25|-0.6250|40|73|1|25|0.0084|0.0003|0.0002|-0.1551|0.0045||0.20|7|0.10|5
GME211210P00480000||||||54||||0|0|0|-1.0000|0.0000|-0.0658|0.0016|0.0000||314.70|12|306.15|27
GME211210C00490000|0.50|0.50|0.15|0.35|0.18|55|-0.17|-0.4857|8|101|3|44|0.0096|0.0004|0.0002|-0.1808|0.0051||0.23|1|0.08|5
GME211210P00490000||||||55||||0|0|0|-1.0000|0.0000|-0.0671|0.0016|0.0000||324.70|12|316.15|27
GME211210C00500000|0.35|0.35|0.11|0.38|0.15|56|-0.23|-0.6053|43|893|1|119|0.0082|0.0003|0.0002|-0.1567|0.0044||0.16|1|0.13|2
GME211210P00500000||||||56||||0|0|0|-1.0000|0.0000|-0.0685|0.0016|0.0000||333.20|3|326.15|27
GME211210C00510000|0.30|0.34|0.11|0.35|0.13|57|-0.22|-0.6286|329|2355|2|938|0.0072|0.0003|0.0001|-0.1400|0.0040||0.14|179|0.12|2
GME211210P00510000||||||57||||0|0|0|-1.0000|0.0000|-0.0699|0.0017|0.0000||344.65|12|336.15|27
GME211217C00080000||||94.56|94.56|17|0.00|0.0000|0|2|0|0|0.9310|0.0012|0.0210|-0.6068|0.0408||93.50|4|89.20|12
GME211217P00080000|1.30|1.60|1.00|1.28|1.43|17|0.15|0.1172|256|606|1|448|-0.0334|0.0009|-0.0023|-0.2461|0.0228||1.47|1|1.28|11
GME211217C00085000||||95.85|95.85|16|0.00|0.0000|0|1|0|0|0.8933|0.0013|0.0184|-1.0815|0.0565||88.60|2|84.35|12
GME211217P00085000|1.75|1.77|1.52|1.39|1.56|16|0.17|0.1223|-1|120|1|12|-0.0402|0.0011|-0.0027|-0.2769|0.0266||1.65|1|1.39|18
GME211217C00090000||||137.00|137.00|15|0.00|0.0000|0|4|0|0|0.8833|0.0007|0.0103|-2.1950|0.0602||83.60|3|79.45|4
GME211217P00090000|1.88|1.98|1.57|1.47|1.61|15|0.14|0.0952|73|141|1|43|-0.0442|0.0013|-0.0030|-0.2792|0.0287||1.78|1|1.50|27
GME211217C00100000|67.18|67.18|67.18|79.69|67.18|14|-12.51|-0.1570|0|50|3|3|0.9991|0.0001|0.0328|-0.0042|0.0010||73.90|4|69.90|12
GME211217P00100000|2.04|2.41|1.85|1.90|1.92|14|0.02|0.0105|387|1051|1|570|-0.0011|0.0001|-0.0001|-0.0046|0.0011||2.00|1|1.85|1
GME211217C00105000||||66.05|66.05|13|0.00|0.0000|0|1|0|0|0.9979|0.0002|0.0344|-0.0084|0.0020||68.95|15|65.10|12
GME211217P00105000|2.50|2.55|2.05|2.36|2.09|13|-0.27|-0.1144|13|153|1|20|-0.0022|0.0002|-0.0001|-0.0085|0.0021||2.34|4|2.01|4
GME211217C00110000||||73.25|73.25|12|0.00|0.0000|0|1|0|0|0.9964|0.0004|0.0360|-0.0130|0.0033||64.15|15|60.30|5
GME211217P00110000|2.64|3.20|2.27|2.50|2.36|12|-0.14|-0.0560|0|354|1|143|-0.0044|0.0004|-0.0003|-0.0154|0.0040||2.50|6|2.24|7
GME211217C00115000||||112.11|112.11|11|0.00|0.0000|0|2|0|0|0.9935|0.0007|0.0374|-0.0210|0.0056||59.30|15|55.60|5
GME211217P00115000|3.30|3.45|2.62|2.87|2.62|11|-0.25|-0.0871|18|180|2|53|-0.0086|0.0008|-0.0005|-0.0278|0.0072||2.94|4|2.53|9
GME211217C00120000|52.20|52.20|52.20|44.77|52.20|10|7.43|0.1660|5|56|2|2|0.9876|0.0012|0.0387|-0.0365|0.0099||54.60|17|51.05|6
GME211217P00120000|3.60|3.95|2.83|3.25|3.05|10|-0.20|-0.0615|170|328|10|313|-0.0155|0.0014|-0.0009|-0.0458|0.0120||3.25|12|2.84|6
GME211217C00125000|47.70|47.70|47.70|79.68|47.70|9|-31.98|-0.4014|0|35|2|2|0.9753|0.0021|0.0396|-0.0662|0.0178||50.15|12|46.55|14
GME211217P00125000|4.70|4.90|3.11|4.41|3.43|9|-0.98|-0.2222|148|355|3|670|-0.0284|0.0023|-0.0017|-0.0766|0.0200||3.80|20|3.25|12
GME211217C00130000|39.61|39.61|39.61|43.52|39.61|8|-3.91|-0.0898|0|10|1|1|0.9591|0.0033|0.0403|-0.0990|0.0269||46.10|7|42.20|15
GME211217P00130000|5.00|5.55|3.70|5.00|3.85|8|-1.15|-0.2300|129|335|1|129|-0.0462|0.0035|-0.0028|-0.1129|0.0297||4.30|17|3.65|17
GME211217C00135000|35.61|35.61|35.61|36.02|35.61|7|-0.41|-0.0114|0|3|1|1|0.9330|0.0048|0.0404|-0.1470|0.0399||41.30|13|37.90|18
GME211217P00135000|5.78|6.34|4.55|6.65|4.55|7|-2.10|-0.3158|2|151|1|19|-0.0709|0.0049|-0.0043|-0.1564|0.0416||5.20|46|4.30|30
GME211217C00140000|33.50|33.50|33.50|34.60|33.50|6|-1.10|-0.0318|1|149|1|1|0.9009|0.0065|0.0401|-0.1944|0.0535||36.90|11|33.85|21
GME211217P00140000|7.35|8.13|5.22|6.90|5.35|6|-1.55|-0.2246|102|915|1|323|-0.1060|0.0066|-0.0064|-0.2110|0.0562||5.80|4|5.35|5
GME211217C00145000||||27.00|27.00|5|0.00|0.0000|2|59|0|0|0.8548|0.0085|0.0389|-0.2563|0.0701||33.00|6|29.85|20
GME211217P00145000|8.40|9.49|6.22|8.20|6.92|5|-1.28|-0.1561|18|252|8|81|-0.1529|0.0084|-0.0093|-0.2750|0.0725||7.40|31|6.50|10
GME211217C00150000||||27.40|27.40|4|0.00|0.0000|11|82|0|0|0.7992|0.0103|0.0371|-0.3175|0.0862||29.40|7|26.15|56
GME211217P00150000|10.75|11.40|7.20|9.15|8.03|4|-1.12|-0.1224|40|1882|8|884|-0.2058|0.0102|-0.0126|-0.3303|0.0875||8.30|21|7.70|7
GME211217C00155000|24.92|24.92|24.92|20.20|24.92|3|4.72|0.2337|14|26|4|4|0.7379|0.0121|0.0348|-0.3661|0.1000||25.75|12|22.70|19
GME211217P00155000|12.65|12.90|8.95|12.49|9.75|3|-2.74|-0.2194|97|405|4|54|-0.2659|0.0119|-0.0164|-0.3777|0.1008||9.95|27|9.15|16
GME211217C00160000|22.03|22.32|19.65|22.85|21.45|2|-1.40|-0.0613|41|137|1|13|0.6698|0.0135|0.0321|-0.4042|0.1112||22.35|11|20.35|16
GME211217P00160000|13.30|15.25|11.00|14.25|11.56|2|-2.69|-0.1888|6|1046|1|96|-0.3334|0.0132|-0.0208|-0.4187|0.1117||12.10|27|10.95|9
GME211217C00165000|19.10|19.35|16.35|19.49|18.30|1|-1.19|-0.0611|-3|79|1|34|0.5962|0.0143|0.0289|-0.4385|0.1189||19.35|19|18.05|16
GME211217P00165000|16.10|17.75|12.60|15.80|13.34|1|-2.46|-0.1557|43|353|1|285|-0.4046|0.0139|-0.0255|-0.4498|0.1190||14.00|2|13.05|12
GME211217C00170000|17.25|17.45|14.45|19.50|15.20|1|-4.30|-0.2205|18|135|1|93|0.5234|0.0145|0.0256|-0.4569|0.1223||16.55|13|15.35|16
GME211217P00170000|19.15|20.45|15.50|17.60|15.50|1|-2.10|-0.1193|26|1092|1|87|-0.4756|0.0141|-0.0303|-0.4680|0.1223||16.95|48|15.05|18
GME211217C00175000|14.32|16.15|12.00|15.96|13.42|2|-2.54|-0.1591|25|208|1|59|0.4514|0.0145|0.0224|-0.4505|0.1216||14.30|15|12.35|108
GME211217P00175000|21.55|23.50|17.50|19.30|18.97|2|-0.33|-0.0171|65|785|4|248|-0.5451|0.0141|-0.0351|-0.4645|0.1217||20.00|55|17.85|5
GME211217C00180000|12.68|13.50|9.50|14.75|11.40|3|-3.35|-0.2271|61|503|3|787|0.3840|0.0139|0.0192|-0.4363|0.1173||12.15|18|11.00|96
GME211217P00180000|24.32|26.18|20.90|23.68|22.44|3|-1.24|-0.0524|54|1128|1|22|-0.6119|0.0137|-0.0399|-0.4477|0.1177||22.55|34|20.80|14
GME211217C00185000|10.90|12.00|8.88|12.22|9.85|4|-2.37|-0.1939|14|284|4|83|0.3222|0.0130|0.0162|-0.4116|0.1101||10.40|12|9.50|16
GME211217P00185000|28.90|29.62|25.00|27.75|25.00|4|-2.75|-0.0991|-9|246|1|23|-0.6735|0.0128|-0.0444|-0.4213|0.1107||26.55|18|23.95|11
GME211217C00187500|9.22|9.40|9.22|8.62|9.25|5|0.63|0.0731|3|42|1|5|0.3783|0.0095|0.0180|-0.6367|0.1168||9.60|29|8.80|64
GME211217P00187500||||34.50|34.50|5|0.00|0.0000|0|116|0|0|-0.5466|0.0067|-0.0419|-0.9750|0.1217||28.50|21|25.65|11
GME211217C00190000|10.50|10.50|7.65|11.00|8.63|6|-2.37|-0.2155|19|273|1|61|0.2675|0.0119|0.0135|-0.3802|0.1011||9.45|58|7.80|131
GME211217P00190000|32.80|32.80|28.60|32.96|28.60|6|-4.36|-0.1323|-15|431|10|47|-0.7263|0.0117|-0.0487|-0.3933|0.1022||30.45|23|27.55|11
GME211217C00192500|8.45|10.60|7.35|8.20|7.35|7|-0.85|-0.1037|9|39|1|11|0.3290|0.0093|0.0159|-0.5863|0.1111||8.90|62|7.15|88
GME211217P00192500||||38.40|38.40|7|0.00|0.0000|2|113|0|0|-0.5718|0.0065|-0.0446|-0.9863|0.1205||32.20|20|29.45|7
GME211217C00195000|8.00|8.35|6.68|8.75|7.86|8|-0.89|-0.1017|11|158|1|11|0.2209|0.0106|0.0112|-0.3464|0.0911||8.30|75|6.85|84
GME211217P00195000|36.78|36.78|32.30|36.79|32.30|8|-4.49|-0.1220|-32|441|10|44|-0.7733|0.0105|-0.0526|-0.3584|0.0925||34.30|21|31.35|11
GME211217C00197500|7.80|7.80|6.30|8.05|6.30|9|-1.75|-0.2174|-4|37|2|3|0.2925|0.0087|0.0142|-0.5628|0.1055||7.50|47|6.30|73
GME211217P00197500||||42.50|42.50|9|0.00|0.0000|0|93|0|0|-0.5941|0.0063|-0.0472|-0.9990|0.1191||36.30|19|33.15|7
GME211217C00200000|7.80|8.05|5.55|8.80|6.30|10|-2.50|-0.2841|716|2717|1|665|0.1823|0.0093|0.0093|-0.3132|0.0812||6.55|9|6.20|1
GME211217P00200000|39.83|39.83|35.75|40.50|38.53|10|-1.97|-0.0486|0|1919|1|51|-0.8111|0.0093|-0.0561|-0.3272|0.0831||38.40|20|35.00|11
GME211217C00202500|6.70|6.70|5.40|6.50|5.85|11|-0.65|-0.1000|-1|35|1|11|0.2847|0.0078|0.0136|-0.6137|0.1042||6.20|36|5.50|76
GME211217P00202500||||39.87|39.87|11|0.00|0.0000|3|120|0|0|-0.7046|0.0077|-0.0525|-0.6481|0.1060||40.50|21|37.10|11
GME211217C00205000|6.65|6.80|4.89|6.70|5.50|12|-1.20|-0.1791|11|64|4|42|0.2766|0.0075|0.0132|-0.6223|0.1028||5.75|28|5.15|80
GME211217P00205000|44.49|44.49|42.73|44.80|44.45|12|-0.35|-0.0078|-2|163|1|12|-0.6779|0.0068|-0.0526|-0.7827|0.1101||41.75|18|39.20|14
GME211217C00207500|6.10|6.10|4.58|5.50|5.65|13|0.15|0.0273|-1|31|1|7|0.2528|0.0074|0.0122|-0.5773|0.0982||5.55|47|4.75|75
GME211217P00207500|44.50|46.65|44.50|50.60|46.65|13|-3.95|-0.0781|35|216|1|5|-0.6878|0.0067|-0.0538|-0.7836|0.1087||44.80|22|41.35|5
GME211217C00210000|5.30|6.00|4.45|7.10|5.18|14|-1.92|-0.2704|-18|797|1|108|0.1156|0.0069|0.0059|-0.2308|0.0598||5.05|27|4.50|104
GME211217P00210000|48.25|51.30|43.75|49.35|44.25|14|-5.10|-0.1033|-7|208|1|89|-0.8795|0.0069|-0.0629|-0.2413|0.0616||47.00|25|43.90|11
GME211217C00212500|5.50|5.50|4.35|5.15|4.40|15|-0.75|-0.1456|-8|14|1|24|0.2142|0.0070|0.0104|-0.5096|0.0895||4.80|25|4.25|23
GME211217P00212500||||42.25|42.25|15|0.00|0.0000|0|59|0|0|-0.8719|0.0067|-0.0633|-0.2723|0.0643||49.20|22|45.80|4
GME211217C00215000|5.10|5.23|4.15|4.55|4.15|16|-0.40|-0.0879|6|103|1|18|0.2035|0.0067|0.0099|-0.4991|0.0869||4.50|14|4.00|16
GME211217P00215000|52.75|54.30|51.43|55.04|54.30|16|-0.74|-0.0134|3|104|6|27|-0.6999|0.0060|-0.0570|-0.8411|0.1068||51.45|23|47.90|11
GME211217C00217500||||5.10|5.10|17|0.00|0.0000|1|40|0|0|0.2219|0.0064|0.0106|-0.5810|0.0914||4.30|20|3.80|18
GME211217P00217500|55.40|56.80|55.00|54.90|56.80|17|1.90|0.0346|32|55|6|9|-0.7040|0.0058|-0.0581|-0.8563|0.1061||53.75|13|49.90|13
GME211217C00220000|4.65|4.80|3.50|5.43|3.82|18|-1.61|-0.2965|-24|1879|4|91|0.0723|0.0048|0.0037|-0.1646|0.0423||4.05|5|3.60|14
GME211217P00220000|59.00|59.00|59.00|54.49|59.00|18|4.51|0.0828|-22|424|1|1|-0.9216|0.0050|-0.0683|-0.1791|0.0450||56.05|20|52.45|11
GME211217C00222500|3.50|3.90|3.30|4.60|3.90|19|-0.70|-0.1522|1|70|1|22|0.1858|0.0059|0.0090|-0.5020|0.0822||3.90|5|3.45|14
GME211217P00222500||||49.15|49.15|19|0.00|0.0000|0|21|0|0|-0.8277|0.0059|-0.0647|-0.4576|0.0784||58.35|17|54.75|11
GME211217C00225000|4.25|4.50|3.20|4.50|3.85|20|-0.65|-0.1444|30|128|1|35|0.1812|0.0057|0.0088|-0.5047|0.0809||3.75|15|3.30|14
GME211217P00225000||||49.64|49.64|20|0.00|0.0000|0|30|0|0|-0.8642|0.0055|-0.0672|-0.3586|0.0670||60.70|11|56.90|11
GME211217C00227500|3.45|3.60|3.45|4.50|3.60|21|-0.90|-0.2000|1|9|1|2|0.1716|0.0055|0.0083|-0.4891|0.0782||3.60|12|3.15|26
GME211217P00227500||||51.86|51.86|21|0.00|0.0000|0|60|0|0|-0.9670|0.0028|-0.0731|-0.0792|0.0226||63.05|11|59.20|11
GME211217C00230000|3.80|3.90|3.05|4.80|3.80|22|-1.00|-0.2083|-6|436|1|17|0.0476|0.0034|0.0025|-0.1220|0.0305||3.45|15|3.05|14
GME211217P00230000||||64.00|64.00|22|0.00|0.0000|-1|63|0|0|-0.9494|0.0035|-0.0730|-0.1294|0.0320||65.40|16|61.75|11
GME211217C00232500||||3.80|3.80|23|0.00|0.0000|6|86|0|0|0.1712|0.0052|0.0082|-0.5195|0.0781||3.40|23|3.00|19
GME211217P00232500||||53.30|53.30|23|0.00|0.0000|0|19|0|0|-0.9724|0.0024|-0.0750|-0.0704|0.0195||67.75|17|64.30|13
GME211217C00235000|3.08|3.20|2.87|3.95|3.17|24|-0.78|-0.1975|4|78|1|14|0.1520|0.0050|0.0074|-0.4655|0.0722||3.25|7|2.87|11
GME211217P00235000||||68.76|68.76|24|0.00|0.0000|1|61|0|0|-0.8260|0.0050|-0.0689|-0.5444|0.0789||70.15|11|66.40|11
GME211217C00240000|3.05|3.50|2.75|3.45|2.88|25|-0.57|-0.1652|-35|321|4|82|0.0289|0.0022|0.0015|-0.0817|0.0202||3.10|18|2.67|80
GME211217P00240000|74.27|74.27|73.45|65.50|73.45|25|7.95|0.1214|0|54|1|2|-0.9671|0.0024|-0.0772|-0.0927|0.0225||74.95|7|71.35|23
GME211217C00245000|3.60|3.60|2.46|3.05|2.74|26|-0.31|-0.1016|-34|196|10|25|0.1315|0.0043|0.0064|-0.4391|0.0655||3.10|48|2.51|31
GME211217P00245000|78.25|78.25|78.00|83.35|78.00|26|-5.35|-0.0642|-9|38|1|2|-0.8512|0.0044|-0.0734|-0.5045|0.0712||79.80|7|76.35|13
GME211217C00250000|2.80|3.15|2.39|3.43|2.58|27|-0.85|-0.2478|99|1244|4|174|0.0181|0.0015|0.0009|-0.0558|0.0136||2.74|3|2.40|18
GME211217P00250000|85.24|85.24|85.24|84.85|85.24|27|0.39|0.0046|-1|55|1|1|-0.9799|0.0016|-0.0811|-0.0616|0.0149||84.65|7|81.15|13
GME211217C00255000|2.25|2.72|2.25|3.21|2.68|28|-0.53|-0.1651|4|359|1|5|0.1232|0.0039|0.0059|-0.4475|0.0626||2.63|8|2.28|19
GME211217P00255000||||39.75|39.75|28|0.00|0.0000|0|5|0|0|-1.0000|0.0000|-0.0838|0.0008|0.0000||89.50|11|85.85|24
GME211217C00260000|2.57|2.81|2.12|2.85|2.37|29|-0.48|-0.1684|4|523|4|72|0.0111|0.0010|0.0006|-0.0370|0.0089||2.63|34|2.13|33
GME211217P00260000||||89.25|89.25|29|0.00|0.0000|0|21|0|0|-0.9875|0.0010|-0.0848|-0.0411|0.0099||94.40|7|90.85|13
GME211217C00270000|2.98|2.98|1.93|2.71|2.21|30|-0.50|-0.1845|-3|572|1|54|0.0073|0.0007|0.0004|-0.0264|0.0062||2.44|32|1.98|28
GME211217P00270000|107.95|107.95|100.87|65.35|102.35|30|37.00|0.5662|0|49|8|34|-0.9914|0.0007|-0.0883|-0.0301|0.0072||104.20|11|100.60|11
GME211217C00280000|2.08|2.15|1.73|2.70|1.84|31|-0.86|-0.3185|-3|2026|1|42|0.0051|0.0005|0.0003|-0.0195|0.0045||2.20|10|1.85|19
GME211217P00280000||||91.00|91.00|31|0.00|0.0000|0|10|0|0|-0.9942|0.0005|-0.0917|-0.0214|0.0051||114.05|12|110.05|13
GME211217C00290000|2.00|2.07|1.70|2.15|1.95|32|-0.20|-0.0930|2|525|1|10|0.0035|0.0003|0.0002|-0.0142|0.0032||2.01|5|1.72|20
GME211217P00290000|127.73|127.73|127.73|68.50|127.73|32|59.23|0.8647|0|25|2|2|-0.9956|0.0004|-0.0951|-0.0171|0.0040||123.95|16|120.05|13
GME211217C00300000|3.27|3.27|1.60|2.29|1.75|33|-0.54|-0.2358|24|5731|2|543|0.0023|0.0002|0.0001|-0.0100|0.0022||1.84|1|1.70|11
GME211217P00300000||||126.50|126.50|33|0.00|0.0000|0|20|0|0|-0.9972|0.0003|-0.0985|-0.0111|0.0026||133.80|17|130.05|13
GME211217C00310000|3.06|3.06|1.50|1.97|1.64|34|-0.33|-0.1675|1|368|2|69|0.0015|0.0001|0.0001|-0.0068|0.0015||1.77|5|1.51|18
GME211217P00310000||||102.75|102.75|34|0.00|0.0000|0|3|0|0|-0.9980|0.0002|-0.1018|-0.0081|0.0020||143.75|17|139.65|13
GME211217C00320000|1.48|1.71|1.48|1.80|1.56|35|-0.24|-0.1333|0|448|1|14|0.0011|0.0001|0.0001|-0.0051|0.0011||1.73|27|1.37|34
GME211217P00320000||||96.00|96.00|35|0.00|0.0000|0|17|0|0|-0.9986|0.0001|-0.1051|-0.0058|0.0014||153.65|17|149.65|13
GME211217C00330000|1.90|1.90|1.35|1.81|1.40|36|-0.41|-0.2265|0|213|1|25|0.0008|0.0001|0.0000|-0.0039|0.0008||1.67|22|1.37|22
GME211217P00330000||||159.50|159.50|36|0.00|0.0000|0|3|0|0|-0.9990|0.0001|-0.1084|-0.0040|0.0011||163.60|16|159.65|13
GME211217C00340000|1.40|1.52|1.40|1.81|1.40|37|-0.41|-0.2265|0|232|5|14|0.0006|0.0001|0.0000|-0.0031|0.0006||1.51|5|1.32|16
GME211217P00340000||||126.85|126.85|37|0.00|0.0000|0|7|0|0|-0.9993|0.0001|-0.1117|-0.0027|0.0008||173.50|12|169.65|13
GME211217C00350000|1.45|1.51|1.18|1.64|1.40|38|-0.24|-0.1463|-9|1004|4|713|0.0005|0.0000|0.0000|-0.0025|0.0005||1.44|7|1.25|16
GME211217P00350000||||133.85|133.85|38|0.00|0.0000|0|4|0|0|-0.9994|0.0001|-0.1150|-0.0020|0.0006||183.50|3|179.65|13
GME211217C00360000|1.24|1.49|1.05|1.34|1.31|39|-0.03|-0.0224|11|315|1|10|0.0004|0.0000|0.0000|-0.0021|0.0004||1.41|17|1.13|21
GME211217P00360000||||||39|||0|0|0|0|-0.9995|0.0000|-0.1183|-0.0015|0.0005||193.50|4|189.65|13
GME211217C00370000|1.15|1.43|1.15|1.49|1.43|40|-0.06|-0.0403|-1|446|1|4|0.0003|0.0000|0.0000|-0.0018|0.0004||1.39|23|1.04|43
GME211217P00370000||||172.65|172.65|40|0.00|0.0000|0|3|0|0|-0.9996|0.0000|-0.1216|-0.0010|0.0004||203.25|12|199.35|12
GME211217C00380000|1.05|1.22|1.05|1.25|1.21|41|-0.04|-0.0320|0|168|2|35|0.0003|0.0000|0.0000|-0.0016|0.0003||1.35|18|1.20|5
GME211217P00380000||||208.83|208.83|41|0.00|0.0000|-1|16|0|0|-0.9997|0.0000|-0.1249|-0.0006|0.0004||213.25|1|209.35|12
GME211217C00390000|1.25|1.25|1.15|1.50|1.16|42|-0.34|-0.2267|1|194|1|29|0.0002|0.0000|0.0000|-0.0014|0.0003||1.21|17|1.15|4
GME211217P00390000||||||42|||0|0|0|0|-0.9997|0.0000|-0.1282|-0.0003|0.0003||223.25|2|219.15|12
GME211217C00400000|1.28|1.28|1.00|1.36|1.07|43|-0.29|-0.2132|91|1276|1|95|0.0002|0.0000|0.0000|-0.0011|0.0002||1.10|10|1.06|6
GME211217P00400000||||238.75|238.75|43|0.00|0.0000|0|3|0|0|-0.9998|0.0000|-0.1315|-0.0001|0.0003||233.25|1|229.15|12
GME211217C00410000|1.12|1.12|0.95|1.14|1.10|44|-0.04|-0.0351|21|226|3|6|0.0001|0.0000|0.0000|-0.0008|0.0002||1.14|74|0.87|31
GME211217P00410000||||190.90|190.90|44|0.00|0.0000|0|3|0|0|-0.9998|0.0000|-0.1348|0.0001|0.0002||243.50|12|239.15|12
GME211217C00420000|0.93|1.00|0.92|1.08|0.92|45|-0.16|-0.1481|0|542|1|8|0.0001|0.0000|0.0000|-0.0007|0.0001||1.11|17|0.85|29
GME211217P00420000||||189.85|189.85|45|0.00|0.0000|0|16|0|0|-0.9999|0.0000|-0.1381|0.0008|0.0001||253.15|16|249.15|12
GME211217C00430000|0.91|1.04|0.90|0.97|1.04|46|0.07|0.0722|5|213|1|7|0.0001|0.0000|0.0000|-0.0006|0.0001||1.11|7|0.78|20
GME211217P00430000||||244.20|244.20|46|0.00|0.0000|0|0|0|0|-0.9999|0.0000|-0.1414|0.0009|0.0001||263.15|1|257.65|10
GME211217C00440000|0.80|0.80|0.80|1.15|0.80|47|-0.35|-0.3043|0|472|2|2|0.0001|0.0000|0.0000|-0.0005|0.0001||1.05|7|0.76|14
GME211217P00440000||||||47|||0|0|0|0|-0.9999|0.0000|-0.1446|0.0011|0.0001||273.15|3|267.80|2
GME211217C00450000|0.90|0.91|0.84|0.89|0.84|48|-0.05|-0.0562|-3|683|1|84|0.0001|0.0000|0.0000|-0.0004|0.0001||1.04|7|0.70|18
GME211217P00450000||||||48|||0|0|0|0|-1.0000|0.0000|-0.1479|0.0012|0.0001||283.30|12|277.75|1
GME211217C00460000|0.73|0.90|0.73|1.00|0.90|49|-0.10|-0.1000|1|1139|3|16|0.0001|0.0000|0.0000|-0.0004|0.0001||0.96|1|0.80|1
GME211217P00460000||||261.60|261.60|49|0.00|0.0000|0|5|0|0|-1.0000|0.0000|-0.1512|0.0012|0.0001||293.25|13|287.75|2
GME211217C00470000||||1.00|1.00|50|0.00|0.0000|0|190|0|0|0.0380|0.0010|0.0018|-0.2942|0.0255||0.88|9|0.60|34
GME211217P00470000||||||50||||0|0|0|-1.0000|0.0000|-0.1545|0.0016|0.0000||303.25|4|297.70|2
GME211217C00480000|0.80|0.80|0.80|0.87|0.80|51|-0.07|-0.0805|3|243|1|1|0.0338|0.0009|0.0016|-0.2659|0.0232||0.81|2|0.60|15
GME211217P00480000||||264.21|264.21|51|0.00|0.0000|0|7|0|0|-0.9939|0.0003|-0.1575|-0.0455|0.0053||313.20|4|307.70|12
GME211217C00490000|0.80|0.80|0.80|1.00|0.80|52|-0.20|-0.2000|47|152|1|1|0.0314|0.0008|0.0015|-0.2510|0.0218||0.80|1|0.60|1
GME211217P00490000||||274.04|274.04|52|0.00|0.0000|0|7|0|0|-0.9913|0.0003|-0.1607|-0.0665|0.0072||323.15|3|317.70|12
GME211217C00500000|0.75|0.89|0.61|0.81|0.75|53|-0.06|-0.0741|-5|2436|1|34|0.0290|0.0008|0.0014|-0.2351|0.0204||0.74|126|0.60|4
GME211217P00500000||||290.05|290.05|53|0.00|0.0000|0|7|0|0|-0.9817|0.0006|-0.1635|-0.1462|0.0139||333.10|3|327.45|10
GME211217C00510000|0.85|0.85|0.49|0.88|0.69|54|-0.19|-0.2159|163|1554|3|274|0.0262|0.0007|0.0012|-0.2163|0.0188||0.71|4|0.60|1
GME211217P00510000||||277.97|277.97|54|0.00|0.0000|0|0|0|0|-0.9951|0.0002|-0.1674|-0.0379|0.0044||343.10|3|337.45|12
GME211223C00100000||||71.00|71.00|10|0.00|0.0000|-1|13|0|0|0.9810|0.0010|0.0475|-0.0603|0.0175||73.75|6|70.10|16
GME211223P00100000|2.10|2.68|2.10|1.97|2.24|10|0.27|0.1371|190|314|2|95|-0.0615|0.0018|-0.0062|-0.2260|0.0458||2.53|1|2.06|5
GME211223C00110000||||||9||||0|0|0|1.0000|0.0000|0.0542|-0.0004|0.0000||64.95|13|60.45|3
GME211223P00110000|3.30|3.35|3.01|2.76|3.01|9|0.25|0.0906|68|105|1|453|-0.0849|0.0025|-0.0085|-0.2685|0.0587||3.30|13|2.57|6
GME211223C00120000|48.67|49.37|48.67|103.35|49.37|8|-53.98|-0.5223|0|1|1|2|0.9012|0.0033|0.0495|-0.2524|0.0657||55.35|8|51.75|11
GME211223P00120000|4.05|5.25|4.05|4.64|4.10|8|-0.54|-0.1164|12|37|1|5|-0.1171|0.0034|-0.0117|-0.3174|0.0742||4.20|5|3.10|23
GME211223C00130000|40.47|41.20|40.47|40.47|41.20|7|0.73|0.0180|0|0|1|2|0.9614|0.0031|0.0607|-0.0632|0.0316||46.75|9|43.10|11
GME211223P00130000|5.72|7.20|5.25|6.15|5.25|7|-0.90|-0.1463|-6|136|2|11|-0.1553|0.0045|-0.0155|-0.3526|0.0901||5.75|12|4.40|19
GME211223C00140000||||||6||||0|0|0|1.0000|0.0000|0.0690|-0.0005|0.0000||39.25|13|35.10|6
GME211223P00140000|8.38|8.50|7.23|9.55|7.23|6|-2.32|-0.2429|0|42|1|17|-0.2106|0.0057|-0.0211|-0.4033|0.1090||8.05|18|6.30|14
GME211223C00145000||||||5||||0|0|0|1.0000|0.0000|0.0715|-0.0005|0.0000||34.90|4|31.35|6
GME211223P00145000|10.00|10.40|8.25|11.64|8.30|5|-3.34|-0.2869|11|11|1|8|-0.2459|0.0065|-0.0246|-0.4227|0.1185||8.85|4|7.65|4
GME211223C00150000||||28.10|28.10|4|0.00|0.0000|17|21|0|0|0.7330|0.0077|0.0476|-0.3927|0.1241||31.60|11|27.90|18
GME211223P00150000|12.00|12.50|10.00|11.00|10.32|4|-0.68|-0.0618|-45|155|5|17|-0.2816|0.0069|-0.0286|-0.4600|0.1274||10.55|6|9.10|6
GME211223C00155000||||29.20|29.20|3|0.00|0.0000|1|11|0|0|0.6685|0.0066|0.0416|-0.5536|0.1365||28.20|11|24.70|14
GME211223P00155000|14.70|14.70|13.30|14.47|13.30|3|-1.17|-0.0809|-49|78|1|2|-0.3288|0.0070|-0.0340|-0.5188|0.1360||12.70|18|10.85|7
GME211223C00160000|22.77|22.77|22.77|25.00|22.77|2|-2.23|-0.0892|7|19|1|1|0.6411|0.0083|0.0425|-0.4681|0.1411||24.75|6|21.80|14
GME211223P00160000|15.25|16.90|13.20|15.00|13.20|2|-1.80|-0.1200|4|66|6|51|-0.3592|0.0082|-0.0365|-0.4719|0.1411||14.95|18|12.75|8
GME211223C00165000|21.88|21.88|18.60|21.20|20.00|1|-1.20|-0.0566|16|16|3|49|0.5914|0.0087|0.0396|-0.4810|0.1461||22.05|12|20.35|11
GME211223P00165000|19.20|19.20|15.65|21.87|15.65|1|-6.22|-0.2844|263|284|20|40|-0.4083|0.0085|-0.0419|-0.4901|0.1461||17.40|18|14.95|10
GME211223C00170000|19.05|19.50|16.50|22.00|18.37|1|-3.63|-0.1650|15|30|1|69|0.3375|0.0067|0.0232|-0.5565|0.1379||19.35|12|17.85|9
GME211223P00170000|23.70|23.70|18.15|19.50|18.63|1|-0.87|-0.0446|28|61|1|25|-0.4468|0.0087|-0.0464|-0.4979|0.1493||19.95|18|17.35|11
GME211223C00175000|19.30|19.30|14.70|16.30|16.30|2|0.00|0.0000|16|19|1|50|0.5133|0.0085|0.0349|-0.5201|0.1505||17.45|13|15.70|12
GME211223P00175000|23.86|24.52|21.54|27.16|21.54|2|-5.62|-0.2069|-1|47|1|17|-0.4870|0.0085|-0.0514|-0.5181|0.1505||22.05|14|20.35|4
