symbol|open|high|low|preClose|close|activeLevel|change|changeRatio|openIntChange|openInterest|latestPriceVol|volume|delta|gamma|rho|theta|vega|tradeStamptradeTime|ask|avol|bid|bvol
GME211210C00100000|67.07|72.35|67.00|65.54|67.00|9|1.46|0.0223|1|2|1|15|0.9410|0.0020|0.0121|-0.7068|0.0227||68.70|13|63.80|22
GME211210P00100000|1.49|2.05|1.23|1.45|1.76|9|0.31|0.2138|481|720|1|1805|-0.0595|0.0020|-0.0016|-0.7133|0.0229||1.78|8|1.73|15
GME211210C00110000||||76.13|76.13|8|0.00|0.0000|0|2|0|0|0.8177|0.0020|0.0081|-3.5856|0.0512||59.15|17|54.90|8
GME211210P00110000|1.65|2.30|1.65|1.80|2.12|8|0.32|0.1778|89|304|1|439|-0.0753|0.0027|-0.0020|-0.7472|0.0275||2.21|1|2.08|13
GME211210C00120000||||56.97|56.97|7|0.00|0.0000|0|1|0|0|0.8091|0.0032|0.0105|-2.3465|0.0526||49.70|13|45.40|13
GME211210P00120000|2.50|2.90|2.03|2.43|2.73|7|0.30|0.1235|529|792|1|863|-0.1013|0.0038|-0.0026|-0.8274|0.0343||2.80|1|2.62|12
GME211210C00130000|38.97|43.65|38.97|38.97|41.19|6|2.22|0.0570|0|0|1|11|0.8189|0.0050|0.0129|-1.3905|0.0509||40.85|16|36.25|13
GME211210P00130000|3.25|3.85|2.88|3.10|3.70|6|0.60|0.1935|414|845|1|413|-0.1416|0.0054|-0.0037|-0.9269|0.0433||3.80|21|3.50|17
GME211210C00140000|30.25|30.92|30.25|29.50|30.92|5|1.42|0.0481|5|34|1|11|0.7933|0.0073|0.0138|-1.1203|0.0552||31.00|18|28.10|11
GME211210P00140000|4.70|5.50|3.70|4.30|5.25|5|0.95|0.2209|290|731|1|451|-0.2018|0.0074|-0.0052|-1.0722|0.0544||5.40|28|5.05|18
GME211210C00145000|28.00|28.00|25.50|24.75|27.05|4|2.30|0.0929|8|8|1|14|0.7577|0.0085|0.0136|-1.1503|0.0604||28.50|17|24.25|11
GME211210P00145000|5.25|6.55|4.98|5.20|6.22|4|1.02|0.1962|108|123|1|160|-0.2402|0.0086|-0.0062|-1.1288|0.0602||6.50|22|6.05|34
GME211210C00150000|25.89|26.40|23.26|24.62|23.26|3|-1.36|-0.0552|53|73|18|34|0.6934|0.0083|0.0123|-1.4940|0.0679||24.95|42|20.75|14
GME211210P00150000|6.90|8.20|5.75|6.25|7.65|3|1.40|0.2240|435|895|10|530|-0.2875|0.0097|-0.0075|-1.2038|0.0659||7.80|18|7.40|7
GME211210C00155000|21.89|23.00|21.89|23.55|23.00|2|-0.55|-0.0234|13|58|1|3|0.6443|0.0081|0.0114|-1.7086|0.0721||20.60|37|17.15|22
GME211210P00155000|8.20|9.73|7.55|8.00|9.10|2|1.10|0.1375|127|371|1|231|-0.3413|0.0105|-0.0090|-1.2836|0.0710||9.60|38|8.90|56
GME211210C00160000|18.50|19.60|15.05|21.00|15.20|1|-5.80|-0.2762|50|254|3|22|0.6006|0.0088|0.0109|-1.6898|0.0747||15.20|5|14.70|11
GME211210P00160000|10.40|11.85|8.50|9.45|11.11|1|1.66|0.1757|56|497|2|423|-0.3967|0.0116|-0.0104|-1.2783|0.0746||11.60|23|10.90|24
GME211210C00165000|16.50|16.50|12.35|18.15|12.50|1|-5.65|-0.3113|57|60|2|92|0.5431|0.0120|0.0105|-1.3120|0.0767||12.75|5|12.20|4
GME211210P00165000|12.95|14.18|10.30|10.85|13.49|1|2.64|0.2433|22|384|1|381|-0.4562|0.0118|-0.0121|-1.3352|0.0767||14.00|29|13.15|12
GME211210C00170000|12.80|14.60|10.00|14.85|10.35|2|-4.50|-0.3030|156|177|20|406|0.4821|0.0123|0.0094|-1.2963|0.0771||10.55|13|10.00|4
GME211210P00170000|15.35|17.00|12.10|13.48|16.65|2|3.17|0.2352|154|595|1|232|-0.5183|0.0123|-0.0139|-1.2910|0.0771||16.70|27|15.50|52
GME211210C00175000|10.15|11.91|8.30|13.46|8.30|3|-5.16|-0.3834|199|272|1|154|0.4261|0.0119|0.0084|-1.2946|0.0758||8.85|74|7.90|22
GME211210P00175000|18.75|19.50|15.38|16.00|19.50|3|3.50|0.2188|-4|518|10|89|-0.5780|0.0122|-0.0156|-1.2578|0.0757||19.85|28|18.65|14
GME211210C00177500|12.00|12.00|7.50|12.00|7.63|4|-4.37|-0.3642|20|47|1|154|0.3981|0.0117|0.0079|-1.2721|0.0746||7.65|26|7.20|34
GME211210P00177500|20.35|20.35|16.80|22.55|19.54|4|-3.01|-0.1335|32|266|18|41|-0.6380|0.0138|-0.0170|-1.0158|0.0725||21.80|13|19.45|64
GME211210C00180000|8.40|10.00|6.50|11.20|6.70|5|-4.50|-0.4018|98|404|1|366|0.3698|0.0115|0.0073|-1.2348|0.0730||6.90|20|6.50|8
GME211210P00180000|21.67|23.10|18.48|19.50|22.55|5|3.05|0.1564|-75|630|1|38|-0.6342|0.0117|-0.0174|-1.2059|0.0728||23.55|16|21.60|58
GME211210C00182500|7.53|8.70|6.00|9.20|6.00|6|-3.20|-0.3478|82|148|2|84|0.3434|0.0113|0.0069|-1.2010|0.0711||6.20|16|5.90|4
GME211210P00182500|21.20|23.00|21.20|26.97|21.60|6|-5.37|-0.1991|27|232|5|10|-0.7140|0.0133|-0.0191|-0.8672|0.0658||25.50|16|22.35|69
GME211210C00185000|7.00|8.00|5.30|9.00|5.30|7|-3.70|-0.4111|114|246|1|446|0.3132|0.0111|0.0063|-1.1322|0.0685||5.60|11|5.20|18
GME211210P00185000|24.00|26.95|22.09|22.22|26.29|7|4.07|0.1832|13|469|1|12|-0.7955|0.0135|-0.0210|-0.5943|0.0549||27.45|23|24.85|27
GME211210C00187500|5.05|7.00|4.70|8.15|5.30|8|-2.85|-0.3497|18|82|1|58|0.2826|0.0109|0.0057|-1.0535|0.0654||5.35|80|4.65|30
GME211210P00187500|24.95|26.55|24.95|29.08|26.55|8|-2.53|-0.0870|3|259|1|4|-0.7382|0.0113|-0.0203|-0.9362|0.0630||29.45|22|26.10|65
GME211210C00190000|6.42|6.71|4.25|8.00|4.40|9|-3.60|-0.4500|151|350|1|251|0.2706|0.0102|0.0055|-1.0753|0.0640||4.40|1|4.20|20
GME211210P00190000|27.48|30.38|26.60|29.43|27.21|9|-2.22|-0.0754|14|512|1|13|0.0000|0.0000|0.0000|0.0000|0.0000||31.40|18|28.60|29
GME211210C00192500|5.25|5.85|4.10|6.25|4.20|10|-2.05|-0.3280|0|88|2|41|0.2537|0.0097|0.0051|-1.0585|0.0620||4.05|21|3.80|19
GME211210P00192500|30.60|30.60|27.83|35.21|27.83|10|-7.38|-0.2096|4|122|2|7|-0.9148|0.0088|-0.0245|-0.2752|0.0302||33.50|18|30.20|25
GME211210C00195000|6.25|6.25|3.50|6.43|3.60|11|-2.83|-0.4401|42|292|6|138|0.2323|0.0093|0.0047|-1.0047|0.0591||3.65|24|3.40|21
GME211210P00195000|31.53|31.53|31.53|35.56|31.53|11|-4.03|-0.1133|18|303|4|8|-0.8503|0.0095|-0.0236|-0.5716|0.0450||35.75|13|32.65|16
GME211210C00197500|4.90|4.90|3.24|6.00|3.24|12|-2.76|-0.4600|21|127|1|94|0.2180|0.0088|0.0044|-0.9856|0.0570||3.35|26|3.05|34
GME211210P00197500|34.54|34.54|31.95|36.83|33.48|12|-3.35|-0.0910|1|120|4|15|-0.8820|0.0084|-0.0246|-0.4627|0.0382||37.85|13|33.85|29
GME211210C00200000|4.30|5.20|2.84|5.67|2.88|13|-2.79|-0.4921|954|1728|1|1303|0.1946|0.0084|0.0040|-0.9037|0.0533||2.95|1|2.86|6
GME211210P00200000|36.41|39.35|35.85|43.50|37.73|13|-5.77|-0.1326|19|699|1|22|-0.7958|0.0083|-0.0233|-0.9696|0.0547||40.20|13|36.35|15
GME211210C00202500|4.30|4.35|2.65|5.15|2.70|14|-2.45|-0.4757|17|94|1|72|0.1818|0.0079|0.0037|-0.8782|0.0511||2.75|23|2.51|40
GME211210P00202500||||45.70|45.70|14|0.00|0.0000|-13|35|0|0|-0.6970|0.0069|-0.0220|-1.7555|0.0676||42.30|13|38.45|14
GME211210C00205000|3.50|3.85|2.36|4.74|2.41|15|-2.33|-0.4916|69|238|1|111|0.1666|0.0075|0.0034|-0.8322|0.0483||2.49|14|2.35|28
GME211210P00205000||||38.52|38.52|15|0.00|0.0000|4|180|0|0|-0.7942|0.0075|-0.0240|-1.0825|0.0551||44.65|13|40.20|28
GME211210C00207500|3.00|3.35|2.32|4.00|2.45|16|-1.55|-0.3875|4|82|1|30|0.1560|0.0071|0.0032|-0.8086|0.0463||2.33|30|2.15|15
GME211210P00207500|42.18|42.53|42.18|49.37|42.53|16|-6.84|-0.1385|6|26|5|6|-0.9492|0.0047|-0.0273|-0.2298|0.0202||46.95|13|42.70|28
GME211210C00210000|2.99|3.21|2.00|4.02|2.06|17|-1.96|-0.4876|23|359|2|210|0.1418|0.0067|0.0029|-0.7572|0.0434||2.12|15|1.98|13
GME211210P00210000|44.42|46.60|42.55|47.00|46.60|17|-0.40|-0.0085|29|141|2|29|-0.8713|0.0065|-0.0261|-0.6754|0.0406||49.35|17|45.20|26
GME211210C00212500|2.92|2.96|1.91|3.05|1.91|18|-1.14|-0.3738|8|88|2|18|0.1421|0.0064|0.0029|-0.7933|0.0435||1.95|6|1.84|17
GME211210P00212500|48.25|48.25|48.25|44.38|48.25|18|3.87|0.0872|1|38|1|1|-0.9109|0.0056|-0.0272|-0.4661|0.0312||51.55|13|47.70|27
GME211210C00215000|3.35|3.35|1.78|3.50|1.78|19|-1.72|-0.4914|50|216|1|48|0.1272|0.0060|0.0026|-0.7276|0.0403||1.82|17|1.72|20
GME211210P00215000||||50.45|50.45|19|0.00|0.0000|41|73|0|0|-0.9280|0.0049|-0.0279|-0.3852|0.0265||54.05|24|50.20|26
GME211210C00217500|3.20|3.20|1.63|2.86|1.63|20|-1.23|-0.4301|5|35|1|13|0.1227|0.0057|0.0025|-0.7264|0.0393||1.73|17|1.60|20
GME211210P00217500|53.30|53.30|53.30|49.60|53.30|20|3.70|0.0746|10|37|1|1|-0.9123|0.0051|-0.0280|-0.4978|0.0308||56.55|18|52.70|25
GME211210C00220000|2.95|2.95|1.50|3.00|1.53|21|-1.47|-0.4900|8|421|1|379|0.1085|0.0053|0.0022|-0.6564|0.0360||1.56|7|1.50|102
GME211210P00220000|54.50|54.50|54.50|55.33|54.50|21|-0.83|-0.0150|9|165|2|2|-0.7771|0.0058|-0.0259|-1.5349|0.0577||58.80|13|55.20|14
GME211210C00222500|2.64|2.64|1.47|2.00|1.47|22|-0.53|-0.2650|4|92|1|29|0.1049|0.0050|0.0021|-0.6552|0.0352||1.52|33|1.38|19
GME211210P00222500||||42.95|42.95|22|0.00|0.0000|1|39|0|0|-0.9987|0.0003|-0.0305|-0.0063|0.0008||61.30|14|56.45|13
GME211210C00225000|2.60|2.60|1.27|2.70|1.35|23|-1.35|-0.5000|124|472|2|136|0.0969|0.0047|0.0020|-0.6240|0.0331||1.41|8|1.35|5
GME211210P00225000|54.45|61.85|54.45|63.55|61.85|23|-1.70|-0.0268|15|477|1|2|-0.8824|0.0050|-0.0284|-0.7733|0.0381||63.70|4|58.85|31
GME211210C00227500|2.19|2.19|1.40|2.10|1.40|24|-0.70|-0.3333|11|35|1|11|0.1071|0.0047|0.0022|-0.7168|0.0357||1.36|30|1.21|25
GME211210P00227500||||34.06|34.06|24|0.00|0.0000|0|35|0|0|-1.0000|0.0000|-0.0312|0.0007|0.0000||66.20|14|61.30|12
GME211210C00230000|2.02|2.02|1.15|2.40|1.24|25|-1.16|-0.4833|75|470|1|145|0.0864|0.0043|0.0018|-0.5833|0.0305||1.25|15|1.16|11
GME211210P00230000||||63.29|63.29|25|0.00|0.0000|-18|20|0|0|-0.8262|0.0051|-0.0281|-1.2848|0.0497||68.65|4|63.75|11
GME211210C00232500|1.97|1.97|1.20|1.90|1.20|26|-0.70|-0.3684|22|55|1|14|0.0890|0.0042|0.0018|-0.6206|0.0311||1.19|18|1.09|18
GME211210P00232500||||68.97|68.97|26|0.00|0.0000|-1|5|0|0|-0.8955|0.0044|-0.0297|-0.7397|0.0350||71.15|6|66.20|13
GME211210C00235000|2.04|2.04|1.09|2.11|1.09|27|-1.02|-0.4834|-34|864|1|62|0.0799|0.0039|0.0016|-0.5682|0.0287||1.14|26|1.04|25
GME211210P00235000||||74.05|74.05|27|0.00|0.0000|-3|32|0|0|-0.8250|0.0049|-0.0288|-1.3681|0.0499||73.65|4|68.70|13
GME211210C00237500|1.67|1.67|1.26|2.00|1.35|28|-0.65|-0.3250|1|20|1|3|0.0863|0.0039|0.0018|-0.6373|0.0304||1.10|23|0.99|38
GME211210P00237500||||76.45|76.45|28|0.00|0.0000|-1|24|0|0|-0.8295|0.0047|-0.0293|-1.3622|0.0490||76.05|4|71.15|11
GME211210C00240000|1.58|1.67|0.96|1.91|1.01|29|-0.90|-0.4712|-15|302|1|111|0.0740|0.0036|0.0015|-0.5521|0.0271||1.01|4|0.96|13
GME211210P00240000|74.06|74.06|74.06|79.00|74.06|29|-4.94|-0.0625|-3|31|1|1|-0.8183|0.0046|-0.0294|-1.5037|0.0510||78.55|4|73.65|13
GME211210C00245000|1.42|1.45|0.90|1.80|0.90|30|-0.90|-0.5000|16|182|1|101|0.0661|0.0032|0.0014|-0.5138|0.0248||0.94|12|0.90|1
GME211210P00245000||||50.19|50.19|30|0.00|0.0000|0|23|0|0|-1.0000|0.0000|-0.0336|0.0005|0.0000||83.40|16|78.50|10
GME211210C00250000|1.50|1.60|0.81|1.71|0.85|31|-0.86|-0.5029|563|2863|1|1478|0.0624|0.0030|0.0013|-0.5059|0.0237||0.86|7|0.85|117
GME211210P00250000|83.20|83.20|83.20|60.35|83.20|31|22.85|0.3786|0|15|2|2|-0.9998|0.0000|-0.0342|-0.0009|0.0002||88.40|16|83.45|12
GME211210C00255000|1.33|1.33|0.58|1.61|0.78|32|-0.83|-0.5155|12|73|5|209|0.0573|0.0027|0.0012|-0.4834|0.0222||0.80|1|0.77|8
GME211210P00255000||||40.40|40.40|32|0.00|0.0000|0|5|0|0|-1.0000|0.0000|-0.0349|0.0008|0.0000||93.15|15|88.40|13
GME211210C00260000|1.45|1.45|0.73|1.44|0.74|33|-0.70|-0.4861|-82|892|1|1235|0.0544|0.0026|0.0011|-0.4761|0.0213||0.75|2|0.72|23
GME211210P00260000||||69.85|69.85|33|0.00|0.0000|0|22|0|0|-0.9997|0.0001|-0.0356|-0.0018|0.0002||98.20|12|93.40|16
GME211210C00270000|0.88|1.15|0.64|1.30|0.67|34|-0.63|-0.4846|-13|180|1|294|0.0499|0.0023|0.0010|-0.4682|0.0199||0.68|7|0.64|9
GME211210P00270000||||103.46|103.46|34|0.00|0.0000|1|15|0|0|-0.8454|0.0036|-0.0341|-1.5835|0.0460||108.20|12|103.35|16
GME211210C00280000|1.14|1.14|0.57|1.08|0.61|35|-0.47|-0.4352|17|259|1|57|0.0399|0.0019|0.0008|-0.3974|0.0166||0.61|6|0.58|5
GME211210P00280000||||112.20|112.20|35|0.00|0.0000|5|6|0|0|-0.8727|0.0032|-0.0360|-1.3579|0.0403||118.05|12|113.30|18
GME211210C00290000|1.09|1.09|0.54|1.10|0.54|36|-0.56|-0.5091|384|555|4|38|0.0378|0.0017|0.0008|-0.3977|0.0159||0.55|4|0.52|8
GME211210P00290000||||82.25|82.25|36|0.00|0.0000|0|7|0|0|-1.0000|0.0000|-0.0397|0.0009|0.0000||127.90|12|123.25|16
GME211210C00300000|0.90|0.95|0.43|1.00|0.50|37|-0.50|-0.5000|291|1210|3|556|0.0333|0.0015|0.0007|-0.3685|0.0144||0.50|1|0.46|15
GME211210P00300000||||76.00|76.00|37|0.00|0.0000|0|14|0|0|-1.0000|0.0000|-0.0411|0.0010|0.0000||138.00|12|133.25|16
GME211210C00310000|0.93|0.93|0.45|1.00|0.45|38|-0.55|-0.5500|19|283|4|29|0.0297|0.0013|0.0006|-0.3441|0.0131||0.47|11|0.46|2
GME211210P00310000||||83.61|83.61|38|0.00|0.0000|0|4|0|0|-1.0000|0.0000|-0.0425|0.0008|0.0000||147.85|3|143.25|16
GME211210C00320000|1.10|1.10|0.44|0.90|0.44|39|-0.46|-0.5111|1|277|1|20|0.0296|0.0013|0.0006|-0.3589|0.0130||0.44|11|0.40|6
GME211210P00320000||||89.47|89.47|39|0.00|0.0000|0|3|0|0|-1.0000|0.0000|-0.0438|0.0010|0.0000||157.90|12|153.25|17
GME211210C00330000|0.73|0.73|0.42|0.80|0.42|40|-0.38|-0.4750|3|249|6|95|0.0270|0.0011|0.0005|-0.3400|0.0120||0.42|14|0.37|10
GME211210P00330000||||||40||||0|0|0|-1.0000|0.0000|-0.0452|0.0011|0.0000||169.30|15|163.25|36
GME211210C00340000|0.75|0.78|0.34|0.82|0.34|41|-0.48|-0.5854|44|131|1|62|0.0210|0.0009|0.0004|-0.2734|0.0097||0.38|16|0.34|9
GME211210P00340000||||||41||||0|0|0|-1.0000|0.0000|-0.0466|0.0011|0.0000||178.10|12|173.25|29
GME211210C00350000|0.65|0.79|0.33|0.77|0.34|42|-0.43|-0.5584|62|499|1|290|0.0242|0.0010|0.0005|-0.3284|0.0110||0.34|2|0.32|6
GME211210P00350000||||||42||||0|0|0|-1.0000|0.0000|-0.0479|0.0011|0.0000||189.35|5|183.25|5
GME211210C00360000|0.61|0.61|0.33|0.77|0.33|43|-0.44|-0.5714|4|89|1|70|0.0206|0.0009|0.0004|-0.2876|0.0096||0.32|8|0.30|5
GME211210P00360000||||||43||||0|0|0|-1.0000|0.0000|-0.0493|0.0012|0.0000||199.20|15|193.25|39
GME211210C00370000|0.30|0.30|0.29|0.73|0.29|44|-0.44|-0.6027|17|38|1|2|0.0174|0.0007|0.0003|-0.2503|0.0083||0.30|5|0.29|6
GME211210P00370000||||||44||||0|0|0|0.0000|0.0000|0.0000|0.0000|0.0000||209.15|15|203.25|38
GME211210C00380000|0.70|0.70|0.30|0.66|0.30|45|-0.36|-0.5455|7|57|1|3|0.0174|0.0007|0.0003|-0.2588|0.0083||0.28|3|0.26|6
GME211210P00380000||||||45||||0|0|0|-1.0000|0.0000|-0.0521|0.0012|0.0000||217.90|12|213.25|12
GME211210C00390000|0.56|0.56|0.26|0.60|0.26|46|-0.34|-0.5667|27|79|1|113|0.0153|0.0006|0.0003|-0.2326|0.0074||0.28|14|0.24|3
GME211210P00390000||||||46||||0|0|0|-1.0000|0.0000|-0.0534|0.0013|0.0000||229.15|15|223.30|38
GME211210C00400000|0.54|0.54|0.20|0.54|0.26|47|-0.28|-0.5185|108|528|1|95|0.0145|0.0006|0.0003|-0.2265|0.0071||0.25|15|0.23|1
GME211210P00400000||||||47||||0|0|0|-1.0000|0.0000|-0.0548|0.0013|0.0000||237.75|6|233.30|12
GME211210C00410000|0.29|0.29|0.23|0.53|0.24|48|-0.29|-0.5472|11|70|1|41|0.0133|0.0005|0.0003|-0.2137|0.0066||0.24|30|0.22|1
GME211210P00410000||||||48||||0|0|0|-1.0000|0.0000|-0.0562|0.0013|0.0000||248.80|15|243.30|12
GME211210C00420000|0.48|0.48|0.21|0.49|0.23|49|-0.26|-0.5306|7|178|1|60|0.0131|0.0005|0.0003|-0.2150|0.0065||0.23|14|0.20|6
GME211210P00420000||||||49||||0|0|0|-1.0000|0.0000|-0.0575|0.0014|0.0000||259.05|7|253.30|12
GME211210C00430000|0.98|0.98|0.20|0.50|0.20|50|-0.30|-0.6000|2|306|1|6|0.0115|0.0005|0.0002|-0.1933|0.0058||0.23|3|0.20|1
GME211210P00430000||||||50||||0|0|0|-1.0000|0.0000|-0.0589|0.0014|0.0000||269.10|12|263.30|5
GME211210C00440000|0.35|0.42|0.20|0.44|0.20|51|-0.24|-0.5455|13|80|1|7|0.0156|0.0006|0.0003|-0.2678|0.0076||0.25|7|0.16|5
GME211210P00440000||||||51||||0|0|0|-1.0000|0.0000|-0.0603|0.0014|0.0000||279.05|4|273.35|5
GME211210C00450000|0.47|0.47|0.18|0.40|0.19|52|-0.21|-0.5250|8|296|1|49|0.0103|0.0004|0.0002|-0.1793|0.0053||0.20|7|0.16|8
GME211210P00450000||||||52||||0|0|0|-1.0000|0.0000|-0.0616|0.0015|0.0000||289.05|5|283.35|5
GME211210C00460000|0.36|0.36|0.12|0.40|0.19|53|-0.21|-0.5250|48|66|1|104|0.0105|0.0004|0.0002|-0.1879|0.0054||0.38|17|0.01|1
GME211210P00460000||||||53||||0|0|0|-1.0000|0.0000|-0.0630|0.0015|0.0000||299.00|3|293.35|12
GME211210C00470000|0.35|0.35|0.16|0.37|0.16|54|-0.21|-0.5676|1|23|1|211|0.0104|0.0004|0.0002|-0.1933|0.0053||0.67|1|0.12|100
GME211210P00470000||||||54||||0|0|0|-1.0000|0.0000|-0.0644|0.0015|0.0000||310.65|12|302.75|5
GME211210C00480000|0.31|0.48|0.15|0.40|0.40|55|0.00|0.0000|40|73|3|16|0.0184|0.0006|0.0004|-0.3423|0.0087||0.20|3|0.10|5
GME211210P00480000||||||55||||0|0|0|-1.0000|0.0000|-0.0658|0.0016|0.0000||321.55|12|312.75|5
GME211210C00490000|0.50|0.50|0.15|0.35|0.15|56|-0.20|-0.5714|8|101|1|41|0.0097|0.0004|0.0002|-0.1821|0.0050||0.27|1|0.08|1
GME211210P00490000||||||56||||0|0|0|-1.0000|0.0000|-0.0671|0.0016|0.0000||331.60|12|322.75|27
GME211210C00500000|0.35|0.35|0.15|0.38|0.15|57|-0.23|-0.6053|43|893|1|102|0.0082|0.0003|0.0002|-0.1578|0.0044||0.20|1|0.11|1
GME211210P00500000||||||57||||0|0|0|-1.0000|0.0000|-0.0685|0.0016|0.0000||341.60|12|332.75|20
GME211210C00510000|0.30|0.34|0.11|0.35|0.14|58|-0.21|-0.6000|329|2355|4|559|0.0072|0.0003|0.0001|-0.1409|0.0039||0.18|196|0.13|3
GME211210P00510000||||||58||||0|0|0|-1.0000|0.0000|-0.0699|0.0017|0.0000||349.95|4|342.75|20
GME211217C00080000||||94.56|94.56|16|0.00|0.0000|0|2|0|0|0.9010|0.0013|0.0178|-0.9917|0.0521||87.35|4|84.00|12
GME211217P00080000|1.30|1.60|1.00|1.28|1.47|16|0.19|0.1484|256|606|1|388|-0.0386|0.0011|-0.0026|-0.2734|0.0251||1.53|1|1.43|6
GME211217C00085000||||95.85|95.85|15|0.00|0.0000|0|1|0|0|0.8791|0.0013|0.0162|-1.3422|0.0602||82.75|4|79.00|12
GME211217P00085000|1.75|1.77|1.52|1.39|1.70|15|0.31|0.2230|-1|120|1|8|-0.0451|0.0013|-0.0030|-0.2959|0.0284||2.00|33|1.60|1
GME211217C00090000||||137.00|137.00|14|0.00|0.0000|0|4|0|0|0.8799|0.0008|0.0101|-2.1800|0.0598||77.75|6|74.60|4
GME211217P00090000|1.88|1.98|1.57|1.47|1.90|14|0.43|0.2925|73|141|3|40|-0.0494|0.0015|-0.0032|-0.2969|0.0306||2.13|58|1.76|41
GME211217C00100000|67.18|67.18|67.18|79.69|67.18|13|-12.51|-0.1570|0|50|3|3|0.9985|0.0002|0.0328|-0.0061|0.0014||68.15|6|64.85|15
GME211217P00100000|2.04|2.41|1.85|1.90|2.29|13|0.39|0.2053|387|1051|1|409|-0.0017|0.0002|-0.0001|-0.0068|0.0017||2.35|3|2.20|31
GME211217C00105000||||66.05|66.05|12|0.00|0.0000|0|1|0|0|0.9968|0.0003|0.0343|-0.0120|0.0029||63.50|17|59.85|13
GME211217P00105000|2.50|2.55|2.45|2.36|2.55|12|0.19|0.0805|13|153|4|6|-0.0034|0.0004|-0.0002|-0.0123|0.0031||2.86|21|2.30|71
GME211217C00110000||||73.25|73.25|11|0.00|0.0000|0|1|0|0|0.9942|0.0006|0.0358|-0.0191|0.0049||58.50|17|55.40|16
GME211217P00110000|2.64|3.20|2.58|2.50|2.90|11|0.40|0.1600|0|354|4|124|-0.0066|0.0007|-0.0004|-0.0218|0.0056||3.15|12|2.77|24
GME211217C00115000||||112.11|112.11|10|0.00|0.0000|0|2|0|0|0.9902|0.0010|0.0372|-0.0294|0.0078||53.95|17|50.85|16
GME211217P00115000|3.30|3.45|3.07|2.87|3.33|10|0.46|0.1603|18|180|1|26|-0.0126|0.0012|-0.0007|-0.0379|0.0098||3.40|10|3.20|13
GME211217C00120000||||44.77|44.77|9|0.00|0.0000|5|56|0|0|0.9817|0.0017|0.0384|-0.0495|0.0134||49.50|13|46.65|13
GME211217P00120000|3.60|3.95|3.50|3.25|3.85|9|0.60|0.1846|170|328|10|96|-0.0223|0.0019|-0.0013|-0.0608|0.0159||4.05|45|3.70|27
GME211217C00125000||||79.68|79.68|8|0.00|0.0000|0|35|0|0|0.9651|0.0029|0.0391|-0.0860|0.0231||45.20|13|42.10|13
GME211217P00125000|4.70|4.90|3.75|4.41|4.40|8|-0.01|-0.0023|148|355|1|456|-0.0394|0.0031|-0.0023|-0.0978|0.0255||4.70|47|4.30|49
GME211217C00130000|39.61|39.61|39.61|43.52|39.61|7|-3.91|-0.0898|0|10|1|1|0.9437|0.0043|0.0395|-0.1246|0.0339||41.00|8|38.00|13
GME211217P00130000|5.00|5.55|4.66|5.00|5.30|7|0.30|0.0600|129|335|1|76|-0.0624|0.0045|-0.0037|-0.1398|0.0368||5.55|46|5.10|54
GME211217C00135000|35.61|35.61|35.61|36.02|35.61|6|-0.41|-0.0114|0|3|1|1|0.9107|0.0061|0.0391|-0.1783|0.0484||37.00|17|34.45|8
GME211217P00135000|5.78|6.34|5.50|6.65|6.34|6|-0.31|-0.0466|2|151|10|16|-0.0935|0.0062|-0.0055|-0.1881|0.0501||6.55|22|6.10|16
GME211217C00140000|33.50|33.50|33.50|34.60|33.50|5|-1.10|-0.0318|1|149|1|1|0.8711|0.0081|0.0384|-0.2288|0.0630||33.15|36|30.10|61
GME211217P00140000|7.35|8.13|5.90|6.90|7.47|5|0.57|0.0826|102|915|5|261|-0.1361|0.0081|-0.0081|-0.2455|0.0654||7.75|17|7.20|62
GME211217C00145000||||27.00|27.00|4|0.00|0.0000|2|59|0|0|0.8167|0.0101|0.0368|-0.2908|0.0795||29.50|20|26.65|43
GME211217P00145000|8.40|9.49|7.70|8.20|8.65|4|0.45|0.0549|18|252|1|37|-0.1906|0.0100|-0.0114|-0.3090|0.0815||9.30|52|8.65|48
GME211217C00150000||||27.40|27.40|3|0.00|0.0000|11|82|0|0|0.7536|0.0119|0.0345|-0.3481|0.0945||26.10|21|23.70|10
GME211217P00150000|10.75|11.40|8.35|9.15|10.40|3|1.25|0.1366|40|1882|1|425|-0.2508|0.0117|-0.0151|-0.3602|0.0954||11.00|24|10.30|16
GME211217C00155000|24.92|24.92|24.92|20.20|24.92|2|4.72|0.2337|14|26|4|4|0.6854|0.0135|0.0319|-0.3894|0.1064||23.00|55|20.65|15
GME211217P00155000|12.65|12.90|10.55|12.49|12.15|2|-0.34|-0.0272|97|405|1|35|-0.3174|0.0132|-0.0192|-0.4003|0.1068||12.95|61|12.05|60
GME211217C00160000|22.03|22.32|19.65|22.85|19.65|1|-3.20|-0.1400|41|137|1|11|0.6119|0.0147|0.0289|-0.4171|0.1148||20.15|59|17.75|72
GME211217P00160000|13.30|15.25|12.10|14.25|14.85|1|0.60|0.0421|6|1046|1|71|-0.3896|0.0142|-0.0238|-0.4310|0.1149||15.15|22|14.35|12
GME211217C00165000|19.10|19.35|16.35|19.49|16.35|1|-3.14|-0.1611|-3|79|1|22|0.5301|0.0150|0.0253|-0.4384|0.1189||16.65|15|16.00|1
GME211217P00165000|16.10|17.75|13.60|15.80|17.17|1|1.37|0.0867|43|353|10|165|-0.4632|0.0146|-0.0287|-0.4500|0.1190||17.75|25|16.50|73
GME211217C00170000|17.25|17.45|14.45|19.50|14.45|2|-5.05|-0.2590|18|135|4|80|0.4633|0.0148|0.0223|-0.4447|0.1190||15.35|75|13.05|73
GME211217P00170000|19.15|20.45|16.00|17.60|19.92|2|2.32|0.1318|26|1092|10|49|-0.5342|0.0144|-0.0335|-0.4559|0.1191||20.75|36|19.25|25
GME211217C00175000|14.32|16.15|12.00|15.96|12.75|3|-3.21|-0.2011|25|208|4|38|0.3920|0.0144|0.0191|-0.4265|0.1151||12.70|69|11.35|69
GME211217P00175000|21.55|23.50|18.92|19.30|22.62|3|3.32|0.1720|65|785|1|144|-0.6029|0.0140|-0.0383|-0.4409|0.1156||23.65|12|21.70|70
GME211217C00180000|12.68|13.50|9.50|14.75|10.05|4|-4.70|-0.3186|61|503|10|320|0.3276|0.0135|0.0161|-0.4025|0.1082||10.25|10|9.80|27
GME211217P00180000|24.32|26.10|23.42|23.68|23.96|4|0.28|0.0118|54|1128|1|7|-0.6672|0.0133|-0.0429|-0.4143|0.1089||27.00|14|25.25|74
GME211217C00185000|10.90|12.00|8.88|12.22|9.00|5|-3.22|-0.2635|14|284|10|66|0.2702|0.0123|0.0133|-0.3704|0.0991||9.10|48|8.45|76
GME211217P00185000|28.90|29.62|25.52|27.75|29.62|5|1.87|0.0674|-9|246|1|21|-0.7249|0.0122|-0.0473|-0.3804|0.1000||30.65|25|28.45|72
GME211217C00187500|9.22|9.40|9.22|8.62|9.22|6|0.60|0.0696|3|42|1|4|0.3666|0.0086|0.0168|-0.6900|0.1128||8.90|80|7.80|63
GME211217P00187500||||34.50|34.50|6|0.00|0.0000|0|116|0|0|-0.6015|0.0076|-0.0440|-0.8158|0.1157||32.60|14|30.30|64
GME211217C00190000|10.50|10.50|7.65|11.00|7.65|7|-3.35|-0.3045|19|273|2|51|0.2206|0.0110|0.0109|-0.3343|0.0889||7.90|46|7.25|68
GME211217P00190000|32.80|32.80|31.00|32.96|31.13|7|-1.83|-0.0555|-15|431|2|34|-0.7727|0.0109|-0.0512|-0.3476|0.0904||34.45|12|32.20|26
GME211217C00192500|8.45|10.60|7.40|8.20|7.40|8|-0.80|-0.0976|9|39|1|10|0.3235|0.0084|0.0150|-0.6420|0.1076||7.80|62|6.70|62
GME211217P00192500||||38.40|38.40|8|0.00|0.0000|2|113|0|0|-0.6303|0.0073|-0.0469|-0.8104|0.1131||36.60|7|34.20|21
GME211217C00195000|8.00|8.35|6.68|8.75|6.68|9|-2.07|-0.2366|11|158|1|10|0.1795|0.0096|0.0089|-0.2983|0.0785||6.90|29|6.30|84
GME211217P00195000|36.78|36.78|34.80|36.79|34.80|9|-1.99|-0.0541|-32|441|1|27|-0.8146|0.0096|-0.0549|-0.3103|0.0801||38.55|5|36.20|24
GME211217C00197500|7.80|7.80|7.80|8.05|7.80|10|-0.25|-0.0311|-4|37|1|1|0.3129|0.0076|0.0143|-0.6905|0.1061||6.90|92|5.85|61
GME211217P00197500||||42.50|42.50|10|0.00|0.0000|0|93|0|0|-0.6557|0.0070|-0.0496|-0.8062|0.1103||40.75|7|38.25|24
GME211217C00200000|7.80|8.05|5.55|8.80|5.70|11|-3.10|-0.3523|716|2717|1|548|0.1462|0.0083|0.0073|-0.2649|0.0687||5.90|12|5.55|13
GME211217P00200000|39.83|39.83|35.75|40.50|38.83|11|-1.67|-0.0412|0|1919|2|50|-0.8472|0.0083|-0.0581|-0.2786|0.0707||42.80|12|40.35|20
GME211217C00202500|6.70|6.70|5.40|6.50|6.00|12|-0.50|-0.0769|-1|35|1|7|0.2673|0.0074|0.0124|-0.6093|0.0986||5.80|43|5.10|63
GME211217P00202500||||39.87|39.87|12|0.00|0.0000|3|120|0|0|-0.8282|0.0079|-0.0582|-0.3434|0.0761||45.00|11|42.50|24
GME211217C00205000|6.65|6.80|4.89|6.70|4.89|13|-1.81|-0.2701|11|64|1|13|0.2628|0.0071|0.0122|-0.6251|0.0977||5.45|53|4.95|1
GME211217P00205000|44.49|44.49|42.73|44.80|42.73|13|-2.07|-0.0462|-2|163|1|11|-0.8153|0.0075|-0.0584|-0.3931|0.0799||47.15|12|44.60|22
GME211217C00207500|6.10|6.10|5.20|5.50|5.50|14|0.00|0.0000|-1|31|1|5|0.2462|0.0069|0.0115|-0.5990|0.0944||5.40|65|4.55|65
GME211217P00207500|44.50|44.50|44.50|50.60|44.50|14|-6.10|-0.1206|35|216|3|3|-0.8421|0.0071|-0.0605|-0.3412|0.0723||49.70|13|46.80|26
GME211217C00210000|5.30|6.00|4.50|7.10|4.65|15|-2.45|-0.3451|-18|797|1|96|0.0896|0.0058|0.0045|-0.1871|0.0485||4.55|1|4.30|39
GME211217P00210000|48.25|51.30|45.75|49.35|48.10|15|-1.25|-0.0253|-7|208|2|57|-0.9059|0.0059|-0.0643|-0.1968|0.0503||51.65|5|49.05|20
GME211217C00212500|5.50|5.50|4.35|5.15|4.40|16|-0.75|-0.1456|-8|14|1|9|0.2107|0.0065|0.0099|-0.5328|0.0865||4.70|51|4.05|37
GME211217P00212500||||42.25|42.25|16|0.00|0.0000|0|59|0|0|-0.8976|0.0058|-0.0648|-0.2264|0.0535||54.30|13|50.80|18
GME211217C00215000|5.10|5.23|4.15|4.55|4.15|17|-0.40|-0.0879|6|103|1|14|0.2102|0.0063|0.0098|-0.5527|0.0864||4.30|20|3.85|21
GME211217P00215000|52.75|54.30|51.43|55.04|54.30|17|-0.74|-0.0134|3|104|6|27|-0.7899|0.0063|-0.0608|-0.5519|0.0864||56.40|13|53.05|18
GME211217C00217500||||5.10|5.10|18|0.00|0.0000|1|40|0|0|0.2203|0.0060|0.0102|-0.6088|0.0888||4.15|46|3.65|31
GME211217P00217500|55.40|56.80|55.00|54.90|56.80|18|1.90|0.0346|32|55|6|9|-0.7932|0.0060|-0.0619|-0.5617|0.0856||58.60|13|55.60|15
GME211217C00220000|4.65|4.80|3.60|5.43|3.75|19|-1.68|-0.3094|-24|1879|2|44|0.0544|0.0039|0.0028|-0.1287|0.0330||3.90|24|3.50|37
GME211217P00220000|59.00|59.00|59.00|54.49|59.00|19|4.51|0.0828|-22|424|1|1|-0.9402|0.0041|-0.0693|-0.1416|0.0356||61.30|17|57.80|18
GME211217C00222500|3.50|3.60|3.30|4.60|3.60|20|-1.00|-0.2174|1|70|4|17|0.1770|0.0056|0.0083|-0.4988|0.0778||3.70|15|3.35|24
GME211217P00222500||||49.15|49.15|20|0.00|0.0000|0|21|0|0|-0.8512|0.0055|-0.0660|-0.4057|0.0695||63.30|13|60.25|12
GME211217C00225000|4.25|4.50|3.20|4.50|3.20|21|-1.30|-0.2889|30|128|1|28|0.1714|0.0054|0.0081|-0.4956|0.0762||3.55|20|3.20|21
GME211217P00225000||||49.64|49.64|21|0.00|0.0000|0|30|0|0|-0.8858|0.0050|-0.0684|-0.3100|0.0579||65.90|13|62.60|13
GME211217C00227500|3.45|3.45|3.45|4.50|3.45|22|-1.05|-0.2333|1|9|1|1|0.1672|0.0053|0.0079|-0.4966|0.0750||3.45|26|3.05|26
GME211217P00227500||||51.86|51.86|22|0.00|0.0000|0|60|0|0|-0.9771|0.0000|-0.0050|0.0001|0.0017||68.15|13|64.95|12
GME211217C00230000|3.80|3.90|3.05|4.80|3.05|23|-1.75|-0.3646|-6|436|5|13|0.0352|0.0027|0.0018|-0.0932|0.0233||3.25|5|3.00|10
GME211217P00230000||||64.00|64.00|23|0.00|0.0000|-1|63|0|0|-0.9623|0.0017|-0.9610|-0.0245|0.0908||70.55|13|67.30|14
GME211217C00232500||||3.80|3.80|24|0.00|0.0000|6|86|0|0|0.1697|0.0050|0.0079|-0.5375|0.0756||3.25|22|2.89|17
GME211217P00232500||||53.30|53.30|24|0.00|0.0000|0|19|0|0|-0.9815|0.0017|-0.0755|-0.0486|0.0135||72.85|17|69.65|13
GME211217C00235000|3.08|3.20|3.00|3.95|3.00|25|-0.95|-0.2405|4|78|1|10|0.1530|0.0048|0.0072|-0.4880|0.0708||3.05|13|2.82|11
GME211217P00235000||||68.76|68.76|25|0.00|0.0000|1|61|0|0|-0.8143|0.0049|-0.0688|-0.6112|0.0802||75.35|17|72.15|19
GME211217C00240000|3.05|3.50|2.75|3.45|2.80|26|-0.65|-0.1884|-35|321|1|64|0.0208|0.0017|0.0011|-0.0606|0.0150||2.89|16|2.61|24
GME211217P00240000||||65.50|65.50|26|0.00|0.0000|0|54|0|0|-0.9759|0.0019|-0.0777|-0.0696|0.0170||80.20|5|76.95|12
GME211217C00245000|3.60|3.60|2.46|3.05|2.55|27|-0.50|-0.1639|-34|196|1|12|0.1253|0.0041|0.0059|-0.4312|0.0616||2.86|51|2.43|70
GME211217P00245000|78.25|78.25|78.25|83.35|78.25|27|-5.10|-0.0612|-9|38|1|1|-0.8318|0.0044|-0.0729|-0.6012|0.0751||85.05|5|81.80|18
GME211217C00250000|2.80|3.15|2.39|3.43|2.44|28|-0.99|-0.2886|99|1244|1|97|0.0128|0.0011|0.0007|-0.0404|0.0099||2.59|18|2.32|20
GME211217P00250000|85.24|85.24|85.24|84.85|85.24|28|0.39|0.0046|-1|55|1|1|-0.9856|0.0012|-0.0815|-0.0449|0.0110||90.05|23|86.80|16
GME211217C00255000|2.25|2.72|2.25|3.21|2.25|29|-0.96|-0.2991|4|359|1|3|0.1252|0.0038|0.0058|-0.4683|0.0618||2.43|13|2.20|17
GME211217P00255000||||39.75|39.75|29|0.00|0.0000|0|5|0|0|-1.0000|0.0000|-0.0838|0.0008|0.0000||94.90|5|91.60|18
GME211217C00260000|2.57|2.81|2.12|2.85|2.30|30|-0.55|-0.1930|4|523|1|46|0.0077|0.0007|0.0004|-0.0262|0.0063||2.36|14|2.06|17
GME211217P00260000||||89.25|89.25|30|0.00|0.0000|0|21|0|0|-0.9915|0.0008|-0.0850|-0.0282|0.0069||99.90|8|96.30|13
GME211217C00270000|2.98|2.98|1.93|2.71|1.93|31|-0.78|-0.2878|-3|572|3|43|0.0050|0.0005|0.0003|-0.0184|0.0044||2.18|14|1.88|13
GME211217P00270000|107.95|107.95|107.95|65.35|107.95|31|42.60|0.6519|0|49|2|2|-0.9940|0.0005|-0.0885|-0.0211|0.0051||109.75|2|106.30|16
GME211217C00280000|2.08|2.15|1.73|2.70|1.76|32|-0.94|-0.3481|-3|2026|1|37|0.0035|0.0003|0.0002|-0.0135|0.0031||2.01|18|1.71|46
GME211217P00280000||||91.00|91.00|32|0.00|0.0000|0|10|0|0|-0.9960|0.0004|-0.0918|-0.0147|0.0036||119.25|12|116.20|13
GME211217C00290000|2.00|2.07|1.70|2.15|1.80|33|-0.35|-0.1628|2|525|1|9|0.0024|0.0002|0.0001|-0.0098|0.0022||1.87|14|1.60|26
GME211217P00290000|127.73|127.73|127.73|68.50|127.73|33|59.23|0.8647|0|25|2|2|-0.9969|0.0003|-0.0952|-0.0117|0.0028||129.25|16|126.10|16
GME211217C00300000|3.27|3.27|1.60|2.29|1.60|34|-0.69|-0.3013|24|5731|1|435|0.0016|0.0002|0.0001|-0.0068|0.0015||1.73|6|1.53|16
GME211217P00300000||||126.50|126.50|34|0.00|0.0000|0|20|0|0|-0.9981|0.0002|-0.0985|-0.0073|0.0018||139.10|16|135.85|7
GME211217C00310000|3.06|3.06|1.68|1.97|1.68|35|-0.29|-0.1472|1|368|4|40|0.0010|0.0001|0.0000|-0.0044|0.0010||1.73|25|1.38|26
GME211217P00310000||||102.75|102.75|35|0.00|0.0000|0|3|0|0|-0.9986|0.0001|-0.1018|-0.0052|0.0013||148.50|4|145.85|7
GME211217C00320000|1.48|1.71|1.48|1.80|1.49|36|-0.31|-0.1722|0|448|1|13|0.0007|0.0001|0.0000|-0.0034|0.0007||1.73|47|1.30|26
GME211217P00320000||||96.00|96.00|36|0.00|0.0000|0|17|0|0|-0.9990|0.0001|-0.1052|-0.0036|0.0010||158.90|13|155.85|16
GME211217C00330000|1.90|1.90|1.35|1.81|1.40|37|-0.41|-0.2265|0|213|1|25|0.0005|0.0001|0.0000|-0.0026|0.0005||1.49|15|1.26|14
GME211217P00330000||||159.50|159.50|37|0.00|0.0000|0|3|0|0|-0.9993|0.0001|-0.1085|-0.0023|0.0007||168.90|13|165.70|16
GME211217C00340000|1.40|1.40|1.40|1.81|1.40|38|-0.41|-0.2265|0|232|2|2|0.0004|0.0000|0.0000|-0.0020|0.0004||1.43|12|1.18|24
GME211217P00340000||||126.85|126.85|38|0.00|0.0000|0|7|0|0|-0.9995|0.0001|-0.1118|-0.0014|0.0005||178.90|13|175.70|16
GME211217C00350000|1.45|1.51|1.18|1.64|1.30|39|-0.34|-0.2073|-9|1004|1|671|0.0003|0.0000|0.0000|-0.0016|0.0003||1.33|7|1.15|19
GME211217P00350000||||133.85|133.85|39|0.00|0.0000|0|4|0|0|-0.9996|0.0000|-0.1150|-0.0010|0.0004||188.90|2|185.65|17
GME211217C00360000|1.24|1.24|1.05|1.34|1.05|40|-0.29|-0.2164|11|315|1|2|0.0003|0.0000|0.0000|-0.0014|0.0003||1.33|22|1.05|19
GME211217P00360000||||||40|||0|0|0|0|-0.9997|0.0000|-0.1183|-0.0006|0.0004||198.75|12|195.50|3
GME211217C00370000|1.15|1.17|1.15|1.49|1.17|41|-0.32|-0.2148|-1|446|1|2|0.0002|0.0000|0.0000|-0.0012|0.0002||1.33|39|1.04|38
GME211217P00370000||||172.65|172.65|41|0.00|0.0000|0|3|0|0|-0.9997|0.0000|-0.1216|-0.0003|0.0003||208.45|12|205.50|15
GME211217C00380000|1.05|1.07|1.05|1.25|1.07|42|-0.18|-0.1440|0|168|1|5|0.0002|0.0000|0.0000|-0.0010|0.0002||1.33|47|1.04|18
GME211217P00380000||||208.83|208.83|42|0.00|0.0000|-1|16|0|0|-0.9998|0.0000|-0.1249|0.0000|0.0002||218.45|1|215.45|14
GME211217C00390000|1.25|1.25|1.20|1.50|1.20|43|-0.30|-0.2000|1|194|5|15|0.0002|0.0000|0.0000|-0.0009|0.0002||1.10|6|0.99|10
GME211217P00390000||||||43|||0|0|0|0|-0.9998|0.0000|-0.1282|0.0002|0.0002||228.45|3|225.40|14
GME211217C00400000|1.28|1.28|1.05|1.36|1.06|44|-0.30|-0.2206|91|1276|1|50|0.0001|0.0000|0.0000|-0.0007|0.0001||1.00|1|0.99|1
GME211217P00400000||||238.75|238.75|44|0.00|0.0000|0|3|0|0|-0.9998|0.0000|-0.1315|0.0004|0.0002||238.50|12|235.25|12
GME211217C00410000|1.12|1.12|0.95|1.14|0.95|45|-0.19|-0.1667|21|226|1|3|0.0001|0.0000|0.0000|-0.0006|0.0001||1.06|20|0.88|20
GME211217P00410000||||190.90|190.90|45|0.00|0.0000|0|3|0|0|-0.9999|0.0000|-0.1348|0.0005|0.0002||248.50|12|245.25|2
GME211217C00420000|0.93|1.00|0.92|1.08|0.92|46|-0.16|-0.1481|0|542|1|8|0.0001|0.0000|0.0000|-0.0005|0.0001||0.98|4|0.86|12
GME211217P00420000||||189.85|189.85|46|0.00|0.0000|0|16|0|0|-0.9999|0.0000|-0.1381|0.0010|0.0001||258.30|3|255.25|15
GME211217C00430000|0.91|0.91|0.90|0.97|0.90|47|-0.07|-0.0722|5|213|4|6|0.0001|0.0000|0.0000|-0.0004|0.0001||0.98|5|0.82|1
GME211217P00430000||||244.20|244.20|47|0.00|0.0000|0|0|0|0|-0.9999|0.0000|-0.1414|0.0011|0.0001||268.30|12|262.05|31
GME211217C00440000||||1.15|1.15|48|0.00|0.0000|0|472|0|0|0.0001|0.0000|0.0000|-0.0004|0.0001||0.97|7|0.78|3
GME211217P00440000||||||48|||0|0|0|0|-1.0000|0.0000|-0.1447|0.0012|0.0000||278.30|12|272.05|31
GME211217C00450000|0.90|0.91|0.85|0.89|0.85|49|-0.04|-0.0449|-3|683|1|82|0.0000|0.0000|0.0000|-0.0003|0.0000||0.97|9|0.74|9
GME211217P00450000||||||49|||0|0|0|0|-1.0000|0.0000|-0.1479|0.0013|0.0000||288.90|12|282.05|18
GME211217C00460000|0.73|0.90|0.73|1.00|0.90|50|-0.10|-0.1000|1|1139|3|16|0.0000|0.0000|0.0000|-0.0003|0.0000||0.87|5|0.62|1
GME211217P00460000||||261.60|261.60|50|0.00|0.0000|0|5|0|0|-1.0000|0.0000|-0.1512|0.0014|0.0000||298.90|12|292.00|30
GME211217C00470000||||1.00|1.00|51|0.00|0.0000|0|190|0|0|0.0384|0.0010|0.0017|-0.2958|0.0250||0.86|6|0.60|35
GME211217P00470000||||||51||||0|0|0|-1.0000|0.0000|-0.1545|0.0016|0.0000||308.90|1|302.00|31
GME211217C00480000||||0.87|0.87|52|0.00|0.0000|3|243|0|0|0.0342|0.0009|0.0015|-0.2676|0.0227||0.86|6|0.60|18
GME211217P00480000||||264.21|264.21|52|0.00|0.0000|0|7|0|0|-0.9951|0.0002|-0.1576|-0.0357|0.0042||318.90|1|312.00|32
GME211217C00490000|0.80|0.80|0.80|1.00|0.80|53|-0.20|-0.2000|47|152|1|1|0.0317|0.0008|0.0014|-0.2522|0.0213||0.80|4|0.60|21
GME211217P00490000||||274.04|274.04|53|0.00|0.0000|0|7|0|0|-0.9928|0.0003|-0.1607|-0.0545|0.0060||330.50|4|322.00|21
GME211217C00500000|0.75|0.89|0.61|0.81|0.68|54|-0.13|-0.1605|-5|2436|1|30|0.0296|0.0008|0.0013|-0.2389|0.0201||0.75|3|0.60|5
GME211217P00500000||||290.05|290.05|54|0.00|0.0000|0|7|0|0|-0.9842|0.0005|-0.1636|-0.1247|0.0118||340.35|3|329.00|30
GME211217C00510000|0.85|0.85|0.49|0.88|0.67|55|-0.21|-0.2386|163|1554|1|154|0.0280|0.0007|0.0013|-0.2299|0.0193||0.70|3|0.60|2
GME211217P00510000||||277.97|277.97|55|0.00|0.0000|0|0|0|0|-0.9960|0.0002|-0.1675|-0.0302|0.0035||350.35|13|339.00|28
GME211223C00100000||||71.00|71.00|9|0.00|0.0000|-1|13|0|0|0.8913|0.0022|0.0377|-0.4408|0.0684||68.35|8|65.00|8
GME211223P00100000|2.10|2.68|2.10|1.97|2.52|9|0.55|0.2792|190|314|1|72|-0.0701|0.0021|-0.0069|-0.2423|0.0493||2.59|2|2.45|2
GME211223C00110000||||||8||||0|0|0|1.0000|0.0000|0.0542|-0.0004|0.0000||59.25|9|55.70|5
GME211223P00110000|3.30|3.35|3.05|2.76|3.20|8|0.44|0.1594|68|105|1|445|-0.0957|0.0028|-0.0094|-0.2822|0.0624||3.55|8|3.10|14
GME211223C00120000|48.67|48.67|48.67|103.35|48.67|7|-54.68|-0.5291|0|1|1|1|0.8827|0.0039|0.0480|-0.2770|0.0721||50.15|5|46.95|12
GME211223P00120000|4.05|5.25|4.05|4.64|4.10|7|-0.54|-0.1164|12|37|1|4|-0.1252|0.0038|-0.0121|-0.3067|0.0756||5.15|6|3.90|17
GME211223C00130000|40.47|40.47|40.47|40.47|40.47|6|0.00|0.0000||0|1|1|1.0000|0.0000|0.0641|-0.0005|0.0000||42.00|7|39.00|7
GME211223P00130000|5.72|7.20|5.72|6.15|6.07|6|-0.08|-0.0130|-6|136|4|9|-0.1778|0.0050|-0.0174|-0.3740|0.0956||6.90|5|5.40|17
GME211223C00140000||||||5||||0|0|0|1.0000|0.0000|0.0690|-0.0005|0.0000||34.80|10|30.95|13
GME211223P00140000|8.38|8.50|8.17|9.55|8.17|5|-1.38|-0.1445|0|42|1|13|-0.2381|0.0064|-0.0233|-0.4167|0.1136||9.40|6|7.95|15
GME211223C00145000||||||4||||0|0|0|1.0000|0.0000|0.0715|-0.0005|0.0000||31.00|10|28.00|21
GME211223P00145000|10.00|10.40|9.98|11.64|10.40|4|-1.24|-0.1065|11|11|1|4|-0.2768|0.0069|-0.0274|-0.4516|0.1229||11.10|14|9.80|18
GME211223C00150000||||28.10|28.10|3|0.00|0.0000|17|21|0|0|0.6792|0.0069|0.0414|-0.5176|0.1314||27.85|10|25.00|9
GME211223P00150000|12.00|12.50|10.00|11.00|12.00|3|1.00|0.0909|-45|155|1|11|-0.3123|0.0078|-0.0307|-0.4483|0.1299||12.90|11|11.60|13
GME211223C00155000||||29.20|29.20|2|0.00|0.0000|1|11|0|0|0.6402|0.0060|0.0377|-0.6485|0.1373||24.90|18|22.30|7
GME211223P00155000|14.70|14.70|14.70|14.47|14.70|2|0.23|0.0159|-49|78|1|1|-0.3580|0.0075|-0.0363|-0.5157|0.1370||15.50|16|13.75|11
GME211223C00160000||||25.00|25.00|1|0.00|0.0000|7|19|0|0|0.6055|0.0067|0.0369|-0.6174|0.1413||21.85|16|20.00|4
GME211223P00160000|15.25|16.85|14.45|15.00|16.55|1|1.55|0.1033|4|66|1|37|-0.3991|0.0085|-0.0401|-0.4871|0.1417||17.70|15|16.15|12
GME211223C00165000|21.88|21.88|18.60|21.20|18.60|1|-2.60|-0.1226|16|16|7|29|0.5613|0.0080|0.0361|-0.5383|0.1447||19.45|16|17.60|14
GME211223P00165000|19.20|19.20|16.80|21.87|18.20|1|-3.67|-0.1678|263|284|1|10|-0.4426|0.0086|-0.0450|-0.5006|0.1449||20.15|12|18.85|4
GME211223C00170000|19.05|19.50|16.50|22.00|16.50|2|-5.50|-0.2500|15|30|26|64|0.5205|0.0082|0.0339|-0.5385|0.1462||17.25|19|15.50|5
GME211223P00170000|23.70|23.70|21.30|19.50|21.30|2|1.80|0.0923|28|61|2|3|-0.4722|0.0076|-0.0501|-0.5791|0.1461||23.25|12|20.80|18
GME211223C00175000|19.30|19.30|14.70|16.30|15.35|3|-0.95|-0.0583|16|19|10|45|0.4805|0.0081|0.0314|-0.5471|0.1459||15.65|16|13.65|15
GME211223P00175000|23.86|24.52|21.55|27.16|24.52|3|-2.64|-0.0972|-1|47|3|5|-0.5478|0.0100|-0.0552|-0.4336|0.1454||26.65|10|24.90|4
