symbol|open|high|low|preClose|close|activeLevel|change|changeRatio|openIntChange|openInterest|latestPriceVol|volume|delta|gamma|rho|theta|vega|tradeStamptradeTime|ask|avol|bid|bvol
GME211210C00100000||||70.90|70.90|12|0.00|0.0000|209|211|0|0|0.9449|0.0015|0.0097|-1.0067|0.0206||78.65|21|73.90|90
GME211210P00100000|1.09|1.09|0.56|1.14|0.64|12|-0.50|-0.4386|1314|2034|1|1685|-0.0244|0.0010|-0.0005|-0.3955|0.0106||0.64|18|0.63|1
GME211210C00110000||||76.13|76.13|11|0.00|0.0000|0|2|0|0|0.8601|0.0021|0.0082|-3.0075|0.0412||68.70|19|63.90|52
GME211210P00110000|1.45|1.51|0.77|1.52|0.81|11|-0.71|-0.4671|314|618|1|332|-0.0331|0.0015|-0.0007|-0.4553|0.0137||0.82|2|0.78|13
GME211210C00120000||||51.40|51.40|10|0.00|0.0000|1|2|0|0|0.9207|0.0027|0.0114|-1.0050|0.0273||59.05|20|54.10|60
GME211210P00120000|1.69|1.69|1.00|2.00|1.03|10|-0.97|-0.4850|513|1305|1|473|-0.0462|0.0022|-0.0010|-0.5306|0.0179||1.05|11|1.01|2
GME211210C00130000|46.31|46.31|44.86|41.19|44.86|9|3.67|0.0891|11|11|4|8|0.9992|0.0002|0.0142|-0.0062|0.0005||48.80|32|44.30|64
GME211210P00130000|1.70|2.49|1.30|2.60|1.31|9|-1.29|-0.4962|286|1131|5|730|-0.0643|0.0033|-0.0014|-0.6028|0.0233||1.38|28|1.31|1
GME211210C00140000|37.03|39.00|35.20|34.35|35.20|8|0.85|0.0247|12|46|1|8|0.8482|0.0051|0.0120|-1.3450|0.0435||39.10|17|35.05|56
GME211210P00140000|2.50|2.97|1.80|3.80|1.86|8|-1.94|-0.5105|492|1223|15|499|-0.0957|0.0050|-0.0020|-0.7223|0.0314||1.91|13|1.80|5
GME211210C00145000|32.07|33.37|30.60|26.44|30.60|7|4.16|0.1573|13|21|1|14|0.8556|0.0062|0.0128|-1.0373|0.0420||34.65|24|30.60|51
GME211210P00145000|3.45|4.65|2.24|4.62|2.24|7|-2.38|-0.5152|250|373|1|426|-0.1191|0.0062|-0.0025|-0.7952|0.0368||2.37|13|2.20|1
GME211210C00150000|32.00|32.00|25.77|22.00|29.60|6|7.60|0.3455|-12|61|1|39|0.8188|0.0074|0.0125|-1.1732|0.0487||30.40|37|27.85|58
GME211210P00150000|3.90|5.15|2.64|5.68|2.89|6|-2.79|-0.4912|129|1024|1|1083|-0.1524|0.0076|-0.0032|-0.9086|0.0436||3.00|34|2.82|22
GME211210C00155000|23.75|25.48|23.75|18.50|24.84|5|6.34|0.3427|2|60|10|24|0.7927|0.0090|0.0125|-1.1414|0.0529||26.15|30|23.90|39
GME211210P00155000|4.50|5.15|3.45|7.06|3.80|5|-3.26|-0.4618|20|391|2|254|-0.1932|0.0093|-0.0041|-1.0082|0.0507||3.95|23|3.65|50
GME211210C00160000|20.40|24.00|18.02|15.22|21.05|4|5.83|0.3830|22|276|1|32|0.7483|0.0106|0.0121|-1.1977|0.0590||21.95|17|20.20|46
GME211210P00160000|6.10|6.80|4.20|8.50|4.90|4|-3.60|-0.4235|362|859|1|686|-0.2404|0.0111|-0.0051|-1.0910|0.0576||5.00|1|4.75|41
GME211210C00165000|17.00|21.23|15.50|12.90|17.55|3|4.65|0.3605|143|203|1|45|0.6818|0.0113|0.0111|-1.4101|0.0660||18.20|22|16.85|61
GME211210P00165000|7.50|8.80|5.55|10.86|6.47|3|-4.39|-0.4042|224|608|1|356|-0.3040|0.0125|-0.0065|-1.2201|0.0647||6.70|42|6.35|12
GME211210C00170000|14.80|18.10|12.45|10.50|14.57|2|4.07|0.3876|271|448|1|209|0.6200|0.0120|0.0102|-1.5087|0.0704||15.40|47|14.00|47
GME211210P00170000|10.15|12.00|7.00|13.50|8.49|2|-5.01|-0.3711|-41|554|1|757|-0.3732|0.0135|-0.0081|-1.3255|0.0700||8.75|53|8.15|40
GME211210C00175000|12.00|16.00|9.69|8.30|12.00|1|3.70|0.4458|198|470|1|722|0.5563|0.0134|0.0094|-1.4544|0.0731||12.55|51|11.40|48
GME211210P00175000|12.67|14.70|9.15|16.30|10.82|1|-5.48|-0.3362|13|531|2|655|-0.4440|0.0139|-0.0097|-1.3995|0.0731||11.05|23|10.50|4
GME211210C00177500|10.95|13.70|8.75|7.70|10.52|1|2.82|0.3662|132|179|1|163|0.5224|0.0136|0.0089|-1.4610|0.0737||11.00|1|10.05|71
GME211210P00177500|11.95|14.45|9.95|18.90|11.87|1|-7.03|-0.3720|-9|257|1|55|-0.4815|0.0149|-0.0105|-1.3361|0.0737||12.65|67|11.70|1
GME211210C00180000|10.00|12.95|7.25|6.55|9.65|2|3.10|0.4733|292|696|10|1016|0.4891|0.0135|0.0083|-1.4689|0.0738||9.85|9|9.05|58
GME211210P00180000|14.85|15.75|11.20|18.26|13.36|2|-4.90|-0.2683|-47|583|15|198|-0.5153|0.0143|-0.0114|-1.3871|0.0737||13.75|30|12.85|28
GME211210C00182500|8.00|11.40|6.85|5.66|8.24|3|2.58|0.4558|31|179|10|243|0.4560|0.0135|0.0078|-1.4588|0.0733||8.90|21|8.00|44
GME211210P00182500|12.40|16.50|12.40|20.00|15.20|3|-4.80|-0.2400|1|233|12|29|-0.5502|0.0142|-0.0122|-1.3759|0.0732||16.05|77|14.05|50
GME211210C00185000|7.85|10.20|6.00|5.02|7.80|4|2.78|0.5538|178|424|1|357|0.4263|0.0131|0.0073|-1.4686|0.0725||7.90|29|7.25|22
GME211210P00185000|18.95|18.95|14.55|23.17|16.34|4|-6.83|-0.2948|-119|350|2|57|-0.5904|0.0146|-0.0131|-1.2943|0.0719||17.15|29|15.40|50
GME211210C00187500|8.40|9.05|5.35|4.30|6.85|5|2.55|0.5930|45|127|1|102|0.3938|0.0130|0.0068|-1.4259|0.0712||7.05|39|6.75|1
GME211210P00187500|17.85|18.60|16.78|28.00|18.60|5|-9.40|-0.3357|2|261|1|14|-0.6148|0.0136|-0.0139|-1.3471|0.0707||19.15|46|17.35|12
GME211210C00190000|6.50|8.00|4.60|4.05|6.10|6|2.05|0.5062|226|576|1|658|0.3621|0.0128|0.0063|-1.3775|0.0693||6.30|27|5.80|22
GME211210P00190000|19.54|21.03|19.54|27.50|19.93|6|-7.57|-0.2753|0|512|2|43|-0.6541|0.0136|-0.0148|-1.2484|0.0682||20.70|26|18.85|33
GME211210C00192500|4.80|7.15|4.10|3.66|5.20|7|1.54|0.4208|32|120|1|108|0.3306|0.0125|0.0058|-1.3168|0.0670||5.65|45|5.00|67
GME211210P00192500||||27.83|27.83|7|0.00|0.0000|3|125|0|0|-0.5892|0.0090|-0.0144|-2.1100|0.0719||23.15|55|20.60|43
GME211210C00195000|3.50|6.35|3.50|3.30|4.74|8|1.44|0.4364|141|433|4|306|0.3087|0.0118|0.0054|-1.3127|0.0651||5.00|35|4.55|45
GME211210P00195000|22.22|22.22|21.97|31.02|21.97|8|-9.05|-0.2917|-9|294|10|21|-0.7694|0.0139|-0.0172|-0.8323|0.0562||25.65|53|22.75|19
GME211210C00197500|3.81|5.80|3.60|2.90|4.20|9|1.30|0.4483|46|173|1|142|0.2807|0.0114|0.0049|-1.2465|0.0623||4.55|57|4.00|64
GME211210P00197500|26.05|26.05|26.05|33.48|26.05|9|-7.43|-0.2219|-5|115|1|1|-0.7284|0.0116|-0.0169|-1.1827|0.0613||27.85|51|24.40|40
GME211210C00200000|3.61|5.00|2.98|2.71|3.87|10|1.16|0.4280|637|2365|1|2186|0.2604|0.0108|0.0046|-1.2208|0.0600||3.95|5|3.65|27
GME211210P00200000|27.98|32.00|25.00|33.81|27.55|10|-6.26|-0.1852|-25|674|1|47|-0.7483|0.0109|-0.0175|-1.1646|0.0590||28.45|19|26.60|32
GME211210C00202500|3.00|4.50|2.94|2.41|3.41|11|1.00|0.4149|48|142|3|132|0.2385|0.0103|0.0042|-1.1703|0.0573||3.55|6|3.30|39
GME211210P00202500|30.42|30.42|30.42|35.84|30.42|11|-5.42|-0.1512|-2|33|1|1|-0.7670|0.0103|-0.0181|-1.1357|0.0565||30.95|38|28.65|29
GME211210C00205000|2.95|4.00|2.50|2.21|3.15|12|0.94|0.4253|163|401|1|326|0.2213|0.0097|0.0039|-1.1402|0.0550||3.25|17|3.00|42
GME211210P00205000|33.43|33.43|33.43|40.44|33.43|12|-7.01|-0.1733|-1|179|1|1|-0.7594|0.0095|-0.0183|-1.2801|0.0576||33.35|37|30.95|23
GME211210C00207500|2.39|3.60|2.39|1.99|2.86|13|0.87|0.4372|21|103|2|60|0.2031|0.0091|0.0036|-1.0924|0.0523||2.98|17|2.73|43
GME211210P00207500||||42.53|42.53|13|0.00|0.0000|-2|24|0|0|-0.6471|0.0069|-0.0171|-2.4906|0.0687||35.85|36|33.00|16
GME211210C00210000|2.37|3.30|2.12|1.80|2.54|14|0.74|0.4111|142|501|1|333|0.1884|0.0086|0.0033|-1.0586|0.0499||2.75|5|2.50|31
GME211210P00210000|38.25|38.25|37.90|45.79|37.90|14|-7.89|-0.1723|-17|124|1|2|-0.7881|0.0085|-0.0193|-1.2319|0.0536||38.35|35|35.20|32
GME211210C00212500|2.25|2.79|2.07|1.81|2.46|15|0.65|0.3591|15|103|1|103|0.1775|0.0081|0.0031|-1.0431|0.0481||2.57|28|2.24|58
GME211210P00212500|40.65|40.65|40.65|48.25|40.65|15|-7.60|-0.1575|1|39|2|2|-0.7869|0.0080|-0.0196|-1.3178|0.0538||40.85|42|37.50|16
GME211210C00215000|2.20|2.70|1.80|1.75|2.25|16|0.50|0.2857|118|334|1|266|0.1643|0.0076|0.0029|-1.0038|0.0458||2.35|16|2.07|56
GME211210P00215000||||52.12|52.12|16|0.00|0.0000|0|73|0|0|-0.6401|0.0058|-0.0180|-2.9989|0.0692||43.35|48|39.65|23
GME211210C00217500|3.70|3.70|1.73|1.50|2.15|17|0.65|0.4333|11|46|6|22|0.1557|0.0072|0.0027|-0.9915|0.0442||2.15|32|1.93|67
GME211210P00217500||||53.30|53.30|17|0.00|0.0000|0|37|0|0|-0.6610|0.0059|-0.0186|-2.8405|0.0677||45.85|41|42.15|19
GME211210C00220000|1.68|2.26|1.54|1.55|1.90|18|0.35|0.2258|161|582|1|438|0.1423|0.0068|0.0025|-0.9361|0.0416||2.00|1|1.82|53
GME211210P00220000|48.67|48.67|47.38|54.32|47.38|18|-6.94|-0.1278|0|165|1|4|-0.8238|0.0069|-0.0211|-1.2091|0.0479||46.95|35|44.55|20
GME211210C00222500|1.45|3.50|1.45|1.50|1.71|19|0.21|0.1400|63|155|1|90|0.1311|0.0064|0.0023|-0.8909|0.0394||1.94|18|1.73|18
GME211210P00222500|49.15|49.15|49.15|42.95|49.15|19|6.20|0.1444|0|39|1|1|-0.8514|0.0065|-0.0218|-1.0308|0.0429||49.45|36|46.30|29
GME211210C00225000|1.59|1.91|1.38|1.21|1.64|20|0.43|0.3554|49|521|1|358|0.1229|0.0060|0.0022|-0.8652|0.0376||1.80|12|1.66|2
GME211210P00225000||||57.07|57.07|20|0.00|0.0000|-1|476|0|0|-0.7295|0.0059|-0.0203|-2.3015|0.0612||51.95|12|48.75|43
GME211210C00227500|1.39|1.74|1.33|1.22|1.50|21|0.28|0.2295|4|39|1|38|0.1143|0.0056|0.0020|-0.8289|0.0357||1.71|27|1.52|26
GME211210P00227500||||34.06|34.06|21|0.00|0.0000|0|35|0|0|-0.9982|0.0004|-0.0249|-0.0103|0.0011||54.45|27|51.20|39
GME211210C00230000|1.21|1.69|1.15|1.14|1.55|22|0.41|0.3596|95|565|1|286|0.1102|0.0054|0.0019|-0.8271|0.0348||1.60|18|1.46|13
GME211210P00230000||||61.98|61.98|22|0.00|0.0000|0|20|0|0|-0.7384|0.0056|-0.0210|-2.3601|0.0602||56.95|16|53.70|31
GME211210C00232500|1.25|1.47|1.25|1.21|1.41|23|0.20|0.1653|12|67|1|97|0.1050|0.0051|0.0019|-0.8133|0.0336||1.54|19|1.35|66
GME211210P00232500||||68.97|68.97|23|0.00|0.0000|0|5|0|0|-0.6785|0.0049|-0.0206|-3.2467|0.0663||59.45|5|55.85|33
GME211210C00235000|1.05|1.50|1.05|1.04|1.38|24|0.34|0.3269|-13|851|1|173|0.1013|0.0048|0.0018|-0.8098|0.0328||1.46|14|1.32|11
GME211210P00235000||||74.05|74.05|24|0.00|0.0000|0|32|0|0|-0.6529|0.0046|-0.0207|-3.7372|0.0683||61.95|18|58.35|35
GME211210C00237500|1.14|1.39|1.05|0.95|1.36|25|0.41|0.4316|34|54|2|42|0.0977|0.0046|0.0017|-0.8061|0.0319||1.40|18|1.23|37
GME211210P00237500||||76.45|76.45|25|0.00|0.0000|0|24|0|0|-0.6572|0.0045|-0.0210|-3.7680|0.0680||64.45|20|60.85|30
GME211210C00240000|1.07|1.31|1.00|0.96|1.27|26|0.31|0.3229|34|336|1|70|0.0931|0.0044|0.0016|-0.7882|0.0308||1.30|5|1.21|2
GME211210P00240000||||71.95|71.95|26|0.00|0.0000|-1|30|0|0|-0.7524|0.0050|-0.0224|-2.4848|0.0585||66.95|19|63.30|35
GME211210C00245000|0.98|1.25|0.90|0.92|1.12|27|0.20|0.2174|45|227|2|83|0.0819|0.0039|0.0014|-0.7280|0.0280||1.23|23|1.06|60
GME211210P00245000||||50.19|50.19|27|0.00|0.0000|0|23|0|0|-0.9999|0.0000|-0.0268|-0.0002|0.0001||71.95|24|68.30|30
GME211210C00250000|1.00|1.17|0.75|0.88|1.04|28|0.16|0.1818|806|3669|1|594|0.0753|0.0036|0.0013|-0.7020|0.0263||1.06|1|1.01|6
GME211210P00250000||||80.84|80.84|28|0.00|0.0000|3|18|0|0|-0.7829|0.0046|-0.0239|-2.3411|0.0543||76.95|28|73.20|33
GME211210C00255000|0.90|1.04|0.86|0.83|0.97|29|0.14|0.1687|155|228|1|55|0.0695|0.0033|0.0012|-0.6780|0.0247||0.97|10|0.93|32
GME211210P00255000||||40.40|40.40|29|0.00|0.0000|0|5|0|0|-1.0000|0.0000|-0.0279|0.0008|0.0000||81.95|34|77.85|30
GME211210C00260000|0.90|1.00|0.80|0.80|0.92|30|0.12|0.1500|953|1845|8|324|0.0649|0.0030|0.0011|-0.6613|0.0234||0.97|15|0.87|8
GME211210P00260000||||69.85|69.85|30|0.00|0.0000|0|22|0|0|-0.9994|0.0001|-0.0285|-0.0044|0.0004||86.95|34|83.20|30
GME211210C00270000|0.66|0.88|0.66|0.65|0.82|31|0.17|0.2615|225|405|3|163|0.0570|0.0026|0.0010|-0.6285|0.0212||0.83|9|0.80|1
GME211210P00270000||||103.46|103.46|31|0.00|0.0000|0|15|0|0|-0.7575|0.0039|-0.0259|-3.1565|0.0578||96.95|28|93.00|20
GME211210C00280000|0.68|0.80|0.59|0.60|0.72|32|0.12|0.2000|37|296|1|101|0.0487|0.0022|0.0009|-0.5757|0.0187||0.75|19|0.67|25
GME211210P00280000||||112.20|112.20|32|0.00|0.0000|0|6|0|0|-0.7831|0.0036|-0.0274|-2.9536|0.0543||107.95|12|102.45|19
GME211210C00290000|0.56|0.82|0.56|0.61|0.64|33|0.03|0.0492|-10|545|1|277|0.0428|0.0019|0.0007|-0.5373|0.0168||0.66|8|0.61|6
GME211210P00290000||||82.25|82.25|33|0.00|0.0000|0|7|0|0|-1.0000|0.0000|-0.0318|0.0008|0.0000||117.85|12|112.75|17
GME211210C00300000|0.51|1.15|0.49|0.50|0.57|34|0.07|0.1400|407|1617|1|751|0.0383|0.0017|0.0007|-0.5091|0.0154||0.57|3|0.55|1
GME211210P00300000||||76.00|76.00|34|0.00|0.0000|0|14|0|0|-1.0000|0.0000|-0.0329|0.0010|0.0000||127.75|12|122.60|19
GME211210C00310000|0.47|0.80|0.47|0.45|0.51|35|0.06|0.1333|76|359|1|164|0.0335|0.0015|0.0006|-0.4690|0.0138||0.53|14|0.50|1
GME211210P00310000||||83.61|83.61|35|0.00|0.0000|0|4|0|0|-1.0000|0.0000|-0.0340|0.0008|0.0000||137.70|17|132.60|17
GME211210C00320000|0.47|0.62|0.45|0.44|0.47|36|0.03|0.0682|143|420|2|34|0.0304|0.0013|0.0005|-0.4463|0.0127||0.47|6|0.45|1
GME211210P00320000||||89.47|89.47|36|0.00|0.0000|0|3|0|0|-1.0000|0.0000|-0.0351|0.0010|0.0000||147.60|3|142.60|17
GME211210C00330000|0.58|0.58|0.39|0.39|0.41|37|0.02|0.0513|233|482|92|170|0.0265|0.0012|0.0005|-0.4069|0.0114||0.42|9|0.41|1
GME211210P00330000||||||37||||0|0|0|-1.0000|0.0000|-0.0362|0.0011|0.0000||157.55|11|152.25|18
GME211210C00340000|0.28|0.42|0.28|0.33|0.34|38|0.01|0.0303|29|160|4|23|0.0223|0.0010|0.0004|-0.3546|0.0098||0.38|18|0.34|12
GME211210P00340000||||||38||||0|0|0|-1.0000|0.0000|-0.0373|0.0011|0.0000||167.50|5|162.30|17
GME211210C00350000|0.40|0.40|0.30|0.30|0.33|39|0.03|0.1000|176|675|2|971|0.0197|0.0009|0.0003|-0.3263|0.0089||0.33|7|0.30|15
GME211210P00350000||||||39||||0|0|0|-1.0000|0.0000|-0.0384|0.0011|0.0000||177.45|11|172.20|17
GME211210C00360000|0.39|0.39|0.30|0.28|0.31|40|0.03|0.1071|61|150|1|57|0.0196|0.0008|0.0003|-0.3370|0.0088||0.30|22|0.29|1
GME211210P00360000||||||40||||0|0|0|-1.0000|0.0000|-0.0395|0.0012|0.0000||187.40|10|182.05|12
GME211210C00370000|0.29|0.35|0.28|0.29|0.28|41|-0.01|-0.0345|8|46|1|11|0.0177|0.0008|0.0003|-0.3139|0.0081||0.26|5|0.25|1
GME211210P00370000||||||41||||0|0|0|-1.0000|0.0000|-0.0405|0.0012|0.0000||197.30|18|192.05|18
GME211210C00380000|0.33|0.33|0.22|0.25|0.23|42|-0.02|-0.0800|20|77|1|12|0.0152|0.0007|0.0003|-0.2789|0.0071||0.23|5|0.21|11
GME211210P00380000||||||42||||0|0|0|-1.0000|0.0000|-0.0416|0.0012|0.0000||207.25|10|202.40|12
GME211210C00390000|0.22|0.27|0.20|0.22|0.20|43|-0.02|-0.0909|77|156|1|17|0.0130|0.0006|0.0002|-0.2444|0.0062||0.21|13|0.18|13
GME211210P00390000||||||43||||0|0|0|-1.0000|0.0000|-0.0427|0.0013|0.0000||217.20|2|212.15|12
GME211210C00400000|0.21|0.27|0.18|0.20|0.19|44|-0.01|-0.0500|64|592|3|327|0.0117|0.0005|0.0002|-0.2261|0.0056||0.19|11|0.17|50
GME211210P00400000||||230.14|230.14|44|0.00|0.0000|1|1|0|0|-0.8548|0.0021|-0.0417|-3.0312|0.0422||227.15|7|222.30|17
GME211210C00410000|0.20|0.23|0.19|0.22|0.19|45|-0.03|-0.1364|28|98|1|9|0.0119|0.0005|0.0002|-0.2364|0.0057||0.17|15|0.15|13
GME211210P00410000||||||45||||0|0|0|-1.0000|0.0000|-0.0449|0.0013|0.0000||237.10|1|232.10|12
GME211210C00420000|0.28|0.28|0.15|0.18|0.15|46|-0.03|-0.1667|64|242|1|100|0.0097|0.0004|0.0002|-0.1975|0.0048||0.16|14|0.14|1
GME211210P00420000||||||46||||0|0|0|-1.0000|0.0000|-0.0460|0.0014|0.0000||247.05|1|242.15|12
GME211210C00430000|0.22|0.22|0.14|0.13|0.14|47|0.01|0.0769|5|311|1|3|0.0090|0.0004|0.0002|-0.1873|0.0045||0.52|36|0.08|1
GME211210P00430000||||||47||||0|0|0|-1.0000|0.0000|-0.0471|0.0014|0.0000||257.00|1|252.15|12
GME211210C00440000|0.15|0.16|0.15|0.15|0.16|48|0.01|0.0667|16|96|1|14|0.0098|0.0004|0.0002|-0.2094|0.0048||0.24|14|0.07|18
GME211210P00440000||||||48||||0|0|0|-1.0000|0.0000|-0.0482|0.0014|0.0000||266.95|1|262.20|12
GME211210C00450000|0.20|0.24|0.15|0.15|0.16|49|0.01|0.0667|511|807|1|54|0.0096|0.0004|0.0002|-0.2102|0.0048||0.21|8|0.12|1
GME211210P00450000||||||49||||0|0|0|-1.0000|0.0000|-0.0493|0.0015|0.0000||276.90|1|272.15|12
GME211210C00460000|0.22|0.22|0.12|0.11|0.16|50|0.05|0.4545|111|177|92|615|0.0094|0.0004|0.0002|-0.2112|0.0047||0.19|18|0.12|1
GME211210P00460000||||||50||||0|0|0|-1.0000|0.0000|-0.0504|0.0015|0.0000||286.90|1|282.15|12
GME211210C00470000|0.15|0.15|0.15|0.12|0.15|51|0.03|0.2500|310|333|1|1|0.0088|0.0004|0.0002|-0.2012|0.0044||0.18|1|0.10|1
GME211210P00470000||||||51||||0|0|0|-1.0000|0.0000|-0.0515|0.0015|0.0000||297.20|1|290.65|27
GME211210C00480000|0.14|0.15|0.10|0.10|0.10|52|0.00|0.0000|75|148|70|114|0.0063|0.0003|0.0001|-0.1457|0.0033||0.25|5|0.05|1
GME211210P00480000||||||52||||0|0|0|-1.0000|0.0000|-0.0526|0.0016|0.0000||307.15|1|300.70|27
GME211210C00490000|0.20|0.20|0.10|0.17|0.12|53|-0.05|-0.2941|-5|96|1|25|0.0072|0.0003|0.0001|-0.1693|0.0037||0.15|3|0.10|2
GME211210P00490000||||||53||||0|0|0|-1.0000|0.0000|-0.0537|0.0016|0.0000||317.15|1|310.70|27
GME211210C00500000|0.15|0.20|0.08|0.09|0.12|54|0.03|0.3333|84|977|3|178|0.0071|0.0003|0.0001|-0.1700|0.0036||0.15|19|0.09|2
GME211210P00500000||||||54||||0|0|0|-1.0000|0.0000|-0.0548|0.0016|0.0000||327.10|1|320.70|27
GME211210C00510000|0.10|0.18|0.07|0.10|0.10|55|0.00|0.0000|766|3121|1|1271|0.0060|0.0002|0.0001|-0.1474|0.0032||0.10|46|0.09|11
GME211210P00510000||||||55||||0|0|0|-1.0000|0.0000|-0.0559|0.0017|0.0000||337.00|12|330.75|27
GME211217C00080000||||94.56|94.56|19|0.00|0.0000|0|2|0|0|0.9695|0.0008|0.0221|-0.2694|0.0212||98.35|6|95.60|10
GME211217P00080000|1.08|1.15|0.82|1.41|0.84|19|-0.57|-0.4043|464|1070|1|94|-0.0220|0.0007|-0.0014|-0.1865|0.0161||0.85|1|0.81|5
GME211217C00085000||||95.85|95.85|18|0.00|0.0000|0|1|0|0|0.9262|0.0012|0.0202|-0.7334|0.0429||93.80|3|90.65|3
GME211217P00085000|1.19|1.19|0.97|1.49|1.01|18|-0.48|-0.3221|5|125|2|11|-0.0269|0.0008|-0.0017|-0.2127|0.0190||1.00|25|0.89|36
GME211217C00090000|86.59|86.59|86.59|137.00|86.59|17|-50.41|-0.3680|0|4|10|10|0.9763|0.0008|0.0257|-0.1688|0.0171||88.80|7|85.75|12
GME211217P00090000|1.25|1.31|1.04|1.61|1.04|17|-0.57|-0.3540|39|180|2|45|-0.0293|0.0009|-0.0018|-0.2139|0.0205||1.15|42|1.01|42
GME211217C00100000|78.20|78.20|78.20|67.18|78.20|16|11.02|0.1640|-3|47|1|3|0.9998|0.0000|0.0301|-0.0015|0.0003||78.70|8|75.95|4
GME211217P00100000|1.68|1.68|0.71|1.88|1.33|16|-0.55|-0.2926|26|1077|4|241|-0.0003|0.0000|0.0000|-0.0015|0.0003||1.52|58|1.30|31
GME211217C00105000||||66.05|66.05|15|0.00|0.0000|0|1|0|0|0.9994|0.0001|0.0316|-0.0031|0.0006||73.90|17|71.05|22
GME211217P00105000|1.90|1.90|1.46|2.20|1.49|15|-0.71|-0.3227|13|166|8|72|-0.0006|0.0001|0.0000|-0.0030|0.0007||1.65|76|1.40|69
GME211217C00110000||||73.25|73.25|14|0.00|0.0000|0|1|0|0|0.9989|0.0001|0.0331|-0.0050|0.0011||69.15|22|66.20|15
GME211217P00110000|2.05|2.05|1.56|2.42|1.56|14|-0.86|-0.3554|70|424|7|85|-0.0014|0.0002|-0.0001|-0.0060|0.0014||1.74|17|1.54|41
GME211217C00115000||||112.11|112.11|13|0.00|0.0000|0|2|0|0|0.9979|0.0002|0.0345|-0.0085|0.0020||64.20|19|61.40|15
GME211217P00115000|2.00|2.01|1.74|2.62|1.79|13|-0.83|-0.3168|19|199|10|24|-0.0030|0.0003|-0.0002|-0.0120|0.0028||1.95|68|1.72|66
GME211217C00120000|58.85|58.85|58.85|52.20|58.85|12|6.65|0.1274|2|58|1|1|0.9956|0.0005|0.0359|-0.0164|0.0040||59.50|14|56.70|17
GME211217P00120000|3.28|3.28|1.93|3.09|1.94|12|-1.15|-0.3722|51|379|3|109|-0.0061|0.0006|-0.0003|-0.0220|0.0053||2.13|56|1.81|89
GME211217C00125000||||47.70|47.70|11|0.00|0.0000|0|35|0|0|0.9898|0.0010|0.0371|-0.0339|0.0083||54.75|15|51.95|13
GME211217P00125000|2.00|2.81|1.20|3.60|2.29|11|-1.31|-0.3639|180|535|1|148|-0.0124|0.0011|-0.0007|-0.0413|0.0099||2.37|51|2.14|28
GME211217C00130000||||39.61|39.61|10|0.00|0.0000|0|10|0|0|0.9815|0.0017|0.0381|-0.0560|0.0139||50.20|11|47.35|13
GME211217P00130000|3.00|3.09|2.32|4.45|2.57|10|-1.88|-0.4225|35|370|2|84|-0.0218|0.0019|-0.0012|-0.0661|0.0160||2.65|57|2.38|34
GME211217C00135000||||35.61|35.61|9|0.00|0.0000|-1|2|0|0|0.9667|0.0027|0.0388|-0.0916|0.0227||45.20|18|42.70|22
GME211217P00135000|3.65|3.98|3.00|4.75|3.00|9|-1.75|-0.3684|1|152|1|66|-0.0361|0.0029|-0.0020|-0.0996|0.0243||3.15|101|2.82|1
GME211217C00140000|37.00|37.00|37.00|33.50|37.00|8|3.50|0.1045|0|149|1|1|0.9472|0.0040|0.0392|-0.1311|0.0331||40.70|27|38.30|15
GME211217P00140000|5.28|5.62|3.45|5.78|3.66|8|-2.12|-0.3668|68|983|1|202|-0.0585|0.0042|-0.0033|-0.1467|0.0358||3.50|115|3.20|75
GME211217C00145000|34.00|34.00|34.00|27.00|34.00|7|7.00|0.2593|0|59|1|2|0.9156|0.0058|0.0389|-0.1896|0.0475||36.10|9|34.05|12
GME211217P00145000|6.26|6.26|3.90|7.10|4.04|7|-3.06|-0.4310|12|264|9|33|-0.0923|0.0059|-0.0053|-0.2098|0.0507||4.10|31|3.80|79
GME211217C00150000|29.40|29.40|27.83|27.40|27.83|6|0.43|0.0157|0|82|1|2|0.8740|0.0076|0.0379|-0.2553|0.0635||32.05|26|29.95|40
GME211217P00150000|8.80|8.80|4.76|8.50|4.99|6|-3.51|-0.4129|136|2018|1|591|-0.1314|0.0077|-0.0076|-0.2694|0.0654||5.05|56|4.65|63
GME211217C00155000|24.23|24.23|24.23|24.92|24.23|5|-0.69|-0.0277|4|30|1|1|0.8255|0.0096|0.0366|-0.3152|0.0789||28.20|29|26.05|40
GME211217P00155000|8.03|8.03|5.90|9.47|6.04|5|-3.43|-0.3622|-1|404|1|22|-0.1795|0.0095|-0.0104|-0.3286|0.0804||6.15|32|5.75|54
GME211217C00160000|22.95|24.60|21.78|21.45|23.00|4|1.55|0.0723|6|143|1|9|0.7680|0.0114|0.0347|-0.3710|0.0936||24.45|32|22.50|79
GME211217P00160000|9.00|9.66|7.25|12.08|7.40|4|-4.68|-0.3874|-4|1042|4|86|-0.2377|0.0112|-0.0139|-0.3881|0.0949||7.60|26|7.20|81
GME211217C00165000|20.60|21.70|17.60|16.45|17.60|3|1.15|0.0699|8|87|1|8|0.6983|0.0129|0.0320|-0.4299|0.1069||21.25|29|19.25|71
GME211217P00165000|10.70|11.30|8.95|14.75|9.18|3|-5.57|-0.3776|76|429|1|63|-0.3037|0.0126|-0.0179|-0.4423|0.1072||9.45|42|8.90|66
GME211217C00170000|18.20|21.00|15.00|14.20|17.20|2|3.00|0.2113|42|177|1|31|0.6281|0.0138|0.0291|-0.4728|0.1160||18.25|27|16.30|87
GME211217P00170000|13.50|13.61|10.82|17.48|11.41|2|-6.07|-0.3473|-14|1078|2|73|-0.3736|0.0134|-0.0223|-0.4852|0.1162||11.80|78|11.00|70
GME211217C00175000|15.05|18.05|13.00|12.35|14.75|1|2.40|0.1943|5|213|1|80|0.5558|0.0145|0.0261|-0.4898|0.1212||15.55|43|14.50|18
GME211217P00175000|15.60|16.18|12.20|18.97|13.75|1|-5.22|-0.2752|-22|763|1|294|-0.4440|0.0140|-0.0268|-0.5046|0.1212||14.20|36|13.45|10
GME211217C00180000|11.50|15.25|10.85|10.25|12.63|1|2.38|0.2322|542|1045|2|318|0.4834|0.0146|0.0229|-0.4962|0.1223||13.35|64|12.25|62
GME211217P00180000|18.00|18.00|15.00|21.74|17.11|1|-4.63|-0.2130|-9|1119|1|58|-0.5147|0.0142|-0.0313|-0.5077|0.1223||17.50|85|15.85|19
GME211217C00185000|10.83|13.45|9.00|8.75|10.55|2|1.80|0.2057|62|346|1|64|0.4127|0.0142|0.0197|-0.4867|0.1194||11.00|25|10.15|95
GME211217P00185000|20.78|21.60|18.23|25.00|19.40|2|-5.60|-0.2240|8|254|1|11|-0.5830|0.0139|-0.0359|-0.4970|0.1197||20.90|64|19.00|7
GME211217C00187500|10.00|10.40|9.12|7.90|10.40|3|2.50|0.3165|2|44|1|11|0.4375|0.0101|0.0199|-0.7004|0.1209||10.30|27|9.15|79
GME211217P00187500||||27.07|27.07|3|0.00|0.0000|0|116|0|0|-0.5269|0.0080|-0.0360|-0.9052|0.1221||22.60|60|20.20|61
GME211217C00190000|9.00|11.65|7.94|7.20|9.18|4|1.98|0.2750|-19|254|1|81|0.3503|0.0134|0.0168|-0.4664|0.1137||9.30|4|8.60|68
GME211217P00190000|23.16|24.57|20.00|29.00|23.73|4|-5.27|-0.1817|4|435|1|30|-0.6449|0.0131|-0.0402|-0.4795|0.1142||24.30|67|22.20|2
GME211217C00192500|9.10|9.50|8.10|7.35|8.50|5|1.15|0.1565|4|43|1|28|0.3874|0.0100|0.0178|-0.6673|0.1175||8.65|51|7.70|117
GME211217P00192500||||38.40|38.40|5|0.00|0.0000|0|113|0|0|-0.5061|0.0057|-0.0383|-1.2772|0.1224||26.10|69|23.90|6
GME211217C00195000|7.72|9.55|7.40|6.35|7.75|6|1.40|0.2205|12|170|1|35|0.2936|0.0123|0.0142|-0.4380|0.1056||7.90|34|7.45|19
GME211217P00195000|29.00|29.00|25.35|31.75|27.43|6|-4.32|-0.1361|-12|429|1|27|-0.7013|0.0121|-0.0444|-0.4501|0.1064||27.95|61|25.65|60
GME211217C00197500|8.33|8.33|6.30|5.75|6.30|7|0.55|0.0957|2|39|1|9|0.3288|0.0100|0.0154|-0.5927|0.1109||7.45|59|6.80|57
GME211217P00197500||||42.50|42.50|7|0.00|0.0000|0|93|0|0|-0.5267|0.0055|-0.0407|-1.3085|0.1221||29.90|68|27.55|11
GME211217C00200000|5.40|8.30|5.40|5.55|6.74|8|1.19|0.2144|308|3025|1|399|0.2450|0.0111|0.0119|-0.4057|0.0964||6.85|42|6.25|62
GME211217P00200000|31.50|31.50|29.00|38.96|31.28|8|-7.68|-0.1971|-44|1875|1|18|-0.7488|0.0110|-0.0481|-0.4202|0.0977||31.00|18|29.65|31
GME211217C00202500|6.11|7.70|5.60|5.85|5.98|9|0.13|0.0222|4|39|2|24|0.3028|0.0091|0.0141|-0.6112|0.1071||6.35|54|5.80|65
GME211217P00202500||||38.80|38.80|9|0.00|0.0000|0|120|0|0|-0.6164|0.0071|-0.0443|-0.9345|0.1171||33.90|43|31.50|39
GME211217C00205000|5.53|7.00|5.32|4.50|5.65|10|1.15|0.2556|36|100|1|39|0.2856|0.0088|0.0133|-0.5996|0.1042||5.95|60|5.45|52
GME211217P00205000|36.60|36.60|36.60|41.50|36.60|10|-4.90|-0.1181|-2|161|1|1|-0.6878|0.0082|-0.0475|-0.6901|0.1086||36.00|54|33.55|33
GME211217C00207500|5.40|5.73|5.25|5.65|5.25|11|-0.40|-0.0708|3|34|2|14|0.2714|0.0084|0.0127|-0.5940|0.1017||5.55|55|5.00|79
GME211217P00207500|37.77|37.77|37.77|43.07|37.77|11|-5.30|-0.1231|3|219|1|1|-0.7196|0.0083|-0.0495|-0.6231|0.1033||38.15|43|35.60|45
GME211217C00210000|5.25|6.05|4.35|4.35|4.97|12|0.62|0.1425|16|813|10|199|0.1601|0.0086|0.0079|-0.3143|0.0747||5.20|56|4.75|52
GME211217P00210000|38.00|43.00|34.90|47.90|39.60|12|-8.30|-0.1733|65|273|2|95|-0.8347|0.0086|-0.0552|-0.3260|0.0762||40.30|23|37.70|20
GME211217C00212500|4.80|4.80|4.80|4.58|4.80|13|0.22|0.0480|21|35|4|6|0.2477|0.0077|0.0116|-0.5875|0.0970||4.90|57|4.20|116
GME211217P00212500||||42.25|42.25|13|0.00|0.0000|0|59|0|0|-0.7429|0.0076|-0.0521|-0.6185|0.0989||42.50|42|40.00|14
GME211217C00215000|4.45|5.20|4.05|3.82|4.25|14|0.43|0.1126|20|123|1|49|0.2285|0.0075|0.0107|-0.5555|0.0928||4.60|57|4.15|70
GME211217P00215000||||54.30|54.30|14|0.00|0.0000|-5|99|0|0|-0.6159|0.0054|-0.0490|-1.2207|0.1171||44.75|43|42.25|8
GME211217C00217500|4.85|5.00|3.80|5.10|4.40|15|-0.70|-0.1373|0|40|1|21|0.2268|0.0071|0.0106|-0.5784|0.0924||4.40|58|3.95|78
GME211217P00217500|46.54|46.80|46.54|56.80|46.80|15|-10.00|-0.1761|-6|49|2|3|-0.7631|0.0071|-0.0546|-0.6125|0.0947||47.05|40|44.35|23
GME211217C00220000|4.00|4.65|3.50|3.40|3.95|16|0.55|0.1618|-8|1871|1|128|0.1021|0.0062|0.0050|-0.2321|0.0546||4.10|46|3.80|22
GME211217P00220000||||59.00|59.00|16|0.00|0.0000|-1|423|0|0|-0.8910|0.0063|-0.0609|-0.2492|0.0573||49.30|21|46.55|11
GME211217C00222500|3.80|3.80|3.65|3.30|3.73|17|0.43|0.1303|11|81|1|9|0.1994|0.0066|0.0093|-0.5377|0.0857||4.00|50|3.55|53
GME211217P00222500||||49.15|49.15|17|0.00|0.0000|0|21|0|0|-0.8405|0.0066|-0.0594|-0.4075|0.0745||51.60|19|48.85|13
GME211217C00225000|3.75|4.15|3.38|3.00|3.60|18|0.60|0.2000|11|139|2|61|0.1895|0.0064|0.0089|-0.5257|0.0831||3.65|25|3.45|18
GME211217P00225000||||49.64|49.64|18|0.00|0.0000|0|30|0|0|-0.9223|0.0051|-0.0640|-0.1872|0.0446||53.95|20|51.05|17
GME211217C00227500|3.80|3.80|3.45|3.60|3.45|19|-0.15|-0.0417|1|10|1|3|0.1843|0.0061|0.0086|-0.5285|0.0817||3.60|34|3.25|47
GME211217P00227500||||51.86|51.86|19|0.00|0.0000|0|60|0|0|-0.9384|0.0044|-0.0655|-0.1518|0.0373||56.35|13|53.40|15
GME211217C00230000|3.25|3.67|3.10|3.05|3.30|20|0.25|0.0820|2|438|1|42|0.0673|0.0044|0.0033|-0.1746|0.0400||3.40|13|3.20|12
GME211217P00230000|57.65|57.65|57.65|64.00|57.65|20|-6.35|-0.0992|0|63|1|1|-0.9292|0.0045|-0.0658|-0.1838|0.0416||58.70|22|55.90|8
GME211217C00232500|3.25|3.30|3.25|2.66|3.30|21|0.64|0.2406|-1|85|1|2|0.1725|0.0056|0.0081|-0.5258|0.0783||3.40|63|3.00|66
GME211217P00232500||||53.30|53.30|21|0.00|0.0000|0|19|0|0|-0.9585|0.0033|-0.0680|-0.1075|0.0272||61.10|21|58.25|4
GME211217C00235000|3.10|3.35|2.98|2.80|3.00|22|0.20|0.0714|11|89|1|14|0.1614|0.0054|0.0076|-0.5020|0.0751||3.25|40|2.95|23
GME211217P00235000||||68.76|68.76|22|0.00|0.0000|0|61|0|0|-0.7147|0.0051|-0.0586|-1.0296|0.1041||63.45|13|60.85|15
GME211217C00240000|2.83|3.18|2.68|2.62|2.94|23|0.32|0.1221|25|346|1|51|0.0412|0.0030|0.0021|-0.1191|0.0271||3.10|53|2.83|2
GME211217P00240000||||73.45|73.45|23|0.00|0.0000|0|54|0|0|-0.9543|0.0031|-0.0701|-0.1323|0.0294||68.25|13|65.70|8
GME211217C00245000|2.75|3.00|2.69|2.74|2.69|24|-0.05|-0.0182|4|200|1|25|0.1412|0.0047|0.0066|-0.4863|0.0686||2.90|37|2.63|27
GME211217P00245000||||78.00|78.00|24|0.00|0.0000|1|39|0|0|-0.7375|0.0047|-0.0626|-1.0282|0.0999||73.00|6|70.30|13
GME211217C00250000|2.75|2.77|2.26|2.39|2.65|25|0.26|0.1088|58|1302|2|325|0.0257|0.0020|0.0013|-0.0820|0.0183||2.65|3|2.55|4
GME211217P00250000|76.30|76.30|76.30|85.24|76.30|25|-8.94|-0.1049|-1|54|1|1|-0.9717|0.0021|-0.0739|-0.0897|0.0199||77.85|15|75.10|14
GME211217C00255000|2.16|2.51|2.16|2.26|2.51|26|0.25|0.1106|0|359|5|29|0.1281|0.0041|0.0060|-0.4826|0.0642||2.62|50|2.30|71
GME211217P00255000||||39.75|39.75|26|0.00|0.0000|0|5|0|0|-0.9999|0.0000|-0.0768|0.0007|0.0001||82.75|14|80.05|7
GME211217C00260000|2.30|2.49|2.27|2.37|2.36|27|-0.01|-0.0042|-4|519|1|32|0.0157|0.0013|0.0008|-0.0545|0.0121||2.50|56|2.21|70
GME211217P00260000||||89.25|89.25|27|0.00|0.0000|0|21|0|0|-0.9826|0.0014|-0.0775|-0.0598|0.0132||87.65|11|84.85|13
GME211217C00270000|2.00|2.25|2.00|2.10|2.18|28|0.08|0.0381|64|636|1|15|0.0103|0.0009|0.0005|-0.0386|0.0084||2.33|10|2.04|65
GME211217P00270000||||102.35|102.35|28|0.00|0.0000|-19|30|0|0|-0.9881|0.0010|-0.0808|-0.0439|0.0095||97.45|8|94.65|14
GME211217C00280000|1.97|2.16|1.83|1.98|2.06|29|0.08|0.0404|32|2058|1|37|0.0070|0.0006|0.0004|-0.0282|0.0060||2.17|21|1.91|71
GME211217P00280000|106.96|106.96|106.96|91.00|106.96|29|15.96|0.1754|0|10|2|2|-0.9921|0.0007|-0.0840|-0.0310|0.0066||107.30|13|104.65|8
GME211217C00290000|1.90|1.99|1.83|1.80|1.96|30|0.16|0.0889|6|531|1|37|0.0047|0.0004|0.0002|-0.0203|0.0042||2.06|34|1.86|37
GME211217P00290000|116.82|116.82|116.82|127.73|116.82|30|-10.91|-0.0854|-2|23|2|2|-0.9941|0.0005|-0.0871|-0.0244|0.0051||117.15|31|114.50|14
GME211217C00300000|2.99|2.99|1.54|1.60|1.85|31|0.25|0.1563|-109|5622|1|234|0.0031|0.0003|0.0002|-0.0141|0.0029||1.93|9|1.78|14
GME211217P00300000|120.20|120.20|120.20|126.50|120.20|31|-6.30|-0.0498|0|20|1|1|-0.9963|0.0003|-0.0902|-0.0158|0.0034||127.15|20|124.50|7
GME211217C00310000|1.84|1.84|1.62|1.62|1.77|32|0.15|0.0926|16|384|1|21|0.0020|0.0002|0.0001|-0.0094|0.0019||1.84|15|1.67|21
GME211217P00310000||||102.75|102.75|32|0.00|0.0000|0|3|0|0|-0.9974|0.0002|-0.0933|-0.0115|0.0025||137.00|14|134.50|5
GME211217C00320000|1.65|1.69|1.58|1.49|1.58|33|0.09|0.0604|11|459|1|51|0.0014|0.0001|0.0001|-0.0070|0.0014||1.76|33|1.57|46
GME211217P00320000||||96.00|96.00|33|0.00|0.0000|0|17|0|0|-0.9982|0.0002|-0.0963|-0.0082|0.0018||146.95|19|144.30|10
GME211217C00330000|1.58|1.60|1.46|1.49|1.59|34|0.10|0.0671|21|234|1|44|0.0010|0.0001|0.0001|-0.0052|0.0010||1.67|14|1.51|23
GME211217P00330000||||159.50|159.50|34|0.00|0.0000|0|3|0|0|-0.9987|0.0001|-0.0994|-0.0057|0.0013||156.85|20|154.30|8
GME211217C00340000|1.45|1.50|1.45|1.41|1.50|35|0.09|0.0638|0|232|2|12|0.0007|0.0001|0.0000|-0.0041|0.0008||1.60|20|1.41|41
GME211217P00340000||||126.85|126.85|35|0.00|0.0000|0|7|0|0|-0.9991|0.0001|-0.1024|-0.0039|0.0009||166.80|13|164.30|5
GME211217C00350000|1.44|1.50|1.20|1.33|1.41|36|0.08|0.0602|-148|856|2|132|0.0006|0.0001|0.0000|-0.0032|0.0006||1.48|14|1.40|4
GME211217P00350000||||133.85|133.85|36|0.00|0.0000|0|4|0|0|-0.9993|0.0001|-0.1054|-0.0029|0.0008||176.75|7|174.20|10
GME211217C00360000|1.29|1.53|1.29|1.15|1.38|37|0.23|0.2000|-3|312|2|12|0.0005|0.0000|0.0000|-0.0027|0.0005||1.47|29|1.30|35
GME211217P00360000||||||37|||0|0|0|0|-0.9994|0.0001|-0.1085|-0.0021|0.0006||186.70|4|183.85|15
GME211217C00370000|1.40|1.40|1.35|1.43|1.35|38|-0.08|-0.0559|1|447|1|2|0.0004|0.0000|0.0000|-0.0023|0.0004||1.47|64|1.17|62
GME211217P00370000||||172.65|172.65|38|0.00|0.0000|0|3|0|0|-0.9995|0.0000|-0.1115|-0.0015|0.0005||196.55|20|193.85|11
GME211217C00380000|1.34|1.34|1.30|1.20|1.30|39|0.10|0.0833|7|175|1|2|0.0003|0.0000|0.0000|-0.0019|0.0003||1.42|40|1.12|45
GME211217P00380000||||208.83|208.83|39|0.00|0.0000|0|16|0|0|-0.9997|0.0000|-0.1145|-0.0010|0.0004||206.50|8|203.85|7
GME211217C00390000|1.20|1.24|1.14|1.16|1.14|40|-0.02|-0.0172|71|265|1|16|0.0003|0.0000|0.0000|-0.0017|0.0003||1.26|18|1.17|2
GME211217P00390000||||||40|||0|0|0|0|-0.9997|0.0000|-0.1175|-0.0006|0.0003||216.45|4|213.70|12
GME211217C00400000|1.10|1.21|0.90|1.10|1.14|41|0.04|0.0364|49|1325|1|228|0.0002|0.0000|0.0000|-0.0012|0.0002||1.17|10|1.10|4
GME211217P00400000||||238.75|238.75|41|0.00|0.0000|0|3|0|0|-0.9997|0.0000|-0.1205|-0.0004|0.0003||226.45|4|223.70|6
GME211217C00410000|1.00|1.10|1.00|1.10|1.10|42|0.00|0.0000|1|227|1|4|0.0001|0.0000|0.0000|-0.0010|0.0002||1.17|15|0.91|64
GME211217P00410000||||190.90|190.90|42|0.00|0.0000|0|3|0|0|-0.9998|0.0000|-0.1235|-0.0001|0.0002||236.35|10|233.70|7
GME211217C00420000|1.09|1.10|0.92|0.92|1.05|43|0.13|0.1413|-2|540|1|6|0.0001|0.0000|0.0000|-0.0008|0.0001||1.15|46|0.91|50
GME211217P00420000||||189.85|189.85|43|0.00|0.0000|0|16|0|0|-0.9999|0.0000|-0.1266|0.0007|0.0001||246.30|10|243.60|9
GME211217C00430000|1.00|1.05|0.83|1.04|1.05|44|0.01|0.0096|7|220|1|23|0.0001|0.0000|0.0000|-0.0007|0.0001||1.11|7|0.89|15
GME211217P00430000||||244.20|244.20|44|0.00|0.0000|0|0|0|0|-0.9999|0.0000|-0.1296|0.0008|0.0001||256.30|20|252.80|10
GME211217C00440000||||0.80|0.80|45|0.00|0.0000|2|474|0|0|0.0001|0.0000|0.0000|-0.0006|0.0001||1.07|1|0.88|2
GME211217P00440000||||||45|||0|0|0|0|-0.9999|0.0000|-0.1326|0.0011|0.0001||266.25|10|262.75|20
GME211217C00450000|0.90|0.96|0.81|0.84|0.96|46|0.12|0.1429|62|745|10|18|0.0001|0.0000|0.0000|-0.0004|0.0001||1.00|1|0.88|1
GME211217P00450000||||||46|||0|0|0|0|-1.0000|0.0000|-0.1356|0.0011|0.0001||276.20|12|272.70|3
GME211217C00460000|0.88|1.07|0.76|0.90|0.83|47|-0.07|-0.0778|0|1139|2|81|0.0001|0.0000|0.0000|-0.0004|0.0001||1.00|11|0.76|6
GME211217P00460000||||261.60|261.60|47|0.00|0.0000|0|5|0|0|-1.0000|0.0000|-0.1386|0.0012|0.0001||286.10|11|282.70|22
GME211217C00470000|0.80|0.86|0.80|1.00|0.84|48|-0.16|-0.1600|0|190|1|4|0.0342|0.0009|0.0015|-0.2894|0.0233||0.97|10|0.71|13
GME211217P00470000||||||48||||0|0|0|-1.0000|0.0000|-0.1416|0.0016|0.0000||296.10|20|292.70|10
GME211217C00480000|0.65|0.65|0.65|0.80|0.65|49|-0.15|-0.1875|2|245|1|1|0.0279|0.0008|0.0013|-0.2396|0.0196||0.94|8|0.69|6
GME211217P00480000||||264.21|264.21|49|0.00|0.0000|0|7|0|0|-0.9943|0.0003|-0.1444|-0.0465|0.0050||306.05|10|302.65|20
GME211217C00490000|0.74|0.80|0.73|0.80|0.73|50|-0.07|-0.0875|-1|151|1|4|0.0300|0.0008|0.0013|-0.2629|0.0209||0.91|13|0.59|45
GME211217P00490000||||274.04|274.04|50|0.00|0.0000|0|7|0|0|-0.9919|0.0003|-0.1473|-0.0681|0.0068||316.00|10|312.65|10
GME211217C00500000|0.75|0.80|0.56|0.66|0.71|51|0.05|0.0758|16|2452|1|55|0.0290|0.0008|0.0013|-0.2586|0.0203||0.78|5|0.56|24
GME211217P00500000||||290.05|290.05|51|0.00|0.0000|0|7|0|0|-0.9828|0.0005|-0.1499|-0.1503|0.0130||326.00|10|322.60|20
GME211217C00510000|0.63|0.79|0.63|0.65|0.67|52|0.02|0.0308|67|1621|1|218|0.0272|0.0007|0.0012|-0.2460|0.0192||0.70|30|0.65|6
GME211217P00510000||||277.97|277.97|52|0.00|0.0000|0|0|0|0|-0.9955|0.0002|-0.1535|-0.0381|0.0040||336.00|20|332.60|12
GME211223C00100000||||71.00|71.00|12|0.00|0.0000|0|13|0|0|0.9353|0.0016|0.0400|-0.2881|0.0482||79.20|7|76.20|10
GME211223P00100000|2.42|2.42|1.54|2.13|1.64|12|-0.49|-0.2300|61|375|3|42|-0.0456|0.0014|-0.0044|-0.1889|0.0365||1.76|7|1.54|1
GME211223C00110000||||||11||||0|0|0|1.0000|0.0000|0.0512|-0.0004|0.0000||69.90|13|66.65|13
GME211223P00110000|2.10|2.29|2.10|2.57|2.15|11|-0.42|-0.1634|415|520|1|4|-0.0624|0.0020|-0.0060|-0.2224|0.0469||2.32|49|1.80|24
GME211223C00120000||||49.37|49.37|10|0.00|0.0000|1|2|0|0|0.9490|0.0023|0.0512|-0.1400|0.0399||60.45|10|57.25|13
GME211223P00120000|3.00|3.17|2.50|4.10|2.50|10|-1.60|-0.3902|0|37|1|31|-0.0796|0.0027|-0.0076|-0.2369|0.0564||2.55|2|2.30|6
GME211223C00130000||||41.20|41.20|9|0.00|0.0000|1|1|0|0|0.9019|0.0037|0.0513|-0.2383|0.0660||51.35|14|48.10|14
GME211223P00130000|3.58|3.58|3.40|5.25|3.40|9|-1.85|-0.3524|5|141|1|3|-0.1108|0.0038|-0.0105|-0.2791|0.0721||3.85|45|3.20|1
GME211223C00140000|41.10|41.10|41.10|41.10|41.10|8|0.00|0.0000|0|0|1|1|0.8326|0.0050|0.0490|-0.3690|0.0956||42.10|11|39.50|15
GME211223P00140000|4.85|4.85|4.85|7.23|4.85|8|-2.38|-0.3292|7|49|1|1|-0.1573|0.0051|-0.0150|-0.3337|0.0917||5.45|42|4.50|29
GME211223C00145000||||||7||||0|0|0|1.0000|0.0000|0.0675|-0.0005|0.0000||38.50|14|35.40|14
GME211223P00145000|6.77|6.77|5.88|8.30|6.50|7|-1.80|-0.2169|3|14|4|15|-0.1952|0.0057|-0.0189|-0.3927|0.1052||6.55|54|5.45|6
GME211223C00150000||||28.10|28.10|6|0.00|0.0000|0|21|0|0|0.8685|0.0077|0.0581|-0.1742|0.0813||34.45|9|31.55|14
GME211223P00150000|9.75|9.75|6.65|11.00|7.11|6|-3.89|-0.3536|6|161|1|31|-0.2215|0.0066|-0.0213|-0.3961|0.1133||7.45|32|6.55|18
GME211223C00155000||||29.20|29.20|5|0.00|0.0000|0|11|0|0|0.7382|0.0072|0.0468|-0.4363|0.1241||30.55|11|27.90|18
GME211223P00155000|9.27|9.27|8.65|13.30|8.65|5|-4.65|-0.3496|1|79|1|3|-0.2601|0.0072|-0.0252|-0.4282|0.1237||9.10|64|7.90|55
GME211223C00160000||||22.77|22.77|4|0.00|0.0000|1|20|0|0|0.7229|0.0093|0.0485|-0.3534|0.1277||27.35|20|24.55|25
GME211223P00160000|10.00|11.08|9.90|13.20|9.90|4|-3.30|-0.2500|5|71|4|18|-0.3052|0.0075|-0.0300|-0.4782|0.1336||10.80|37|9.60|25
GME211223C00165000|22.80|22.80|19.80|18.80|19.80|3|1.00|0.0532|32|48|1|12|0.6687|0.0100|0.0454|-0.3879|0.1383||24.30|22|21.55|23
GME211223P00165000|13.12|13.33|11.97|17.15|13.33|3|-3.82|-0.2227|31|315|10|38|-0.3476|0.0079|-0.0345|-0.5072|0.1409||12.90|56|11.45|34
GME211223C00170000|20.25|20.25|19.22|18.44|19.98|2|1.54|0.0835|5|35|10|15|0.6102|0.0087|0.0405|-0.4995|0.1463||21.15|8|18.75|18
GME211223P00170000|15.51|15.78|13.71|20.03|15.78|2|-4.25|-0.2122|1|62|15|85|-0.3902|0.0082|-0.0392|-0.5290|0.1463||15.20|58|13.60|26
GME211223C00175000|17.20|21.00|17.06|16.30|17.30|1|1.00|0.0613|19|38|1|49|0.5638|0.0090|0.0379|-0.5057|0.1501||18.55|11|17.10|4
GME211223P00175000|18.00|18.29|16.00|22.05|17.13|1|-4.92|-0.2231|-4|43|1|41|-0.4352|0.0090|-0.0435|-0.5060|0.1501||17.75|21|15.95|8
