symbol|open|high|low|preClose|close|activeLevel|change|changeRatio|openIntChange|openInterest|latestPriceVol|volume|delta|gamma|rho|theta|vega|tradeStamptradeTime|ask|avol|bid|bvol
GME211203C00100000||||83.51|83.51|10|0.00|0.0000|-1|9|0|0|0.9776|0.0010|0.0026|-1.3786|0.0049||75.30|10|71.20|5
GME211203P00100000|0.04|0.05|0.01|0.06|0.01|10|-0.05|-0.8333|21|534|1|194|-0.0028|0.0002|0.0000|-0.1547|0.0008||0.03|2|0.00|0
GME211203C00110000||||135.99|135.99|9|0.00|0.0000|0|1|0|0|0.8729|0.0023|0.0022|-9.3845|0.0189||65.45|10|61.35|5
GME211203P00110000|0.08|0.08|0.08|0.11|0.08|9|-0.03|-0.2727|27|199|9|37|-0.0056|0.0005|0.0000|-0.2633|0.0015||0.11|18|0.01|1
GME211203C00120000||||||8||||0|0|0|1.0000|0.0000|0.0033|-0.0004|0.0000||55.70|12|51.20|15
GME211203P00120000|0.04|0.11|0.03|0.19|0.03|8|-0.16|-0.8421|165|546|5|75|-0.0027|0.0003|0.0000|-0.1014|0.0008||0.11|19|0.01|24
GME211203C00130000||||65.44|65.44|7|0.00|0.0000|0|1|0|0|0.8253|0.0038|0.0025|-8.7670|0.0234||45.60|12|41.10|21
GME211203P00130000|0.14|0.18|0.06|0.29|0.06|7|-0.23|-0.7931|7|983|10|98|-0.0067|0.0009|0.0000|-0.1972|0.0017||0.14|12|0.06|17
GME211203C00140000|32.50|32.50|32.50|55.33|32.50|6|-22.83|-0.4126|0|6|4|4|0.7550|0.0038|0.0045|-6.5407|0.0404||35.75|17|30.80|27
GME211203P00140000|0.15|0.38|0.01|0.30|0.18|6|-0.12|-0.4000|17|1168|1|314|-0.0120|0.0018|-0.0001|-0.2660|0.0028||0.23|15|0.13|5
GME211203C00150000|23.50|24.00|21.00|44.80|24.00|5|-20.80|-0.4643|0|6|1|42|0.7456|0.0065|0.0027|-7.8831|0.0292||24.00|10|20.90|71
GME211203P00150000|0.20|0.59|0.20|0.65|0.23|5|-0.42|-0.6462|149|1347|2|745|-0.0446|0.0061|-0.0002|-0.7262|0.0086||0.25|1|0.22|20
GME211203C00155000||||27.75|27.75|4|0.00|0.0000|0|5|0|0|0.8989|0.0110|0.0037|-1.4274|0.0161||21.00|30|15.55|55
GME211203P00155000|0.39|0.70|0.30|0.68|0.37|4|-0.31|-0.4559|-29|963|1|301|-0.0644|0.0094|-0.0003|-0.8432|0.0114||0.44|6|0.29|20
GME211203C00160000|23.77|23.77|12.60|23.00|12.60|3|-10.40|-0.4522|2|117|1|4|0.8468|0.0162|0.0036|-1.7266|0.0215||16.00|69|11.05|103
GME211203P00160000|1.14|1.24|0.35|0.68|0.50|3|-0.18|-0.2647|108|548|1|837|-0.3423|0.0052|-0.0853|-0.3296|0.2086||0.58|12|0.43|8
GME211203C00165000|15.40|15.40|6.20|32.50|8.90|2|-23.60|-0.7262|0|31|1|111|0.6310|0.0090|0.0024|-7.9166|0.0343||11.40|42|7.40|80
GME211203P00165000|0.62|2.20|0.40|1.20|0.80|2|-0.40|-0.3333|41|824|1|795|-0.1844|0.0246|-0.0009|-1.4429|0.0243||0.94|5|0.74|11
GME211203C00170000|6.30|6.30|3.10|13.35|4.70|1|-8.65|-0.6479|13|63|19|587|0.6663|0.0346|0.0030|-1.9133|0.0332||5.15|3|3.85|63
GME211203P00170000|1.42|4.00|0.80|1.87|1.80|1|-0.07|-0.0374|480|1414|3|1352|-0.3424|0.0366|-0.0017|-1.8417|0.0334||1.99|6|1.65|1
GME211203C00175000|7.05|7.05|1.40|9.00|2.10|1|-6.90|-0.7667|6|123|1|1743|0.4551|0.0438|0.0021|-1.7935|0.0361||2.20|7|1.90|1
GME211203P00175000|1.75|7.00|1.50|2.73|4.15|1|1.42|0.5201|485|968|1|620|-0.5458|0.0444|-0.0027|-1.7673|0.0360||4.40|1|3.70|1
GME211203C00177500|4.12|4.12|0.85|8.24|1.22|2|-7.02|-0.8519|34|41|1|1037|0.3746|0.0357|0.0017|-2.0134|0.0345||1.46|18|1.09|8
GME211203P00177500|2.70|8.95|2.20|3.58|5.00|2|1.42|0.3966|267|466|2|464|-0.4635|0.0072|-0.1118|-0.2806|0.2256||6.20|1|5.35|1
GME211203C00180000|4.60|5.00|0.54|5.75|0.78|3|-4.97|-0.8643|33|766|1|743|0.2491|0.0362|0.0012|-1.3884|0.0288||0.90|1|0.66|15
GME211203P00180000|5.29|11.50|2.63|4.40|7.80|3|3.40|0.7727|-355|1413|1|201|-0.7606|0.0370|-0.0038|-1.3025|0.0282||8.65|14|7.00|14
GME211203C00182500|3.75|3.90|0.42|4.40|0.50|4|-3.90|-0.8864|61|146|1|167|0.2517|0.0263|0.0023|-0.9681|0.0410||0.63|40|0.37|85
GME211203P00182500|7.75|13.03|3.89|5.41|11.15|4|5.74|1.0610|-45|252|10|66|-0.8526|0.0289|-0.0043|-0.9194|0.0210||11.15|14|8.85|36
GME211203C00185000|2.43|3.10|0.25|3.22|0.37|5|-2.85|-0.8851|314|795|1|1118|0.1087|0.0223|0.0005|-0.7805|0.0170||0.49|19|0.33|2
GME211203P00185000|9.16|15.95|4.90|7.21|13.00|5|5.79|0.8031|-47|541|3|90|-0.8843|0.0226|-0.0045|-0.8394|0.0178||13.35|12|11.30|15
GME211203C00187500|2.00|2.16|0.25|2.40|0.26|6|-2.14|-0.8917|-120|610|1|98|0.0602|0.0142|0.0003|-0.5014|0.0109||0.36|9|0.26|9
GME211203P00187500|7.14|17.61|7.14|8.59|15.61|6|7.02|0.8172|-33|442|1|14|-0.9450|0.0136|-0.0049|-0.4538|0.0101||15.80|11|13.40|42
GME211203C00190000|1.42|1.60|0.21|1.70|0.24|7|-1.46|-0.8588|-141|637|1|535|0.0326|0.0088|0.0002|-0.3030|0.0066||0.29|8|0.21|6
GME211203P00190000|11.26|20.31|8.25|11.17|18.18|7|7.01|0.6276|-67|766|1|103|-0.5324|0.0066|-0.1353|-0.3089|0.2258||18.25|22|15.00|86
GME211203C00192500|1.00|1.09|0.20|1.27|0.26|8|-1.01|-0.7953|-248|254|3|374|0.0742|0.0117|0.0007|-0.4226|0.0181||0.36|74|0.17|34
GME211203P00192500|10.85|24.24|10.85|12.49|24.24|8|11.75|0.9408|-8|265|3|18|-0.9805|0.0056|-0.0052|-0.2020|0.0043||22.20|25|17.25|131
GME211203C00195000|1.09|1.09|0.13|1.07|0.18|9|-0.89|-0.8318|-71|526|1|304|0.0535|0.0091|0.0002|-0.6507|0.0099||0.21|12|0.17|5
GME211203P00195000|15.20|24.67|12.95|14.76|23.00|9|8.24|0.5583|-69|557|1|20|-0.5751|0.0069|-0.1452|-0.2850|0.2225||23.70|35|20.55|62
GME211203C00197500|0.35|0.35|0.15|0.89|0.19|10|-0.70|-0.7865|-133|357|1|48|0.0102|0.0029|0.0000|-0.1288|0.0025||0.18|13|0.14|2
GME211203P00197500|17.15|26.97|15.00|17.43|25.45|10|8.02|0.4601|-4|198|1|52|-0.9811|0.0044|-0.0053|-0.2436|0.0042||26.40|41|22.35|142
GME211203C00200000|0.65|0.74|0.11|0.68|0.13|11|-0.55|-0.8088|599|1650|2|695|0.0063|0.0018|0.0000|-0.0854|0.0016||0.13|50|0.12|4
GME211203P00200000|18.50|29.61|18.50|19.88|27.70|11|7.82|0.3934|-271|727|1|67|-0.9822|0.0038|-0.0054|-0.2502|0.0040||28.60|25|25.40|34
GME211203C00202500|0.30|0.51|0.11|0.50|0.13|12|-0.37|-0.7400|164|445|1|28|0.3977|0.0063|0.0585|-0.3023|0.2191||0.14|5|0.11|4
GME211203P00202500|21.15|31.85|21.15|21.93|31.85|12|9.92|0.4523|-30|154|1|3|-0.5728|0.0057|-0.1558|-0.3486|0.2228||32.20|26|27.25|121
GME211203C00205000|0.88|0.88|0.10|0.55|0.11|13|-0.44|-0.8000|-141|693|1|104|0.0042|0.0012|0.0000|-0.0675|0.0011||0.13|6|0.09|17
GME211203P00205000|26.93|34.70|26.93|24.98|34.70|13|9.72|0.3891|-135|349|39|49|-0.5366|0.0047|-0.1577|-0.4336|0.2256||33.65|19|29.75|129
GME211203C00207500|0.15|0.15|0.08|0.55|0.10|14|-0.45|-0.8182|148|548|2|28|0.4133|0.0054|0.0583|-0.3608|0.2212||0.10|2|0.08|14
GME211203P00207500|38.35|38.35|36.84|25.68|36.84|14|11.16|0.4346|-2|33|1|6|-0.8577|0.0085|-0.0051|-2.9939|0.0205||36.35|12|32.05|114
GME211203C00210000|0.33|0.39|0.07|0.46|0.09|15|-0.37|-0.8043|73|1012|8|495|0.0030|0.0008|0.0000|-0.0548|0.0008||0.10|4|0.07|13
GME211203P00210000|28.88|40.95|28.55|29.77|37.73|15|7.96|0.2674|-51|334|38|53|-0.9843|0.0027|-0.0057|-0.2918|0.0036||38.60|12|34.70|119
GME211203C00212500|0.22|0.22|0.06|0.48|0.08|16|-0.40|-0.8333|47|344|1|33|0.0032|0.0008|0.0000|-0.0619|0.0009||0.10|2|0.07|10
GME211203P00212500|37.02|41.83|37.02|33.40|41.55|16|8.15|0.2440|0|67|1|6|-0.9640|0.0042|-0.0057|-0.7464|0.0072||41.85|18|37.20|122
GME211203C00215000|0.17|0.23|0.08|0.37|0.08|17|-0.29|-0.7838|0|792|1|171|0.0299|0.0036|0.0001|-0.6493|0.0062||0.09|10|0.08|73
GME211203P00215000|35.00|45.70|35.00|31.97|40.60|17|8.63|0.2699|-11|215|3|17|-0.9431|0.0051|-0.0056|-1.2845|0.0104||44.30|28|39.60|128
GME211203C00217500|0.16|0.16|0.07|0.38|0.08|18|-0.30|-0.7895|-3|180|1|109|0.0023|0.0005|0.0000|-0.0481|0.0007||0.09|4|0.06|11
GME211203P00217500|46.36|48.06|45.41|38.35|45.41|18|7.06|0.1841|-2|72|38|51|-0.9673|0.0036|-0.0058|-0.7501|0.0067||46.65|19|41.95|127
GME211203C00220000|0.17|0.20|0.05|0.36|0.08|19|-0.28|-0.7778|32|1410|1|187|0.0018|0.0004|0.0000|-0.0411|0.0005||0.08|2|0.06|4
GME211203P00220000|49.15|50.41|48.10|40.13|48.14|19|8.01|0.1996|-18|195|2|11|-0.9809|0.0024|-0.0059|-0.4479|0.0042||48.60|37|44.60|151
GME211203C00222500|0.09|0.09|0.07|0.37|0.07|20|-0.30|-0.8108|4|185|1|3|0.4930|0.0033|0.0573|-0.6097|0.2265||0.08|9|0.05|14
GME211203P00222500|44.57|44.57|44.57|45.85|44.57|20|-1.28|-0.0279|-6|45|1|1|-0.9239|0.0050|-0.0058|-2.0319|0.0130||51.65|12|47.00|98
GME211203C00225000|0.20|0.20|0.05|0.30|0.07|21|-0.23|-0.7667|-60|596|1|49|0.5016|0.0032|0.0568|-0.6425|0.2266||0.08|9|0.06|1
GME211203P00225000|42.95|53.85|42.95|45.20|53.43|21|8.23|0.1821|0|125|2|13|-0.9809|0.0022|-0.0061|-0.4906|0.0042||54.10|18|49.50|118
GME211203C00227500|0.14|0.14|0.04|0.50|0.06|22|-0.44|-0.8800|16|113|1|6|0.0605|0.0042|0.0005|-0.8591|0.0154||0.07|5|0.05|4
GME211203P00227500|55.10|55.10|55.10|45.48|55.10|22|9.62|0.2115|0|26|1|1|-0.9867|0.0017|-0.0062|-0.3515|0.0031||56.55|39|52.15|106
GME211203C00230000|0.24|0.24|0.03|0.24|0.05|23|-0.19|-0.7917|-39|888|1|73|0.0154|0.0018|0.0001|-0.4244|0.0035||0.06|1|0.04|4
GME211203P00230000|47.00|55.64|47.00|49.84|55.64|23|5.80|0.1164|-4|63|2|3|-0.9869|0.0016|-0.0062|-0.3581|0.0031||58.90|12|54.65|103
GME211203C00232500|0.03|0.05|0.03|0.25|0.05|24|-0.20|-0.8000|-7|86|1|2|0.4971|0.0030|0.0553|-0.6719|0.2266||0.07|8|0.03|21
GME211203P00232500||||52.32|52.32|24|0.00|0.0000|-1|33|0|0|-0.9383|0.0039|-0.0122|-0.9451|0.0157||61.45|12|57.00|95
GME211203C00235000|0.56|0.56|0.02|0.25|0.05|25|-0.20|-0.8000|-14|317|1|14|0.0066|0.0009|0.0000|-0.1919|0.0017||0.07|26|0.03|10
GME211203P00235000|53.48|64.17|53.48|53.95|61.77|25|7.82|0.1449|-31|340|1|56|-0.9971|0.0005|-0.0064|-0.0819|0.0008||63.90|18|59.65|116
GME211203C00237500|0.13|0.13|0.02|0.27|0.05|26|-0.22|-0.8148|-1|114|1|10|0.0101|0.0012|0.0000|-0.3030|0.0025||0.05|12|0.02|14
GME211203P00237500|55.98|66.67|55.98|56.45|64.28|26|7.83|0.1387|-22|262|1|56|-0.9971|0.0005|-0.0065|-0.0837|0.0008||66.40|18|62.15|115
GME211203C00240000|0.20|0.20|0.03|0.27|0.03|27|-0.24|-0.8889|64|656|1|25|0.0068|0.0009|0.0000|-0.2078|0.0017||0.05|4|0.03|1
GME211203P00240000|69.64|69.64|69.63|60.48|69.63|27|9.15|0.1513|-6|95|3|4|-0.9798|0.0018|-0.0065|-0.6433|0.0044||68.85|12|64.65|111
GME211203C00245000|0.05|0.06|0.01|0.23|0.02|28|-0.21|-0.9130|-115|299|1|31|0.0040|0.0005|0.0000|-0.1319|0.0011||0.07|15|0.02|12
GME211203P00245000|66.88|66.88|66.88|60.55|66.88|28|6.33|0.1045|-1|67|1|1|-0.6307|0.0039|-0.2131|-0.4699|0.2143||73.80|12|69.70|104
GME211203C00250000|0.06|0.12|0.02|0.14|0.04|29|-0.10|-0.7143|1181|4523|2|265|0.5175|0.0026|0.0531|-0.7958|0.2278||0.05|1|0.02|9
GME211203P00250000|75.53|75.81|75.53|70.43|75.81|29|5.38|0.0764|0|123|1|3|-0.9822|0.0015|-0.0068|-0.6328|0.0040||78.80|12|74.70|110
GME211203C00260000|0.05|0.05|0.01|0.15|0.03|30|-0.12|-0.8000|-5|709|1|59|0.0065|0.0007|0.0000|-0.2492|0.0017||0.05|6|0.03|1
GME211203P00260000|88.15|88.15|88.15|75.00|88.15|30|13.15|0.1753|0|6|1|1|-0.9988|0.0002|-0.0071|-0.0443|0.0004||88.70|28|84.75|30
GME211203C00270000|0.04|0.06|0.02|0.02|0.03|31|0.01|0.5000|20|607|1|14|0.0050|0.0005|0.0000|-0.2049|0.0013||0.04|1|0.02|8
GME211203P00270000|99.66|99.66|99.66|86.50|99.66|31|13.16|0.1521|0|21|3|4|-0.9995|0.0001|-0.0074|-0.0190|0.0002||98.85|12|94.80|87
GME211203C00280000|0.08|0.08|0.01|0.07|0.01|32|-0.06|-0.8571|46|618|1|14|0.0074|0.0006|0.0000|-0.3329|0.0019||0.04|5|0.01|5
GME211203P00280000||||95.00|95.00|32|0.00|0.0000|0|10|0|0|-0.9989|0.0001|-0.0077|-0.0458|0.0003||108.95|15|104.80|15
GME211203C00290000|0.04|0.04|0.01|0.09|0.04|33|-0.05|-0.5556|-7|495|1|12|0.0049|0.0004|0.0000|-0.2337|0.0013||0.05|1|0.03|2
GME211203P00290000||||||33||||0|0|0|-1.0000|0.0000|-0.0079|0.0009|0.0000||118.80|12|114.85|19
GME211203C00300000|0.06|0.06|0.01|0.07|0.01|34|-0.06|-0.8571|-116|2079|2|94|0.0029|0.0003|0.0000|-0.1479|0.0008||0.02|1|0.01|12
GME211203P00300000||||111.10|111.10|34|0.00|0.0000|0|2|0|0|-0.9960|0.0003|-0.0164|-0.1012|0.0015||128.90|15|124.85|15
GME211203C00310000|0.04|0.05|0.01|0.08|0.01|35|-0.07|-0.8750|-1|343|1|33|0.0066|0.0005|0.0000|-0.3611|0.0017||0.09|23|0.01|8
GME211203P00310000||||71.90|71.90|35|0.00|0.0000|0|4|0|0|-0.8878|0.0027|-0.3139|-0.1725|0.1083||138.80|12|134.85|16
GME211203C00320000|0.04|0.04|0.02|0.04|0.02|36|-0.02|-0.5000|-1|388|2|3|0.0000|0.0000|0.0000|-0.0012|0.0000||0.02|1|0.01|1
GME211203P00320000||||||36||||0|0|0|-1.0000|0.0000|-0.0175|0.0010|0.0000||148.80|12|144.85|19
GME211203C00330000||||0.06|0.06|37|0.00|0.0000|2|350|0|0|0.0067|0.0004|0.0000|-0.4032|0.0017||0.08|25|0.00|0
GME211203P00330000||||127.27|127.27|37|0.00|0.0000|-2|0|0|0|-1.0000|0.0000|-0.0090|0.0002|0.0000||158.90|15|154.85|15
GME211203C00340000|0.01|0.01|0.01|0.06|0.01|38|-0.05|-0.8333|4|139|1|2|0.0014|0.0001|0.0000|-0.0859|0.0004||0.04|2|0.00|0
GME211203P00340000||||134.20|134.20|38|0.00|0.0000|0|1|0|0|-0.9995|0.0001|-0.0186|-0.0151|0.0002||168.80|14|164.85|15
GME211203C00350000|0.01|0.03|0.01|0.04|0.03|39|-0.01|-0.2500|-10|1227|1|94|0.0032|0.0002|0.0000|-0.2054|0.0009||0.04|1|0.00|0
GME211203P00350000||||136.35|136.35|39|0.00|0.0000|-1|2|0|0|-1.0000|0.0000|-0.0096|0.0010|0.0000||179.00|15|174.85|15
GME211203C00360000|0.01|0.03|0.01|0.09|0.03|40|-0.06|-0.6667|0|159|25|83|0.0016|0.0001|0.0000|-0.1058|0.0005||0.03|4|0.00|0
GME211203P00360000||||||40||||0|0|0|-1.0000|0.0000|-0.0099|0.0011|0.0000||188.80|15|184.85|16
GME211203C00370000|0.01|0.01|0.01|0.02|0.01|41|-0.01|-0.5000|-1|87|1|1|0.0026|0.0002|0.0000|-0.1830|0.0007||0.02|1|0.00|0
GME211203P00370000||||136.05|136.05|41|0.00|0.0000|0|1|0|0|-1.0000|0.0000|-0.0101|0.0011|0.0000||199.00|15|194.85|16
GME211203C00380000|0.01|0.01|0.01|0.04|0.01|42|-0.03|-0.7500|-1|100|6|20|0.0012|0.0001|0.0000|-0.0832|0.0004||0.01|1|0.00|0
GME211203P00380000||||170.35|170.35|42|0.00|0.0000|0|0|0|0|-1.0000|0.0000|-0.0104|0.0007|0.0000||208.80|15|204.85|16
GME211203C00390000|0.04|0.04|0.04|0.02|0.04|43|0.02|1.0000|-2|89|1|1|0.6666|0.0012|0.0377|-1.4416|0.2079||0.04|2|0.00|0
GME211203P00390000|216.55|216.55|216.55|216.55|216.55|43|0.00|0.0000|0|0|1|1|-1.0000|0.0000|-0.0107|0.0012|0.0000||218.80|15|214.85|16
GME211203C00400000|0.01|0.01|0.01|0.02|0.01|44|-0.01|-0.5000|-4|2445|1|17|0.0283|0.0009|0.0001|-2.2297|0.0059||0.01|2|0.00|0
GME211203P00400000||||215.38|215.38|44|0.00|0.0000|0|0|0|0|-0.6887|0.0023|-0.3917|-0.6994|0.2007||229.05|15|224.85|15
GME211203C00410000||||0.03|0.03|45|0.00|0.0000|3|1058|0|0|0.6793|0.0011|0.0363|-1.4861|0.2046||0.01|8|0.00|0
GME211203P00410000||||||45||||0|0|0|-1.0000|0.0000|-0.4380|0.0013|0.0000||238.80|15|234.85|16
GME211203C00420000|0.01|0.01|0.01|0.01|0.01|46|0.00|0.0000|3|234|2|2|0.0013|0.0001|0.0000|-0.1039|0.0004||0.01|1|0.00|0
GME211203P00420000||||||46||||0|0|0|-1.0000|0.0000|-0.0115|0.0013|0.0000||248.90|15|244.85|16
GME211203C00430000||||0.03|0.03|47|0.00|0.0000|0|70|0|0|0.0030|0.0002|0.0000|-0.2469|0.0008||0.02|100|0.00|0
GME211203P00430000||||||47||||0|0|0|-1.0000|0.0000|-0.0118|0.0013|0.0000||259.60|12|254.85|12
GME211203C00440000||||0.08|0.08|48|0.00|0.0000|1|71|0|0|0.0076|0.0003|0.0000|-0.6490|0.0019||0.01|4|0.00|0
GME211203P00440000||||||48||||0|0|0|-1.0000|0.0000|-0.0121|0.0014|0.0000||269.60|12|264.85|12
GME211203C00450000|0.01|0.01|0.01|0.01|0.01|49|0.00|0.0000|4|487|2|4|0.6607|0.0011|0.0363|-1.5189|0.2093||0.01|100|0.00|0
GME211203P00450000||||||49||||0|0|0|-1.0000|0.0000|-0.0123|0.0014|0.0000||279.60|12|274.85|12
GME211203C00460000||||0.01|0.01|50|0.00|0.0000|4|63|0|0|0.0012|0.0001|0.0000|-0.1024|0.0004||0.01|100|0.00|0
GME211203P00460000||||||50||||0|0|0|-1.0000|0.0000|-0.0126|0.0014|0.0000||289.60|12|284.85|12
GME211203C00470000||||0.01|0.01|51|0.00|0.0000|9|200|0|0|0.0011|0.0001|0.0000|-0.0997|0.0003||0.01|100|0.00|0
GME211203P00470000||||||51||||0|0|0|-1.0000|0.0000|-0.0258|0.0014|0.0000||299.60|12|294.85|12
GME211203C00480000||||0.06|0.06|52|0.00|0.0000|0|91|0|0|0.0047|0.0002|0.0000|-0.4330|0.0012||0.01|100|0.00|0
GME211203P00480000||||||52||||0|0|0|-1.0000|0.0000|-0.0132|0.0015|0.0000||309.60|12|304.85|26
GME211203C00490000|0.01|0.01|0.01|0.06|0.01|53|-0.05|-0.8333|0|250|1|10|0.6847|0.0010|0.0340|-1.5894|0.2032||0.01|100|0.00|0
GME211203P00490000||||||53||||0|0|0|-1.0000|0.0000|-0.0134|0.0015|0.0000||319.60|12|314.85|26
GME211203C00500000|0.01|0.02|0.01|0.03|0.02|54|-0.01|-0.3333|9|1379|20|37|0.0016|0.0001|0.0000|-0.1488|0.0005||0.02|300|0.00|0
GME211203P00500000||||||54||||0|0|0|-1.0000|0.0000|-0.0274|0.0015|0.0000||329.60|12|324.85|26
GME211203C00510000|0.01|0.01|0.01|0.02|0.01|55|-0.01|-0.5000|121|5819|4|102|0.0008|0.0001|0.0000|-0.0804|0.0003||0.01|132|0.00|0
GME211203P00510000||||||55||||0|0|0|-1.0000|0.0000|-0.0140|0.0016|0.0000||339.60|12|334.50|6
GME211210C00100000||||86.01|86.01|11|0.00|0.0000|0|1|0|0|0.8968|0.0005|0.0304|-0.6663|0.1108||75.90|11|72.10|12
GME211210P00100000|0.55|0.98|0.50|0.48|0.87|11|0.39|0.8125|29|239|1|158|-0.0310|0.0012|-0.0013|-0.2462|0.0180||0.98|13|0.85|1
GME211210C00110000||||76.13|76.13|10|0.00|0.0000|0|2|0|0|0.8398|0.0019|0.0146|-1.9121|0.0626||66.20|2|62.30|12
GME211210P00110000|0.58|1.22|0.54|0.60|1.05|10|0.45|0.7500|9|215|1|114|-0.0295|0.0015|-0.0012|-0.1893|0.0173||1.15|1|0.97|8
GME211210C00120000|56.97|56.97|56.97|76.03|56.97|9|-19.06|-0.2507|0|1|1|1|0.8620|0.0030|0.0197|-1.0084|0.0567||56.55|1|52.90|14
GME211210P00120000|0.97|1.61|0.75|1.00|1.50|9|0.50|0.5000|167|263|2|547|-0.0571|0.0026|-0.0024|-0.3174|0.0295||1.50|5|1.38|18
GME211210C00130000||||||8||||0|0|0|1.0000|0.0000|0.0285|-0.0004|0.0000||47.20|18|42.60|18
GME211210P00130000|1.50|2.25|1.28|1.45|2.15|8|0.70|0.4828|0|431|16|578|-0.0900|0.0039|-0.0043|-0.3717|0.0443||2.15|5|1.98|13
GME211210C00140000|36.10|36.10|36.10|56.44|36.10|7|-20.34|-0.3604|0|29|2|4|0.8241|0.0054|0.0228|-0.7749|0.0667||38.20|21|34.55|21
GME211210P00140000|1.89|3.50|1.89|2.18|3.30|7|1.12|0.5138|142|441|1|99|-0.1248|0.0057|-0.0053|-0.4601|0.0529||3.35|15|3.00|53
GME211210C00145000|30.25|30.25|30.25|30.25|30.25|6|0.00|0.0000||0|1|1|0.8178|0.0067|0.0239|-0.6552|0.0680||33.95|33|30.25|21
GME211210P00145000|2.92|4.50|2.92|2.80|4.00|6|1.20|0.4286||15|1|42|-0.1585|0.0069|-0.0067|-0.5273|0.0622||4.25|19|3.80|32
GME211210C00150000|30.00|31.00|25.20|34.20|27.79|5|-6.41|-0.1874|1|20|50|56|0.8185|0.0085|0.0252|-0.5136|0.0678||30.00|36|26.75|17
GME211210P00150000|3.30|6.05|3.30|3.50|5.02|5|1.52|0.4343|240|460|1|504|-0.1969|0.0082|-0.0084|-0.5858|0.0713||5.45|43|4.75|33
GME211210C00155000|25.10|25.10|23.00|58.70|23.00|4|-35.70|-0.6082|0|45|1|2|0.6907|0.0032|0.0151|-2.4394|0.0907||26.15|37|22.60|39
GME211210P00155000|4.27|6.90|4.27|4.65|6.40|4|1.75|0.3763|49|244|1|37|-0.2466|0.0094|-0.0106|-0.6646|0.0811||6.80|42|6.10|33
GME211210C00160000|25.52|25.52|18.78|29.75|21.00|3|-8.75|-0.2941|0|204|6|35|0.6764|0.0084|0.0205|-0.9617|0.0924||22.75|66|19.15|70
GME211210P00160000|5.47|9.10|5.47|5.80|8.00|3|2.20|0.3793|55|441|1|162|-0.2939|0.0104|-0.0127|-0.7107|0.0888||8.35|30|7.65|47
GME211210C00165000|21.90|21.90|18.92|21.75|18.92|2|-2.83|-0.1301|1|3|3|5|0.6304|0.0088|0.0193|-1.0094|0.0971||19.60|38|16.05|39
GME211210P00165000|7.22|11.25|7.22|7.35|10.20|2|2.85|0.3878|42|362|5|154|-0.3668|0.0048|-0.1131|-0.3205|0.2322||10.15|1|9.55|49
GME211210C00170000|17.07|17.07|12.81|20.20|15.10|1|-5.10|-0.2525|5|21|1|64|0.6076|0.0049|0.0922|-0.3257|0.2371||15.60|25|13.95|54
GME211210P00170000|8.15|13.47|8.15|9.07|12.45|1|3.38|0.3727|81|441|1|204|-0.4168|0.0121|-0.0183|-0.7856|0.1004||12.75|48|11.75|46
GME211210C00175000|17.95|17.95|11.00|17.18|12.50|1|-4.68|-0.2724|48|73|5|155|0.5213|0.0124|0.0172|-0.8001|0.1025||13.15|34|11.90|38
GME211210P00175000|10.83|16.50|9.85|10.95|14.50|1|3.55|0.3242|104|522|8|132|-0.4796|0.0126|-0.0212|-0.7848|0.1025||15.15|32|14.05|36
GME211210C00177500|11.55|12.00|10.00|15.85|12.00|2|-3.85|-0.2429||27|1|116|0.4907|0.0124|0.0162|-0.8008|0.1026||12.55|74|10.65|72
GME211210P00177500|10.66|17.25|10.66|12.55|16.35|2|3.80|0.3028||234|1|80|-0.4298|0.0050|-0.1358|-0.3323|0.2422||17.05|56|15.20|56
GME211210C00180000|15.00|16.00|8.78|14.20|9.95|3|-4.25|-0.2993|227|306|1|140|0.4625|0.0127|0.0155|-0.7766|0.1024||11.00|9|9.90|34
GME211210P00180000|13.51|19.40|11.89|13.30|17.33|3|4.03|0.3030|99|705|1|70|-0.5422|0.0127|-0.0242|-0.7765|0.1020||18.35|25|16.85|27
GME211210C00182500|11.05|11.05|8.10|13.40|10.10|4|-3.30|-0.2463||66|1|33|0.4309|0.0123|0.0144|-0.7875|0.1011||10.25|54|9.00|38
GME211210P00182500|13.50|21.30|13.50|15.15|18.95|4|3.80|0.2508||205|1|26|-0.5671|0.0121|-0.0256|-0.7992|0.1012||20.75|61|17.15|75
GME211210C00185000|12.65|12.65|7.20|12.66|8.80|5|-3.86|-0.3049|24|132|1|83|0.5355|0.0050|0.0834|-0.3409|0.2451||9.10|19|8.45|1
GME211210P00185000|15.65|21.60|13.50|16.25|20.38|5|4.13|0.2542|98|456|4|31|-0.5939|0.0121|-0.0269|-0.7739|0.1000||21.90|29|18.80|53
GME211210C00187500|11.40|11.40|6.76|11.44|7.17|6|-4.27|-0.3733|45|64|1|10|0.3870|0.0112|0.0129|-0.8211|0.0985||9.10|57|6.75|74
GME211210P00187500|23.89|24.95|23.89|17.83|24.95|6|7.12|0.3993|129|256|3|4|-0.6204|0.0118|-0.0283|-0.7661|0.0981||23.90|32|20.50|53
GME211210C00190000|11.00|11.00|6.05|10.60|7.28|7|-3.32|-0.3132|103|199|1|181|0.3520|0.0113|0.0119|-0.7602|0.0955||7.85|51|6.75|40
GME211210P00190000|19.20|26.50|18.05|19.55|25.55|7|6.00|0.3069|70|498|1|54|-0.6490|0.0114|-0.0298|-0.7551|0.0954||25.35|42|22.75|55
GME211210C00192500|10.00|10.00|5.75|10.00|7.00|8|-3.00|-0.3000|23|88|2|10|0.5037|0.0050|0.0789|-0.3482|0.2461||7.40|80|6.25|71
GME211210P00192500|20.34|20.34|20.34|21.35|20.34|8|-1.01|-0.0473|32|118|1|1|-0.4982|0.0050|-0.1636|-0.3439|0.2461||27.85|37|24.70|36
GME211210C00195000|8.25|9.15|5.10|8.91|6.10|9|-2.81|-0.3154|116|250|3|50|0.3033|0.0106|0.0103|-0.7185|0.0899||6.40|19|5.85|11
GME211210P00195000|22.27|30.00|22.27|22.88|28.23|9|5.35|0.2338|95|285|3|33|-0.6969|0.0106|-0.0325|-0.7171|0.0898||29.45|40|26.80|35
GME211210C00197500|7.69|7.69|4.85|8.26|5.25|10|-3.01|-0.3644|60|106|1|27|0.2869|0.0102|0.0098|-0.7087|0.0878||6.20|77|5.05|74
GME211210P00197500|24.10|24.10|24.10|24.48|24.10|10|-0.38|-0.0155|15|119|1|1|-0.7175|0.0103|-0.0336|-0.6911|0.0872||31.45|27|28.85|49
GME211210C00200000|7.56|7.56|4.05|7.25|5.20|11|-2.05|-0.2828|140|774|2|344|0.2593|0.0099|0.0089|-0.6600|0.0835||5.40|22|4.90|18
GME211210P00200000|24.90|33.83|24.90|26.33|32.24|11|5.91|0.2245|21|680|1|29|-0.7416|0.0098|-0.0350|-0.6643|0.0832||33.15|21|31.35|21
GME211210C00202500|6.70|6.70|4.11|8.00|4.95|12|-3.05|-0.3813|10|77|1|13|0.2628|0.0091|0.0089|-0.7347|0.0839||5.00|24|4.20|72
GME211210P00202500|32.05|34.10|32.05|27.95|33.56|12|5.61|0.2007|0|48|12|16|-0.7661|0.0094|-0.0364|-0.6215|0.0788||35.45|13|32.10|35
GME211210C00205000|6.00|6.00|3.71|5.85|4.40|13|-1.45|-0.2479|10|169|1|35|0.2120|0.0090|0.0073|-0.5837|0.0745||4.60|22|4.15|19
GME211210P00205000|31.96|38.30|31.96|30.85|38.30|13|7.45|0.2415|-1|176|1|2|-0.7469|0.0086|-0.0410|-0.6609|0.0873||37.60|14|34.50|37
GME211210C00207500|3.99|3.99|3.62|5.72|3.95|14|-1.77|-0.3094|10|78|1|13|0.2038|0.0085|0.0070|-0.5906|0.0728||4.30|29|3.70|56
GME211210P00207500|40.40|40.40|39.38|31.10|39.38|14|8.28|0.2662|2|20|1|2|-0.8184|0.0085|-0.0392|-0.5092|0.0679||39.55|18|36.65|24
GME211210C00210000|5.15|5.30|3.20|5.15|4.00|15|-1.15|-0.2233|27|336|1|152|0.1857|0.0080|0.0064|-0.5563|0.0688||3.95|11|3.45|42
GME211210P00210000|33.23|42.30|31.95|34.54|41.12|15|6.58|0.1905|7|112|1|6|-0.8006|0.0080|-0.0392|-0.6084|0.0719||42.05|17|38.80|24
GME211210C00212500|3.50|3.50|3.02|5.00|3.02|16|-1.98|-0.3960|-3|80|1|18|0.1779|0.0076|0.0061|-0.5573|0.0670||3.90|54|3.10|61
GME211210P00212500||||37.87|37.87|16|0.00|0.0000|-1|37|0|0|-0.7876|0.0075|-0.0394|-0.6975|0.0746||44.55|13|41.05|19
GME211210C00215000|4.05|4.05|2.80|4.43|3.35|17|-1.08|-0.2438|1|166|1|41|0.1601|0.0072|0.0055|-0.5159|0.0626||3.50|32|3.00|29
GME211210P00215000|48.00|48.00|43.60|37.79|43.60|17|5.81|0.1537|-2|32|3|4|-0.8485|0.0071|-0.0419|-0.4822|0.0604||46.60|23|43.05|22
GME211210C00217500|3.25|3.25|2.68|4.50|3.07|18|-1.43|-0.3178|0|30|4|13|0.1585|0.0068|0.0054|-0.5349|0.0622||3.35|58|2.86|9
GME211210P00217500|49.60|49.60|49.60|42.15|49.60|18|7.45|0.1767|2|27|10|10|-0.8275|0.0069|-0.0418|-0.5920|0.0657||49.10|18|45.55|15
GME211210C00220000|3.70|3.70|2.45|3.90|2.81|19|-1.09|-0.2795|12|413|1|75|0.1429|0.0065|0.0049|-0.4918|0.0582||3.00|9|2.69|5
GME211210P00220000|45.07|51.65|45.07|42.22|50.75|19|8.53|0.2020|1|156|2|11|-0.8469|0.0065|-0.0430|-0.5366|0.0608||51.50|13|47.60|28
GME211210C00222500|2.35|2.67|2.35|3.65|2.55|20|-1.10|-0.3014|25|88|1|8|0.3947|0.0046|0.0634|-0.3529|0.2374||2.91|28|2.51|24
GME211210P00222500|42.95|42.95|42.95|46.97|42.95|20|-4.02|-0.0856|-7|38|1|1|-0.8195|0.0063|-0.0427|-0.6827|0.0676||54.00|20|50.05|21
GME211210C00225000|3.10|3.10|2.15|3.45|2.53|21|-0.92|-0.2667|14|348|1|37|0.1529|0.0060|0.0052|-0.5825|0.0607||2.74|32|2.34|49
GME211210P00225000|51.00|58.60|51.00|47.35|55.30|21|7.95|0.1679|1|462|1|16|-0.8686|0.0058|-0.0448|-0.4876|0.0548||56.50|36|52.35|41
GME211210C00227500|2.74|2.74|2.10|3.35|2.10|22|-1.25|-0.3731|1|24|1|3|0.1208|0.0055|0.0042|-0.4583|0.0518||2.59|28|2.19|64
GME211210P00227500||||34.06|34.06|22|0.00|0.0000|0|35|0|0|-0.9984|0.0003|-0.0498|-0.0043|0.0013||58.90|18|54.80|22
GME211210C00230000|2.73|2.75|1.99|3.09|2.30|23|-0.79|-0.2557|2|395|1|142|0.1259|0.0053|0.0048|-0.4456|0.0565||2.41|12|2.13|13
GME211210P00230000|57.60|57.60|57.60|41.51|57.60|23|16.09|0.3876|0|38|2|2|-0.6803|0.0050|-0.2352|-0.2794|0.2205||61.30|15|57.15|23
GME211210C00232500|2.40|2.58|1.99|2.69|1.99|24|-0.70|-0.2602|3|33|1|6|0.1414|0.0053|0.0048|-0.5927|0.0576||2.32|27|2.02|29
GME211210P00232500||||56.09|56.09|24|0.00|0.0000|-5|6|0|0|-0.8450|0.0054|-0.0457|-0.6559|0.0614||63.75|14|59.55|23
GME211210C00235000|2.43|2.46|1.92|2.78|2.16|25|-0.62|-0.2230|-4|898|1|22|0.3722|0.0042|0.0591|-0.3692|0.2333||2.32|62|1.96|10
GME211210P00235000|61.85|67.00|61.85|58.42|65.99|25|7.57|0.1296|-1|35|7|10|-0.8529|0.0052|-0.0466|-0.6402|0.0592||66.15|20|61.90|21
GME211210C00237500|2.01|2.01|2.01|2.69|2.01|26|-0.68|-0.2528|1|19|1|1|0.1557|0.0051|0.0052|-0.7063|0.0615||2.28|62|1.71|85
GME211210P00237500|64.40|68.49|64.40|48.03|68.49|26|20.46|0.4260|0|25|7|8|-0.9549|0.0031|-0.0505|-0.1801|0.0244||68.55|15|64.25|19
GME211210C00240000|2.31|2.47|1.61|2.92|1.89|27|-1.03|-0.3527|-13|317|1|31|0.0985|0.0043|0.0034|-0.4334|0.0446||1.98|27|1.76|37
GME211210P00240000||||58.15|58.15|27|0.00|0.0000|1|34|0|0|-0.9366|0.0036|-0.0504|-0.2676|0.0320||71.15|27|66.65|24
GME211210C00245000|2.10|2.10|1.46|2.20|1.75|28|-0.45|-0.2045|-6|166|1|10|0.0768|0.0037|0.0027|-0.3496|0.0371||1.86|28|1.62|31
GME211210P00245000||||50.19|50.19|28|0.00|0.0000|0|23|0|0|-0.9962|0.0005|-0.0536|-0.0146|0.0029||76.00|20|71.40|17
GME211210C00250000|1.90|2.02|1.42|2.01|1.57|29|-0.44|-0.2189|110|2300|1|105|0.0707|0.0034|0.0024|-0.3359|0.0349||1.66|2|1.52|1
GME211210P00250000||||60.35|60.35|29|0.00|0.0000|0|15|0|0|-0.9914|0.0009|-0.0545|-0.0366|0.0060||80.75|21|76.10|13
GME211210C00255000|1.55|1.55|1.44|2.02|1.50|30|-0.52|-0.2574|-4|61|1|3|0.0995|0.0037|0.0034|-0.5134|0.0450||1.63|18|1.34|38
GME211210P00255000||||40.40|40.40|30|0.00|0.0000|0|5|0|0|-0.9998|0.0000|-0.0559|0.0000|0.0002||85.70|21|81.10|14
GME211210C00260000|1.79|1.79|1.20|1.73|1.50|31|-0.23|-0.1329|38|974|2|22|0.0583|0.0028|0.0020|-0.3019|0.0300||1.63|56|1.34|15
GME211210P00260000||||69.85|69.85|31|0.00|0.0000|0|22|0|0|-0.9908|0.0009|-0.0567|-0.0435|0.0064||90.65|22|85.75|17
GME211210C00270000|1.31|1.31|1.15|1.60|1.25|32|-0.35|-0.2188|-27|193|1|35|0.0532|0.0025|0.0018|-0.2972|0.0279||1.37|28|1.20|1
GME211210P00270000||||75.18|75.18|32|0.00|0.0000|0|14|0|0|-0.9654|0.0019|-0.0580|-0.1888|0.0197||100.55|20|95.75|7
GME211210C00280000|1.00|1.17|1.00|1.40|1.17|33|-0.23|-0.1643|16|242|1|13|0.0715|0.0027|0.0024|-0.4386|0.0351||1.37|24|1.02|54
GME211210P00280000||||84.53|84.53|33|0.00|0.0000|0|1|0|0|-0.9731|0.0015|-0.0604|-0.1564|0.0160||110.45|15|105.45|5
GME211210C00290000|1.16|1.16|0.93|1.25|0.99|34|-0.26|-0.2080|21|171|1|12|0.0612|0.0023|0.0021|-0.3963|0.0312||1.11|5|0.95|31
GME211210P00290000||||82.25|82.25|34|0.00|0.0000|0|7|0|0|-0.9988|0.0001|-0.0635|-0.0059|0.0010||120.35|21|115.45|14
GME211210C00300000|1.20|1.20|0.80|1.11|1.00|35|-0.11|-0.0991|43|919|1|309|0.0342|0.0016|0.0012|-0.2291|0.0195||1.00|45|0.89|8
GME211210P00300000||||76.00|76.00|35|0.00|0.0000|0|14|0|0|-0.9999|0.0000|-0.0657|0.0002|0.0001||130.25|13|125.25|20
GME211210C00310000|0.84|0.90|0.76|0.95|0.90|36|-0.05|-0.0526|108|264|1|5|0.0498|0.0018|0.0017|-0.3580|0.0265||0.98|6|0.84|9
GME211210P00310000||||83.61|83.61|36|0.00|0.0000|0|4|0|0|-0.9998|0.0000|-0.0679|-0.0003|0.0002||140.25|7|135.25|13
GME211210C00320000||||0.93|0.93|37|0.00|0.0000|2|276|0|0|0.0276|0.0012|0.0009|-0.2035|0.0163||0.98|17|0.75|35
GME211210P00320000||||89.47|89.47|37|0.00|0.0000|0|3|0|0|-0.9492|0.0018|-0.3935|-0.0656|0.0644||150.05|6|145.20|16
GME211210C00330000|0.87|0.87|0.87|0.72|0.87|38|0.15|0.2083|-17|246|1|1|0.0562|0.0018|0.0021|-0.3963|0.0309||0.97|30|0.70|27
GME211210P00330000||||||38||||0|0|0|-1.0000|0.0000|-0.0723|0.0011|0.0000||159.95|12|155.15|12
GME211210C00340000|0.75|0.78|0.66|0.75|0.78|39|0.03|0.0400|-1|87|10|37|0.0526|0.0017|0.0019|-0.3852|0.0293||0.85|13|0.70|5
GME211210P00340000||||||39||||0|0|0|-1.0000|0.0000|-0.0745|0.0011|0.0000||169.95|4|165.15|19
GME211210C00350000|0.49|0.78|0.49|0.69|0.67|40|-0.02|-0.0290|49|437|1|90|0.0357|0.0013|0.0012|-0.3015|0.0202||0.75|3|0.67|9
GME211210P00350000||||||40||||0|0|0|-1.0000|0.0000|-0.0767|0.0011|0.0000||179.95|3|175.15|12
GME211210C00360000|0.55|0.65|0.55|0.61|0.65|41|0.04|0.0656|-2|85|1|4|0.0340|0.0012|0.0011|-0.2974|0.0194||0.72|4|0.52|47
GME211210P00360000||||||41||||0|0|0|-1.0000|0.0000|-0.4536|0.0012|0.0000||189.75|12|185.15|21
GME211210C00370000|0.50|0.55|0.50|0.75|0.55|42|-0.20|-0.2667|0|21|5|8|0.0298|0.0011|0.0010|-0.2685|0.0174||0.68|5|0.52|32
GME211210P00370000||||||42||||0|0|0|-1.0000|0.0000|-0.0811|0.0012|0.0000||199.75|12|195.20|10
GME211210C00380000|0.54|0.54|0.54|0.54|0.54|43|0.00|0.0000|-1|50|1|1|0.0287|0.0010|0.0010|-0.2667|0.0169||0.66|17|0.52|11
GME211210P00380000||||||43||||0|0|0|-1.0000|0.0000|-0.0833|0.0012|0.0000||209.55|4|205.20|12
GME211210C00390000|0.40|0.58|0.40|0.49|0.52|44|0.03|0.0612|5|52|8|15|0.0297|0.0010|0.0010|-0.2848|0.0174||0.65|20|0.47|33
GME211210P00390000||||||44||||0|0|0|-1.0000|0.0000|-0.4914|0.0013|0.0000||219.55|7|215.20|12
GME211210C00400000|0.40|0.70|0.37|0.45|0.52|45|0.07|0.1556|-6|420|1|158|0.0282|0.0009|0.0009|-0.2781|0.0166||0.63|22|0.45|7
GME211210P00400000||||||45||||0|0|0|-1.0000|0.0000|-0.0877|0.0013|0.0000||229.55|5|225.15|12
GME211210C00410000|0.34|0.50|0.34|0.44|0.40|46|-0.04|-0.0909|7|59|1|5|0.0260|0.0009|0.0009|-0.2628|0.0155||0.55|7|0.40|20
GME211210P00410000||||||46||||0|0|0|-1.0000|0.0000|-0.1011|0.0013|0.0000||239.50|5|235.15|12
GME211210C00420000|0.31|0.55|0.31|0.40|0.49|47|0.09|0.2250|2|171|1|8|0.0231|0.0008|0.0008|-0.2387|0.0141||0.46|5|0.40|7
GME211210P00420000||||||47||||0|0|0|-1.0000|0.0000|-0.0921|0.0014|0.0000||249.25|12|245.15|19
GME211210C00430000|0.41|0.41|0.41|0.40|0.41|48|0.01|0.0250|262|304|1|1|0.0208|0.0007|0.0007|-0.2198|0.0129||0.55|10|0.29|26
GME211210P00430000||||||48||||0|0|0|-1.0000|0.0000|-0.5418|0.0014|0.0000||260.25|10|255.25|12
GME211210C00440000|0.23|0.45|0.23|0.36|0.42|49|0.06|0.1667|34|67|1|3|0.0245|0.0008|0.0008|-0.2653|0.0148||0.50|2|0.29|32
GME211210P00440000||||||49||||0|0|0|-1.0000|0.0000|-0.0964|0.0014|0.0000||270.20|10|265.25|12
GME211210C00450000|0.38|0.38|0.33|0.37|0.33|50|-0.04|-0.1081|190|288|1|3|0.0170|0.0006|0.0006|-0.1878|0.0109||0.51|2|0.29|26
GME211210P00450000||||||50||||0|0|0|-1.0000|0.0000|-0.0986|0.0015|0.0000||280.15|10|274.75|4
GME211210C00460000|0.33|0.41|0.31|0.27|0.36|51|0.09|0.3333|0|18|1|26|0.0106|0.0004|0.0004|-0.1050|0.0076||0.53|13|0.29|20
GME211210P00460000||||||51||||0|0|0|-1.0000|0.0000|-0.1008|0.0015|0.0000||290.10|10|284.75|4
GME211210C00470000|0.39|0.39|0.39|0.22|0.39|52|0.17|0.7727|7|22|1|1|0.0288|0.0008|0.0010|-0.2967|0.0180||0.49|15|0.29|7
GME211210P00470000||||||52||||0|0|0|-1.0000|0.0000|-0.5922|0.0015|0.0000||300.00|12|294.75|2
GME211210C00480000|0.26|0.46|0.26|0.25|0.46|53|0.21|0.8400|1|33|9|13|0.0210|0.0006|0.0007|-0.2462|0.0130||0.49|17|0.29|9
GME211210P00480000||||||53||||0|0|0|-1.0000|0.0000|-0.1052|0.0016|0.0000||309.95|12|304.75|5
GME211210C00490000|0.47|0.47|0.40|0.24|0.40|54|0.16|0.6667|2|93|2|4|0.0092|0.0004|0.0003|-0.0974|0.0068||0.49|15|0.25|17
GME211210P00490000||||||54||||0|0|0|-1.0000|0.0000|-0.1074|0.0016|0.0000||319.95|4|314.75|4
GME211210C00500000|0.33|0.48|0.22|0.26|0.48|55|0.22|0.8462|-6|850|1|312|0.0211|0.0006|0.0007|-0.2567|0.0130||0.47|15|0.25|6
GME211210P00500000||||||55||||0|0|0|-1.0000|0.0000|-0.1096|0.0016|0.0000||329.90|12|324.75|5
GME211210C00510000|0.27|0.43|0.18|0.18|0.34|56|0.16|0.8889|1|2026|1|271|0.0162|0.0005|0.0005|-0.1996|0.0104||0.33|1|0.29|11
GME211210P00510000||||||56||||0|0|0|-1.0000|0.0000|-0.1118|0.0017|0.0000||339.90|4|334.70|3
GME211217C00080000||||94.56|94.56|18|0.00|0.0000|1|2|0|0|0.9340|0.0011|0.0281|-0.4598|0.0467||95.35|6|92.00|12
GME211217P00080000|0.50|0.72|0.50|0.35|0.63|18|0.28|0.8000|1|350|8|78|-0.0756|0.0011|-0.0280|-0.1718|0.0949||0.85|20|0.63|3
GME211217C00085000||||95.85|95.85|17|0.00|0.0000|0|1|0|0|0.9652|0.0010|0.0340|-0.1884|0.0280||90.50|3|86.00|12
GME211217P00085000|0.50|0.58|0.40|0.43|0.58|17|0.15|0.3488|-1|121|1|8|-0.0171|0.0007|-0.0014|-0.0910|0.0150||0.96|14|0.65|31
GME211217C00090000||||137.00|137.00|16|0.00|0.0000|0|4|0|0|0.8988|0.0006|0.0114|-1.7599|0.0644||85.70|8|82.00|12
GME211217P00090000|0.62|0.62|0.62|0.53|0.62|16|0.09|0.1698|2|68|8|8|-0.0191|0.0008|-0.0016|-0.0936|0.0164||1.67|71|0.57|81
GME211217C00100000||||79.69|79.69|15|0.00|0.0000|1|50|0|0|0.9983|0.0002|0.0410|-0.0064|0.0019||76.05|10|72.45|16
GME211217P00100000|0.71|1.23|0.68|0.76|1.13|15|0.37|0.4868|-205|664|3|381|-0.0019|0.0002|-0.0001|-0.0071|0.0022||1.19|5|1.11|1
GME211217C00105000||||66.05|66.05|14|0.00|0.0000|0|1|0|0|0.9968|0.0003|0.0429|-0.0112|0.0034||71.30|12|66.30|10
GME211217P00105000|1.00|1.00|0.85|0.86|0.95|14|0.09|0.1047|51|140|1|7|-0.0032|0.0003|-0.0002|-0.0109|0.0034||1.82|72|0.95|91
GME211217C00110000||||73.25|73.25|13|0.00|0.0000|0|1|0|0|0.9948|0.0005|0.0448|-0.0165|0.0053||66.55|4|62.80|13
GME211217P00110000|0.35|1.50|0.35|1.02|1.48|13|0.46|0.4510|-21|354|1|34|-0.0077|0.0006|-0.0006|-0.0226|0.0077||1.64|14|1.31|44
GME211217C00115000||||112.11|112.11|12|0.00|0.0000|0|2|0|0|0.9914|0.0007|0.0466|-0.0247|0.0082||61.70|18|58.05|13
GME211217P00115000|1.17|1.87|1.15|1.21|1.61|12|0.40|0.3306|14|162|4|33|-0.0108|0.0009|-0.0008|-0.0311|0.0101||2.01|63|1.58|43
GME211217C00120000||||64.15|64.15|11|0.00|0.0000|0|51|0|0|0.8987|0.0030|0.1440|-0.0975|0.1173||57.15|1|53.45|14
GME211217P00120000|1.56|2.01|1.56|1.39|2.01|11|0.62|0.4460|5|158|1|4|-0.0186|0.0014|-0.0014|-0.0490|0.0160||2.35|49|1.86|50
GME211217C00125000||||79.68|79.68|10|0.00|0.0000|0|35|0|0|0.8732|0.0035|0.1432|-0.1158|0.1376||52.50|18|48.95|14
GME211217P00125000|2.35|2.43|1.80|1.88|2.43|10|0.55|0.2926|2|207|1|6|-0.0355|0.0023|-0.0029|-0.0817|0.0284||2.66|32|2.23|53
GME211217C00130000||||55.70|55.70|9|0.00|0.0000|0|10|0|0|0.9571|0.0029|0.0501|-0.0945|0.0321||48.15|21|44.50|4
GME211217P00130000|2.09|3.20|2.05|2.21|3.00|9|0.79|0.3575|11|206|2|40|-0.0483|0.0031|-0.0037|-0.1073|0.0353||3.15|15|2.81|15
GME211217C00135000||||90.47|90.47|8|0.00|0.0000|0|3|0|0|0.9332|0.0042|0.0503|-0.1345|0.0456||43.75|24|40.15|13
GME211217P00135000|3.25|3.95|3.25|2.72|3.85|8|1.13|0.4154|9|149|1|22|-0.0706|0.0043|-0.0055|-0.1430|0.0476||4.05|55|3.30|63
GME211217C00140000|39.35|39.35|34.60|44.07|34.60|7|-9.47|-0.2149|2|148|1|2|0.9054|0.0055|0.0502|-0.1724|0.0593||39.60|21|36.00|13
GME211217P00140000|3.32|4.58|3.32|3.50|4.58|7|1.08|0.3086|264|813|1|19|-0.1076|0.0056|-0.0090|-0.1894|0.0673||4.75|13|4.05|60
GME211217C00145000||||96.94|96.94|6|0.00|0.0000|0|57|0|0|0.8687|0.0069|0.0493|-0.2202|0.0752||35.65|30|32.05|45
GME211217P00145000|5.49|5.49|5.49|4.02|5.49|6|1.47|0.3657|23|234|1|1|-0.1389|0.0069|-0.0110|-0.2371|0.0782||6.20|65|5.15|51
GME211217C00150000|32.04|32.04|28.37|35.91|30.00|5|-5.91|-0.1646|0|71|2|27|0.8222|0.0084|0.0476|-0.2710|0.0919||31.45|57|28.60|68
GME211217P00150000|4.30|7.45|4.15|5.05|7.10|5|2.05|0.4059|223|1842|2|93|-0.1863|0.0084|-0.0148|-0.2853|0.0944||7.75|75|6.75|29
GME211217C00155000|28.00|28.00|24.50|30.10|24.50|4|-5.60|-0.1860|1|12|1|3|0.7675|0.0099|0.0452|-0.3151|0.1076||28.55|57|25.00|34
GME211217P00155000|5.75|9.20|5.75|6.54|9.00|4|2.46|0.3761|0|308|4|154|-0.2419|0.0095|-0.0207|-0.3193|0.1136||9.50|81|8.05|100
GME211217C00160000|26.47|26.47|21.08|29.27|22.80|3|-6.47|-0.2210|-1|96|4|38|0.7106|0.0111|0.0426|-0.3502|0.1205||25.35|74|21.70|94
GME211217P00160000|7.30|11.40|7.30|7.75|10.63|3|2.88|0.3716|390|1040|1|69|-0.2975|0.0106|-0.0257|-0.3543|0.1260||11.00|46|9.90|89
GME211217C00165000|20.00|20.70|20.00|24.60|20.70|2|-3.90|-0.1585|0|82|1|2|0.6472|0.0119|0.0392|-0.3860|0.1308||22.45|75|18.80|91
GME211217P00165000|8.93|13.40|8.93|9.77|13.40|2|3.63|0.3715|3|310|1|8|-0.3547|0.0116|-0.0288|-0.3964|0.1311||13.80|79|11.90|89
GME211217C00170000|19.90|19.90|16.00|23.22|17.15|1|-6.07|-0.2614|0|117|2|31|0.5929|0.0065|0.1129|-0.2174|0.2569||19.25|42|16.90|61
GME211217P00170000|11.88|16.35|11.70|11.75|15.40|1|3.65|0.3106|-17|1066|1|33|-0.4167|0.0121|-0.0343|-0.4208|0.1374||15.40|32|14.05|131
GME211217C00175000|17.40|17.40|14.05|20.50|15.50|1|-5.00|-0.2439|-5|183|2|46|0.5200|0.0127|0.0322|-0.4160|0.1403||16.85|52|14.75|84
GME211217P00175000|13.36|19.20|13.36|14.33|18.00|1|3.67|0.2561|17|720|1|326|-0.4784|0.0123|-0.0397|-0.4283|0.1403||18.30|38|16.80|63
GME211217C00180000|14.00|14.45|11.96|17.98|12.70|2|-5.28|-0.2937|-23|442|1|13|0.4582|0.0126|0.0287|-0.4159|0.1397||15.20|111|11.90|119
GME211217P00180000|15.88|22.00|15.88|17.10|20.60|2|3.50|0.2047|12|1074|5|41|-0.5355|0.0120|-0.0482|-0.4125|0.1445||21.30|36|20.00|33
GME211217C00185000|15.60|15.60|10.40|15.00|11.62|3|-3.38|-0.2253|2|270|1|11|0.3996|0.0122|0.0252|-0.4068|0.1360||13.10|92|11.00|74
GME211217P00185000|22.25|24.46|22.25|19.25|24.46|3|5.21|0.2706|-14|255|1|3|-0.5972|0.0120|-0.0507|-0.4149|0.1363||25.55|60|21.85|82
GME211217C00187500|14.08|14.08|10.53|15.87|10.77|4|-5.10|-0.3214|0|39|1|3|0.5299|0.0048|0.0941|-0.3081|0.2634||12.05|60|9.75|63
GME211217P00187500||||19.77|19.77|4|0.00|0.0000|1|116|0|0|-0.7109|0.0160|-0.0579|-0.2436|0.1204||27.30|71|23.65|69
GME211217C00190000|13.45|13.45|8.80|13.83|10.55|5|-3.28|-0.2372|15|254|1|28|0.3456|0.0116|0.0219|-0.3908|0.1298||10.95|65|9.65|43
GME211217P00190000|20.42|29.00|20.42|22.61|28.20|5|5.59|0.2472|-4|446|2|20|-0.6493|0.0114|-0.0559|-0.4018|0.1306||29.05|54|25.40|64
GME211217C00192500|11.38|11.95|8.61|12.50|8.80|6|-3.70|-0.2960|2|30|3|7|0.3722|0.0094|0.0228|-0.5081|0.1332||10.45|58|8.95|12
GME211217P00192500||||24.00|24.00|6|0.00|0.0000|-1|111|0|0|-0.6268|0.0094|-0.0562|-0.5104|0.1334||30.90|70|27.05|68
GME211217C00195000|11.07|11.07|7.75|11.09|9.25|7|-1.84|-0.1659|-1|147|1|54|0.2975|0.0108|0.0190|-0.3710|0.1220||9.25|5|8.35|31
GME211217P00195000|27.94|30.80|27.94|25.45|30.80|7|5.35|0.2102|50|473|9|76|-0.6973|0.0106|-0.0609|-0.3812|0.1230||32.45|55|29.10|103
GME211217C00197500|9.62|9.62|7.50|10.80|7.95|8|-2.85|-0.2639|3|41|1|16|0.3313|0.0090|0.0204|-0.4874|0.1277||9.15|54|7.60|64
GME211217P00197500|32.65|34.08|32.65|27.65|34.08|8|6.43|0.2325|0|93|5|6|-0.5473|0.0057|-0.2002|-0.2598|0.2623||34.70|57|31.05|74
GME211217C00200000|9.90|9.90|6.70|10.05|7.90|9|-2.15|-0.2139|902|2001|1|371|0.2558|0.0099|0.0164|-0.3495|0.1133||8.20|28|7.25|50
GME211217P00200000|32.40|35.35|32.40|29.20|35.33|9|6.13|0.2099|-2|1919|1|9|-0.7379|0.0098|-0.0655|-0.3617|0.1147||36.05|19|33.00|67
GME211217C00202500|7.85|7.85|7.50|9.79|7.50|10|-2.29|-0.2339|18|36|3|4|0.3011|0.0084|0.0186|-0.4823|0.1227||8.05|56|6.70|84
GME211217P00202500|34.54|34.54|34.54|30.45|34.54|10|4.09|0.1343|1|117|1|1|-0.7091|0.0086|-0.0651|-0.4562|0.1207||38.10|36|35.00|60
GME211217C00205000|9.80|9.80|6.20|8.75|6.86|11|-1.89|-0.2160|-4|53|1|24|0.2778|0.0082|0.0173|-0.4548|0.1181||7.75|77|6.30|76
GME211217P00205000|36.55|39.63|36.55|33.98|39.63|11|5.65|0.1663|0|165|1|4|-0.6992|0.0079|-0.0658|-0.5130|0.1226||40.75|50|37.05|71
GME211217C00207500|6.15|6.15|6.15|8.90|6.15|12|-2.75|-0.3090|4|32|1|1|0.4392|0.0049|0.0811|-0.2987|0.2610||7.30|60|5.65|103
GME211217P00207500|41.74|41.74|41.74|21.30|41.74|12|20.44|0.9596|0|181|34|34|-0.9873|0.0024|-0.0844|-0.0140|0.0116||42.85|40|39.15|55
GME211217C00210000|5.92|6.80|5.45|7.50|5.85|13|-1.65|-0.2200|-30|815|2|31|0.1798|0.0080|0.0116|-0.2850|0.0923||6.70|68|5.65|57
GME211217P00210000|45.16|45.16|45.16|36.95|45.16|13|8.21|0.2222|-11|215|10|20|-0.8149|0.0080|-0.0743|-0.2948|0.0940||45.00|40|41.25|58
GME211217C00212500|5.95|6.20|5.65|6.50|5.65|14|-0.85|-0.1308|0|22|1|4|0.2201|0.0075|0.0139|-0.3901|0.1043||6.45|63|5.25|61
GME211217P00212500||||42.25|42.25|14|0.00|0.0000|0|59|0|0|-0.5344|0.0041|-0.2280|-0.3603|0.2631||47.15|40|43.40|26
GME211217C00215000|6.25|6.25|4.40|6.90|5.20|15|-1.70|-0.2464|4|97|1|12|0.2238|0.0071|0.0140|-0.4190|0.1053||5.90|21|5.00|57
GME211217P00215000|49.03|49.03|46.65|42.25|48.24|15|5.99|0.1418|2|101|2|11|-0.5679|0.0045|-0.2341|-0.3240|0.2603||49.20|41|45.60|27
GME211217C00217500|4.80|5.10|4.80|7.20|5.10|16|-2.10|-0.2917|1|39|1|2|0.2282|0.0068|0.0142|-0.4472|0.1067||5.50|28|4.75|74
GME211217P00217500|50.51|50.51|50.50|47.80|50.50|16|2.70|0.0565|0|23|4|34|-0.6959|0.0061|-0.2528|-0.1892|0.2316||51.60|38|47.80|25
GME211217C00220000|5.35|5.49|4.20|6.50|5.00|17|-1.50|-0.2308|1|1903|1|19|0.1248|0.0062|0.0081|-0.2256|0.0724||5.10|22|4.65|5
GME211217P00220000|54.10|54.10|52.62|46.55|52.62|17|6.07|0.1304|1|446|1|21|-0.8678|0.0063|-0.0818|-0.2404|0.0754||53.90|38|50.05|54
GME211217C00222500||||6.60|6.60|18|0.00|0.0000|2|69|0|0|0.2066|0.0063|0.0128|-0.4312|0.1005||5.10|11|4.25|53
GME211217P00222500||||49.15|49.15|18|0.00|0.0000|11|21|0|0|-0.7665|0.0062|-0.0772|-0.5038|0.1079||56.10|16|52.30|27
GME211217C00225000|4.75|4.75|4.20|5.80|4.20|19|-1.60|-0.2759|-7|98|15|20|0.1900|0.0061|0.0119|-0.4016|0.0958||5.00|52|4.15|36
GME211217P00225000||||49.64|49.64|19|0.00|0.0000|-1|30|0|0|-0.8050|0.0061|-0.0803|-0.4163|0.0971||58.45|23|54.60|14
GME211217C00227500||||5.60|5.60|20|0.00|0.0000|0|8|0|0|0.1804|0.0059|0.0113|-0.3934|0.0926||4.75|15|3.90|23
GME211217P00227500||||51.86|51.86|20|0.00|0.0000|0|60|0|0|-0.8028|0.0059|-0.0867|-0.4106|0.1010||60.75|21|56.85|21
GME211217C00230000|6.00|6.00|3.83|5.09|3.90|21|-1.19|-0.2338|11|442|1|43|0.0898|0.0048|0.0059|-0.1830|0.0571||4.40|34|3.90|1
GME211217P00230000||||54.21|54.21|21|0.00|0.0000|1|64|0|0|-0.8978|0.0050|-0.0937|-0.1972|0.0648||63.05|19|59.15|21
GME211217C00232500|4.35|4.35|3.80|4.45|3.80|22|-0.65|-0.1461|0|80|1|2|0.1503|0.0054|0.0095|-0.3394|0.0822||4.30|39|3.40|90
GME211217P00232500||||53.30|53.30|22|0.00|0.0000|0|19|0|0|-0.8951|0.0049|-0.0888|-0.2245|0.0640||65.45|21|61.45|20
GME211217C00235000|4.25|4.25|4.25|5.14|4.25|23|-0.89|-0.1732|0|74|1|1|0.1632|0.0052|0.0102|-0.3861|0.0868||4.00|5|3.15|85
GME211217P00235000||||54.70|54.70|23|0.00|0.0000|0|60|0|0|-0.7372|0.0051|-0.2873|-0.1964|0.2159||67.80|21|63.55|53
GME211217C00240000|3.80|3.80|3.21|4.35|3.50|24|-0.85|-0.1954|48|356|3|27|0.0623|0.0036|0.0041|-0.1398|0.0433||3.90|32|3.05|122
GME211217P00240000||||65.50|65.50|24|0.00|0.0000|0|54|0|0|-0.9331|0.0037|-0.0942|-0.1507|0.0456||72.55|11|68.45|16
GME211217C00245000|3.25|3.40|3.17|3.98|3.20|25|-0.78|-0.1960|143|230|1|4|0.3388|0.0041|0.0629|-0.3070|0.2423||3.90|106|3.00|76
GME211217P00245000||||71.40|71.40|25|0.00|0.0000|-2|47|0|0|-0.7929|0.0047|-0.0884|-0.5740|0.1007||77.35|8|73.15|15
GME211217C00250000|4.20|4.20|2.88|3.70|3.06|26|-0.64|-0.1730|-24|1145|1|96|0.0421|0.0026|0.0028|-0.1037|0.0316||3.30|11|3.00|3
GME211217P00250000|84.85|84.85|84.85|73.53|84.85|26|11.32|0.1540|0|56|1|1|-0.9544|0.0027|-0.0997|-0.1120|0.0338||82.15|12|77.90|24
GME211217C00255000|2.84|3.05|2.84|3.60|2.95|27|-0.65|-0.1806|0|355|1|5|0.1153|0.0039|0.0072|-0.3221|0.0685||3.00|1|2.74|64
GME211217P00255000||||39.75|39.75|27|0.00|0.0000|0|5|0|0|-0.9997|0.0001|-0.1048|0.0002|0.0004||87.05|13|82.70|23
GME211217C00260000|2.55|2.94|2.55|3.40|2.94|28|-0.46|-0.1353|3|519|1|3|0.0287|0.0019|0.0019|-0.0765|0.0231||3.15|12|2.64|19
GME211217P00260000|90.26|90.26|90.26|78.20|90.26|28|12.06|0.1542|0|21|1|1|-0.9686|0.0020|-0.1048|-0.0833|0.0249||91.90|9|87.50|21
GME211217C00270000|2.41|2.41|2.41|2.82|2.41|29|-0.41|-0.1454|34|575|1|1|0.0207|0.0014|0.0014|-0.0595|0.0176||2.88|11|2.23|100
GME211217P00270000||||65.35|65.35|29|0.00|0.0000|0|49|0|0|-0.9725|0.0017|-0.1164|-0.0738|0.0230||101.65|20|96.90|54
GME211217C00280000|2.50|2.50|2.32|2.63|2.32|30|-0.31|-0.1179|-3|2029|1|3|0.1574|0.0035|0.0327|-0.1564|0.1593||2.64|14|2.20|30
GME211217P00280000||||91.00|91.00|30|0.00|0.0000|0|10|0|0|-0.9824|0.0012|-0.1139|-0.0531|0.0153||111.55|21|106.85|20
GME211217C00290000|2.00|2.20|2.00|2.57|2.20|31|-0.37|-0.1440|1|523|2|3|0.1436|0.0032|0.0299|-0.1502|0.1499||2.44|38|2.00|49
GME211217P00290000||||68.50|68.50|31|0.00|0.0000|0|25|0|0|-0.9852|0.0010|-0.1182|-0.0473|0.0133||121.45|20|116.45|19
GME211217C00300000|2.05|2.32|1.84|2.15|2.11|32|-0.04|-0.0186|560|5707|10|137|0.1302|0.0030|0.0271|-0.1425|0.1402||2.24|16|2.00|1
GME211217P00300000|126.50|126.50|126.50|125.00|126.50|32|1.50|0.0120|0|20|1|1|-0.9881|0.0008|-0.1307|-0.0378|0.0113||131.45|18|126.45|10
GME211217C00310000|1.80|1.80|1.80|2.03|1.80|33|-0.23|-0.1133|-2|367|1|1|0.0060|0.0004|0.0004|-0.0216|0.0060||2.14|13|1.80|16
GME211217P00310000||||102.75|102.75|33|0.00|0.0000|0|3|0|0|-0.8737|0.0028|-0.4239|-0.1440|0.1373||141.25|18|136.10|11
GME211217C00320000|1.78|1.87|1.78|1.73|1.87|34|0.14|0.0809|41|448|1|4|0.0045|0.0003|0.0003|-0.0173|0.0047||2.00|21|1.71|15
GME211217P00320000||||96.00|96.00|34|0.00|0.0000|0|17|0|0|-0.9943|0.0004|-0.1311|-0.0205|0.0057||151.25|20|146.10|21
GME211217C00330000|1.74|1.74|1.74|1.75|1.74|35|-0.01|-0.0057|0|213|1|1|0.1005|0.0024|0.0210|-0.1240|0.1166||1.88|41|1.49|70
GME211217P00330000||||159.50|159.50|35|0.00|0.0000|0|3|0|0|-0.9956|0.0003|-0.1353|-0.0162|0.0045||161.10|21|155.75|15
GME211217C00340000|1.51|1.51|1.51|1.60|1.51|36|-0.09|-0.0563|0|232|1|1|0.0028|0.0002|0.0002|-0.0117|0.0031||1.73|8|1.46|73
GME211217P00340000||||126.85|126.85|36|0.00|0.0000|0|7|0|0|-0.9963|0.0003|-0.1395|-0.0140|0.0039||171.10|20|165.65|18
GME211217C00350000|1.50|1.51|1.30|1.40|1.48|37|0.08|0.0571|23|1013|3|33|0.0031|0.0002|0.0002|-0.0126|0.0034||1.71|51|1.46|11
GME211217P00350000||||133.85|133.85|37|0.00|0.0000|0|4|0|0|-0.9970|0.0002|-0.1436|-0.0119|0.0033||180.95|9|175.50|19
GME211217C00360000|1.30|1.43|1.25|1.37|1.43|38|0.06|0.0438|-4|304|1|12|0.0020|0.0002|0.0001|-0.0089|0.0022||1.55|18|1.30|50
GME211217P00360000||||||38|||0|0|0|0|-0.9976|0.0002|-0.1478|-0.0094|0.0026||190.85|16|185.40|22
GME211217C00370000|1.24|1.40|1.24|1.45|1.40|39|-0.05|-0.0345|0|447|3|13|0.0024|0.0002|0.0002|-0.0102|0.0027||1.53|55|1.25|40
GME211217P00370000||||172.65|172.65|39|0.00|0.0000|0|3|0|0|-0.9973|0.0002|-0.1620|-0.0107|0.0031||200.75|16|195.35|26
GME211217C00380000||||1.20|1.20|40|0.00|0.0000|-1|168|0|0|0.0015|0.0001|0.0001|-0.0072|0.0017||1.53|86|1.20|43
GME211217P00380000|208.83|208.83|208.83|165.60|208.83|40|43.23|0.2611|0|17|1|1|-0.9983|0.0001|-0.1560|-0.0067|0.0019||210.70|16|205.35|19
GME211217C00390000|1.18|1.18|1.18|1.18|1.18|41|0.00|0.0000|1|193|1|2|0.0013|0.0001|0.0001|-0.0064|0.0015||1.53|84|1.10|45
GME211217P00390000||||||41|||0|0|0|0|-0.9985|0.0001|-0.1602|-0.0059|0.0017||220.60|3|215.20|25
GME211217C00400000|1.12|1.20|0.90|1.08|1.20|42|0.12|0.1111|19|1185|40|98|0.0010|0.0001|0.0001|-0.0052|0.0012||1.20|10|1.08|20
GME211217P00400000||||198.90|198.90|42|0.00|0.0000|0|3|0|0|-0.9987|0.0001|-0.1643|-0.0054|0.0015||230.70|2|225.15|16
GME211217C00410000|0.90|1.00|0.90|1.00|0.99|43|-0.01|-0.0100|1|205|1|26|0.0009|0.0001|0.0001|-0.0047|0.0011||1.20|35|0.99|53
GME211217P00410000||||190.90|190.90|43|0.00|0.0000|0|3|0|0|-0.9987|0.0001|-0.1684|-0.0051|0.0015||240.45|12|235.40|12
GME211217C00420000|1.00|1.00|1.00|0.95|1.00|44|0.05|0.0526|3|542|5|10|0.0008|0.0001|0.0001|-0.0043|0.0010||1.20|85|0.99|4
GME211217P00420000||||189.85|189.85|44|0.00|0.0000|0|16|0|0|-0.9993|0.0001|-0.1725|-0.0022|0.0008||250.40|16|245.10|21
GME211217C00430000|0.99|0.99|0.97|0.97|0.97|45|0.00|0.0000|0|208|1|11|0.0006|0.0000|0.0000|-0.0035|0.0008||1.20|65|0.69|37
GME211217P00430000||||244.20|244.20|45|0.00|0.0000|0|0|0|0|-0.9394|0.0014|-0.6118|-0.0976|0.0795||260.40|12|255.10|12
GME211217C00440000||||1.15|1.15|46|0.00|0.0000|0|472|0|0|0.0005|0.0000|0.0000|-0.0031|0.0007||1.20|74|0.90|1
GME211217P00440000||||||46|||0|0|0|0|-0.9996|0.0000|-0.1808|-0.0009|0.0005||270.40|12|265.05|12
GME211217C00450000|0.60|0.75|0.60|0.79|0.75|47|-0.04|-0.0506|2|686|2|6|0.0004|0.0000|0.0000|-0.0024|0.0005||1.02|17|0.63|52
GME211217P00450000||||||47|||0|0|0|0|-0.9996|0.0000|-0.1849|-0.0007|0.0005||281.10|10|275.00|14
GME211217C00460000|0.74|0.89|0.74|0.76|0.89|48|0.13|0.1711|2|1138|8|25|0.0004|0.0000|0.0000|-0.0025|0.0005||1.02|31|0.80|15
GME211217P00460000||||261.60|261.60|48|0.00|0.0000|0|5|0|0|-0.9470|0.0012|-0.6569|-0.0903|0.0715||291.05|10|285.00|12
GME211217C00470000|0.65|0.65|0.65|0.78|0.65|49|-0.13|-0.1667|1|190|2|2|0.0315|0.0009|0.0019|-0.1948|0.0251||1.02|13|0.60|36
GME211217P00470000||||||49||||0|0|0|-1.0000|0.0000|-0.1931|0.0016|0.0000||300.95|4|295.20|12
GME211217C00480000||||0.60|0.60|50|0.00|0.0000|16|240|0|0|0.0289|0.0008|0.0017|-0.1818|0.0233||1.02|14|0.56|40
GME211217P00480000||||264.21|264.21|50|0.00|0.0000|0|7|0|0|-0.9841|0.0005|-0.1963|-0.0975|0.0140||310.95|10|305.20|12
GME211217C00490000|0.66|0.78|0.52|0.52|0.78|51|0.26|0.5000|8|105|6|12|0.0275|0.0008|0.0017|-0.1758|0.0223||1.02|43|0.54|33
GME211217P00490000||||274.04|274.04|51|0.00|0.0000|0|7|0|0|-0.9855|0.0005|-0.2005|-0.0905|0.0130||320.90|10|315.10|13
GME211217C00500000|0.70|0.80|0.60|0.50|0.63|52|0.13|0.2600|-47|2441|2|9|0.0140|0.0005|0.0009|-0.0904|0.0126||0.75|8|0.54|2
GME211217P00500000||||290.05|290.05|52|0.00|0.0000|0|7|0|0|-0.7717|0.0020|-0.6887|-0.4391|0.2002||330.85|10|325.10|12
GME211217C00510000|0.61|0.70|0.42|0.53|0.70|53|0.17|0.3208|25|1391|1|259|0.0254|0.0007|0.0015|-0.1679|0.0208||0.69|129|0.54|1
GME211217P00510000||||277.97|277.97|53|0.00|0.0000|0|0|0|0|-0.9957|0.0002|-0.2093|-0.0264|0.0045||340.80|10|335.25|12
GME211223C00100000||||80.77|80.77|11|0.00|0.0000|0|14|0|0|0.8762|0.0017|0.0394|-0.5706|0.0852||76.25|8|72.10|15
GME211223P00100000|1.13|1.41|1.01|0.88|1.40|11|0.52|0.5909|8|124|1|26|-0.0412|0.0014|-0.0048|-0.1316|0.0370||1.65|13|1.25|2
GME211223C00110000||||||10||||0|0|0|1.0000|0.0000|0.0633|-0.0004|0.0000||66.80|18|62.15|17
GME211223P00110000|1.52|1.86|1.43|1.33|1.83|10|0.50|0.3759|9|37|2|19|-0.0486|0.0019|-0.0056|-0.1294|0.0423||2.17|14|1.63|1
GME211223C00120000||||103.35|103.35|9|0.00|0.0000|0|1|0|0|0.8311|0.0011|0.0232|-1.4395|0.1050||57.55|9|53.00|14
GME211223P00120000|2.80|2.80|2.61|1.15|2.61|9|1.46|1.2696|0|25|1|2|-0.0483|0.0024|-0.0056|-0.0951|0.0428||3.05|17|2.20|21
GME211223C00130000||||||8||||0|0|0|1.0000|0.0000|0.0784|-0.0005|0.0000||48.80|13|44.25|18
GME211223P00130000|3.71|3.71|3.64|2.69|3.64|8|0.95|0.3532|70|142|1|6|-0.0952|0.0040|-0.0107|-0.1710|0.0705||4.50|30|3.15|42
GME211223C00140000||||||7||||0|0|0|1.0000|0.0000|0.0805|-0.0005|0.0000||40.65|20|36.15|13
GME211223P00140000||||4.40|4.40|7|0.00|0.0000|2|42|0|0|-0.1505|0.0057|-0.0171|-0.2276|0.0974||7.20|30|4.75|18
GME211223C00145000||||||6||||0|0|0|1.0000|0.0000|0.0834|-0.0005|0.0000||36.95|12|32.40|14
GME211223P00145000||||||6||||0|0|0|0.0000|0.0000|0.0000|0.0000|0.0000||7.90|22|6.15|20
GME211223C00150000|28.10|28.10|28.10|55.90|28.10|5|-27.80|-0.4973|0|4|14|17|0.7154|0.0026|0.0390|-0.9948|0.1447||33.45|13|29.60|11
GME211223P00150000|6.60|9.65|6.60|6.07|8.10|5|2.03|0.3344|-6|200|1|20|-0.2436|0.0069|-0.0300|-0.3221|0.1337||9.20|21|7.55|48
GME211223C00155000|29.20|29.20|29.20|57.05|29.20|4|-27.85|-0.4882|0|10|1|1|0.6970|0.0062|0.0514|-0.4653|0.1455||30.10|24|26.30|10
GME211223P00155000|9.85|9.85|9.85|9.30|9.85|4|0.55|0.0591|16|127|8|8|-0.2823|0.0076|-0.0349|-0.3394|0.1442||11.30|22|9.30|17
GME211223C00160000|23.28|23.31|23.28|53.80|23.31|3|-30.49|-0.5667|0|12|1|2|0.6895|0.0026|0.0375|-1.0823|0.1506||27.05|27|23.20|16
GME211223P00160000|11.83|12.40|11.83|9.45|12.10|3|2.65|0.2804|1|62|1|20|-0.3268|0.0080|-0.0391|-0.3847|0.1503||13.55|22|11.25|7
GME211223C00165000|20.45|21.50|20.45|20.45|21.50|2|1.05|0.0513|0|0|1|2|0.6314|0.0081|0.0500|-0.4195|0.1575||24.25|36|20.45|29
GME211223P00165000||||11.60|11.60|2|0.00|0.0000|0|21|0|0|-0.3713|0.0083|-0.0449|-0.4088|0.1575||15.95|27|13.45|13
GME211223C00170000|18.25|19.95|18.00|25.94|19.50|1|-6.44|-0.2483|0|15|1|12|0.5859|0.0081|0.0466|-0.4452|0.1624||21.75|37|18.65|25
GME211223P00170000|16.83|17.67|16.05|14.35|16.91|1|2.56|0.1784|0|33|1|31|-0.4156|0.0088|-0.0505|-0.4104|0.1625||18.50|18|14.95|30
GME211223C00175000|23.00|23.00|16.00|19.00|17.70|1|-1.30|-0.0684|0|3|1|23|0.5297|0.0106|0.0447|-0.3546|0.1658||18.90|16|16.55|17
GME211223P00175000|16.28|20.69|16.28|15.02|20.10|1|5.08|0.3382|-6|48|1|9|-0.4586|0.0092|-0.0561|-0.4055|0.1657||21.00|13|18.60|22
