symbol|open|high|low|preClose|close|activeLevel|change|changeRatio|openIntChange|openInterest|latestPriceVol|volume|delta|gamma|rho|theta|vega|tradeStamptradeTime|ask|avol|bid|bvol
GME211223C00070000||||84.01|84.01|31||0.0000|1|1|0|0|0.9899|0.0005|0.0056|-0.2667|0.0038||89.20|15|84.75|15
GME211223P00070000|0.03|0.04|0.02|0.05|0.04|31|-0.01|-0.2000|519|1330|1|6|-0.0013|0.0001|0.0000|-0.0306|0.0006||0.05|13|0.02|5
GME211223C00075000||||||30||0.0000|0|0|0|0|0.9884|0.0006|0.0060|-0.2806|0.0043||84.20|12|80.10|17
GME211223P00075000||||0.06|0.06|30|0.00|0.0000|6|86|0|0|-0.0034|0.0002|0.0000|-0.0778|0.0015||0.09|26|0.00|0
GME211223C00080000||||78.45|78.45|29|0.00|0.0000|1|2|0|0|0.9494|0.0014|0.0058|-1.3103|0.0148||79.20|22|74.75|17
GME211223P00080000||||0.09|0.09|29|0.00|0.0000|1|319|0|0|-0.0052|0.0003|-0.0001|-0.1083|0.0021||0.07|32|0.00|0
GME211223C00085000||||60.37|60.37|28|0.00|0.0000|0|0|0|0|1.0000|0.0000|0.0070|-0.0003|0.0000||74.20|12|70.45|12
GME211223P00085000|0.02|0.05|0.02|0.09|0.05|28|-0.04|-0.4444|7|64|1|2|-0.0016|0.0002|0.0000|-0.0283|0.0007||0.18|58|0.05|9
GME211223C00090000||||||27||||0|0|0|1.0000|0.0000|0.0074|-0.0003|0.0000||69.25|17|65.50|16
GME211223P00090000||||0.10|0.10|27|0.00|0.0000|105|805|0|0|-0.0066|0.0005|-0.0001|-0.1138|0.0026||0.10|48|0.04|7
GME211223C00095000||||||26||0.0000|0|0|0|0|0.9813|0.0011|0.0075|-0.3068|0.0065||64.25|18|60.55|17
GME211223P00095000|0.05|0.10|0.05|0.11|0.10|26|-0.01|-0.0909|1|88|5|7|-0.0071|0.0006|-0.0001|-0.1106|0.0028||0.08|22|0.05|12
GME211223C00100000||||57.00|57.00|25|0.00|0.0000|0|65|0|0|0.9728|0.0016|0.0078|-0.4098|0.0089||59.30|19|55.55|16
GME211223P00100000|0.25|0.25|0.05|0.12|0.09|25|-0.03|-0.2500|145|1829|1|128|-0.0043|0.0005|-0.0001|-0.0587|0.0018||0.09|22|0.07|4
GME211223C00105000||||44.70|44.70|24|0.00|0.0000|0|2|0|0|0.9916|0.0008|0.0085|-0.1041|0.0032||54.35|18|49.90|19
GME211223P00105000|0.07|0.07|0.07|0.18|0.07|24|-0.11|-0.6111|7|48|1|1|-0.0062|0.0007|-0.0001|-0.0763|0.0025||0.09|1|0.08|8
GME211223C00110000||||||23||||0|0|0|1.0000|0.0000|0.0090|-0.0004|0.0000||49.35|17|45.40|18
GME211223P00110000|0.10|0.12|0.10|0.18|0.10|23|-0.08|-0.4444|114|1072|1|38|-0.0092|0.0010|-0.0001|-0.1008|0.0035||0.12|4|0.10|5
GME211223C00115000||||29.85|29.85|22||0.0000|0|2|0|0|0.9645|0.0028|0.0090|-0.3694|0.0111||44.40|17|40.60|17
GME211223P00115000|0.20|0.20|0.20|0.24|0.20|22|-0.04|-0.1667|108|175|1|1|-0.0178|0.0018|-0.0002|-0.1757|0.0062||0.16|15|0.11|10
GME211223C00120000||||37.50|37.50|21||0.0000|1|44|0|0|0.9543|0.0037|0.0092|-0.4183|0.0136||39.50|12|35.05|20
GME211223P00120000|0.20|0.29|0.15|0.32|0.17|21|-0.15|-0.4688|74|858|3|114|-0.0341|0.0032|-0.0005|-0.3029|0.0108||0.20|23|0.15|6
GME211223C00130000|28.05|28.46|26.05|21.25|28.46|20|7.21|0.3393|-3|51|41|123|0.8832|0.0074|0.0090|-0.8696|0.0279||29.70|23|25.80|17
GME211223P00130000|0.40|0.50|0.25|0.72|0.35|20|-0.37|-0.5139|131|1386|1|303|-0.0375|0.0048|-0.0005|-0.2317|0.0116||0.36|24|0.28|29
GME211223C00135000||||14.00|14.00|19|0.00|0.0000|0|10|0|0|0.9970|0.0011|0.0111|-0.0136|0.0013||24.85|25|21.10|17
GME211223P00135000|0.58|0.58|0.44|0.90|0.50|19|-0.40|-0.4444|148|392|3|98|-0.0626|0.0078|-0.0008|-0.3252|0.0175||0.53|19|0.45|20
GME211223C00136000||||23.45|23.45|18|0.00|0.0000|0|14|0|0|0.8165|0.0097|0.0086|-1.2128|0.0378||23.90|18|20.15|20
GME211223P00136000|0.86|0.86|0.53|1.01|0.57|18|-0.44|-0.4356|132|161|3|11|-0.0672|0.0084|-0.0009|-0.3343|0.0185||0.60|73|0.50|1
GME211223C00137000||||||17||||0|0|0|1.0000|0.0000|0.0113|-0.0005|0.0000||22.95|27|19.25|13
GME211223P00137000|0.85|0.85|0.85|1.01|0.85|17|-0.16|-0.1584|139|156|1|1|-0.0904|0.0099|-0.0012|-0.4472|0.0232||0.66|28|0.47|36
GME211223C00138000||||13.90|13.90|16||0.0000|0|13|0|0|0.8689|0.0113|0.0095|-0.6699|0.0302||22.00|29|18.35|17
GME211223P00138000|1.06|1.06|0.62|1.23|0.62|16|-0.61|-0.4959|22|89|1|4|0.9249|0.0000|0.3303|-0.0003|0.0465||0.72|36|0.56|27
GME211223C00139000||||14.40|14.40|15||0.0000|0|1|0|0|0.8602|0.0120|0.0095|-0.6857|0.0316||21.05|27|17.10|18
GME211223P00139000|0.83|0.83|0.65|1.28|0.65|15|-0.63|-0.4922|89|138|1|3|-0.0909|0.0112|-0.0012|-0.3998|0.0233||0.83|46|0.59|67
GME211223C00140000|20.00|20.00|16.50|18.55|18.62|14|0.07|0.0038|37|152|1|133|0.8809|0.0126|0.0099|-0.5222|0.0283||18.45|34|16.55|24
GME211223P00140000|1.11|1.11|0.65|1.44|0.81|14|-0.63|-0.4375|117|740|2|119|-0.0998|0.0122|-0.0013|-0.4195|0.0249||0.90|35|0.72|27
GME211223C00141000|18.30|18.30|18.30|13.10|18.30|13|5.20|0.3969|8|13|1|1|0.8370|0.0137|0.0094|-0.7400|0.0350||19.15|28|15.55|20
GME211223P00141000|1.03|1.10|1.00|1.60|1.00|13|-0.60|-0.3750|6|36|1|5|-0.1148|0.0134|-0.0015|-0.4659|0.0276||1.05|42|0.72|79
GME211223C00142000||||13.00|13.00|12|0.00|0.0000|11|17|0|0|0.9594|0.0096|0.0111|-0.1322|0.0124||18.30|28|14.85|5
GME211223P00142000|1.30|1.30|1.06|1.98|1.08|12|-0.90|-0.4545|27|102|1|11|-0.1727|0.0146|-0.0024|-0.7461|0.0363||1.16|43|0.92|7
GME211223C00143000||||11.30|11.30|11|0.00|0.0000|0|16|0|0|0.8652|0.0159|0.0099|-0.4933|0.0308||17.30|40|13.75|23
GME211223P00143000|1.70|1.70|1.16|1.92|1.16|11|-0.76|-0.3958|140|144|1|3|-0.1359|0.0159|-0.0018|-0.4979|0.0310||1.33|48|0.91|106
GME211223C00144000|16.52|16.52|16.52|11.30|16.52|10|5.22|0.4619|2|4|1|1|0.7383|0.0137|0.0081|-1.2889|0.0463||16.35|38|12.60|21
GME211223P00144000|1.45|1.45|1.40|2.15|1.40|10|-0.75|-0.3488|64|115|5|11|-0.1609|0.0173|-0.0022|-0.5746|0.0347||1.49|76|1.13|46
GME211223C00145000|14.60|15.41|12.82|15.65|15.20|9|-0.45|-0.0288|-6|337|1|10|0.8263|0.0187|0.0096|-0.5863|0.0365||15.45|68|11.95|36
GME211223P00145000|1.84|2.00|1.16|2.33|1.55|9|-0.78|-0.3348|91|571|1|91|-0.1741|0.0187|-0.0024|-0.5874|0.0365||1.66|35|1.39|1
GME211223C00146000|11.50|12.32|11.50|10.33|12.32|8|1.99|0.1926|1|50|1|2|0.7892|0.0195|0.0091|-0.7127|0.0411||14.70|60|11.25|35
GME211223P00146000|1.75|1.75|1.75|2.78|1.75|8|-1.03|-0.3705|227|251|1|1|-0.2180|0.0172|-0.0030|-0.8426|0.0422||2.22|93|1.21|151
GME211223C00147000||||8.45|8.45|7|0.00|0.0000|10|19|0|0|0.8977|0.0219|0.0107|-0.2429|0.0254||13.70|46|10.85|8
GME211223P00147000|2.55|2.55|2.13|2.93|2.13|7|-0.80|-0.2730|20|32|1|15|-0.2656|0.0184|-0.0037|-0.9717|0.0466||2.23|54|1.39|92
GME211223C00148000|10.38|10.38|10.38|10.36|10.38|6|0.02|0.0019|13|42|1|1|0.7647|0.0230|0.0090|-0.6844|0.0437||12.25|54|10.05|29
GME211223P00148000|2.69|2.69|2.00|3.15|2.00|6|-1.15|-0.3651|10|42|1|7|-0.2151|0.0212|-0.0029|-0.6726|0.0419||2.45|106|1.84|27
GME211223C00149000|11.50|11.50|9.95|10.30|10.25|5|-0.05|-0.0049|3|50|2|5|0.7264|0.0231|0.0085|-0.7993|0.0473||12.10|58|9.25|31
GME211223P00149000|3.07|3.07|2.00|3.30|2.67|5|-0.63|-0.1909|10|67|2|6|-0.2682|0.0236|-0.0037|-0.7666|0.0469||2.72|66|1.76|85
GME211223C00150000|10.70|12.00|8.50|10.52|9.90|4|-0.62|-0.0589|48|806|6|91|0.7119|0.0253|0.0084|-0.7674|0.0485||10.50|51|9.00|2
GME211223P00150000|2.99|3.65|2.02|3.62|2.73|4|-0.89|-0.2459|189|674|1|112|-0.2835|0.0258|-0.0039|-0.7397|0.0481||2.75|1|2.50|7
GME211223C00152500|9.69|10.00|8.00|9.46|8.00|3|-1.46|-0.1543|56|147|2|10|0.6098|0.0188|0.0070|-1.3082|0.0546||8.95|64|7.05|54
GME211223P00152500|3.94|4.50|3.38|4.62|3.60|3|-1.02|-0.2208|75|152|1|71|-0.3557|0.0279|-0.0049|-0.8280|0.0530||3.90|60|3.25|61
GME211223C00155000|9.02|9.02|5.90|8.00|6.30|2|-1.70|-0.2125|163|618|1|330|0.5703|0.0289|0.0068|-0.8885|0.0558||6.85|13|5.90|31
GME211223P00155000|5.70|5.70|3.75|5.70|4.94|2|-0.76|-0.1333|115|483|1|322|-0.4301|0.0286|-0.0059|-0.8988|0.0558||5.05|30|4.35|13
GME211223C00157500|7.00|7.00|4.98|6.76|5.15|1|-1.61|-0.2382|36|207|1|109|0.4996|0.0274|0.0060|-0.9693|0.0567||5.60|18|4.90|17
GME211223P00157500|6.60|6.60|4.80|6.85|5.85|1|-1.00|-0.1460|-2|79|1|30|-0.5029|0.0293|-0.0070|-0.9050|0.0567||6.50|20|5.40|59
GME211223C00160000|5.60|6.30|4.00|5.60|4.15|1|-1.45|-0.2589|318|1228|1|705|0.4354|0.0262|0.0052|-0.9852|0.0560||4.60|16|4.15|3
GME211223P00160000|8.15|8.30|6.00|8.75|7.10|1|-1.65|-0.1886|64|442|1|137|-0.5635|0.0259|-0.0079|-0.9963|0.0560||8.15|27|7.15|18
GME211223C00162500|4.32|5.00|3.25|4.80|3.35|2|-1.45|-0.3021|43|147|7|126|0.3702|0.0256|0.0045|-0.9300|0.0537||3.75|2|3.30|27
GME211223P00162500|8.85|8.85|8.85|10.50|8.85|2|-1.65|-0.1571|7|36|1|1|-0.6077|0.0225|-0.0087|-1.0930|0.0546||10.25|64|7.30|77
GME211223C00165000|4.50|4.50|2.68|3.95|2.95|3|-1.00|-0.2532|611|1054|1|329|0.3252|0.0227|0.0039|-0.9513|0.0512||3.00|1|2.85|3
GME211223P00165000|10.45|11.34|10.45|12.30|11.34|3|-0.96|-0.0780|-3|389|1|7|-0.7315|0.0271|-0.0103|-0.6683|0.0469||12.25|17|9.35|79
GME211223C00167500|3.50|3.55|2.35|3.63|2.80|4|-0.83|-0.2287|27|323|2|43|0.2778|0.0208|0.0034|-0.9021|0.0477||2.90|62|2.31|70
GME211223P00167500||||16.20|16.20|4||0.0000|0|49|0|0|-0.6967|0.0193|-0.0101|-1.0518|0.0497||14.70|35|11.85|43
GME211223C00170000|3.05|3.25|2.00|3.20|2.20|5|-1.00|-0.3125|488|1475|1|329|0.2462|0.0184|0.0030|-0.8981|0.0448||2.34|14|2.07|17
GME211223P00170000|15.30|15.56|15.21|15.92|15.22|5|-0.70|-0.0440|12|185|5|9|-0.7883|0.0194|-0.0114|-0.7203|0.0412||16.65|20|14.35|38
GME211223C00172500|1.99|2.85|1.80|2.75|1.95|6|-0.80|-0.2909|35|130|1|33|0.2397|0.0160|0.0029|-1.0067|0.0442||2.00|1|1.75|58
GME211223P00172500||||17.84|17.84|6||0.0000|1|24|0|0|-0.7548|0.0158|-0.0112|-1.0404|0.0447||18.85|20|16.80|37
GME211223C00175000|2.29|2.44|1.50|2.43|1.62|7|-0.81|-0.3333|711|1472|10|485|0.2264|0.0151|0.0027|-0.9973|0.0431||1.75|1|1.65|1
GME211223P00175000|20.13|20.13|19.80|20.28|20.05|7|-0.23|-0.0113|16|270|1|4|-0.8360|0.0148|-0.0124|-0.6871|0.0351||21.00|21|19.00|34
GME211223C00177500|1.80|2.04|1.69|2.14|1.95|8|-0.19|-0.0888|60|175|2|22|0.1975|0.0131|0.0024|-0.9805|0.0395||1.81|69|1.38|35
GME211223P00177500||||23.67|23.67|8|0.00|0.0000|0|3|0|0|-0.7815|0.0129|-0.0120|-1.1236|0.0419||23.35|18|21.00|19
GME211223C00180000|1.80|2.00|1.23|1.77|1.38|9|-0.39|-0.2203|483|1499|1|519|0.1535|0.0119|0.0019|-0.7869|0.0337||1.45|8|1.31|9
GME211223P00180000|24.28|24.28|24.28|24.78|24.28|9|-0.50|-0.0202|-13|85|1|1|-0.8914|0.0111|-0.0135|-0.5211|0.0265||25.70|17|23.50|13
GME211223C00182500|1.53|1.59|1.22|1.75|1.31|10|-0.44|-0.2514|36|114|1|7|0.1398|0.0107|0.0017|-0.7687|0.0316||1.34|25|1.16|61
GME211223P00182500||||31.10|31.10|10|0.00|0.0000|-1|6|0|0|-0.7261|0.0099|-0.0119|-1.8643|0.0473||28.20|22|26.00|13
GME211223C00185000|1.34|1.56|1.08|1.54|1.09|11|-0.45|-0.2922|134|473|5|77|0.1453|0.0099|0.0017|-0.8726|0.0324||1.21|11|1.08|19
GME211223P00185000|29.10|29.19|28.82|32.50|28.82|11|-3.68|-0.1132|0|73|1|8|-0.8607|0.0099|-0.0135|-0.8296|0.0315||30.45|18|28.50|12
GME211223C00187500|1.42|1.42|1.03|1.59|1.03|12|-0.56|-0.3522|36|81|1|12|0.1265|0.0090|0.0015|-0.7971|0.0295||1.12|17|1.01|27
GME211223P00187500|31.31|31.31|31.31|42.27|31.31|12|-10.96|-0.2593|0|5|1|1|-0.6356|0.0070|-0.0116|-3.3818|0.0534||32.90|13|31.00|12
GME211223C00190000|1.40|1.40|0.93|1.31|1.03|13|-0.28|-0.2137|344|725|3|261|0.1093|0.0081|0.0013|-0.7206|0.0266||1.04|4|0.97|4
GME211223P00190000|34.31|34.31|34.31|34.86|34.31|13|-0.55|-0.0158|-3|101|6|6|-0.8797|0.0083|-0.0142|-0.8035|0.0285||35.30|21|33.50|12
GME211223C00192500|1.18|1.18|0.91|1.29|1.02|14|-0.27|-0.2093|50|93|1|12|0.1124|0.0077|0.0013|-0.7913|0.0271||1.02|27|0.87|25
GME211223P00192500||||37.10|37.10|14|0.00|0.0000|0|14|0|0|-0.8930|0.0076|-0.0145|-0.7476|0.0262||37.75|18|35.10|35
GME211223C00195000|1.00|1.09|0.82|1.13|0.82|15|-0.31|-0.2743|490|627|3|55|0.0990|0.0070|0.0012|-0.7257|0.0248||0.92|3|0.84|16
GME211223P00195000||||39.73|39.73|15|0.00|0.0000|-9|49|0|0|-0.8894|0.0072|-0.0147|-0.8223|0.0268||40.15|17|37.50|35
GME211223C00197500|1.00|1.06|0.87|1.08|0.87|16|-0.21|-0.1944|26|69|1|6|0.0950|0.0065|0.0011|-0.7314|0.0240||0.92|19|0.76|14
GME211223P00197500||||43.95|43.95|16|0.00|0.0000|0|111|0|0|-0.8239|0.0074|-0.0142|-1.4985|0.0368||42.65|13|39.95|37
GME211223C00200000|1.00|1.05|0.75|0.98|0.78|17|-0.20|-0.2041|1315|3960|2|892|0.0857|0.0060|0.0010|-0.6856|0.0223||0.80|7|0.75|2
GME211223P00200000|43.40|44.00|43.29|44.05|43.41|17|-0.64|-0.0145|-7|100|1|21|-0.9652|0.0038|-0.0160|-0.2597|0.0109||45.15|21|42.40|46
GME211223C00205000|0.69|0.99|0.69|0.91|0.72|18|-0.19|-0.2088|307|517|8|77|0.0788|0.0054|0.0009|-0.6724|0.0210||0.76|3|0.64|17
GME211223P00205000|48.46|48.93|48.46|50.15|48.93|18|-1.22|-0.0243|0|69|6|17|-0.9128|0.0055|-0.0158|-0.7654|0.0226||50.10|11|46.25|22
GME211223C00210000|0.79|0.84|0.59|0.75|0.65|19|-0.10|-0.1333|337|768|1|187|0.0688|0.0046|0.0008|-0.6416|0.0188||0.70|5|0.60|6
GME211223P00210000|53.05|53.52|53.05|54.83|53.52|19|-1.31|-0.0239|-1|82|1|2|-0.9761|0.0025|-0.0170|-0.2090|0.0080||55.10|24|51.20|28
GME211223C00215000|0.71|0.73|0.62|0.80|0.62|20|-0.18|-0.2250|428|577|1|6|0.0593|0.0040|0.0007|-0.5883|0.0168||0.62|2|0.53|17
GME211223P00215000|57.67|57.67|57.67|61.78|57.67|20|-4.11|-0.0665|0|33|1|1|-0.8662|0.0054|-0.0161|-1.4390|0.0307||60.00|26|56.15|33
GME211223C00220000|0.69|0.75|0.51|0.68|0.60|21|-0.08|-0.1176|1976|2480|1|184|0.0541|0.0035|0.0006|-0.5701|0.0156||0.60|6|0.50|2
GME211223P00220000||||69.72|69.72|21|0.00|0.0000|-1|47|0|0|-0.7746|0.0053|-0.0157|-2.8405|0.0427||64.85|12|61.15|29
GME211223C00225000|0.56|0.63|0.49|0.68|0.49|22|-0.19|-0.2794|484|1113|1|25|0.0535|0.0033|0.0006|-0.5981|0.0155||0.65|62|0.45|22
GME211223P00225000|67.87|67.87|67.87|75.30|67.87|22|-7.43|-0.0987|0|7|1|1|-0.7691|0.0050|-0.0161|-3.0875|0.0433||70.35|18|66.10|48
GME211223C00230000|0.57|0.65|0.51|0.61|0.64|23|0.03|0.0492|906|1247|1|31|0.0469|0.0029|0.0006|-0.5498|0.0139||0.60|48|0.43|1
GME211223P00230000||||73.75|73.75|23|0.00|0.0000|0|4|0|0|-0.9636|0.0025|-0.0185|-0.4208|0.0113||75.20|14|71.10|50
GME211223C00235000|0.61|0.61|0.48|0.56|0.48|24|-0.08|-0.1429|13|114|1|16|0.0463|0.0027|0.0005|-0.5715|0.0138||0.61|86|0.36|42
GME211223P00235000||||77.70|77.70|24|0.00|0.0000|1|17|0|0|-0.7632|0.0045|-0.0169|-3.4960|0.0439||80.15|14|76.10|50
GME211223C00240000|0.30|0.50|0.30|0.52|0.43|25|-0.09|-0.1731|275|531|1|24|0.0413|0.0025|0.0005|-0.5316|0.0126||0.46|2|0.34|6
GME211223P00240000|83.30|83.30|83.30|87.35|83.30|25|-4.05|-0.0464|-1|14|1|1|-0.9562|0.0025|-0.0192|-0.5652|0.0132||84.95|17|81.10|22
GME211223C00245000|0.30|0.45|0.30|0.48|0.42|26|-0.06|-0.1250|5|43|1|6|0.0377|0.0022|0.0004|-0.5045|0.0117||0.48|44|0.30|26
GME211223P00245000||||93.05|93.05|26|0.00|0.0000|0|34|0|0|-0.8309|0.0042|-0.0183|-2.5542|0.0359||89.90|17|86.10|21
GME211223C00250000|0.41|0.52|0.30|0.47|0.40|27|-0.07|-0.1489|321|1628|1|80|0.0336|0.0020|0.0004|-0.4667|0.0106||0.40|11|0.35|25
GME211223P00250000||||98.00|98.00|27|0.00|0.0000|0|27|0|0|-0.8351|0.0040|-0.0188|-2.5779|0.0353||94.65|17|91.15|17
GME211223C00255000|0.30|0.40|0.30|0.44|0.34|28|-0.10|-0.2273|15|43|1|6|0.0310|0.0018|0.0004|-0.4464|0.0099||0.42|26|0.25|15
GME211223P00255000||||||28||||0|0|0|-1.0000|0.0000|-0.0210|0.0009|0.0000||100.35|12|96.20|15
GME211223C00260000|0.40|0.40|0.30|0.42|0.35|29|-0.07|-0.1667|8|617|1|21|0.0307|0.0017|0.0004|-0.4591|0.0099||0.39|13|0.25|9
GME211223P00260000|103.14|103.14|103.13|118.00|103.13|29|-14.87|-0.1260|0|10|1|3|-0.7405|0.0038|-0.0189|-4.6560|0.0461||104.65|12|101.15|17
GME211223C00265000||||0.40|0.40|30|0.00|0.0000|10|50|0|0|0.0309|0.0017|0.0004|-0.4790|0.0099||0.61|86|0.20|80
GME211223P00265000||||118.95|118.95|30||0.0000|0|1|0|0|-0.9719|0.0016|-0.0214|-0.4307|0.0092||110.05|17|106.05|31
GME211223C00270000|0.34|0.39|0.27|0.39|0.36|31|-0.03|-0.0769|11|161|7|19|0.0282|0.0015|0.0003|-0.4489|0.0092||0.44|43|0.22|14
GME211223P00270000|113.11|113.11|113.11|116.65|113.11|31|-3.54|-0.0303|0|4|1|1|-0.9742|0.0015|-0.0219|-0.4096|0.0085||114.90|9|111.05|44
GME211223C00275000|0.25|0.27|0.25|0.39|0.27|32|-0.12|-0.3077|37|109|1|2|0.0249|0.0014|0.0003|-0.4073|0.0083||0.42|59|0.21|3
GME211223P00275000||||141.50|141.50|32|0.00|0.0000|0|8|0|0|-0.6111|0.0030|-0.0195|-8.1552|0.0549||119.80|17|116.05|41
GME211223C00280000|0.28|0.28|0.25|0.32|0.25|33|-0.07|-0.2188|11|300|1|2|0.0234|0.0013|0.0003|-0.3940|0.0079||0.37|43|0.16|23
GME211223P00280000|123.07|123.07|123.07|137.89|123.07|33|-14.82|-0.1075|0|3|1|2|-0.9757|0.0013|-0.0227|-0.4068|0.0082||124.75|17|121.00|28
GME211223C00285000||||0.28|0.28|34|0.00|0.0000|9|15|0|0|0.0217|0.0012|0.0003|-0.3748|0.0074||0.36|64|0.15|52
GME211223P00285000||||||34||||0|0|0|-1.0000|0.0000|-0.0234|0.0010|0.0000||129.75|6|126.00|20
GME211223C00290000|0.28|0.28|0.15|0.29|0.22|35|-0.07|-0.2414|57|755|1|7|0.0165|0.0010|0.0002|-0.2906|0.0058||0.34|45|0.18|1
GME211223P00290000||||86.15|86.15|35|0.00|0.0000|0|1|0|0|-1.0000|0.0000|-0.0238|0.0010|0.0000||134.65|16|131.00|31
GME211223C00300000|0.25|0.29|0.14|0.25|0.15|36|-0.10|-0.4000|238|1353|1|447|0.0170|0.0009|0.0002|-0.3160|0.0060||0.15|2|0.13|17
GME211223P00300000||||146.14|146.14|36|0.00|0.0000|1|1|0|0|-0.8971|0.0026|-0.0236|-2.0463|0.0255||144.60|16|141.00|28
GME211223C00310000|0.21|0.26|0.20|0.24|0.20|37|-0.04|-0.1667|34|108|2|24|0.0151|0.0008|0.0002|-0.2918|0.0054||0.21|1|0.07|22
GME211223P00310000||||||37||||0|0|0|-1.0000|0.0000|-0.0255|0.0011|0.0000||155.60|15|151.00|13
GME211223C00320000|0.15|0.20|0.15|0.22|0.17|38|-0.05|-0.2273|28|1057|10|19|0.0130|0.0007|0.0002|-0.2628|0.0048||0.24|8|0.09|8
GME211223P00320000||||||38||||0|0|0|-1.0000|0.0000|-0.0263|0.0011|0.0000||165.55|15|161.00|14
GME211223C00330000|0.22|0.22|0.22|0.20|0.22|39|0.02|0.1000|32|169|20|20|0.0151|0.0008|0.0002|-0.3191|0.0054||0.29|21|0.05|13
GME211223P00330000||||||39||||0|0|0|-1.0000|0.0000|-0.0271|0.0012|0.0000||175.85|14|171.00|13
GME211223C00340000|0.15|0.15|0.11|0.20|0.11|40|-0.09|-0.4500|184|263|1|3|0.0141|0.0007|0.0002|-0.3082|0.0051||0.22|13|0.00|0
GME211223P00340000||||||40||||0|0|0|-1.0000|0.0000|-0.0279|0.0012|0.0000||185.85|15|180.95|20
GME211223C00350000|0.14|0.18|0.12|0.20|0.18|41|-0.02|-0.1000|705|1501|5|22|0.0102|0.0005|0.0001|-0.2299|0.0039||0.22|13|0.02|13
GME211223P00350000||||||41||||0|0|0|-1.0000|0.0000|-0.0288|0.0012|0.0000||195.80|13|190.95|14
GME211223C00360000|0.12|0.12|0.12|0.13|0.12|42|-0.01|-0.0769|59|160|9|12|0.0118|0.0006|0.0001|-0.2736|0.0044||0.27|30|0.01|33
GME211223P00360000||||||42||||0|0|0|-1.0000|0.0000|-0.0296|0.0013|0.0000||205.80|14|200.95|16
GME211223C00370000||||0.16|0.16|43||0.0000|101|296|0|0|0.0095|0.0005|0.0001|-0.2274|0.0036||0.24|14|0.03|8
GME211223P00370000||||||43||||0|0|0|-1.0000|0.0000|-0.0304|0.0013|0.0000||215.75|14|210.95|16
GME211223C00380000||||0.13|0.13|44|0.00|0.0000|14|59|0|0|0.0090|0.0004|0.0001|-0.2208|0.0034||0.16|5|0.01|13
GME211223P00380000||||||44||||0|0|0|-1.0000|0.0000|-0.0312|0.0013|0.0000||225.75|18|220.95|20
GME211223C00390000|0.14|0.14|0.14|0.16|0.14|45|-0.02|-0.1250|0|14|93|93|0.0095|0.0005|0.0001|-0.2413|0.0036||0.22|18|0.01|14
GME211223P00390000||||||45||||0|0|0|-1.0000|0.0000|-0.0321|0.0014|0.0000||235.75|14|230.95|20
GME211223C00400000|0.16|0.16|0.16|0.14|0.16|46|0.02|0.1429|64|520|1|1|0.0101|0.0005|0.0001|-0.2630|0.0038||0.21|15|0.03|1
GME211223P00400000||||||46||||0|0|0|-1.0000|0.0000|-0.0329|0.0014|0.0000||245.70|18|240.95|14
GME211223C00410000|0.10|0.10|0.10|0.10|0.10|47|0.00|0.0000|5|25|1|11|0.0068|0.0003|0.0001|-0.1810|0.0027||0.14|6|0.01|1
GME211223P00410000||||||47||||0|0|0|-1.0000|0.0000|-0.0337|0.0014|0.0000||255.70|14|250.95|13
GME211223C00420000|0.09|0.09|0.09|0.13|0.09|48|-0.04|-0.3077|16|71|1|1|0.0062|0.0003|0.0001|-0.1666|0.0025||0.13|29|0.04|1
GME211223P00420000||||||48||0.0000|0|0|0|0|-1.0000|0.0000|-0.0345|0.0015|0.0000||265.70|14|260.95|13
GME211223C00430000||||0.10|0.10|49|0.00|0.0000|21|66|0|0|0.0066|0.0003|0.0001|-0.1821|0.0026||0.19|24|0.01|1
GME211223P00430000||||||49||||0|0|0|-1.0000|0.0000|-0.0353|0.0015|0.0000||275.60|14|270.95|13
GME211223C00440000|0.09|0.11|0.09|0.10|0.10|50|0.00|0.0000|18|78|6|11|0.0059|0.0003|0.0001|-0.1671|0.0024||0.15|14|0.01|3
GME211223P00440000||||||50||||0|0|0|-1.0000|0.0000|-0.0362|0.0015|0.0000||285.70|14|280.95|18
GME211223C00450000|0.05|0.05|0.05|0.08|0.05|51|-0.03|-0.3750|11|72|1|1|0.0053|0.0003|0.0001|-0.1528|0.0022||0.14|7|0.00|0
GME211223P00450000||||||51||0.0000|0|0|0|0|-1.0000|0.0000|-0.0370|0.0016|0.0000||295.70|14|290.90|27
GME211223C00460000||||0.07|0.07|52|0.00|0.0000|7|37|0|0|0.0047|0.0002|0.0001|-0.1376|0.0019||0.07|2|0.00|0
GME211223P00460000||||||52||||0|0|0|-1.0000|0.0000|-0.0378|0.0016|0.0000||305.65|14|300.90|14
GME211223C00470000||||0.04|0.04|53|0.00|0.0000|9|72|0|0|0.0043|0.0002|0.0001|-0.1300|0.0018||0.09|4|0.01|1
GME211223P00470000||||||53||||0|0|0|-1.0000|0.0000|-0.0386|0.0016|0.0000||315.65|14|310.90|27
GME211223C00480000|0.14|0.14|0.14|0.05|0.14|54|0.09|1.8000|102|195|3|3|0.0035|0.0002|0.0000|-0.1049|0.0015||0.16|12|0.01|6
GME211223P00480000||||||54||||0|0|0|-1.0000|0.0000|-0.0419|0.0018|0.0000||325.65|14|320.90|14
GME211223C00490000|0.09|0.09|0.05|0.09|0.05|55|-0.04|-0.4444|124|217|1|3|0.0050|0.0002|0.0001|-0.1554|0.0021||0.05|6|0.00|0
GME211223P00490000||||||55||0.0000|0|0|0|0|-1.0000|0.0000|-0.0403|0.0017|0.0000||335.65|14|330.90|27
GME211223C00500000|0.07|0.07|0.01|0.07|0.01|56|-0.06|-0.8571|300|919|2|14|0.0047|0.0002|0.0001|-0.1490|0.0020||0.05|6|0.01|2
GME211223P00500000||||323.46|323.46|56|0.00|0.0000|0|1|0|0|-1.0000|0.0000|-0.0411|0.0015|0.0000||345.65|14|340.90|13
GME211223C00510000|0.05|0.08|0.04|0.07|0.05|57|-0.02|-0.2857|963|3488|3|460|0.0033|0.0002|0.0000|-0.1051|0.0014||0.05|50|0.04|14
GME211223P00510000||||336.90|336.90|57|0.00|0.0000|0|0|0|0|-0.9994|0.0000|-0.0419|-0.0182|0.0003||355.65|14|350.90|16
GME211231C00070000||||||31||0.0000|0|0|0|0|0.9849|0.0006|0.0203|-0.1121|0.0104||91.15|16|83.60|39
GME211231P00070000|0.14|0.14|0.10|0.17|0.10|31|-0.07|-0.4118|153|200|1|6|-0.0046|0.0003|-0.0002|-0.0315|0.0036||0.16|31|0.01|22
GME211231C00075000||||||30||0.0000|0|0|0|0|0.9749|0.0009|0.0212|-0.1771|0.0160||87.60|12|77.95|32
GME211231P00075000||||0.31|0.31|30||0.0000|2|25|0|0|-0.0111|0.0005|-0.0006|-0.0723|0.0079||0.27|34|0.07|18
GME211231C00080000||||65.68|65.68|29|0.00|0.0000|0|1|0|0|1.0000|0.0000|0.0241|-0.0003|0.0000||81.80|19|74.60|19
GME211231P00080000|0.20|0.20|0.20|0.35|0.20|29|-0.15|-0.4286|-11|96|1|1|-0.0094|0.0005|-0.0005|-0.0550|0.0069||0.27|24|0.14|11
GME211231C00085000||||||28||||0|0|0|1.0000|0.0000|0.0256|-0.0003|0.0000||76.00|17|68.10|59
GME211231P00085000||||0.61|0.61|28|0.00|0.0000|32|49|0|0|-0.0240|0.0011|-0.0013|-0.1362|0.0154||0.85|43|0.12|76
GME211231C00090000||||||27||||0|0|0|1.0000|0.0000|0.0271|-0.0003|0.0000||70.90|13|64.20|42
GME211231P00090000||||0.47|0.47|27|0.00|0.0000|6|52|0|0|-0.0213|0.0011|-0.0011|-0.1077|0.0139||0.35|2|0.20|18
GME211231C00095000||||||26||||0|0|0|1.0000|0.0000|0.0286|-0.0003|0.0000||66.40|18|58.25|58
GME211231P00095000|0.45|0.45|0.45|0.60|0.45|26|-0.15|-0.2500|6|49|1|1|-0.0223|0.0013|-0.0012|-0.1013|0.0145||0.45|1|0.26|57
GME211231C00100000||||57.60|57.60|25|0.00|0.0000|0|30|0|0|0.9581|0.0020|0.0279|-0.1811|0.0244||61.75|22|53.40|58
GME211231P00100000|0.65|0.65|0.47|0.78|0.49|25|-0.29|-0.3718|-33|1155|10|41|-0.0301|0.0017|-0.0016|-0.1250|0.0186||0.65|2|0.36|56
GME211231C00105000||||||24||||0|0|0|1.0000|0.0000|0.0316|-0.0004|0.0000||56.50|17|47.75|61
GME211231P00105000|0.75|0.75|0.75|0.88|0.75|24|-0.13|-0.1477|11|63|10|40|-0.0385|0.0022|-0.0020|-0.1450|0.0227||0.93|74|0.51|36
GME211231C00110000||||43.00|43.00|23|0.00|0.0000|0|2|0|0|0.9675|0.0023|0.0315|-0.1056|0.0198||54.05|48|44.05|65
GME211231P00110000|1.05|1.05|0.72|1.07|0.72|23|-0.35|-0.3271|20|364|2|3|-0.0538|0.0029|-0.0028|-0.1855|0.0298||1.05|40|0.56|78
GME211231C00115000||||35.25|35.25|22||0.0000|0|1|0|0|0.9149|0.0040|0.0301|-0.2764|0.0424||47.25|19|40.85|16
GME211231P00115000|1.48|1.48|1.00|1.44|1.10|22|-0.34|-0.2361|26|44|5|111|-0.0604|0.0036|-0.0031|-0.1832|0.0326||1.25|21|1.00|8
GME211231C00120000||||37.30|37.30|21|0.00|0.0000|-1|9|0|0|0.9583|0.0035|0.0341|-0.1033|0.0242||42.05|19|35.65|22
GME211231P00120000|1.58|1.70|1.23|1.80|1.39|21|-0.41|-0.2278|88|392|1|103|-0.0842|0.0047|-0.0044|-0.2314|0.0420||1.50|1|1.29|22
GME211231C00130000||||24.10|24.10|20|0.00|0.0000|0|90|0|0|0.9017|0.0072|0.0342|-0.1913|0.0472||33.30|41|27.25|39
GME211231P00130000|3.21|3.21|2.38|3.00|2.47|20|-0.53|-0.1767|36|448|55|98|-0.1360|0.0075|-0.0071|-0.2899|0.0594||2.66|15|2.29|36
GME211231C00135000||||||19||||0|0|0|1.0000|0.0000|0.0407|-0.0005|0.0000||28.50|26|23.70|21
GME211231P00135000|4.18|4.18|3.00|4.75|3.35|19|-1.40|-0.2947|27|54|2|16|-0.1859|0.0091|-0.0098|-0.3575|0.0729||3.50|1|3.05|26
GME211231C00136000||||||18||||0|0|0|1.0000|0.0000|0.0410|-0.0005|0.0000||27.75|34|22.95|22
GME211231P00136000||||5.38|5.38|18||0.0000|1|1|0|0|-0.2137|0.0090|-0.0114|-0.4279|0.0793||4.70|125|3.00|82
GME211231C00137000||||||17||||0|0|0|1.0000|0.0000|0.0413|-0.0005|0.0000||26.95|38|22.15|20
GME211231P00137000|4.10|4.10|4.10|4.10|4.10|17|0.00|0.0000|0|0|1|1|-0.2079|0.0097|-0.0110|-0.3829|0.0780||5.20|142|3.10|91
GME211231C00138000||||||16||0.0000|0|0|0|0|0.7698|0.0097|0.0293|-0.4341|0.0827||26.20|39|21.80|15
GME211231P00138000||||5.94|5.94|16|0.00|0.0000|1|1|0|0|-0.2448|0.0091|-0.0133|-0.4924|0.0855||4.45|90|3.30|118
GME211231C00139000||||22.75|22.75|15||0.0000|4|4|0|0|0.7564|0.0098|0.0288|-0.4542|0.0853||25.45|47|20.50|25
GME211231P00139000||||6.20|6.20|15|0.00|0.0000|2|9|0|0|-0.2543|0.0094|-0.0138|-0.4993|0.0873||4.50|97|3.50|90
GME211231C00140000|22.24|22.24|22.24|23.00|22.24|14|-0.76|-0.0330|-2|87|1|1|0.7460|0.0101|0.0286|-0.4621|0.0872||24.70|50|19.90|46
GME211231P00140000|4.85|4.85|4.00|5.25|4.42|14|-0.83|-0.1581|8|226|55|111|-0.2353|0.0109|-0.0124|-0.3933|0.0837||4.65|46|4.10|30
GME211231C00141000||||||13||||0|0|0|1.0000|0.0000|0.0425|-0.0005|0.0000||24.35|41|18.75|41
GME211231P00141000||||7.05|7.05|13||0.0000|1|4|0|0|-0.2629|0.0105|-0.0141|-0.4615|0.0888||6.00|124|3.90|83
GME211231C00142000||||||12||0.0000|0|0|0|0|0.7216|0.0105|0.0278|-0.4896|0.0914||23.15|46|18.40|24
GME211231P00142000||||7.00|7.00|12|0.00|0.0000|1|12|0|0|-0.2725|0.0098|-0.0149|-0.5097|0.0911||5.60|93|4.20|65
GME211231C00143000||||18.95|18.95|11|0.00|0.0000|0|1|0|0|0.7364|0.0112|0.0290|-0.4327|0.0896||22.30|39|17.45|35
GME211231P00143000||||6.10|6.10|11||0.0000|1|10|0|0|-0.2852|0.0110|-0.0153|-0.4755|0.0925||6.00|81|4.45|71
GME211231C00144000||||19.67|19.67|10|0.00|0.0000|4|6|0|0|0.7073|0.0104|0.0274|-0.5191|0.0943||21.75|47|17.05|26
GME211231P00144000||||8.14|8.14|10|0.00|0.0000|0|5|0|0|-0.2982|0.0099|-0.0164|-0.5495|0.0951||6.15|77|4.70|64
GME211231C00145000||||19.18|19.18|9|0.00|0.0000|0|104|0|0|0.6825|0.0107|0.0264|-0.5403|0.0970||20.85|59|16.45|23
GME211231P00145000|6.00|6.00|5.15|6.54|5.15|9|-1.39|-0.2125|26|43|1|7|-0.2962|0.0126|-0.0157|-0.4307|0.0941||6.20|56|5.05|96
GME211231C00146000||||20.00|20.00|8||0.0000|0|7|0|0|0.6754|0.0114|0.0264|-0.5176|0.0979||20.10|48|15.80|16
GME211231P00146000||||7.36|7.36|8|0.00|0.0000|2|9|0|0|-0.3203|0.0118|-0.0172|-0.4915|0.0974||7.10|75|5.25|72
GME211231C00147000||||15.75|15.75|7|0.00|0.0000|0|3|0|0|0.6773|0.0132|0.0272|-0.4426|0.0977||19.60|43|15.20|24
GME211231P00147000||||7.75|7.75|7|0.00|0.0000|1|6|0|0|-0.3329|0.0120|-0.0180|-0.4983|0.0989||7.55|112|5.55|97
GME211231C00148000||||15.95|15.95|6||0.0000|-1|0|0|0|0.6512|0.0118|0.0256|-0.5296|0.1007||18.80|48|14.55|28
GME211231P00148000||||10.38|10.38|6|0.00|0.0000|2|6|0|0|-0.3572|0.0103|-0.0199|-0.6130|0.1016||7.65|72|5.70|71
GME211231C00149000||||15.65|15.65|5|0.00|0.0000|0|7|0|0|0.6413|0.0124|0.0255|-0.5123|0.1017||18.45|48|14.15|33
GME211231P00149000|6.80|6.80|6.80|10.82|6.80|5|-4.02|-0.3715|7|33|2|2|-0.3681|0.0104|-0.0205|-0.6188|0.1026||7.70|62|6.15|101
GME211231C00150000|16.00|16.85|15.00|15.05|16.85|4|1.80|0.1196|28|476|1|18|0.6246|0.0116|0.0246|-0.5622|0.1033||16.85|78|13.65|49
GME211231P00150000|8.50|8.50|7.25|8.80|7.50|4|-1.30|-0.1477|218|531|1|21|-0.3673|0.0135|-0.0197|-0.4764|0.1025||8.15|43|6.75|128
GME211231C00152500||||13.85|13.85|3|0.00|0.0000|12|21|0|0|0.5951|0.0127|0.0238|-0.5372|0.1055||15.25|47|11.90|38
GME211231P00152500||||11.00|11.00|3|0.00|0.0000|11|27|0|0|-0.4058|0.0120|-0.0224|-0.5687|0.1056||9.35|56|7.55|91
GME211231C00155000|13.60|13.60|11.55|12.90|11.55|2|-1.35|-0.1047|21|280|30|31|0.5638|0.0119|0.0224|-0.5923|0.1072||12.30|28|11.20|36
GME211231P00155000|10.75|10.80|9.00|10.95|10.00|2|-0.95|-0.0868|25|153|4|15|-0.4391|0.0149|-0.0237|-0.4755|0.1073||10.70|25|9.05|84
GME211231C00157500|11.50|11.60|11.25|12.40|11.25|1|-1.15|-0.0927|1|38|2|8|0.5305|0.0128|0.0214|-0.5605|0.1083||11.95|68|10.05|49
GME211231P00157500|11.00|11.57|11.00|12.00|11.57|1|-0.43|-0.0358|0|10|1|13|-0.4755|0.0146|-0.0258|-0.4923|0.1084||12.20|32|9.75|89
GME211231C00160000|11.00|11.80|9.65|10.75|9.65|1|-1.10|-0.1023|89|436|1|59|0.4954|0.0134|0.0203|-0.5391|0.1086||9.85|1|9.35|17
GME211231P00160000|13.60|13.60|11.73|13.50|11.73|1|-1.77|-0.1311|-8|112|1|2|-0.5070|0.0138|-0.0280|-0.5222|0.1086||13.65|37|11.40|85
GME211231C00162500|9.00|10.25|9.00|10.50|10.25|2|-0.25|-0.0238|4|16|1|8|0.4737|0.0121|0.0192|-0.5934|0.1084||10.00|82|8.45|24
GME211231P00162500||||||2||||0|0|0|-1.0000|0.0000|-0.0490|0.0006|0.0000||15.40|31|12.45|49
GME211231C00165000|8.70|9.43|7.78|9.89|9.43|3|-0.46|-0.0465|41|353|1|21|0.4289|0.0134|0.0178|-0.5228|0.1069||9.95|107|7.55|43
GME211231P00165000|15.80|16.39|15.24|21.57|15.38|3|-6.19|-0.2870|0|135|1|96|-0.5652|0.0129|-0.0318|-0.5456|0.1071||16.90|18|14.00|55
GME211231C00167500|7.75|7.75|7.75|7.94|7.75|4|-0.19|-0.0239|54|59|1|1|0.4087|0.0124|0.0168|-0.5523|0.1057||9.20|77|6.85|53
GME211231P00167500|17.95|17.95|17.15|18.75|17.80|4|-0.95|-0.0507|139|139|1|142|-0.5729|0.0121|-0.0329|-0.5764|0.1076||18.80|16|15.50|65
GME211231C00170000|7.84|8.25|6.70|7.52|6.80|5|-0.72|-0.0957|63|313|1|41|0.3860|0.0119|0.0159|-0.5609|0.1041||7.20|46|6.45|53
GME211231P00170000|19.67|19.67|17.60|21.88|18.50|5|-3.38|-0.1545|0|171|2|14|-0.6408|0.0133|-0.0361|-0.4773|0.1018||20.75|27|18.30|66
GME211231C00172500|6.90|6.90|6.30|5.92|6.30|6|0.38|0.0642|10|20|1|3|0.3561|0.0117|0.0148|-0.5388|0.1015||7.20|91|5.90|49
GME211231P00172500||||||6||||0|0|0|-1.0000|0.0000|-0.0520|0.0006|0.0000||23.65|38|19.10|49
GME211231C00175000|6.70|6.70|5.80|6.60|5.80|7|-0.80|-0.1212|29|602|1|6|0.3363|0.0112|0.0139|-0.5421|0.0993||6.00|17|5.40|49
GME211231P00175000||||24.94|24.94|7||0.0000|3|64|0|0|-0.6662|0.0113|-0.0389|-0.5338|0.0990||25.60|42|21.00|47
GME211231C00180000|5.78|5.78|4.75|5.84|4.85|8|-0.99|-0.1695|162|441|1|66|0.2866|0.0105|0.0120|-0.5019|0.0927||5.15|15|4.70|13
GME211231P00180000|27.95|27.95|27.88|29.98|27.88|8|-2.10|-0.0700|6|98|1|2|-0.7301|0.0109|-0.0429|-0.4572|0.0900||29.85|33|24.95|48
GME211231C00185000|4.65|4.80|4.36|5.00|4.80|9|-0.20|-0.0400|17|149|2|16|0.2755|0.0095|0.0115|-0.5353|0.0916||4.60|42|4.05|43
GME211231P00185000|31.64|31.96|31.64|33.85|31.82|9|-2.03|-0.0600|-1|69|1|8|-0.7815|0.0099|-0.0465|-0.3979|0.0803||33.65|28|29.45|46
GME211231C00190000|4.70|4.70|3.75|4.49|3.87|10|-0.62|-0.1381|76|230|1|18|0.2383|0.0085|0.0099|-0.5121|0.0843||4.00|18|3.55|23
GME211231P00190000|36.78|36.78|36.31|39.87|36.31|10|-3.56|-0.0893|2|86|1|8|-0.7699|0.0086|-0.0477|-0.4878|0.0827||38.45|23|33.55|47
GME211231C00195000|3.90|3.90|3.40|4.20|3.54|11|-0.66|-0.1571|28|135|3|8|0.2082|0.0078|0.0087|-0.4790|0.0780||3.65|60|3.15|50
GME211231P00195000||||42.48|42.48|11|0.00|0.0000|-8|73|0|0|-0.7806|0.0077|-0.0497|-0.5121|0.0805||42.90|22|38.55|25
GME211231C00200000|3.30|3.45|2.92|3.65|2.95|12|-0.70|-0.1918|130|1226|1|64|0.1833|0.0071|0.0077|-0.4503|0.0722||3.10|1|2.92|8
GME211231P00200000||||46.76|46.76|12|0.00|0.0000|2|353|0|0|-0.8086|0.0071|-0.0523|-0.4744|0.0742||48.75|38|42.80|44
GME211231C00205000|3.05|3.05|3.05|3.25|3.05|13|-0.20|-0.0615|0|132|1|2|0.1755|0.0065|0.0073|-0.4659|0.0703||3.10|29|2.58|30
GME211231P00205000||||53.30|53.30|13|0.00|0.0000|0|17|0|0|-0.7777|0.0065|-0.0528|-0.6234|0.0811||53.60|33|47.20|34
GME211231C00210000|3.00|3.00|2.50|3.00|2.50|14|-0.50|-0.1667|1|117|1|6|0.1572|0.0060|0.0065|-0.4413|0.0655||2.81|39|2.36|66
GME211231P00210000|54.77|54.77|54.77|56.73|54.77|14|-1.96|-0.0345|1|34|2|2|-0.8405|0.0060|-0.0567|-0.4483|0.0661||59.70|41|49.70|51
GME211231C00215000|2.45|2.45|2.45|2.95|2.45|15|-0.50|-0.1695|25|115|1|2|0.1435|0.0055|0.0060|-0.4255|0.0616||2.71|70|2.22|44
GME211231P00215000||||75.80|75.80|15|0.00|0.0000|0|10|0|0|-0.6159|0.0044|-0.0519|-1.5041|0.1040||63.00|25|57.05|31
GME211231C00220000|2.33|2.33|2.15|2.58|2.15|16|-0.43|-0.1667|159|388|1|9|0.1344|0.0051|0.0056|-0.4208|0.0589||2.29|1|2.05|53
GME211231P00220000||||71.18|71.18|16|0.00|0.0000|1|25|0|0|-0.7422|0.0052|-0.0565|-0.9170|0.0879||68.60|26|61.45|31
GME211231C00225000|2.20|2.20|2.20|2.56|2.20|17|-0.36|-0.1406|23|109|7|7|0.1222|0.0047|0.0051|-0.4003|0.0551||2.36|67|1.90|50
GME211231P00225000|69.27|69.27|69.27|73.87|69.27|17|-4.60|-0.0623|0|152|1|1|-0.7891|0.0050|-0.0596|-0.7529|0.0786||71.85|23|66.05|47
GME211231C00230000||||2.28|2.28|18|0.00|0.0000|33|187|0|0|0.1244|0.0044|0.0051|-0.4309|0.0559||2.20|62|1.78|38
GME211231P00230000||||70.97|70.97|18|0.00|0.0000|0|13|0|0|-0.9688|0.0023|-0.0679|-0.0969|0.0191||77.55|29|71.25|39
GME211231C00235000||||2.10|2.10|19|0.00|0.0000|4|249|0|0|0.1198|0.0042|0.0050|-0.4299|0.0548||2.66|100|1.52|131
GME211231P00235000||||85.29|85.29|19|0.00|0.0000|0|8|0|0|-0.7716|0.0046|-0.0622|-0.9118|0.0823||83.35|25|76.00|21
GME211231C00240000|1.90|1.90|1.90|1.84|1.90|20|0.06|0.0326|2|152|1|1|0.1052|0.0038|0.0043|-0.3934|0.0496||2.19|61|1.59|48
GME211231P00240000|84.30|84.30|84.30|90.04|84.30|20|-5.74|-0.0637|-2|101|1|1|-0.8985|0.0038|-0.0681|-0.3776|0.0483||87.15|15|80.70|17
GME211231C00245000|1.95|1.97|1.95|1.81|1.97|21|0.16|0.0884|13|77|1|2|0.1091|0.0037|0.0045|-0.4240|0.0513||1.96|71|1.51|26
GME211231P00245000|86.50|86.50|86.50|75.00|86.50|21|11.50|0.1533|0|6|1|1|-0.9892|0.0010|-0.0734|-0.0369|0.0077||92.45|16|85.65|17
GME211231C00250000|1.76|1.80|1.54|1.75|1.55|22|-0.20|-0.1143|46|891|1|21|0.0878|0.0033|0.0036|-0.3512|0.0434||1.67|2|1.50|10
GME211231P00250000||||104.79|104.79|22||0.0000|0|6|0|0|-0.9061|0.0034|-0.0715|-0.3770|0.0456||97.15|14|90.70|16
GME211231C00260000|1.29|1.42|1.29|1.56|1.42|23|-0.14|-0.0897|4|169|10|11|0.0790|0.0029|0.0033|-0.3375|0.0401||1.63|65|1.30|47
GME211231P00260000||||61.45|61.45|23|0.00|0.0000|0|27|0|0|-0.9997|0.0001|-0.0783|-0.0003|0.0003||107.10|14|100.70|16
GME211231C00270000|1.32|1.37|1.25|1.42|1.25|24|-0.17|-0.1197|0|115|1|6|0.0694|0.0026|0.0029|-0.3138|0.0363||1.38|1|1.19|11
GME211231P00270000||||75.95|75.95|24|0.00|0.0000|0|26|0|0|-0.9990|0.0001|-0.0813|-0.0031|0.0009||117.10|20|110.70|16
GME211231C00280000|1.18|1.24|1.18|1.37|1.24|25|-0.13|-0.0949|27|303|2|3|0.0666|0.0024|0.0027|-0.3191|0.0352||1.20|2|1.06|14
GME211231P00280000||||85.00|85.00|25||0.0000|0|2|0|0|-0.9454|0.0021|-0.0821|-0.2580|0.0301||127.10|15|120.00|43
GME211231C00290000|1.20|1.20|1.00|1.37|1.00|26|-0.37|-0.2701|17|90|1|2|0.0618|0.0022|0.0025|-0.3097|0.0334||1.25|32|0.98|30
GME211231P00290000||||130.72|130.72|26|0.00|0.0000|0|7|0|0|-0.9715|0.0014|-0.0862|-0.1381|0.0178||136.85|15|130.00|55
GME211231C00300000|1.05|1.10|0.92|1.10|1.00|27|-0.10|-0.0909|140|573|1|74|0.0519|0.0019|0.0021|-0.2717|0.0289||1.00|4|0.91|6
GME211231P00300000||||||27||0.0000|0|0|0|0|-0.9521|0.0018|-0.0884|-0.2493|0.0271||146.85|12|139.80|53
GME211231C00310000|0.93|0.93|0.93|0.85|0.93|28|0.08|0.0941|10|63|1|1|0.0495|0.0018|0.0020|-0.2707|0.0278||1.02|13|0.81|10
GME211231P00310000||||||28||||0|0|0|-1.0000|0.0000|-0.0934|0.0011|0.0000||156.85|11|147.80|28
GME211231C00320000||||0.95|0.95|29|0.00|0.0000|12|34|0|0|0.0488|0.0017|0.0020|-0.2781|0.0275||1.00|15|0.67|14
GME211231P00320000||||||29||||0|0|0|-1.0000|0.0000|-0.0964|0.0012|0.0000||166.85|13|157.70|23
GME211231C00330000|0.87|0.87|0.87|0.88|0.87|30|-0.01|-0.0114|33|58|20|20|0.0447|0.0015|0.0018|-0.2637|0.0257||1.00|13|0.67|9
GME211231P00330000||||||30||||0|0|0|-1.0000|0.0000|-0.0994|0.0012|0.0000||176.85|11|167.65|23
GME211231C00340000|0.77|0.77|0.77|0.82|0.77|31|-0.05|-0.0610|1|15|1|1|0.0399|0.0014|0.0016|-0.2432|0.0234||1.00|34|0.52|41
GME211231P00340000||||||31||||0|0|0|-1.0000|0.0000|-0.1025|0.0012|0.0000||186.85|12|177.60|30
GME211231C00350000|0.69|0.70|0.63|0.75|0.65|32|-0.10|-0.1333|44|187|1|65|0.0360|0.0013|0.0015|-0.2262|0.0215||0.69|8|0.48|14
GME211231P00350000||||||32||||0|0|0|-1.0000|0.0000|-0.1055|0.0013|0.0000||196.85|12|187.60|23
GME211231C00360000||||0.77|0.77|33|0.00|0.0000|10|41|0|0|0.0381|0.0013|0.0015|-0.2475|0.0226||0.85|35|0.45|38
GME211231P00360000||||||33||||0|0|0|-1.0000|0.0000|-0.1085|0.0013|0.0000||206.85|12|197.55|30
GME211231C00370000|0.60|0.62|0.60|0.66|0.62|34|-0.04|-0.0606|2|9|1|2|0.0335|0.0011|0.0014|-0.2236|0.0203||0.85|34|0.45|22
GME211231P00370000||||||34||||0|0|0|-1.0000|0.0000|-0.1115|0.0013|0.0000||216.85|15|207.55|23
GME211231C00380000|0.65|0.65|0.65|0.72|0.65|35|-0.07|-0.0972|16|38|1|1|0.0323|0.0011|0.0013|-0.2214|0.0197||0.85|54|0.42|25
GME211231P00380000||||||35||||0|0|0|-1.0000|0.0000|-0.1145|0.0014|0.0000||226.85|12|217.35|32
GME211231C00390000||||0.68|0.68|36||0.0000|1|18|0|0|0.0300|0.0010|0.0012|-0.2103|0.0185||0.85|49|0.37|22
GME211231P00390000||||||36||0.0000|0|0|0|0|-0.9839|0.0007|-0.1169|-0.1107|0.0110||238.95|4|227.35|32
GME211231C00400000|0.42|0.49|0.42|0.60|0.47|37|-0.13|-0.2167|18|152|1|6|0.0245|0.0009|0.0010|-0.1754|0.0156||0.55|15|0.37|13
GME211231P00400000||||||37||||0|0|0|-1.0000|0.0000|-0.1205|0.0015|0.0000||248.80|11|237.35|22
GME211231C00410000|0.45|0.45|0.45|0.58|0.45|38|-0.13|-0.2241|2|37|2|2|0.0233|0.0008|0.0009|-0.1706|0.0150||0.55|20|0.27|36
GME211231P00410000||||||38||0.0000|0|0|0|0|-0.9909|0.0004|-0.1232|-0.0648|0.0068||258.80|4|247.30|33
GME211231C00420000|0.55|0.55|0.55|0.54|0.55|39|0.01|0.0185|2|260|1|1|0.0266|0.0009|0.0011|-0.2001|0.0168||0.55|23|0.26|16
GME211231P00420000||||||39||||0|0|0|-1.0000|0.0000|-0.1266|0.0015|0.0000||266.45|12|257.30|30
GME211231C00430000||||0.46|0.46|40||0.0000|1|33|0|0|0.0250|0.0008|0.0010|-0.1921|0.0159||0.55|22|0.20|26
GME211231P00430000||||||40||0.0000|0|0|0|0|-0.9952|0.0002|-0.1294|-0.0348|0.0038||276.45|14|267.25|34
GME211231C00440000||||0.61|0.61|41|0.00|0.0000|0|22|0|0|0.0279|0.0009|0.0011|-0.2189|0.0174||0.55|22|0.20|30
GME211231P00440000||||||41||||0|0|0|-1.0000|0.0000|-0.1326|0.0016|0.0000||286.45|14|277.25|33
GME211231C00450000|0.37|0.37|0.37|0.45|0.37|42|-0.08|-0.1778|7|42|1|2|0.0188|0.0006|0.0008|-0.1497|0.0125||0.54|36|0.20|51
GME211231P00450000||||||42||0.0000|0|0|0|0|-1.0000|0.0000|-0.1356|0.0016|0.0000||296.45|6|287.20|36
GME211231C00460000|0.39|0.39|0.39|0.40|0.39|43|-0.01|-0.0250|2|21|1|2|0.0200|0.0007|0.0008|-0.1625|0.0132||0.54|64|0.20|41
GME211231P00460000||||||43||0.0000|0|0|0|0|-1.0000|0.0000|-0.1386|0.0017|0.0000||306.45|13|297.20|33
GME211231C00470000||||0.40|0.40|44|0.00|0.0000|1|63|0|0|0.0202|0.0006|0.0008|-0.1669|0.0134||0.54|37|0.20|20
GME211231P00470000||||||44||0.0000|0|0|0|0|-1.0000|0.0000|-0.1416|0.0017|0.0000||316.45|13|307.15|36
GME211231C00480000||||0.37|0.37|45|0.00|0.0000|-1|41|0|0|0.0180|0.0006|0.0007|-0.1508|0.0120||0.54|32|0.20|12
GME211231P00480000||||||45||||0|0|0|-1.0000|0.0000|-0.1447|0.0017|0.0000||328.40|14|317.15|36
GME211231C00490000||||0.42|0.42|46|0.00|0.0000|20|139|0|0|0.0197|0.0006|0.0008|-0.1681|0.0130||0.54|39|0.20|12
GME211231P00490000||||||46||||0|0|0|-1.0000|0.0000|-0.1477|0.0018|0.0000||339.95|12|327.15|33
GME211231C00500000|0.34|0.35|0.19|0.37|0.28|47|-0.09|-0.2432|306|1751|1|122|0.0138|0.0005|0.0006|-0.1194|0.0096||0.31|1|0.25|11
GME211231P00500000||||||47||0.0000|0|0|0|0|-1.0000|0.0000|-0.1507|0.0018|0.0000||349.95|14|337.10|33
GME220107C00070000||||69.05|69.05|31|0.00|0.0000|0|1|0|0|0.9974|0.0002|0.0343|-0.0108|0.0028||91.30|18|84.20|46
GME220107P00070000|0.33|0.33|0.32|0.52|0.32|31|-0.20|-0.3846|2|377|10|12|-0.0173|0.0006|-0.0016|-0.0789|0.0149||0.48|27|0.18|55
GME220107C00075000||||||30||||0|0|0|1.0000|0.0000|0.0370|-0.0003|0.0000||88.65|29|78.70|55
GME220107P00075000||||1.20|1.20|30||0.0000|0|18|0|0|-0.0243|0.0009|-0.0022|-0.1040|0.0199||1.50|59|0.20|28
GME220107C00080000||||||29||||0|0|0|1.0000|0.0000|0.0394|-0.0003|0.0000||83.30|19|73.65|60
GME220107P00080000||||1.06|1.06|29|0.00|0.0000|3|6|0|0|-0.0313|0.0011|-0.0029|-0.1271|0.0247||1.15|99|0.30|83
GME220107C00085000||||||28||||0|0|0|1.0000|0.0000|0.0419|-0.0003|0.0000||78.45|18|68.85|57
GME220107P00085000||||1.48|1.48|28|0.00|0.0000|0|1|0|0|-0.0441|0.0015|-0.0041|-0.1657|0.0325||1.53|74|0.43|70
GME220107C00090000||||||27||||0|0|0|1.0000|0.0000|0.0444|-0.0003|0.0000||72.15|18|64.20|54
GME220107P00090000|0.75|0.75|0.75|1.40|0.75|27|-0.65|-0.4643|1|9|1|1|-0.0456|0.0017|-0.0041|-0.1538|0.0333||1.00|1|0.75|6
GME220107C00095000||||||26||||0|0|0|1.0000|0.0000|0.0468|-0.0004|0.0000||67.25|18|59.20|50
GME220107P00095000||||1.69|1.69|26|0.00|0.0000|11|18|0|0|-0.0562|0.0020|-0.0051|-0.1753|0.0394||1.95|68|0.75|67
GME220107C00100000||||48.73|48.73|25|0.00|0.0000|0|4|0|0|0.9363|0.0024|0.0436|-0.1804|0.0435||62.65|23|55.00|23
GME220107P00100000|1.58|1.58|1.58|1.70|1.58|25|-0.12|-0.0706|3|80|5|5|-0.0655|0.0024|-0.0059|-0.1861|0.0444||1.60|1|1.03|65
GME220107C00105000||||||24||0.0000|0|0|0|0|0.9143|0.0030|0.0440|-0.2280|0.0545||58.05|19|50.00|22
GME220107P00105000||||2.30|2.30|24|0.00|0.0000|3|18|0|0|-0.0802|0.0029|-0.0072|-0.2094|0.0519||2.27|65|1.22|74
GME220107C00110000||||||23||||0|0|0|1.0000|0.0000|0.0542|-0.0004|0.0000||55.55|35|45.55|30
GME220107P00110000||||2.85|2.85|23||0.0000|6|72|0|0|-0.0966|0.0035|-0.0087|-0.2304|0.0596||2.59|61|1.70|73
GME220107C00115000||||||22||0.0000|0|0|0|0|0.8861|0.0042|0.0465|-0.2461|0.0671||48.95|38|39.20|46
GME220107P00115000||||3.47|3.47|22|0.00|0.0000|7|21|0|0|-0.1202|0.0042|-0.0109|-0.2646|0.0697||3.55|44|2.33|34
GME220107C00120000||||39.89|39.89|21|0.00|0.0000|0|101|0|0|0.8711|0.0050|0.0477|-0.2460|0.0732||44.15|37|37.10|38
GME220107P00120000|3.35|3.35|3.32|3.85|3.35|21|-0.50|-0.1299|29|869|1|8|-0.1296|0.0050|-0.0115|-0.2475|0.0735||3.70|59|2.98|25
GME220107C00130000||||33.50|33.50|20|0.00|0.0000|0|15|0|0|0.7813|0.0063|0.0438|-0.3846|0.1027||35.65|44|29.10|37
GME220107P00130000|5.07|5.07|4.50|6.00|4.50|20|-1.50|-0.2500|9|173|10|15|-0.1924|0.0069|-0.0172|-0.3006|0.0952||5.25|18|4.45|46
GME220107C00135000||||20.10|20.10|19|0.00|0.0000|0|3|0|0|0.8555|0.0095|0.0545|-0.1512|0.0792||32.05|38|26.05|27
GME220107P00135000||||8.30|8.30|19|0.00|0.0000|67|98|0|0|-0.2452|0.0069|-0.0229|-0.3970|0.1103||7.05|94|5.25|66
GME220107C00136000||||||18||||0|0|0|1.0000|0.0000|0.0671|-0.0005|0.0000||30.45|28|25.75|12
GME220107P00136000||||||18||||0|0|0|0.0000|0.0000|0.0000|0.0000|0.0000||7.35|80|5.50|65
GME220107C00137000||||||17||0.0000|0|0|0|0|0.7409|0.0079|0.0439|-0.3703|0.1127||30.25|29|24.55|20
GME220107P00137000||||||17||||0|0|0|0.0000|0.0000|0.0000|0.0000|0.0000||8.10|99|5.55|94
GME220107C00138000||||||16||||0|0|0|1.0000|0.0000|0.0681|-0.0005|0.0000||29.10|29|24.40|9
GME220107P00138000||||8.90|8.90|16|0.00|0.0000||5|0|0|-0.2747|0.0076|-0.0255|-0.4040|0.1161||7.95|91|5.80|93
GME220107C00139000||||||15||||0|0|0|1.0000|0.0000|0.0685|-0.0005|0.0000||28.45|37|23.50|15
GME220107P00139000||||9.10|9.10|15||0.0000|15|15|0|0|-0.2755|0.0082|-0.0252|-0.3754|0.1163||7.95|60|6.15|75
GME220107C00140000||||27.09|27.09|14|0.00|0.0000|-2|21|0|0|0.7012|0.0074|0.0407|-0.4544|0.1209||27.60|34|22.75|13
GME220107P00140000||||8.25|8.25|14|0.00|0.0000|11|177|0|0|-0.2821|0.0086|-0.0257|-0.3699|0.1176||8.00|63|6.45|95
GME220107C00141000||||||13||||0|0|0|1.0000|0.0000|0.0695|-0.0005|0.0000||27.25|29|21.90|34
GME220107P00141000||||||13||||0|0|0|0.0000|0.0000|0.0000|0.0000|0.0000||9.35|111|6.75|96
GME220107C00142000||||||12||||0|0|0|1.0000|0.0000|0.0700|-0.0005|0.0000||26.75|39|20.90|23
GME220107P00142000||||||12||||0|0|0|0.0000|0.0000|0.0000|0.0000|0.0000||8.70|66|7.10|87
GME220107C00143000||||||11||0.0000|0|0|0|0|0.6866|0.0088|0.0416|-0.3990|0.1234||25.90|37|21.15|8
GME220107P00143000||||||11||||0|0|0|0.0000|0.0000|0.0000|0.0000|0.0000||10.00|92|7.45|68
GME220107C00144000||||||10||0.0000|0|0|0|0|0.6770|0.0089|0.0412|-0.4040|0.1250||25.15|38|20.15|17
GME220107P00144000||||||10||||0|0|0|0.0000|0.0000|0.0000|0.0000|0.0000||9.90|66|7.80|73
GME220107C00145000||||23.91|23.91|9||0.0000|-1|35|0|0|0.6674|0.0090|0.0407|-0.4080|0.1265||24.65|35|19.70|25
GME220107P00145000||||10.00|10.00|9|0.00|0.0000|10|120|0|0|-0.3191|0.0091|-0.0294|-0.3873|0.1253||9.90|80|8.20|83
GME220107C00146000||||||8||||0|0|0|1.0000|0.0000|0.0720|-0.0005|0.0000||23.85|42|18.95|33
GME220107P00146000||||10.38|10.38|8|0.00|0.0000||10|0|0|-0.3397|0.0095|-0.0312|-0.3930|0.1276||10.30|66|8.55|71
GME220107C00147000||||||7||0.0000|0|0|0|0|0.6496|0.0095|0.0402|-0.4017|0.1290||23.15|38|18.50|30
GME220107P00147000||||||7||0.0000|0|0|0|0|-0.3513|0.0093|-0.0325|-0.4089|0.1292||10.50|41|8.95|57
GME220107C00148000||||||6||||0|0|0|1.0000|0.0000|0.0730|-0.0006|0.0000||22.25|37|17.90|32
GME220107P00148000||||||6||||0|0|0|0.0000|0.0000|0.0000|0.0000|0.0000||11.65|83|9.30|90
GME220107C00149000||||||5||0.0000|0|0|0|0|1.0000|0.0000|0.0185|-0.0001|0.0000||21.75|38|17.15|28
GME220107P00149000||||14.00|14.00|5||0.0000|10|10|0|0|-0.3709|0.0096|-0.0344|-0.4116|0.1316||11.95|96|9.60|78
GME220107C00150000|19.00|19.00|19.00|16.08|19.00|4|2.92|0.1816|3|103|1|2|0.6184|0.0095|0.0383|-0.4274|0.1328||21.20|47|16.75|47
GME220107P00150000|10.15|11.75|10.15|12.20|11.75|4|-0.45|-0.0369|-8|192|1|7|-0.3794|0.0104|-0.0348|-0.3865|0.1325||11.80|23|11.00|1
GME220107C00152500||||16.50|16.50|3|0.00|0.0000||2|0|0|0.5934|0.0104|0.0376|-0.4009|0.1351||19.80|38|15.40|19
GME220107P00152500||||15.87|15.87|3|0.00|0.0000||10|0|0|-0.4049|0.0086|-0.0390|-0.4848|0.1349||13.65|85|10.95|36
GME220107C00155000||||17.00|17.00|2|0.00|0.0000|1|92|0|0|0.5701|0.0094|0.0355|-0.4543|0.1368||18.20|49|15.00|1
GME220107P00155000|13.82|14.40|13.25|15.00|14.40|2|-0.60|-0.0400|-8|1090|1|538|-0.4329|0.0104|-0.0404|-0.4142|0.1369||15.05|42|12.30|74
GME220107C00157500|15.26|15.26|15.16|14.00|15.16|1|1.16|0.0829||2|10|20|0.5395|0.0108|0.0346|-0.4075|0.1382||17.00|40|13.30|22
GME220107P00157500||||||1||||0|0|0|0.0000|0.0000|0.0000|0.0000|0.0000||17.35|42|13.20|39
GME220107C00160000|14.08|14.18|13.63|14.83|13.63|1|-1.20|-0.0809|1|103|1|21|0.5230|0.0095|0.0329|-0.4625|0.1387||15.30|59|12.65|34
GME220107P00160000||||21.19|21.19|1|0.00|0.0000|5|71|0|0|-0.4649|0.0082|-0.0463|-0.5315|0.1384||18.75|44|14.75|36
GME220107C00162500||||12.00|12.00|2|0.00|0.0000||2|0|0|0.4876|0.0107|0.0316|-0.4128|0.1389||14.80|33|11.50|41
GME220107P00162500||||||2||||0|0|0|-1.0000|0.0000|-0.0801|0.0006|0.0000||20.55|43|16.20|44
GME220107C00165000|12.95|12.95|11.10|12.70|11.10|3|-1.60|-0.1260|6|382|1|3|0.4708|0.0100|0.0302|-0.4403|0.1385||13.30|50|11.25|13
GME220107P00165000||||24.69|24.69|3|0.00|0.0000|1|34|0|0|-0.5014|0.0081|-0.0509|-0.5478|0.1389||20.95|20|17.90|44
GME220107C00167500|11.50|11.50|11.50|10.43|11.50|4|1.07|0.1026||1|10|10|0.4506|0.0097|0.0290|-0.4479|0.1379||11.80|18|10.10|21
GME220107P00167500||||||4||||0|0|0|-1.0000|0.0000|-0.0826|0.0006|0.0000||22.60|20|19.35|45
GME220107C00170000|10.48|10.48|9.65|10.00|9.65|5|-0.35|-0.0350|1|60|1|12|0.4305|0.0095|0.0277|-0.4506|0.1368||11.30|33|9.85|29
GME220107P00170000||||25.46|25.46|5|0.00|0.0000|0|38|0|0|-0.5503|0.0090|-0.0551|-0.4805|0.1388||24.40|17|20.85|44
GME220107C00172500|10.75|10.75|9.75|10.75|9.75|6|-1.00|-0.0930||0|1|6|0.4140|0.0092|0.0266|-0.4592|0.1357||10.30|42|9.25|31
GME220107P00172500||||||6||||0|0|0|-1.0000|0.0000|-0.0851|0.0006|0.0000||26.40|24|22.15|55
GME220107C00175000|10.00|10.00|10.00|9.45|10.00|7|0.55|0.0582|-1|125|1|1|0.3967|0.0089|0.0255|-0.4615|0.1342||9.95|45|8.65|49
GME220107P00175000||||31.93|31.93|7|0.00|0.0000|-1|107|0|0|-0.5679|0.0077|-0.0596|-0.5605|0.1369||29.15|22|24.45|53
GME220107C00180000|8.00|8.43|8.00|9.30|8.43|8|-0.87|-0.0935|61|162|1|5|0.3601|0.0089|0.0236|-0.4365|0.1312||8.50|24|7.70|32
GME220107P00180000|31.10|31.10|31.10|32.75|31.10|8|-1.65|-0.0504|0|162|1|1|-0.6596|0.0091|-0.0664|-0.4077|0.1276||33.95|36|28.25|56
GME220107C00185000|7.50|7.50|7.50|8.30|7.50|9|-0.80|-0.0964|5|53|1|1|0.3327|0.0083|0.0218|-0.4412|0.1274||7.65|22|6.90|20
GME220107P00185000||||39.40|39.40|9|0.00|0.0000|0|7|0|0|-0.6284|0.0072|-0.0681|-0.5497|0.1317||36.85|22|32.55|22
GME220107C00190000||||7.51|7.51|10||0.0000|3|120|0|0|0.2924|0.0078|0.0191|-0.4187|0.1196||7.00|22|6.15|59
GME220107P00190000||||42.23|42.23|10|0.00|0.0000|11|37|0|0|-0.6712|0.0072|-0.0728|-0.5013|0.1259||41.80|22|36.80|31
GME220107C00195000||||6.50|6.50|11|0.00|0.0000|1|150|0|0|0.2785|0.0072|0.0181|-0.4335|0.1169||6.85|56|5.60|62
GME220107P00195000||||49.52|49.52|11||0.0000|1|11|0|0|-0.7267|0.0073|-0.0783|-0.4213|0.1158||47.00|30|40.55|36
GME220107C00200000|5.75|6.35|5.45|6.09|5.45|12|-0.64|-0.1051|77|376|1|12|0.2592|0.0068|0.0169|-0.4301|0.1128||5.85|15|5.20|71
GME220107P00200000|48.71|48.90|48.71|50.11|48.90|12|-1.21|-0.0241|4|41|6|17|-0.7499|0.0069|-0.0822|-0.4091|0.1107||50.35|20|45.35|38
GME220107C00205000|5.16|5.16|5.16|5.00|5.16|13|0.16|0.0320|7|103|1|1|0.2314|0.0064|0.0152|-0.4017|0.1061||5.65|44|4.75|50
GME220107P00205000|53.32|53.36|53.32|57.92|53.35|13|-4.57|-0.0789|3|17|6|17|-0.7711|0.0064|-0.0861|-0.3953|0.1055||54.65|12|49.75|32
GME220107C00210000|4.80|4.80|4.80|5.37|4.80|14|-0.57|-0.1061|2|72|1|1|0.2155|0.0060|0.0141|-0.3951|0.1019||5.70|78|4.50|36
GME220107P00210000||||62.52|62.52|14||0.0000|3|31|0|0|-0.7800|0.0060|-0.0892|-0.4047|0.1031||59.65|20|54.15|30
GME220107C00215000||||5.80|5.80|15|0.00|0.0000|-3|19|0|0|0.2303|0.0056|0.0147|-0.4585|0.1058||5.30|44|4.05|39
GME220107P00215000||||75.49|75.49|15|0.00|0.0000|0|4|0|0|-0.6158|0.0044|-0.0850|-0.9192|0.1330||65.45|21|58.40|33
GME220107C00220000|4.25|4.25|4.25|4.28|4.25|16|-0.03|-0.0070|9|125|1|1|0.1898|0.0053|0.0124|-0.3842|0.0944||5.15|79|3.85|55
GME220107P00220000||||70.80|70.80|16||0.0000|0|17|0|0|-0.7990|0.0054|-0.0953|-0.4061|0.0985||69.70|22|63.45|29
GME220107C00225000|3.80|3.80|3.80|3.77|3.80|17|0.03|0.0080|1|89|1|1|0.1727|0.0050|0.0113|-0.3632|0.0890||4.35|45|3.65|33
GME220107P00225000||||80.23|80.23|17|0.00|0.0000|0|1|0|0|-0.6846|0.0046|-0.0927|-0.7666|0.1238||74.65|27|67.00|43
GME220107C00230000||||3.55|3.55|18||0.0000|0|39|0|0|0.1670|0.0047|0.0109|-0.3677|0.0871||4.30|65|3.35|51
GME220107P00230000||||77.14|77.14|18|0.00|0.0000|0|1|0|0|-0.8203|0.0048|-0.1018|-0.3996|0.0913||80.05|31|72.60|31
GME220107C00235000|3.67|3.67|3.67|3.45|3.67|19|0.22|0.0638|0|11|1|1|0.1557|0.0045|0.0102|-0.3560|0.0832||4.65|79|3.10|66
GME220107P00235000||||87.29|87.29|19|0.00|0.0000|2|2|0|0|-0.7281|0.0045|-0.0996|-0.6855|0.1164||85.50|27|77.90|19
GME220107C00240000|3.35|3.35|3.35|3.40|3.35|20|-0.05|-0.0147|0|61|1|1|0.1494|0.0042|0.0097|-0.3550|0.0810||4.55|96|3.10|49
GME220107P00240000||||91.94|91.94|20|0.00|0.0000|3|4|0|0|-0.7422|0.0043|-0.1030|-0.6722|0.1124||90.30|33|82.45|28
GME220107C00245000||||3.45|3.45|21|0.00|0.0000|0|7|0|0|0.1486|0.0041|0.0096|-0.3678|0.0807||4.45|59|2.98|42
GME220107P00245000||||||21||||0|0|0|-1.0000|0.0000|-0.1208|0.0009|0.0000||94.70|18|87.50|17
GME220107C00250000|3.60|3.63|3.20|3.50|3.61|22|0.11|0.0314|16|112|1|6|0.1495|0.0039|0.0096|-0.3847|0.0810||3.55|75|2.88|30
GME220107P00250000||||71.60|71.60|22|0.00|0.0000|0|1|0|0|-0.9837|0.0012|-0.1221|-0.0360|0.0142||98.65|15|91.90|19
GME220107C00255000||||3.35|3.35|23|0.00|0.0000|1|9|0|0|0.1403|0.0037|0.0090|-0.3717|0.0776||3.85|83|2.72|40
GME220107P00255000||||105.79|105.79|23||0.0000|0|11|0|0|-0.8765|0.0036|-0.1177|-0.3218|0.0711||103.55|17|97.05|21
GME220107C00260000||||2.90|2.90|24||0.0000|0|51|0|0|0.1237|0.0035|0.0080|-0.3348|0.0712||3.50|78|2.56|53
GME220107P00260000||||111.95|111.95|24||0.0000|0|14|0|0|-0.8828|0.0034|-0.1206|-0.3147|0.0685||109.75|32|102.15|25
GME220107C00265000||||3.01|3.01|25||0.0000|1|11|0|0|0.1148|0.0033|0.0075|-0.3187|0.0675||3.40|46|2.23|84
GME220107P00265000||||79.40|79.40|25|0.00|0.0000|0|2|0|0|-0.9892|0.0008|-0.1299|-0.0261|0.0099||114.20|18|103.60|29
GME220107C00270000||||2.50|2.50|26|0.00|0.0000|0|95|0|0|0.1105|0.0031|0.0072|-0.3155|0.0657||3.15|38|2.25|47
GME220107P00270000||||80.41|80.41|26|0.00|0.0000|0|1|0|0|-0.9925|0.0006|-0.1326|-0.0183|0.0072||118.65|17|111.90|18
GME220107C00275000||||3.05|3.05|27|0.00|0.0000|0|4|0|0|0.1232|0.0032|0.0079|-0.3652|0.0709||3.05|41|2.10|66
GME220107P00275000||||||27||||0|0|0|-1.0000|0.0000|-0.1356|0.0010|0.0000||126.00|17|113.30|21
GME220107C00280000|2.58|2.58|2.40|2.70|2.40|28|-0.30|-0.1111|-1|55|1|2|0.1090|0.0029|0.0070|-0.3290|0.0651||2.79|51|2.12|40
GME220107P00280000||||97.55|97.55|28|0.00|0.0000|0|15|0|0|-0.9850|0.0010|-0.1370|-0.0405|0.0132||129.30|20|120.55|18
GME220107C00285000||||2.26|2.26|29|0.00|0.0000|95|102|0|0|0.0985|0.0028|0.0064|-0.3031|0.0605||3.00|48|1.98|61
GME220107P00285000||||||29||||0|0|0|-1.0000|0.0000|-0.1405|0.0011|0.0000||135.80|17|123.20|22
GME220107C00290000||||2.40|2.40|30|0.00|0.0000|1|54|0|0|0.1009|0.0027|0.0065|-0.3189|0.0615||2.64|37|2.00|34
GME220107P00290000||||||30||||0|0|0|-1.0000|0.0000|-0.1430|0.0011|0.0000||140.75|13|128.25|23
GME220107C00300000|2.11|2.31|2.11|2.30|2.31|31|0.01|0.0043|117|332|1|3|0.0901|0.0025|0.0058|-0.2963|0.0566||2.26|5|1.86|21
GME220107P00300000||||||31||||0|0|0|-1.0000|0.0000|-0.1479|0.0011|0.0000||150.60|17|137.90|22
GME220107C00310000||||1.99|1.99|32|0.00|0.0000|0|42|0|0|0.0843|0.0023|0.0054|-0.2887|0.0539||2.23|2|1.65|19
GME220107P00310000||||||32||||0|0|0|-1.0000|0.0000|-0.1529|0.0012|0.0000||161.35|16|147.10|13
GME220107C00320000|1.99|1.99|1.99|2.05|1.99|33|-0.06|-0.0293|1|10|1|1|0.0777|0.0021|0.0050|-0.2759|0.0507||2.28|13|1.65|16
GME220107P00320000||||||33||||0|0|0|-1.0000|0.0000|-0.1578|0.0012|0.0000||171.00|16|157.00|17
GME220107C00330000||||2.00|2.00|34||0.0000|1|11|0|0|0.0731|0.0020|0.0047|-0.2685|0.0483||2.06|16|1.43|22
GME220107P00330000||||||34||||0|0|0|-1.0000|0.0000|-0.1627|0.0012|0.0000||181.15|13|168.00|21
GME220107C00340000||||1.87|1.87|35|0.00|0.0000|13|22|0|0|0.0754|0.0020|0.0048|-0.2871|0.0495||2.26|22|1.17|31
GME220107P00340000||||||35||0.0000|0|0|0|0|-0.9452|0.0017|-0.1641|-0.2049|0.0386||192.30|5|178.10|21
GME220107C00350000||||1.63|1.63|36||0.0000|0|67|0|0|0.0642|0.0017|0.0041|-0.2512|0.0438||2.38|30|1.08|28
GME220107P00350000||||||36||||0|0|0|-1.0000|0.0000|-0.1726|0.0013|0.0000||202.30|18|187.70|21
GME220107C00360000||||1.62|1.62|37||0.0000|-1|57|0|0|0.0616|0.0017|0.0039|-0.2478|0.0423||2.21|29|1.08|25
GME220107P00360000||||||37||||0|0|0|-1.0000|0.0000|-0.1775|0.0013|0.0000||212.20|24|197.85|23
GME220107C00370000||||1.50|1.50|38|0.00|0.0000|6|34|0|0|0.0610|0.0016|0.0039|-0.2527|0.0420||2.22|29|1.10|46
GME220107P00370000||||||38||||0|0|0|-1.0000|0.0000|-0.1825|0.0014|0.0000||222.10|14|207.80|29
GME220107C00380000||||1.40|1.40|39||0.0000|0|184|0|0|0.0586|0.0015|0.0037|-0.2490|0.0407||1.87|13|1.12|19
GME220107P00380000||||||39||||0|0|0|-1.0000|0.0000|-0.1874|0.0014|0.0000||232.05|7|217.85|23
GME220107C00390000||||1.75|1.75|40|0.00|0.0000|0|13|0|0|0.0676|0.0016|0.0043|-0.2959|0.0458||1.79|13|1.04|22
GME220107P00390000||||||40||||0|0|0|-1.0000|0.0000|-0.1923|0.0015|0.0000||242.00|12|227.75|27
GME220107C00400000||||1.20|1.20|41|0.00|0.0000|0|57|0|0|0.0495|0.0013|0.0032|-0.2200|0.0356||1.71|23|0.96|24
GME220107P00400000||||||41||0.0000|0|0|0|0|-0.9534|0.0013|-0.1943|-0.2053|0.0339||251.90|12|237.75|27
GME220107C00410000||||1.58|1.58|42|0.00|0.0000|0|20|0|0|0.0594|0.0014|0.0037|-0.2712|0.0411||1.63|10|0.88|18
GME220107P00410000||||||42||||0|0|0|-1.0000|0.0000|-0.2022|0.0015|0.0000||261.85|6|247.70|27
GME220107C00420000||||1.05|1.05|43||0.0000|-2|29|0|0|0.0472|0.0012|0.0030|-0.2191|0.0343||1.54|14|0.80|14
GME220107P00420000||||||43||||0|0|0|-1.0000|0.0000|-0.2071|0.0016|0.0000||271.80|12|258.10|27
GME220107C00430000||||1.12|1.12|44|0.00|0.0000|0|14|0|0|0.0450|0.0012|0.0029|-0.2134|0.0330||1.47|15|0.73|15
GME220107P00430000||||||44||||0|0|0|-1.0000|0.0000|-0.2120|0.0016|0.0000||281.75|12|267.55|27
GME220107C00440000|0.95|1.00|0.95|1.15|1.00|45|-0.15|-0.1304|83|406|1|3|0.0394|0.0011|0.0025|-0.1898|0.0296||1.12|5|0.92|20
GME220107P00440000||||||45||||0|0|0|-1.0000|0.0000|-0.2170|0.0016|0.0000||289.85|12|276.80|27
GME220114C00070000||||||17||||0|0|0|1.0000|0.0000|0.0479|-0.0003|0.0000||94.40|15|84.90|12
GME220114P00070000|1.00|1.00|1.00|1.10|1.00|17|-0.10|-0.0909|1|4|1|1|-0.0258|0.0008|-0.0034|-0.0903|0.0248||2.43|3|0.35|13
GME220114C00075000||||74.45|74.45|16|0.00|0.0000|0|1|0|0|0.9862|0.0006|0.0497|-0.0406|0.0145||89.10|8|79.10|27
GME220114P00075000||||||16||||0|0|0|0.0000|0.0000|0.0000|0.0000|0.0000||2.72|25|0.40|58
GME220114C00080000||||||15||||0|0|0|1.0000|0.0000|0.0548|-0.0003|0.0000||84.10|6|74.15|28
GME220114P00080000||||1.05|1.05|15|0.00|0.0000|2|12|0|0|-0.0323|0.0011|-0.0041|-0.0928|0.0297||1.40|5|0.56|8
GME220114C00085000||||||14||||0|0|0|1.0000|0.0000|0.0582|-0.0003|0.0000||77.65|13|67.65|29
GME220114P00085000||||2.80|2.80|14|0.00|0.0000|0|1|0|0|-0.0653|0.0017|-0.0088|-0.1922|0.0522||1.99|7|0.00|0
GME220114C00090000||||||13||||0|0|0|1.0000|0.0000|0.0616|-0.0003|0.0000||73.60|18|63.60|30
GME220114P00090000||||2.02|2.02|13||0.0000|0|27|0|0|-0.0549|0.0018|-0.0071|-0.1380|0.0456||2.25|13|1.08|5
GME220114C00095000||||||12||||0|0|0|1.0000|0.0000|0.0651|-0.0004|0.0000||68.75|16|58.75|28
GME220114P00095000||||||12||0.0000|0|0|0|0|-0.0644|0.0021|-0.0082|-0.1488|0.0517||2.49|15|1.50|4
GME220114C00100000||||||11||||0|0|0|1.0000|0.0000|0.0685|-0.0004|0.0000||64.70|17|54.70|10
GME220114P00100000||||2.45|2.45|11|0.00|0.0000|-5|43|0|0|-0.0765|0.0025|-0.0098|-0.1624|0.0590||3.30|18|1.28|12
GME220114C00105000||||||10||||0|0|0|1.0000|0.0000|0.0719|-0.0004|0.0000||60.75|9|50.75|11
GME220114P00105000||||5.09|5.09|10|0.00|0.0000|0|12|0|0|-0.1190|0.0030|-0.0161|-0.2646|0.0822||3.30|10|1.57|22
GME220114C00110000||||||9||0.0000|0|0|0|0|0.8888|0.0036|0.0611|-0.2008|0.0778||54.70|7|46.35|9
GME220114P00110000||||4.00|4.00|9|0.00|0.0000|3|12|0|0|-0.1184|0.0036|-0.0153|-0.2188|0.0813||5.35|21|2.47|13
GME220114C00115000||||||8||||0|0|0|1.0000|0.0000|0.0788|-0.0004|0.0000||52.20|10|42.85|8
GME220114P00115000||||5.05|5.05|8||0.0000|0|6|0|0|-0.1354|0.0042|-0.0174|-0.2262|0.0893||7.30|21|3.15|9
GME220114C00120000||||46.00|46.00|7|0.00|0.0000|1|62|0|0|0.8050|0.0041|0.0549|-0.3705|0.1140||46.85|32|38.30|16
GME220114P00120000||||5.73|5.73|7|0.00|0.0000|0|79|0|0|-0.1666|0.0048|-0.0216|-0.2618|0.1025||5.75|10|3.90|9
GME220114C00130000||||26.91|26.91|6|0.00|0.0000|0|7|0|0|0.8936|0.0073|0.0767|-0.0931|0.0754||37.85|19|30.00|14
GME220114P00130000|6.55|6.55|6.55|7.05|6.55|6|-0.50|-0.0709|1|81|10|10|-0.2179|0.0063|-0.0280|-0.2744|0.1208||7.50|10|5.95|12
GME220114C00135000||||||5||||0|0|0|1.0000|0.0000|0.0925|-0.0005|0.0000||34.00|6|26.00|10
GME220114P00135000||||10.50|10.50|5|0.00|0.0000|0|3|0|0|-0.2685|0.0063|-0.0359|-0.3432|0.1353||9.10|13|7.05|13
GME220114C00140000|27.00|27.97|27.00|27.80|27.97|4|0.17|0.0061|-1|27|2|4|0.7067|0.0070|0.0568|-0.3386|0.1423||30.80|10|25.00|8
GME220114P00140000|10.25|10.25|10.10|10.22|10.10|4|-0.12|-0.0117|5|42|1|4|-0.2959|0.0076|-0.0386|-0.3140|0.1418||10.80|13|8.95|13
GME220114C00145000||||23.72|23.72|3|0.00|0.0000|0|20|0|0|0.6611|0.0081|0.0546|-0.3328|0.1502||27.20|13|21.45|12
GME220114P00145000||||14.50|14.50|3|0.00|0.0000|0|29|0|0|-0.3435|0.0072|-0.0467|-0.3777|0.1509||12.85|10|11.00|12
GME220114C00150000||||21.80|21.80|2|0.00|0.0000|0|37|0|0|0.6172|0.0080|0.0512|-0.3626|0.1566||23.85|11|19.10|13
GME220114P00150000||||15.95|15.95|2||0.0000|0|36|0|0|-0.3828|0.0083|-0.0512|-0.3519|0.1566||15.30|16|12.25|14
GME220114C00155000|19.90|19.90|19.90|17.43|19.90|1|2.47|0.1417|-1|29|1|1|0.5709|0.0092|0.0492|-0.3340|0.1611||21.45|18|16.95|15
GME220114P00155000|17.03|17.05|16.65|19.75|16.65|1|-3.10|-0.1570|7|22|1|3|-0.4169|0.0086|-0.0563|-0.3536|0.1613||18.40|16|16.00|12
GME220114C00160000|17.34|17.34|16.10|18.00|16.10|1|-1.90|-0.1056|1|53|1|4|0.5405|0.0086|0.0466|-0.3652|0.1641||17.30|14|14.95|16
GME220114P00160000|19.85|19.85|19.85|21.07|19.85|1|-1.22|-0.0579|0|64|1|1|-0.4704|0.0088|-0.0641|-0.3588|0.1633||21.35|19|17.95|10
GME220114C00165000|14.95|14.95|14.95|15.30|14.95|2|-0.35|-0.0229|-1|49|1|1|0.5018|0.0084|0.0434|-0.3777|0.1649||17.05|12|13.90|13
GME220114P00165000||||32.45|32.45|2|0.00|0.0000|0|7|0|0|-0.4575|0.0057|-0.0714|-0.5505|0.1628||24.80|12|20.30|12
GME220114C00170000||||14.57|14.57|3|0.00|0.0000|-8|26|0|0|0.4645|0.0079|0.0396|-0.4020|0.1631||14.20|8|11.00|9
GME220114P00170000||||29.82|29.82|3||0.0000|10|30|0|0|-0.5464|0.0084|-0.0771|-0.3746|0.1626||27.35|9|24.15|6
GME220114C00175000|12.00|12.00|12.00|13.30|12.00|4|-1.30|-0.0977|4|30|2|2|0.4194|0.0081|0.0365|-0.3767|0.1604||12.95|8|10.65|20
GME220114P00175000||||36.64|36.64|4|0.00|0.0000|0|3|0|0|-0.5265|0.0062|-0.0817|-0.5073|0.1634||31.20|8|27.35|10
GME220114C00180000||||10.20|10.20|5|0.00|0.0000|0|41|0|0|0.3795|0.0081|0.0335|-0.3600|0.1562||12.20|16|9.95|14
GME220114P00180000||||37.25|37.25|5|0.00|0.0000|20|23|0|0|-0.5794|0.0069|-0.0879|-0.4429|0.1605||36.00|10|31.05|11
GME220114C00185000|10.00|10.00|9.60|10.70|9.60|6|-1.10|-0.1028|0|29|1|2|0.3609|0.0075|0.0316|-0.3761|0.1537||10.75|16|8.65|14
GME220114P00185000||||47.02|47.02|6|0.00|0.0000|0|2|0|0|-0.5501|0.0055|-0.0915|-0.5737|0.1624||41.05|11|31.75|14
GME220114C00190000|9.55|9.55|9.55|10.44|9.55|7|-0.89|-0.0852|20|42|1|1|0.3410|0.0070|0.0298|-0.3833|0.1505||10.20|8|7.45|10
GME220114P00190000||||45.63|45.63|7|0.00|0.0000|21|32|0|0|-0.6229|0.0064|-0.0984|-0.4533|0.1559||44.15|17|39.30|15
GME220114C00195000||||8.80|8.80|8|0.00|0.0000|0|16|0|0|0.3180|0.0067|0.0278|-0.3793|0.1464||9.15|14|7.05|11
GME220114P00195000||||47.30|47.30|8||0.0000|0|8|0|0|-0.6863|0.0068|-0.1060|-0.3709|0.1455||48.60|19|40.90|13
GME220114C00200000|7.80|8.41|7.80|8.95|8.38|9|-0.57|-0.0637|57|150|1|3|0.3011|0.0064|0.0263|-0.3818|0.1429||8.50|19|7.00|13
GME220114P00200000|51.00|51.90|48.50|52.31|49.30|9|-3.01|-0.0575|1|15|3|190|-0.7069|0.0064|-0.1112|-0.3667|0.1412||52.30|13|49.30|6
GME220114C00205000||||6.73|6.73|10|0.00|0.0000|2|15|0|0|0.2707|0.0063|0.0242|-0.3505|0.1369||8.60|21|6.45|15
GME220114P00205000||||60.94|60.94|10|0.00|0.0000|0|19|0|0|-0.6469|0.0053|-0.1116|-0.5196|0.1525||57.85|20|51.65|9
GME220114C00210000||||7.32|7.32|11||0.0000|1|20|0|0|0.2574|0.0059|0.0229|-0.3523|0.1334||7.45|5|6.20|7
GME220114P00210000||||65.13|65.13|11|0.00|0.0000|0|19|0|0|-0.6577|0.0052|-0.1157|-0.5225|0.1519||62.35|9|56.20|7
GME220114C00215000|6.24|6.24|6.24|6.18|6.24|12|0.06|0.0097|0|20|1|1|0.2381|0.0056|0.0210|-0.3443|0.1270||7.75|17|5.70|10
GME220114P00215000||||||12||||0|0|0|-1.0000|0.0000|-0.1472|0.0008|0.0000||70.30|10|60.35|9
GME220114C00220000|7.91|7.92|7.90|6.60|7.90|13|1.30|0.1970|-1|24|16|20|0.2241|0.0053|0.0198|-0.3386|0.1228||7.55|31|5.30|12
GME220114P00220000||||||13||||0|0|0|-1.0000|0.0000|-0.1507|0.0008|0.0000||73.70|7|64.80|5
GME220114C00225000||||5.75|5.75|14|0.00|0.0000|1|6|0|0|0.2177|0.0050|0.0192|-0.3447|0.1208||9.45|11|4.75|16
GME220114P00225000||||61.10|61.10|14|0.00|0.0000|0|1|0|0|-0.9376|0.0036|-0.1480|-0.0837|0.0504||79.35|11|69.40|5
GME220114C00230000|5.94|7.10|5.83|5.35|7.09|15|1.74|0.3252|14|28|16|40|0.2142|0.0048|0.0187|-0.3552|0.1197||6.80|41|4.60|15
GME220114P00230000||||75.60|75.60|15|0.00|0.0000|0|1|0|0|-0.8447|0.0047|-0.1433|-0.2428|0.0979||82.35|2|74.10|8
GME220114C00235000||||8.93|8.93|16|0.00|0.0000|1|12|0|0|0.2629|0.0045|0.0218|-0.4771|0.1339||7.10|13|4.40|8
GME220114P00235000||||||16||||0|0|0|-1.0000|0.0000|-0.1609|0.0009|0.0000||88.15|7|78.15|13
GME220114C00240000|5.21|5.21|5.09|4.50|5.09|17|0.59|0.1311|0|10|2|20|0.1896|0.0044|0.0166|-0.3359|0.1112||6.25|12|3.90|16
GME220114P00240000||||||17||||0|0|0|-1.0000|0.0000|-0.1644|0.0009|0.0000||93.40|7|83.45|13
GME220114C00245000||||6.45|6.45|18|0.00|0.0000|1|29|0|0|0.2180|0.0042|0.0187|-0.4089|0.1218||5.95|10|3.25|20
GME220114P00245000||||||18||||0|0|0|-1.0000|0.0000|-0.1678|0.0009|0.0000||97.65|5|87.70|5
GME220114C00250000|5.31|5.31|5.25|4.96|5.25|19|0.29|0.0585|4|50|1|2|0.1657|0.0040|0.0146|-0.3112|0.1022||6.35|16|3.70|14
GME220114P00250000||||||19||0.0000|0|0|0|0|-0.8317|0.0040|-0.1564|-0.3156|0.1032||102.75|5|93.15|13
GME220114C00255000||||4.15|4.15|20|0.00|0.0000|0|11|0|0|0.1597|0.0038|0.0141|-0.3092|0.0997||5.50|9|3.40|15
GME220114P00255000||||||20||0.0000|0|0|0|0|-0.8403|0.0038|-0.1606|-0.3083|0.0997||107.75|8|97.80|8
GME220114C00260000||||4.02|4.02|21|0.00|0.0000|0|7|0|0|0.1582|0.0037|0.0140|-0.3147|0.0998||8.35|28|3.10|21
GME220114P00260000||||||21||0.0000|0|0|0|0|-0.8476|0.0037|-0.1646|-0.3024|0.0967||115.00|3|103.35|13
GME220114C00265000||||3.85|3.85|22|0.00|0.0000|-1|2|0|0|0.1474|0.0035|0.0130|-0.3019|0.0946||5.50|10|3.45|8
GME220114P00265000||||||22||||0|0|0|-1.0000|0.0000|-0.1815|0.0010|0.0000||119.80|3|107.65|13
GME220114C00270000|4.45|4.45|3.25|3.80|3.25|23|-0.55|-0.1447|2|2|8|11|0.1425|0.0034|0.0125|-0.2998|0.0925||5.25|16|3.25|15
GME220114P00270000||||||23||||0|0|0|-1.0000|0.0000|-0.1849|0.0010|0.0000||124.65|3|110.65|13
GME220114C00275000||||||24||||0|0|0|0.0000|0.0000|0.0000|0.0000|0.0000||4.60|7|2.70|17
GME220114P00275000||||||24||0.0000|0|0|0|0|-0.8655|0.0032|-0.1765|-0.2883|0.0889||128.50|13|114.65|13
GME220114C00280000||||4.20|4.20|25|0.00|0.0000|0|1|0|0|0.1484|0.0032|0.0128|-0.3311|0.0950||4.45|11|2.95|10
GME220114P00280000||||||25||0.0000|0|0|0|0|-0.8753|0.0031|-0.1807|-0.2729|0.0844||131.40|17|119.10|6
GME220114C00285000||||3.50|3.50|26|0.00|0.0000|0|10|0|0|0.1307|0.0030|0.0114|-0.2958|0.0871||4.30|18|2.50|20
GME220114P00285000||||||26||||0|0|0|-1.0000|0.0000|-0.1952|0.0011|0.0000||137.00|6|124.40|5
GME220114C00290000|3.27|3.27|3.26|3.42|3.26|27|-0.16|-0.0468|0|19|1|10|0.1234|0.0029|0.0108|-0.2850|0.0837||4.20|11|2.50|25
GME220114P00290000||||||27||||0|0|0|-1.0000|0.0000|-0.1986|0.0011|0.0000||141.90|8|132.00|6
GME220114C00300000||||3.15|3.15|28||0.0000|26|83|0|0|0.1206|0.0028|0.0106|-0.2905|0.0830||4.55|13|2.30|12
GME220114P00300000||||||28||||0|0|0|-1.0000|0.0000|-0.2055|0.0011|0.0000||151.65|6|140.00|4
GME220114C00310000||||2.95|2.95|29|0.00|0.0000|0|0|0|0|0.1128|0.0026|0.0099|-0.2823|0.0792||4.35|13|2.00|22
GME220114P00310000||||||29||0.0000|0|0|0|0|-0.8965|0.0025|-0.2032|-0.2569|0.0739||161.45|8|148.80|5
GME220114C00320000||||2.94|2.94|30|0.00|0.0000|20|27|0|0|0.1071|0.0024|0.0093|-0.2784|0.0757||4.15|20|2.16|24
GME220114P00320000||||||30||||0|0|0|-1.0000|0.0000|-0.2192|0.0012|0.0000||172.50|15|157.95|13
GME220114C00330000||||2.77|2.77|31|0.00|0.0000|0|8|0|0|0.1008|0.0023|0.0087|-0.2708|0.0725||3.35|7|2.15|7
GME220114P00330000||||||31||||0|0|0|-1.0000|0.0000|-0.2260|0.0013|0.0000||182.45|13|167.55|18
GME220114C00340000||||2.54|2.54|32|0.00|0.0000|0|5|0|0|0.0933|0.0022|0.0081|-0.2582|0.0684||3.20|8|2.00|14
GME220114P00340000||||||32||||0|0|0|-0.8438|0.0000|-0.1507|0.0008|0.0000||191.05|13|177.50|13
GME220114C00350000|2.70|2.70|2.70|2.24|2.70|33|0.46|0.2054|1|22|1|1|0.0953|0.0021|0.0082|-0.2727|0.0695||3.20|6|1.40|13
GME220114P00350000||||||33||||0|0|0|-1.0000|0.0000|-0.2397|0.0013|0.0000||202.10|4|187.30|18
GME220114C00360000||||2.41|2.41|34|0.00|0.0000|4|89|0|0|0.0867|0.0020|0.0075|-0.2545|0.0648||3.10|23|0.69|20
GME220114P00360000||||||34||||0|0|0|-1.0000|0.0000|-0.2466|0.0014|0.0000||210.65|15|197.20|18
GME220121C00000500||||149.10|152.00|50|||0|3|0|0|1.0000|0.0000|0.0004|0.0000|0.0000||162.85|12|152.55|27
