symbol|open|high|low|preClose|close|activeLevel|change|changeRatio|openIntChange|openInterest|latestPriceVol|volume|delta|gamma|rho|theta|vega|tradeStamptradeTime|ask|avol|bid|bvol
GME211203C00100000|83.51|83.51|83.51|82.00|83.51|13|1.51|0.0184|0|10|1|1|0.9390|0.0015|0.0047|-2.4688|0.0162||83.35|17|79.50|12
GME211203P00100000|0.08|0.09|0.02|0.08|0.09|13|0.01|0.1250|146|513|1|117|-0.0051|0.0003|-0.0001|-0.1636|0.0020||0.09|8|0.05|2
GME211203C00110000||||135.99|135.99|12|0.00|0.0000|0|1|0|0|0.9620|0.0001|0.0084|-0.6222|0.0490||73.40|16|69.25|12
GME211203P00110000|0.09|0.25|0.07|0.17|0.17|12|0.00|0.0000|15|172|2|50|-0.0076|0.0005|-0.0001|-0.2039|0.0028||0.17|1|0.06|32
GME211203C00120000||||||11||||0|0|0|1.0000|0.0000|0.0066|-0.0004|0.0000||63.60|10|59.30|12
GME211203P00120000|0.29|0.30|0.10|0.25|0.18|11|-0.07|-0.2800|148|381|2|170|-0.0131|0.0010|-0.0001|-0.2967|0.0045||0.22|8|0.16|12
GME211203C00130000||||65.44|65.44|10|0.00|0.0000|0|1|0|0|0.8077|0.0027|0.0044|-6.9947|0.0367||53.85|17|49.70|12
GME211203P00130000|0.16|0.50|0.16|0.40|0.30|10|-0.10|-0.2500|26|976|2|99|-0.0216|0.0017|-0.0002|-0.4036|0.0069||0.35|11|0.23|29
GME211203C00140000||||55.33|55.33|9|0.00|0.0000|0|6|0|0|0.7799|0.0033|0.0047|-6.5533|0.0397||44.15|27|39.50|12
GME211203P00140000|0.69|0.77|0.28|0.50|0.35|9|-0.15|-0.3000|57|1151|50|344|-0.2343|0.0027|-0.0687|-0.4436|0.1816||0.47|2|0.31|58
GME211203C00150000||||44.80|44.80|8|0.00|0.0000|0|6|0|0|0.7473|0.0043|0.0049|-5.9139|0.0429||34.40|23|29.85|15
GME211203P00150000|1.85|1.85|0.42|0.94|0.57|8|-0.37|-0.3936|17|1198|1|842|-0.0617|0.0053|-0.0006|-0.7024|0.0163||0.64|1|0.50|30
GME211203C00155000||||27.75|27.75|7|0.00|0.0000|0|5|0|0|0.8694|0.0079|0.0071|-1.4243|0.0284||29.65|26|24.85|16
GME211203P00155000|0.73|1.61|0.50|1.30|0.92|7|-0.38|-0.2923|34|992|1|161|-0.0578|0.0062|-0.0006|-0.5417|0.0155||0.90|1|0.66|34
GME211203C00160000|20.00|23.00|20.00|28.80|23.00|6|-5.80|-0.2014|0|115|3|42|0.9382|0.0080|0.0081|-0.4630|0.0164||24.90|70|20.40|64
GME211203P00160000|1.00|2.35|0.72|1.85|1.00|6|-0.85|-0.4595|14|440|1|799|-0.3090|0.0042|-0.0831|-0.3794|0.2085||1.13|1|0.91|34
GME211203C00165000||||32.50|32.50|5|0.00|0.0000|-1|31|0|0|0.6707|0.0057|0.0049|-5.7072|0.0485||20.15|42|15.65|16
GME211203P00165000|1.61|3.55|0.94|2.60|1.40|5|-1.20|-0.4615|467|783|1|1596|-0.1438|0.0136|-0.0015|-0.9414|0.0304||1.50|1|1.25|40
GME211203C00170000|11.23|13.59|8.50|13.25|13.35|4|0.10|0.0075|10|50|1|49|0.7762|0.0182|0.0070|-1.2308|0.0401||15.25|65|11.55|64
GME211203P00170000|2.31|5.10|1.45|3.72|1.86|4|-1.86|-0.5000|275|934|2|2096|-0.2197|0.0189|-0.0023|-1.1589|0.0397||2.36|17|1.90|65
GME211203C00175000|9.64|10.53|6.00|9.70|10.00|3|0.30|0.0309|29|117|1|44|0.7007|0.0262|0.0065|-1.1519|0.0466||10.55|71|8.25|65
GME211203P00175000|1.95|7.25|1.95|4.95|3.50|3|-1.45|-0.2929|181|483|8|1342|-0.3097|0.0248|-0.0032|-1.2513|0.0473||3.50|5|3.10|12
GME211203C00177500|10.10|10.10|4.70|7.55|8.24|2|0.69|0.0914|4|7|1|54|0.6333|0.0320|0.0059|-1.1085|0.0505||9.30|63|6.75|9
GME211203P00177500|4.40|8.60|2.87|5.85|3.90|2|-1.95|-0.3333|136|199|4|974|-0.4068|0.0060|-0.1042|-0.3237|0.2297||4.30|5|3.50|115
GME211203C00180000|8.54|11.00|3.20|7.10|6.10|1|-1.00|-0.1408|57|733|1|901|0.5550|0.0286|0.0052|-1.3671|0.0531||5.80|1|5.50|1
GME211203P00180000|5.50|10.10|3.35|6.98|5.30|1|-1.68|-0.2407|493|1768|8|1760|-0.4266|0.0065|-0.1075|-0.3031|0.2321||5.30|16|4.80|5
GME211203C00182500|7.88|8.47|3.11|6.70|4.40|1|-2.30|-0.3433|74|85|1|135|0.4786|0.0276|0.0045|-1.4364|0.0534||5.20|61|4.30|3
GME211203P00182500|5.90|11.00|4.40|8.00|6.00|1|-2.00|-0.2500|98|297|4|201|-0.5091|0.0243|-0.0055|-1.6343|0.0535||6.50|8|5.55|95
GME211203C00185000|4.90|7.95|2.08|4.90|3.59|2|-1.31|-0.2673|313|481|1|1906|0.4090|0.0270|0.0038|-1.3957|0.0521||3.65|27|3.15|20
GME211203P00185000|6.43|14.03|5.35|9.80|7.45|2|-2.35|-0.2398|77|588|4|926|-0.5535|0.0207|-0.0060|-1.8904|0.0531||8.45|31|6.75|82
GME211203C00187500|3.85|6.50|1.83|3.95|2.60|3|-1.35|-0.3418|713|730|5|590|0.3593|0.0249|0.0034|-1.4011|0.0502||3.10|76|2.35|23
GME211203P00187500|7.91|15.14|7.00|10.70|8.87|3|-1.83|-0.1710|113|475|5|70|-0.6205|0.0224|-0.0067|-1.6191|0.0511||10.20|14|7.75|76
GME211203C00190000|3.95|5.18|1.40|3.70|1.97|4|-1.73|-0.4676|634|778|1|1538|0.2861|0.0244|0.0027|-1.1870|0.0457||2.15|11|1.74|25
GME211203P00190000|11.24|18.00|8.00|12.00|10.62|4|-1.38|-0.1150|-109|833|28|411|-0.4868|0.0064|-0.1263|-0.3186|0.2360||12.10|22|9.95|50
GME211203C00192500|2.95|4.25|1.14|2.96|1.51|5|-1.45|-0.4899|434|502|1|540|0.2236|0.0217|0.0021|-1.0309|0.0401||1.79|58|1.32|25
GME211203P00192500|11.75|16.88|11.63|14.20|12.65|5|-1.55|-0.1092|-101|273|4|64|-0.7518|0.0207|-0.0082|-1.2094|0.0424||14.60|21|12.20|18
GME211203C00195000|2.37|3.40|0.92|2.40|1.19|6|-1.21|-0.5042|397|597|1|592|0.1876|0.0186|0.0018|-0.9739|0.0361||1.56|78|1.03|30
GME211203P00195000|14.00|21.77|12.00|16.71|15.65|6|-1.06|-0.0634|-61|626|20|193|-0.8423|0.0187|-0.0092|-0.7768|0.0323||16.85|24|13.75|75
GME211203C00197500|2.55|2.85|0.71|2.04|1.03|7|-1.01|-0.4951|386|490|1|526|0.1633|0.0163|0.0016|-0.9313|0.0331||1.11|45|0.88|1
GME211203P00197500|23.22|23.22|17.43|18.95|17.43|7|-1.52|-0.0802|38|202|1|20|-0.8676|0.0160|-0.0096|-0.7171|0.0288||18.75|11|16.25|49
GME211203C00200000|1.75|2.33|0.57|1.69|0.88|8|-0.81|-0.4793|381|1051|10|2697|0.4649|0.0060|0.0694|-0.3381|0.2352||0.88|12|0.78|2
GME211203P00200000|17.55|26.85|16.00|22.15|20.35|8|-1.80|-0.0813|-71|998|20|359|-0.8914|0.0132|-0.0099|-0.6567|0.0250||21.25|22|18.25|69
GME211203C00202500|2.00|2.00|0.50|1.48|0.69|9|-0.79|-0.5338|35|281|1|494|0.1180|0.0120|0.0011|-0.8135|0.0265||0.76|26|0.61|33
GME211203P00202500|20.05|22.46|20.05|21.91|22.46|9|0.55|0.0251|-27|184|20|44|-0.4584|0.0037|-0.1484|-0.5416|0.2349||23.65|13|20.55|73
GME211203C00205000|1.17|1.68|0.48|1.34|0.64|10|-0.70|-0.5224|206|834|1|667|0.1058|0.0107|0.0010|-0.7829|0.0245||0.72|34|0.58|6
GME211203P00205000|22.06|31.10|22.06|28.45|24.56|10|-3.89|-0.1367|-4|484|98|168|-0.9241|0.0094|-0.0105|-0.5429|0.0191||26.15|22|23.05|55
GME211203C00207500|1.29|1.35|0.46|1.10|0.57|11|-0.53|-0.4818|-5|400|33|238|0.0925|0.0092|0.0009|-0.7428|0.0222||0.65|20|0.52|23
GME211203P00207500|23.40|31.50|23.40|20.90|25.68|11|4.78|0.2287|-2|35|1|4|-0.6992|0.0089|-0.0088|-3.4053|0.0467||28.65|11|24.80|46
GME211203C00210000|1.01|1.24|0.40|1.11|0.52|12|-0.59|-0.5315|79|939|1|756|0.0838|0.0082|0.0008|-0.7203|0.0206||0.57|12|0.49|19
GME211203P00210000|28.16|35.15|27.06|30.40|29.33|12|-1.07|-0.0352|1|385|15|49|-0.8407|0.0096|-0.0100|-1.5256|0.0325||31.10|21|27.30|83
GME211203C00212500|0.95|1.05|0.38|0.92|0.52|13|-0.40|-0.4348|119|297|100|254|0.4641|0.0045|0.0644|-0.4453|0.2352||0.56|31|0.46|6
GME211203P00212500|33.40|33.40|33.40|34.12|33.40|13|-0.72|-0.0211|-1|67|2|2|-0.8832|0.0085|-0.0106|-1.1310|0.0263||33.60|11|29.80|55
GME211203C00215000|0.81|1.00|0.36|0.87|0.51|14|-0.36|-0.4138|21|792|1|243|0.0691|0.0066|0.0007|-0.6716|0.0178||0.55|22|0.40|15
GME211203P00215000|31.50|35.35|31.50|34.35|31.97|14|-2.38|-0.0693|-1|226|1|26|-0.8013|0.0084|-0.0100|-2.3106|0.0374||36.05|12|32.30|61
GME211203C00217500|0.70|0.70|0.38|0.71|0.44|15|-0.27|-0.3803|-7|183|1|21|0.0627|0.0059|0.0006|-0.6384|0.0165||0.50|23|0.38|7
GME211203P00217500|38.35|38.35|38.35|30.09|38.35|15|8.26|0.2745|0|74|2|2|-0.8671|0.0077|-0.0107|-1.4975|0.0288||38.55|12|34.60|61
GME211203C00220000|0.77|0.81|0.35|0.77|0.42|16|-0.35|-0.4545|-11|1378|1|428|0.0592|0.0055|0.0006|-0.6363|0.0158||0.43|1|0.35|14
GME211203P00220000|35.30|44.52|35.30|40.00|40.13|16|0.13|0.0033|1|213|1|18|-0.8636|0.0074|-0.0108|-1.6235|0.0294||41.00|12|37.10|66
GME211203C00222500|0.66|0.73|0.32|0.57|0.43|17|-0.14|-0.2456|-15|181|1|25|0.4599|0.0040|0.0613|-0.5058|0.2349||0.44|23|0.33|14
GME211203P00222500|47.10|47.10|45.85|34.99|45.85|17|10.86|0.3104|0|51|2|6|-0.7936|0.0071|-0.0104|-2.8624|0.0382||43.50|12|39.60|34
GME211203C00225000|0.71|0.72|0.32|0.71|0.41|18|-0.30|-0.4225|-80|656|1|146|0.0516|0.0046|0.0005|-0.6141|0.0142||0.41|1|0.32|6
GME211203P00225000||||45.20|45.20|18|0.00|0.0000|-3|125|0|0|-0.9077|0.0059|-0.0115|-1.1578|0.0222||45.95|12|41.55|65
GME211203C00227500|0.50|0.70|0.46|0.77|0.50|19|-0.27|-0.3506|3|97|2|27|0.0572|0.0046|0.0005|-0.7189|0.0154||0.35|1|0.30|14
GME211203P00227500|53.85|53.85|45.47|33.03|45.48|19|12.45|0.3769|0|26|1|5|-0.8977|0.0059|-0.0115|-1.3552|0.0240||48.45|12|44.05|37
GME211203C00230000|0.54|0.63|0.27|0.62|0.37|20|-0.25|-0.4032|192|927|1|301|0.0462|0.0039|0.0004|-0.5962|0.0130||0.36|1|0.28|6
GME211203P00230000|47.50|56.35|46.57|45.00|49.84|20|4.84|0.1076|-3|67|1|8|-0.9308|0.0048|-0.0120|-0.9228|0.0178||50.95|12|46.55|23
GME211203C00232500|0.48|0.48|0.32|0.57|0.32|21|-0.25|-0.4386|-8|93|10|19|0.0396|0.0034|0.0004|-0.5300|0.0115||0.36|22|0.26|8
GME211203P00232500|49.07|52.32|49.07|46.88|52.32|21|5.44|0.1160|-1|34|1|2|-0.9331|0.0045|-0.0121|-0.9281|0.0174||53.45|12|49.05|23
GME211203C00235000|0.33|0.60|0.23|0.54|0.26|22|-0.28|-0.5185|-1|331|1|129|0.0359|0.0031|0.0003|-0.4982|0.0106||0.33|6|0.24|8
GME211203P00235000|51.57|61.30|50.00|54.89|53.72|22|-1.17|-0.0213|-6|371|1|58|-0.9214|0.0047|-0.0122|-1.1475|0.0197||55.95|21|51.55|19
GME211203C00237500|0.42|0.42|0.25|0.52|0.25|23|-0.27|-0.5192|0|115|11|23|0.0314|0.0028|0.0003|-0.4499|0.0095||0.32|14|0.21|19
GME211203P00237500|54.06|63.79|52.54|57.38|56.22|23|-1.16|-0.0202|-6|284|1|47|-0.9229|0.0045|-0.0123|-1.1673|0.0194||58.45|12|54.00|67
GME211203C00240000|0.50|0.60|0.23|0.50|0.25|24|-0.25|-0.5000|1|592|1|239|0.0298|0.0026|0.0003|-0.4406|0.0091||0.30|14|0.22|7
GME211203P00240000|54.95|66.50|54.95|57.50|60.48|24|2.98|0.0518|-1|101|1|10|-0.9063|0.0047|-0.0123|-1.4977|0.0225||60.80|12|56.50|20
GME211203C00245000|0.47|0.47|0.19|0.44|0.23|25|-0.21|-0.4773|-31|414|2|275|0.0297|0.0024|0.0003|-0.4687|0.0091||0.28|19|0.18|13
GME211203P00245000|60.55|60.55|60.55|62.45|60.55|25|-1.90|-0.0304|-1|68|1|1|-0.6026|0.0038|-0.2078|-0.5006|0.2283||65.80|12|61.50|17
GME211203C00250000|0.25|0.45|0.17|0.41|0.23|26|-0.18|-0.4390|-50|3342|11|1784|0.0260|0.0021|0.0002|-0.4360|0.0081||0.23|3|0.17|6
GME211203P00250000|71.49|74.50|67.82|65.43|70.43|26|5.00|0.0764|-9|123|1|7|-0.9157|0.0039|-0.0129|-1.5197|0.0207||70.80|21|66.50|10
GME211203C00260000|0.23|0.34|0.13|0.37|0.19|27|-0.18|-0.4865|10|714|16|254|0.0206|0.0016|0.0002|-0.3823|0.0067||0.16|2|0.12|7
GME211203P00260000||||75.00|75.00|27|0.00|0.0000|-1|6|0|0|-0.9696|0.0021|-0.0140|-0.5726|0.0092||80.80|12|76.50|12
GME211203C00270000|0.22|0.34|0.14|0.26|0.14|28|-0.12|-0.4615|-1|587|10|291|0.0153|0.0012|0.0001|-0.3092|0.0052||0.16|13|0.09|10
GME211203P00270000|85.99|86.50|85.99|90.50|86.50|28|-4.00|-0.0442|4|21|2|4|-0.9803|0.0014|-0.0146|-0.4003|0.0064||90.80|12|86.50|12
GME211203C00280000|0.22|0.30|0.10|0.25|0.11|29|-0.14|-0.5600|-8|572|1|84|0.0122|0.0009|0.0001|-0.2660|0.0043||0.12|2|0.10|2
GME211203P00280000||||95.00|95.00|29|0.00|0.0000|-3|10|0|0|-0.9729|0.0016|-0.0151|-0.6055|0.0084||101.00|12|96.50|12
GME211203C00290000|0.27|0.27|0.09|0.25|0.09|30|-0.16|-0.6400|200|502|1|25|0.0097|0.0007|0.0001|-0.2270|0.0035||0.09|2|0.08|1
GME211203P00290000||||||30||||0|0|0|-1.0000|0.0000|-0.3098|0.0009|0.0000||111.00|12|106.55|12
GME211203C00300000|0.17|0.22|0.06|0.17|0.07|31|-0.10|-0.5882|16|2195|2|390|0.0076|0.0006|0.0001|-0.1889|0.0028||0.09|8|0.07|10
GME211203P00300000||||111.10|111.10|31|0.00|0.0000|-1|2|0|0|-0.9927|0.0006|-0.0164|-0.1810|0.0027||120.90|12|116.60|12
GME211203C00310000|0.11|0.13|0.09|0.20|0.09|32|-0.11|-0.5500|-10|344|1|4|0.0088|0.0006|0.0001|-0.2331|0.0032||0.07|1|0.04|6
GME211203P00310000||||71.90|71.90|32|0.00|0.0000|0|4|0|0|-0.8673|0.0029|-0.3100|-0.2024|0.1270||130.95|13|126.60|12
GME211203C00320000|0.10|0.12|0.04|0.17|0.04|33|-0.13|-0.7647|100|389|1|6|0.0044|0.0003|0.0000|-0.1213|0.0017||0.07|7|0.03|9
GME211203P00320000||||||33||||0|0|0|-1.0000|0.0000|-0.0175|0.0010|0.0000||140.80|12|136.65|18
GME211203C00330000|0.08|0.08|0.03|0.11|0.03|34|-0.08|-0.7273|68|348|9|29|0.0033|0.0003|0.0000|-0.0967|0.0013||0.06|1|0.02|14
GME211203P00330000||||127.27|127.27|34|0.00|0.0000|0|2|0|0|-0.9968|0.0003|-0.0181|-0.0923|0.0013||150.80|11|146.65|12
GME211203C00340000|0.08|0.08|0.07|0.11|0.07|35|-0.04|-0.3636|21|135|1|3|0.0062|0.0004|0.0001|-0.1911|0.0024||0.06|1|0.02|10
GME211203P00340000||||134.20|134.20|35|0.00|0.0000|0|1|0|0|-0.9989|0.0001|-0.0186|-0.0317|0.0005||160.75|12|156.65|19
GME211203C00350000|0.09|0.09|0.03|0.10|0.04|36|-0.06|-0.6000|226|1237|1|33|0.0038|0.0003|0.0000|-0.1221|0.0015||0.05|2|0.04|1
GME211203P00350000||||136.35|136.35|36|0.00|0.0000|0|3|0|0|-0.9987|0.0001|-0.0192|-0.0395|0.0006||170.80|11|166.65|19
GME211203C00360000||||0.09|0.09|37|0.00|0.0000|-2|159|0|0|0.0071|0.0004|0.0001|-0.2377|0.0026||0.07|17|0.01|17
GME211203P00360000||||||37||||0|0|0|-1.0000|0.0000|-0.0197|0.0011|0.0000||180.80|12|176.70|18
GME211203C00370000|0.02|0.02|0.02|0.05|0.02|38|-0.03|-0.6000|-2|88|1|1|0.0020|0.0001|0.0000|-0.0695|0.0009||0.23|22|0.01|13
GME211203P00370000||||136.05|136.05|38|0.00|0.0000|0|1|0|0|-0.9998|0.0000|-0.0203|-0.0060|0.0001||190.85|12|186.70|18
GME211203C00380000|0.06|0.06|0.04|0.10|0.04|39|-0.06|-0.6000|15|101|1|2|0.0035|0.0002|0.0000|-0.1239|0.0014||0.19|42|0.01|1
GME211203P00380000||||170.35|170.35|39|0.00|0.0000|0|0|0|0|-0.9977|0.0002|-0.0208|-0.0799|0.0010||200.80|12|196.70|18
GME211203C00390000|0.02|0.02|0.02|0.09|0.02|40|-0.07|-0.7778|9|91|2|2|0.0019|0.0001|0.0000|-0.0698|0.0008||0.04|1|0.03|3
GME211203P00390000||||||40||||0|0|0|-1.0000|0.0000|-0.0214|0.0012|0.0000||210.95|12|206.70|18
GME211203C00400000|0.04|0.06|0.01|0.07|0.01|41|-0.06|-0.8571|-34|2449|1|47|0.0010|0.0001|0.0000|-0.0393|0.0005||0.03|1|0.01|11
GME211203P00400000||||215.38|215.38|41|0.00|0.0000|-10|0|0|0|-0.9999|0.0000|-0.0219|-0.0011|0.0000||220.80|12|216.70|18
GME211203C00410000|0.05|0.05|0.02|0.05|0.03|42|-0.02|-0.4000|-2|1055|5|43|0.0026|0.0002|0.0000|-0.0995|0.0011||0.04|1|0.00|0
GME211203P00410000||||||42||||0|0|0|-1.0000|0.0000|-0.4380|0.0013|0.0000||230.95|12|226.70|17
GME211203C00420000|0.04|0.04|0.01|0.05|0.01|43|-0.04|-0.8000|7|231|9|14|0.0010|0.0001|0.0000|-0.0379|0.0004||0.06|1|0.01|1
GME211203P00420000||||||43||||0|0|0|-1.0000|0.0000|-0.0230|0.0013|0.0000||240.95|12|236.70|17
GME211203C00430000||||0.03|0.03|44|0.00|0.0000|21|70|0|0|0.0024|0.0001|0.0000|-0.1005|0.0010||0.25|1|0.01|6
GME211203P00430000||||||44||||0|0|0|-1.0000|0.0000|-0.0236|0.0013|0.0000||250.95|12|246.70|5
GME211203C00440000|0.08|0.08|0.08|0.05|0.08|45|0.03|0.6000|1|70|1|1|0.0053|0.0003|0.0000|-0.2233|0.0020||0.07|1|0.01|11
GME211203P00440000||||||45||||0|0|0|-1.0000|0.0000|-0.0241|0.0014|0.0000||260.95|12|256.70|7
GME211203C00450000|0.02|0.02|0.01|0.03|0.01|46|-0.02|-0.6667|5|483|9|15|0.0009|0.0001|0.0000|-0.0386|0.0004||0.11|1|0.01|15
GME211203P00450000||||||46||||0|0|0|-1.0000|0.0000|-0.0247|0.0014|0.0000||270.95|12|266.70|8
GME211203C00460000|0.11|0.11|0.01|0.02|0.01|47|-0.01|-0.5000|-1|59|1|7|0.0009|0.0001|0.0000|-0.0409|0.0004||0.05|1|0.01|1
GME211203P00460000||||||47||||0|0|0|-1.0000|0.0000|-0.0252|0.0014|0.0000||280.95|12|276.70|8
GME211203C00470000|0.01|0.01|0.01|0.07|0.01|48|-0.06|-0.8571|-57|191|9|9|0.0009|0.0001|0.0000|-0.0411|0.0004||0.05|1|0.00|0
GME211203P00470000||||||48||||0|0|0|-1.0000|0.0000|-0.0258|0.0014|0.0000||290.95|12|286.70|8
GME211203C00480000|0.05|0.06|0.05|0.04|0.06|49|0.02|0.5000|1|91|1|2|0.0039|0.0002|0.0000|-0.1801|0.0016||0.17|2|0.00|0
GME211203P00480000||||||49||||0|0|0|-1.0000|0.0000|-0.5128|0.0015|0.0000||300.95|12|296.70|8
GME211203C00490000||||0.06|0.06|50|0.00|0.0000|16|250|0|0|0.0038|0.0002|0.0000|-0.1794|0.0015||0.04|1|0.01|1
GME211203P00490000||||||50||||0|0|0|-1.0000|0.0000|-0.5235|0.0015|0.0000||310.95|12|306.70|12
GME211203C00500000|0.05|0.05|0.01|0.05|0.03|51|-0.02|-0.4000|1|1370|1|22|0.0021|0.0001|0.0000|-0.1024|0.0009||0.03|4|0.01|4
GME211203P00500000||||||51||||0|0|0|-1.0000|0.0000|-0.0274|0.0015|0.0000||320.95|3|316.70|4
GME211203C00510000|0.04|0.10|0.01|0.05|0.01|52|-0.04|-0.8000|217|5698|1|583|0.0008|0.0001|0.0000|-0.0400|0.0004||0.02|17|0.01|10
GME211203P00510000||||||52||||0|0|0|-1.0000|0.0000|-0.0279|0.0016|0.0000||330.95|3|326.70|12
GME211210C00100000||||86.01|86.01|14|0.00|0.0000|0|1|0|0|0.8640|0.0010|0.0561|-0.5314|0.1403||83.30|6|79.65|4
GME211210P00100000|0.57|0.79|0.34|0.57|0.47|14|-0.10|-0.1754|65|210|7|86|-0.0192|0.0008|-0.0010|-0.1458|0.0133||0.59|5|0.38|38
GME211210C00110000||||76.13|76.13|13|0.00|0.0000|0|2|0|0|0.8996|0.0020|0.0214|-0.8547|0.0501||73.55|5|70.05|12
GME211210P00110000|0.85|0.85|0.64|0.71|0.68|13|-0.03|-0.0423|50|206|10|20|-0.0277|0.0013|-0.0014|-0.1801|0.0181||0.83|17|0.44|133
GME211210C00120000||||76.03|76.03|12|0.00|0.0000|0|1|0|0|0.8303|0.0021|0.0183|-1.6740|0.0719||63.90|10|60.40|12
GME211210P00120000|0.60|1.31|0.60|0.95|1.00|12|0.05|0.0526|2|96|4|178|-0.0451|0.0020|-0.0023|-0.2515|0.0270||1.13|22|0.82|51
GME211210C00130000||||||11||||0|0|0|1.0000|0.0000|0.0321|-0.0004|0.0000||54.40|19|50.50|13
GME211210P00130000|1.30|2.00|1.00|1.50|1.45|11|-0.05|-0.0333|20|431|1|82|-0.0625|0.0029|-0.0031|-0.2896|0.0350||1.61|25|1.27|66
GME211210C00140000||||56.44|56.44|10|0.00|0.0000|0|29|0|0|0.7772|0.0032|0.0207|-1.5325|0.0849||45.15|16|41.40|12
GME211210P00140000|2.30|3.20|1.75|2.49|2.20|10|-0.29|-0.1165|47|299|82|408|-0.1035|0.0044|-0.0052|-0.4050|0.0512||2.47|10|2.08|11
GME211210C00145000||||||9|||||0|0|1.0000|0.0000|0.0358|-0.0005|0.0000||40.70|20|37.05|15
GME211210P00145000|2.60|3.60|2.60|2.60|2.91|9|0.31|0.1192|||1|17|-0.1253|0.0053|-0.0063|-0.4467|0.0587||3.00|1|2.60|10
GME211210C00150000|37.50|37.50|34.20|47.05|34.20|8|-12.85|-0.2731|0|19|1|2|0.8473|0.0064|0.0294|-0.4859|0.0671||36.40|20|32.90|13
GME211210P00150000|3.00|5.00|2.81|3.70|3.75|8|0.05|0.0135|51|220|2|497|-0.1642|0.0063|-0.0083|-0.5407|0.0704||4.00|31|3.35|55
GME211210C00155000||||58.70|58.70|7|0.00|0.0000|0|45|0|0|0.7154|0.0027|0.0174|-2.3331|0.0965||32.05|12|28.90|15
GME211210P00155000|4.95|6.40|4.10|4.95|4.55|7|-0.40|-0.0808|94|195|1|76|-0.1842|0.0076|-0.0092|-0.5203|0.0757||5.05|20|4.30|16
GME211210C00160000||||29.75|29.75|6|0.00|0.0000|0|204|0|0|0.7288|0.0071|0.0251|-0.8628|0.0943||28.20|12|25.60|21
GME211210P00160000|5.00|8.20|5.00|6.00|6.00|6|0.00|0.0000|153|386|1|226|-0.2427|0.0083|-0.0123|-0.6553|0.0889||6.30|12|5.20|52
GME211210C00165000|21.75|21.75|21.75|23.22|21.75|5|-1.47|-0.0633|2|2|1|1|0.7285|0.0102|0.0271|-0.5988|0.0943||24.60|20|22.15|12
GME211210P00165000|7.65|10.05|6.48|7.75|7.35|5|-0.40|-0.0516|18|320|16|119|-0.3330|0.0045|-0.1050|-0.3176|0.2336||7.90|24|6.60|76
GME211210C00170000|24.00|24.00|17.52|20.07|20.30|4|0.23|0.0115|11|16|1|19|0.6459|0.0042|0.0971|-0.3598|0.2391||21.40|21|19.10|12
GME211210P00170000|8.54|12.29|7.15|8.90|8.52|4|-0.38|-0.0427|-2|360|1|295|-0.3371|0.0102|-0.0173|-0.7228|0.1039||9.90|42|8.55|58
GME211210C00175000|19.14|19.20|13.80|18.40|17.73|3|-0.67|-0.0364|7|25|20|68|0.6067|0.0092|0.0223|-0.8958|0.1095||18.35|18|16.30|12
GME211210P00175000|9.55|15.25|9.50|11.66|10.85|3|-0.81|-0.0695|117|418|1|393|-0.3879|0.0113|-0.0199|-0.7233|0.1091||12.05|42|10.35|68
GME211210C00177500|16.27|16.27|15.85|16.27|15.85|2|-0.42|-0.0258|||10|27|0.5796|0.0099|0.0216|-0.8623|0.1112||17.00|22|15.05|11
GME211210P00177500|11.31|16.03|11.00|11.31|12.55|2|1.24|0.1096|||7|252|-0.3925|0.0046|-0.1282|-0.3460|0.2471||13.05|3|11.40|70
GME211210C00180000|14.20|18.25|11.72|14.75|15.20|1|0.45|0.0305|58|79|1|352|0.5516|0.0110|0.0210|-0.7914|0.1125||15.75|27|13.95|17
GME211210P00180000|13.00|17.50|11.63|14.30|13.80|1|-0.50|-0.0350|117|606|1|433|-0.4497|0.0116|-0.0233|-0.7526|0.1125||14.45|21|12.85|51
GME211210C00182500|15.85|15.85|10.82|15.85|13.50|1|-2.35|-0.1483|||6|81|0.5250|0.0116|0.0202|-0.7627|0.1134||14.50|15|13.10|1
GME211210P00182500|14.38|19.00|14.17|14.38|15.15|1|0.77|0.0535|||6|211|-0.4827|0.0135|-0.0246|-0.6515|0.1135||15.75|14|13.95|46
GME211210C00185000|15.95|15.95|9.20|12.60|12.45|2|-0.15|-0.0119|53|108|2|103|0.5760|0.0046|0.0907|-0.3651|0.2518||13.40|26|12.25|1
GME211210P00185000|14.53|20.50|14.50|17.01|16.60|2|-0.41|-0.0241|61|358|6|143|-0.4898|0.0095|-0.0265|-0.9321|0.1134||17.35|16|15.35|50
GME211210C00187500|15.35|15.35|9.15|11.00|11.47|3|0.47|0.0427|9|19|5|77|0.5725|0.0043|0.0884|-0.3890|0.2522||12.40|51|10.70|16
GME211210P00187500|16.10|18.90|16.10|15.45|18.15|3|2.70|0.1748|45|127|1|134|-0.5366|0.0121|-0.0281|-0.7265|0.1131||18.90|18|16.75|47
GME211210C00190000|12.50|13.20|8.50|10.75|9.80|4|-0.95|-0.0884|10|96|1|181|0.4416|0.0111|0.0171|-0.7771|0.1122||11.35|57|9.95|16
GME211210P00190000|20.96|23.00|17.84|21.52|19.75|4|-1.77|-0.0822|50|428|6|96|-0.5460|0.0104|-0.0294|-0.8393|0.1129||20.40|12|18.35|19
GME211210C00192500|11.15|11.65|7.78|9.50|9.65|5|0.15|0.0158|33|65|1|55|0.5387|0.0048|0.0870|-0.3594|0.2553||10.00|18|8.80|21
GME211210P00192500|18.46|21.45|18.46|22.09|21.35|5|-0.74|-0.0335|14|86|5|60|-0.5817|0.0108|-0.0312|-0.7836|0.1111||22.10|14|19.95|18
GME211210C00195000|10.22|11.43|7.00|9.70|9.10|6|-0.60|-0.0619|76|134|1|218|0.4130|0.0096|0.0158|-0.8736|0.1108||9.20|14|8.30|10
GME211210P00195000|20.40|23.92|20.40|22.97|23.05|6|0.08|0.0035|41|190|5|126|-0.5860|0.0097|-0.0322|-0.8667|0.1110||23.75|12|22.00|19
GME211210C00197500|8.80|9.30|7.50|9.50|8.26|7|-1.24|-0.1305|10|46|1|64|0.3709|0.0104|0.0145|-0.7665|0.1074||8.85|42|7.50|25
GME211210P00197500|24.85|24.85|24.85|19.25|24.85|7|5.60|0.2909|27|104|5|10|-0.7624|0.0152|-0.0388|-0.3499|0.0879||25.70|16|23.35|22
GME211210C00200000|8.80|10.00|6.00|7.80|7.55|8|-0.25|-0.0321|82|634|1|279|0.3606|0.0096|0.0140|-0.8070|0.1064||7.70|16|6.95|13
GME211210P00200000|25.18|31.28|24.10|27.05|28.01|8|0.96|0.0355|-20|659|10|40|-0.4810|0.0044|-0.1696|-0.3884|0.2561||27.45|14|25.20|15
GME211210C00202500|8.75|8.75|6.10|7.25|8.00|9|0.75|0.1034|3|67|1|22|0.3268|0.0098|0.0128|-0.7376|0.1026||7.20|12|6.30|17
GME211210P00202500|27.95|27.95|27.95|26.32|27.95|9|1.63|0.0619|15|48|1|1|-0.6868|0.0102|-0.0375|-0.6824|0.1008||29.35|13|27.05|20
GME211210C00205000|7.30|7.44|5.28|6.79|6.70|10|-0.09|-0.0133|26|159|1|43|0.3303|0.0089|0.0128|-0.8198|0.1030||6.75|24|5.80|31
GME211210P00205000|27.42|32.21|26.88|31.25|29.65|10|-1.60|-0.0512|2|177|1|9|-0.7352|0.0105|-0.0399|-0.5693|0.0931||31.40|14|29.05|20
GME211210C00207500|5.55|7.35|5.10|5.55|5.69|11|0.14|0.0252|4|68|1|16|0.2956|0.0090|0.0116|-0.7350|0.0982||6.20|27|5.30|17
GME211210P00207500|29.52|32.00|29.52|28.58|31.10|11|2.52|0.0882|-5|18|1|3|-0.7432|0.0098|-0.0408|-0.5868|0.0918||33.40|14|30.95|21
GME211210C00210000|7.00|7.00|4.50|5.82|5.20|12|-0.62|-0.1065|10|309|1|61|0.2804|0.0087|0.0111|-0.7229|0.0959||5.50|11|4.95|20
GME211210P00210000|34.85|38.38|34.47|36.62|34.54|12|-2.08|-0.0568|-4|105|2|20|-0.7309|0.0089|-0.0411|-0.6785|0.0940||35.90|12|33.05|19
GME211210C00212500|6.00|6.00|4.40|5.55|4.85|13|-0.70|-0.1261|54|83|1|33|0.2589|0.0084|0.0102|-0.6914|0.0921||5.35|24|4.55|13
GME211210P00212500|33.64|37.87|33.64|32.63|37.87|13|5.24|0.1606|-1|38|2|3|-0.5213|0.0043|-0.1914|-0.4030|0.2561||38.00|12|35.15|18
GME211210C00215000|3.95|5.75|3.95|5.09|4.95|14|-0.14|-0.0275|6|165|1|38|0.2380|0.0082|0.0094|-0.6528|0.0880||4.95|29|4.20|17
GME211210P00215000|42.73|42.73|37.79|40.77|37.79|14|-2.98|-0.0731|-4|34|1|2|-0.8213|0.0085|-0.0457|-0.4448|0.0744||39.80|18|37.25|18
GME211210C00217500|5.45|5.45|4.28|5.55|4.50|15|-1.05|-0.1892|3|30|1|4|0.2335|0.0077|0.0092|-0.6741|0.0871||4.90|50|3.85|23
GME211210P00217500|42.22|42.22|42.15|28.08|42.15|15|14.07|0.5011|0|25|1|3|-0.7452|0.0076|-0.0437|-0.7557|0.0914||42.30|20|39.40|18
GME211210C00220000|5.00|5.35|3.57|4.80|3.80|16|-1.00|-0.2083|47|401|1|240|0.2097|0.0075|0.0083|-0.6171|0.0819||4.20|13|3.65|18
GME211210P00220000|39.30|42.63|39.30|42.99|42.22|16|-0.77|-0.0179|0|155|1|3|-0.8138|0.0075|-0.0467|-0.5291|0.0762||44.60|16|41.60|22
GME211210C00222500|4.55|4.55|3.50|4.14|3.75|17|-0.39|-0.0942|5|63|11|43|0.2032|0.0071|0.0081|-0.6234|0.0804||4.15|26|3.45|11
GME211210P00222500|46.47|46.97|46.47|33.35|46.97|17|13.62|0.4084|0|45|6|10|-0.7632|0.0069|-0.0456|-0.7615|0.0877||46.65|12|43.50|16
GME211210C00225000|4.28|4.60|3.20|4.05|3.55|18|-0.50|-0.1235|16|334|1|33|0.2100|0.0068|0.0083|-0.6810|0.0820||3.85|33|3.20|18
GME211210P00225000|47.35|47.35|47.35|47.49|47.35|18|-0.14|-0.0029|2|461|1|1|-0.8182|0.0068|-0.0482|-0.5671|0.0751||49.10|13|45.75|16
GME211210C00227500|4.25|4.25|3.22|3.65|3.35|19|-0.30|-0.0822|2|23|1|5|0.1836|0.0065|0.0073|-0.6006|0.0756||3.80|49|3.00|28
GME211210P00227500||||34.06|34.06|19|0.00|0.0000|0|35|0|0|-0.8288|0.0065|-0.2517|-0.1073|0.1634||51.45|16|48.00|12
GME211210C00230000|4.00|4.05|2.55|3.55|3.15|20|-0.40|-0.1127|9|393|1|62|0.1697|0.0062|0.0068|-0.5693|0.0719||3.35|7|2.87|7
GME211210P00230000||||41.51|41.51|20|0.00|0.0000|-1|38|0|0|-0.8872|0.0058|-0.0521|-0.3527|0.0544||53.75|10|50.30|12
GME211210C00232500|3.60|3.90|2.69|3.00|2.69|21|-0.31|-0.1033|-19|30|1|9|0.1642|0.0060|0.0065|-0.5674|0.0705||3.35|29|2.68|16
GME211210P00232500|56.09|56.09|56.09|49.93|56.09|21|6.16|0.1234|1|11|5|5|-0.7985|0.0060|-0.0495|-0.7316|0.0799||56.10|13|52.75|12
GME211210C00235000|3.40|3.55|2.49|3.15|2.74|22|-0.41|-0.1302|-30|902|3|40|0.1536|0.0057|0.0061|-0.5472|0.0674||3.10|23|2.58|14
GME211210P00235000|57.29|58.42|57.29|45.86|58.42|22|12.56|0.2739|0|36|5|6|-0.8036|0.0058|-0.0503|-0.7320|0.0789||58.45|11|55.25|13
GME211210C00237500|2.69|2.69|2.69|2.90|2.69|23|-0.21|-0.0724|0|18|1|3|0.1498|0.0055|0.0060|-0.5502|0.0663||3.00|24|2.37|20
GME211210P00237500||||48.03|48.03|23|0.00|0.0000|1|25|0|0|-0.9138|0.0047|-0.0550|-0.2935|0.0447||60.85|11|57.60|13
GME211210C00240000|2.82|3.60|2.47|2.84|2.92|24|0.08|0.0282|20|330|3|107|0.1413|0.0052|0.0056|-0.5320|0.0637||2.90|53|2.30|46
GME211210P00240000|58.15|58.15|58.15|45.67|58.15|24|12.48|0.2733|0|33|1|1|-0.8894|0.0049|-0.0547|-0.4000|0.0538||63.20|11|59.95|13
GME211210C00245000|3.23|3.23|2.20|2.56|2.22|25|-0.34|-0.1328|4|172|1|11|0.1267|0.0048|0.0050|-0.5009|0.0591||2.50|21|2.06|14
GME211210P00245000||||50.19|50.19|25|0.00|0.0000|0|23|0|0|-0.9857|0.0015|-0.0598|-0.0481|0.0104||67.95|12|64.60|12
GME211210C00250000|3.15|3.20|1.90|2.35|2.10|26|-0.25|-0.1064|-1|2190|1|292|0.1213|0.0045|0.0048|-0.5041|0.0574||2.20|3|1.99|1
GME211210P00250000||||60.35|60.35|26|0.00|0.0000|1|15|0|0|-0.9759|0.0020|-0.0606|-0.0887|0.0161||72.75|12|69.40|13
GME211210C00255000|2.37|2.37|1.80|2.20|2.00|27|-0.20|-0.0909|12|65|2|19|0.1124|0.0041|0.0045|-0.4887|0.0544||2.16|19|1.79|12
GME211210P00255000||||40.40|40.40|27|0.00|0.0000|0|5|0|0|-0.9985|0.0002|-0.0628|-0.0047|0.0014||77.65|12|74.20|10
GME211210C00260000|3.10|3.10|1.65|2.20|1.73|28|-0.47|-0.2136|-16|936|2|101|0.1020|0.0038|0.0041|-0.4628|0.0506||1.95|18|1.71|11
GME211210P00260000||||69.85|69.85|28|0.00|0.0000|1|22|0|0|-0.9760|0.0018|-0.0631|-0.0988|0.0161||82.50|12|79.05|16
GME211210C00270000|2.00|2.02|1.48|1.82|1.50|29|-0.32|-0.1758|16|220|2|16|0.0906|0.0033|0.0036|-0.4457|0.0464||1.67|20|1.43|19
GME211210P00270000||||75.18|75.18|29|0.00|0.0000|0|14|0|0|-0.9367|0.0028|-0.0640|-0.3018|0.0353||92.30|12|88.75|27
GME211210C00280000|1.83|1.83|1.19|1.50|1.40|30|-0.10|-0.0667|22|226|1|34|0.3560|0.0032|0.0556|-0.4657|0.2395||1.46|26|1.30|5
GME211210P00280000||||84.53|84.53|30|0.00|0.0000|0|1|0|0|-0.9492|0.0023|-0.0670|-0.2591|0.0297||102.15|12|98.55|21
GME211210C00290000|1.45|1.47|1.22|1.49|1.25|31|-0.24|-0.1611|9|150|10|34|0.0694|0.0025|0.0027|-0.3890|0.0379||1.33|44|1.13|14
GME211210P00290000||||82.25|82.25|31|0.00|0.0000|0|7|0|0|-0.9955|0.0004|-0.0713|-0.0219|0.0037||112.00|12|108.35|29
GME211210C00300000|1.28|1.36|1.05|1.24|1.18|32|-0.06|-0.0484|-171|876|1|347|0.0631|0.0023|0.0025|-0.3747|0.0352||1.15|16|1.05|10
GME211210P00300000||||76.00|76.00|32|0.00|0.0000|0|14|0|0|-0.9993|0.0001|-0.0739|-0.0029|0.0007||121.85|12|118.25|28
GME211210C00310000|1.10|1.10|0.95|1.06|0.95|33|-0.11|-0.1038|3|156|1|118|0.0523|0.0019|0.0021|-0.3260|0.0304||1.05|14|0.95|10
GME211210P00310000||||83.61|83.61|33|0.00|0.0000|0|4|0|0|-0.8863|0.0028|-0.3688|-0.1446|0.1238||131.75|12|128.10|12
GME211210C00320000|1.00|1.00|0.90|0.99|0.90|34|-0.09|-0.0909|11|274|5|12|0.0486|0.0018|0.0019|-0.3181|0.0287||1.01|50|0.81|10
GME211210P00320000||||89.47|89.47|34|0.00|0.0000|0|3|0|0|-0.9999|0.0000|-0.0789|0.0005|0.0001||141.65|12|138.05|3
GME211210C00330000|0.89|0.92|0.80|1.05|0.80|35|-0.25|-0.2381|26|263|1|24|0.0433|0.0016|0.0017|-0.2960|0.0261||1.00|92|0.70|5
GME211210P00330000||||||35||||0|0|0|-1.0000|0.0000|-0.0814|0.0011|0.0000||151.55|12|147.95|6
GME211210C00340000|0.80|0.84|0.75|0.87|0.75|36|-0.12|-0.1379|2|88|2|14|0.0400|0.0014|0.0016|-0.2854|0.0245||0.79|20|0.64|5
GME211210P00340000||||||36||||0|0|0|-1.0000|0.0000|-0.0838|0.0011|0.0000||162.25|10|157.90|12
GME211210C00350000|1.05|1.05|0.64|0.76|0.64|37|-0.12|-0.1579|-501|388|1|52|0.0346|0.0013|0.0014|-0.2558|0.0218||0.72|27|0.58|5
GME211210P00350000||||||37||||0|0|0|-1.0000|0.0000|-0.0863|0.0011|0.0000||171.80|4|167.85|12
GME211210C00360000|0.62|0.68|0.61|0.63|0.61|38|-0.02|-0.0317|5|87|1|5|0.0325|0.0012|0.0013|-0.2495|0.0207||0.67|14|0.46|18
GME211210P00360000||||||38||||0|0|0|-1.0000|0.0000|-0.0888|0.0012|0.0000||182.10|4|177.80|4
GME211210C00370000||||0.75|0.75|39|0.00|0.0000|-3|21|0|0|0.0371|0.0012|0.0014|-0.2963|0.0231||0.66|55|0.46|7
GME211210P00370000||||||39||||0|0|0|-1.0000|0.0000|-0.0912|0.0012|0.0000||191.50|3|187.80|12
GME211210C00380000|0.62|0.62|0.54|0.52|0.54|40|0.02|0.0385|6|51|1|4|0.0282|0.0010|0.0011|-0.2311|0.0184||0.62|73|0.37|12
GME211210P00380000||||||40||||0|0|0|-1.0000|0.0000|-0.0937|0.0012|0.0000||201.50|12|197.75|12
GME211210C00390000|0.55|0.55|0.49|0.59|0.49|41|-0.10|-0.1695|3|47|1|5|0.0259|0.0009|0.0010|-0.2186|0.0171||0.51|24|0.36|23
GME211210P00390000||||||41||||0|0|0|-1.0000|0.0000|-0.0962|0.0013|0.0000||211.35|3|207.75|12
GME211210C00400000|0.72|0.72|0.38|0.57|0.38|42|-0.19|-0.3333|-207|426|1|99|0.0210|0.0008|0.0008|-0.1817|0.0144||0.48|36|0.34|9
GME211210P00400000||||||42||||0|0|0|-1.0000|0.0000|-0.5040|0.0013|0.0000||221.35|3|217.70|12
GME211210C00410000|0.49|0.49|0.36|0.38|0.36|43|-0.02|-0.0526|6|52|1|2|0.0196|0.0007|0.0008|-0.1739|0.0135||0.40|3|0.30|23
GME211210P00410000||||||43||||0|0|0|-1.0000|0.0000|-0.1011|0.0013|0.0000||231.05|3|227.30|12
GME211210C00420000|0.50|0.55|0.37|0.42|0.37|44|-0.05|-0.1190|11|169|1|6|0.0195|0.0007|0.0008|-0.1783|0.0135||0.40|6|0.33|4
GME211210P00420000||||||44||||0|0|0|-1.0000|0.0000|-0.1036|0.0014|0.0000||241.50|12|237.30|12
GME211210C00430000|0.34|0.40|0.31|0.38|0.40|45|0.02|0.0526|17|42|1|302|0.2895|0.0022|0.0416|-0.5874|0.2198||0.40|21|0.33|2
GME211210P00430000||||||45||||0|0|0|-1.0000|0.0000|-0.1060|0.0014|0.0000||251.80|10|247.25|20
GME211210C00440000|0.52|0.52|0.32|0.30|0.36|46|0.06|0.2000|0|33|4|38|0.0185|0.0006|0.0007|-0.1774|0.0129||0.39|8|0.27|3
GME211210P00440000||||||46||||0|0|0|-1.0000|0.0000|-0.1085|0.0014|0.0000||261.45|12|257.25|10
GME211210C00450000|0.24|0.37|0.23|0.31|0.37|47|0.06|0.1935|6|98|1|214|0.0186|0.0006|0.0007|-0.1828|0.0130||0.34|11|0.27|3
GME211210P00450000||||||47||||0|0|0|-1.0000|0.0000|-0.1110|0.0015|0.0000||271.40|12|267.25|2
GME211210C00460000|0.30|0.30|0.27|0.27|0.27|48|0.00|0.0000|1|18|1|4|0.0143|0.0005|0.0006|-0.1426|0.0103||0.34|25|0.09|61
GME211210P00460000||||||48||||0|0|0|-1.0000|0.0000|-0.1134|0.0015|0.0000||281.55|12|277.25|6
GME211210C00470000|0.34|0.34|0.34|0.28|0.34|49|0.06|0.2143|3|15|1|1|0.0168|0.0006|0.0007|-0.1716|0.0119||0.34|30|0.07|47
GME211210P00470000||||||49||||0|0|0|-1.0000|0.0000|-0.5922|0.0015|0.0000||291.50|4|287.20|20
GME211210C00480000|0.40|0.40|0.40|0.25|0.40|50|0.15|0.6000|7|32|1|1|0.0188|0.0006|0.0007|-0.1971|0.0131||0.34|40|0.06|66
GME211210P00480000||||||50||||0|0|0|-1.0000|0.0000|-0.1184|0.0016|0.0000||301.50|4|297.20|20
GME211210C00490000|0.30|0.35|0.24|0.40|0.24|51|-0.16|-0.4000|4|91|2|16|0.0124|0.0004|0.0005|-0.1317|0.0092||0.31|8|0.06|36
GME211210P00490000||||||51||||0|0|0|-1.0000|0.0000|-0.1208|0.0016|0.0000||311.60|4|307.20|10
GME211210C00500000|0.38|0.38|0.19|0.38|0.22|52|-0.16|-0.4211|-12|856|1|40|0.0115|0.0004|0.0005|-0.1244|0.0086||0.26|12|0.18|3
GME211210P00500000||||||52||||0|0|0|-1.0000|0.0000|-0.1233|0.0016|0.0000||321.60|10|317.20|5
GME211210C00510000|0.55|0.55|0.11|0.37|0.20|53|-0.17|-0.4595|139|2025|4|252|0.0106|0.0004|0.0004|-0.1159|0.0080||0.26|25|0.18|5
GME211210P00510000||||||53||||0|0|0|-1.0000|0.0000|-0.6426|0.0017|0.0000||331.45|12|327.20|5
GME211217C00080000|94.56|94.56|94.56|110.26|94.56|20|-15.70|-0.1424|0|1|1|1|0.9078|0.0009|0.0224|-0.9089|0.0627||103.20|10|99.70|13
GME211217P00080000|0.47|0.47|0.32|0.30|0.35|20|0.05|0.1667|26|349|3|8|-0.0110|0.0004|-0.0010|-0.0639|0.0110||0.50|12|0.24|11
GME211217C00085000||||95.85|95.85|19|0.00|0.0000|0|1|0|0|0.9717|0.0008|0.0346|-0.1653|0.0246||98.25|6|94.80|12
GME211217P00085000|0.45|0.45|0.42|0.35|0.43|19|0.08|0.2286|1|122|2|5|-0.0135|0.0005|-0.0012|-0.0734|0.0132||0.45|1|0.32|1
GME211217C00090000||||137.00|137.00|18|0.00|0.0000|0|4|0|0|0.9037|0.0005|0.0115|-1.7875|0.0647||93.35|5|89.85|3
GME211217P00090000|0.49|0.53|0.49|0.46|0.53|18|0.07|0.1522|0|66|1|5|-0.0171|0.0006|-0.0016|-0.0868|0.0161||0.67|21|0.40|15
GME211217C00100000|79.94|79.94|79.69|114.96|79.69|17|-35.27|-0.3068|0|49|1|2|0.9989|0.0001|0.0437|-0.0046|0.0014||83.20|7|80.05|12
GME211217P00100000|0.80|0.81|0.50|0.78|0.76|17|-0.02|-0.0256|126|869|6|486|-0.0013|0.0001|-0.0001|-0.0049|0.0016||0.81|10|0.59|59
GME211217C00105000||||66.05|66.05|16|0.00|0.0000|0|1|0|0|0.9978|0.0002|0.0458|-0.0082|0.0027||78.70|12|75.20|12
GME211217P00105000|0.87|0.95|0.86|0.78|0.86|16|0.08|0.1026|-2|89|2|56|-0.0024|0.0002|-0.0002|-0.0084|0.0028||0.98|12|0.71|82
GME211217C00110000||||73.25|73.25|15|0.00|0.0000|0|1|0|0|0.9966|0.0003|0.0479|-0.0116|0.0039||73.85|4|70.35|12
GME211217P00110000|0.89|1.40|0.89|0.82|1.03|15|0.21|0.2561|2|375|100|257|-0.0042|0.0003|-0.0004|-0.0137|0.0047||1.18|17|0.87|54
GME211217C00115000||||112.11|112.11|14|0.00|0.0000|0|2|0|0|0.9945|0.0005|0.0499|-0.0169|0.0059||69.05|12|65.60|12
GME211217P00115000|1.34|1.45|1.34|0.68|1.45|14|0.77|1.1324|0|148|5|17|-0.0075|0.0006|-0.0006|-0.0228|0.0078||1.37|11|1.05|87
GME211217C00120000||||64.15|64.15|13|0.00|0.0000|24|51|0|0|0.9901|0.0008|0.0518|-0.0278|0.0100||64.00|22|60.20|12
GME211217P00120000|1.37|1.55|1.37|1.34|1.45|13|0.11|0.0821|17|153|1|11|-0.0125|0.0009|-0.0011|-0.0352|0.0123||1.65|10|1.27|98
GME211217C00125000||||79.68|79.68|12|0.00|0.0000|0|35|0|0|0.8968|0.0029|0.1493|-0.1043|0.1239||59.30|23|55.60|4
GME211217P00125000|1.55|1.88|1.55|1.56|1.88|12|0.32|0.2051|-4|205|3|6|-0.0216|0.0015|-0.0018|-0.0563|0.0196||2.06|15|1.56|106
GME211217C00130000||||55.70|55.70|11|0.00|0.0000|0|10|0|0|0.8765|0.0034|0.1500|-0.1171|0.1408||54.80|24|51.25|13
GME211217P00130000|1.86|2.65|1.80|2.20|2.21|11|0.01|0.0045|9|195|1|45|-0.0335|0.0022|-0.0029|-0.0806|0.0283||2.52|17|1.93|102
GME211217C00135000||||90.47|90.47|10|0.00|0.0000|0|3|0|0|0.9537|0.0029|0.0552|-0.1018|0.0368||50.25|44|46.80|15
GME211217P00135000|2.62|2.72|2.62|2.75|2.72|10|-0.03|-0.0109|0|140|1|12|-0.0486|0.0029|-0.0042|-0.1078|0.0383||2.99|12|2.42|73
GME211217C00140000|40.15|40.15|40.15|47.75|40.15|9|-7.60|-0.1592|1|146|1|1|0.8270|0.0043|0.1483|-0.1452|0.1766||45.85|44|42.50|12
GME211217P00140000|3.26|4.39|3.00|3.21|3.50|9|0.29|0.0903|11|549|5|320|-0.0720|0.0040|-0.0062|-0.1465|0.0521||3.65|10|3.00|104
GME211217C00145000||||96.94|96.94|8|0.00|0.0000|0|57|0|0|0.9036|0.0051|0.0552|-0.1778|0.0648||41.65|28|38.85|12
GME211217P00145000|4.18|4.18|3.35|4.15|4.02|8|-0.13|-0.0313|16|211|1|26|-0.1020|0.0052|-0.0089|-0.1923|0.0676||4.65|60|3.85|79
GME211217C00150000||||35.85|35.85|7|0.00|0.0000|0|71|0|0|0.8687|0.0064|0.0543|-0.2237|0.0809||37.65|28|34.75|4
GME211217P00150000|4.25|6.92|4.00|5.25|5.20|7|-0.05|-0.0095|86|1619|12|261|-0.1366|0.0064|-0.0120|-0.2354|0.0831||5.45|12|5.10|17
GME211217C00155000|35.95|35.95|30.10|42.74|30.10|6|-12.64|-0.2957|0|11|1|2|0.7365|0.0054|0.1389|-0.1869|0.2254||33.80|44|31.15|12
GME211217P00155000|4.10|8.13|4.10|6.88|6.54|6|-0.34|-0.0494|13|308|2|26|-0.1783|0.0076|-0.0157|-0.2781|0.0989||6.95|19|6.05|78
GME211217C00160000|25.00|29.27|25.00|38.33|29.27|5|-9.06|-0.2364|-1|97|2|4|0.7793|0.0090|0.0506|-0.3066|0.1125||30.20|59|27.85|15
GME211217P00160000|6.80|10.00|6.40|8.40|7.75|5|-0.65|-0.0774|26|650|19|1061|-0.2257|0.0088|-0.0201|-0.3205|0.1140||8.65|58|7.55|78
GME211217C00165000|24.60|24.60|24.60|34.08|24.60|4|-9.48|-0.2782|0|82|1|1|0.7242|0.0100|0.0477|-0.3505|0.1267||26.90|55|24.65|15
GME211217P00165000|8.60|10.85|8.60|10.05|9.77|4|-0.28|-0.0279|22|307|1|13|-0.2794|0.0098|-0.0251|-0.3615|0.1275||10.40|10|9.25|76
GME211217C00170000||||23.22|23.22|3|0.00|0.0000|-2|117|0|0|0.6666|0.0107|0.0444|-0.3863|0.1379||23.80|61|21.65|47
GME211217P00170000|11.28|14.80|10.85|11.92|11.20|3|-0.72|-0.0604|291|1083|1|120|-0.3349|0.0104|-0.0304|-0.3966|0.1382||12.45|29|11.25|83
GME211217C00175000|21.90|21.90|16.27|21.60|20.50|2|-1.10|-0.0509|-22|188|1|11|0.6066|0.0063|0.1201|-0.2228|0.2654||21.10|60|19.00|54
GME211217P00175000|15.80|16.43|12.98|14.30|14.33|2|0.03|0.0021|18|703|1|27|-0.3920|0.0111|-0.0358|-0.4170|0.1457||14.75|29|13.30|112
GME211217C00180000|21.00|21.00|14.24|17.51|17.98|1|0.47|0.0268|17|465|1|52|0.5535|0.0117|0.0378|-0.4189|0.1501||18.60|67|16.60|49
GME211217P00180000|15.35|20.86|15.00|17.60|16.63|1|-0.97|-0.0551|199|1062|1|42|-0.4486|0.0114|-0.0414|-0.4283|0.1500||17.20|12|15.80|92
GME211217C00185000|17.00|18.25|12.92|16.00|15.00|1|-1.00|-0.0625|13|268|1|31|0.4925|0.0117|0.0339|-0.4241|0.1513||15.85|22|14.60|16
GME211217P00185000|17.32|23.60|17.00|19.85|19.44|1|-0.41|-0.0207|1|269|1|63|-0.4549|0.0063|-0.1593|-0.2355|0.2735||20.35|19|18.30|95
GME211217C00187500|15.87|15.87|15.87|14.09|15.87|2|1.78|0.1263|15|39|1|2|0.5001|0.0083|0.0325|-0.5964|0.1513||15.30|72|13.50|12
GME211217P00187500|20.48|20.48|19.77|21.85|19.77|2|-2.08|-0.0952|15|115|1|2|-0.5038|0.0089|-0.0494|-0.5604|0.1515||21.80|14|19.75|75
GME211217C00190000|15.00|16.15|10.20|13.65|13.83|3|0.18|0.0132|83|239|1|108|0.4400|0.0115|0.0306|-0.4226|0.1498||14.35|92|12.40|76
GME211217P00190000|20.10|26.92|20.10|22.75|22.61|3|-0.14|-0.0062|3|450|1|18|-0.5568|0.0112|-0.0526|-0.4328|0.1500||23.50|53|21.25|95
GME211217C00192500|12.74|12.74|12.50|12.10|12.50|4|0.40|0.0331|20|28|1|2|0.4492|0.0090|0.0300|-0.5459|0.1501||13.45|67|11.65|16
GME211217P00192500||||24.70|24.70|4|0.00|0.0000|7|112|0|0|-0.5543|0.0093|-0.0544|-0.5245|0.1501||25.15|14|22.85|72
GME211217C00195000|13.00|13.35|11.09|11.79|11.09|5|-0.70|-0.0594|18|148|1|8|0.3884|0.0111|0.0271|-0.4150|0.1455||12.65|74|10.75|49
GME211217P00195000|29.90|31.30|23.65|25.08|25.45|5|0.37|0.0148|8|423|1|146|-0.6103|0.0109|-0.0584|-0.4230|0.1455||26.85|31|24.50|76
GME211217C00197500|12.50|13.00|10.39|10.50|11.45|6|0.95|0.0905|33|38|2|48|0.3969|0.0093|0.0270|-0.5020|0.1462||11.80|72|10.25|33
GME211217P00197500||||27.65|27.65|6|0.00|0.0000|1|93|0|0|-0.5945|0.0089|-0.0593|-0.5285|0.1470||28.65|16|26.30|51
GME211217C00200000|11.05|12.80|8.47|10.50|10.20|7|-0.30|-0.0286|134|1099|3|1497|0.3391|0.0104|0.0238|-0.4016|0.1388||10.05|1|9.60|17
GME211217P00200000|28.60|32.77|28.10|28.61|29.13|7|0.52|0.0182|4|1921|8|20|-0.6530|0.0103|-0.0634|-0.4146|0.1402||30.45|21|28.10|69
GME211217C00202500|10.60|10.80|9.79|10.00|9.79|8|-0.21|-0.0210|5|18|1|31|0.4932|0.0048|0.0935|-0.3108|0.2752||10.20|63|8.95|9
GME211217P00202500|30.45|30.45|30.45|24.10|30.45|8|6.35|0.2635|0|116|1|1|-0.7502|0.0119|-0.0705|-0.2642|0.1206||32.25|15|29.90|63
GME211217C00205000|10.00|10.05|7.47|9.40|8.75|9|-0.65|-0.0691|16|57|1|24|0.3546|0.0083|0.0240|-0.5245|0.1411||9.55|80|8.40|5
GME211217P00205000|36.08|36.08|33.98|33.95|33.98|9|0.03|0.0009|6|165|10|11|-0.6181|0.0075|-0.0647|-0.6057|0.1446||34.20|14|31.75|70
GME211217C00207500|10.20|10.20|7.35|9.03|8.90|10|-0.13|-0.0144|12|28|1|8|0.3443|0.0079|0.0232|-0.5360|0.1396||9.05|71|7.85|29
GME211217P00207500||||21.30|21.30|10|0.00|0.0000|0|181|0|0|-0.9447|0.0074|-0.0867|-0.0518|0.0424||36.10|12|33.75|63
GME211217C00210000|10.25|10.25|6.70|9.00|7.88|11|-1.12|-0.1244|323|845|1|68|0.2550|0.0091|0.0181|-0.3528|0.1219||8.35|93|7.35|62
GME211217P00210000|40.00|40.70|37.00|40.00|37.01|11|-2.99|-0.0748|7|226|8|17|-0.7401|0.0091|-0.0736|-0.3622|0.1232||38.30|12|35.70|63
GME211217C00212500|6.50|6.50|6.50|7.88|6.50|12|-1.38|-0.1751|1|22|1|1|0.2752|0.0082|0.0191|-0.4254|0.1266||7.95|82|6.90|18
GME211217P00212500|42.25|42.25|42.25|27.00|42.25|12|15.25|0.5648|0|59|4|4|-0.5092|0.0041|-0.2204|-0.3693|0.2752||40.20|12|37.75|45
GME211217C00215000|8.03|8.03|6.90|7.33|6.90|13|-0.43|-0.0587|3|93|1|5|0.4433|0.0047|0.0853|-0.3107|0.2725||7.60|71|6.45|52
GME211217P00215000|38.00|46.00|38.00|32.68|42.25|13|9.57|0.2928|0|99|1|4|-0.5412|0.0045|-0.2260|-0.3325|0.2738||42.45|12|39.75|58
GME211217C00217500|7.20|7.20|7.20|7.75|7.20|14|-0.55|-0.0710|18|38|1|1|0.2755|0.0073|0.0189|-0.4791|0.1266||7.10|88|6.10|44
GME211217P00217500|47.80|47.80|47.80|34.55|47.80|14|13.25|0.3835|0|23|1|1|-0.6558|0.0063|-0.0730|-0.6766|0.1396||44.35|12|41.90|34
GME211217C00220000|6.89|7.58|5.30|6.70|6.50|15|-0.20|-0.0299|257|1902|1|69|0.3563|0.0058|0.0749|-0.2269|0.2572||6.65|90|5.80|68
GME211217P00220000|46.55|46.55|46.55|42.02|46.55|15|4.53|0.1078|-1|445|1|1|-0.8051|0.0076|-0.0825|-0.3132|0.1047||46.55|19|43.95|44
GME211217C00222500|7.50|7.50|6.60|5.85|6.60|16|0.75|0.1282|1|67|1|4|0.2764|0.0066|0.0187|-0.5285|0.1270||6.35|68|5.50|37
GME211217P00222500|52.45|52.95|48.85|31.45|49.15|16|17.70|0.5628|0|10|2|15|-0.7156|0.0065|-0.0784|-0.5502|0.1288||48.90|12|46.15|37
GME211217C00225000|6.35|6.35|5.50|6.00|5.80|17|-0.20|-0.0333|6|105|1|19|0.2455|0.0066|0.0168|-0.4688|0.1195||6.00|61|5.20|32
GME211217P00225000|48.50|48.50|48.50|32.35|48.50|17|16.15|0.4992|0|31|1|2|-0.7795|0.0068|-0.0833|-0.4056|0.1126||51.05|12|48.35|40
GME211217C00227500|5.60|5.60|5.60|5.85|5.60|18|-0.25|-0.0427|-1|8|1|1|0.2471|0.0063|0.0168|-0.4938|0.1199||5.70|81|5.00|26
GME211217P00227500||||48.05|48.05|18|0.00|0.0000|17|60|0|0|-0.8623|0.0063|-0.0898|-0.2384|0.0835||53.35|12|50.55|48
GME211217C00230000|5.65|6.40|4.85|5.33|5.50|19|0.17|0.0319|-3|431|1|58|0.1388|0.0061|0.0100|-0.2521|0.0839||5.45|72|4.80|21
GME211217P00230000|54.21|54.21|54.21|49.83|54.21|19|4.38|0.0879|-10|63|1|1|-0.8566|0.0061|-0.0905|-0.2612|0.0858||55.60|12|52.75|49
GME211217C00232500|4.50|4.50|4.45|5.20|4.45|20|-0.75|-0.1442|3|80|1|3|0.2068|0.0060|0.0143|-0.4239|0.1085||5.15|60|4.55|31
GME211217P00232500||||53.30|53.30|20|0.00|0.0000|0|19|0|0|-0.9091|0.0051|-0.0952|-0.1618|0.0620||57.75|12|55.00|36
GME211217C00235000|5.70|5.70|5.14|4.79|5.14|21|0.35|0.0731|17|74|1|6|0.2232|0.0057|0.0151|-0.4863|0.1132||4.95|65|4.40|7
GME211217P00235000||||54.70|54.70|21|0.00|0.0000|43|60|0|0|-0.7232|0.0054|-0.2814|-0.1945|0.2310||60.20|12|57.30|47
GME211217C00240000|4.37|4.78|4.21|4.70|4.30|22|-0.40|-0.0851|-4|308|2|77|0.1003|0.0048|0.0073|-0.2021|0.0668||4.55|79|4.05|28
GME211217P00240000|65.50|65.50|65.50|65.23|65.50|22|0.27|0.0041|8|54|1|1|-0.8939|0.0049|-0.0976|-0.2154|0.0695||64.85|12|61.85|30
GME211217C00245000|4.75|4.75|3.95|4.10|3.95|23|-0.15|-0.0366|5|87|1|155|0.1884|0.0051|0.0128|-0.4482|0.1023||4.25|68|3.80|23
GME211217P00245000|71.40|71.40|71.40|56.01|71.40|23|15.39|0.2748|-5|49|2|5|-0.7537|0.0050|-0.0913|-0.6247|0.1196||69.55|11|66.50|40
GME211217C00250000|4.46|4.75|3.45|4.00|3.65|24|-0.35|-0.0875|14|1169|5|117|0.0727|0.0037|0.0053|-0.1612|0.0525||3.90|63|3.50|41
GME211217P00250000||||73.53|73.53|24|0.00|0.0000|-1|56|0|0|-0.9239|0.0038|-0.1041|-0.1692|0.0543||74.30|11|71.15|46
GME211217C00255000|3.60|3.60|3.41|3.60|3.60|25|0.00|0.0000|-1|355|1|6|0.1588|0.0045|0.0109|-0.4081|0.0918||3.65|33|3.30|23
GME211217P00255000||||39.75|39.75|25|0.00|0.0000|0|5|0|0|-0.9986|0.0002|-0.1117|-0.0022|0.0018||79.30|20|75.85|42
GME211217C00260000|3.55|3.85|3.20|3.59|3.40|26|-0.19|-0.0529|30|516|1|36|0.0511|0.0028|0.0037|-0.1236|0.0398||3.55|100|3.05|49
GME211217P00260000|78.20|78.20|78.20|72.05|78.20|26|6.15|0.0854|0|21|1|1|-0.9449|0.0029|-0.1100|-0.1328|0.0422||84.30|20|80.65|44
GME211217C00270000|3.25|3.25|2.85|3.19|2.99|27|-0.20|-0.0627|18|541|1|230|0.0388|0.0022|0.0028|-0.1013|0.0319||3.10|54|2.80|2
GME211217P00270000||||65.35|65.35|27|0.00|0.0000|0|49|0|0|-0.9579|0.0023|-0.1153|-0.1096|0.0341||93.55|13|90.20|31
GME211217C00280000|3.29|3.29|2.57|2.55|2.63|28|0.08|0.0314|7|2032|1|210|0.1837|0.0037|0.0395|-0.1800|0.1834||2.82|73|2.43|47
GME211217P00280000||||91.00|91.00|28|0.00|0.0000|0|10|0|0|-0.9684|0.0018|-0.1204|-0.0882|0.0270||103.30|10|99.85|42
GME211217C00290000|2.60|2.69|2.48|2.43|2.57|29|0.14|0.0576|3|522|1|45|0.1680|0.0034|0.0362|-0.1736|0.1733||2.59|70|2.20|36
GME211217P00290000||||68.50|68.50|29|0.00|0.0000|0|25|0|0|-0.9742|0.0015|-0.1252|-0.0767|0.0228||113.30|12|109.50|23
GME211217C00300000|2.55|2.60|2.04|2.35|2.23|30|-0.12|-0.0511|199|5147|2|774|0.1528|0.0032|0.0330|-0.1656|0.1629||2.25|2|2.12|1
GME211217P00300000|125.00|125.00|125.00|116.00|125.00|30|9.00|0.0776|0|20|4|5|-0.9812|0.0011|-0.1301|-0.0589|0.0175||123.20|12|119.25|21
GME211217C00310000|2.10|2.40|2.03|2.21|2.03|31|-0.18|-0.0814|-1|369|1|16|0.0126|0.0008|0.0009|-0.0420|0.0124||2.18|66|1.90|25
GME211217P00310000||||102.75|102.75|31|0.00|0.0000|0|3|0|0|-0.9853|0.0009|-0.1348|-0.0485|0.0142||133.00|12|129.15|23
GME211217C00320000|2.00|2.04|1.73|2.00|1.73|32|-0.27|-0.1350|4|407|1|46|0.0096|0.0006|0.0007|-0.0338|0.0098||2.09|90|1.76|8
GME211217P00320000||||96.00|96.00|32|0.00|0.0000|0|17|0|0|-0.9882|0.0007|-0.1394|-0.0405|0.0117||142.70|12|139.00|30
GME211217C00330000||||1.75|1.75|33|0.00|0.0000|28|213|0|0|0.1185|0.0026|0.0256|-0.1455|0.1368||1.75|1|1.60|32
GME211217P00330000||||159.50|159.50|33|0.00|0.0000|0|3|0|0|-0.9909|0.0006|-0.1440|-0.0325|0.0093||152.55|12|148.75|28
GME211217C00340000|2.00|2.00|1.60|1.53|1.60|34|0.07|0.0458|5|232|2|4|0.0063|0.0004|0.0005|-0.0241|0.0067||1.77|73|1.48|42
GME211217P00340000||||126.85|126.85|34|0.00|0.0000|0|7|0|0|-0.9928|0.0005|-0.1485|-0.0266|0.0076||162.45|12|158.75|29
GME211217C00350000|1.75|1.84|1.50|1.75|1.55|35|-0.20|-0.1143|13|990|1|43|0.0052|0.0003|0.0004|-0.0206|0.0056||1.63|53|1.40|26
GME211217P00350000||||133.85|133.85|35|0.00|0.0000|0|4|0|0|-0.9938|0.0004|-0.1530|-0.0235|0.0066||172.35|12|168.65|31
GME211217C00360000|1.50|1.60|1.37|1.58|1.37|36|-0.21|-0.1329|0|308|4|8|0.0045|0.0003|0.0003|-0.0186|0.0050||1.56|65|1.29|30
GME211217P00360000||||||36|||0|0|0|0|-0.8937|0.0022|-0.4999|-0.1445|0.1266||182.25|12|178.45|24
GME211217C00370000|1.45|1.45|1.45|1.97|1.45|37|-0.52|-0.2640|0|447|1|1|0.0039|0.0002|0.0003|-0.0167|0.0044||1.56|127|1.22|5
GME211217P00370000||||172.65|172.65|37|0.00|0.0000|0|3|0|0|-0.9955|0.0003|-0.1619|-0.0180|0.0050||192.35|12|188.45|22
GME211217C00380000|1.60|1.60|1.60|1.36|1.60|38|0.24|0.1765|1|169|1|1|0.0034|0.0002|0.0002|-0.0150|0.0038||1.56|141|1.20|1
GME211217P00380000||||165.60|165.60|38|0.00|0.0000|0|17|0|0|-0.9963|0.0002|-0.1663|-0.0153|0.0042||202.10|12|198.35|19
GME211217C00390000|1.18|1.18|1.18|1.38|1.18|39|-0.20|-0.1449|0|192|1|1|0.0030|0.0002|0.0002|-0.0140|0.0035||1.24|17|1.03|7
GME211217P00390000||||||39|||0|0|0|0|-0.9966|0.0002|-0.1707|-0.0142|0.0039||212.10|1|208.15|12
GME211217C00400000|1.20|1.39|1.01|1.29|1.02|40|-0.27|-0.2093|16|1166|7|66|0.0024|0.0002|0.0002|-0.0114|0.0028||1.17|42|1.00|3
GME211217P00400000||||198.90|198.90|40|0.00|0.0000|0|3|0|0|-0.9970|0.0002|-0.1751|-0.0131|0.0035||222.10|1|218.15|12
GME211217C00410000|1.00|1.00|1.00|1.22|1.00|41|-0.22|-0.1803|1|204|1|1|0.0020|0.0001|0.0001|-0.0098|0.0024||1.12|61|0.88|35
GME211217P00410000||||190.90|190.90|41|0.00|0.0000|0|3|0|0|-0.9973|0.0002|-0.1795|-0.0116|0.0031||231.85|12|228.15|4
GME211217C00420000|1.37|1.37|0.90|1.16|0.90|42|-0.26|-0.2241|-1|539|1|14|0.0018|0.0001|0.0001|-0.0088|0.0021||1.11|104|0.79|42
GME211217P00420000||||189.85|189.85|42|0.00|0.0000|0|16|0|0|-0.9984|0.0001|-0.1840|-0.0065|0.0019||241.95|12|238.00|20
GME211217C00430000|0.97|0.97|0.97|1.08|0.97|43|-0.11|-0.1019|0|208|7|7|0.0016|0.0001|0.0001|-0.0080|0.0019||1.11|91|0.65|26
GME211217P00430000||||244.20|244.20|43|0.00|0.0000|0|0|0|0|-0.9986|0.0001|-0.1884|-0.0057|0.0017||251.95|12|247.70|12
GME211217C00440000||||1.15|1.15|44|0.00|0.0000|4|472|0|0|0.0013|0.0001|0.0001|-0.0070|0.0017||0.90|13|0.59|24
GME211217P00440000||||||44|||0|0|0|0|-0.9989|0.0001|-0.1928|-0.0042|0.0014||261.95|12|257.65|12
GME211217C00450000|1.03|1.03|0.76|1.02|0.79|45|-0.23|-0.2255|5|684|1|9|0.0011|0.0001|0.0001|-0.0058|0.0014||0.80|6|0.59|12
GME211217P00450000||||||45|||0|0|0|0|-0.9990|0.0001|-0.1972|-0.0037|0.0012||271.90|12|267.60|12
GME211217C00460000|1.11|1.11|0.68|1.02|0.76|46|-0.26|-0.2549|-133|1136|1|12|0.0010|0.0001|0.0001|-0.0057|0.0013||0.89|26|0.60|1
GME211217P00460000||||261.60|261.60|46|0.00|0.0000|0|5|0|0|-0.9991|0.0001|-0.2016|-0.0033|0.0011||281.85|12|277.55|12
GME211217C00470000|0.90|0.90|0.78|0.84|0.78|47|-0.06|-0.0714|0|189|1|11|0.0320|0.0009|0.0021|-0.1861|0.0272||0.85|26|0.45|42
GME211217P00470000||||||47||||0|0|0|-1.0000|0.0000|-0.2060|0.0016|0.0000||291.80|12|287.50|22
GME211217C00480000|0.82|0.82|0.63|0.67|0.63|48|-0.04|-0.0597|7|224|4|7|0.0340|0.0009|0.0023|-0.2019|0.0286||0.63|3|0.44|29
GME211217P00480000||||264.21|264.21|48|0.00|0.0000|0|7|0|0|-0.9755|0.0007|-0.2087|-0.1432|0.0218||301.80|12|297.50|10
GME211217C00490000|1.01|1.01|0.52|0.86|0.52|49|-0.34|-0.3953|1|97|6|9|0.0318|0.0008|0.0021|-0.1920|0.0271||0.60|4|0.42|14
GME211217P00490000||||274.04|274.04|49|0.00|0.0000|0|7|0|0|-0.9774|0.0007|-0.2132|-0.1340|0.0204||311.85|12|307.45|20
GME211217C00500000|0.90|0.90|0.48|0.80|0.50|50|-0.30|-0.3750|-5|2488|13|103|0.0220|0.0006|0.0015|-0.1349|0.0199||0.73|9|0.50|8
GME211217P00500000||||290.05|290.05|50|0.00|0.0000|0|7|0|0|-0.9667|0.0008|-0.2170|-0.2032|0.0281||321.85|12|317.45|10
GME211217C00510000|0.72|0.96|0.44|0.72|0.49|51|-0.23|-0.3194|101|1366|2|167|0.0214|0.0006|0.0014|-0.1332|0.0194||0.71|16|0.44|5
GME211217P00510000||||277.97|277.97|51|0.00|0.0000|0|0|0|0|-0.9924|0.0003|-0.2230|-0.0452|0.0080||331.80|12|327.45|3
GME211223C00100000||||80.77|80.77|14|0.00|0.0000|-2|14|0|0|0.9741|0.0010|0.0570|-0.0834|0.0268||83.45|13|79.65|12
GME211223P00100000|0.90|0.90|0.88|0.80|0.88|14|0.08|0.1000|7|116|10|11|-0.0284|0.0010|-0.0036|-0.0919|0.0289||1.13|32|0.46|50
GME211223C00110000||||||13||||0|0|0|1.0000|0.0000|0.0663|-0.0004|0.0000||74.20|10|70.00|4
GME211223P00110000|0.80|1.33|0.80|1.69|1.33|13|-0.36|-0.2130|6|28|10|20|-0.1134|0.0020|-0.0441|-0.1554|0.1399||1.25|1|0.94|30
GME211223C00120000||||103.35|103.35|12|0.00|0.0000|0|1|0|0|0.8295|0.0011|0.0280|-1.2929|0.1128||64.75|17|60.65|4
GME211223P00120000||||1.15|1.15|12|0.00|0.0000|0|25|0|0|-0.0455|0.0020|-0.0056|-0.1040|0.0425||2.19|14|1.50|29
GME211223C00130000||||||11||||0|0|0|1.0000|0.0000|0.0784|-0.0005|0.0000||55.65|15|51.65|2
GME211223P00130000|2.84|2.84|2.69|2.33|2.69|11|0.36|0.1545|4|72|1|111|-0.0921|0.0033|-0.0115|-0.1898|0.0735||3.25|17|2.33|45
GME211223C00140000||||||10||||0|0|0|1.0000|0.0000|0.0844|-0.0005|0.0000||47.00|27|43.05|12
GME211223P00140000|4.10|4.40|4.10|3.90|4.40|10|0.50|0.1282|11|40|1|2|-0.1416|0.0045|-0.0179|-0.2540|0.0997||4.70|14|3.65|27
GME211223C00145000||||||9|||||0|0|1.0000|0.0000|0.0874|-0.0005|0.0000||42.90|17|39.45|12
GME211223P00145000||||||9|||||0|0|0.0000|0.0000|0.0000|0.0000|0.0000||5.65|10|4.60|25
GME211223C00150000||||55.90|55.90|8|0.00|0.0000|0|4|0|0|0.7309|0.0031|0.0459|-0.8103|0.1469||39.00|17|35.45|9
GME211223P00150000|4.80|7.60|4.10|6.45|6.07|8|-0.38|-0.0589|82|206|1|56|-0.1947|0.0059|-0.0247|-0.2922|0.1225||6.95|9|5.70|20
GME211223C00155000||||57.05|57.05|7|0.00|0.0000|0|10|0|0|0.7141|0.0029|0.0434|-0.9178|0.1512||35.05|18|32.30|4
GME211223P00155000|8.65|9.55|8.65|3.81|9.30|7|5.49|1.4409|0|111|8|18|-0.2469|0.0060|-0.0324|-0.3754|0.1404||8.40|13|7.00|38
GME211223C00160000||||53.80|53.80|6|0.00|0.0000|0|12|0|0|0.6964|0.0030|0.0434|-0.9218|0.1555||31.60|22|28.95|4
GME211223P00160000|10.28|11.60|8.10|9.59|9.45|6|-0.14|-0.0146|14|61|3|9|-0.2726|0.0070|-0.0352|-0.3569|0.1477||10.10|12|8.55|25
GME211223C00165000||||||5||||0|0|0|1.0000|0.0000|0.0994|-0.0006|0.0000||28.50|29|25.85|4
GME211223P00165000||||11.60|11.60|5|0.00|0.0000|12|21|0|0|-0.3139|0.0074|-0.0411|-0.3862|0.1577||11.95|9|10.35|28
GME211223C00170000||||25.94|25.94|4|0.00|0.0000|11|15|0|0|0.6423|0.0071|0.0543|-0.4444|0.1660||25.55|21|23.00|13
GME211223P00170000||||14.35|14.35|4|0.00|0.0000|2|33|0|0|-0.3562|0.0075|-0.0474|-0.4195|0.1657||14.20|13|12.40|31
GME211223C00175000||||19.00|19.00|3|0.00|0.0000|1|3|0|0|0.6046|0.0094|0.0544|-0.3591|0.1713||22.90|24|20.40|4
GME211223P00175000|13.64|17.35|13.50|16.30|16.05|3|-0.25|-0.0153|30|54|1|32|-0.3970|0.0081|-0.0528|-0.4181|0.1714||16.65|5|14.70|33
