symbol|open|high|low|preClose|close|activeLevel|change|changeRatio|openIntChange|openInterest|latestPriceVol|volume|delta|gamma|rho|theta|vega|tradeStamptradeTime|ask|avol|bid|bvol
GME211203C00100000|83.51|83.51|83.51|82.00|83.51|13|1.51|0.0184|0|10|1|1|0.9225|0.0016|0.0045|-3.3304|0.0194||82.10|12|77.90|16
GME211203P00100000|0.08|0.09|0.02|0.08|0.05|13|-0.03|-0.3750|146|513|7|65|-0.0013|0.0001|0.0000|-0.0405|0.0006||0.05|1|0.03|33
GME211203C00110000||||135.99|135.99|12|0.00|0.0000|0|1|0|0|0.9620|0.0001|0.0084|-0.6221|0.0490||72.00|15|67.90|16
GME211203P00110000|0.09|0.25|0.07|0.17|0.20|12|0.03|0.1765|15|172|3|33|-0.0098|0.0006|-0.0001|-0.2653|0.0035||0.24|4|0.11|8
GME211203C00120000||||||11||||0|0|0|1.0000|0.0000|0.0066|-0.0004|0.0000||62.00|17|57.85|20
GME211203P00120000|0.29|0.30|0.10|0.25|0.20|11|-0.05|-0.2000|148|381|1|135|-0.0082|0.0007|-0.0001|-0.1786|0.0030||0.33|6|0.19|22
GME211203C00130000||||65.44|65.44|10|0.00|0.0000|0|1|0|0|0.8026|0.0026|0.0043|-7.3742|0.0371||52.45|28|47.85|31
GME211203P00130000|0.16|0.50|0.16|0.40|0.31|10|-0.09|-0.2250|26|976|3|66|-0.0173|0.0015|-0.0002|-0.3148|0.0057||0.35|10|0.28|17
GME211203C00140000||||55.33|55.33|9|0.00|0.0000|0|6|0|0|0.7756|0.0033|0.0046|-6.8997|0.0401||42.35|26|37.75|33
GME211203P00140000|0.69|0.77|0.28|0.50|0.34|9|-0.16|-0.3200|57|1151|1|292|-0.2345|0.0027|-0.0688|-0.4436|0.1816||0.43|50|0.37|10
GME211203C00150000||||44.80|44.80|8|0.00|0.0000|0|6|0|0|0.7426|0.0042|0.0048|-6.2336|0.0432||32.75|26|27.90|31
GME211203P00150000|1.85|1.85|0.42|0.94|0.58|8|-0.36|-0.3830|17|1198|4|747|-0.0609|0.0052|-0.0006|-0.6964|0.0162||0.64|1|0.54|11
GME211203C00155000||||27.75|27.75|7|0.00|0.0000|0|5|0|0|0.8337|0.0078|0.0067|-2.0079|0.0335||28.35|20|22.80|21
GME211203P00155000|0.73|1.61|0.50|1.30|0.71|7|-0.59|-0.4538|34|992|2|113|-0.0611|0.0065|-0.0006|-0.5643|0.0162||0.99|30|0.65|40
GME211203C00160000|20.00|21.50|20.00|28.80|21.50|6|-7.30|-0.2535|0|115|1|20|0.9339|0.0085|0.0081|-0.4866|0.0172||23.65|72|19.80|16
GME211203P00160000|1.00|2.35|0.72|1.85|1.05|6|-0.80|-0.4324|14|440|1|731|-0.3092|0.0042|-0.0832|-0.3794|0.2085||1.19|4|0.93|37
GME211203C00165000||||32.50|32.50|5|0.00|0.0000|-1|31|0|0|0.6654|0.0056|0.0048|-5.9638|0.0486||19.50|43|14.65|35
GME211203P00165000|1.61|3.55|0.94|2.60|1.49|5|-1.11|-0.4269|467|783|1|1388|-0.1653|0.0138|-0.0017|-1.1171|0.0333||1.68|12|1.34|43
GME211203C00170000|11.23|12.00|8.50|13.25|12.00|4|-1.25|-0.0943|10|50|8|46|0.7665|0.0187|0.0069|-1.2567|0.0410||14.00|53|10.20|72
GME211203P00170000|2.31|5.10|1.45|3.72|2.33|4|-1.39|-0.3737|275|934|1|1910|-0.2171|0.0187|-0.0023|-1.1518|0.0394||2.45|1|2.04|73
GME211203C00175000|9.64|10.53|6.00|9.70|10.53|3|0.83|0.0856|29|117|5|43|0.6868|0.0268|0.0063|-1.1718|0.0474||9.95|62|7.25|78
GME211203P00175000|1.95|7.25|1.95|4.95|3.40|3|-1.55|-0.3131|181|483|1|1254|-0.3229|0.0254|-0.0034|-1.2700|0.0481||4.00|36|3.20|90
GME211203C00177500|10.10|10.10|4.70|7.55|8.24|2|0.69|0.0914|4|7|1|54|0.6374|0.0318|0.0060|-1.1051|0.0503||7.85|50|6.15|28
GME211203P00177500|4.40|8.60|2.87|5.85|4.55|2|-1.30|-0.2222|136|199|1|916|-0.4072|0.0060|-0.1043|-0.3237|0.2296||4.90|19|4.20|18
GME211203C00180000|8.54|11.00|3.20|7.10|5.00|1|-2.10|-0.2958|57|733|1|850|0.5400|0.0288|0.0050|-1.3693|0.0531||6.20|79|4.65|58
GME211203P00180000|5.50|10.10|3.35|6.98|5.57|1|-1.41|-0.2020|493|1768|1|1669|-0.4271|0.0065|-0.1076|-0.3030|0.2321||6.00|1|5.10|28
GME211203C00182500|7.88|8.47|3.11|6.70|4.50|1|-2.20|-0.3284|74|85|1|93|0.4706|0.0276|0.0044|-1.4322|0.0533||4.60|57|3.75|30
GME211203P00182500|5.90|11.00|4.40|8.00|6.95|1|-1.05|-0.1313|98|297|1|181|-0.5219|0.0244|-0.0056|-1.6275|0.0533||7.50|27|6.30|64
GME211203C00185000|4.90|7.95|2.08|4.90|3.15|2|-1.75|-0.3571|313|481|1|1760|0.4128|0.0271|0.0039|-1.3999|0.0522||3.15|1|2.92|6
GME211203P00185000|6.43|14.03|5.35|9.80|8.38|2|-1.42|-0.1449|77|588|1|857|-0.5644|0.0206|-0.0061|-1.8773|0.0527||9.20|34|7.60|75
GME211203C00187500|3.85|6.50|1.83|3.95|2.27|3|-1.68|-0.4253|713|730|1|572|0.3463|0.0247|0.0033|-1.3787|0.0494||2.89|86|1.79|147
GME211203P00187500|7.91|15.14|7.00|10.70|10.00|3|-0.70|-0.0654|113|475|11|59|-0.6321|0.0222|-0.0069|-1.5984|0.0505||10.90|28|9.30|60
GME211203C00190000|3.95|5.18|1.40|3.70|1.54|4|-2.16|-0.5838|634|778|8|1214|0.2734|0.0239|0.0026|-1.1579|0.0445||2.12|44|1.56|27
GME211203P00190000|11.24|18.00|8.00|12.00|11.55|4|-0.45|-0.0375|-109|833|1|249|-0.4872|0.0064|-0.1264|-0.3185|0.2359||12.85|15|10.95|66
GME211203C00192500|2.95|4.25|1.14|2.96|1.40|5|-1.56|-0.5270|434|502|7|517|0.2174|0.0213|0.0021|-1.0127|0.0394||1.60|46|1.09|79
GME211203P00192500|11.75|16.88|11.63|14.20|15.80|5|1.60|0.1127|-101|273|1|23|-0.6601|0.0150|-0.0075|-2.2343|0.0489||15.05|7|13.15|43
GME211203C00195000|2.37|3.40|0.92|2.40|1.10|6|-1.30|-0.5417|397|597|1|545|0.1902|0.0188|0.0018|-0.9830|0.0364||1.32|61|0.94|27
GME211203P00195000|14.00|21.77|12.00|16.71|16.04|6|-0.67|-0.0401|-61|626|3|169|-0.8397|0.0189|-0.0092|-0.7859|0.0327||17.30|6|15.40|19
GME211203C00197500|2.55|2.85|0.71|2.04|0.92|7|-1.12|-0.5490|386|490|10|494|0.1492|0.0158|0.0014|-0.8557|0.0311||1.11|55|0.88|2
GME211203P00197500|23.22|23.22|17.51|18.95|18.15|7|-0.80|-0.0422|38|202|3|13|-0.6821|0.0124|-0.0080|-2.5654|0.0477||19.70|13|17.90|13
GME211203C00200000|1.75|2.33|0.57|1.69|0.74|8|-0.95|-0.5621|381|1051|1|2521|0.4646|0.0060|0.0693|-0.3380|0.2351||0.81|1|0.69|25
GME211203P00200000|17.55|26.85|16.00|22.15|20.25|8|-1.90|-0.0858|-71|998|1|281|-0.9007|0.0124|-0.0100|-0.6129|0.0233||21.90|9|20.40|18
GME211203C00202500|2.00|2.00|0.50|1.48|0.67|9|-0.81|-0.5473|35|281|2|476|0.1255|0.0123|0.0012|-0.8697|0.0277||0.82|41|0.62|12
GME211203P00202500|20.05|22.43|20.05|21.91|21.55|9|-0.36|-0.0164|-27|184|1|23|-0.4587|0.0037|-0.1484|-0.5415|0.2348||24.40|8|22.20|29
GME211203C00205000|1.17|1.68|0.48|1.34|0.64|10|-0.70|-0.5224|206|834|2|639|0.0936|0.0101|0.0009|-0.6937|0.0224||0.63|1|0.55|12
GME211203P00205000|22.06|31.10|22.06|28.45|26.87|10|-1.58|-0.0555|-4|484|1|68|-0.7697|0.0111|-0.0091|-2.0859|0.0408||26.90|15|23.85|63
GME211203C00207500|1.29|1.35|0.46|1.10|0.51|11|-0.59|-0.5364|-5|400|1|171|0.0841|0.0090|0.0008|-0.6644|0.0207||0.68|41|0.49|16
GME211203P00207500|23.40|31.50|23.40|20.90|25.68|11|4.78|0.2287|-2|35|1|4|-0.6979|0.0089|-0.0087|-3.4143|0.0468||29.40|14|26.35|41
GME211203C00210000|1.01|1.24|0.40|1.11|0.53|12|-0.58|-0.5225|79|939|3|659|0.0624|0.0071|0.0006|-0.5315|0.0164||0.52|2|0.46|20
GME211203P00210000|28.16|35.15|27.06|30.40|31.77|12|1.37|0.0451|1|385|1|33|-0.8392|0.0097|-0.0100|-1.5367|0.0328||31.90|14|28.85|60
GME211203C00212500|0.95|1.05|0.38|0.92|0.51|13|-0.41|-0.4457|119|297|1|143|0.4529|0.0048|0.0639|-0.4232|0.2344||0.59|30|0.44|5
GME211203P00212500|33.40|33.40|33.40|34.12|33.40|13|-0.72|-0.0211|-1|67|2|2|-0.8893|0.0082|-0.0106|-1.0844|0.0252||34.40|16|31.35|47
GME211203C00215000|0.81|1.00|0.36|0.87|0.36|14|-0.51|-0.5862|21|792|5|227|0.0534|0.0058|0.0005|-0.5062|0.0146||0.52|2|0.40|20
GME211203P00215000|31.50|35.35|31.50|34.35|31.97|14|-2.38|-0.0693|-1|226|1|26|-0.8001|0.0084|-0.0100|-2.3206|0.0375||36.90|5|33.85|54
GME211203C00217500|0.70|0.70|0.38|0.71|0.38|15|-0.33|-0.4648|-7|183|1|18|0.0609|0.0058|0.0006|-0.6269|0.0161||0.50|1|0.38|17
GME211203P00217500|38.35|38.35|38.35|30.09|38.35|15|8.26|0.2745|0|74|2|2|-0.9944|0.0012|-0.0119|-0.0508|0.0021||39.40|11|36.20|36
GME211203C00220000|0.77|0.81|0.35|0.77|0.38|16|-0.39|-0.5065|-11|1378|1|401|0.0499|0.0050|0.0005|-0.5358|0.0138||0.43|5|0.38|12
GME211203P00220000|35.30|44.52|35.30|40.00|38.63|16|-1.37|-0.0343|1|213|1|17|-0.8674|0.0072|-0.0108|-1.5874|0.0287||41.90|11|38.70|56
GME211203C00222500|0.66|0.73|0.32|0.57|0.32|17|-0.25|-0.4386|-15|181|4|23|0.4483|0.0042|0.0609|-0.4825|0.2341||0.40|2|0.33|56
GME211203P00222500|47.10|47.10|45.85|34.99|45.85|17|10.86|0.3104|0|51|2|6|-0.8317|0.0071|-0.0107|-2.2389|0.0336||44.40|13|41.20|34
GME211203C00225000|0.71|0.72|0.34|0.71|0.34|18|-0.37|-0.5211|-80|656|1|118|0.0436|0.0042|0.0004|-0.5112|0.0124||0.42|1|0.31|57
GME211203P00225000||||45.20|45.20|18|0.00|0.0000|-3|125|0|0|-0.8286|0.0067|-0.0108|-2.4103|0.0339||46.90|14|43.50|59
GME211203C00227500|0.50|0.70|0.46|0.77|0.50|19|-0.27|-0.3506|3|97|2|27|0.0457|0.0041|0.0004|-0.5681|0.0129||0.40|7|0.30|16
GME211203P00227500|53.85|53.85|45.47|33.03|45.48|19|12.45|0.3769|0|26|1|5|-0.9007|0.0058|-0.0116|-1.3218|0.0234||49.40|12|45.95|34
GME211203C00230000|0.54|0.63|0.27|0.62|0.31|20|-0.31|-0.5000|192|927|1|202|0.0473|0.0040|0.0004|-0.6165|0.0132||0.35|3|0.28|31
GME211203P00230000|47.50|56.35|46.57|45.00|49.84|20|4.84|0.1076|-3|67|1|8|-0.9028|0.0055|-0.0117|-1.3492|0.0230||51.70|12|48.45|46
GME211203C00232500|0.48|0.48|0.32|0.57|0.32|21|-0.25|-0.4386|-8|93|10|19|0.0496|0.0039|0.0005|-0.6718|0.0137||0.36|1|0.27|15
GME211203P00232500|49.07|52.32|49.07|46.88|52.32|21|5.44|0.1160|-1|34|1|2|-0.9988|0.0003|-0.0127|-0.0143|0.0005||54.20|12|50.95|36
GME211203C00235000|0.33|0.60|0.23|0.54|0.28|22|-0.26|-0.4815|-1|331|1|120|0.0413|0.0034|0.0004|-0.5758|0.0119||0.30|1|0.26|16
GME211203P00235000|51.57|61.30|50.00|54.89|51.68|22|-3.21|-0.0585|-6|371|4|56|-0.9238|0.0046|-0.0122|-1.1172|0.0192||56.50|1|53.45|59
GME211203C00237500|0.42|0.42|0.42|0.52|0.42|23|-0.10|-0.1923|0|115|1|1|0.0472|0.0035|0.0004|-0.6971|0.0132||0.35|11|0.24|14
GME211203P00237500|54.06|63.79|52.54|57.38|54.18|23|-3.20|-0.0558|-6|284|4|45|-0.9252|0.0044|-0.0123|-1.1371|0.0189||58.95|12|55.90|59
GME211203C00240000|0.50|0.60|0.23|0.50|0.23|24|-0.27|-0.5400|1|592|1|222|0.0363|0.0029|0.0003|-0.5483|0.0106||0.28|1|0.23|6
GME211203P00240000|54.95|66.50|54.95|57.50|60.48|24|2.98|0.0518|-1|101|1|10|-0.9138|0.0045|-0.0124|-1.3754|0.0210||61.45|12|58.30|61
GME211203C00245000|0.47|0.47|0.19|0.44|0.25|25|-0.19|-0.4318|-31|414|1|75|0.0332|0.0026|0.0003|-0.5307|0.0099||0.30|4|0.20|6
GME211203P00245000|60.55|60.55|60.55|62.45|60.55|25|-1.90|-0.0304|-1|68|1|1|-0.6028|0.0038|-0.2078|-0.5004|0.2282||66.45|12|63.05|52
GME211203C00250000|0.25|0.45|0.17|0.41|0.18|26|-0.23|-0.5610|-50|3342|21|1710|0.0264|0.0021|0.0002|-0.4426|0.0082||0.27|8|0.15|20
GME211203P00250000|71.49|74.50|67.82|65.43|70.43|26|5.00|0.0764|-9|123|1|7|-0.9194|0.0039|-0.0130|-1.4445|0.0201||71.45|12|68.05|66
GME211203C00260000|0.23|0.34|0.14|0.37|0.14|27|-0.23|-0.6216|10|714|1|230|0.0205|0.0016|0.0002|-0.3825|0.0066||0.16|3|0.12|20
GME211203P00260000||||75.00|75.00|27|0.00|0.0000|-1|6|0|0|-0.9712|0.0020|-0.0140|-0.5444|0.0088||81.45|12|78.00|20
GME211203C00270000|0.22|0.34|0.15|0.26|0.18|28|-0.08|-0.3077|-1|587|1|277|0.0187|0.0014|0.0002|-0.3818|0.0061||0.19|1|0.10|8
GME211203P00270000|85.99|86.50|85.99|90.50|86.50|28|-4.00|-0.0442|4|21|2|4|-0.9813|0.0014|-0.0146|-0.3812|0.0061||91.45|12|88.00|19
GME211203C00280000|0.22|0.30|0.10|0.25|0.10|29|-0.15|-0.6000|-8|572|5|83|0.0109|0.0009|0.0001|-0.2380|0.0038||0.14|9|0.10|2
GME211203P00280000||||95.00|95.00|29|0.00|0.0000|-3|10|0|0|-0.9741|0.0016|-0.0151|-0.5816|0.0080||102.40|20|98.10|20
GME211203C00290000|0.27|0.27|0.09|0.25|0.09|30|-0.16|-0.6400|200|502|1|22|0.0094|0.0007|0.0001|-0.2212|0.0034||0.11|4|0.09|1
GME211203P00290000||||||30||||0|0|0|-1.0000|0.0000|-0.3098|0.0009|0.0000||112.35|17|108.00|17
GME211203C00300000|0.17|0.22|0.07|0.17|0.07|31|-0.10|-0.5882|16|2195|21|329|0.0090|0.0007|0.0001|-0.2253|0.0033||0.08|6|0.06|11
GME211203P00300000||||111.10|111.10|31|0.00|0.0000|-1|2|0|0|-1.0000|0.0000|-0.0164|-0.0002|0.0000||122.30|17|118.05|17
GME211203C00310000|0.11|0.13|0.10|0.20|0.13|32|-0.07|-0.3500|-10|344|1|3|0.0123|0.0008|0.0001|-0.3296|0.0043||0.08|7|0.05|15
GME211203P00310000||||71.90|71.90|32|0.00|0.0000|0|4|0|0|-0.8674|0.0029|-0.3100|-0.2022|0.1269||132.25|17|128.10|17
GME211203C00320000|0.10|0.12|0.04|0.17|0.04|33|-0.13|-0.7647|100|389|1|6|0.0083|0.0006|0.0001|-0.2316|0.0030||0.07|5|0.04|23
GME211203P00320000||||||33||||0|0|0|-1.0000|0.0000|-0.0175|0.0010|0.0000||142.20|17|138.10|17
GME211203C00330000|0.08|0.08|0.07|0.11|0.07|34|-0.04|-0.3636|68|348|1|6|0.0072|0.0005|0.0001|-0.2104|0.0027||0.06|1|0.05|3
GME211203P00330000||||127.27|127.27|34|0.00|0.0000|0|2|0|0|-0.9969|0.0002|-0.0181|-0.0883|0.0012||152.20|17|148.15|12
GME211203C00340000|0.08|0.08|0.07|0.11|0.07|35|-0.04|-0.3636|21|135|1|3|0.0068|0.0004|0.0001|-0.2100|0.0026||0.07|4|0.03|14
GME211203P00340000||||134.20|134.20|35|0.00|0.0000|0|1|0|0|-0.9989|0.0001|-0.0186|-0.0308|0.0005||162.15|17|158.15|17
GME211203C00350000|0.09|0.09|0.04|0.10|0.04|36|-0.06|-0.6000|226|1237|1|29|0.0049|0.0003|0.0000|-0.1557|0.0019||0.06|1|0.04|1
GME211203P00350000||||136.35|136.35|36|0.00|0.0000|0|3|0|0|-1.0000|0.0000|-0.0192|0.0008|0.0000||172.15|18|168.20|12
GME211203C00360000||||0.09|0.09|37|0.00|0.0000|-2|159|0|0|0.0076|0.0004|0.0001|-0.2536|0.0028||0.07|5|0.02|5
GME211203P00360000||||||37||||0|0|0|-1.0000|0.0000|-0.0197|0.0011|0.0000||182.15|17|178.20|17
GME211203C00370000||||0.05|0.05|38|0.00|0.0000|-2|88|0|0|0.0045|0.0003|0.0000|-0.1567|0.0018||0.07|6|0.01|14
GME211203P00370000||||136.05|136.05|38|0.00|0.0000|0|1|0|0|-0.9998|0.0000|-0.0203|-0.0057|0.0001||192.10|16|188.20|16
GME211203C00380000|0.06|0.06|0.06|0.10|0.06|39|-0.04|-0.4000|15|101|1|1|0.0050|0.0003|0.0000|-0.1809|0.0019||0.07|10|0.01|10
GME211203P00380000||||170.35|170.35|39|0.00|0.0000|0|0|0|0|-0.9996|0.0000|-0.0208|-0.0124|0.0002||202.10|21|198.20|20
GME211203C00390000|0.02|0.02|0.02|0.09|0.02|40|-0.07|-0.7778|9|91|2|2|0.0019|0.0001|0.0000|-0.0714|0.0008||0.07|7|0.00|0
GME211203P00390000||||||40||||0|0|0|-1.0000|0.0000|-0.0214|0.0012|0.0000||212.10|17|208.20|17
GME211203C00400000|0.04|0.06|0.01|0.07|0.02|41|-0.05|-0.7143|-34|2449|1|46|0.0010|0.0001|0.0000|-0.0385|0.0005||0.05|1|0.01|11
GME211203P00400000||||215.38|215.38|41|0.00|0.0000|-10|0|0|0|-0.9999|0.0000|-0.0219|-0.0009|0.0000||222.10|19|218.20|20
GME211203C00410000|0.05|0.05|0.02|0.05|0.03|42|-0.02|-0.4000|-2|1055|2|37|0.0027|0.0002|0.0000|-0.1039|0.0011||0.04|1|0.03|5
GME211203P00410000||||||42||||0|0|0|-1.0000|0.0000|-0.4380|0.0013|0.0000||232.10|19|228.20|20
GME211203C00420000|0.04|0.04|0.04|0.05|0.04|43|-0.01|-0.2000|7|231|4|4|0.0031|0.0002|0.0000|-0.1227|0.0012||0.06|1|0.01|1
GME211203P00420000||||||43||||0|0|0|-1.0000|0.0000|-0.0230|0.0013|0.0000||242.10|16|238.25|14
GME211203C00430000||||0.03|0.03|44|0.00|0.0000|21|70|0|0|0.0024|0.0001|0.0000|-0.0974|0.0010||0.10|2|0.01|6
GME211203P00430000||||||44||||0|0|0|-1.0000|0.0000|-0.0236|0.0013|0.0000||252.10|12|248.20|12
GME211203C00440000|0.08|0.08|0.08|0.05|0.08|45|0.03|0.6000|1|70|1|1|0.0053|0.0003|0.0000|-0.2247|0.0020||0.09|1|0.01|11
GME211203P00440000||||||45||||0|0|0|-1.0000|0.0000|-0.0241|0.0014|0.0000||262.10|12|258.10|12
GME211203C00450000|0.02|0.02|0.01|0.03|0.01|46|-0.02|-0.6667|5|483|5|6|0.0009|0.0001|0.0000|-0.0365|0.0004||0.11|1|0.01|15
GME211203P00450000||||||46||||0|0|0|-1.0000|0.0000|-0.0247|0.0014|0.0000||272.10|12|268.20|12
GME211203C00460000|0.11|0.11|0.01|0.02|0.01|47|-0.01|-0.5000|-1|59|1|6|0.0010|0.0001|0.0000|-0.0428|0.0004||0.05|1|0.01|1
GME211203P00460000||||||47||||0|0|0|-1.0000|0.0000|-0.0252|0.0014|0.0000||282.10|10|277.95|12
GME211203C00470000||||0.07|0.07|48|0.00|0.0000|-57|191|0|0|0.0044|0.0002|0.0000|-0.2014|0.0017||0.05|1|0.00|0
GME211203P00470000||||||48||||0|0|0|-1.0000|0.0000|-0.0258|0.0014|0.0000||292.10|12|288.10|12
GME211203C00480000|0.05|0.06|0.05|0.04|0.06|49|0.02|0.5000|1|91|1|2|0.0040|0.0002|0.0000|-0.1853|0.0016||0.10|1|0.00|0
GME211203P00480000||||||49||||0|0|0|-1.0000|0.0000|-0.5128|0.0015|0.0000||302.10|13|297.95|12
GME211203C00490000||||0.06|0.06|50|0.00|0.0000|16|250|0|0|0.0039|0.0002|0.0000|-0.1854|0.0016||0.04|1|0.01|1
GME211203P00490000||||||50||||0|0|0|-1.0000|0.0000|-0.5235|0.0015|0.0000||312.85|12|307.95|12
GME211203C00500000|0.05|0.05|0.01|0.05|0.01|51|-0.04|-0.8000|1|1370|1|19|0.0009|0.0001|0.0000|-0.0429|0.0004||0.05|5|0.01|4
GME211203P00500000||||||51||||0|0|0|-1.0000|0.0000|-0.0274|0.0015|0.0000||322.35|12|317.95|12
GME211203C00510000|0.04|0.10|0.01|0.05|0.01|52|-0.04|-0.8000|217|5698|25|575|0.0007|0.0000|0.0000|-0.0349|0.0003||0.02|24|0.01|101
GME211203P00510000||||||52||||0|0|0|-1.0000|0.0000|-0.0279|0.0016|0.0000||332.35|12|327.95|12
GME211210C00100000||||86.01|86.01|14|0.00|0.0000|0|1|0|0|0.8640|0.0010|0.0560|-0.5316|0.1402||81.95|10|78.70|13
GME211210P00100000|0.57|0.79|0.34|0.57|0.48|14|-0.09|-0.1579|65|210|1|47|-0.0179|0.0008|-0.0009|-0.1358|0.0126||0.48|1|0.38|1
GME211210C00110000||||76.13|76.13|13|0.00|0.0000|0|2|0|0|0.8877|0.0020|0.0205|-1.0005|0.0542||72.20|10|68.90|16
GME211210P00110000|0.85|0.85|0.64|0.71|0.69|13|-0.02|-0.0282|50|206|1|10|-0.0274|0.0013|-0.0014|-0.1760|0.0179||0.93|56|0.44|116
GME211210C00120000||||76.03|76.03|12|0.00|0.0000|0|1|0|0|0.8269|0.0021|0.0178|-1.7605|0.0727||62.50|12|59.30|12
GME211210P00120000|0.60|1.31|0.60|0.95|1.10|12|0.15|0.1579|2|96|1|174|-0.0465|0.0021|-0.0023|-0.2570|0.0276||1.20|55|0.74|115
GME211210C00130000||||||11||||0|0|0|1.0000|0.0000|0.0321|-0.0004|0.0000||53.05|24|49.95|13
GME211210P00130000|1.30|2.00|1.00|1.50|1.42|11|-0.08|-0.0533|20|431|3|81|-0.0628|0.0029|-0.0031|-0.2891|0.0350||1.64|41|1.28|69
GME211210C00140000||||56.44|56.44|10|0.00|0.0000|0|29|0|0|0.7727|0.0031|0.0202|-1.6083|0.0857||43.90|32|40.80|12
GME211210P00140000|2.30|3.20|1.75|2.49|2.38|10|-0.11|-0.0442|47|299|1|273|-0.1045|0.0044|-0.0052|-0.4119|0.0516||2.62|33|2.13|83
GME211210C00145000||||||9|||||0|0|1.0000|0.0000|0.0358|-0.0005|0.0000||39.40|27|36.40|21
GME211210P00145000|2.60|3.60|2.60|2.60|2.90|9|0.30|0.1154|||1|9|-0.1245|0.0054|-0.0062|-0.4353|0.0583||3.15|22|2.72|69
GME211210C00150000|37.50|37.50|34.20|47.05|34.20|8|-12.85|-0.2731|0|19|1|2|0.7814|0.0055|0.0253|-0.8836|0.0838||34.95|33|32.30|29
GME211210P00150000|3.00|5.00|2.81|3.70|3.70|8|0.00|0.0000|51|220|1|469|-0.1660|0.0063|-0.0084|-0.5437|0.0708||4.05|36|3.55|91
GME211210C00155000||||58.70|58.70|7|0.00|0.0000|0|45|0|0|0.7149|0.0027|0.0171|-2.3864|0.0962||31.20|40|28.30|35
GME211210P00155000|4.95|6.40|4.10|4.95|4.80|7|-0.15|-0.0303|94|195|1|75|-0.1864|0.0076|-0.0093|-0.5233|0.0762||5.05|18|4.65|49
GME211210C00160000||||29.75|29.75|6|0.00|0.0000|0|204|0|0|0.7196|0.0067|0.0245|-0.9354|0.0957||27.15|18|24.60|18
GME211210P00160000|5.00|8.20|5.00|6.00|6.00|6|0.00|0.0000|153|386|1|226|-0.2413|0.0083|-0.0123|-0.6539|0.0887||6.45|32|5.75|91
GME211210C00165000|21.75|21.75|21.75|23.22|21.75|5|-1.47|-0.0633|2|2|1|1|0.7173|0.0095|0.0263|-0.6705|0.0962||23.50|32|21.15|36
GME211210P00165000|7.65|10.05|6.48|7.75|7.50|5|-0.25|-0.0323|18|320|1|90|-0.3332|0.0044|-0.1057|-0.3233|0.2336||8.05|32|7.30|95
GME211210C00170000|24.00|24.00|17.52|20.07|21.00|4|0.93|0.0463|11|16|2|17|0.6487|0.0039|0.0951|-0.3820|0.2383||20.30|37|18.10|37
GME211210P00170000|8.54|12.29|7.15|8.90|9.59|4|0.69|0.0775|-2|360|1|201|-0.3446|0.0104|-0.0176|-0.7260|0.1043||10.00|15|9.20|53
GME211210C00175000|19.14|19.20|13.80|18.40|19.20|3|0.80|0.0435|7|25|4|37|0.6014|0.0088|0.0218|-0.9450|0.1096||17.50|38|15.40|43
GME211210P00175000|9.55|15.25|9.50|11.66|11.65|3|-0.01|-0.0009|117|418|1|207|-0.3907|0.0123|-0.0198|-0.6628|0.1090||12.15|25|11.15|79
GME211210C00177500|16.27|16.27|16.26|16.27|16.26|2|-0.01|-0.0006|||1|2|0.5810|0.0098|0.0216|-0.8624|0.1112||15.65|6|14.45|17
GME211210P00177500|11.31|16.03|11.00|11.31|12.70|2|1.39|0.1229|||1|41|-0.3928|0.0046|-0.1283|-0.3459|0.2470||13.40|17|12.30|69
GME211210C00180000|14.20|18.25|11.72|14.75|13.82|1|-0.93|-0.0631|58|79|1|272|0.5531|0.0110|0.0210|-0.7916|0.1125||14.35|16|13.35|20
GME211210P00180000|13.00|17.50|11.63|14.30|14.19|1|-0.11|-0.0077|117|606|1|221|-0.4481|0.0115|-0.0232|-0.7527|0.1126||14.90|37|13.40|66
GME211210C00182500|15.85|15.85|10.82|15.85|12.75|1|-3.10|-0.1956|||1|45|0.5190|0.0116|0.0200|-0.7611|0.1132||13.80|50|12.05|33
GME211210P00182500|14.38|19.00|14.17|14.38|15.75|1|1.37|0.0953|||4|27|-0.4898|0.0136|-0.0249|-0.6500|0.1133||16.20|17|14.55|47
GME211210C00185000|15.95|15.95|9.20|12.60|12.23|2|-0.37|-0.0294|53|108|1|61|0.5757|0.0046|0.0906|-0.3650|0.2517||12.65|50|11.20|23
GME211210P00185000|14.53|20.50|14.50|17.01|17.50|2|0.49|0.0288|61|358|2|41|-0.4925|0.0095|-0.0267|-0.9308|0.1133||17.85|47|16.10|70
GME211210C00187500|15.35|15.35|9.15|11.00|12.20|3|1.20|0.1091|9|19|1|22|0.5722|0.0043|0.0884|-0.3889|0.2521||11.70|45|10.15|32
GME211210P00187500|16.10|18.90|16.10|15.45|18.90|3|3.45|0.2233|45|127|2|5|-0.5429|0.0121|-0.0284|-0.7233|0.1126||19.35|27|17.75|49
GME211210C00190000|12.50|13.20|8.50|10.75|9.80|4|-0.95|-0.0884|10|96|4|136|0.4336|0.0111|0.0168|-0.7715|0.1114||10.25|35|9.40|38
GME211210P00190000|20.96|23.00|17.84|21.52|20.25|4|-1.27|-0.0590|50|428|1|16|-0.5514|0.0104|-0.0297|-0.8355|0.1124||21.05|33|19.10|65
GME211210C00192500|11.15|11.65|7.78|9.50|9.15|5|-0.35|-0.0368|33|65|1|30|0.5368|0.0048|0.0870|-0.3556|0.2553||9.60|55|8.55|33
GME211210P00192500|18.46|21.38|18.46|22.09|21.00|5|-1.09|-0.0493|14|86|2|26|-0.5803|0.0108|-0.0311|-0.7847|0.1112||22.80|33|20.75|43
GME211210C00195000|10.22|11.43|7.00|9.70|8.50|6|-1.20|-0.1237|76|134|1|192|0.4060|0.0096|0.0155|-0.8665|0.1099||8.85|46|8.00|1
GME211210P00195000|20.40|23.92|20.40|22.97|23.90|6|0.93|0.0405|41|190|1|83|-0.5911|0.0097|-0.0324|-0.8617|0.1103||24.55|30|22.35|66
GME211210C00197500|8.80|9.30|7.50|9.50|7.73|7|-1.77|-0.1863|10|46|1|21|0.3723|0.0104|0.0146|-0.7681|0.1077||8.10|40|7.25|1
GME211210P00197500||||19.25|19.25|7|0.00|0.0000|27|104|0|0|-0.8113|0.0161|-0.0407|-0.2514|0.0769||26.40|32|24.20|36
GME211210C00200000|8.80|10.00|6.00|7.80|7.10|8|-0.70|-0.0897|82|634|2|254|0.3621|0.0097|0.0141|-0.8089|0.1067||7.40|13|6.65|4
GME211210P00200000|25.18|31.28|24.10|27.05|28.01|8|0.96|0.0355|-20|659|10|40|-0.4848|0.0045|-0.1696|-0.3809|0.2562||28.30|33|26.15|65
GME211210C00202500|8.75|8.75|6.10|7.25|8.00|9|0.75|0.1034|3|67|1|22|0.3283|0.0098|0.0129|-0.7397|0.1028||6.90|18|6.00|59
GME211210P00202500|27.95|27.95|27.95|26.32|27.95|9|1.63|0.0619|15|48|1|1|-0.7156|0.0107|-0.0385|-0.5968|0.0961||30.30|27|27.95|36
GME211210C00205000|7.30|7.44|5.28|6.79|5.86|10|-0.93|-0.1370|26|159|2|41|0.3315|0.0089|0.0129|-0.8217|0.1032||6.40|24|5.50|63
GME211210P00205000|27.42|32.21|26.88|31.25|28.67|10|-2.58|-0.0826|2|177|1|7|-0.7686|0.0109|-0.0411|-0.4722|0.0865||32.30|24|29.95|40
GME211210C00207500|5.55|7.35|5.10|5.55|5.49|11|-0.06|-0.0108|4|68|1|15|0.2891|0.0090|0.0113|-0.7245|0.0968||5.90|25|5.05|81
GME211210P00207500|29.52|32.00|29.52|28.58|31.10|11|2.52|0.0882|-5|18|1|3|-0.7791|0.0102|-0.0422|-0.4814|0.0843||34.35|24|32.00|39
GME211210C00210000|7.00|7.00|4.50|5.82|5.00|12|-0.82|-0.1409|10|309|1|51|0.2759|0.0087|0.0108|-0.7151|0.0949||5.55|45|4.65|81
GME211210P00210000|34.85|38.38|34.47|36.62|34.47|12|-2.15|-0.0587|-4|105|1|18|-0.7614|0.0092|-0.0422|-0.5780|0.0880||36.50|23|34.10|39
GME211210C00212500|6.00|6.00|4.40|5.55|4.70|13|-0.85|-0.1532|54|83|1|30|0.2528|0.0083|0.0100|-0.6801|0.0906||5.20|42|4.25|83
GME211210P00212500|33.64|37.87|33.64|32.63|37.87|13|5.24|0.1606|-1|38|2|3|-0.6710|0.0072|-0.2045|-0.1959|0.2324||38.65|23|36.20|30
GME211210C00215000|3.95|5.75|3.95|5.09|4.42|14|-0.67|-0.1316|6|165|1|34|0.2451|0.0080|0.0097|-0.6843|0.0893||4.80|40|4.05|38
GME211210P00215000|42.73|42.73|37.79|40.77|37.79|14|-2.98|-0.0731|-4|34|1|2|-0.8257|0.0084|-0.0459|-0.4365|0.0730||40.80|20|38.35|30
GME211210C00217500|5.45|5.45|4.28|5.55|4.50|15|-1.05|-0.1892|3|30|1|4|0.2123|0.0078|0.0084|-0.6030|0.0822||4.75|56|3.75|66
GME211210P00217500|42.22|42.22|42.22|28.08|42.22|15|14.14|0.5036|0|25|2|2|-0.9094|0.0069|-0.0498|-0.2149|0.0463||43.05|20|40.55|36
GME211210C00220000|5.00|5.35|3.57|4.80|3.80|16|-1.00|-0.2083|47|401|1|221|0.2136|0.0075|0.0085|-0.6304|0.0828||4.10|21|3.55|17
GME211210P00220000|39.30|42.63|39.30|42.99|42.22|16|-0.77|-0.0179|0|155|1|3|-0.8594|0.0073|-0.0485|-0.3812|0.0632||45.25|17|42.80|34
GME211210C00222500|4.55|4.55|3.50|4.14|3.75|17|-0.39|-0.0942|5|63|11|43|0.1995|0.0072|0.0079|-0.6071|0.0795||3.90|21|3.30|59
GME211210P00222500|46.47|46.97|46.47|33.35|46.97|17|13.62|0.4084|0|45|6|10|-0.7877|0.0071|-0.0465|-0.6570|0.0825||47.55|12|44.70|39
GME211210C00225000|4.28|4.60|3.20|4.05|3.39|18|-0.66|-0.1630|16|334|1|29|0.2051|0.0067|0.0080|-0.6688|0.0805||3.90|88|3.15|25
GME211210P00225000|47.35|47.35|47.35|47.49|47.35|18|-0.14|-0.0029|2|461|1|1|-0.8613|0.0065|-0.0499|-0.4143|0.0626||50.05|14|47.00|47
GME211210C00227500|4.25|4.25|3.22|3.65|3.35|19|-0.30|-0.0822|2|23|1|5|0.1677|0.0065|0.0067|-0.5402|0.0712||3.60|34|3.00|19
GME211210P00227500||||34.06|34.06|19|0.00|0.0000|0|35|0|0|-0.8325|0.0064|-0.2525|-0.1055|0.1606||52.45|13|49.25|36
GME211210C00230000|4.00|4.05|2.55|3.55|3.05|20|-0.50|-0.1408|9|393|1|35|0.1679|0.0062|0.0067|-0.5645|0.0713||3.35|1|2.86|21
GME211210P00230000||||41.51|41.51|20|0.00|0.0000|-1|38|0|0|-0.8864|0.0058|-0.0521|-0.3548|0.0548||54.90|16|51.60|35
GME211210C00232500|3.60|3.90|2.69|3.00|2.69|21|-0.31|-0.1033|-19|30|1|9|0.1611|0.0059|0.0064|-0.5587|0.0694||3.20|40|2.58|67
GME211210P00232500|56.09|56.09|56.09|49.93|56.09|21|6.16|0.1234|1|11|5|5|-0.9111|0.0051|-0.0537|-0.2806|0.0458||57.25|17|53.65|41
GME211210C00235000|3.40|3.55|2.49|3.15|2.74|22|-0.41|-0.1302|-30|902|3|40|0.1546|0.0057|0.0062|-0.5498|0.0677||2.95|1|2.56|54
GME211210P00235000|57.29|58.42|57.29|45.86|58.42|22|12.56|0.2739|0|36|5|6|-0.8717|0.0055|-0.0528|-0.4442|0.0595||59.60|17|56.00|34
GME211210C00237500|2.69|2.69|2.69|2.90|2.69|23|-0.21|-0.0724|0|18|1|3|0.1521|0.0054|0.0060|-0.5655|0.0667||2.97|29|2.33|84
GME211210P00237500||||48.03|48.03|23|0.00|0.0000|1|25|0|0|-0.9132|0.0047|-0.0550|-0.2954|0.0450||62.05|15|58.45|13
GME211210C00240000|2.82|3.60|2.47|2.84|2.49|24|-0.35|-0.1232|20|330|1|90|0.1375|0.0052|0.0055|-0.5202|0.0623||2.80|51|2.23|94
GME211210P00240000|58.15|58.15|58.15|45.67|58.15|24|12.48|0.2733|0|33|1|1|-0.8920|0.0049|-0.0548|-0.3921|0.0527||64.35|13|60.90|13
GME211210C00245000|3.23|3.23|2.20|2.56|2.22|25|-0.34|-0.1328|4|172|1|11|0.1234|0.0047|0.0049|-0.4898|0.0578||2.50|16|1.99|75
GME211210P00245000||||50.19|50.19|25|0.00|0.0000|0|23|0|0|-0.9865|0.0014|-0.0598|-0.0457|0.0098||68.75|12|65.50|13
GME211210C00250000|3.15|3.20|1.90|2.35|2.15|26|-0.20|-0.0851|-1|2190|1|235|0.1227|0.0045|0.0049|-0.5134|0.0577||2.24|14|1.96|15
GME211210P00250000||||60.35|60.35|26|0.00|0.0000|1|15|0|0|-0.9205|0.0038|-0.0584|-0.3156|0.0421||73.55|12|70.40|28
GME211210C00255000|2.37|2.37|1.80|2.20|2.00|27|-0.20|-0.0909|12|65|2|19|0.1154|0.0042|0.0046|-0.5058|0.0552||2.14|20|1.68|62
GME211210P00255000||||40.40|40.40|27|0.00|0.0000|0|5|0|0|-0.9986|0.0002|-0.0628|-0.0042|0.0013||78.45|12|75.10|35
GME211210C00260000|3.10|3.10|1.65|2.20|1.65|28|-0.55|-0.2500|-16|936|1|81|0.0992|0.0037|0.0039|-0.4519|0.0494||1.97|16|1.68|41
GME211210P00260000||||69.85|69.85|28|0.00|0.0000|1|22|0|0|-0.9363|0.0031|-0.0615|-0.2786|0.0354||83.35|13|80.10|28
GME211210C00270000|2.00|2.02|1.48|1.82|1.66|29|-0.16|-0.0879|16|220|1|14|0.0954|0.0034|0.0038|-0.4709|0.0483||1.72|12|1.37|66
GME211210P00270000||||75.18|75.18|29|0.00|0.0000|0|14|0|0|-0.9375|0.0028|-0.0641|-0.2983|0.0349||93.15|13|89.85|27
GME211210C00280000|1.83|1.83|1.19|1.50|1.45|30|-0.05|-0.0333|22|226|3|33|0.3617|0.0032|0.0561|-0.4756|0.2408||1.53|22|1.23|73
GME211210P00280000||||84.53|84.53|30|0.00|0.0000|0|1|0|0|-0.9511|0.0023|-0.0671|-0.2503|0.0287||103.00|13|99.70|22
GME211210C00290000|1.45|1.47|1.22|1.49|1.25|31|-0.24|-0.1611|9|150|1|23|0.0692|0.0025|0.0027|-0.3887|0.0377||1.36|25|1.18|9
GME211210P00290000||||82.25|82.25|31|0.00|0.0000|0|7|0|0|-0.9958|0.0004|-0.0713|-0.0209|0.0035||112.85|13|109.50|28
GME211210C00300000|1.28|1.36|1.05|1.24|1.15|32|-0.09|-0.0726|-171|876|4|285|0.0634|0.0023|0.0025|-0.3765|0.0354||1.19|15|1.15|52
GME211210P00300000||||76.00|76.00|32|0.00|0.0000|0|14|0|0|-0.9993|0.0001|-0.0739|-0.0029|0.0007||122.75|12|119.35|13
GME211210C00310000|1.10|1.10|0.95|1.06|0.96|33|-0.10|-0.0943|3|156|3|116|0.0539|0.0020|0.0021|-0.3374|0.0310||1.01|1|0.97|4
GME211210P00310000||||83.61|83.61|33|0.00|0.0000|0|4|0|0|-0.8878|0.0027|-0.3692|-0.1428|0.1222||132.60|12|129.00|12
GME211210C00320000|1.00|1.00|0.93|0.99|0.93|34|-0.06|-0.0606|11|274|1|6|0.0509|0.0018|0.0020|-0.3344|0.0296||1.00|16|0.82|28
GME211210P00320000||||89.47|89.47|34|0.00|0.0000|0|3|0|0|-0.9999|0.0000|-0.0789|0.0005|0.0001||142.50|6|138.85|12
GME211210C00330000|0.89|0.92|0.89|1.05|0.92|35|-0.13|-0.1238|26|263|9|23|0.0496|0.0017|0.0019|-0.3410|0.0291||1.00|13|0.67|38
GME211210P00330000||||||35||||0|0|0|-1.0000|0.0000|-0.0814|0.0011|0.0000||152.45|12|148.85|9
GME211210C00340000|0.80|0.84|0.75|0.87|0.75|36|-0.12|-0.1379|2|88|2|14|0.0417|0.0015|0.0016|-0.2979|0.0253||0.83|8|0.67|18
GME211210P00340000||||||36||||0|0|0|-1.0000|0.0000|-0.0838|0.0011|0.0000||162.35|7|158.85|12
GME211210C00350000|1.05|1.05|0.67|0.76|0.67|37|-0.09|-0.1184|-501|388|1|50|0.0347|0.0013|0.0014|-0.2573|0.0217||0.71|13|0.63|7
GME211210P00350000||||||37||||0|0|0|-1.0000|0.0000|-0.0863|0.0011|0.0000||172.35|2|168.75|12
GME211210C00360000|0.62|0.68|0.62|0.63|0.68|38|0.05|0.0794|5|87|1|4|0.0360|0.0013|0.0014|-0.2777|0.0224||0.66|5|0.61|1
GME211210P00360000||||||38||||0|0|0|-1.0000|0.0000|-0.0888|0.0012|0.0000||182.20|12|178.75|12
GME211210C00370000||||0.75|0.75|39|0.00|0.0000|-3|21|0|0|0.0382|0.0013|0.0015|-0.3056|0.0236||0.66|18|0.46|61
GME211210P00370000||||||39||||0|0|0|-1.0000|0.0000|-0.0912|0.0012|0.0000||192.15|7|188.70|10
GME211210C00380000|0.62|0.62|0.62|0.52|0.62|40|0.10|0.1923|6|51|3|3|0.0321|0.0011|0.0013|-0.2645|0.0204||0.62|32|0.42|39
GME211210P00380000||||||40||||0|0|0|-1.0000|0.0000|-0.0937|0.0012|0.0000||202.10|6|198.65|12
GME211210C00390000|0.55|0.55|0.55|0.59|0.55|41|-0.04|-0.0678|3|47|2|4|0.0277|0.0010|0.0011|-0.2346|0.0181||0.53|15|0.41|10
GME211210P00390000||||||41||||0|0|0|-1.0000|0.0000|-0.0962|0.0013|0.0000||212.05|7|208.65|10
GME211210C00400000|0.72|0.72|0.38|0.57|0.44|42|-0.13|-0.2281|-207|426|1|66|0.0222|0.0008|0.0009|-0.1926|0.0150||0.42|10|0.38|9
GME211210P00400000||||||42||||0|0|0|-1.0000|0.0000|-0.5040|0.0013|0.0000||222.00|6|218.60|12
GME211210C00410000|0.49|0.49|0.36|0.38|0.36|43|-0.02|-0.0526|6|52|1|2|0.0200|0.0007|0.0008|-0.1784|0.0137||0.40|3|0.32|27
GME211210P00410000||||||43||||0|0|0|-1.0000|0.0000|-0.1011|0.0013|0.0000||232.00|12|228.60|10
GME211210C00420000|0.50|0.55|0.45|0.42|0.45|44|0.03|0.0714|11|169|1|5|0.0221|0.0008|0.0009|-0.2025|0.0149||0.45|17|0.28|27
GME211210P00420000||||||44||||0|0|0|-1.0000|0.0000|-0.1036|0.0014|0.0000||241.95|12|238.60|12
GME211210C00430000|0.34|0.40|0.31|0.38|0.40|45|0.02|0.0526|17|42|1|302|0.2925|0.0022|0.0417|-0.5934|0.2202||0.43|1|0.33|2
GME211210P00430000||||||45||||0|0|0|-1.0000|0.0000|-0.1060|0.0014|0.0000||252.40|5|248.55|12
GME211210C00440000|0.52|0.52|0.32|0.30|0.36|46|0.06|0.2000|0|33|4|38|0.0194|0.0007|0.0008|-0.1864|0.0134||0.45|31|0.24|2
GME211210P00440000||||||46||||0|0|0|-1.0000|0.0000|-0.1085|0.0014|0.0000||261.95|12|258.55|20
GME211210C00450000|0.24|0.37|0.23|0.31|0.37|47|0.06|0.1935|6|98|1|214|0.0192|0.0006|0.0007|-0.1888|0.0133||0.44|13|0.27|3
GME211210P00450000||||||47||||0|0|0|-1.0000|0.0000|-0.1110|0.0015|0.0000||271.95|12|268.55|10
GME211210C00460000||||0.27|0.27|48|0.00|0.0000|1|18|0|0|0.0149|0.0005|0.0006|-0.1489|0.0107||0.44|33|0.30|3
GME211210P00460000||||||48||||0|0|0|-1.0000|0.0000|-0.1134|0.0015|0.0000||281.95|12|278.55|1
GME211210C00470000|0.34|0.34|0.34|0.28|0.34|49|0.06|0.2143|3|15|1|1|0.0174|0.0006|0.0007|-0.1785|0.0122||0.44|32|0.14|30
GME211210P00470000||||||49||||0|0|0|-1.0000|0.0000|-0.5922|0.0015|0.0000||291.95|12|288.55|1
GME211210C00480000|0.40|0.40|0.40|0.25|0.40|50|0.15|0.6000|7|32|1|1|0.0194|0.0006|0.0007|-0.2030|0.0134||0.36|13|0.13|16
GME211210P00480000||||||50||||0|0|0|-1.0000|0.0000|-0.1184|0.0016|0.0000||301.95|12|298.50|20
GME211210C00490000|0.30|0.35|0.24|0.40|0.24|51|-0.16|-0.4000|4|91|2|16|0.0129|0.0005|0.0005|-0.1372|0.0095||0.31|1|0.11|12
GME211210P00490000||||||51||||0|0|0|-1.0000|0.0000|-0.1208|0.0016|0.0000||312.70|10|308.50|20
GME211210C00500000|0.38|0.38|0.19|0.38|0.25|52|-0.13|-0.3421|-12|856|1|37|0.0127|0.0004|0.0005|-0.1376|0.0093||0.26|9|0.18|3
GME211210P00500000||||||52||||0|0|0|-1.0000|0.0000|-0.1233|0.0016|0.0000||322.20|12|318.50|10
GME211210C00510000|0.55|0.55|0.11|0.37|0.20|53|-0.17|-0.4595|139|2025|5|236|0.0122|0.0004|0.0005|-0.1337|0.0090||0.23|2|0.22|3
GME211210P00510000||||||53||||0|0|0|-1.0000|0.0000|-0.6426|0.0017|0.0000||332.20|1|328.50|5
GME211217C00080000|94.56|94.56|94.56|110.26|94.56|20|-15.70|-0.1424|0|1|1|1|0.9075|0.0009|0.0224|-0.9094|0.0627||101.85|12|98.70|19
GME211217P00080000|0.47|0.47|0.32|0.30|0.35|20|0.05|0.1667|26|349|3|8|-0.0109|0.0004|-0.0010|-0.0627|0.0109||0.50|27|0.24|26
GME211217C00085000||||95.85|95.85|19|0.00|0.0000|0|1|0|0|0.9715|0.0008|0.0345|-0.1660|0.0247||96.95|10|93.70|12
GME211217P00085000|0.45|0.45|0.42|0.35|0.42|19|0.07|0.2000|1|122|1|3|-0.0134|0.0005|-0.0012|-0.0719|0.0130||0.45|1|0.32|1
GME211217C00090000||||137.00|137.00|18|0.00|0.0000|0|4|0|0|0.9036|0.0005|0.0115|-1.7866|0.0647||92.00|4|88.75|12
GME211217P00090000|0.49|0.53|0.49|0.46|0.53|18|0.07|0.1522|0|66|1|5|-0.0163|0.0006|-0.0015|-0.0819|0.0154||0.67|48|0.40|49
GME211217C00100000|79.94|79.94|79.69|114.96|79.69|17|-35.27|-0.3068|0|49|1|2|0.9988|0.0001|0.0437|-0.0049|0.0015||82.20|32|78.95|13
GME211217P00100000|0.80|0.81|0.50|0.78|0.72|17|-0.06|-0.0769|126|869|100|479|-0.0014|0.0001|-0.0001|-0.0051|0.0017||0.85|37|0.65|1
GME211217C00105000||||66.05|66.05|16|0.00|0.0000|0|1|0|0|0.9977|0.0002|0.0458|-0.0084|0.0027||77.35|10|74.15|8
GME211217P00105000|0.87|0.95|0.87|0.78|0.94|16|0.16|0.2051|-2|89|1|54|-0.0025|0.0002|-0.0002|-0.0087|0.0029||1.01|17|0.71|49
GME211217C00110000||||73.25|73.25|15|0.00|0.0000|0|1|0|0|0.9963|0.0003|0.0479|-0.0122|0.0041||72.50|12|69.35|12
GME211217P00110000|0.89|1.40|0.89|0.82|1.03|15|0.21|0.2561|2|375|100|257|-0.0043|0.0004|-0.0004|-0.0140|0.0048||1.18|16|0.87|50
GME211217C00115000||||112.11|112.11|14|0.00|0.0000|0|2|0|0|0.9943|0.0005|0.0499|-0.0175|0.0062||67.70|12|64.55|12
GME211217P00115000|1.34|1.45|1.34|0.68|1.45|14|0.77|1.1324|0|148|5|17|-0.0077|0.0006|-0.0006|-0.0232|0.0080||1.37|48|1.06|93
GME211217C00120000||||64.15|64.15|13|0.00|0.0000|24|51|0|0|0.9902|0.0008|0.0518|-0.0276|0.0099||63.00|14|59.85|12
GME211217P00120000|1.37|1.55|1.37|1.34|1.45|13|0.11|0.0821|17|153|1|11|-0.0132|0.0010|-0.0011|-0.0368|0.0128||1.65|48|1.30|55
GME211217C00125000||||79.68|79.68|12|0.00|0.0000|0|35|0|0|0.8952|0.0030|0.1488|-0.1051|0.1249||58.35|14|55.25|12
GME211217P00125000|1.55|1.88|1.55|1.56|1.88|12|0.32|0.2051|-4|205|3|6|-0.0219|0.0015|-0.0019|-0.0570|0.0198||2.06|57|1.55|104
GME211217C00130000||||55.70|55.70|11|0.00|0.0000|0|10|0|0|0.8746|0.0034|0.1495|-0.1180|0.1419||53.75|14|50.70|13
GME211217P00130000|1.86|2.65|1.80|2.20|2.21|11|0.01|0.0045|9|195|1|35|-0.0332|0.0021|-0.0028|-0.0800|0.0281||2.52|52|1.92|122
GME211217C00135000||||90.47|90.47|10|0.00|0.0000|0|3|0|0|0.9521|0.0030|0.0551|-0.1043|0.0377||49.25|36|46.30|13
GME211217P00135000|2.62|2.71|2.62|2.75|2.71|10|-0.04|-0.0145|0|140|1|2|-0.0501|0.0030|-0.0043|-0.1103|0.0391||2.99|43|2.43|95
GME211217C00140000|40.15|40.15|40.15|47.75|40.15|9|-7.60|-0.1592|1|146|1|1|0.8268|0.0043|0.1482|-0.1453|0.1766||44.85|47|42.00|13
GME211217P00140000|3.26|4.39|3.00|3.21|3.50|9|0.29|0.0903|11|549|5|320|-0.0732|0.0041|-0.0063|-0.1481|0.0526||3.65|15|3.20|53
GME211217C00145000||||96.94|96.94|8|0.00|0.0000|0|57|0|0|0.9044|0.0051|0.0553|-0.1769|0.0644||40.65|49|37.85|14
GME211217P00145000|4.18|4.18|3.35|4.15|4.02|8|-0.13|-0.0313|16|211|1|26|-0.1047|0.0053|-0.0091|-0.1955|0.0687||4.85|64|3.95|135
GME211217C00150000||||35.85|35.85|7|0.00|0.0000|0|71|0|0|0.8653|0.0065|0.0540|-0.2269|0.0821||36.75|49|33.95|21
GME211217P00150000|4.25|6.92|4.00|5.25|5.45|7|0.20|0.0381|86|1619|1|227|-0.1400|0.0065|-0.0123|-0.2387|0.0843||5.65|20|5.20|8
GME211217C00155000|35.95|35.95|30.10|42.74|30.10|6|-12.64|-0.2957|0|11|1|2|0.7362|0.0054|0.1388|-0.1869|0.2254||32.75|64|30.55|30
GME211217P00155000|4.10|8.13|4.10|6.88|8.13|6|1.25|0.1817|13|308|1|15|-0.1806|0.0077|-0.0159|-0.2799|0.0996||7.30|78|6.25|143
GME211217C00160000|25.00|27.70|25.00|38.33|27.70|5|-10.63|-0.2773|-1|97|1|2|0.7806|0.0089|0.0507|-0.3058|0.1122||29.30|66|26.75|46
GME211217P00160000|6.80|10.00|6.40|8.40|8.29|5|-0.11|-0.0131|26|650|55|955|-0.2283|0.0089|-0.0203|-0.3220|0.1145||8.70|30|7.95|68
GME211217C00165000|24.60|24.60|24.60|34.08|24.60|4|-9.48|-0.2782|0|82|1|1|0.7255|0.0099|0.0478|-0.3499|0.1265||26.10|68|23.55|75
GME211217P00165000|8.60|10.85|8.60|10.05|9.36|4|-0.69|-0.0687|22|307|1|12|-0.2780|0.0097|-0.0250|-0.3609|0.1273||10.65|55|9.60|96
GME211217C00170000||||23.22|23.22|3|0.00|0.0000|-2|117|0|0|0.6681|0.0107|0.0445|-0.3859|0.1377||23.20|85|20.60|77
GME211217P00170000|11.28|14.80|10.85|11.92|12.50|3|0.58|0.0487|291|1083|3|87|-0.3379|0.0105|-0.0306|-0.3974|0.1384||12.80|47|11.65|104
GME211217C00175000|21.90|21.90|16.27|21.60|20.50|2|-1.10|-0.0509|-22|188|1|11|0.6063|0.0063|0.1200|-0.2228|0.2654||20.30|67|18.20|69
GME211217P00175000|15.80|16.43|12.98|14.30|13.10|2|-1.20|-0.0839|18|703|2|22|-0.3904|0.0110|-0.0357|-0.4168|0.1456||15.15|49|13.90|107
GME211217C00180000|21.00|21.00|14.24|17.51|19.00|1|1.49|0.0851|17|465|1|51|0.5474|0.0117|0.0373|-0.4185|0.1500||17.95|66|15.95|56
GME211217P00180000|15.35|20.86|15.00|17.60|17.00|1|-0.60|-0.0341|199|1062|7|41|-0.4519|0.0114|-0.0417|-0.4280|0.1500||17.55|4|16.80|14
GME211217C00185000|17.00|18.25|12.92|16.00|15.00|1|-1.00|-0.0625|13|268|1|30|0.4839|0.0118|0.0332|-0.4221|0.1506||15.60|109|14.00|79
GME211217P00185000|17.32|23.60|17.00|19.85|18.00|1|-1.85|-0.0932|1|269|3|61|-0.4554|0.0063|-0.1594|-0.2354|0.2735||20.85|59|18.85|104
GME211217C00187500|15.87|15.87|15.87|14.09|15.87|2|1.78|0.1263|15|39|1|2|0.4824|0.0100|0.0325|-0.4975|0.1512||14.70|92|12.80|45
GME211217P00187500|20.48|20.48|19.77|21.85|19.77|2|-2.08|-0.0952|15|115|1|2|-0.5085|0.0089|-0.0498|-0.5587|0.1510||22.40|43|20.30|66
GME211217C00190000|15.00|16.15|10.20|13.65|12.76|3|-0.89|-0.0652|83|239|1|104|0.4340|0.0115|0.0301|-0.4204|0.1490||13.25|55|12.30|4
GME211217P00190000|20.10|26.92|20.10|22.75|22.18|3|-0.57|-0.0251|3|450|2|16|-0.5627|0.0113|-0.0531|-0.4306|0.1492||24.00|57|21.95|79
GME211217C00192500|12.74|12.74|12.74|12.10|12.74|4|0.64|0.0529|20|28|1|1|0.4376|0.0095|0.0295|-0.5112|0.1492||12.50|57|11.20|40
GME211217P00192500||||24.70|24.70|4|0.00|0.0000|7|112|0|0|-0.5592|0.0093|-0.0548|-0.5220|0.1494||25.70|10|23.65|52
GME211217C00195000|13.00|13.35|11.09|11.79|11.09|5|-0.70|-0.0594|18|148|1|8|0.3826|0.0110|0.0267|-0.4120|0.1445||11.95|85|10.40|84
GME211217P00195000|29.90|31.30|23.65|25.08|26.13|5|1.05|0.0419|8|423|3|141|-0.6135|0.0109|-0.0586|-0.4213|0.1449||27.20|40|25.55|68
GME211217C00197500|12.50|13.00|10.39|10.50|10.39|6|-0.11|-0.0105|33|38|1|42|0.3902|0.0093|0.0264|-0.4977|0.1449||11.15|90|9.85|64
GME211217P00197500||||27.65|27.65|6|0.00|0.0000|1|93|0|0|-0.5777|0.0082|-0.0586|-0.5816|0.1485||29.25|53|27.30|39
GME211217C00200000|11.05|12.80|8.47|10.50|10.00|7|-0.50|-0.0476|134|1099|1|1284|0.3316|0.0104|0.0232|-0.3964|0.1370||10.05|25|9.35|68
GME211217P00200000|28.60|32.77|28.10|28.61|29.00|7|0.39|0.0136|4|1921|1|10|-0.6583|0.0102|-0.0638|-0.4110|0.1390||30.75|8|29.05|72
GME211217C00202500|10.60|10.80|9.79|10.00|9.79|8|-0.21|-0.0210|5|18|1|31|0.4891|0.0049|0.0934|-0.3045|0.2751||9.70|59|8.65|65
GME211217P00202500||||24.10|24.10|8|0.00|0.0000|0|116|0|0|-0.7564|0.0118|-0.0710|-0.2599|0.1187||33.00|55|30.90|60
GME211217C00205000|10.00|10.05|7.47|9.40|8.50|9|-0.90|-0.0957|16|57|1|23|0.3486|0.0082|0.0235|-0.5192|0.1397||9.15|60|8.10|67
GME211217P00205000|36.08|36.08|33.98|33.95|33.98|9|0.03|0.0009|6|165|10|11|-0.6235|0.0075|-0.0651|-0.6006|0.1434||35.00|60|32.75|45
GME211217C00207500|10.20|10.20|7.35|9.03|8.90|10|-0.13|-0.0144|12|28|1|8|0.3331|0.0082|0.0227|-0.5034|0.1379||8.70|72|7.60|81
GME211217P00207500||||21.30|21.30|10|0.00|0.0000|0|181|0|0|-0.9469|0.0072|-0.0869|-0.0501|0.0410||37.00|47|34.80|70
GME211217C00210000|10.25|10.25|6.70|9.00|7.70|11|-1.30|-0.1444|323|845|2|37|0.2502|0.0091|0.0177|-0.3483|0.1204||8.10|70|7.15|85
GME211217P00210000|40.00|40.70|37.88|40.00|37.88|11|-2.12|-0.0530|7|226|1|7|-0.7448|0.0090|-0.0740|-0.3577|0.1216||39.00|43|36.75|63
GME211217C00212500|6.50|6.50|6.50|7.88|6.50|12|-1.38|-0.1751|1|22|1|1|0.2693|0.0081|0.0187|-0.4191|0.1247||7.80|63|6.65|95
GME211217P00212500|42.25|42.25|42.25|27.00|42.25|12|15.25|0.5648|0|59|4|4|-0.4916|0.0038|-0.2204|-0.3996|0.2751||41.10|42|38.80|37
GME211217C00215000|8.03|8.03|6.90|7.33|6.90|13|-0.43|-0.0587|3|93|1|5|0.4552|0.0045|0.0859|-0.3282|0.2734||7.25|60|6.25|94
GME211217P00215000|38.00|46.00|38.00|32.68|42.25|13|9.57|0.2928|0|99|1|4|-0.5557|0.0047|-0.2268|-0.3116|0.2725||43.20|42|40.85|54
GME211217C00217500|7.20|7.20|7.20|7.75|7.20|14|-0.55|-0.0710|18|38|1|1|0.2765|0.0073|0.0189|-0.4803|0.1269||7.00|70|6.00|28
GME211217P00217500|47.80|47.80|47.80|34.55|47.80|14|13.25|0.3835|0|23|1|1|-0.6354|0.0059|-0.0722|-0.7441|0.1426||45.35|34|42.95|47
GME211217C00220000|6.89|7.58|5.30|6.70|6.00|15|-0.70|-0.1045|257|1902|1|60|0.3559|0.0058|0.0748|-0.2267|0.2570||6.35|26|5.65|99
GME211217P00220000|46.55|46.55|46.55|42.02|46.55|15|4.53|0.1078|-1|445|1|1|-0.8091|0.0075|-0.0828|-0.3084|0.1031||47.50|33|45.15|72
GME211217C00222500|7.50|7.50|6.60|5.85|6.60|16|0.75|0.1282|1|67|1|4|0.2729|0.0066|0.0184|-0.5237|0.1259||6.15|38|5.35|54
GME211217P00222500|52.45|52.95|48.85|31.45|49.15|16|17.70|0.5628|0|10|2|15|-0.7369|0.0067|-0.0797|-0.4966|0.1236||49.70|34|47.35|36
GME211217C00225000|6.35|6.35|5.50|6.00|5.80|17|-0.20|-0.0333|6|105|1|19|0.2421|0.0066|0.0166|-0.4639|0.1183||5.95|64|5.10|46
GME211217P00225000|48.50|48.50|48.50|32.35|48.50|17|16.15|0.4992|0|31|1|2|-0.8109|0.0068|-0.0853|-0.3361|0.1024||51.95|42|49.15|50
GME211217C00227500|5.60|5.60|5.60|5.85|5.60|18|-0.25|-0.0427|-1|8|1|1|0.2438|0.0063|0.0166|-0.4888|0.1187||5.80|83|4.90|57
GME211217P00227500||||48.05|48.05|18|0.00|0.0000|17|60|0|0|-0.9193|0.0053|-0.0938|-0.1305|0.0566||54.20|39|51.80|51
GME211217C00230000|5.65|6.40|4.85|5.33|5.04|19|-0.29|-0.0544|-3|431|5|39|0.1370|0.0060|0.0098|-0.2495|0.0831||5.30|54|4.75|42
GME211217P00230000|54.21|54.21|54.21|49.83|54.21|19|4.38|0.0879|-10|63|1|1|-0.8584|0.0061|-0.0907|-0.2586|0.0849||56.45|40|54.05|51
GME211217C00232500|4.50|4.50|4.45|5.20|4.45|20|-0.75|-0.1442|3|80|1|3|0.1907|0.0060|0.0133|-0.3859|0.1030||5.05|17|4.55|43
GME211217P00232500||||53.30|53.30|20|0.00|0.0000|0|19|0|0|-0.9128|0.0050|-0.0955|-0.1562|0.0599||58.75|39|56.15|49
GME211217C00235000|5.70|5.70|5.14|4.79|5.14|21|0.35|0.0731|17|74|1|6|0.2240|0.0057|0.0152|-0.4876|0.1135||4.85|11|4.30|9
GME211217P00235000||||54.70|54.70|21|0.00|0.0000|43|60|0|0|-0.6474|0.0047|-0.2704|-0.2765|0.2562||61.05|14|58.10|61
GME211217C00240000|4.37|4.78|4.21|4.70|4.21|22|-0.49|-0.1043|-4|308|5|75|0.0978|0.0047|0.0071|-0.1979|0.0654||4.50|21|4.00|30
GME211217P00240000|65.50|65.50|65.50|65.23|65.50|22|0.27|0.0041|8|54|1|1|-0.8931|0.0049|-0.0975|-0.2167|0.0699||66.00|15|62.70|52
GME211217C00245000|4.75|4.75|4.10|4.10|4.44|23|0.34|0.0829|5|87|1|154|0.1951|0.0051|0.0133|-0.4669|0.1046||4.45|92|3.70|52
GME211217P00245000|71.40|71.40|71.40|56.01|71.40|23|15.39|0.2748|-5|49|2|5|-0.7737|0.0050|-0.0924|-0.5625|0.1139||70.80|19|67.35|53
GME211217C00250000|4.46|4.75|3.45|4.00|3.60|24|-0.40|-0.1000|14|1169|1|106|0.0707|0.0036|0.0051|-0.1575|0.0513||3.90|42|3.50|10
GME211217P00250000||||73.53|73.53|24|0.00|0.0000|-1|56|0|0|-0.9233|0.0038|-0.1040|-0.1703|0.0546||75.55|17|72.05|30
GME211217C00255000|3.60|3.60|3.41|3.60|3.41|25|-0.19|-0.0528|-1|355|1|3|0.1592|0.0045|0.0109|-0.4103|0.0918||3.70|48|3.20|71
GME211217P00255000||||39.75|39.75|25|0.00|0.0000|0|5|0|0|-0.9986|0.0002|-0.1117|-0.0020|0.0017||80.35|16|76.80|29
GME211217C00260000|3.55|3.85|3.20|3.59|3.25|26|-0.34|-0.0947|30|516|2|33|0.0515|0.0028|0.0038|-0.1244|0.0400||3.60|74|3.00|77
GME211217P00260000|78.20|78.20|78.20|72.05|78.20|26|6.15|0.0854|0|21|1|1|-0.9458|0.0029|-0.1100|-0.1310|0.0417||85.20|15|81.55|29
GME211217C00270000|3.25|3.25|2.85|3.19|2.86|27|-0.33|-0.1034|18|541|100|226|0.0377|0.0021|0.0028|-0.0986|0.0311||3.10|41|2.64|95
GME211217P00270000||||65.35|65.35|27|0.00|0.0000|0|49|0|0|-0.9586|0.0023|-0.1153|-0.1081|0.0336||94.45|15|91.15|50
GME211217C00280000|3.29|3.29|2.57|2.55|2.57|28|0.02|0.0078|7|2032|100|209|0.1836|0.0037|0.0395|-0.1799|0.1832||2.79|16|2.38|85
GME211217P00280000||||91.00|91.00|28|0.00|0.0000|0|10|0|0|-0.9693|0.0017|-0.1205|-0.0856|0.0262||104.25|14|100.95|37
GME211217C00290000|2.60|2.69|2.48|2.43|2.57|29|0.14|0.0576|3|522|1|45|0.1661|0.0034|0.0357|-0.1718|0.1715||2.55|37|2.16|87
GME211217P00290000||||68.50|68.50|29|0.00|0.0000|0|25|0|0|-0.9753|0.0014|-0.1253|-0.0734|0.0218||114.05|12|110.70|22
GME211217C00300000|2.55|2.60|2.04|2.35|2.17|30|-0.18|-0.0766|199|5147|1|757|0.1526|0.0032|0.0329|-0.1653|0.1627||2.20|2|2.05|5
GME211217P00300000|125.00|125.00|125.00|116.00|125.00|30|9.00|0.0776|0|20|4|5|-0.9815|0.0011|-0.1301|-0.0580|0.0172||123.90|13|120.40|24
GME211217C00310000|2.10|2.40|2.10|2.21|2.40|31|0.19|0.0860|-1|369|5|11|0.0122|0.0008|0.0009|-0.0407|0.0120||2.18|37|1.84|71
GME211217P00310000||||102.75|102.75|31|0.00|0.0000|0|3|0|0|-0.9851|0.0009|-0.1348|-0.0488|0.0143||133.75|13|130.30|24
GME211217C00320000|2.00|2.04|1.73|2.00|1.73|32|-0.27|-0.1350|4|407|1|46|0.0097|0.0006|0.0007|-0.0341|0.0099||2.09|37|1.75|33
GME211217P00320000||||96.00|96.00|32|0.00|0.0000|0|17|0|0|-0.9886|0.0007|-0.1394|-0.0392|0.0113||143.65|13|140.30|28
GME211217C00330000||||1.75|1.75|33|0.00|0.0000|28|213|0|0|0.1171|0.0025|0.0252|-0.1438|0.1352||1.88|38|1.57|87
GME211217P00330000||||159.50|159.50|33|0.00|0.0000|0|3|0|0|-0.9913|0.0005|-0.1440|-0.0309|0.0089||153.50|7|149.85|22
GME211217C00340000|2.00|2.00|1.70|1.53|1.70|34|0.17|0.1111|5|232|1|2|0.0061|0.0004|0.0005|-0.0236|0.0066||1.75|27|1.46|84
GME211217P00340000||||126.85|126.85|34|0.00|0.0000|0|7|0|0|-0.9932|0.0004|-0.1485|-0.0252|0.0072||163.45|12|159.80|36
GME211217C00350000|1.75|1.84|1.50|1.75|1.55|35|-0.20|-0.1143|13|990|1|41|0.0051|0.0003|0.0004|-0.0203|0.0056||1.65|44|1.42|4
GME211217P00350000||||133.85|133.85|35|0.00|0.0000|0|4|0|0|-0.9940|0.0004|-0.1530|-0.0228|0.0064||173.35|18|169.65|36
GME211217C00360000|1.50|1.60|1.37|1.58|1.37|36|-0.21|-0.1329|0|308|4|8|0.0043|0.0003|0.0003|-0.0178|0.0048||1.60|22|1.29|27
GME211217P00360000||||||36|||0|0|0|0|-0.8949|0.0022|-0.5002|-0.1428|0.1252||183.20|15|179.50|18
GME211217C00370000|1.45|1.45|1.45|1.97|1.45|37|-0.52|-0.2640|0|447|1|1|0.0038|0.0002|0.0003|-0.0164|0.0043||1.58|93|1.20|83
GME211217P00370000||||172.65|172.65|37|0.00|0.0000|0|3|0|0|-0.9956|0.0003|-0.1619|-0.0176|0.0049||193.15|12|189.45|4
GME211217C00380000|1.60|1.60|1.60|1.36|1.60|38|0.24|0.1765|1|169|1|1|0.0033|0.0002|0.0002|-0.0147|0.0038||1.58|126|1.20|1
GME211217P00380000||||165.60|165.60|38|0.00|0.0000|0|17|0|0|-0.9965|0.0002|-0.1663|-0.0145|0.0040||203.05|12|199.40|19
GME211217C00390000|1.18|1.18|1.18|1.38|1.18|39|-0.20|-0.1449|0|192|1|1|0.0029|0.0002|0.0002|-0.0135|0.0034||1.30|71|1.03|70
GME211217P00390000||||||39|||0|0|0|0|-0.9967|0.0002|-0.1707|-0.0137|0.0037||213.05|1|209.40|12
GME211217C00400000|1.20|1.39|1.01|1.29|1.11|40|-0.18|-0.1395|16|1166|1|56|0.0024|0.0002|0.0002|-0.0115|0.0029||1.21|28|1.00|17
GME211217P00400000||||198.90|198.90|40|0.00|0.0000|0|3|0|0|-0.9971|0.0002|-0.1751|-0.0126|0.0034||223.05|1|219.40|12
GME211217C00410000|1.00|1.00|1.00|1.22|1.00|41|-0.22|-0.1803|1|204|1|1|0.0020|0.0001|0.0001|-0.0095|0.0023||1.12|40|0.89|33
GME211217P00410000||||190.90|190.90|41|0.00|0.0000|0|3|0|0|-0.9974|0.0002|-0.1795|-0.0112|0.0030||232.85|8|229.15|4
GME211217C00420000|1.37|1.37|0.95|1.16|0.95|42|-0.21|-0.1810|-1|539|1|13|0.0017|0.0001|0.0001|-0.0083|0.0020||1.11|62|0.90|1
GME211217P00420000||||189.85|189.85|42|0.00|0.0000|0|16|0|0|-0.9984|0.0001|-0.1840|-0.0066|0.0020||242.75|12|239.10|19
GME211217C00430000|0.97|0.97|0.97|1.08|0.97|43|-0.11|-0.1019|0|208|7|7|0.0015|0.0001|0.0001|-0.0077|0.0019||1.11|91|0.68|77
GME211217P00430000||||244.20|244.20|43|0.00|0.0000|0|0|0|0|-0.9986|0.0001|-0.1884|-0.0057|0.0017||252.75|12|249.05|12
GME211217C00440000||||1.15|1.15|44|0.00|0.0000|4|472|0|0|0.0013|0.0001|0.0001|-0.0070|0.0017||1.02|25|0.66|76
GME211217P00440000||||||44|||0|0|0|0|-0.9990|0.0001|-0.1928|-0.0039|0.0013||262.75|12|259.00|12
GME211217C00450000|1.03|1.03|0.76|1.02|0.79|45|-0.23|-0.2255|5|684|1|7|0.0010|0.0001|0.0001|-0.0056|0.0013||0.95|26|0.63|39
GME211217P00450000||||||45|||0|0|0|0|-0.9990|0.0001|-0.1972|-0.0038|0.0013||272.75|12|268.95|12
GME211217C00460000|1.11|1.11|0.68|1.02|0.80|46|-0.22|-0.2157|-133|1136|2|8|0.0010|0.0001|0.0001|-0.0058|0.0013||0.95|63|0.60|22
GME211217P00460000||||261.60|261.60|46|0.00|0.0000|0|5|0|0|-0.9992|0.0001|-0.2016|-0.0031|0.0011||282.75|12|278.95|12
GME211217C00470000|0.90|0.90|0.78|0.84|0.78|47|-0.06|-0.0714|0|189|1|11|0.0314|0.0009|0.0021|-0.1825|0.0267||0.95|42|0.52|24
GME211217P00470000||||||47||||0|0|0|-1.0000|0.0000|-0.2060|0.0016|0.0000||292.75|12|288.90|10
GME211217C00480000|0.82|0.82|0.82|0.67|0.82|48|0.15|0.2239|7|224|1|1|0.0341|0.0009|0.0023|-0.2028|0.0287||0.74|22|0.51|4
GME211217P00480000||||264.21|264.21|48|0.00|0.0000|0|7|0|0|-0.9758|0.0007|-0.2088|-0.1410|0.0215||302.75|12|298.85|20
GME211217C00490000|1.01|1.01|0.76|0.86|0.76|49|-0.10|-0.1163|1|97|1|2|0.0312|0.0008|0.0021|-0.1882|0.0265||0.67|7|0.46|19
GME211217P00490000||||274.04|274.04|49|0.00|0.0000|0|7|0|0|-0.9778|0.0007|-0.2133|-0.1319|0.0200||312.60|12|308.85|10
GME211217C00500000|0.90|0.90|0.52|0.80|0.53|50|-0.27|-0.3375|-5|2488|1|68|0.0238|0.0007|0.0016|-0.1460|0.0213||0.61|4|0.41|60
GME211217P00500000||||290.05|290.05|50|0.00|0.0000|0|7|0|0|-0.9666|0.0008|-0.2169|-0.2039|0.0282||322.60|12|318.85|1
GME211217C00510000|0.72|0.96|0.49|0.72|0.52|51|-0.20|-0.2778|101|1366|3|155|0.0227|0.0006|0.0015|-0.1417|0.0205||0.57|15|0.40|1
GME211217P00510000||||277.97|277.97|51|0.00|0.0000|0|0|0|0|-0.9925|0.0003|-0.2230|-0.0442|0.0078||332.60|12|328.80|6
GME211223C00100000||||80.77|80.77|14|0.00|0.0000|-2|14|0|0|0.9736|0.0010|0.0570|-0.0845|0.0272||82.50|12|79.30|5
GME211223P00100000|0.90|0.90|0.88|0.80|0.88|14|0.08|0.1000|7|116|10|11|-0.0287|0.0011|-0.0036|-0.0925|0.0291||1.13|37|0.46|46
GME211223C00110000||||||13||||0|0|0|1.0000|0.0000|0.0663|-0.0004|0.0000||72.85|12|68.80|16
GME211223P00110000|0.80|1.33|0.80|1.69|1.33|13|-0.36|-0.2130|6|28|10|20|-0.1134|0.0020|-0.0441|-0.1554|0.1399||1.25|1|0.94|33
GME211223C00120000||||103.35|103.35|12|0.00|0.0000|0|1|0|0|0.8306|0.0011|0.0274|-1.3121|0.1121||63.45|20|60.30|5
GME211223P00120000||||1.15|1.15|12|0.00|0.0000|0|25|0|0|-0.0440|0.0020|-0.0054|-0.0996|0.0413||2.19|32|1.50|12
GME211223C00130000||||||11||||0|0|0|1.0000|0.0000|0.0784|-0.0005|0.0000||54.35|18|51.30|4
GME211223P00130000|2.84|2.84|2.69|2.33|2.69|11|0.36|0.1545|4|72|1|111|-0.0917|0.0033|-0.0114|-0.1852|0.0729||3.35|33|2.33|48
GME211223C00140000||||||10||||0|0|0|1.0000|0.0000|0.0844|-0.0005|0.0000||45.75|19|42.05|17
GME211223P00140000|4.10|4.40|4.10|3.90|4.40|10|0.50|0.1282|11|40|1|2|-0.1365|0.0046|-0.0171|-0.2356|0.0969||4.95|30|3.80|26
GME211223C00145000||||||9|||||0|0|1.0000|0.0000|0.0874|-0.0005|0.0000||41.85|12|38.75|5
GME211223P00145000||||||9|||||0|0|0.0000|0.0000|0.0000|0.0000|0.0000||5.95|34|4.75|30
GME211223C00150000||||55.90|55.90|8|0.00|0.0000|0|4|0|0|0.7297|0.0030|0.0451|-0.8350|0.1469||38.00|31|35.05|5
GME211223P00150000|4.80|7.60|4.10|6.45|6.07|8|-0.38|-0.0589|82|206|1|56|-0.1926|0.0060|-0.0243|-0.2834|0.1215||7.00|7|5.90|72
GME211223C00155000||||57.05|57.05|7|0.00|0.0000|0|10|0|0|0.7129|0.0028|0.0426|-0.9396|0.1509||34.35|39|31.45|7
GME211223P00155000|8.65|9.55|8.65|3.81|9.30|7|5.49|1.4409|0|111|8|18|-0.2464|0.0061|-0.0321|-0.3677|0.1400||8.65|29|7.10|44
GME211223C00160000||||53.80|53.80|6|0.00|0.0000|0|12|0|0|0.6967|0.0029|0.0428|-0.9431|0.1551||30.95|44|28.10|11
GME211223P00160000|10.28|11.60|8.10|9.59|9.45|6|-0.14|-0.0146|14|61|3|9|-0.2686|0.0072|-0.0346|-0.3455|0.1467||10.35|27|8.80|30
GME211223C00165000||||||5||||0|0|0|1.0000|0.0000|0.0994|-0.0006|0.0000||27.80|46|25.00|7
GME211223P00165000||||11.60|11.60|5|0.00|0.0000|12|21|0|0|-0.3173|0.0077|-0.0411|-0.3759|0.1578||12.30|18|10.60|31
GME211223C00170000||||25.94|25.94|4|0.00|0.0000|11|15|0|0|0.6391|0.0068|0.0534|-0.4666|0.1663||24.90|17|22.25|6
GME211223P00170000||||14.35|14.35|4|0.00|0.0000|2|33|0|0|-0.3617|0.0076|-0.0479|-0.4200|0.1660||14.55|17|12.75|29
GME211223C00175000||||19.00|19.00|3|0.00|0.0000|1|3|0|0|0.5974|0.0090|0.0531|-0.3796|0.1714||22.20|28|19.75|12
GME211223P00175000|13.64|17.35|13.50|16.30|16.05|3|-0.25|-0.0153|30|54|1|32|-0.3956|0.0083|-0.0523|-0.4050|0.1714||17.05|17|15.00|38
