symbol|open|high|low|preClose|close|activeLevel|change|changeRatio|openIntChange|openInterest|latestPriceVol|volume|delta|gamma|rho|theta|vega|tradeStamptradeTime|ask|avol|bid|bvol
GME211203C00100000|83.51|83.51|83.51|82.00|83.51|12|1.51|0.0184|0|10|1|1|0.9670|0.0012|0.0051|-1.1425|0.0097||83.20|12|78.00|32
GME211203P00100000|0.08|0.08|0.03|0.08|0.07|12|-0.01|-0.1250|146|513|1|49|-0.0010|0.0001|0.0000|-0.0294|0.0005||0.10|13|0.01|3
GME211203C00110000||||135.99|135.99|11|0.00|0.0000|0|1|0|0|0.9616|0.0001|0.0083|-0.6182|0.0486||73.25|12|68.45|12
GME211203P00110000||||0.17|0.17|11|0.00|0.0000|15|172|0|0|-0.0029|0.0003|0.0000|-0.0730|0.0012||0.25|17|0.01|114
GME211203C00120000||||||10||||0|0|0|1.0000|0.0000|0.0066|-0.0004|0.0000||62.50|12|57.95|50
GME211203P00120000|0.29|0.29|0.10|0.25|0.18|10|-0.07|-0.2800|148|381|1|25|-0.0056|0.0006|-0.0001|-0.1157|0.0021||0.25|4|0.06|106
GME211203C00130000||||65.44|65.44|9|0.00|0.0000|0|1|0|0|0.8171|0.0031|0.0047|-5.6278|0.0350||52.80|12|47.90|52
GME211203P00130000|0.16|0.30|0.16|0.40|0.30|9|-0.10|-0.2500|26|976|1|19|-0.2072|0.0025|-0.0596|-0.4170|0.1668||0.27|1|0.20|37
GME211203C00140000||||55.33|55.33|8|0.00|0.0000|0|6|0|0|0.7870|0.0040|0.0050|-5.3407|0.0384||43.20|20|38.20|48
GME211203P00140000|0.69|0.69|0.38|0.50|0.50|8|0.00|0.0000|57|1151|7|18|-0.2351|0.0032|-0.0636|-0.3750|0.1793||0.62|32|0.29|40
GME211203C00150000||||44.80|44.80|7|0.00|0.0000|0|6|0|0|0.7507|0.0052|0.0052|-4.8871|0.0419||33.65|16|28.10|55
GME211203P00150000|1.85|1.85|0.50|0.94|0.55|7|-0.39|-0.4149|17|1198|1|109|-0.0475|0.0052|-0.0005|-0.4757|0.0131||0.65|4|0.54|12
GME211203C00155000||||27.75|27.75|6|0.00|0.0000|0|5|0|0|0.7035|0.0033|0.0730|-0.5065|0.1939||29.10|16|23.10|51
GME211203P00155000|0.73|0.80|0.65|1.30|0.65|6|-0.65|-0.5000|34|992|1|8|-0.2948|0.0043|-0.0768|-0.3532|0.2013||0.96|7|0.60|88
GME211203C00160000||||28.80|28.80|5|0.00|0.0000|0|115|0|0|0.7190|0.0020|0.0626|-0.7120|0.1967||24.65|31|18.30|85
GME211203P00160000|1.00|1.59|0.85|1.85|1.10|5|-0.75|-0.4054|14|440|1|170|-0.1177|0.0115|-0.0012|-0.8468|0.0261||1.22|21|1.00|10
GME211203C00165000||||32.50|32.50|4|0.00|0.0000|-1|31|0|0|0.6609|0.0070|0.0050|-4.7969|0.0484||20.40|35|14.00|43
GME211203P00165000|1.61|2.03|0.98|2.60|1.90|4|-0.70|-0.2692|467|783|10|302|-0.1807|0.0162|-0.0019|-1.0654|0.0348||1.84|15|1.38|22
GME211203C00170000||||13.25|13.25|3|0.00|0.0000|10|50|0|0|0.7261|0.0213|0.0065|-1.3038|0.0440||16.25|43|10.50|60
GME211203P00170000|2.31|3.05|1.53|3.72|2.40|3|-1.32|-0.3548|275|934|90|644|-0.2722|0.0215|-0.0028|-1.2829|0.0439||2.77|18|2.15|39
GME211203C00175000||||9.70|9.70|2|0.00|0.0000|29|117|0|0|0.5942|0.0059|0.0838|-0.3275|0.2262||12.50|71|7.55|77
GME211203P00175000|1.95|4.35|1.95|4.95|4.10|2|-0.85|-0.1717|181|483|1|111|-0.4084|0.0062|-0.1023|-0.3103|0.2266||4.10|6|3.20|78
GME211203C00177500|10.10|10.10|7.50|7.55|7.50|1|-0.05|-0.0066|4|7|1|2|0.5445|0.0296|0.0050|-1.3270|0.0524||9.85|67|6.15|59
GME211203P00177500|4.40|5.29|2.87|5.85|5.29|1|-0.56|-0.0957|136|199|1|129|-0.4553|0.0289|-0.0047|-1.3603|0.0524||5.25|20|4.00|67
GME211203C00180000|8.54|11.00|6.50|7.10|7.00|1|-0.10|-0.0141|57|733|1|101|0.5653|0.0059|0.0802|-0.3364|0.2296||7.50|80|5.25|87
GME211203P00180000|5.50|6.25|3.50|6.98|5.75|1|-1.23|-0.1762|493|1768|3|709|-0.4433|0.0066|-0.1108|-0.3021|0.2304||6.05|4|5.50|25
GME211203C00182500|7.88|8.47|4.78|6.70|4.78|2|-1.92|-0.2866|74|85|1|29|0.4240|0.0236|0.0039|-1.6232|0.0518||5.95|45|3.85|98
GME211203P00182500|5.90|6.60|4.48|8.00|6.55|2|-1.45|-0.1813|98|297|1|65|-0.4646|0.0070|-0.1151|-0.2881|0.2318||7.50|5|6.05|59
GME211203C00185000|4.90|7.95|3.30|4.90|4.05|3|-0.85|-0.1735|313|481|1|202|0.3501|0.0248|0.0032|-1.3829|0.0489||4.50|35|3.25|72
GME211203P00185000|6.43|9.20|5.65|9.80|7.15|3|-2.65|-0.2704|77|588|1|404|-0.6689|0.0270|-0.0071|-1.2170|0.0479||9.50|46|7.45|45
GME211203C00187500|3.85|6.50|2.34|3.95|2.85|4|-1.10|-0.2785|713|730|1|364|0.2901|0.0232|0.0027|-1.2626|0.0452||3.35|14|2.67|5
GME211203P00187500|7.91|9.31|7.00|10.70|9.05|4|-1.65|-0.1542|113|475|1|19|-0.5090|0.0077|-0.1249|-0.2659|0.2327||12.00|47|8.30|67
GME211203C00190000|3.95|5.18|2.21|3.70|2.30|5|-1.40|-0.3784|634|778|3|399|0.5148|0.0057|0.0733|-0.3581|0.2326||2.70|14|2.18|24
GME211203P00190000|11.24|11.90|8.00|12.00|11.90|5|-0.10|-0.0083|-109|833|5|61|-0.8483|0.0223|-0.0090|-0.6171|0.0310||14.25|40|10.00|85
GME211203C00192500|2.95|4.25|1.82|2.96|2.11|6|-0.85|-0.2872|434|502|1|60|0.2071|0.0183|0.0019|-1.1190|0.0378||2.18|1|1.67|57
GME211203P00192500|11.75|12.00|11.63|14.20|11.63|6|-2.57|-0.1810|-101|273|1|6|-0.5607|0.0083|-0.1256|-0.2583|0.2210||16.20|33|12.50|44
GME211203C00195000|2.37|3.40|1.26|2.40|1.73|7|-0.67|-0.2792|397|597|1|120|0.1674|0.0160|0.0016|-0.9799|0.0331||1.95|23|1.36|62
GME211203P00195000|14.00|14.00|12.00|16.71|13.02|7|-3.69|-0.2208|-61|626|20|92|-0.8910|0.0150|-0.0097|-0.5818|0.0247||18.00|28|15.00|12
GME211203C00197500|2.55|2.85|1.40|2.04|1.40|8|-0.64|-0.3137|386|490|1|168|0.1386|0.0139|0.0013|-0.8812|0.0292||1.70|23|1.18|36
GME211203P00197500||||18.95|18.95|8|0.00|0.0000|38|202|0|0|-0.9136|0.0122|-0.0100|-0.5080|0.0208||20.50|26|16.30|56
GME211203C00200000|1.75|2.33|1.00|1.69|1.13|9|-0.56|-0.3314|381|1051|3|824|0.4657|0.0056|0.0671|-0.3625|0.2319||1.35|7|1.01|29
GME211203P00200000|17.55|20.63|16.00|22.15|20.63|9|-1.52|-0.0686|-71|998|5|79|-0.5404|0.0058|-0.1355|-0.3795|0.2225||23.00|40|18.80|30
GME211203C00202500|2.00|2.00|0.90|1.48|0.90|10|-0.58|-0.3919|35|281|1|317|0.0942|0.0102|0.0009|-0.6945|0.0222||1.06|4|0.86|21
GME211203P00202500|20.05|20.55|20.05|21.91|20.55|10|-1.36|-0.0621|-27|184|1|2|-0.9949|0.0017|-0.0110|-0.0310|0.0019||25.50|34|21.05|50
GME211203C00205000|1.17|1.68|0.75|1.34|0.88|11|-0.46|-0.3433|206|834|1|195|0.4542|0.0052|0.0646|-0.3842|0.2312||0.99|4|0.78|15
GME211203P00205000|22.06|22.06|22.06|28.45|22.06|11|-6.39|-0.2246|-4|484|2|2|-0.8519|0.0104|-0.0099|-1.2898|0.0305||27.75|30|23.55|12
GME211203C00207500|1.29|1.35|0.61|1.10|0.61|12|-0.49|-0.4455|-5|400|1|30|0.0649|0.0074|0.0006|-0.5443|0.0167||0.93|4|0.68|53
GME211203P00207500|23.40|23.40|23.40|20.90|23.40|12|2.50|0.1196|-2|35|1|1|-0.9652|0.0053|-0.0110|-0.2775|0.0102||30.25|33|25.95|15
GME211203C00210000|1.01|1.24|0.68|1.11|0.71|13|-0.40|-0.3604|79|939|1|380|0.4369|0.0051|0.0574|-0.4229|0.2208||0.80|10|0.65|19
GME211203P00210000|28.16|30.28|27.10|30.40|30.28|13|-0.12|-0.0039|1|385|1|9|-0.9835|0.0031|-0.0114|-0.1367|0.0054||32.65|32|28.45|12
GME211203C00212500|0.95|1.05|0.81|0.92|0.82|14|-0.10|-0.1087|119|297|1|21|0.4368|0.0049|0.0614|-0.4081|0.2298||0.87|17|0.53|65
GME211203P00212500||||34.12|34.12|14|0.00|0.0000|-1|67|0|0|-0.9328|0.0065|-0.0110|-0.6508|0.0172||35.15|26|30.40|42
GME211203C00215000|0.81|1.00|0.70|0.87|0.72|15|-0.15|-0.1724|21|792|1|113|0.0445|0.0050|0.0004|-0.4444|0.0124||0.72|1|0.50|55
GME211203P00215000|31.50|31.50|31.50|34.35|31.50|15|-2.85|-0.0830|-1|226|1|13|-0.9451|0.0055|-0.0113|-0.5566|0.0147||37.65|33|32.90|63
GME211203C00217500|0.70|0.70|0.60|0.71|0.68|16|-0.03|-0.0423|-7|183|1|7|0.0352|0.0041|0.0003|-0.3674|0.0103||0.78|20|0.50|20
GME211203P00217500||||30.09|30.09|16|0.00|0.0000|0|74|0|0|-0.9997|0.0001|-0.0119|-0.0020|0.0001||40.15|31|35.40|27
GME211203C00220000|0.77|0.81|0.55|0.77|0.55|17|-0.22|-0.2857|-11|1378|1|59|0.4320|0.0044|0.0592|-0.4477|0.2294||0.60|5|0.55|1
GME211203P00220000|35.30|35.30|35.30|40.00|35.30|17|-4.70|-0.1175|1|213|1|1|-0.6291|0.0053|-0.1800|-0.3420|0.2205||42.65|33|37.90|48
GME211203C00222500|0.66|0.73|0.50|0.57|0.50|18|-0.07|-0.1228|-15|181|1|13|0.0259|0.0031|0.0002|-0.2964|0.0080||0.63|11|0.43|64
GME211203P00222500||||34.99|34.99|18|0.00|0.0000|0|51|0|0|-1.0000|0.0000|-0.0122|0.0007|0.0000||45.15|31|40.40|21
GME211203C00225000|0.71|0.72|0.47|0.71|0.50|19|-0.21|-0.2958|-80|656|2|60|0.0304|0.0032|0.0003|-0.3676|0.0091||0.60|8|0.43|37
GME211203P00225000||||45.20|45.20|19|0.00|0.0000|-3|125|0|0|-0.9936|0.0011|-0.0123|-0.0723|0.0024||47.65|33|42.90|52
GME211203C00227500|0.50|0.70|0.50|0.77|0.50|20|-0.27|-0.3506|3|97|1|3|0.0315|0.0031|0.0003|-0.3990|0.0094||0.60|16|0.41|45
GME211203P00227500||||33.03|33.03|20|0.00|0.0000|0|26|0|0|-0.9720|0.0029|-0.0122|-0.3517|0.0085||50.15|31|45.40|19
GME211203C00230000|0.54|0.63|0.47|0.62|0.49|21|-0.13|-0.2097|192|927|1|132|0.4272|0.0040|0.0568|-0.4953|0.2289||0.50|1|0.39|27
GME211203P00230000|47.50|47.50|47.50|45.00|47.50|21|2.50|0.0556|-3|67|2|2|-0.9719|0.0028|-0.0123|-0.3693|0.0085||52.65|46|47.90|15
GME211203C00232500|0.48|0.48|0.45|0.57|0.45|22|-0.12|-0.2105|-8|93|3|5|0.0218|0.0023|0.0002|-0.2947|0.0069||0.53|1|0.38|27
GME211203P00232500||||46.88|46.88|22|0.00|0.0000|-1|34|0|0|-0.9993|0.0002|-0.0127|-0.0083|0.0003||55.15|26|50.40|21
GME211203C00235000|0.33|0.60|0.33|0.54|0.46|23|-0.08|-0.1481|-1|331|5|23|0.0199|0.0021|0.0002|-0.2797|0.0064||0.52|1|0.38|10
GME211203P00235000|51.57|51.60|50.00|54.89|51.60|23|-3.29|-0.0599|-6|371|3|22|-0.9995|0.0001|-0.0129|-0.0061|0.0002||57.65|38|52.90|15
GME211203C00237500||||0.52|0.52|24|0.00|0.0000|0|115|0|0|0.0185|0.0019|0.0002|-0.2677|0.0060||0.52|7|0.35|21
GME211203P00237500|54.06|54.08|52.54|57.38|54.08|24|-3.30|-0.0575|-6|284|3|12|-0.9763|0.0022|-0.0128|-0.3455|0.0074||60.15|21|55.35|14
GME211203C00240000|0.50|0.60|0.35|0.50|0.41|25|-0.09|-0.1800|1|592|3|127|0.0172|0.0018|0.0002|-0.2571|0.0056||0.41|7|0.38|1
GME211203P00240000|54.95|54.95|54.95|57.50|54.95|25|-2.55|-0.0443|-1|101|1|1|-0.9868|0.0015|-0.0130|-0.1947|0.0045||62.65|31|57.85|22
GME211203C00245000|0.47|0.47|0.32|0.44|0.32|26|-0.12|-0.2727|-31|414|1|16|0.0141|0.0014|0.0001|-0.2242|0.0047||0.41|1|0.33|6
GME211203P00245000|60.55|60.55|60.55|62.45|60.55|26|-1.90|-0.0304|-1|68|1|1|-0.9951|0.0007|-0.0134|-0.0755|0.0019||67.65|13|62.85|7
GME211203C00250000|0.25|0.45|0.25|0.41|0.38|27|-0.03|-0.0732|-50|3342|6|905|0.0123|0.0012|0.0001|-0.2068|0.0042||0.41|1|0.38|2
GME211203P00250000||||65.43|65.43|27|0.00|0.0000|-9|123|0|0|-0.9835|0.0015|-0.0135|-0.2795|0.0054||72.65|24|67.85|11
GME211203C00260000|0.23|0.34|0.23|0.37|0.27|28|-0.10|-0.2703|10|714|1|25|0.0099|0.0009|0.0001|-0.1838|0.0035||0.38|1|0.27|1
GME211203P00260000||||75.00|75.00|28|0.00|0.0000|-1|6|0|0|-0.5365|0.0029|-0.2073|-0.7679|0.2227||82.50|13|77.75|11
GME211203C00270000|0.22|0.32|0.20|0.26|0.31|29|0.05|0.1923|-1|587|1|22|0.0061|0.0006|0.0001|-0.1238|0.0023||0.32|6|0.20|10
GME211203P00270000|85.99|86.50|85.99|90.50|86.50|29|-4.00|-0.0442|4|21|2|4|-0.9889|0.0009|-0.0147|-0.2271|0.0039||92.40|13|87.75|5
GME211203C00280000|0.22|0.30|0.16|0.25|0.20|30|-0.05|-0.2000|-8|572|1|12|0.4128|0.0029|0.0494|-0.6718|0.2272||0.29|4|0.13|35
GME211203P00280000||||95.00|95.00|30|0.00|0.0000|-3|10|0|0|-0.5161|0.0025|-0.2289|-0.8978|0.2234||102.30|8|97.75|10
GME211203C00290000|0.27|0.27|0.13|0.25|0.20|31|-0.05|-0.2000|200|502|2|9|0.0049|0.0004|0.0000|-0.1157|0.0019||0.25|4|0.12|18
GME211203P00290000||||||31||||0|0|0|-1.0000|0.0000|-0.3098|0.0009|0.0000||112.25|13|107.75|13
GME211203C00300000|0.17|0.22|0.11|0.17|0.18|32|0.01|0.0588|16|2195|1|72|0.0030|0.0003|0.0000|-0.0742|0.0012||0.18|2|0.11|7
GME211203P00300000||||111.10|111.10|32|0.00|0.0000|-1|2|0|0|-1.0000|0.0000|-0.0164|0.0002|0.0000||122.15|13|116.80|12
GME211203C00310000|0.11|0.11|0.10|0.20|0.10|33|-0.10|-0.5000|-10|344|1|2|0.0033|0.0003|0.0000|-0.0879|0.0013||0.15|2|0.08|21
GME211203P00310000||||71.90|71.90|33|0.00|0.0000|0|4|0|0|-1.0000|0.0000|-0.0170|0.0010|0.0000||132.15|13|126.80|3
GME211203C00320000|0.10|0.10|0.10|0.17|0.10|34|-0.07|-0.4118|100|389|1|1|0.3996|0.0025|0.0421|-0.8195|0.2165||0.13|4|0.08|15
GME211203P00320000||||||34||||0|0|0|-1.0000|0.0000|-0.0175|0.0010|0.0000||142.10|13|136.85|3
GME211203C00330000|0.08|0.08|0.08|0.11|0.08|35|-0.03|-0.2727|68|348|2|2|0.0015|0.0001|0.0000|-0.0434|0.0006||0.11|5|0.05|25
GME211203P00330000||||127.27|127.27|35|0.00|0.0000|0|2|0|0|-0.9974|0.0002|-0.0181|-0.0755|0.0011||152.05|13|146.85|2
GME211203C00340000|0.08|0.08|0.08|0.11|0.08|36|-0.03|-0.2727|21|135|1|2|0.3871|0.0024|0.0405|-0.8392|0.2146||0.10|11|0.04|22
GME211203P00340000||||134.20|134.20|36|0.00|0.0000|0|1|0|0|-0.9992|0.0001|-0.0186|-0.0246|0.0004||162.05|13|156.85|12
GME211203C00350000|0.09|0.09|0.05|0.10|0.05|37|-0.05|-0.5000|226|1237|1|11|0.0012|0.0001|0.0000|-0.0378|0.0005||0.08|3|0.05|1
GME211203P00350000||||136.35|136.35|37|0.00|0.0000|0|3|0|0|-0.7520|0.0027|-0.3406|-0.4802|0.1846||172.05|13|166.85|12
GME211203C00360000||||0.09|0.09|38|0.00|0.0000|-2|159|0|0|0.0010|0.0001|0.0000|-0.0330|0.0004||0.08|9|0.02|31
GME211203P00360000||||||38||||0|0|0|-1.0000|0.0000|-0.3550|0.0011|0.0000||182.05|13|176.85|12
GME211203C00370000||||0.05|0.05|39|0.00|0.0000|-2|88|0|0|0.3630|0.0023|0.0381|-0.8436|0.2103||0.09|26|0.02|35
GME211203P00370000||||136.05|136.05|39|0.00|0.0000|0|1|0|0|-1.0000|0.0000|-0.0203|0.0011|0.0000||192.00|13|186.85|2
GME211203C00380000||||0.10|0.10|40|0.00|0.0000|15|101|0|0|0.0010|0.0001|0.0000|-0.0364|0.0005||0.07|4|0.01|14
GME211203P00380000||||170.35|170.35|40|0.00|0.0000|0|0|0|0|-0.6453|0.0023|-0.3375|-0.8403|0.2086||202.00|13|196.85|12
GME211203C00390000||||0.09|0.09|41|0.00|0.0000|9|91|0|0|0.0009|0.0001|0.0000|-0.0322|0.0004||0.07|3|0.01|17
GME211203P00390000||||||41||||0|0|0|-1.0000|0.0000|-0.3846|0.0012|0.0000||212.00|12|206.85|2
GME211203C00400000|0.04|0.04|0.03|0.07|0.03|42|-0.04|-0.5714|-34|2449|5|13|0.0006|0.0001|0.0000|-0.0236|0.0003||0.05|2|0.02|4
GME211203P00400000||||215.38|215.38|42|0.00|0.0000|-10|0|0|0|-1.0000|0.0000|-0.0219|-0.0005|0.0000||222.00|12|216.85|10
GME211203C00410000|0.05|0.05|0.02|0.05|0.02|43|-0.03|-0.6000|-2|1055|1|32|0.0004|0.0000|0.0000|-0.0152|0.0002||0.05|1|0.03|8
GME211203P00410000||||||43||||0|0|0|-1.0000|0.0000|-0.0225|0.0013|0.0000||232.00|12|226.85|12
GME211203C00420000|0.04|0.04|0.04|0.05|0.04|44|-0.01|-0.2000|7|231|4|4|0.4028|0.0020|0.0411|-0.9610|0.2258||0.11|14|0.01|4
GME211203P00420000||||||44||||0|0|0|-1.0000|0.0000|-0.4487|0.0013|0.0000||242.00|12|236.85|10
GME211203C00430000||||0.03|0.03|45|0.00|0.0000|21|70|0|0|0.0002|0.0000|0.0000|-0.0082|0.0001||0.40|1|0.00|0
GME211203P00430000||||||45||||0|0|0|-1.0000|0.0000|-0.0236|0.0013|0.0000||252.25|12|246.85|10
GME211203C00440000||||0.05|0.05|46|0.00|0.0000|1|70|0|0|0.0004|0.0000|0.0000|-0.0149|0.0002||0.09|1|0.00|0
GME211203P00440000||||||46||||0|0|0|-1.0000|0.0000|-0.0241|0.0014|0.0000||262.65|1|256.85|12
GME211203C00450000|0.02|0.02|0.02|0.03|0.02|47|-0.01|-0.3333|5|483|1|1|0.0002|0.0000|0.0000|-0.0080|0.0001||0.13|1|0.01|59
GME211203P00450000||||||47||||0|0|0|-1.0000|0.0000|-0.0247|0.0014|0.0000||272.65|1|266.85|12
GME211203C00460000|0.11|0.11|0.03|0.02|0.03|48|0.01|0.5000|-1|59|2|3|0.0001|0.0000|0.0000|-0.0046|0.0001||0.05|1|0.01|6
GME211203P00460000||||||48||||0|0|0|-1.0000|0.0000|-0.0252|0.0014|0.0000||282.45|12|276.90|12
GME211203C00470000||||0.07|0.07|49|0.00|0.0000|-57|191|0|0|0.0005|0.0000|0.0000|-0.0220|0.0002||0.05|1|0.01|1
GME211203P00470000||||||49||||0|0|0|-1.0000|0.0000|-0.0258|0.0014|0.0000||292.45|12|286.90|10
GME211203C00480000||||0.04|0.04|50|0.00|0.0000|1|91|0|0|0.0002|0.0000|0.0000|-0.0110|0.0001||0.05|1|0.00|0
GME211203P00480000||||||50||||0|0|0|-1.0000|0.0000|-0.5128|0.0015|0.0000||302.45|12|296.90|10
GME211203C00490000||||0.06|0.06|51|0.00|0.0000|16|250|0|0|0.0039|0.0002|0.0000|-0.1821|0.0015||0.04|1|0.01|1
GME211203P00490000||||||51||||0|0|0|-1.0000|0.0000|-0.5235|0.0015|0.0000||312.45|12|306.90|10
GME211203C00500000|0.05|0.05|0.04|0.05|0.04|52|-0.01|-0.2000|1|1370|6|13|0.0003|0.0000|0.0000|-0.0143|0.0001||0.04|1|0.01|5
GME211203P00500000||||||52||||0|0|0|-1.0000|0.0000|-0.0274|0.0015|0.0000||322.45|12|316.90|10
GME211203C00510000|0.04|0.04|0.01|0.05|0.02|53|-0.03|-0.6000|217|5698|2|83|0.0003|0.0000|0.0000|-0.0142|0.0001||0.02|1|0.01|113
GME211203P00510000||||||53||||0|0|0|-1.0000|0.0000|-0.0279|0.0016|0.0000||332.40|12|326.90|10
GME211210C00100000||||86.01|86.01|13|0.00|0.0000|0|1|0|0|0.9079|0.0017|0.0193|-0.9020|0.0463||83.45|1|78.40|9
GME211210P00100000|0.57|0.58|0.57|0.57|0.58|13|0.01|0.0175|65|210|3|4|-0.0183|0.0008|-0.0009|-0.1328|0.0126||0.58|16|0.54|1
GME211210C00110000||||76.13|76.13|12|0.00|0.0000|0|2|0|0|0.8928|0.0021|0.0210|-0.8879|0.0518||73.75|6|68.75|6
GME211210P00110000||||0.71|0.71|12|0.00|0.0000|50|206|0|0|-0.0254|0.0012|-0.0012|-0.1562|0.0166||1.05|77|0.22|124
GME211210C00120000||||76.03|76.03|11|0.00|0.0000|0|1|0|0|0.8263|0.0022|0.0183|-1.6350|0.0719||63.20|3|58.75|8
GME211210P00120000|0.60|0.98|0.60|0.95|0.98|11|0.03|0.0316|2|96|1|14|-0.0374|0.0019|-0.0018|-0.1931|0.0228||1.00|160|0.66|72
GME211210C00130000||||||10||||0|0|0|1.0000|0.0000|0.0321|-0.0004|0.0000||53.70|14|49.25|25
GME211210P00130000|1.30|1.39|1.00|1.50|1.15|10|-0.35|-0.2333|20|431|2|38|-0.0620|0.0031|-0.0030|-0.2691|0.0342||1.57|59|0.99|105
GME211210C00140000||||56.44|56.44|9|0.00|0.0000|0|29|0|0|0.7694|0.0034|0.0205|-1.5023|0.0852||44.40|13|40.00|18
GME211210P00140000|2.30|2.31|1.75|2.49|2.24|9|-0.25|-0.1004|47|299|1|69|-0.2243|0.0036|-0.0632|-0.2860|0.1834||2.28|8|1.87|47
GME211210C00145000||||||8|||||0|0|1.0000|0.0000|0.0358|-0.0005|0.0000||45.75|40|35.80|13
GME211210P00145000|2.60|2.88|2.60|2.60|2.88|8|0.28|0.1077|||1|2|0.0000|0.0000|0.0000|0.0000|0.0000||3.10|59|2.42|48
GME211210C00150000||||47.05|47.05|7|0.00|0.0000|0|19|0|0|0.7312|0.0042|0.0211|-1.4327|0.0925||35.65|12|31.40|28
GME211210P00150000|3.00|3.68|2.81|3.70|3.68|7|-0.02|-0.0054|51|220|2|53|-0.1601|0.0070|-0.0078|-0.4680|0.0682||3.85|55|3.15|31
GME211210C00155000||||58.70|58.70|6|0.00|0.0000|0|45|0|0|0.7067|0.0029|0.0173|-2.2535|0.0964||31.60|13|27.65|32
GME211210P00155000|4.95|4.95|4.95|4.95|4.95|6|0.00|0.0000|94|195|1|1|-0.2049|0.0082|-0.0101|-0.5471|0.0796||5.25|70|4.05|72
GME211210C00160000||||29.75|29.75|5|0.00|0.0000|0|204|0|0|0.7100|0.0074|0.0243|-0.8744|0.0959||27.85|16|23.75|48
GME211210P00160000|5.00|6.00|5.00|6.00|6.00|5|0.00|0.0000|153|386|1|29|-0.2486|0.0095|-0.0123|-0.5876|0.0888||6.40|42|5.25|80
GME211210C00165000||||23.22|23.22|4|0.00|0.0000|2|2|0|0|0.6553|0.0046|0.0934|-0.3427|0.2256||24.35|33|20.65|39
GME211210P00165000|7.65|7.65|6.48|7.75|6.70|4|-1.05|-0.1355|18|320|1|24|-0.3039|0.0104|-0.0152|-0.6509|0.0980||8.70|84|6.35|125
GME211210C00170000|24.00|24.00|23.00|20.07|23.00|3|2.93|0.1460|11|16|1|6|0.6340|0.0104|0.0233|-0.7566|0.1055||21.25|36|17.55|62
GME211210P00170000|8.54|9.74|7.15|8.90|9.74|3|0.84|0.0944|-2|360|1|82|-0.3572|0.0119|-0.0178|-0.6501|0.1046||10.75|76|8.50|62
GME211210C00175000|19.14|19.14|16.00|18.40|16.00|2|-2.40|-0.1304|7|25|1|6|0.6125|0.0044|0.0924|-0.3648|0.2427||18.30|30|15.20|64
GME211210P00175000|9.55|12.00|9.50|11.66|11.75|2|0.09|0.0077|117|418|4|138|-0.4209|0.0120|-0.0213|-0.7097|0.1096||11.65|1|10.55|84
GME211210C00177500||||||1|||||0|0|1.0000|0.0000|0.0438|-0.0006|0.0000||17.65|35|13.95|38
GME211210P00177500|11.31|11.31|11.31|11.31|11.31|1|0.00|0.0000|||1|1|0.0000|0.0000|0.0000|0.0000|0.0000||13.35|13|11.10|77
GME211210C00180000|14.20|18.25|14.20|14.75|15.33|1|0.58|0.0393|58|79|1|8|0.5235|0.0111|0.0197|-0.7928|0.1116||16.00|38|12.45|71
GME211210P00180000|13.00|14.50|11.63|14.30|14.50|1|0.20|0.0140|117|606|1|113|-0.4813|0.0121|-0.0246|-0.7289|0.1117||14.80|15|12.90|58
GME211210C00182500|15.85|15.85|15.85|15.85|15.85|2|0.00|0.0000|||1|1|0.0000|0.0000|0.0000|0.0000|0.0000||17.50|59|11.35|47
GME211210P00182500|14.38|14.38|14.38|14.38|14.38|2|0.00|0.0000|||9|10|-1.0000|0.0000|-0.0450|0.0006|0.0000||17.65|77|13.05|83
GME211210C00185000|15.95|15.95|11.70|12.60|12.80|3|0.20|0.0159|53|108|1|15|0.4693|0.0111|0.0178|-0.7933|0.1115||13.55|45|12.00|1
GME211210P00185000|14.53|16.60|14.50|17.01|16.60|3|-0.41|-0.0241|61|358|2|32|-0.5410|0.0121|-0.0279|-0.7210|0.1112||18.40|56|14.90|80
GME211210C00187500|15.35|15.35|12.61|11.00|12.61|4|1.61|0.1464|9|19|1|8|0.5421|0.0051|0.0875|-0.3360|0.2514||12.90|70|9.85|35
GME211210P00187500|16.10|16.10|16.10|15.45|16.10|4|0.65|0.0421|45|127|1|1|-0.6077|0.0151|-0.0306|-0.5427|0.1077||20.25|61|16.55|66
GME211210C00190000|12.50|13.20|10.80|10.75|11.20|5|0.45|0.0419|10|96|1|15|0.5317|0.0050|0.0803|-0.3645|0.2436||11.30|17|9.85|17
GME211210P00190000||||21.52|21.52|5|0.00|0.0000|50|428|0|0|-0.4630|0.0049|-0.1538|-0.3526|0.2517||21.75|47|19.00|14
GME211210C00192500|11.15|11.65|11.12|9.50|11.12|6|1.62|0.1705|33|65|1|4|0.3880|0.0109|0.0150|-0.7482|0.1074||10.95|65|8.05|64
GME211210P00192500|18.46|18.46|18.46|22.09|18.46|6|-3.63|-0.1643|14|86|1|1|-0.6203|0.0113|-0.0327|-0.7115|0.1067||23.40|42|19.55|45
GME211210C00195000|10.22|11.43|8.60|9.70|8.60|7|-1.10|-0.1134|76|134|1|9|0.5154|0.0049|0.0773|-0.3813|0.2442||10.05|47|8.00|39
GME211210P00195000|20.40|20.45|20.40|22.97|20.45|7|-2.52|-0.1097|41|190|1|5|-0.5076|0.0056|-0.1629|-0.3103|0.2527||25.45|41|21.35|63
GME211210C00197500|8.80|8.80|8.80|9.50|8.80|8|-0.70|-0.0737|10|46|10|10|0.3620|0.0096|0.0138|-0.8127|0.1051||9.60|41|7.10|61
GME211210P00197500||||19.25|19.25|8|0.00|0.0000|27|104|0|0|-0.8494|0.0140|-0.0424|-0.2164|0.0655||27.50|55|23.15|43
GME211210C00200000|8.80|10.00|7.52|7.80|7.52|9|-0.28|-0.0359|82|634|2|56|0.3255|0.0099|0.0126|-0.7316|0.1009||8.45|29|7.05|20
GME211210P00200000|25.18|25.55|25.18|27.05|25.55|9|-1.50|-0.0555|-20|659|1|2|-0.5247|0.0053|-0.1725|-0.3231|0.2523||29.40|43|25.35|55
GME211210C00202500|8.75|8.75|7.00|7.25|7.00|10|-0.25|-0.0345|3|67|1|7|0.3057|0.0095|0.0119|-0.7178|0.0983||8.00|31|6.20|72
GME211210P00202500||||26.32|26.32|10|0.00|0.0000|15|48|0|0|-0.5933|0.0068|-0.1695|-0.2563|0.2377||31.35|40|26.95|41
GME211210C00205000|7.30|7.30|6.75|6.79|6.75|11|-0.04|-0.0059|26|159|1|3|0.2881|0.0092|0.0112|-0.7064|0.0956||7.75|83|5.95|9
GME211210P00205000|27.42|27.42|26.88|31.25|26.88|11|-4.37|-0.1398|2|177|1|3|-0.7333|0.0096|-0.0401|-0.6264|0.0921||33.35|43|28.95|52
GME211210C00207500|5.55|7.35|5.55|5.55|7.35|12|1.80|0.3243|4|68|1|2|0.2548|0.0091|0.0100|-0.6314|0.0900||7.35|66|5.10|79
GME211210P00207500|29.52|29.52|29.52|28.58|29.52|12|0.94|0.0329|-5|18|1|1|-0.9040|0.0086|-0.0471|-0.1862|0.0477||35.35|47|30.95|36
GME211210C00210000|7.00|7.00|5.45|5.82|6.03|13|0.21|0.0361|10|309|1|8|0.2531|0.0085|0.0099|-0.6691|0.0897||6.10|1|4.85|97
GME211210P00210000|34.85|34.85|34.85|36.62|34.85|13|-1.77|-0.0483|-4|105|1|1|-0.7408|0.0084|-0.0417|-0.6917|0.0908||36.65|23|33.05|31
GME211210C00212500|6.00|6.00|5.10|5.55|5.10|14|-0.45|-0.0811|54|83|1|3|0.4455|0.0047|0.0681|-0.3849|0.2421||5.60|8|4.65|26
GME211210P00212500|33.64|33.64|33.64|32.63|33.64|14|1.01|0.0310|-1|38|1|1|-0.7363|0.0079|-0.2159|-0.1471|0.2070||39.15|38|35.15|30
GME211210C00215000|3.95|5.75|3.95|5.09|4.65|15|-0.44|-0.0864|6|165|1|7|0.2239|0.0078|0.0087|-0.6368|0.0838||5.45|9|4.40|23
GME211210P00215000||||40.77|40.77|15|0.00|0.0000|-4|34|0|0|-0.7706|0.0078|-0.0441|-0.6573|0.0850||41.65|36|37.30|28
GME211210C00217500|5.45|5.45|4.28|5.55|4.28|16|-1.27|-0.2288|3|30|1|3|0.4437|0.0044|0.0665|-0.4122|0.2420||5.45|36|3.85|78
GME211210P00217500||||28.08|28.08|16|0.00|0.0000|0|25|0|0|-0.6970|0.0066|-0.2170|-0.2008|0.2213||44.05|38|39.45|30
GME211210C00220000|5.00|5.35|4.63|4.80|5.00|17|0.20|0.0417|47|401|1|61|0.2064|0.0071|0.0081|-0.6351|0.0800||4.40|4|3.85|9
GME211210P00220000|39.30|39.30|39.30|42.99|39.30|17|-3.69|-0.0858|0|155|1|1|-0.6227|0.0052|-0.1979|-0.3192|0.2328||46.25|34|41.65|26
GME211210C00222500|4.55|4.55|4.50|4.14|4.50|18|0.36|0.0870|5|63|1|27|0.1856|0.0068|0.0073|-0.5821|0.0750||4.40|20|3.60|24
GME211210P00222500||||33.35|33.35|18|0.00|0.0000|0|45|0|0|-0.9169|0.0057|-0.0514|-0.2284|0.0429||48.50|35|43.90|31
GME211210C00225000|4.28|4.60|3.50|4.05|3.50|19|-0.55|-0.1358|16|334|1|15|0.4105|0.0044|0.0627|-0.3962|0.2382||4.40|46|3.35|54
GME211210P00225000||||47.49|47.49|19|0.00|0.0000|2|461|0|0|-0.8709|0.0062|-0.0503|-0.3937|0.0590||50.80|25|46.15|19
GME211210C00227500|4.25|4.25|3.90|3.65|3.90|20|0.25|0.0685|2|23|1|3|0.1648|0.0062|0.0065|-0.5492|0.0695||3.85|15|3.20|15
GME211210P00227500||||34.06|34.06|20|0.00|0.0000|0|35|0|0|-0.8451|0.0062|-0.2554|-0.0990|0.1509||53.15|22|48.40|18
GME211210C00230000|4.00|4.05|3.54|3.55|3.55|21|0.00|0.0000|9|393|1|10|0.1586|0.0060|0.0062|-0.5458|0.0678||3.85|30|3.05|39
GME211210P00230000||||41.51|41.51|21|0.00|0.0000|-1|38|0|0|-0.9015|0.0053|-0.0527|-0.3150|0.0486||55.45|20|50.70|21
GME211210C00232500|3.60|3.90|3.60|3.00|3.90|22|0.90|0.3000|-19|30|1|2|0.1400|0.0056|0.0055|-0.4898|0.0624||3.85|37|2.91|4
GME211210P00232500||||49.93|49.93|22|0.00|0.0000|1|11|0|0|-0.9503|0.0038|-0.0553|-0.1551|0.0288||57.80|12|53.00|19
GME211210C00235000|3.40|3.55|3.20|3.15|3.20|23|0.05|0.0159|-30|902|3|14|0.1413|0.0054|0.0056|-0.5132|0.0628||3.60|59|2.72|16
GME211210P00235000||||45.86|45.86|23|0.00|0.0000|0|36|0|0|-0.8024|0.0056|-0.2577|-0.1492|0.1761||60.20|13|55.35|20
GME211210C00237500|2.69|2.69|2.69|2.90|2.69|24|-0.21|-0.0724|0|18|1|3|0.1316|0.0052|0.0052|-0.4892|0.0598||3.50|66|2.35|37
GME211210P00237500||||48.03|48.03|24|0.00|0.0000|1|25|0|0|-0.9254|0.0042|-0.0555|-0.2594|0.0395||62.55|17|57.65|27
GME211210C00240000|2.82|3.60|2.69|2.84|2.69|25|-0.15|-0.0528|20|330|1|37|0.1273|0.0050|0.0050|-0.4870|0.0584||3.05|19|2.45|18
GME211210P00240000|58.15|58.15|58.15|45.67|58.15|25|12.48|0.2733|0|33|1|1|-0.6947|0.0047|-0.2486|-0.2804|0.2220||64.95|12|60.00|12
GME211210C00245000|3.23|3.23|2.85|2.56|2.85|26|0.29|0.1133|4|172|1|2|0.1147|0.0045|0.0045|-0.4602|0.0543||2.90|53|2.08|70
GME211210P00245000||||50.19|50.19|26|0.00|0.0000|0|23|0|0|-0.7050|0.0046|-0.2568|-0.2819|0.2186||69.70|12|64.65|12
GME211210C00250000|3.15|3.20|2.15|2.35|2.15|27|-0.20|-0.0851|-1|2190|1|50|0.1046|0.0042|0.0041|-0.4397|0.0508||2.41|6|2.01|50
GME211210P00250000||||60.35|60.35|27|0.00|0.0000|1|15|0|0|-0.9306|0.0035|-0.0589|-0.2803|0.0374||74.45|15|69.40|17
GME211210C00255000|2.37|2.37|2.00|2.20|2.00|28|-0.20|-0.0909|12|65|1|4|0.0967|0.0038|0.0038|-0.4249|0.0480||2.23|17|1.84|24
GME211210P00255000||||40.40|40.40|28|0.00|0.0000|0|5|0|0|-0.9991|0.0002|-0.0628|-0.0027|0.0009||79.25|17|74.30|21
GME211210C00260000|3.10|3.10|1.89|2.20|1.89|29|-0.31|-0.1409|-16|936|2|16|0.3525|0.0037|0.0527|-0.4377|0.2275||2.08|14|1.87|1
GME211210P00260000||||69.85|69.85|29|0.00|0.0000|1|22|0|0|-0.9420|0.0029|-0.0618|-0.2563|0.0325||84.25|15|79.00|14
GME211210C00270000|2.00|2.02|1.75|1.82|1.75|30|-0.07|-0.0385|16|220|1|8|0.0775|0.0031|0.0030|-0.3831|0.0407||2.03|49|1.50|2
GME211210P00270000||||75.18|75.18|30|0.00|0.0000|0|14|0|0|-0.9439|0.0026|-0.0643|-0.2706|0.0317||94.20|16|88.65|14
GME211210C00280000|1.83|1.83|1.45|1.50|1.45|31|-0.05|-0.0333|22|226|1|7|0.3349|0.0033|0.0526|-0.4339|0.2308||1.70|41|1.30|6
GME211210P00280000||||84.53|84.53|31|0.00|0.0000|0|1|0|0|-0.7128|0.0035|-0.2853|-0.3817|0.2087||104.05|12|98.40|20
GME211210C00290000|1.45|1.45|1.34|1.49|1.34|32|-0.15|-0.1007|9|150|3|5|0.0606|0.0023|0.0024|-0.3413|0.0337||1.40|12|1.07|58
GME211210P00290000||||82.25|82.25|32|0.00|0.0000|0|7|0|0|-0.9966|0.0003|-0.0714|-0.0166|0.0029||113.95|17|108.20|12
GME211210C00300000|1.28|1.36|1.05|1.24|1.05|33|-0.19|-0.1532|-171|876|10|48|0.3090|0.0031|0.0453|-0.4650|0.2158||1.24|25|1.05|1
GME211210P00300000||||76.00|76.00|33|0.00|0.0000|0|14|0|0|-0.9995|0.0001|-0.0739|-0.0018|0.0005||123.80|13|118.05|17
GME211210C00310000|1.10|1.10|1.06|1.06|1.06|34|0.00|0.0000|3|156|3|4|0.2982|0.0030|0.0437|-0.4658|0.2124||1.17|22|0.90|5
GME211210P00310000||||83.61|83.61|34|0.00|0.0000|0|4|0|0|-0.8933|0.0027|-0.3704|-0.1362|0.1166||133.70|12|127.95|11
GME211210C00320000||||0.99|0.99|35|0.00|0.0000|11|274|0|0|0.2943|0.0029|0.0428|-0.4774|0.2111||1.17|44|0.77|47
GME211210P00320000||||89.47|89.47|35|0.00|0.0000|0|3|0|0|-0.9999|0.0000|-0.0789|0.0007|0.0001||143.60|7|137.85|7
GME211210C00330000|0.89|0.90|0.89|1.05|0.90|36|-0.15|-0.1429|26|263|2|5|0.0396|0.0015|0.0015|-0.2722|0.0240||1.10|59|0.68|49
GME211210P00330000||||||36||||0|0|0|-1.0000|0.0000|-0.3887|0.0011|0.0000||153.45|7|147.80|6
GME211210C00340000|0.80|0.80|0.80|0.87|0.80|37|-0.07|-0.0805|2|88|1|1|0.0331|0.0013|0.0013|-0.2360|0.0207||0.99|19|0.63|31
GME211210P00340000||||||37||||0|0|0|-1.0000|0.0000|-0.0838|0.0011|0.0000||163.35|10|157.80|7
GME211210C00350000|1.05|1.05|0.69|0.76|0.69|38|-0.07|-0.0921|-501|388|1|24|0.2788|0.0026|0.0399|-0.4978|0.2058||0.72|16|0.62|7
GME211210P00350000||||||38||||0|0|0|-1.0000|0.0000|-0.0863|0.0011|0.0000||173.30|12|167.80|5
GME211210C00360000||||0.63|0.63|39|0.00|0.0000|5|87|0|0|0.2673|0.0026|0.0384|-0.4892|0.2015||0.67|4|0.54|22
GME211210P00360000||||||39||||0|0|0|-1.0000|0.0000|-0.0888|0.0012|0.0000||183.20|8|177.80|12
GME211210C00370000||||0.75|0.75|40|0.00|0.0000|-3|21|0|0|0.0272|0.0010|0.0011|-0.2162|0.0176||0.67|12|0.46|102
GME211210P00370000||||||40||||0|0|0|-1.0000|0.0000|-0.0912|0.0012|0.0000||193.10|11|187.80|7
GME211210C00380000||||0.52|0.52|41|0.00|0.0000|6|51|0|0|0.0194|0.0008|0.0008|-0.1583|0.0132||0.67|17|0.46|45
GME211210P00380000||||||41||||0|0|0|-1.0000|0.0000|-0.0937|0.0012|0.0000||203.00|16|197.80|12
GME211210C00390000||||0.59|0.59|42|0.00|0.0000|3|47|0|0|0.0210|0.0008|0.0008|-0.1771|0.0142||0.67|30|0.42|76
GME211210P00390000||||||42||||0|0|0|-1.0000|0.0000|-0.0962|0.0013|0.0000||212.90|12|207.80|12
GME211210C00400000|0.72|0.72|0.45|0.57|0.45|43|-0.12|-0.2105|-207|426|6|26|0.2807|0.0023|0.0410|-0.5337|0.2136||0.54|18|0.40|17
GME211210P00400000||||||43||||0|0|0|-1.0000|0.0000|-0.5040|0.0013|0.0000||222.85|16|217.80|12
GME211210C00410000|0.49|0.49|0.49|0.38|0.49|44|0.11|0.2895|6|52|1|1|0.2408|0.0023|0.0342|-0.4948|0.1908||0.51|33|0.36|26
GME211210P00410000||||||44||||0|0|0|-1.0000|0.0000|-0.1011|0.0013|0.0000||232.75|8|227.80|5
GME211210C00420000|0.50|0.55|0.50|0.42|0.55|45|0.13|0.3095|11|169|1|2|0.0148|0.0006|0.0006|-0.1347|0.0105||0.45|7|0.32|16
GME211210P00420000||||||45||||0|0|0|-1.0000|0.0000|-0.4947|0.0014|0.0000||242.70|14|237.80|12
GME211210C00430000|0.34|0.34|0.31|0.38|0.31|46|-0.07|-0.1842|17|42|246|300|0.2586|0.0022|0.0379|-0.5198|0.2050||0.43|1|0.25|7
GME211210P00430000||||||46||||0|0|0|-1.0000|0.0000|-0.1060|0.0014|0.0000||252.65|12|246.75|12
GME211210C00440000|0.52|0.52|0.48|0.30|0.48|47|0.18|0.6000|0|33|4|5|0.0107|0.0004|0.0004|-0.1016|0.0079||0.44|2|0.17|27
GME211210P00440000||||||47||||0|0|0|-1.0000|0.0000|-0.1085|0.0014|0.0000||262.55|12|256.75|3
GME211210C00450000|0.24|0.24|0.23|0.31|0.23|48|-0.08|-0.2581|6|98|70|200|0.0108|0.0004|0.0004|-0.1048|0.0080||0.44|2|0.11|81
GME211210P00450000||||||48||||0|0|0|-1.0000|0.0000|-0.1110|0.0015|0.0000||272.50|4|266.90|2
GME211210C00460000||||0.27|0.27|49|0.00|0.0000|1|18|0|0|0.0094|0.0004|0.0004|-0.0933|0.0071||0.45|3|0.10|69
GME211210P00460000||||||49||||0|0|0|-1.0000|0.0000|-0.1134|0.0015|0.0000||282.45|12|276.90|2
GME211210C00470000|0.34|0.34|0.34|0.28|0.34|50|0.06|0.2143|3|15|1|1|0.0095|0.0004|0.0004|-0.0965|0.0071||0.44|3|0.20|1
GME211210P00470000||||||50||||0|0|0|-1.0000|0.0000|-0.1159|0.0015|0.0000||292.40|4|286.95|1
GME211210C00480000|0.40|0.40|0.40|0.25|0.40|51|0.15|0.6000|7|32|1|1|0.0085|0.0003|0.0003|-0.0876|0.0065||0.44|2|0.20|1
GME211210P00480000||||||51||||0|0|0|-1.0000|0.0000|-0.6048|0.0016|0.0000||302.35|6|296.95|4
GME211210C00490000|0.30|0.30|0.30|0.40|0.30|52|-0.10|-0.2500|4|91|1|1|0.0125|0.0004|0.0005|-0.1320|0.0091||0.90|12|0.20|1
GME211210P00490000||||||52||||0|0|0|-1.0000|0.0000|-0.1208|0.0016|0.0000||312.30|6|306.95|5
GME211210C00500000|0.38|0.38|0.19|0.38|0.24|53|-0.14|-0.3684|-12|856|1|9|0.2666|0.0020|0.0371|-0.6001|0.2082||0.40|1|0.07|114
GME211210P00500000||||||53||||0|0|0|-1.0000|0.0000|-0.6300|0.0016|0.0000||322.25|4|316.95|3
GME211210C00510000|0.55|0.55|0.11|0.37|0.26|54|-0.11|-0.2973|139|2025|1|91|0.0113|0.0004|0.0004|-0.1245|0.0083||0.28|1|0.25|3
GME211210P00510000||||||54||||0|0|0|-1.0000|0.0000|-0.6426|0.0017|0.0000||332.20|4|327.00|1
GME211217C00080000||||110.26|110.26|19|0.00|0.0000|0|1|0|0|0.9118|0.0010|0.0239|-0.7866|0.0598||103.25|1|98.40|12
GME211217P00080000||||0.30|0.30|19|0.00|0.0000|26|349|0|0|-0.0089|0.0004|-0.0008|-0.0493|0.0090||0.99|99|0.40|2
GME211217C00085000||||95.85|95.85|18|0.00|0.0000|0|1|0|0|0.9810|0.0007|0.0355|-0.1022|0.0173||98.35|1|93.45|12
GME211217P00085000|0.45|0.45|0.45|0.35|0.45|18|0.10|0.2857|1|122|2|2|-0.0656|0.0012|-0.0217|-0.1409|0.0844||0.59|41|0.31|1
GME211217C00090000||||137.00|137.00|17|0.00|0.0000|0|4|0|0|0.9011|0.0005|0.0117|-1.7725|0.0651||93.45|1|88.45|10
GME211217P00090000|0.49|0.49|0.49|0.46|0.49|17|0.03|0.0652|0|66|2|2|-0.0784|0.0013|-0.0278|-0.1524|0.0995||0.51|5|0.28|58
GME211217C00100000||||114.96|114.96|16|0.00|0.0000|0|49|0|0|0.9647|0.0012|0.1269|-0.0497|0.0514||83.75|12|78.55|11
GME211217P00100000|0.80|0.80|0.50|0.78|0.50|16|-0.28|-0.3590|126|869|1|9|-0.0017|0.0001|-0.0001|-0.0061|0.0020||0.82|51|0.59|4
GME211217C00105000||||66.05|66.05|15|0.00|0.0000|0|1|0|0|0.9972|0.0002|0.0458|-0.0099|0.0032||78.90|12|73.65|12
GME211217P00105000||||0.78|0.78|15|0.00|0.0000|-2|89|0|0|-0.0030|0.0003|-0.0002|-0.0101|0.0034||1.57|92|0.22|129
GME211217C00110000||||73.25|73.25|14|0.00|0.0000|0|1|0|0|0.9453|0.0018|0.1351|-0.0672|0.0732||74.00|12|69.10|12
GME211217P00110000|0.89|0.89|0.89|0.82|0.89|14|0.07|0.0854|2|375|1|1|-0.0052|0.0004|-0.0004|-0.0164|0.0056||1.00|4|0.75|40
GME211217C00115000||||112.11|112.11|13|0.00|0.0000|0|2|0|0|0.9930|0.0006|0.0498|-0.0205|0.0073||69.20|4|64.20|10
GME211217P00115000||||0.68|0.68|13|0.00|0.0000|0|148|0|0|-0.0092|0.0007|-0.0008|-0.0269|0.0093||1.34|42|0.88|69
GME211217C00120000||||64.15|64.15|12|0.00|0.0000|24|51|0|0|0.9879|0.0010|0.0516|-0.0327|0.0118||64.40|13|59.40|12
GME211217P00120000|1.37|1.38|1.37|1.34|1.38|12|0.04|0.0299|17|153|1|2|-0.0901|0.0027|-0.0261|-0.0984|0.1074||1.54|8|1.06|88
GME211217C00125000||||79.68|79.68|11|0.00|0.0000|0|35|0|0|0.9777|0.0016|0.0529|-0.0556|0.0199||59.75|12|54.50|15
GME211217P00125000|1.55|1.55|1.55|1.56|1.55|11|-0.01|-0.0064|-4|205|1|2|-0.0258|0.0017|-0.0022|-0.0645|0.0224||2.65|128|0.60|235
GME211217C00130000||||55.70|55.70|10|0.00|0.0000|0|10|0|0|0.8675|0.0036|0.1477|-0.1211|0.1458||55.10|16|50.10|16
GME211217P00130000|1.86|1.86|1.85|2.20|1.85|10|-0.35|-0.1591|9|195|1|3|-0.0395|0.0025|-0.0033|-0.0908|0.0319||2.40|72|1.43|120
GME211217C00135000||||90.47|90.47|9|0.00|0.0000|0|3|0|0|0.9457|0.0033|0.0546|-0.1139|0.0412||50.55|12|45.55|16
GME211217P00135000|2.62|2.62|2.62|2.75|2.62|9|-0.13|-0.0473|0|140|1|1|-0.1623|0.0040|-0.0511|-0.1420|0.1670||2.89|71|1.21|173
GME211217C00140000||||47.75|47.75|8|0.00|0.0000|1|146|0|0|0.8157|0.0045|0.1453|-0.1489|0.1811||45.35|13|41.10|72
GME211217P00140000|3.26|3.50|3.26|3.21|3.50|8|0.29|0.0903|11|549|1|5|-0.0833|0.0046|-0.0071|-0.1612|0.0573||3.55|70|2.81|11
GME211217C00145000||||96.94|96.94|7|0.00|0.0000|0|57|0|0|0.8897|0.0058|0.0541|-0.1933|0.0704||41.25|12|36.90|56
GME211217P00145000|4.18|4.18|3.35|4.15|3.90|7|-0.25|-0.0602|16|211|1|22|-0.1177|0.0058|-0.0101|-0.2097|0.0738||4.55|89|3.50|87
GME211217C00150000||||35.85|35.85|6|0.00|0.0000|0|71|0|0|0.8494|0.0071|0.0527|-0.2415|0.0874||37.15|19|32.95|55
GME211217P00150000|4.25|5.00|4.00|5.25|5.00|6|-0.25|-0.0476|86|1619|1|15|-0.1558|0.0071|-0.0135|-0.2532|0.0894||5.10|1|4.55|83
GME211217C00155000||||42.74|42.74|5|0.00|0.0000|0|11|0|0|0.7223|0.0056|0.1352|-0.1891|0.2280||33.40|49|29.15|60
GME211217P00155000|4.10|6.00|4.10|6.88|6.00|5|-0.88|-0.1279|13|308|5|7|-0.1993|0.0083|-0.0174|-0.2936|0.1044||6.95|72|5.85|81
GME211217C00160000||||38.33|38.33|4|0.00|0.0000|-1|97|0|0|0.6918|0.0061|0.1251|-0.2029|0.2325||29.95|56|25.70|81
GME211217P00160000|6.80|7.73|6.40|8.40|7.73|4|-0.67|-0.0798|26|650|1|63|-0.2498|0.0094|-0.0220|-0.3338|0.1187||8.15|4|7.40|72
GME211217C00165000||||34.08|34.08|3|0.00|0.0000|0|82|0|0|0.6570|0.0063|0.1199|-0.2151|0.2429||26.70|47|22.95|69
GME211217P00165000|8.60|8.60|8.60|10.05|8.60|3|-1.45|-0.1443|22|307|1|1|-0.3054|0.0103|-0.0271|-0.3714|0.1310||11.10|122|8.05|215
GME211217C00170000||||23.22|23.22|2|0.00|0.0000|-2|117|0|0|0.6383|0.0112|0.0422|-0.3924|0.1400||23.80|60|20.05|98
GME211217P00170000|11.28|12.10|10.85|11.92|11.80|2|-0.12|-0.0101|291|1083|2|18|-0.3633|0.0109|-0.0326|-0.4026|0.1402||12.65|59|11.10|75
GME211217C00175000|21.90|21.90|21.90|21.60|21.90|1|0.30|0.0139|-22|188|1|1|0.5902|0.0064|0.1159|-0.2219|0.2644||21.20|59|17.60|103
GME211217P00175000||||14.30|14.30|1|0.00|0.0000|18|703|0|0|-0.4097|0.0064|-0.1304|-0.2350|0.2568||15.25|74|12.40|205
GME211217C00180000|21.00|21.00|18.50|17.51|18.50|1|0.99|0.0565|17|465|1|2|0.5194|0.0120|0.0351|-0.4155|0.1489||18.85|71|15.25|160
GME211217P00180000|15.35|15.60|15.00|17.60|15.00|1|-2.60|-0.1477|199|1062|1|5|-0.4791|0.0117|-0.0438|-0.4250|0.1489||18.20|101|15.75|94
GME211217C00185000|17.00|18.25|16.65|16.00|16.69|2|0.69|0.0431|13|268|1|11|0.4617|0.0119|0.0315|-0.4161|0.1484||16.80|90|13.15|157
GME211217P00185000|17.32|20.10|17.00|19.85|19.45|2|-0.40|-0.0202|1|269|1|12|-0.4714|0.0064|-0.1635|-0.2330|0.2706||21.60|81|18.20|113
GME211217C00187500||||14.09|14.09|3|0.00|0.0000|15|39|0|0|0.4657|0.0093|0.0306|-0.5306|0.1485||15.90|71|12.75|80
GME211217P00187500||||21.85|21.85|3|0.00|0.0000|15|115|0|0|-0.5369|0.0095|-0.0516|-0.5183|0.1485||23.40|76|19.10|91
GME211217C00190000|15.00|16.15|13.65|13.65|13.95|4|0.30|0.0220|83|239|1|29|0.4069|0.0115|0.0280|-0.4092|0.1450||14.95|110|11.95|116
GME211217P00190000|20.10|22.70|20.10|22.75|22.70|4|-0.05|-0.0022|3|450|1|4|-0.5893|0.0113|-0.0552|-0.4194|0.1453||24.65|78|20.75|111
GME211217C00192500|12.74|12.74|12.74|12.10|12.74|5|0.64|0.0529|20|28|1|1|0.4209|0.0092|0.0279|-0.5179|0.1461||14.15|85|11.00|64
GME211217P00192500||||24.70|24.70|5|0.00|0.0000|7|112|0|0|-0.4880|0.0053|-0.1821|-0.2813|0.2712||26.70|77|22.35|99
GME211217C00195000|13.00|13.35|11.85|11.79|11.85|6|0.06|0.0051|18|148|1|4|0.3568|0.0109|0.0247|-0.3975|0.1394||13.45|101|10.45|89
GME211217P00195000||||25.08|25.08|6|0.00|0.0000|8|423|0|0|-0.6388|0.0108|-0.0606|-0.4070|0.1400||28.50|85|24.10|116
GME211217C00197500|12.50|13.00|11.00|10.50|11.00|7|0.50|0.0476|33|38|18|40|0.4880|0.0053|0.0882|-0.2995|0.2634||12.60|75|9.95|73
GME211217P00197500||||27.65|27.65|7|0.00|0.0000|1|93|0|0|-0.6314|0.0094|-0.0617|-0.4740|0.1409||29.85|70|25.85|73
GME211217C00200000|11.05|12.80|10.20|10.50|10.27|8|-0.23|-0.0219|134|1099|1|182|0.4362|0.0064|0.0842|-0.2409|0.2602||10.60|12|9.60|26
GME211217P00200000|28.60|30.44|28.60|28.61|30.44|8|1.83|0.0640|4|1921|1|5|-0.6822|0.0101|-0.0657|-0.3940|0.1333||31.55|63|27.85|102
GME211217C00202500|10.60|10.60|10.60|10.00|10.60|9|0.60|0.0600|5|18|3|3|0.4816|0.0049|0.0903|-0.3075|0.2711||10.45|50|8.70|76
GME211217P00202500||||24.10|24.10|9|0.00|0.0000|0|116|0|0|-0.8504|0.0113|-0.0777|-0.1488|0.0870||34.10|79|29.60|87
GME211217C00205000|10.00|10.05|9.30|9.40|9.30|10|-0.10|-0.0106|16|57|1|14|0.4661|0.0050|0.0834|-0.3179|0.2626||9.80|45|8.25|68
GME211217P00205000||||33.95|33.95|10|0.00|0.0000|6|165|0|0|-0.5454|0.0052|-0.1979|-0.2996|0.2618||36.05|82|31.50|89
GME211217C00207500|10.20|10.20|8.75|9.03|8.75|11|-0.28|-0.0310|12|28|1|4|0.3235|0.0078|0.0216|-0.5146|0.1342||9.35|57|8.00|19
GME211217P00207500||||21.30|21.30|11|0.00|0.0000|0|181|0|0|-0.9618|0.0056|-0.0881|-0.0377|0.0310||37.40|62|33.50|83
GME211217C00210000|10.25|10.25|8.70|9.00|8.70|12|-0.30|-0.0333|323|845|2|9|0.2291|0.0088|0.0161|-0.3276|0.1132||9.25|103|7.40|64
GME211217P00210000||||40.00|40.00|12|0.00|0.0000|7|226|0|0|-0.7658|0.0087|-0.0756|-0.3371|0.1146||39.85|42|35.50|67
GME211217C00212500||||7.88|7.88|13|0.00|0.0000|1|22|0|0|0.4381|0.0049|0.0788|-0.3201|0.2604||9.25|127|6.65|95
GME211217P00212500||||27.00|27.00|13|0.00|0.0000|0|59|0|0|-0.9320|0.0065|-0.0881|-0.0818|0.0491||42.05|56|37.55|54
GME211217C00215000|8.03|8.03|7.90|7.33|7.90|14|0.57|0.0778|3|93|1|3|0.4350|0.0047|0.0824|-0.3103|0.2677||8.80|104|6.35|90
GME211217P00215000|38.00|38.00|38.00|32.68|38.00|14|5.32|0.1628|0|99|2|2|-0.9156|0.0067|-0.0880|-0.1107|0.0578||44.00|56|39.65|82
GME211217C00217500||||7.75|7.75|15|0.00|0.0000|18|38|0|0|0.2773|0.0069|0.0185|-0.5081|0.1252||8.60|98|6.05|67
GME211217P00217500||||34.55|34.55|15|0.00|0.0000|0|23|0|0|-0.9421|0.0054|-0.0910|-0.0775|0.0433||45.80|35|41.80|36
GME211217C00220000|6.89|7.58|6.85|6.70|6.95|16|0.25|0.0373|257|1902|2|18|0.3413|0.0058|0.0710|-0.2202|0.2496||7.30|82|5.75|92
GME211217P00220000||||42.02|42.02|16|0.00|0.0000|-1|445|0|0|-0.8263|0.0072|-0.0842|-0.2869|0.0959||48.00|36|43.95|57
GME211217C00222500|7.50|7.50|7.25|5.85|7.25|17|1.40|0.2393|1|67|1|2|0.4054|0.0047|0.0776|-0.3044|0.2637||7.05|83|5.25|83
GME211217P00222500||||31.45|31.45|17|0.00|0.0000|0|10|0|0|-0.8012|0.0068|-0.2774|-0.1070|0.1897||50.60|46|46.10|35
GME211217C00225000|6.35|6.35|6.00|6.00|6.00|18|0.00|0.0000|6|105|1|11|0.2305|0.0064|0.0156|-0.4512|0.1136||6.70|71|5.20|85
GME211217P00225000||||32.35|32.35|18|0.00|0.0000|0|31|0|0|-0.9626|0.0036|-0.0958|-0.0564|0.0305||53.00|42|48.30|38
GME211217C00227500||||5.85|5.85|19|0.00|0.0000|-1|8|0|0|0.2231|0.0062|0.0151|-0.4503|0.1115||6.70|109|4.95|35
GME211217P00227500||||48.05|48.05|19|0.00|0.0000|17|60|0|0|-0.9206|0.0051|-0.0939|-0.1335|0.0553||55.10|51|50.55|45
GME211217C00230000|5.65|6.40|5.65|5.33|5.65|20|0.32|0.0600|-3|431|1|8|0.1233|0.0057|0.0088|-0.2290|0.0762||6.05|99|4.75|74
GME211217P00230000||||49.83|49.83|20|0.00|0.0000|-10|63|0|0|-0.8722|0.0057|-0.0918|-0.2378|0.0781||57.50|41|52.80|45
GME211217C00232500||||5.20|5.20|21|0.00|0.0000|3|80|0|0|0.2022|0.0058|0.0137|-0.4283|0.1053||5.85|70|4.40|65
GME211217P00232500||||53.30|53.30|21|0.00|0.0000|0|19|0|0|-0.9134|0.0049|-0.0957|-0.1593|0.0590||59.70|39|55.05|33
GME211217C00235000|5.70|5.70|5.70|4.79|5.70|22|0.91|0.1900|17|74|5|5|0.3692|0.0044|0.0670|-0.3230|0.2493||5.55|67|4.30|58
GME211217P00235000||||54.70|54.70|22|0.00|0.0000|43|60|0|0|-0.8652|0.0054|-0.0936|-0.2727|0.0811||62.05|51|57.35|39
GME211217C00240000||||4.70|4.70|23|0.00|0.0000|-4|308|0|0|0.0871|0.0044|0.0062|-0.1793|0.0593||5.05|72|4.00|68
GME211217P00240000||||65.23|65.23|23|0.00|0.0000|8|54|0|0|-0.9059|0.0045|-0.0985|-0.1943|0.0627||66.70|51|61.90|39
GME211217C00245000|4.75|4.75|4.75|4.10|4.75|24|0.65|0.1585|5|87|1|1|0.1626|0.0049|0.0110|-0.3863|0.0919||5.00|80|3.75|45
GME211217P00245000||||56.01|56.01|24|0.00|0.0000|-5|49|0|0|-0.9013|0.0043|-0.1004|-0.2181|0.0649||71.45|47|66.55|34
GME211217C00250000|4.46|4.75|3.80|4.00|3.81|25|-0.19|-0.0475|14|1169|1|25|0.0625|0.0033|0.0045|-0.1412|0.0459||4.35|66|3.50|95
GME211217P00250000||||73.53|73.53|25|0.00|0.0000|-1|56|0|0|-0.9332|0.0035|-0.1048|-0.1508|0.0484||76.20|47|71.20|41
GME211217C00255000|3.60|3.60|3.60|3.60|3.60|26|0.00|0.0000|-1|355|1|1|0.1418|0.0043|0.0096|-0.3666|0.0839||4.25|106|3.20|95
GME211217P00255000||||39.75|39.75|26|0.00|0.0000|0|5|0|0|-0.9991|0.0002|-0.1117|-0.0011|0.0012||80.95|24|75.90|20
GME211217C00260000|3.55|3.55|3.40|3.59|3.40|27|-0.19|-0.0529|30|516|1|2|0.0442|0.0025|0.0032|-0.1085|0.0349||3.85|76|3.10|77
GME211217P00260000|78.20|78.20|78.20|72.05|78.20|27|6.15|0.0854|0|21|1|1|-0.9523|0.0026|-0.1105|-0.1167|0.0371||85.80|27|80.65|20
GME211217C00270000|3.25|3.25|3.20|3.19|3.20|28|0.01|0.0031|18|541|1|2|0.0329|0.0019|0.0024|-0.0871|0.0274||3.40|74|2.86|8
GME211217P00270000||||65.35|65.35|28|0.00|0.0000|0|49|0|0|-0.9636|0.0021|-0.1157|-0.0958|0.0298||95.50|27|90.20|40
GME211217C00280000|3.29|3.29|3.29|2.55|3.29|29|0.74|0.2902|7|2032|1|1|0.0251|0.0015|0.0018|-0.0713|0.0219||3.15|93|2.52|40
GME211217P00280000||||91.00|91.00|29|0.00|0.0000|0|10|0|0|-0.9726|0.0016|-0.1208|-0.0769|0.0236||105.35|41|99.80|33
GME211217C00290000|2.60|2.60|2.60|2.43|2.60|30|0.17|0.0700|3|522|30|30|0.0191|0.0012|0.0014|-0.0578|0.0174||2.97|121|2.25|78
GME211217P00290000||||68.50|68.50|30|0.00|0.0000|0|25|0|0|-0.8411|0.0034|-0.3653|-0.1737|0.1600||115.15|28|109.50|41
GME211217C00300000|2.55|2.60|2.30|2.35|2.30|31|-0.05|-0.0213|199|5147|1|33|0.0143|0.0009|0.0010|-0.0457|0.0136||2.42|4|2.11|52
GME211217P00300000||||116.00|116.00|31|0.00|0.0000|0|20|0|0|-0.9839|0.0010|-0.1303|-0.0506|0.0150||125.00|12|119.25|10
GME211217C00310000||||2.21|2.21|32|0.00|0.0000|-1|369|0|0|0.0105|0.0007|0.0008|-0.0353|0.0104||2.51|91|1.88|93
GME211217P00310000||||102.75|102.75|32|0.00|0.0000|0|3|0|0|-0.9874|0.0008|-0.1350|-0.0415|0.0122||134.90|15|129.00|13
GME211217C00320000||||2.00|2.00|33|0.00|0.0000|4|407|0|0|0.1113|0.0026|0.0226|-0.1388|0.1253||2.51|124|1.80|36
GME211217P00320000||||96.00|96.00|33|0.00|0.0000|0|17|0|0|-0.9901|0.0006|-0.1396|-0.0340|0.0099||144.80|12|138.80|12
GME211217C00330000||||1.75|1.75|34|0.00|0.0000|28|213|0|0|0.0065|0.0004|0.0005|-0.0239|0.0068||2.51|123|1.68|20
GME211217P00330000||||159.50|159.50|34|0.00|0.0000|0|3|0|0|-0.8895|0.0025|-0.4297|-0.1428|0.1246||154.70|12|148.65|14
GME211217C00340000|2.00|2.00|2.00|1.53|2.00|35|0.47|0.3072|5|232|1|1|0.0053|0.0004|0.0004|-0.0203|0.0057||2.51|138|1.55|28
GME211217P00340000||||126.85|126.85|35|0.00|0.0000|0|7|0|0|-0.9939|0.0004|-0.1486|-0.0225|0.0065||164.65|21|158.55|15
GME211217C00350000|1.75|1.84|1.66|1.75|1.69|36|-0.06|-0.0343|13|990|1|29|0.0043|0.0003|0.0003|-0.0174|0.0048||1.85|47|1.50|1
GME211217P00350000||||133.85|133.85|36|0.00|0.0000|0|4|0|0|-0.8945|0.0022|-0.4858|-0.1388|0.1241||174.40|13|168.40|13
GME211217C00360000|1.50|1.50|1.50|1.58|1.50|37|-0.08|-0.0506|0|308|3|3|0.0869|0.0020|0.0176|-0.1252|0.1045||1.80|56|1.28|99
GME211217P00360000||||||37|||0|0|0|0|-0.8992|0.0021|-0.5013|-0.1369|0.1200||184.30|13|178.30|14
GME211217C00370000||||1.97|1.97|38|0.00|0.0000|0|447|0|0|0.0033|0.0002|0.0002|-0.0141|0.0037||1.77|119|1.23|86
GME211217P00370000||||172.65|172.65|38|0.00|0.0000|0|3|0|0|-0.9962|0.0002|-0.1619|-0.0150|0.0042||194.30|6|188.25|17
GME211217C00380000||||1.36|1.36|39|0.00|0.0000|1|169|0|0|0.0028|0.0002|0.0002|-0.0126|0.0032||1.77|143|1.20|14
GME211217P00380000||||165.60|165.60|39|0.00|0.0000|0|17|0|0|-0.9969|0.0002|-0.1663|-0.0128|0.0036||204.25|12|198.15|12
GME211217C00390000||||1.38|1.38|40|0.00|0.0000|0|192|0|0|0.0852|0.0018|0.0180|-0.1271|0.1060||1.77|103|1.10|17
GME211217P00390000||||||40|||0|0|0|0|-0.9115|0.0018|-0.5476|-0.1310|0.1090||214.15|13|207.40|3
GME211217C00400000|1.20|1.39|1.20|1.29|1.38|41|0.09|0.0698|16|1166|1|3|0.0717|0.0016|0.0144|-0.1158|0.0903||1.55|104|1.20|3
GME211217P00400000||||198.90|198.90|41|0.00|0.0000|0|3|0|0|-0.9975|0.0002|-0.1751|-0.0107|0.0029||224.05|12|218.00|12
GME211217C00410000||||1.22|1.22|42|0.00|0.0000|1|204|0|0|0.0749|0.0016|0.0158|-0.1175|0.0962||1.44|99|0.91|96
GME211217P00410000||||190.90|190.90|42|0.00|0.0000|0|3|0|0|-0.9978|0.0001|-0.1796|-0.0095|0.0026||233.90|12|228.00|12
GME211217C00420000|1.37|1.37|1.37|1.16|1.37|43|0.21|0.1810|-1|539|1|1|0.0648|0.0015|0.0130|-0.1098|0.0836||1.35|54|0.91|72
GME211217P00420000||||189.85|189.85|43|0.00|0.0000|0|16|0|0|-0.9987|0.0001|-0.1840|-0.0053|0.0016||243.85|12|237.95|13
GME211217C00430000||||1.08|1.08|44|0.00|0.0000|0|208|0|0|0.0013|0.0001|0.0001|-0.0066|0.0016||1.35|42|0.85|38
GME211217P00430000||||244.20|244.20|44|0.00|0.0000|0|0|0|0|-0.9988|0.0001|-0.1884|-0.0045|0.0015||253.80|6|247.00|10
GME211217C00440000||||1.15|1.15|45|0.00|0.0000|4|472|0|0|0.0011|0.0001|0.0001|-0.0059|0.0014||1.35|78|0.81|46
GME211217P00440000||||||45|||0|0|0|0|-0.9449|0.0013|-0.5915|-0.0959|0.0736||263.70|6|256.95|20
GME211217C00450000|1.03|1.03|1.03|1.02|1.03|46|0.01|0.0098|5|684|1|1|0.0622|0.0013|0.0131|-0.1063|0.0833||1.35|105|0.77|43
GME211217P00450000||||||46|||0|0|0|0|-0.9465|0.0012|-0.6056|-0.0950|0.0719||273.60|6|266.95|10
GME211217C00460000|1.11|1.11|1.11|1.02|1.11|47|0.09|0.0882|-133|1136|1|1|0.0009|0.0001|0.0001|-0.0048|0.0011||1.34|57|0.72|42
GME211217P00460000||||261.60|261.60|47|0.00|0.0000|0|5|0|0|-0.9993|0.0001|-0.2016|-0.0025|0.0010||283.55|12|276.90|10
GME211217C00470000|0.90|0.90|0.90|0.84|0.90|48|0.06|0.0714|0|189|2|2|0.0277|0.0008|0.0018|-0.1606|0.0238||1.15|48|0.67|27
GME211217P00470000||||||48||||0|0|0|-1.0000|0.0000|-0.2060|0.0016|0.0000||293.45|12|286.90|10
GME211217C00480000|0.82|0.82|0.82|0.67|0.82|49|0.15|0.2239|7|224|1|1|0.0228|0.0007|0.0015|-0.1345|0.0202||1.05|50|0.62|25
GME211217P00480000||||264.21|264.21|49|0.00|0.0000|0|7|0|0|-0.9775|0.0007|-0.2089|-0.1311|0.0200||303.40|12|296.80|1
GME211217C00490000||||0.86|0.86|50|0.00|0.0000|1|97|0|0|0.0274|0.0008|0.0018|-0.1651|0.0236||0.98|14|0.55|33
GME211217P00490000||||274.04|274.04|50|0.00|0.0000|0|7|0|0|-0.7987|0.0019|-0.6761|-0.3829|0.1912||313.35|12|306.80|3
GME211217C00500000|0.90|0.90|0.88|0.80|0.88|51|0.08|0.1000|-5|2488|1|2|0.0255|0.0007|0.0017|-0.1564|0.0222||0.97|29|0.65|1
GME211217P00500000||||290.05|290.05|51|0.00|0.0000|0|7|0|0|-0.9753|0.0007|-0.2175|-0.1494|0.0216||323.30|6|316.80|3
GME211217C00510000|0.72|0.96|0.68|0.72|0.70|52|-0.02|-0.0278|101|1366|1|64|0.1995|0.0019|0.0327|-0.4157|0.1847||0.79|5|0.65|1
GME211217P00510000||||277.97|277.97|52|0.00|0.0000|0|0|0|0|-0.9932|0.0003|-0.2231|-0.0401|0.0071||333.20|6|326.80|3
GME211223C00100000||||80.77|80.77|13|0.00|0.0000|-2|14|0|0|0.9894|0.0006|0.0590|-0.0306|0.0122||84.00|12|78.80|12
GME211223P00100000||||0.80|0.80|13|0.00|0.0000|7|116|0|0|-0.0263|0.0010|-0.0032|-0.0806|0.0267||1.00|10|0.30|13
GME211223C00110000||||||12||||0|0|0|1.0000|0.0000|0.0663|-0.0004|0.0000||74.35|12|69.10|12
GME211223P00110000||||1.69|1.69|12|0.00|0.0000|6|28|0|0|-0.1221|0.0021|-0.0474|-0.1658|0.1453||1.70|32|0.75|27
GME211223C00120000||||103.35|103.35|11|0.00|0.0000|0|1|0|0|0.8258|0.0012|0.0279|-1.2821|0.1126||64.85|13|59.65|15
GME211223P00120000||||1.15|1.15|11|0.00|0.0000|0|25|0|0|-0.0463|0.0021|-0.0056|-0.1006|0.0425||2.82|40|0.69|34
GME211223C00130000||||||10||||0|0|0|1.0000|0.0000|0.0784|-0.0005|0.0000||55.70|13|50.50|14
GME211223P00130000||||2.33|2.33|10|0.00|0.0000|4|72|0|0|-0.0872|0.0034|-0.0106|-0.1659|0.0695||3.70|65|2.00|29
GME211223C00140000||||||9||||0|0|0|1.0000|0.0000|0.0844|-0.0005|0.0000||46.85|12|41.90|10
GME211223P00140000||||3.90|3.90|9|0.00|0.0000|11|40|0|0|-0.1388|0.0049|-0.0171|-0.2274|0.0970||4.95|37|3.10|132
GME211223C00145000||||||8|||||0|0|1.0000|0.0000|0.0874|-0.0005|0.0000||48.00|38|38.05|13
GME211223P00145000||||||8|||||0|0|0.0000|0.0000|0.0000|0.0000|0.0000||7.10|55|3.00|47
GME211223C00150000||||55.90|55.90|7|0.00|0.0000|0|4|0|0|0.7224|0.0032|0.0450|-0.8100|0.1469||39.00|18|34.00|15
GME211223P00150000|4.80|4.80|4.10|6.45|4.10|7|-2.35|-0.3643|82|206|12|52|-0.2092|0.0063|-0.0262|-0.2979|0.1260||7.25|65|4.55|82
GME211223C00155000||||57.05|57.05|6|0.00|0.0000|0|10|0|0|0.7064|0.0030|0.0426|-0.9126|0.1509||35.45|15|30.45|8
GME211223P00155000|8.65|8.65|8.65|3.81|8.65|6|4.84|1.2703|0|111|2|2|-0.1880|0.0085|-0.0224|-0.1938|0.1181||9.00|57|5.80|33
GME211223C00160000||||53.80|53.80|5|0.00|0.0000|0|12|0|0|0.6882|0.0031|0.0426|-0.9153|0.1550||31.45|23|27.00|28
GME211223P00160000|10.28|10.28|8.10|9.59|8.10|5|-1.49|-0.1554|14|61|1|3|-0.2881|0.0076|-0.0366|-0.3499|0.1495||10.70|60|7.50|17
GME211223C00165000||||||4||||0|0|0|1.0000|0.0000|0.0994|-0.0006|0.0000||28.40|23|23.90|30
GME211223P00165000||||11.60|11.60|4|0.00|0.0000|12|21|0|0|-0.3457|0.0051|-0.1273|-0.2376|0.2578||12.90|43|10.00|3
GME211223C00170000||||25.94|25.94|3|0.00|0.0000|11|15|0|0|0.6229|0.0073|0.0521|-0.4510|0.1665||25.60|28|21.15|16
GME211223P00170000||||14.35|14.35|3|0.00|0.0000|2|33|0|0|-0.3722|0.0051|-0.1400|-0.2519|0.2645||15.20|42|11.40|12
GME211223C00175000||||19.00|19.00|2|0.00|0.0000|1|3|0|0|0.5799|0.0095|0.0515|-0.3656|0.1713||23.10|24|18.70|31
GME211223P00175000|13.64|13.95|13.50|16.30|13.95|2|-2.35|-0.1442|30|54|25|28|-0.4185|0.0086|-0.0548|-0.4049|0.1712||17.95|69|13.75|45
