symbol|open|high|low|preClose|close|activeLevel|change|changeRatio|openIntChange|openInterest|latestPriceVol|volume|delta|gamma|rho|theta|vega|tradeStamptradeTime|ask|avol|bid|bvol
GME211203C00100000|83.51|83.51|83.51|82.00|83.51|13|1.51|0.0184|0|10|1|1|0.9382|0.0015|0.0047|-2.4850|0.0163||83.20|12|79.50|12
GME211203P00100000|0.08|0.09|0.02|0.08|0.09|13|0.01|0.1250|146|513|1|117|-0.0053|0.0003|-0.0001|-0.1679|0.0020||0.09|8|0.05|2
GME211203C00110000||||135.99|135.99|12|0.00|0.0000|0|1|0|0|0.9619|0.0001|0.0084|-0.6219|0.0489||73.25|12|69.25|12
GME211203P00110000|0.09|0.25|0.07|0.17|0.17|12|0.00|0.0000|15|172|2|50|-0.0077|0.0005|-0.0001|-0.2061|0.0028||0.17|1|0.06|41
GME211203C00120000||||||11||||0|0|0|1.0000|0.0000|0.0066|-0.0004|0.0000||63.40|10|59.30|12
GME211203P00120000|0.29|0.30|0.10|0.25|0.23|11|-0.02|-0.0800|148|381|10|365|-0.0136|0.0010|-0.0001|-0.3052|0.0047||0.22|1|0.21|10
GME211203C00130000||||65.44|65.44|10|0.00|0.0000|0|1|0|0|0.8070|0.0027|0.0044|-6.9999|0.0367||53.75|23|49.70|13
GME211203P00130000|0.16|0.50|0.16|0.40|0.30|10|-0.10|-0.2500|26|976|2|99|-0.0224|0.0017|-0.0002|-0.4154|0.0071||0.35|11|0.23|33
GME211203C00140000||||55.33|55.33|9|0.00|0.0000|0|6|0|0|0.7792|0.0034|0.0047|-6.5572|0.0397||44.00|20|39.50|12
GME211203P00140000|0.69|0.77|0.28|0.50|0.45|9|-0.05|-0.1000|57|1151|1|348|-0.2349|0.0027|-0.0689|-0.4437|0.1816||0.47|2|0.33|18
GME211203C00150000||||44.80|44.80|8|0.00|0.0000|0|6|0|0|0.7465|0.0043|0.0049|-5.9177|0.0429||34.30|21|29.85|14
GME211203P00150000|1.85|1.85|0.42|0.94|0.57|8|-0.37|-0.3936|17|1198|1|843|-0.0628|0.0054|-0.0007|-0.7119|0.0165||0.64|1|0.50|30
GME211203C00155000||||27.75|27.75|7|0.00|0.0000|0|5|0|0|0.8676|0.0080|0.0071|-1.4362|0.0287||29.50|21|24.85|15
GME211203P00155000|0.73|1.61|0.50|1.30|0.84|7|-0.46|-0.3538|34|992|1|162|-0.0609|0.0065|-0.0006|-0.5628|0.0161||0.80|1|0.67|10
GME211203C00160000|20.00|23.00|20.00|28.80|23.00|6|-5.80|-0.2014|0|115|3|42|0.9342|0.0085|0.0081|-0.4850|0.0171||24.85|35|20.40|66
GME211203P00160000|1.00|2.35|0.72|1.85|0.97|6|-0.88|-0.4757|14|440|1|816|-0.3098|0.0042|-0.0833|-0.3794|0.2085||1.32|1|0.91|13
GME211203C00165000||||32.50|32.50|5|0.00|0.0000|-1|31|0|0|0.6692|0.0058|0.0048|-5.7093|0.0485||20.15|41|15.65|16
GME211203P00165000|1.61|3.55|0.94|2.60|1.40|5|-1.20|-0.4615|467|783|5|1601|-0.1473|0.0139|-0.0015|-0.9554|0.0308||1.50|1|1.26|39
GME211203C00170000|11.23|13.59|8.50|13.25|13.35|4|0.10|0.0075|10|50|1|49|0.7672|0.0186|0.0069|-1.2550|0.0409||15.25|67|11.55|80
GME211203P00170000|2.31|5.10|1.45|3.72|1.96|4|-1.76|-0.4731|275|934|1|2101|-0.2239|0.0191|-0.0023|-1.1700|0.0400||2.27|10|1.98|10
GME211203C00175000|9.64|10.53|6.00|9.70|10.00|3|0.30|0.0309|29|117|1|44|0.6877|0.0268|0.0063|-1.1705|0.0474||10.00|28|8.25|66
GME211203P00175000|1.95|7.25|1.95|4.95|3.06|3|-1.89|-0.3818|181|483|5|1347|-0.3220|0.0253|-0.0034|-1.2688|0.0480||3.45|5|3.00|14
GME211203C00177500|10.10|10.10|4.70|7.55|8.24|2|0.69|0.0914|4|7|1|54|0.6259|0.0322|0.0058|-1.1143|0.0507||8.05|10|6.80|12
GME211203P00177500|4.40|8.60|2.87|5.85|4.00|2|-1.85|-0.3162|136|199|1|977|-0.4081|0.0060|-0.1044|-0.3236|0.2296||4.15|2|3.60|58
GME211203C00180000|8.54|11.00|3.20|7.10|5.80|1|-1.30|-0.1831|57|733|1|902|0.5410|0.0288|0.0050|-1.3692|0.0531||6.50|29|5.50|22
GME211203P00180000|5.50|10.10|3.35|6.98|4.90|1|-2.08|-0.2980|493|1768|1|1771|-0.4281|0.0065|-0.1078|-0.3029|0.2320||5.05|1|4.65|2
GME211203C00182500|7.88|8.47|3.11|6.70|4.95|1|-1.75|-0.2612|74|85|1|136|0.4735|0.0276|0.0044|-1.4338|0.0533||5.00|25|4.30|3
GME211203P00182500|5.90|11.00|4.40|8.00|6.00|1|-2.00|-0.2500|98|297|4|201|-0.5210|0.0244|-0.0056|-1.6280|0.0533||6.50|18|5.50|65
GME211203C00185000|4.90|7.95|2.08|4.90|3.59|2|-1.31|-0.2673|313|481|1|1906|0.4030|0.0270|0.0038|-1.3890|0.0518||3.90|61|3.15|82
GME211203P00185000|6.43|14.03|5.35|9.80|7.61|2|-2.19|-0.2235|77|588|1|928|-0.5636|0.0206|-0.0061|-1.8782|0.0527||8.25|32|6.80|43
GME211203C00187500|3.85|6.50|1.83|3.95|2.60|3|-1.35|-0.3418|713|730|5|590|0.3472|0.0247|0.0033|-1.3802|0.0495||3.05|80|2.35|60
GME211203P00187500|7.91|15.14|7.00|10.70|8.87|3|-1.83|-0.1710|113|475|5|70|-0.6314|0.0222|-0.0068|-1.5998|0.0505||10.15|17|8.65|4
GME211203C00190000|3.95|5.18|1.40|3.70|2.00|4|-1.70|-0.4595|634|778|2|1541|0.2743|0.0239|0.0026|-1.1598|0.0446||2.12|4|1.76|58
GME211203P00190000|11.24|18.00|8.00|12.00|10.62|4|-1.38|-0.1150|-109|833|28|411|-0.4882|0.0064|-0.1266|-0.3183|0.2357||12.10|35|10.35|27
GME211203C00192500|2.95|4.25|1.14|2.96|1.56|5|-1.40|-0.4730|434|502|1|541|0.2181|0.0214|0.0021|-1.0149|0.0395||1.70|39|1.35|25
GME211203P00192500|11.75|16.88|11.63|14.20|12.49|5|-1.71|-0.1204|-101|273|30|94|-0.7570|0.0205|-0.0083|-1.1939|0.0419||14.40|20|12.10|17
GME211203C00195000|2.37|3.40|0.92|2.40|1.19|6|-1.21|-0.5042|397|597|1|592|0.1835|0.0184|0.0017|-0.9596|0.0356||1.55|107|1.03|69
GME211203P00195000|14.00|21.77|12.00|16.71|14.90|6|-1.81|-0.1083|-61|626|2|195|-0.8464|0.0184|-0.0092|-0.7626|0.0317||16.65|36|13.75|59
GME211203C00197500|2.55|2.85|0.71|2.04|1.03|7|-1.01|-0.4951|386|490|1|526|0.1555|0.0159|0.0015|-0.8991|0.0320||1.11|42|0.88|19
GME211203P00197500|23.22|23.22|17.43|18.95|17.43|7|-1.52|-0.0802|38|202|1|20|-0.8753|0.0154|-0.0096|-0.6861|0.0275||18.75|13|16.25|15
GME211203C00200000|1.75|2.33|0.57|1.69|0.71|8|-0.98|-0.5799|381|1051|1|2707|0.4637|0.0060|0.0692|-0.3376|0.2349||0.85|10|0.74|18
GME211203P00200000|17.55|26.85|16.00|22.15|20.35|8|-1.80|-0.0813|-71|998|20|359|-0.8947|0.0129|-0.0100|-0.6411|0.0244||21.25|30|18.25|55
GME211203C00202500|2.00|2.00|0.50|1.48|0.69|9|-0.79|-0.5338|35|281|1|494|0.1154|0.0118|0.0011|-0.7996|0.0261||0.77|38|0.61|26
GME211203P00202500|20.05|22.46|20.05|21.91|22.46|9|0.55|0.0251|-27|184|20|44|-0.4592|0.0037|-0.1485|-0.5411|0.2346||23.65|32|20.55|60
GME211203C00205000|1.17|1.68|0.48|1.34|0.64|10|-0.70|-0.5224|206|834|1|667|0.1007|0.0103|0.0010|-0.7530|0.0236||0.72|37|0.58|20
GME211203P00205000|22.06|31.10|22.06|28.45|24.90|10|-3.55|-0.1248|-4|484|2|170|-0.9263|0.0092|-0.0105|-0.5305|0.0187||26.15|16|23.05|40
GME211203C00207500|1.29|1.35|0.46|1.10|0.57|11|-0.53|-0.4818|-5|400|33|238|0.0905|0.0091|0.0009|-0.7299|0.0218||0.65|34|0.50|25
GME211203P00207500|23.40|31.50|23.40|20.90|25.68|11|4.78|0.2287|-2|35|1|4|-0.7012|0.0089|-0.0088|-3.3912|0.0465||28.65|15|24.80|45
GME211203C00210000|1.01|1.24|0.40|1.11|0.50|12|-0.61|-0.5495|79|939|1|757|0.0817|0.0081|0.0008|-0.7058|0.0202||0.58|18|0.50|5
GME211203P00210000|28.16|35.15|27.06|30.40|29.33|12|-1.07|-0.0352|1|385|15|49|-0.8426|0.0096|-0.0101|-1.5118|0.0322||31.10|36|27.30|84
GME211203C00212500|0.95|1.05|0.38|0.92|0.44|13|-0.48|-0.5217|119|297|1|277|0.4631|0.0046|0.0642|-0.4447|0.2348||0.55|24|0.45|8
GME211203P00212500|33.40|33.40|33.40|34.12|33.40|13|-0.72|-0.0211|-1|67|2|2|-0.8854|0.0084|-0.0106|-1.1146|0.0259||33.60|15|29.80|47
GME211203C00215000|0.81|1.00|0.36|0.87|0.51|14|-0.36|-0.4138|21|792|1|243|0.0677|0.0065|0.0006|-0.6600|0.0175||0.50|3|0.40|12
GME211203P00215000|31.50|35.35|31.50|34.35|31.97|14|-2.38|-0.0693|-1|226|1|26|-0.8032|0.0084|-0.0100|-2.2948|0.0371||36.05|16|32.30|55
GME211203C00217500|0.70|0.70|0.38|0.71|0.44|15|-0.27|-0.3803|-7|183|1|21|0.0598|0.0058|0.0006|-0.6138|0.0159||0.50|16|0.38|11
GME211203P00217500|38.35|38.35|38.35|30.09|38.35|15|8.26|0.2745|0|74|2|2|-0.8688|0.0076|-0.0107|-1.4826|0.0285||38.55|12|34.60|61
GME211203C00220000|0.77|0.81|0.35|0.77|0.42|16|-0.35|-0.4545|-11|1378|1|428|0.0566|0.0053|0.0005|-0.6123|0.0152||0.43|1|0.35|12
GME211203P00220000|35.30|44.52|35.30|40.00|40.13|16|0.13|0.0033|1|213|1|18|-0.8672|0.0072|-0.0108|-1.5898|0.0288||41.00|13|37.10|68
GME211203C00222500|0.66|0.73|0.32|0.57|0.38|17|-0.19|-0.3333|-15|181|1|26|0.4590|0.0040|0.0612|-0.5051|0.2346||0.42|1|0.35|25
GME211203P00222500|47.10|47.10|45.85|34.99|45.85|17|10.86|0.3104|0|51|2|6|-0.7950|0.0071|-0.0104|-2.8476|0.0380||43.50|13|39.60|34
GME211203C00225000|0.71|0.72|0.32|0.71|0.41|18|-0.30|-0.4225|-80|656|1|146|0.0507|0.0045|0.0005|-0.6049|0.0140||0.41|1|0.32|6
GME211203P00225000||||45.20|45.20|18|0.00|0.0000|-3|125|0|0|-0.9090|0.0059|-0.0115|-1.1438|0.0219||45.95|12|41.65|31
GME211203C00227500|0.50|0.70|0.46|0.77|0.50|19|-0.27|-0.3506|3|97|2|27|0.0564|0.0045|0.0005|-0.7098|0.0152||0.35|1|0.28|16
GME211203P00227500|53.85|53.85|45.47|33.03|45.48|19|12.45|0.3769|0|26|1|5|-0.9001|0.0058|-0.0115|-1.3284|0.0235||48.45|12|44.10|28
GME211203C00230000|0.54|0.63|0.27|0.62|0.30|20|-0.32|-0.5161|192|927|3|306|0.0443|0.0038|0.0004|-0.5748|0.0125||0.36|1|0.28|6
GME211203P00230000|47.50|56.35|46.57|45.00|49.84|20|4.84|0.1076|-3|67|1|8|-0.9317|0.0048|-0.0120|-0.9128|0.0177||50.95|12|46.60|29
GME211203C00232500|0.48|0.48|0.32|0.57|0.32|21|-0.25|-0.4386|-8|93|10|19|0.0388|0.0034|0.0004|-0.5208|0.0113||0.36|23|0.26|8
GME211203P00232500|49.07|52.32|49.07|46.88|52.32|21|5.44|0.1160|-1|34|1|2|-0.9339|0.0045|-0.0121|-0.9182|0.0172||53.45|12|49.10|28
GME211203C00235000|0.33|0.60|0.23|0.54|0.26|22|-0.28|-0.5185|-1|331|1|129|0.0326|0.0029|0.0003|-0.4516|0.0098||0.33|9|0.24|7
GME211203P00235000|51.57|61.30|50.00|54.89|53.72|22|-1.17|-0.0213|-6|371|1|58|-0.9233|0.0046|-0.0122|-1.1232|0.0193||55.95|22|51.60|56
GME211203C00237500|0.42|0.42|0.25|0.52|0.25|23|-0.27|-0.5192|0|115|11|23|0.0308|0.0027|0.0003|-0.4421|0.0093||0.32|18|0.21|20
GME211203P00237500|54.06|63.79|52.54|57.38|56.22|23|-1.16|-0.0202|-6|284|1|47|-0.9250|0.0044|-0.0123|-1.1391|0.0190||58.45|13|54.10|12
GME211203C00240000|0.50|0.60|0.23|0.50|0.25|24|-0.25|-0.5000|1|592|1|239|0.0291|0.0026|0.0003|-0.4319|0.0089||0.30|8|0.22|7
GME211203P00240000|54.95|66.50|54.95|57.50|60.48|24|2.98|0.0518|-1|101|1|10|-0.9083|0.0046|-0.0123|-1.4712|0.0221||60.80|15|56.60|52
GME211203C00245000|0.47|0.47|0.19|0.44|0.23|25|-0.21|-0.4773|-31|414|2|275|0.0285|0.0024|0.0003|-0.4520|0.0087||0.28|19|0.18|10
GME211203P00245000|60.55|60.55|60.55|62.45|60.55|25|-1.90|-0.0304|-1|68|1|1|-0.6034|0.0038|-0.2079|-0.4998|0.2279||65.80|13|61.60|12
GME211203C00250000|0.25|0.45|0.17|0.41|0.20|26|-0.21|-0.5122|-50|3342|1|1785|0.0255|0.0021|0.0002|-0.4287|0.0080||0.23|3|0.16|11
GME211203P00250000|71.49|74.50|67.82|65.43|70.43|26|5.00|0.0764|-9|123|1|7|-0.9166|0.0039|-0.0129|-1.5056|0.0205||70.80|13|66.60|12
GME211203C00260000|0.23|0.34|0.13|0.37|0.19|27|-0.18|-0.4865|10|714|16|254|0.0203|0.0016|0.0002|-0.3768|0.0066||0.16|2|0.12|11
GME211203P00260000||||75.00|75.00|27|0.00|0.0000|-1|6|0|0|-0.9700|0.0020|-0.0140|-0.5645|0.0091||80.80|12|76.75|12
GME211203C00270000|0.22|0.34|0.14|0.26|0.14|28|-0.12|-0.4615|-1|587|10|291|0.0150|0.0012|0.0001|-0.3047|0.0051||0.16|8|0.10|8
GME211203P00270000|85.99|86.50|85.99|90.50|86.50|28|-4.00|-0.0442|4|21|2|4|-0.9807|0.0014|-0.0146|-0.3935|0.0063||90.80|12|86.75|12
GME211203C00280000|0.22|0.30|0.10|0.25|0.11|29|-0.14|-0.5600|-8|572|1|84|0.0117|0.0009|0.0001|-0.2567|0.0041||0.12|6|0.10|2
GME211203P00280000||||95.00|95.00|29|0.00|0.0000|-3|10|0|0|-0.9733|0.0016|-0.0151|-0.5970|0.0083||101.00|12|96.75|10
GME211203C00290000|0.27|0.27|0.08|0.25|0.08|30|-0.17|-0.6800|200|502|1|26|0.0095|0.0007|0.0001|-0.2231|0.0034||0.10|4|0.06|12
GME211203P00290000||||||30||||0|0|0|-1.0000|0.0000|-0.3098|0.0009|0.0000||111.00|12|106.80|12
GME211203C00300000|0.17|0.22|0.06|0.17|0.08|31|-0.09|-0.5294|16|2195|1|439|0.0074|0.0006|0.0001|-0.1846|0.0027||0.10|7|0.08|10
GME211203P00300000||||111.10|111.10|31|0.00|0.0000|-1|2|0|0|-0.9928|0.0006|-0.0164|-0.1785|0.0027||120.90|12|116.80|10
GME211203C00310000|0.11|0.13|0.09|0.20|0.09|32|-0.11|-0.5500|-10|344|1|4|0.0085|0.0006|0.0001|-0.2256|0.0031||0.06|1|0.04|14
GME211203P00310000||||71.90|71.90|32|0.00|0.0000|0|4|0|0|-0.8678|0.0029|-0.3101|-0.2015|0.1265||130.95|13|126.85|12
GME211203C00320000|0.10|0.12|0.04|0.17|0.04|33|-0.13|-0.7647|100|389|1|6|0.0043|0.0003|0.0000|-0.1192|0.0017||0.07|2|0.03|14
GME211203P00320000||||||33||||0|0|0|-1.0000|0.0000|-0.0175|0.0010|0.0000||140.80|12|136.85|12
GME211203C00330000|0.08|0.08|0.03|0.11|0.03|34|-0.08|-0.7273|68|348|9|29|0.0032|0.0003|0.0000|-0.0936|0.0013||0.06|1|0.02|14
GME211203P00330000||||127.27|127.27|34|0.00|0.0000|0|2|0|0|-0.9968|0.0003|-0.0181|-0.0909|0.0013||150.80|11|146.85|12
GME211203C00340000|0.08|0.08|0.07|0.11|0.07|35|-0.04|-0.3636|21|135|1|3|0.0061|0.0004|0.0001|-0.1883|0.0023||0.06|1|0.02|14
GME211203P00340000||||134.20|134.20|35|0.00|0.0000|0|1|0|0|-0.9989|0.0001|-0.0186|-0.0312|0.0005||160.75|12|156.85|10
GME211203C00350000|0.09|0.09|0.03|0.10|0.04|36|-0.06|-0.6000|226|1237|1|33|0.0038|0.0003|0.0000|-0.1200|0.0015||0.05|2|0.04|1
GME211203P00350000||||136.35|136.35|36|0.00|0.0000|0|3|0|0|-0.9988|0.0001|-0.0192|-0.0381|0.0006||170.80|11|166.85|12
GME211203C00360000||||0.09|0.09|37|0.00|0.0000|-2|159|0|0|0.0070|0.0004|0.0001|-0.2352|0.0026||0.07|8|0.01|4
GME211203P00360000||||||37||||0|0|0|-1.0000|0.0000|-0.0197|0.0011|0.0000||180.80|12|176.85|12
GME211203C00370000|0.02|0.02|0.02|0.05|0.02|38|-0.03|-0.6000|-2|88|1|1|0.0020|0.0001|0.0000|-0.0683|0.0008||0.23|22|0.01|16
GME211203P00370000||||136.05|136.05|38|0.00|0.0000|0|1|0|0|-0.9998|0.0000|-0.0203|-0.0057|0.0001||190.85|12|186.85|12
GME211203C00380000|0.06|0.06|0.04|0.10|0.04|39|-0.06|-0.6000|15|101|1|2|0.0034|0.0002|0.0000|-0.1222|0.0014||0.12|14|0.01|1
GME211203P00380000||||170.35|170.35|39|0.00|0.0000|0|0|0|0|-0.9978|0.0002|-0.0208|-0.0786|0.0009||200.80|12|196.85|12
GME211203C00390000|0.02|0.02|0.02|0.09|0.02|40|-0.07|-0.7778|9|91|2|2|0.0019|0.0001|0.0000|-0.0687|0.0008||0.04|1|0.03|3
GME211203P00390000||||||40||||0|0|0|-1.0000|0.0000|-0.0214|0.0012|0.0000||210.95|12|206.85|10
GME211203C00400000|0.04|0.06|0.01|0.07|0.01|41|-0.06|-0.8571|-34|2449|1|47|0.0010|0.0001|0.0000|-0.0388|0.0005||0.03|1|0.01|11
GME211203P00400000||||215.38|215.38|41|0.00|0.0000|-10|0|0|0|-0.9999|0.0000|-0.0219|-0.0011|0.0000||220.80|12|216.85|12
GME211203C00410000|0.05|0.05|0.02|0.05|0.03|42|-0.02|-0.4000|-2|1055|5|43|0.0025|0.0002|0.0000|-0.0982|0.0010||0.04|1|0.01|1
GME211203P00410000||||||42||||0|0|0|-1.0000|0.0000|-0.4380|0.0013|0.0000||230.95|12|226.85|10
GME211203C00420000|0.04|0.04|0.01|0.05|0.01|43|-0.04|-0.8000|7|231|9|14|0.0009|0.0001|0.0000|-0.0368|0.0004||0.06|1|0.01|1
GME211203P00420000||||||43||||0|0|0|-1.0000|0.0000|-0.0230|0.0013|0.0000||240.95|12|236.85|12
GME211203C00430000||||0.03|0.03|44|0.00|0.0000|21|70|0|0|0.0024|0.0001|0.0000|-0.0976|0.0010||0.20|27|0.01|6
GME211203P00430000||||||44||||0|0|0|-1.0000|0.0000|-0.0236|0.0013|0.0000||250.95|4|246.85|10
GME211203C00440000|0.08|0.08|0.08|0.05|0.08|45|0.03|0.6000|1|70|1|1|0.0052|0.0003|0.0000|-0.2208|0.0020||0.04|1|0.01|11
GME211203P00440000||||||45||||0|0|0|-1.0000|0.0000|-0.0241|0.0014|0.0000||260.95|4|256.85|12
GME211203C00450000|0.02|0.02|0.01|0.03|0.01|46|-0.02|-0.6667|5|483|9|15|0.0009|0.0001|0.0000|-0.0380|0.0004||0.11|1|0.01|15
GME211203P00450000||||||46||||0|0|0|-1.0000|0.0000|-0.0247|0.0014|0.0000||270.95|4|266.90|12
GME211203C00460000|0.11|0.11|0.01|0.02|0.01|47|-0.01|-0.5000|-1|59|1|7|0.0009|0.0001|0.0000|-0.0404|0.0004||0.05|1|0.01|1
GME211203P00460000||||||47||||0|0|0|-1.0000|0.0000|-0.0252|0.0014|0.0000||280.95|4|276.90|10
GME211203C00470000|0.01|0.01|0.01|0.07|0.01|48|-0.06|-0.8571|-57|191|9|9|0.0009|0.0001|0.0000|-0.0404|0.0004||0.05|1|0.01|1
GME211203P00470000||||||48||||0|0|0|-1.0000|0.0000|-0.0258|0.0014|0.0000||290.95|4|286.90|12
GME211203C00480000|0.05|0.06|0.05|0.04|0.06|49|0.02|0.5000|1|91|1|2|0.0038|0.0002|0.0000|-0.1779|0.0015||0.17|2|0.00|0
GME211203P00480000||||||49||||0|0|0|-1.0000|0.0000|-0.5128|0.0015|0.0000||300.95|4|296.90|12
GME211203C00490000||||0.06|0.06|50|0.00|0.0000|16|250|0|0|0.0038|0.0002|0.0000|-0.1775|0.0015||0.03|2|0.01|1
GME211203P00490000||||||50||||0|0|0|-1.0000|0.0000|-0.5235|0.0015|0.0000||311.25|12|306.90|12
GME211203C00500000|0.05|0.05|0.01|0.05|0.03|51|-0.02|-0.4000|1|1370|1|22|0.0021|0.0001|0.0000|-0.1001|0.0009||0.03|4|0.01|4
GME211203P00500000||||||51||||0|0|0|-1.0000|0.0000|-0.0274|0.0015|0.0000||320.95|12|316.90|10
GME211203C00510000|0.04|0.10|0.01|0.05|0.01|52|-0.04|-0.8000|217|5698|1|583|0.0008|0.0000|0.0000|-0.0395|0.0004||0.02|17|0.01|10
GME211203P00510000||||||52||||0|0|0|-1.0000|0.0000|-0.0279|0.0016|0.0000||330.95|12|326.90|10
GME211210C00100000||||86.01|86.01|14|0.00|0.0000|0|1|0|0|0.8638|0.0010|0.0560|-0.5313|0.1402||83.30|6|79.65|4
GME211210P00100000|0.57|0.79|0.34|0.57|0.47|14|-0.10|-0.1754|65|210|7|86|-0.0194|0.0008|-0.0010|-0.1469|0.0134||0.59|11|0.38|22
GME211210C00110000||||76.13|76.13|13|0.00|0.0000|0|2|0|0|0.8986|0.0020|0.0213|-0.8585|0.0504||73.55|5|70.05|4
GME211210P00110000|0.85|0.85|0.64|0.71|0.68|13|-0.03|-0.0423|50|206|10|20|-0.0280|0.0013|-0.0014|-0.1813|0.0182||0.83|15|0.44|120
GME211210C00120000||||76.03|76.03|12|0.00|0.0000|0|1|0|0|0.8297|0.0021|0.0182|-1.6753|0.0720||63.90|10|60.40|3
GME211210P00120000|0.60|1.31|0.60|0.95|1.00|12|0.05|0.0526|2|96|4|178|-0.0456|0.0020|-0.0023|-0.2534|0.0272||1.13|18|0.82|28
GME211210C00130000||||||11||||0|0|0|1.0000|0.0000|0.0321|-0.0004|0.0000||54.40|19|50.80|15
GME211210P00130000|1.30|2.00|1.00|1.50|1.45|11|-0.05|-0.0333|20|431|1|82|-0.0630|0.0029|-0.0031|-0.2913|0.0352||1.61|26|1.27|59
GME211210C00140000||||56.44|56.44|10|0.00|0.0000|0|29|0|0|0.7756|0.0032|0.0206|-1.5345|0.0851||45.15|26|41.70|16
GME211210P00140000|2.30|3.20|1.75|2.49|2.20|10|-0.29|-0.1165|47|299|82|408|-0.1045|0.0045|-0.0052|-0.4073|0.0515||2.47|14|2.20|5
GME211210C00145000||||||9|||||0|0|1.0000|0.0000|0.0358|-0.0005|0.0000||40.70|32|37.35|15
GME211210P00145000|2.60|3.60|2.60|2.60|2.91|9|0.31|0.1192|||1|17|-0.1264|0.0054|-0.0063|-0.4458|0.0590||3.00|6|2.60|33
GME211210C00150000|37.50|37.50|34.20|47.05|34.20|8|-12.85|-0.2731|0|19|1|2|0.8457|0.0064|0.0293|-0.4886|0.0675||36.40|34|33.15|11
GME211210P00150000|3.00|5.00|2.81|3.70|3.50|8|-0.20|-0.0541|51|220|60|617|-0.1591|0.0064|-0.0080|-0.5107|0.0689||3.80|15|3.45|15
GME211210C00155000||||58.70|58.70|7|0.00|0.0000|0|45|0|0|0.7148|0.0027|0.0173|-2.3327|0.0964||32.05|27|29.20|11
GME211210P00155000|4.95|6.40|4.10|4.95|4.55|7|-0.40|-0.0808|94|195|1|76|-0.1861|0.0076|-0.0093|-0.5229|0.0761||5.05|26|4.25|52
GME211210C00160000||||29.75|29.75|6|0.00|0.0000|0|204|0|0|0.7270|0.0071|0.0251|-0.8645|0.0944||28.20|33|25.60|19
GME211210P00160000|5.00|8.20|5.00|6.00|6.00|6|0.00|0.0000|153|386|1|226|-0.2395|0.0085|-0.0121|-0.6297|0.0882||6.30|18|5.25|67
GME211210C00165000|21.75|21.75|21.75|23.22|21.75|5|-1.47|-0.0633|2|2|1|1|0.7262|0.0103|0.0270|-0.6005|0.0946||24.60|33|22.15|14
GME211210P00165000|7.65|10.05|6.48|7.75|7.35|5|-0.40|-0.0516|18|320|16|119|-0.3339|0.0045|-0.1052|-0.3176|0.2336||7.90|23|6.65|78
GME211210C00170000|24.00|24.00|17.52|20.07|20.30|4|0.23|0.0115|11|16|1|19|0.6450|0.0042|0.0969|-0.3597|0.2390||21.40|39|19.10|14
GME211210P00170000|8.54|12.29|7.15|8.90|8.52|4|-0.38|-0.0427|-2|360|1|295|-0.3397|0.0103|-0.0174|-0.7240|0.1040||9.90|53|8.55|73
GME211210C00175000|19.14|19.20|13.80|18.40|17.73|3|-0.67|-0.0364|7|25|20|68|0.6022|0.0092|0.0221|-0.8962|0.1096||18.35|36|16.30|15
GME211210P00175000|9.55|15.25|9.50|11.66|10.85|3|-0.81|-0.0695|117|418|1|393|-0.3934|0.0113|-0.0201|-0.7242|0.1092||12.05|55|10.40|79
GME211210C00177500|16.27|16.27|15.85|16.27|15.85|2|-0.42|-0.0258|||10|27|0.5774|0.0099|0.0215|-0.8622|0.1112||17.00|37|15.05|17
GME211210P00177500|11.31|16.03|11.00|11.31|12.55|2|1.24|0.1096|||7|252|-0.3935|0.0046|-0.1285|-0.3458|0.2470||13.05|22|11.40|98
GME211210C00180000|14.20|18.25|11.72|14.75|15.20|1|0.45|0.0305|58|79|1|352|0.5492|0.0110|0.0209|-0.7911|0.1124||15.75|50|13.95|16
GME211210P00180000|13.00|17.50|11.63|14.30|13.68|1|-0.62|-0.0434|117|606|1|434|-0.4523|0.0116|-0.0234|-0.7522|0.1125||14.35|22|12.85|66
GME211210C00182500|15.85|15.85|10.82|15.85|13.50|1|-2.35|-0.1483|||6|81|0.5194|0.0116|0.0200|-0.7612|0.1132||14.30|22|12.80|12
GME211210P00182500|14.38|19.00|14.17|14.38|15.15|1|0.77|0.0535|||6|211|-0.4893|0.0136|-0.0249|-0.6501|0.1133||15.75|20|13.95|65
GME211210C00185000|15.95|15.95|9.20|12.60|12.25|2|-0.35|-0.0278|53|108|1|104|0.5750|0.0046|0.0905|-0.3648|0.2516||13.15|48|11.85|19
GME211210P00185000|14.53|20.50|14.50|17.01|16.60|2|-0.41|-0.0241|61|358|6|143|-0.4915|0.0095|-0.0266|-0.9313|0.1133||17.35|25|15.35|67
GME211210C00187500|15.35|15.35|9.15|11.00|11.47|3|0.47|0.0427|9|19|5|77|0.5716|0.0043|0.0882|-0.3887|0.2520||12.40|62|10.70|24
GME211210P00187500|16.10|18.90|16.10|15.45|18.15|3|2.70|0.1748|45|127|1|134|-0.5425|0.0121|-0.0284|-0.7235|0.1127||18.90|21|16.75|70
GME211210C00190000|12.50|13.20|8.50|10.75|9.80|4|-0.95|-0.0884|10|96|1|181|0.4388|0.0111|0.0170|-0.7752|0.1120||11.35|64|9.95|18
GME211210P00190000|20.96|23.00|17.84|21.52|19.75|4|-1.77|-0.0822|50|428|6|96|-0.5511|0.0104|-0.0296|-0.8357|0.1124||20.40|12|18.35|62
GME211210C00192500|11.15|11.65|7.78|9.50|9.65|5|0.15|0.0158|33|65|1|55|0.5376|0.0048|0.0867|-0.3591|0.2550||10.00|16|8.80|38
GME211210P00192500|18.46|21.45|18.46|22.09|21.35|5|-0.74|-0.0335|14|86|5|60|-0.5842|0.0108|-0.0313|-0.7815|0.1108||22.10|19|19.95|43
GME211210C00195000|10.22|11.43|7.00|9.70|9.10|6|-0.60|-0.0619|76|134|1|218|0.4105|0.0096|0.0157|-0.8711|0.1104||9.20|10|8.30|14
GME211210P00195000|20.40|23.92|20.40|22.97|23.05|6|0.08|0.0035|41|190|5|126|-0.5908|0.0097|-0.0324|-0.8620|0.1104||23.75|18|22.00|46
GME211210C00197500|8.80|9.30|7.50|9.50|8.26|7|-1.24|-0.1305|10|46|1|64|0.3686|0.0103|0.0144|-0.7641|0.1071||8.85|60|7.50|37
GME211210P00197500|24.85|24.85|24.85|19.25|24.85|7|5.60|0.2909|27|104|5|10|-0.7657|0.0151|-0.0389|-0.3468|0.0871||25.70|20|23.35|46
GME211210C00200000|8.80|10.00|6.00|7.80|7.30|8|-0.50|-0.0641|82|634|1|280|0.3456|0.0101|0.0135|-0.7481|0.1047||7.70|20|6.95|23
GME211210P00200000|25.18|31.28|24.10|27.05|28.01|8|0.96|0.0355|-20|659|10|40|-0.4819|0.0044|-0.1698|-0.3881|0.2559||27.45|13|25.20|59
GME211210C00202500|8.75|8.75|6.10|7.25|8.00|9|0.75|0.1034|3|67|1|22|0.3248|0.0098|0.0128|-0.7350|0.1022||7.20|45|6.30|25
GME211210P00202500|27.95|27.95|27.95|26.32|27.95|9|1.63|0.0619|15|48|1|1|-0.6894|0.0102|-0.0376|-0.6790|0.1003||29.35|20|27.05|32
GME211210C00205000|7.30|7.44|5.28|6.79|6.70|10|-0.09|-0.0133|26|159|1|43|0.3283|0.0089|0.0127|-0.8168|0.1026||6.75|55|5.80|53
GME211210P00205000|27.42|32.21|26.88|31.25|29.65|10|-1.60|-0.0512|2|177|1|9|-0.7372|0.0104|-0.0399|-0.5665|0.0927||31.40|19|29.05|51
GME211210C00207500|5.55|7.35|5.10|5.55|5.69|11|0.14|0.0252|4|68|1|16|0.2933|0.0090|0.0115|-0.7313|0.0977||6.10|34|5.40|1
GME211210P00207500|29.52|32.00|29.52|28.58|31.10|11|2.52|0.0882|-5|18|1|3|-0.7480|0.0098|-0.0410|-0.5795|0.0906||33.40|20|30.95|37
GME211210C00210000|7.00|7.00|4.50|5.82|5.20|12|-0.62|-0.1065|10|309|1|61|0.2762|0.0087|0.0109|-0.7156|0.0950||5.50|1|4.95|56
GME211210P00210000|34.85|38.38|34.47|36.62|34.54|12|-2.08|-0.0568|-4|105|2|20|-0.7352|0.0089|-0.0413|-0.6711|0.0930||35.90|25|33.05|34
GME211210C00212500|6.00|6.00|4.40|5.55|4.85|13|-0.70|-0.1261|54|83|1|33|0.2568|0.0084|0.0101|-0.6875|0.0915||5.30|44|4.55|24
GME211210P00212500|33.64|37.87|33.64|32.63|37.87|13|5.24|0.1606|-1|38|2|3|-0.5222|0.0043|-0.1917|-0.4024|0.2557||38.00|22|35.15|28
GME211210C00215000|3.95|5.75|3.95|5.09|4.95|14|-0.14|-0.0275|6|165|1|38|0.2365|0.0081|0.0094|-0.6499|0.0876||4.90|47|4.20|42
GME211210P00215000|42.73|42.73|37.79|40.77|37.79|14|-2.98|-0.0731|-4|34|1|2|-0.8254|0.0084|-0.0459|-0.4370|0.0731||39.80|12|37.25|18
GME211210C00217500|5.45|5.45|4.28|5.55|4.50|15|-1.05|-0.1892|3|30|1|4|0.2315|0.0077|0.0091|-0.6700|0.0866||4.85|71|3.85|28
GME211210P00217500|42.22|42.22|42.15|28.08|42.15|15|14.07|0.5011|0|25|1|3|-0.7489|0.0075|-0.0438|-0.7479|0.0905||42.30|22|39.40|29
GME211210C00220000|5.00|5.35|3.57|4.80|4.00|16|-0.80|-0.1667|47|401|1|242|0.2080|0.0074|0.0083|-0.6135|0.0814||4.15|17|3.70|8
GME211210P00220000|39.30|42.63|39.30|42.99|42.22|16|-0.77|-0.0179|0|155|1|3|-0.8157|0.0075|-0.0468|-0.5249|0.0756||44.60|22|41.60|37
GME211210C00222500|4.55|4.55|3.50|4.14|3.75|17|-0.39|-0.0942|5|63|11|43|0.2017|0.0071|0.0080|-0.6198|0.0799||4.15|54|3.45|23
GME211210P00222500|46.47|46.97|46.47|33.35|46.97|17|13.62|0.4084|0|45|6|10|-0.7646|0.0069|-0.0457|-0.7582|0.0874||46.65|12|43.50|37
GME211210C00225000|4.28|4.60|3.20|4.05|3.55|18|-0.50|-0.1235|16|334|1|33|0.2082|0.0068|0.0082|-0.6767|0.0814||3.85|49|3.20|55
GME211210P00225000|47.35|47.35|47.35|47.49|47.35|18|-0.14|-0.0029|2|461|1|1|-0.8199|0.0068|-0.0483|-0.5629|0.0745||49.10|13|45.75|35
GME211210C00227500|4.25|4.25|3.22|3.65|3.35|19|-0.30|-0.0822|2|23|1|5|0.1824|0.0065|0.0072|-0.5976|0.0752||3.75|58|3.00|24
GME211210P00227500||||34.06|34.06|19|0.00|0.0000|0|35|0|0|-0.8301|0.0065|-0.2520|-0.1066|0.1624||51.45|12|48.00|37
GME211210C00230000|4.00|4.05|2.55|3.55|3.15|20|-0.40|-0.1127|9|393|1|62|0.1686|0.0062|0.0067|-0.5662|0.0715||3.35|22|2.89|4
GME211210P00230000||||41.51|41.51|20|0.00|0.0000|-1|38|0|0|-0.8884|0.0057|-0.0521|-0.3494|0.0539||53.75|11|50.30|35
GME211210C00232500|3.60|3.90|2.69|3.00|2.69|21|-0.31|-0.1033|-19|30|1|9|0.1613|0.0059|0.0064|-0.5593|0.0695||3.35|56|2.68|23
GME211210P00232500|56.09|56.09|56.09|49.93|56.09|21|6.16|0.1234|1|11|5|5|-0.7997|0.0060|-0.0495|-0.7281|0.0796||56.10|11|52.75|36
GME211210C00235000|3.40|3.55|2.49|3.15|2.74|22|-0.41|-0.1302|-30|902|3|40|0.1525|0.0057|0.0061|-0.5439|0.0670||3.10|45|2.58|14
GME211210P00235000|57.29|58.42|57.29|45.86|58.42|22|12.56|0.2739|0|36|5|6|-0.8065|0.0058|-0.0504|-0.7236|0.0780||58.45|11|55.25|26
GME211210C00237500|2.69|2.69|2.69|2.90|2.69|23|-0.21|-0.0724|0|18|1|3|0.1484|0.0055|0.0059|-0.5460|0.0657||3.00|61|2.37|15
GME211210P00237500||||48.03|48.03|23|0.00|0.0000|1|25|0|0|-0.9149|0.0046|-0.0551|-0.2905|0.0442||60.85|10|57.60|23
GME211210C00240000|2.82|3.60|2.47|2.84|2.92|24|0.08|0.0282|20|330|3|107|0.1400|0.0052|0.0056|-0.5278|0.0632||2.90|91|2.30|44
GME211210P00240000|58.15|58.15|58.15|45.67|58.15|24|12.48|0.2733|0|33|1|1|-0.8918|0.0049|-0.0548|-0.3927|0.0528||63.20|13|59.95|25
GME211210C00245000|3.23|3.23|2.20|2.56|2.22|25|-0.34|-0.1328|4|172|1|11|0.1255|0.0048|0.0050|-0.4968|0.0586||2.50|35|2.06|25
GME211210P00245000||||50.19|50.19|25|0.00|0.0000|0|23|0|0|-0.9864|0.0014|-0.0598|-0.0458|0.0099||67.95|12|64.60|24
GME211210C00250000|3.15|3.20|1.90|2.35|2.15|26|-0.20|-0.0851|-1|2190|10|303|0.1191|0.0044|0.0047|-0.4964|0.0565||2.24|18|1.98|2
GME211210P00250000||||60.35|60.35|26|0.00|0.0000|1|15|0|0|-0.9763|0.0020|-0.0606|-0.0872|0.0158||72.75|12|69.40|23
GME211210C00255000|2.37|2.37|1.80|2.20|2.00|27|-0.20|-0.0909|12|65|2|19|0.1103|0.0041|0.0044|-0.4811|0.0535||2.16|41|1.79|10
GME211210P00255000||||40.40|40.40|27|0.00|0.0000|0|5|0|0|-0.9986|0.0002|-0.0628|-0.0043|0.0013||77.65|12|74.20|20
GME211210C00260000|3.10|3.10|1.65|2.20|1.73|28|-0.47|-0.2136|-16|936|2|101|0.1010|0.0038|0.0040|-0.4590|0.0502||1.95|31|1.65|20
GME211210P00260000||||69.85|69.85|28|0.00|0.0000|1|22|0|0|-0.9764|0.0018|-0.0631|-0.0971|0.0158||82.50|10|79.05|17
GME211210C00270000|2.00|2.02|1.48|1.82|1.50|29|-0.32|-0.1758|16|220|2|16|0.0900|0.0033|0.0036|-0.4428|0.0461||1.67|27|1.43|5
GME211210P00270000||||75.18|75.18|29|0.00|0.0000|0|14|0|0|-0.9374|0.0028|-0.0640|-0.2987|0.0350||92.30|12|88.75|25
GME211210C00280000|1.83|1.83|1.19|1.50|1.40|30|-0.10|-0.0667|22|226|1|34|0.3526|0.0033|0.0553|-0.4603|0.2385||1.46|23|1.25|6
GME211210P00280000||||84.53|84.53|30|0.00|0.0000|0|1|0|0|-0.9497|0.0023|-0.0670|-0.2566|0.0294||102.15|12|98.55|21
GME211210C00290000|1.45|1.47|1.22|1.49|1.25|31|-0.24|-0.1611|9|150|10|34|0.0689|0.0025|0.0027|-0.3863|0.0377||1.32|22|1.09|3
GME211210P00290000||||82.25|82.25|31|0.00|0.0000|0|7|0|0|-0.9957|0.0004|-0.0713|-0.0209|0.0036||112.00|12|108.35|23
GME211210C00300000|1.28|1.36|1.05|1.24|1.18|32|-0.06|-0.0484|-171|876|1|347|0.0626|0.0023|0.0025|-0.3720|0.0350||1.16|8|1.05|10
GME211210P00300000||||76.00|76.00|32|0.00|0.0000|0|14|0|0|-0.9993|0.0001|-0.0739|-0.0028|0.0007||121.85|13|118.25|23
GME211210C00310000|1.10|1.10|0.95|1.06|0.95|33|-0.11|-0.1038|3|156|1|118|0.0518|0.0019|0.0020|-0.3231|0.0301||1.05|6|0.95|10
GME211210P00310000||||83.61|83.61|33|0.00|0.0000|0|4|0|0|-0.8869|0.0028|-0.3690|-0.1440|0.1232||131.85|12|128.10|9
GME211210C00320000|1.00|1.00|0.90|0.99|0.94|34|-0.05|-0.0505|11|274|2|14|0.0482|0.0018|0.0019|-0.3153|0.0284||1.01|52|0.81|10
GME211210P00320000||||89.47|89.47|34|0.00|0.0000|0|3|0|0|-0.9999|0.0000|-0.0789|0.0005|0.0001||141.85|12|138.05|7
GME211210C00330000|0.89|0.92|0.80|1.05|0.80|35|-0.25|-0.2381|26|263|1|24|0.0430|0.0016|0.0017|-0.2940|0.0260||1.00|67|0.66|6
GME211210P00330000||||||35||||0|0|0|-1.0000|0.0000|-0.0814|0.0011|0.0000||152.45|12|147.95|5
GME211210C00340000|0.80|0.84|0.75|0.87|0.75|36|-0.12|-0.1379|2|88|2|14|0.0398|0.0014|0.0016|-0.2836|0.0244||0.79|11|0.60|13
GME211210P00340000||||||36||||0|0|0|-1.0000|0.0000|-0.0838|0.0011|0.0000||161.65|12|157.90|7
GME211210C00350000|1.05|1.05|0.64|0.76|0.69|37|-0.07|-0.0921|-501|388|10|62|0.0343|0.0013|0.0014|-0.2537|0.0216||0.71|32|0.55|8
GME211210P00350000||||||37||||0|0|0|-1.0000|0.0000|-0.0863|0.0011|0.0000||172.30|3|167.85|5
GME211210C00360000|0.62|0.68|0.61|0.63|0.61|38|-0.02|-0.0317|5|87|1|5|0.0322|0.0012|0.0013|-0.2473|0.0205||0.66|26|0.46|21
GME211210P00360000||||||38||||0|0|0|-1.0000|0.0000|-0.0888|0.0012|0.0000||181.50|12|177.80|3
GME211210C00370000||||0.75|0.75|39|0.00|0.0000|-3|21|0|0|0.0365|0.0012|0.0014|-0.2916|0.0227||0.66|59|0.45|10
GME211210P00370000||||||39||||0|0|0|-1.0000|0.0000|-0.0912|0.0012|0.0000||191.50|12|187.80|7
GME211210C00380000|0.62|0.62|0.54|0.52|0.54|40|0.02|0.0385|6|51|1|4|0.0280|0.0010|0.0011|-0.2295|0.0182||0.62|48|0.37|12
GME211210P00380000||||||40||||0|0|0|-1.0000|0.0000|-0.0937|0.0012|0.0000||202.10|12|197.75|4
GME211210C00390000|0.55|0.55|0.49|0.59|0.49|41|-0.10|-0.1695|3|47|1|5|0.0255|0.0009|0.0010|-0.2148|0.0169||0.51|24|0.36|19
GME211210P00390000||||||41||||0|0|0|-1.0000|0.0000|-0.0962|0.0013|0.0000||211.30|12|207.75|6
GME211210C00400000|0.72|0.72|0.38|0.57|0.38|42|-0.19|-0.3333|-207|426|1|99|0.0206|0.0008|0.0008|-0.1784|0.0141||0.48|37|0.34|11
GME211210P00400000||||||42||||0|0|0|-1.0000|0.0000|-0.5040|0.0013|0.0000||221.25|12|217.70|6
GME211210C00410000|0.49|0.49|0.36|0.38|0.36|43|-0.02|-0.0526|6|52|1|2|0.0194|0.0007|0.0008|-0.1723|0.0134||0.40|4|0.35|2
GME211210P00410000||||||43||||0|0|0|-1.0000|0.0000|-0.1011|0.0013|0.0000||231.95|12|227.30|7
GME211210C00420000|0.50|0.55|0.34|0.42|0.34|44|-0.08|-0.1905|11|169|2|8|0.0193|0.0007|0.0008|-0.1767|0.0134||0.40|16|0.33|4
GME211210P00420000||||||44||||0|0|0|-1.0000|0.0000|-0.1036|0.0014|0.0000||241.20|12|237.30|7
GME211210C00430000|0.34|0.40|0.31|0.38|0.40|45|0.02|0.0526|17|42|1|302|0.2891|0.0022|0.0415|-0.5864|0.2194||0.40|23|0.33|2
GME211210P00430000||||||45||||0|0|0|-1.0000|0.0000|-0.1060|0.0014|0.0000||251.45|12|246.95|5
GME211210C00440000|0.52|0.52|0.32|0.30|0.36|46|0.06|0.2000|0|33|4|38|0.0184|0.0006|0.0007|-0.1761|0.0128||0.39|8|0.27|3
GME211210P00440000||||||46||||0|0|0|-1.0000|0.0000|-0.1085|0.0014|0.0000||261.45|20|256.95|5
GME211210C00450000|0.24|0.37|0.23|0.31|0.37|47|0.06|0.1935|6|98|1|214|0.0183|0.0006|0.0007|-0.1798|0.0128||0.36|7|0.27|3
GME211210P00450000||||||47||||0|0|0|-1.0000|0.0000|-0.1110|0.0015|0.0000||271.75|12|266.95|5
GME211210C00460000|0.30|0.30|0.27|0.27|0.27|48|0.00|0.0000|1|18|1|4|0.0142|0.0005|0.0006|-0.1416|0.0102||0.33|28|0.13|16
GME211210P00460000||||||48||||0|0|0|-1.0000|0.0000|-0.1134|0.0015|0.0000||281.75|12|276.95|5
GME211210C00470000|0.34|0.34|0.34|0.28|0.34|49|0.06|0.2143|3|15|1|1|0.0167|0.0006|0.0006|-0.1706|0.0118||0.33|11|0.12|5
GME211210P00470000||||||49||||0|0|0|-1.0000|0.0000|-0.5922|0.0015|0.0000||291.45|10|286.90|5
GME211210C00480000|0.40|0.40|0.40|0.25|0.40|50|0.15|0.6000|7|32|1|1|0.0186|0.0006|0.0007|-0.1939|0.0129||0.33|25|0.19|1
GME211210P00480000||||||50||||0|0|0|-1.0000|0.0000|-0.1184|0.0016|0.0000||301.45|20|296.90|20
GME211210C00490000|0.30|0.35|0.24|0.40|0.24|51|-0.16|-0.4000|4|91|2|16|0.0123|0.0004|0.0005|-0.1308|0.0091||0.31|7|0.06|49
GME211210P00490000||||||51||||0|0|0|-1.0000|0.0000|-0.1208|0.0016|0.0000||311.40|10|306.90|5
GME211210C00500000|0.38|0.38|0.19|0.38|0.25|52|-0.13|-0.3421|-12|856|2|42|0.0113|0.0004|0.0004|-0.1223|0.0084||0.26|21|0.18|3
GME211210P00500000||||||52||||0|0|0|-1.0000|0.0000|-0.1233|0.0016|0.0000||321.40|20|316.90|5
GME211210C00510000|0.55|0.55|0.11|0.37|0.20|53|-0.17|-0.4595|139|2025|4|252|0.0104|0.0004|0.0004|-0.1138|0.0078||0.26|10|0.18|5
GME211210P00510000||||||53||||0|0|0|-1.0000|0.0000|-0.6426|0.0017|0.0000||331.35|10|326.90|10
GME211217C00080000|94.56|94.56|94.56|110.26|94.56|20|-15.70|-0.1424|0|1|1|1|0.9076|0.0009|0.0224|-0.9092|0.0627||103.20|10|99.70|13
GME211217P00080000|0.47|0.47|0.32|0.30|0.35|20|0.05|0.1667|26|349|3|8|-0.0111|0.0004|-0.0010|-0.0643|0.0110||0.50|17|0.24|16
GME211217C00085000||||95.85|95.85|19|0.00|0.0000|0|1|0|0|0.9716|0.0008|0.0345|-0.1659|0.0247||98.25|5|94.80|12
GME211217P00085000|0.45|0.45|0.42|0.35|0.43|19|0.08|0.2286|1|122|2|5|-0.0137|0.0005|-0.0012|-0.0738|0.0132||0.45|1|0.32|1
GME211217C00090000||||137.00|137.00|18|0.00|0.0000|0|4|0|0|0.9036|0.0005|0.0115|-1.7869|0.0647||93.35|13|89.85|13
GME211217P00090000|0.49|0.53|0.49|0.46|0.53|18|0.07|0.1522|0|66|1|5|-0.0174|0.0007|-0.0016|-0.0879|0.0163||0.67|52|0.40|12
GME211217C00100000|79.94|79.94|79.69|114.96|79.69|17|-35.27|-0.3068|0|49|1|2|0.9988|0.0001|0.0437|-0.0047|0.0015||83.20|12|80.05|12
GME211217P00100000|0.80|0.81|0.50|0.78|0.76|17|-0.02|-0.0256|126|869|6|486|-0.0013|0.0001|-0.0001|-0.0051|0.0017||0.81|10|0.59|42
GME211217C00105000||||66.05|66.05|16|0.00|0.0000|0|1|0|0|0.9977|0.0002|0.0458|-0.0083|0.0027||78.70|12|75.20|12
GME211217P00105000|0.87|0.95|0.86|0.78|0.86|16|0.08|0.1026|-2|89|2|56|-0.0024|0.0002|-0.0002|-0.0085|0.0029||0.98|18|0.71|67
GME211217C00110000||||73.25|73.25|15|0.00|0.0000|0|1|0|0|0.9965|0.0003|0.0479|-0.0118|0.0040||73.85|4|70.35|12
GME211217P00110000|0.89|1.40|0.89|0.82|1.03|15|0.21|0.2561|2|375|100|257|-0.0043|0.0004|-0.0004|-0.0139|0.0047||1.18|12|0.87|39
GME211217C00115000||||112.11|112.11|14|0.00|0.0000|0|2|0|0|0.9943|0.0005|0.0499|-0.0174|0.0061||69.05|12|65.60|12
GME211217P00115000|1.34|1.45|1.34|0.68|1.45|14|0.77|1.1324|0|148|5|17|-0.0076|0.0006|-0.0006|-0.0231|0.0080||1.37|12|1.05|72
GME211217C00120000||||64.15|64.15|13|0.00|0.0000|24|51|0|0|0.9899|0.0008|0.0518|-0.0282|0.0101||64.00|22|60.70|12
GME211217P00120000|1.37|1.55|1.37|1.34|1.45|13|0.11|0.0821|17|153|1|11|-0.0128|0.0010|-0.0011|-0.0358|0.0125||1.65|11|1.27|74
GME211217C00125000||||79.68|79.68|12|0.00|0.0000|0|35|0|0|0.8962|0.0029|0.1491|-0.1046|0.1243||59.30|23|56.10|12
GME211217P00125000|1.55|1.88|1.55|1.56|1.88|12|0.32|0.2051|-4|205|3|6|-0.0218|0.0015|-0.0019|-0.0568|0.0198||2.06|18|1.56|69
GME211217C00130000||||55.70|55.70|11|0.00|0.0000|0|10|0|0|0.8758|0.0034|0.1498|-0.1174|0.1412||54.80|20|51.55|12
GME211217P00130000|1.86|2.65|1.80|2.20|2.21|11|0.01|0.0045|9|195|1|45|-0.0340|0.0022|-0.0029|-0.0813|0.0286||2.52|23|1.93|82
GME211217C00135000||||90.47|90.47|10|0.00|0.0000|0|3|0|0|0.9531|0.0029|0.0552|-0.1027|0.0371||50.25|41|47.10|12
GME211217P00135000|2.62|2.72|2.62|2.75|2.72|10|-0.03|-0.0109|0|140|1|12|-0.0500|0.0030|-0.0043|-0.1101|0.0391||2.99|18|2.42|71
GME211217C00140000|40.15|40.15|40.15|47.75|40.15|9|-7.60|-0.1592|1|146|1|1|0.8261|0.0043|0.1480|-0.1455|0.1769||45.85|46|42.85|13
GME211217P00140000|3.26|4.39|3.00|3.21|3.50|9|0.29|0.0903|11|549|5|320|-0.0731|0.0041|-0.0063|-0.1479|0.0526||3.65|20|3.00|103
GME211217C00145000||||96.94|96.94|8|0.00|0.0000|0|57|0|0|0.9026|0.0052|0.0551|-0.1790|0.0652||41.65|46|38.85|14
GME211217P00145000|4.18|4.18|3.35|4.15|4.02|8|-0.13|-0.0313|16|211|1|26|-0.1046|0.0053|-0.0091|-0.1952|0.0687||4.65|60|3.85|94
GME211217C00150000||||35.85|35.85|7|0.00|0.0000|0|71|0|0|0.8655|0.0065|0.0540|-0.2267|0.0820||37.65|45|34.75|4
GME211217P00150000|4.25|6.92|4.00|5.25|5.20|7|-0.05|-0.0095|86|1619|12|261|-0.1397|0.0065|-0.0122|-0.2385|0.0842||5.45|14|5.00|17
GME211217C00155000|35.95|35.95|30.10|42.74|30.10|6|-12.64|-0.2957|0|11|1|2|0.7354|0.0054|0.1386|-0.1871|0.2256||33.80|36|31.15|23
GME211217P00155000|4.10|8.13|4.10|6.88|6.54|6|-0.34|-0.0494|13|308|2|26|-0.1803|0.0077|-0.0159|-0.2797|0.0995||6.95|60|6.05|87
GME211217C00160000|25.00|29.27|25.00|38.33|29.27|5|-9.06|-0.2364|-1|97|2|4|0.7774|0.0090|0.0504|-0.3078|0.1129||30.20|62|27.85|48
GME211217P00160000|6.80|10.00|6.40|8.40|7.75|5|-0.65|-0.0774|26|650|19|1061|-0.2280|0.0089|-0.0203|-0.3218|0.1144||8.65|68|7.55|62
GME211217C00165000|24.60|24.60|24.60|34.08|24.60|4|-9.48|-0.2782|0|82|1|1|0.7219|0.0100|0.0475|-0.3514|0.1270||26.90|52|24.65|44
GME211217P00165000|8.60|10.85|8.60|10.05|9.77|4|-0.28|-0.0279|22|307|1|13|-0.2816|0.0098|-0.0252|-0.3624|0.1278||10.40|61|9.25|70
GME211217C00170000||||23.22|23.22|3|0.00|0.0000|-2|117|0|0|0.6643|0.0107|0.0442|-0.3869|0.1381||23.80|47|21.65|59
GME211217P00170000|11.28|14.80|10.85|11.92|11.20|3|-0.72|-0.0604|291|1083|1|120|-0.3368|0.0105|-0.0305|-0.3971|0.1383||12.45|51|11.25|77
GME211217C00175000|21.90|21.90|16.27|21.60|20.50|2|-1.10|-0.0509|-22|188|1|11|0.6053|0.0063|0.1198|-0.2227|0.2653||21.10|53|19.00|68
GME211217P00175000|15.80|16.43|12.98|14.30|14.33|2|0.03|0.0021|18|703|1|27|-0.3944|0.0111|-0.0360|-0.4172|0.1457||14.75|52|13.30|125
GME211217C00180000|21.00|21.00|14.24|17.51|17.98|1|0.47|0.0268|17|465|1|52|0.5478|0.0117|0.0374|-0.4186|0.1500||18.60|66|16.60|69
GME211217P00180000|15.35|20.86|15.00|17.60|16.63|1|-0.97|-0.0551|199|1062|1|42|-0.4516|0.0114|-0.0416|-0.4280|0.1500||17.20|12|15.80|90
GME211217C00185000|17.00|18.25|12.92|16.00|15.00|1|-1.00|-0.0625|13|268|1|31|0.4895|0.0117|0.0337|-0.4234|0.1510||15.85|17|14.60|65
GME211217P00185000|17.32|23.60|17.00|19.85|19.44|1|-0.41|-0.0207|1|269|1|63|-0.4563|0.0063|-0.1596|-0.2353|0.2733||20.35|56|18.30|104
GME211217C00187500|15.87|15.87|15.87|14.09|15.87|2|1.78|0.1263|15|39|1|2|0.4983|0.0084|0.0324|-0.5956|0.1511||15.30|75|13.50|30
GME211217P00187500|20.48|20.48|19.77|21.85|19.77|2|-2.08|-0.0952|15|115|1|2|-0.5082|0.0089|-0.0498|-0.5588|0.1511||21.80|56|19.75|73
GME211217C00190000|15.00|16.15|10.20|13.65|13.83|3|0.18|0.0132|83|239|1|108|0.4344|0.0115|0.0301|-0.4205|0.1490||14.35|95|12.40|76
GME211217P00190000|20.10|26.92|20.10|22.75|22.61|3|-0.14|-0.0062|3|450|1|18|-0.5623|0.0113|-0.0530|-0.4307|0.1492||23.50|53|21.25|80
GME211217C00192500|12.74|12.74|12.50|12.10|12.50|4|0.40|0.0331|20|28|1|2|0.4469|0.0090|0.0298|-0.5447|0.1498||13.45|74|11.65|28
GME211217P00192500||||24.70|24.70|4|0.00|0.0000|7|112|0|0|-0.5589|0.0093|-0.0548|-0.5222|0.1494||25.15|20|22.85|54
GME211217C00195000|13.00|13.35|11.09|11.79|11.09|5|-0.70|-0.0594|18|148|1|8|0.3830|0.0111|0.0267|-0.4122|0.1445||12.65|89|10.75|63
GME211217P00195000|29.90|31.30|23.65|25.08|25.45|5|0.37|0.0148|8|423|1|146|-0.6131|0.0109|-0.0586|-0.4215|0.1450||26.85|53|24.50|80
GME211217C00197500|12.50|13.00|10.39|10.50|11.45|6|0.95|0.0905|33|38|2|48|0.3945|0.0093|0.0268|-0.5005|0.1458||11.80|72|10.25|46
GME211217P00197500||||27.65|27.65|6|0.00|0.0000|1|93|0|0|-0.5965|0.0089|-0.0594|-0.5271|0.1466||28.65|22|26.30|46
GME211217C00200000|11.05|12.80|8.47|10.50|10.05|7|-0.45|-0.0429|134|1099|1|1498|0.3365|0.0104|0.0236|-0.3998|0.1382||10.55|35|9.60|25
GME211217P00200000|28.60|32.77|28.10|28.61|29.13|7|0.52|0.0182|4|1921|8|20|-0.6580|0.0102|-0.0638|-0.4112|0.1391||30.45|52|28.10|63
GME211217C00202500|10.60|10.80|9.79|10.00|9.79|8|-0.21|-0.0210|5|18|1|31|0.4922|0.0048|0.0933|-0.3105|0.2749||10.20|68|8.95|49
GME211217P00202500|30.45|30.45|30.45|24.10|30.45|8|6.35|0.2635|0|116|1|1|-0.7560|0.0118|-0.0710|-0.2602|0.1188||32.25|22|29.90|53
GME211217C00205000|10.00|10.05|7.47|9.40|8.75|9|-0.65|-0.0691|16|57|1|24|0.3525|0.0082|0.0238|-0.5226|0.1406||9.55|83|8.40|28
GME211217P00205000|36.08|36.08|33.98|33.95|33.98|9|0.03|0.0009|6|165|10|11|-0.6200|0.0075|-0.0648|-0.6039|0.1442||34.20|19|31.75|61
GME211217C00207500|10.20|10.20|7.35|9.03|8.90|10|-0.13|-0.0144|12|28|1|8|0.3426|0.0079|0.0231|-0.5343|0.1391||9.05|75|7.85|40
GME211217P00207500||||21.30|21.30|10|0.00|0.0000|0|181|0|0|-0.9466|0.0072|-0.0869|-0.0503|0.0412||36.10|19|33.75|58
GME211217C00210000|10.25|10.25|6.70|9.00|7.88|11|-1.12|-0.1244|323|845|1|68|0.2505|0.0091|0.0178|-0.3486|0.1205||8.35|82|7.35|69
GME211217P00210000|40.00|40.70|37.00|40.00|37.01|11|-2.99|-0.0748|7|226|8|17|-0.7445|0.0090|-0.0740|-0.3580|0.1217||38.30|15|35.70|57
GME211217C00212500|6.50|6.50|6.50|7.88|6.50|12|-1.38|-0.1751|1|22|1|1|0.2731|0.0082|0.0190|-0.4232|0.1259||7.95|83|6.90|36
GME211217P00212500|42.25|42.25|42.25|27.00|42.25|12|15.25|0.5648|0|59|4|4|-0.5101|0.0041|-0.2206|-0.3688|0.2749||40.20|15|37.75|36
GME211217C00215000|8.03|8.03|6.90|7.33|6.90|13|-0.43|-0.0587|3|93|1|5|0.4423|0.0047|0.0850|-0.3102|0.2721||7.60|76|6.45|55
GME211217P00215000|38.00|46.00|38.00|32.68|42.25|13|9.57|0.2928|0|99|1|4|-0.5422|0.0045|-0.2262|-0.3320|0.2734||42.45|16|39.75|44
GME211217C00217500|7.20|7.20|7.20|7.75|7.20|14|-0.55|-0.0710|18|38|1|1|0.2739|0.0073|0.0187|-0.4771|0.1261||7.10|84|6.10|50
GME211217P00217500|47.80|47.80|47.80|34.55|47.80|14|13.25|0.3835|0|23|1|1|-0.6572|0.0063|-0.0731|-0.6748|0.1392||44.35|16|41.90|35
GME211217C00220000|6.89|7.58|5.30|6.70|6.50|15|-0.20|-0.0299|257|1902|1|69|0.3550|0.0058|0.0745|-0.2263|0.2566||6.65|64|5.80|78
GME211217P00220000|46.55|46.55|46.55|42.02|46.55|15|4.53|0.1078|-1|445|1|1|-0.8088|0.0075|-0.0828|-0.3087|0.1032||46.55|15|43.95|51
GME211217C00222500|7.50|7.50|6.60|5.85|6.60|16|0.75|0.1282|1|67|1|4|0.2731|0.0066|0.0184|-0.5240|0.1259||6.35|68|5.50|49
GME211217P00222500|52.45|52.95|48.85|31.45|49.15|16|17.70|0.5628|0|10|2|15|-0.7188|0.0065|-0.0787|-0.5458|0.1278||48.90|12|46.15|35
GME211217C00225000|6.35|6.35|5.50|6.00|5.80|17|-0.20|-0.0333|6|105|1|19|0.2423|0.0066|0.0166|-0.4642|0.1183||6.00|60|5.20|45
GME211217P00225000|48.50|48.50|48.50|32.35|48.50|17|16.15|0.4992|0|31|1|2|-0.7828|0.0067|-0.0835|-0.4010|0.1113||51.05|16|48.35|37
GME211217C00227500|5.60|5.60|5.60|5.85|5.60|18|-0.25|-0.0427|-1|8|1|1|0.2441|0.0063|0.0166|-0.4892|0.1188||5.70|82|5.00|30
GME211217P00227500||||48.05|48.05|18|0.00|0.0000|17|60|0|0|-0.8639|0.0063|-0.0899|-0.2362|0.0827||53.35|18|50.55|36
GME211217C00230000|5.65|6.40|4.85|5.33|5.50|19|0.17|0.0319|-3|431|1|58|0.1373|0.0060|0.0099|-0.2499|0.0832||5.45|74|4.80|27
GME211217P00230000|54.21|54.21|54.21|49.83|54.21|19|4.38|0.0879|-10|63|1|1|-0.8577|0.0061|-0.0906|-0.2595|0.0853||55.60|12|52.75|41
GME211217C00232500|4.50|4.50|4.45|5.20|4.45|20|-0.75|-0.1442|3|80|1|3|0.2039|0.0060|0.0141|-0.4192|0.1073||5.15|73|4.55|36
GME211217P00232500||||53.30|53.30|20|0.00|0.0000|0|19|0|0|-0.9104|0.0051|-0.0953|-0.1598|0.0613||57.75|12|55.00|37
GME211217C00235000|5.70|5.70|5.14|4.79|5.14|21|0.35|0.0731|17|74|1|6|0.2219|0.0057|0.0150|-0.4841|0.1127||4.95|67|4.40|37
GME211217P00235000||||54.70|54.70|21|0.00|0.0000|43|60|0|0|-0.7244|0.0054|-0.2817|-0.1939|0.2302||60.20|18|57.30|37
GME211217C00240000|4.37|4.78|4.21|4.70|4.30|22|-0.40|-0.0851|-4|308|2|77|0.0980|0.0047|0.0071|-0.1982|0.0655||4.55|71|4.05|45
GME211217P00240000|65.50|65.50|65.50|65.23|65.50|22|0.27|0.0041|8|54|1|1|-0.8949|0.0048|-0.0976|-0.2137|0.0689||64.85|11|61.85|49
GME211217C00245000|4.75|4.75|3.95|4.10|3.95|23|-0.15|-0.0366|5|87|1|155|0.1874|0.0051|0.0128|-0.4462|0.1019||4.25|68|3.80|5
GME211217P00245000|71.40|71.40|71.40|56.01|71.40|23|15.39|0.2748|-5|49|2|5|-0.7550|0.0050|-0.0914|-0.6221|0.1191||69.55|11|66.50|37
GME211217C00250000|4.46|4.75|3.45|4.00|3.65|24|-0.35|-0.0875|14|1169|5|117|0.0709|0.0036|0.0051|-0.1577|0.0513||3.90|51|3.60|1
GME211217P00250000||||73.53|73.53|24|0.00|0.0000|-1|56|0|0|-0.9247|0.0037|-0.1041|-0.1676|0.0538||74.30|14|71.15|36
GME211217C00255000|3.60|3.60|3.41|3.60|3.60|25|0.00|0.0000|-1|355|1|6|0.1580|0.0045|0.0108|-0.4063|0.0914||3.65|39|3.30|28
GME211217P00255000||||39.75|39.75|25|0.00|0.0000|0|5|0|0|-0.9986|0.0002|-0.1117|-0.0020|0.0017||79.20|13|75.85|32
GME211217C00260000|3.55|3.85|3.20|3.59|3.40|26|-0.19|-0.0529|30|516|1|36|0.0505|0.0028|0.0037|-0.1222|0.0393||3.55|103|3.05|51
GME211217P00260000|78.20|78.20|78.20|72.05|78.20|26|6.15|0.0854|0|21|1|1|-0.9457|0.0029|-0.1100|-0.1312|0.0417||84.00|11|80.65|46
GME211217C00270000|3.25|3.25|2.85|3.19|2.99|27|-0.20|-0.0627|18|541|1|230|0.0377|0.0021|0.0028|-0.0988|0.0311||3.10|65|2.80|26
GME211217P00270000||||65.35|65.35|27|0.00|0.0000|0|49|0|0|-0.9585|0.0023|-0.1153|-0.1083|0.0336||93.55|13|90.20|40
GME211217C00280000|3.29|3.29|2.57|2.55|2.63|28|0.08|0.0314|7|2032|1|210|0.1830|0.0037|0.0393|-0.1794|0.1827||2.82|78|2.43|37
GME211217P00280000||||91.00|91.00|28|0.00|0.0000|0|10|0|0|-0.9687|0.0018|-0.1205|-0.0873|0.0267||103.30|12|99.85|34
GME211217C00290000|2.60|2.69|2.48|2.43|2.57|29|0.14|0.0576|3|522|1|45|0.1673|0.0034|0.0360|-0.1729|0.1726||2.59|55|2.20|38
GME211217P00290000||||68.50|68.50|29|0.00|0.0000|0|25|0|0|-0.9745|0.0014|-0.1253|-0.0758|0.0225||113.30|12|109.50|23
GME211217C00300000|2.55|2.60|2.04|2.35|2.23|30|-0.12|-0.0511|199|5147|2|774|0.1521|0.0032|0.0328|-0.1649|0.1622||2.25|2|2.12|16
GME211217P00300000|125.00|125.00|125.00|116.00|125.00|30|9.00|0.0776|0|20|4|5|-0.9814|0.0011|-0.1301|-0.0583|0.0173||123.20|12|119.25|20
GME211217C00310000|2.10|2.40|2.03|2.21|2.03|31|-0.18|-0.0814|-1|369|1|16|0.0122|0.0008|0.0009|-0.0408|0.0120||2.18|68|1.90|37
GME211217P00310000||||102.75|102.75|31|0.00|0.0000|0|3|0|0|-0.9855|0.0009|-0.1348|-0.0478|0.0140||133.00|12|129.15|23
GME211217C00320000|2.00|2.04|1.73|2.00|1.73|32|-0.27|-0.1350|4|407|1|46|0.0095|0.0006|0.0007|-0.0334|0.0097||2.09|69|1.76|44
GME211217P00320000||||96.00|96.00|32|0.00|0.0000|0|17|0|0|-0.9885|0.0007|-0.1394|-0.0393|0.0114||142.70|13|139.00|36
GME211217C00330000||||1.75|1.75|33|0.00|0.0000|28|213|0|0|0.1180|0.0025|0.0255|-0.1449|0.1362||1.75|1|1.60|32
GME211217P00330000||||159.50|159.50|33|0.00|0.0000|0|3|0|0|-0.9910|0.0006|-0.1440|-0.0320|0.0092||152.55|12|148.75|28
GME211217C00340000|2.00|2.00|1.60|1.53|1.60|34|0.07|0.0458|5|232|2|4|0.0062|0.0004|0.0005|-0.0237|0.0066||1.77|71|1.48|12
GME211217P00340000||||126.85|126.85|34|0.00|0.0000|0|7|0|0|-0.9929|0.0004|-0.1485|-0.0262|0.0075||162.45|13|158.75|28
GME211217C00350000|1.75|1.84|1.50|1.75|1.53|35|-0.22|-0.1257|13|990|2|45|0.0051|0.0003|0.0004|-0.0203|0.0055||1.63|50|1.40|30
GME211217P00350000||||133.85|133.85|35|0.00|0.0000|0|4|0|0|-0.9940|0.0004|-0.1530|-0.0228|0.0064||172.35|13|168.65|28
GME211217C00360000|1.50|1.60|1.37|1.58|1.37|36|-0.21|-0.1329|0|308|4|8|0.0044|0.0003|0.0003|-0.0183|0.0049||1.56|66|1.29|38
GME211217P00360000||||||36|||0|0|0|0|-0.8941|0.0022|-0.5000|-0.1439|0.1261||182.35|12|178.45|24
GME211217C00370000|1.45|1.45|1.45|1.97|1.45|37|-0.52|-0.2640|0|447|1|1|0.0038|0.0002|0.0003|-0.0165|0.0043||1.56|132|1.21|29
GME211217P00370000||||172.65|172.65|37|0.00|0.0000|0|3|0|0|-0.9956|0.0003|-0.1619|-0.0177|0.0049||192.35|12|188.45|21
GME211217C00380000|1.60|1.60|1.60|1.36|1.60|38|0.24|0.1765|1|169|1|1|0.0033|0.0002|0.0002|-0.0147|0.0038||1.56|121|1.20|1
GME211217P00380000||||165.60|165.60|38|0.00|0.0000|0|17|0|0|-0.9963|0.0002|-0.1663|-0.0150|0.0041||202.10|11|198.35|18
GME211217C00390000|1.18|1.18|1.18|1.38|1.18|39|-0.20|-0.1449|0|192|1|1|0.0029|0.0002|0.0002|-0.0136|0.0034||1.24|25|1.03|17
GME211217P00390000||||||39|||0|0|0|0|-0.9967|0.0002|-0.1707|-0.0137|0.0037||212.10|1|208.15|12
GME211217C00400000|1.20|1.39|1.01|1.29|1.02|40|-0.27|-0.2093|16|1166|7|66|0.0024|0.0002|0.0002|-0.0112|0.0028||1.17|23|1.00|3
GME211217P00400000||||198.90|198.90|40|0.00|0.0000|0|3|0|0|-0.9970|0.0002|-0.1751|-0.0127|0.0034||222.10|2|218.15|12
GME211217C00410000|1.00|1.00|1.00|1.22|1.00|41|-0.22|-0.1803|1|204|1|1|0.0020|0.0001|0.0001|-0.0095|0.0024||1.12|54|0.88|18
GME211217P00410000||||190.90|190.90|41|0.00|0.0000|0|3|0|0|-0.9974|0.0002|-0.1795|-0.0113|0.0030||232.80|10|228.15|4
GME211217C00420000|1.37|1.37|0.90|1.16|0.95|42|-0.21|-0.1810|-1|539|1|15|0.0017|0.0001|0.0001|-0.0086|0.0021||1.04|51|0.79|28
GME211217P00420000||||189.85|189.85|42|0.00|0.0000|0|16|0|0|-0.9984|0.0001|-0.1840|-0.0064|0.0019||241.95|12|238.00|19
GME211217C00430000|0.97|0.97|0.97|1.08|0.97|43|-0.11|-0.1019|0|208|7|7|0.0015|0.0001|0.0001|-0.0078|0.0019||1.04|76|0.65|27
GME211217P00430000||||244.20|244.20|43|0.00|0.0000|0|0|0|0|-0.9986|0.0001|-0.1884|-0.0056|0.0017||251.95|1|247.70|12
GME211217C00440000||||1.15|1.15|44|0.00|0.0000|4|472|0|0|0.0013|0.0001|0.0001|-0.0069|0.0016||0.90|14|0.59|20
GME211217P00440000||||||44|||0|0|0|0|-0.9989|0.0001|-0.1928|-0.0041|0.0014||261.95|12|257.65|12
GME211217C00450000|1.03|1.03|0.76|1.02|0.79|45|-0.23|-0.2255|5|684|1|9|0.0010|0.0001|0.0001|-0.0056|0.0013||0.80|6|0.59|12
GME211217P00450000||||||45|||0|0|0|0|-0.9990|0.0001|-0.1972|-0.0036|0.0012||272.50|10|267.60|12
GME211217C00460000|1.11|1.11|0.68|1.02|0.76|46|-0.26|-0.2549|-133|1136|1|12|0.0010|0.0001|0.0001|-0.0056|0.0013||0.89|32|0.60|1
GME211217P00460000||||261.60|261.60|46|0.00|0.0000|0|5|0|0|-0.9991|0.0001|-0.2016|-0.0032|0.0011||282.45|12|277.55|12
GME211217C00470000|0.90|0.90|0.78|0.84|0.78|47|-0.06|-0.0714|0|189|1|11|0.0318|0.0009|0.0021|-0.1848|0.0270||0.85|31|0.45|40
GME211217P00470000||||||47||||0|0|0|-1.0000|0.0000|-0.2060|0.0016|0.0000||292.40|12|287.50|6
GME211217C00480000|0.82|0.82|0.63|0.67|0.63|48|-0.04|-0.0597|7|224|4|7|0.0338|0.0009|0.0023|-0.2008|0.0285||0.79|21|0.44|61
GME211217P00480000||||264.21|264.21|48|0.00|0.0000|0|7|0|0|-0.9758|0.0007|-0.2088|-0.1411|0.0215||302.35|12|297.50|6
GME211217C00490000|1.01|1.01|0.52|0.86|0.52|49|-0.34|-0.3953|1|97|6|9|0.0316|0.0008|0.0021|-0.1907|0.0269||0.79|34|0.41|13
GME211217P00490000||||274.04|274.04|49|0.00|0.0000|0|7|0|0|-0.9778|0.0007|-0.2133|-0.1320|0.0201||312.30|12|307.45|5
GME211217C00500000|0.90|0.90|0.48|0.80|0.50|50|-0.30|-0.3750|-5|2488|13|103|0.0219|0.0006|0.0015|-0.1342|0.0198||0.73|9|0.50|8
GME211217P00500000||||290.05|290.05|50|0.00|0.0000|0|7|0|0|-0.9669|0.0008|-0.2170|-0.2019|0.0279||322.30|12|317.45|5
GME211217C00510000|0.72|0.96|0.44|0.72|0.51|51|-0.21|-0.2917|101|1366|1|168|0.0213|0.0006|0.0014|-0.1323|0.0193||0.70|44|0.42|6
GME211217P00510000||||277.97|277.97|51|0.00|0.0000|0|0|0|0|-0.9925|0.0003|-0.2230|-0.0443|0.0078||331.95|12|327.15|4
GME211223C00100000||||80.77|80.77|14|0.00|0.0000|-2|14|0|0|0.9736|0.0010|0.0570|-0.0845|0.0271||83.45|12|80.15|12
GME211223P00100000|0.90|0.90|0.88|0.80|0.88|14|0.08|0.1000|7|116|10|11|-0.0286|0.0011|-0.0036|-0.0923|0.0291||1.13|29|0.46|46
GME211223C00110000||||||13||||0|0|0|1.0000|0.0000|0.0663|-0.0004|0.0000||74.20|10|70.50|12
GME211223P00110000|0.80|1.33|0.80|1.69|1.33|13|-0.36|-0.2130|6|28|10|20|-0.1138|0.0020|-0.0442|-0.1557|0.1401||1.25|1|0.94|21
GME211223C00120000||||103.35|103.35|12|0.00|0.0000|0|1|0|0|0.8292|0.0011|0.0280|-1.2925|0.1128||64.75|16|60.45|10
GME211223P00120000||||1.15|1.15|12|0.00|0.0000|0|25|0|0|-0.0460|0.0020|-0.0056|-0.1048|0.0428||2.19|15|1.50|29
GME211223C00130000||||||11||||0|0|0|1.0000|0.0000|0.0784|-0.0005|0.0000||55.65|14|51.45|10
GME211223P00130000|2.84|2.84|2.69|2.33|2.69|11|0.36|0.1545|4|72|1|111|-0.0930|0.0033|-0.0116|-0.1908|0.0739||3.25|16|2.33|48
GME211223C00140000||||||10||||0|0|0|1.0000|0.0000|0.0844|-0.0005|0.0000||47.00|27|43.30|10
GME211223P00140000|4.10|4.40|4.10|3.90|4.40|10|0.50|0.1282|11|40|1|2|-0.1427|0.0045|-0.0181|-0.2551|0.1001||4.70|6|3.65|26
GME211223C00145000||||||9|||||0|0|1.0000|0.0000|0.0874|-0.0005|0.0000||42.90|15|39.20|12
GME211223P00145000||||||9|||||0|0|0.0000|0.0000|0.0000|0.0000|0.0000||5.65|10|4.60|26
GME211223C00150000||||55.90|55.90|8|0.00|0.0000|0|4|0|0|0.7301|0.0031|0.0458|-0.8104|0.1469||39.00|13|35.40|13
GME211223P00150000|4.80|7.60|4.10|6.45|6.07|8|-0.38|-0.0589|82|206|1|56|-0.1957|0.0059|-0.0248|-0.2929|0.1228||6.95|9|5.70|64
GME211223C00155000||||57.05|57.05|7|0.00|0.0000|0|10|0|0|0.7134|0.0029|0.0433|-0.9176|0.1512||35.05|17|32.30|5
GME211223P00155000|8.65|9.55|8.65|3.81|9.30|7|5.49|1.4409|0|111|8|18|-0.2485|0.0061|-0.0325|-0.3761|0.1407||8.40|8|7.00|40
GME211223C00160000||||53.80|53.80|6|0.00|0.0000|0|12|0|0|0.6959|0.0030|0.0433|-0.9217|0.1554||31.60|22|28.95|10
GME211223P00160000|10.28|11.60|8.10|9.59|9.45|6|-0.14|-0.0146|14|61|3|9|-0.2742|0.0071|-0.0354|-0.3575|0.1479||10.10|15|8.55|32
GME211223C00165000||||||5||||0|0|0|1.0000|0.0000|0.0994|-0.0006|0.0000||28.50|28|25.85|4
GME211223P00165000||||11.60|11.60|5|0.00|0.0000|12|21|0|0|-0.3158|0.0074|-0.0413|-0.3866|0.1579||11.95|9|10.35|28
GME211223C00170000||||25.94|25.94|4|0.00|0.0000|11|15|0|0|0.6409|0.0071|0.0542|-0.4446|0.1661||25.55|20|23.00|9
GME211223P00170000||||14.35|14.35|4|0.00|0.0000|2|33|0|0|-0.3582|0.0075|-0.0476|-0.4197|0.1658||14.20|10|12.40|31
GME211223C00175000||||19.00|19.00|3|0.00|0.0000|1|3|0|0|0.6022|0.0094|0.0541|-0.3592|0.1713||22.90|22|20.40|8
GME211223P00175000|13.64|17.35|13.50|16.30|16.05|3|-0.25|-0.0153|30|54|1|32|-0.3986|0.0081|-0.0530|-0.4181|0.1714||16.65|9|14.70|26
