symbol|open|high|low|preClose|close|activeLevel|change|changeRatio|openIntChange|openInterest|latestPriceVol|volume|delta|gamma|rho|theta|vega|tradeStamptradeTime|ask|avol|bid|bvol
GME211210C00100000|67.07|72.35|67.00|65.54|70.90|10|5.36|0.0818|1|2|44|215|0.9681|0.0014|0.0129|-0.3736|0.0141||73.95|17|69.00|18
GME211210P00100000|1.49|2.05|1.23|1.45|1.40|10|-0.05|-0.0345|481|720|1|2665|-0.0498|0.0017|-0.0014|-0.6213|0.0203||1.44|11|1.35|2
GME211210C00110000||||76.13|76.13|9|0.00|0.0000|0|2|0|0|0.8302|0.0021|0.0089|-3.1038|0.0500||64.10|8|59.15|7
GME211210P00110000|1.65|2.30|1.62|1.80|1.66|9|-0.14|-0.0778|89|304|1|728|-0.0660|0.0024|-0.0018|-0.6916|0.0254||1.81|4|1.63|1
GME211210C00120000||||56.97|56.97|8|0.00|0.0000|0|1|0|0|0.8458|0.0033|0.0119|-1.7067|0.0470||54.45|8|49.55|7
GME211210P00120000|2.50|2.90|2.03|2.43|2.05|8|-0.38|-0.1564|529|792|2|1052|-0.0851|0.0033|-0.0023|-0.7320|0.0308||2.25|6|2.00|31
GME211210C00130000|38.97|43.65|38.97|38.97|41.19|7|2.22|0.0570|0|0|1|11|0.9300|0.0042|0.0160|-0.4321|0.0266||45.75|9|40.50|13
GME211210P00130000|3.25|3.85|2.55|3.10|2.55|7|-0.55|-0.1774|414|845|5|636|-0.1193|0.0047|-0.0031|-0.8413|0.0394||2.95|1|2.53|12
GME211210C00140000|30.25|34.35|30.25|29.50|34.35|6|4.85|0.1644|5|34|1|17|0.8178|0.0065|0.0143|-1.0700|0.0523||36.75|9|31.70|6
GME211210P00140000|4.70|5.50|3.49|4.30|3.50|6|-0.80|-0.1860|290|731|1|851|-0.1719|0.0067|-0.0045|-0.9742|0.0504||3.80|18|3.35|16
GME211210C00145000|28.00|29.62|25.50|24.75|29.62|5|4.87|0.1968|8|8|1|17|0.7929|0.0078|0.0144|-1.0469|0.0566||32.20|22|27.65|15
GME211210P00145000|5.25|6.55|4.15|5.20|4.26|5|-0.94|-0.1808|108|123|1|375|-0.2036|0.0079|-0.0053|-1.0147|0.0560||4.45|16|4.05|11
GME211210C00150000|25.89|26.40|22.00|24.62|25.95|4|1.33|0.0540|53|73|6|41|0.7487|0.0089|0.0139|-1.1399|0.0630||28.25|32|23.85|12
GME211210P00150000|6.90|8.20|5.00|6.25|5.10|4|-1.15|-0.1840|435|895|1|782|-0.2439|0.0092|-0.0064|-1.0675|0.0620||5.45|17|5.05|4
GME211210C00155000|21.89|23.00|21.80|23.55|21.80|3|-1.75|-0.0743|13|58|6|9|0.7022|0.0102|0.0134|-1.1816|0.0686||23.55|33|20.15|18
GME211210P00155000|8.20|9.73|6.30|8.00|6.30|3|-1.70|-0.2125|127|371|1|354|-0.2931|0.0105|-0.0077|-1.1266|0.0681||6.70|25|6.15|24
GME211210C00160000|18.50|19.60|15.00|21.00|18.09|2|-2.91|-0.1386|50|254|1|37|0.6495|0.0115|0.0126|-1.1919|0.0733||19.05|20|16.80|22
GME211210P00160000|10.40|11.85|7.45|9.45|8.00|2|-1.45|-0.1534|56|497|1|766|-0.3515|0.0114|-0.0093|-1.2089|0.0734||8.40|24|7.65|19
GME211210C00165000|16.50|16.85|12.35|18.15|14.90|1|-3.25|-0.1791|57|60|1|195|0.5886|0.0127|0.0117|-1.1934|0.0770||15.50|22|13.75|55
GME211210P00165000|12.95|14.18|9.35|10.85|10.02|1|-0.83|-0.0765|22|384|1|582|-0.4121|0.0121|-0.0110|-1.2504|0.0770||10.15|15|9.65|4
GME211210C00170000|12.80|14.60|10.00|14.85|11.86|1|-2.99|-0.2013|156|177|1|659|0.5251|0.0126|0.0105|-1.2577|0.0788||12.60|13|11.40|48
GME211210P00170000|15.35|17.00|11.40|13.48|12.00|1|-1.48|-0.1098|154|595|1|372|-0.4762|0.0130|-0.0128|-1.2227|0.0788||12.60|12|11.70|11
GME211210C00175000|10.15|11.91|8.30|13.46|9.50|2|-3.96|-0.2942|199|272|1|349|0.4618|0.0127|0.0093|-1.2379|0.0786||10.15|20|9.20|18
GME211210P00175000|18.75|19.50|14.50|16.00|15.19|2|-0.81|-0.0506|-4|518|1|200|-0.5427|0.0132|-0.0147|-1.1872|0.0785||15.60|20|14.45|1
GME211210C00177500|12.00|12.00|7.50|12.00|8.65|3|-3.35|-0.2792|20|47|8|190|0.4277|0.0129|0.0087|-1.1908|0.0776||9.05|30|8.05|61
GME211210P00177500|20.35|20.35|16.05|22.55|16.86|3|-5.69|-0.2523|32|266|1|50|-0.5703|0.0128|-0.0156|-1.2090|0.0777||17.70|25|15.65|15
GME211210C00180000|8.40|10.00|6.50|11.20|7.65|4|-3.55|-0.3170|98|404|1|563|0.3976|0.0127|0.0081|-1.1722|0.0763||8.10|31|7.60|1
GME211210P00180000|21.67|23.10|17.56|19.50|17.98|4|-1.52|-0.0779|-75|630|8|74|-0.6009|0.0126|-0.0165|-1.1839|0.0764||18.75|25|17.30|2
GME211210C00182500|7.53|8.70|6.00|9.20|6.40|5|-2.80|-0.3043|82|148|1|133|0.3667|0.0125|0.0075|-1.1345|0.0745||7.15|34|6.45|71
GME211210P00182500|21.20|23.00|19.50|26.97|20.00|5|-6.97|-0.2584|27|232|1|24|-0.6229|0.0119|-0.0173|-1.2082|0.0752||20.50|18|18.70|12
GME211210C00185000|7.00|8.00|5.30|9.00|6.10|6|-2.90|-0.3222|114|246|1|586|0.3323|0.0124|0.0069|-1.0648|0.0718||6.45|47|5.75|73
GME211210P00185000|24.00|26.95|21.36|22.22|21.36|6|-0.86|-0.0387|13|469|1|125|-0.6637|0.0122|-0.0184|-1.0887|0.0722||22.60|20|20.55|5
GME211210C00187500|5.05|7.05|4.70|8.15|5.65|7|-2.50|-0.3067|18|82|1|105|0.3115|0.0117|0.0065|-1.0664|0.0699||5.65|14|5.15|19
GME211210P00187500|24.95|28.00|24.95|29.08|28.00|7|-1.08|-0.0371|3|259|3|7|-0.6136|0.0090|-0.0181|-1.6192|0.0757||24.85|18|22.15|13
GME211210C00190000|6.42|6.71|4.25|8.00|4.85|8|-3.15|-0.3938|151|350|1|405|0.2867|0.0112|0.0060|-1.0310|0.0674||5.05|12|4.65|17
GME211210P00190000|27.48|30.38|26.00|29.43|26.12|8|-3.31|-0.1125|14|512|10|31|-0.6945|0.0107|-0.0197|-1.1437|0.0693||27.35|30|23.95|13
GME211210C00192500|5.25|5.85|4.05|6.25|4.25|9|-2.00|-0.3200|0|88|1|68|0.2914|0.0101|0.0060|-1.1611|0.0679||4.45|16|4.00|38
GME211210P00192500|30.60|30.60|27.83|35.21|27.83|9|-7.38|-0.2096|4|122|2|7|-0.7216|0.0104|-0.0206|-1.0794|0.0664||29.10|23|25.75|13
GME211210C00195000|6.25|6.25|3.50|6.43|3.85|10|-2.58|-0.4012|42|292|1|260|0.2443|0.0102|0.0051|-0.9675|0.0621||4.00|25|3.65|22
GME211210P00195000|31.53|33.73|27.93|35.56|28.29|10|-7.27|-0.2044|18|303|1|13|-0.7857|0.0105|-0.0222|-0.8057|0.0577||31.55|24|27.80|13
GME211210C00197500|4.90|4.90|3.24|6.00|3.50|11|-2.50|-0.4167|21|127|1|101|0.2213|0.0097|0.0046|-0.9106|0.0588||3.60|29|3.30|20
GME211210P00197500|34.54|34.54|31.95|36.83|33.48|11|-3.35|-0.0910|1|120|4|15|-0.7238|0.0090|-0.0214|-1.2480|0.0662||33.30|20|29.40|22
GME211210C00200000|4.30|5.20|2.84|5.67|3.15|12|-2.52|-0.4444|954|1728|1|1978|0.2057|0.0091|0.0043|-0.8862|0.0563||3.20|10|3.00|14
GME211210P00200000|36.41|39.35|34.50|43.50|34.70|12|-8.80|-0.2023|19|699|1|28|-0.7599|0.0089|-0.0225|-1.0909|0.0615||35.80|18|31.45|15
GME211210C00202500|4.30|4.35|2.59|5.15|2.75|13|-2.40|-0.4660|17|94|1|102|0.2042|0.0086|0.0043|-0.9361|0.0561||2.94|17|2.68|17
GME211210P00202500||||45.70|45.70|13|0.00|0.0000|-13|35|0|0|-0.6290|0.0063|-0.0209|-2.2739|0.0748||38.20|17|33.55|10
GME211210C00205000|3.50|3.85|2.36|4.74|2.60|14|-2.14|-0.4515|69|238|10|291|0.1762|0.0081|0.0037|-0.8245|0.0512||2.69|18|2.45|5
GME211210P00205000|41.48|41.48|41.48|38.52|41.48|14|2.96|0.0768|4|180|1|1|-0.7331|0.0076|-0.0228|-1.4271|0.0650||40.05|13|35.95|12
GME211210C00207500|3.00|3.35|2.32|4.00|2.33|15|-1.67|-0.4175|4|82|1|37|0.1585|0.0076|0.0033|-0.7660|0.0478||2.47|14|2.14|47
GME211210P00207500|42.18|42.53|42.18|49.37|42.53|15|-6.84|-0.1385|6|26|5|6|-0.7692|0.0075|-0.0237|-1.2311|0.0602||42.50|13|38.30|15
GME211210C00210000|2.99|3.21|2.00|4.02|2.10|16|-1.92|-0.4776|23|359|1|333|0.1507|0.0072|0.0032|-0.7594|0.0463||2.28|16|2.05|3
GME211210P00210000|44.42|46.60|42.55|47.00|46.60|16|-0.40|-0.0085|29|141|2|29|-0.7413|0.0069|-0.0237|-1.5100|0.0640||44.85|17|40.65|11
GME211210C00212500|2.92|2.96|1.91|3.05|2.14|17|-0.91|-0.2984|8|88|1|32|0.1407|0.0068|0.0030|-0.7354|0.0442||2.11|16|1.86|10
GME211210P00212500|48.25|48.25|48.25|44.38|48.25|17|3.87|0.0872|1|38|1|1|-0.7629|0.0068|-0.0244|-1.4043|0.0611||47.35|22|42.65|23
GME211210C00215000|3.35|3.35|1.78|3.50|1.90|18|-1.60|-0.4571|50|216|1|219|0.1299|0.0064|0.0027|-0.7016|0.0418||1.96|18|1.69|23
GME211210P00215000|52.12|52.12|52.12|50.45|52.12|18|1.67|0.0331|41|73|1|1|-0.7408|0.0063|-0.0244|-1.6516|0.0641||49.45|12|45.15|16
GME211210C00217500|3.20|3.20|1.63|2.86|1.63|19|-1.23|-0.4301|5|35|1|13|0.1137|0.0059|0.0024|-0.6295|0.0381||1.82|16|1.60|12
GME211210P00217500|53.30|53.30|53.30|49.60|53.30|19|3.70|0.0746|10|37|1|1|-0.7701|0.0063|-0.0252|-1.4659|0.0601||51.95|19|47.65|15
GME211210C00220000|2.95|2.95|1.50|3.00|1.60|20|-1.40|-0.4667|8|421|1|575|0.1160|0.0057|0.0024|-0.6709|0.0386||1.68|14|1.54|8
GME211210P00220000|54.50|54.85|54.32|55.33|54.32|20|-1.01|-0.0183|9|165|2|5|-0.8064|0.0061|-0.0262|-1.2260|0.0543||54.45|19|50.15|13
GME211210C00222500|2.64|2.64|1.47|2.00|1.52|21|-0.48|-0.2400|4|92|10|84|0.1064|0.0053|0.0022|-0.6330|0.0363||1.62|35|1.43|16
GME211210P00222500||||42.95|42.95|21|0.00|0.0000|1|39|0|0|-0.9972|0.0005|-0.0304|-0.0133|0.0017||56.95|11|52.65|13
GME211210C00225000|2.60|2.60|1.27|2.70|1.41|22|-1.29|-0.4778|124|472|1|228|0.1030|0.0051|0.0022|-0.6330|0.0355||1.50|24|1.35|20
GME211210P00225000|54.45|61.85|54.45|63.55|61.85|22|-1.70|-0.0268|15|477|1|2|-0.7603|0.0056|-0.0262|-1.7217|0.0615||59.35|8|55.10|13
GME211210C00227500|2.19|2.19|1.36|2.10|1.39|23|-0.71|-0.3381|11|35|1|19|0.0941|0.0047|0.0020|-0.5933|0.0332||1.47|28|1.22|30
GME211210P00227500||||34.06|34.06|23|0.00|0.0000|0|35|0|0|-1.0000|0.0000|-0.0312|0.0006|0.0000||61.65|5|55.70|13
GME211210C00230000|2.02|2.02|1.15|2.40|1.28|24|-1.12|-0.4667|75|470|1|240|0.0905|0.0045|0.0019|-0.5878|0.0323||1.35|19|1.22|6
GME211210P00230000||||63.29|63.29|24|0.00|0.0000|-18|20|0|0|-0.8435|0.0053|-0.0283|-1.0907|0.0474||64.00|5|58.20|13
GME211210C00232500|1.97|1.97|1.20|1.90|1.27|25|-0.63|-0.3316|22|55|1|23|0.0853|0.0043|0.0018|-0.5685|0.0309||1.30|22|1.06|24
GME211210P00232500||||68.97|68.97|25|0.00|0.0000|-1|5|0|0|-0.7767|0.0052|-0.0275|-1.7261|0.0591||66.50|3|60.70|13
GME211210C00235000|2.04|2.04|1.09|2.11|1.19|26|-0.92|-0.4360|-34|864|1|123|0.0811|0.0041|0.0017|-0.5550|0.0297||1.21|13|1.02|43
GME211210P00235000||||74.05|74.05|26|0.00|0.0000|-3|32|0|0|-0.7369|0.0049|-0.0273|-2.1840|0.0646||68.95|5|63.15|13
GME211210C00237500|1.67|1.67|1.17|2.00|1.17|27|-0.83|-0.4150|1|20|1|8|0.0782|0.0039|0.0016|-0.5490|0.0289||1.21|25|1.02|24
GME211210P00237500||||76.45|76.45|27|0.00|0.0000|-1|24|0|0|-0.7410|0.0048|-0.0277|-2.1957|0.0640||71.45|5|65.50|13
GME211210C00240000|1.58|1.67|0.96|1.91|0.99|28|-0.92|-0.4817|-15|302|2|170|0.0756|0.0037|0.0016|-0.5453|0.0282||1.15|18|0.97|22
GME211210P00240000|74.06|74.06|71.95|79.00|71.95|28|-7.05|-0.0892|-3|31|1|3|-0.8896|0.0043|-0.0306|-0.8243|0.0373||73.95|4|67.95|13
GME211210C00245000|1.42|1.45|0.90|1.80|1.00|29|-0.80|-0.4444|16|182|4|146|0.0675|0.0034|0.0014|-0.5090|0.0258||1.07|22|0.93|21
GME211210P00245000||||50.19|50.19|29|0.00|0.0000|0|23|0|0|-0.9999|0.0000|-0.0336|0.0000|0.0001||78.90|5|72.90|13
GME211210C00250000|1.50|1.60|0.81|1.71|0.92|30|-0.79|-0.4620|563|2863|1|2192|0.0640|0.0031|0.0013|-0.5053|0.0248||0.95|9|0.93|1
GME211210P00250000|83.20|83.20|83.20|60.35|83.20|30|22.85|0.3786|0|15|2|2|-0.8606|0.0042|-0.0315|-1.1821|0.0439||83.70|5|77.85|13
GME211210C00255000|1.33|1.33|0.58|1.61|0.92|31|-0.69|-0.4286|12|73|1|260|0.0591|0.0029|0.0012|-0.4861|0.0233||0.93|16|0.84|10
GME211210P00255000||||40.40|40.40|31|0.00|0.0000|0|5|0|0|-1.0000|0.0000|-0.0349|0.0008|0.0000||88.50|4|82.80|13
GME211210C00260000|1.45|1.45|0.73|1.44|0.92|32|-0.52|-0.3611|-82|892|1|1291|0.0575|0.0027|0.0012|-0.4925|0.0228||0.93|22|0.80|1
GME211210P00260000||||69.85|69.85|32|0.00|0.0000|0|22|0|0|-0.9994|0.0001|-0.0356|-0.0039|0.0004||93.50|4|87.80|13
GME211210C00270000|0.88|1.15|0.64|1.30|0.84|33|-0.46|-0.3538|-13|180|1|312|0.0483|0.0023|0.0010|-0.4427|0.0198||0.82|22|0.65|22
GME211210P00270000||||103.46|103.46|33|0.00|0.0000|1|15|0|0|-0.8651|0.0035|-0.0344|-1.3353|0.0429||103.50|16|97.75|10
GME211210C00280000|1.14|1.14|0.57|1.08|0.69|34|-0.39|-0.3611|17|259|2|76|0.0427|0.0020|0.0009|-0.4172|0.0180||0.67|4|0.60|15
GME211210P00280000||||112.20|112.20|34|0.00|0.0000|5|6|0|0|-0.8992|0.0030|-0.0364|-1.0370|0.0349||113.55|16|107.70|16
GME211210C00290000|1.09|1.09|0.54|1.10|0.61|35|-0.49|-0.4455|384|555|1|70|0.0377|0.0017|0.0008|-0.3908|0.0163||0.67|20|0.54|18
GME211210P00290000||||82.25|82.25|35|0.00|0.0000|0|7|0|0|-1.0000|0.0000|-0.0397|0.0007|0.0000||123.25|15|117.70|15
GME211210C00300000|0.90|0.95|0.43|1.00|0.54|36|-0.46|-0.4600|291|1210|1|993|0.0346|0.0015|0.0007|-0.3777|0.0151||0.56|1|0.53|3
GME211210P00300000||||76.00|76.00|36|0.00|0.0000|0|14|0|0|-1.0000|0.0000|-0.0411|0.0010|0.0000||133.40|16|127.70|14
GME211210C00310000|0.93|0.93|0.45|1.00|0.51|37|-0.49|-0.4900|19|283|1|116|0.0312|0.0014|0.0006|-0.3575|0.0139||0.53|10|0.51|6
GME211210P00310000||||83.61|83.61|37|0.00|0.0000|0|4|0|0|-1.0000|0.0000|-0.0425|0.0006|0.0000||143.35|16|137.70|13
GME211210C00320000|1.10|1.10|0.44|0.90|0.48|38|-0.42|-0.4667|1|277|1|99|0.0280|0.0012|0.0006|-0.3356|0.0127||0.49|2|0.42|12
GME211210P00320000||||89.47|89.47|38|0.00|0.0000|0|3|0|0|-1.0000|0.0000|-0.0438|0.0010|0.0000||153.20|16|147.65|14
GME211210C00330000|0.73|0.73|0.42|0.80|0.44|39|-0.36|-0.4500|3|249|7|238|0.0254|0.0011|0.0005|-0.3172|0.0117||0.50|20|0.43|10
GME211210P00330000||||||39||||0|0|0|-1.0000|0.0000|-0.0452|0.0011|0.0000||163.95|16|157.65|13
GME211210C00340000|0.75|0.78|0.34|0.82|0.40|40|-0.42|-0.5122|44|131|1|68|0.0229|0.0010|0.0005|-0.2974|0.0108||0.40|4|0.33|14
GME211210P00340000||||||40||||0|0|0|-1.0000|0.0000|-0.0466|0.0011|0.0000||173.05|16|167.65|13
GME211210C00350000|0.65|0.79|0.33|0.77|0.37|41|-0.40|-0.5195|62|499|1|307|0.0219|0.0009|0.0005|-0.2953|0.0104||0.37|1|0.36|2
GME211210P00350000||||||41||||0|0|0|-1.0000|0.0000|-0.0479|0.0011|0.0000||183.00|16|177.65|13
GME211210C00360000|0.61|0.61|0.29|0.77|0.32|42|-0.45|-0.5844|4|89|1|86|0.0198|0.0008|0.0004|-0.2751|0.0095||0.34|3|0.28|15
GME211210P00360000||||||42||||0|0|0|-1.0000|0.0000|-0.0493|0.0012|0.0000||194.20|15|187.70|15
GME211210C00370000|0.30|0.34|0.29|0.73|0.32|43|-0.41|-0.5616|17|38|1|4|0.0188|0.0008|0.0004|-0.2700|0.0091||0.31|4|0.29|6
GME211210P00370000||||||43||||0|0|0|-1.0000|0.0000|-0.0507|0.0012|0.0000||202.90|16|197.70|13
GME211210C00380000|0.70|0.70|0.30|0.66|0.30|44|-0.36|-0.5455|7|57|1|3|0.0167|0.0007|0.0003|-0.2465|0.0082||0.28|5|0.25|2
GME211210P00380000||||||44||||0|0|0|-1.0000|0.0000|-0.0123|0.0003|0.0000||212.85|15|207.70|16
GME211210C00390000|0.56|0.56|0.26|0.60|0.27|45|-0.33|-0.5500|27|79|1|115|0.0150|0.0006|0.0003|-0.2284|0.0075||0.27|6|0.19|14
GME211210P00390000||||||45||||0|0|0|-1.0000|0.0000|-0.0534|0.0013|0.0000||222.80|16|217.75|12
GME211210C00400000|0.54|0.54|0.20|0.54|0.24|46|-0.30|-0.5556|108|528|1|168|0.0139|0.0006|0.0003|-0.2169|0.0070||0.25|5|0.21|12
GME211210P00400000||||||46||||0|0|0|-1.0000|0.0000|-0.8628|0.0017|0.0000||232.75|15|227.65|16
GME211210C00410000|0.29|0.29|0.22|0.53|0.22|47|-0.31|-0.5849|11|70|1|60|0.0123|0.0005|0.0003|-0.1963|0.0063||0.22|3|0.19|14
GME211210P00410000||||||47||||0|0|0|-1.0000|0.0000|-0.0562|0.0013|0.0000||242.75|16|237.30|19
GME211210C00420000|0.48|0.48|0.20|0.49|0.20|48|-0.29|-0.5918|7|178|1|91|0.0116|0.0005|0.0002|-0.1905|0.0060||0.20|3|0.14|5
GME211210P00420000||||||48||||0|0|0|-1.0000|0.0000|-0.0575|0.0014|0.0000||254.25|12|246.80|21
GME211210C00430000|0.98|0.98|0.13|0.50|0.13|49|-0.37|-0.7400|2|306|1|10|0.0110|0.0005|0.0002|-0.1844|0.0057||0.29|2|0.13|4
GME211210P00430000||||||49||||0|0|0|-1.0000|0.0000|-0.0589|0.0014|0.0000||263.95|4|256.80|28
GME211210C00440000|0.35|0.42|0.17|0.44|0.17|50|-0.27|-0.6136|13|80|1|15|0.0116|0.0005|0.0002|-0.1994|0.0060||0.22|1|0.08|5
GME211210P00440000||||||50||||0|0|0|-1.0000|0.0000|-0.0603|0.0014|0.0000||273.25|12|266.80|27
GME211210C00450000|0.47|0.47|0.15|0.40|0.16|51|-0.24|-0.6000|8|296|1|587|0.0093|0.0004|0.0002|-0.1633|0.0050||0.17|66|0.11|2
GME211210P00450000||||||51||||0|0|0|-1.0000|0.0000|-0.0616|0.0015|0.0000||283.90|12|276.80|27
GME211210C00460000|0.36|0.36|0.12|0.40|0.14|52|-0.26|-0.6500|48|66|5|119|0.0092|0.0004|0.0002|-0.1641|0.0049||0.20|1|0.11|1
GME211210P00460000||||||52||||0|0|0|-1.0000|0.0000|-0.0630|0.0015|0.0000||293.90|4|286.90|28
GME211210C00470000|0.35|0.35|0.16|0.37|0.16|53|-0.21|-0.5676|1|23|1|211|0.0086|0.0003|0.0002|-0.1569|0.0046||0.30|6|0.12|100
GME211210P00470000||||||53||||0|0|0|-1.0000|0.0000|-0.0644|0.0015|0.0000||304.30|4|296.85|4
GME211210C00480000|0.31|0.48|0.15|0.40|0.15|54|-0.25|-0.6250|40|73|1|25|0.0080|0.0003|0.0002|-0.1491|0.0044||0.32|2|0.10|5
GME211210P00480000||||||54||||0|0|0|-1.0000|0.0000|-0.0658|0.0016|0.0000||314.25|4|306.85|4
GME211210C00490000|0.50|0.50|0.15|0.35|0.18|55|-0.17|-0.4857|8|101|3|44|0.0092|0.0004|0.0002|-0.1741|0.0049||0.23|1|0.08|5
GME211210P00490000||||||55||||0|0|0|-1.0000|0.0000|-0.0671|0.0016|0.0000||324.25|4|316.85|4
GME211210C00500000|0.35|0.35|0.11|0.38|0.14|56|-0.24|-0.6316|43|893|1|120|0.0079|0.0003|0.0002|-0.1507|0.0043||0.16|1|0.13|2
GME211210P00500000||||||56||||0|0|0|-1.0000|0.0000|-0.0685|0.0016|0.0000||334.20|4|326.85|4
GME211210C00510000|0.30|0.34|0.11|0.35|0.11|57|-0.24|-0.6857|329|2355|1|964|0.0069|0.0003|0.0001|-0.1346|0.0038||0.14|30|0.10|11
GME211210P00510000||||||57||||0|0|0|-1.0000|0.0000|-0.0699|0.0017|0.0000||344.20|4|336.90|12
GME211217C00080000||||94.56|94.56|17|0.00|0.0000|0|2|0|0|0.9306|0.0012|0.0210|-0.6080|0.0409||92.85|3|89.20|6
GME211217P00080000|1.30|1.60|1.00|1.28|1.43|17|0.15|0.1172|256|606|1|448|-0.0337|0.0009|-0.0023|-0.2475|0.0230||1.47|1|1.28|20
GME211217C00085000||||95.85|95.85|16|0.00|0.0000|0|1|0|0|0.8929|0.0013|0.0184|-1.0825|0.0566||88.15|4|84.20|5
GME211217P00085000|1.75|1.77|1.52|1.39|1.56|16|0.17|0.1223|-1|120|1|12|-0.0406|0.0011|-0.0028|-0.2785|0.0267||1.65|1|1.39|19
GME211217C00090000||||137.00|137.00|15|0.00|0.0000|0|4|0|0|0.8831|0.0007|0.0103|-2.1942|0.0602||83.20|5|79.45|8
GME211217P00090000|1.88|1.98|1.53|1.47|1.53|15|0.06|0.0408|73|141|1|44|-0.0446|0.0013|-0.0030|-0.2809|0.0289||1.78|1|1.52|26
GME211217C00100000|67.18|67.18|67.18|79.69|67.18|14|-12.51|-0.1570|0|50|3|3|0.9990|0.0001|0.0328|-0.0043|0.0010||73.50|6|69.80|5
GME211217P00100000|2.04|2.41|1.85|1.90|1.90|14|0.00|0.0000|387|1051|4|578|-0.0011|0.0001|-0.0001|-0.0047|0.0012||2.00|1|1.84|5
GME211217C00105000||||66.05|66.05|13|0.00|0.0000|0|1|0|0|0.9978|0.0002|0.0344|-0.0086|0.0021||68.70|17|65.00|12
GME211217P00105000|2.50|2.55|2.05|2.36|2.09|13|-0.27|-0.1144|13|153|1|20|-0.0023|0.0002|-0.0001|-0.0088|0.0022||2.34|4|2.01|5
GME211217C00110000||||73.25|73.25|12|0.00|0.0000|0|1|0|0|0.9963|0.0004|0.0359|-0.0133|0.0034||63.95|17|60.20|12
GME211217P00110000|2.64|3.20|2.27|2.50|2.36|12|-0.14|-0.0560|0|354|1|143|-0.0045|0.0005|-0.0003|-0.0159|0.0041||2.50|5|2.24|2
GME211217C00115000||||112.11|112.11|11|0.00|0.0000|0|2|0|0|0.9933|0.0007|0.0374|-0.0216|0.0057||59.25|17|55.55|12
GME211217P00115000|3.30|3.45|2.62|2.87|2.62|11|-0.25|-0.0871|18|180|2|53|-0.0089|0.0008|-0.0005|-0.0285|0.0074||2.94|10|2.50|4
GME211217C00120000|52.20|52.20|52.20|44.77|52.20|10|7.43|0.1660|5|56|2|2|0.9872|0.0012|0.0387|-0.0374|0.0101||54.60|8|51.05|13
GME211217P00120000|3.60|3.95|2.83|3.25|3.05|10|-0.20|-0.0615|170|328|10|313|-0.0160|0.0014|-0.0009|-0.0469|0.0123||3.15|6|2.86|1
GME211217C00125000|47.70|47.70|47.70|79.68|47.70|9|-31.98|-0.4014|0|35|2|2|0.9746|0.0022|0.0396|-0.0677|0.0182||50.15|8|46.55|13
GME211217P00125000|4.70|4.90|3.11|4.41|3.37|9|-1.04|-0.2358|148|355|1|672|-0.0292|0.0024|-0.0017|-0.0782|0.0204||3.60|15|3.25|6
GME211217C00130000|39.61|39.61|39.61|43.52|39.61|8|-3.91|-0.0898|0|10|1|1|0.9580|0.0033|0.0402|-0.1009|0.0275||45.75|6|42.20|12
GME211217P00130000|5.00|5.55|3.70|5.00|3.85|8|-1.15|-0.2300|129|335|1|129|-0.0474|0.0035|-0.0028|-0.1149|0.0303||4.30|29|3.75|22
GME211217C00135000|35.61|35.61|35.61|36.02|35.61|7|-0.41|-0.0114|0|3|1|1|0.9313|0.0049|0.0403|-0.1495|0.0405||41.30|8|37.90|14
GME211217P00135000|5.78|6.34|4.55|6.65|4.75|7|-1.90|-0.2857|2|151|3|22|-0.0726|0.0050|-0.0043|-0.1589|0.0423||5.20|49|4.30|72
GME211217C00140000|33.50|33.50|33.50|34.60|33.50|6|-1.10|-0.0318|1|149|1|1|0.8987|0.0066|0.0399|-0.1971|0.0543||36.90|19|33.85|16
GME211217P00140000|7.35|8.13|5.22|6.90|5.57|6|-1.33|-0.1928|102|915|3|326|-0.1083|0.0067|-0.0065|-0.2138|0.0570||5.90|23|5.25|5
GME211217C00145000||||27.00|27.00|5|0.00|0.0000|2|59|0|0|-0.0197|0.0001|-0.3988|-0.7175|2.2988||33.00|18|29.85|15
GME211217P00145000|8.40|9.49|6.22|8.20|6.92|5|-1.28|-0.1561|18|252|8|81|-0.1558|0.0086|-0.0095|-0.2778|0.0733||7.40|33|6.25|32
GME211217C00150000||||27.40|27.40|4|0.00|0.0000|11|82|0|0|0.7957|0.0105|0.0369|-0.3201|0.0869||29.40|21|26.15|55
GME211217P00150000|10.75|11.40|7.20|9.15|7.95|4|-1.20|-0.1311|40|1882|1|888|-0.2092|0.0103|-0.0128|-0.3329|0.0881||8.25|23|7.70|6
GME211217C00155000|24.92|24.92|24.92|20.20|24.92|3|4.72|0.2337|14|26|4|4|0.7339|0.0122|0.0346|-0.3682|0.1006||25.75|15|22.70|19
GME211217P00155000|12.65|12.90|8.95|12.49|9.60|3|-2.89|-0.2314|97|405|2|58|-0.2699|0.0120|-0.0166|-0.3798|0.1013||9.90|25|9.15|16
GME211217C00160000|22.03|22.32|19.65|22.85|21.45|2|-1.40|-0.0613|41|137|1|13|0.6653|0.0136|0.0319|-0.4056|0.1116||22.35|25|20.00|24
GME211217P00160000|13.30|15.25|11.00|14.25|11.20|2|-3.05|-0.2140|6|1046|1|97|-0.3378|0.0132|-0.0210|-0.4201|0.1120||11.85|22|11.00|10
GME211217C00165000|19.10|19.35|16.35|19.49|18.30|1|-1.19|-0.0611|-3|79|1|34|0.5925|0.0143|0.0287|-0.4389|0.1190||19.35|26|17.50|23
GME211217P00165000|16.10|17.75|12.60|15.80|13.60|1|-2.20|-0.1392|43|353|1|286|-0.4093|0.0140|-0.0257|-0.4502|0.1191||14.00|28|13.05|13
GME211217C00170000|17.25|17.45|14.45|19.50|15.50|1|-4.00|-0.2051|18|135|1|96|0.5185|0.0145|0.0254|-0.4563|0.1221||16.70|44|15.00|77
GME211217P00170000|19.15|20.45|15.50|17.60|16.10|1|-1.50|-0.0852|26|1092|1|91|-0.4803|0.0141|-0.0306|-0.4674|0.1221||16.25|10|15.40|4
GME211217C00175000|14.32|16.15|12.00|15.96|13.42|2|-2.54|-0.1591|25|208|1|59|0.4465|0.0145|0.0221|-0.4489|0.1212||14.20|28|12.35|115
GME211217P00175000|21.55|23.50|17.50|19.30|18.97|2|-0.33|-0.0171|65|785|4|248|-0.5499|0.0141|-0.0354|-0.4630|0.1213||20.00|49|17.85|17
GME211217C00180000|12.68|13.50|9.50|14.75|11.46|3|-3.29|-0.2231|61|503|1|791|0.3793|0.0139|0.0189|-0.4338|0.1166||11.95|28|10.70|120
GME211217P00180000|24.32|26.18|20.90|23.68|21.30|3|-2.38|-0.1005|54|1128|1|24|-0.6164|0.0136|-0.0401|-0.4453|0.1170||22.60|34|20.70|37
GME211217C00185000|10.90|12.00|8.88|12.22|9.85|4|-2.37|-0.1939|14|284|1|93|0.3179|0.0130|0.0160|-0.4085|0.1093||10.15|26|9.35|22
GME211217P00185000|28.90|29.62|25.00|27.75|25.00|4|-2.75|-0.0991|-9|246|1|23|-0.6778|0.0128|-0.0447|-0.4182|0.1099||26.55|18|23.95|19
GME211217C00187500|9.22|9.40|9.22|8.62|9.25|5|0.63|0.0731|3|42|1|5|0.3751|0.0095|0.0178|-0.6338|0.1162||9.55|53|8.60|60
GME211217P00187500|27.07|27.07|27.07|34.50|27.07|5|-7.43|-0.2154|0|116|1|1|-0.5488|0.0067|-0.0420|-0.9724|0.1214||28.50|21|25.65|9
GME211217C00190000|10.50|10.50|7.65|11.00|8.48|6|-2.52|-0.2291|19|273|1|69|0.2635|0.0118|0.0133|-0.3765|0.1001||8.65|37|7.95|102
GME211217P00190000|32.80|32.80|28.60|32.96|29.00|6|-3.96|-0.1201|-15|431|1|48|-0.7302|0.0117|-0.0489|-0.3897|0.1013||30.45|56|27.55|19
GME211217C00192500|8.45|10.60|7.35|8.20|7.35|7|-0.85|-0.1037|9|39|1|11|0.3259|0.0093|0.0157|-0.5829|0.1104||8.05|41|7.15|90
GME211217P00192500||||38.40|38.40|7|0.00|0.0000|2|113|0|0|-0.5740|0.0065|-0.0447|-0.9834|0.1202||32.20|21|29.45|15
GME211217C00195000|8.00|8.35|6.68|8.75|7.86|8|-0.89|-0.1017|11|158|1|11|0.2173|0.0105|0.0110|-0.3426|0.0901||7.90|74|6.85|78
GME211217P00195000|36.78|36.78|32.30|36.79|32.30|8|-4.49|-0.1220|-32|441|10|44|-0.7768|0.0105|-0.0528|-0.3546|0.0915||34.30|21|31.35|11
GME211217C00197500|7.80|7.80|6.30|8.05|6.90|9|-1.15|-0.1429|-4|37|1|4|0.2896|0.0087|0.0140|-0.5591|0.1048||7.15|49|6.30|70
GME211217P00197500||||42.50|42.50|9|0.00|0.0000|0|93|0|0|-0.5962|0.0063|-0.0473|-0.9957|0.1187||36.30|18|33.15|16
GME211217C00200000|7.80|8.05|5.55|8.80|6.18|10|-2.62|-0.2977|716|2717|2|669|0.1792|0.0092|0.0091|-0.3093|0.0802||6.45|17|6.00|24
GME211217P00200000|39.83|39.83|35.75|40.50|38.53|10|-1.97|-0.0486|0|1919|1|51|-0.8142|0.0092|-0.0563|-0.3232|0.0820||38.40|24|35.00|18
GME211217C00202500|6.70|6.70|5.40|6.50|5.85|11|-0.65|-0.1000|-1|35|1|11|0.2821|0.0078|0.0135|-0.6098|0.1035||6.10|36|5.50|70
GME211217P00202500||||39.87|39.87|11|0.00|0.0000|3|120|0|0|-0.7072|0.0076|-0.0527|-0.6442|0.1054||40.50|23|37.10|18
GME211217C00205000|6.65|6.80|4.89|6.70|5.50|12|-1.20|-0.1791|11|64|4|42|0.2741|0.0075|0.0131|-0.6183|0.1021||5.50|1|5.15|78
GME211217P00205000|44.49|44.49|42.73|44.80|44.45|12|-0.35|-0.0078|-2|163|1|12|-0.6802|0.0068|-0.0527|-0.7788|0.1096||41.75|17|39.20|19
GME211217C00207500|6.10|6.10|4.58|5.50|5.65|13|0.15|0.0273|-1|31|1|7|0.2504|0.0074|0.0120|-0.5732|0.0975||5.50|47|4.75|59
GME211217P00207500|44.50|46.65|44.50|50.60|46.65|13|-3.95|-0.0781|35|216|1|5|-0.6900|0.0066|-0.0540|-0.7796|0.1081||44.80|23|41.35|16
GME211217C00210000|5.30|6.00|4.45|7.10|5.18|14|-1.92|-0.2704|-18|797|1|108|0.1133|0.0068|0.0058|-0.2271|0.0589||5.05|35|4.50|76
GME211217P00210000|48.25|51.30|43.75|49.35|44.25|14|-5.10|-0.1033|-7|208|1|89|-0.8818|0.0069|-0.0630|-0.2375|0.0607||47.00|26|43.90|11
GME211217C00212500|5.50|5.50|4.35|5.15|4.58|15|-0.57|-0.1107|-8|14|1|25|0.2118|0.0069|0.0103|-0.5054|0.0888||4.75|26|4.25|22
GME211217P00212500||||42.25|42.25|15|0.00|0.0000|0|59|0|0|-0.8741|0.0066|-0.0635|-0.2685|0.0634||49.20|24|45.80|17
GME211217C00215000|5.10|5.23|4.15|4.55|4.25|16|-0.30|-0.0659|6|103|2|20|0.2012|0.0067|0.0098|-0.4948|0.0861||4.50|20|4.00|16
GME211217P00215000|52.75|54.30|51.43|55.04|54.30|16|-0.74|-0.0134|3|104|6|27|-0.7019|0.0060|-0.0572|-0.8369|0.1063||51.45|19|47.90|15
GME211217C00217500||||5.10|5.10|17|0.00|0.0000|1|40|0|0|0.2198|0.0063|0.0105|-0.5767|0.0907||4.30|24|3.80|19
GME211217P00217500|55.40|56.80|55.00|54.90|56.80|17|1.90|0.0346|32|55|6|9|-0.7060|0.0058|-0.0582|-0.8520|0.1056||53.75|13|50.10|13
GME211217C00220000|4.65|4.80|3.50|5.43|3.80|18|-1.63|-0.3002|-24|1879|12|141|0.0707|0.0047|0.0037|-0.1615|0.0415||3.95|1|3.60|14
GME211217P00220000|59.00|59.00|59.00|54.49|59.00|18|4.51|0.0828|-22|424|1|1|-0.9233|0.0049|-0.0684|-0.1758|0.0442||56.05|19|52.45|15
GME211217C00222500|3.50|3.90|3.30|4.60|3.90|19|-0.70|-0.1522|1|70|1|22|0.1838|0.0059|0.0089|-0.4977|0.0815||3.85|12|3.45|14
GME211217P00222500||||49.15|49.15|19|0.00|0.0000|0|21|0|0|-0.8297|0.0059|-0.0648|-0.4533|0.0777||58.35|17|54.75|10
GME211217C00225000|4.25|4.50|3.20|4.50|3.85|20|-0.65|-0.1444|30|128|1|35|0.1793|0.0057|0.0087|-0.5003|0.0802||3.75|19|3.30|14
GME211217P00225000||||49.64|49.64|20|0.00|0.0000|0|30|0|0|-0.8660|0.0055|-0.0673|-0.3546|0.0662||60.70|17|57.05|11
GME211217C00227500|3.45|3.60|3.45|4.50|3.60|21|-0.90|-0.2000|1|9|1|2|0.1698|0.0055|0.0082|-0.4847|0.0775||3.60|19|3.15|26
GME211217P00227500||||51.86|51.86|21|0.00|0.0000|0|60|0|0|-0.9679|0.0028|-0.0731|-0.0772|0.0220||63.05|15|59.35|13
GME211217C00230000|3.80|3.90|3.05|4.80|3.20|22|-1.60|-0.3333|-6|436|1|19|0.0465|0.0033|0.0024|-0.1194|0.0298||3.40|11|3.10|10
GME211217P00230000||||64.00|64.00|22|0.00|0.0000|-1|63|0|0|-0.9506|0.0034|-0.0731|-0.1267|0.0313||65.40|12|61.75|13
GME211217C00232500||||3.80|3.80|23|0.00|0.0000|6|86|0|0|0.1699|0.0052|0.0082|-0.5161|0.0776||3.35|19|3.00|7
GME211217P00232500||||53.30|53.30|23|0.00|0.0000|0|19|0|0|-0.9730|0.0023|-0.0750|-0.0690|0.0191||67.75|13|64.30|12
GME211217C00235000|3.08|3.20|2.87|3.95|3.17|24|-0.78|-0.1975|4|78|1|14|0.1504|0.0049|0.0073|-0.4612|0.0716||3.15|8|2.92|4
GME211217P00235000||||68.76|68.76|24|0.00|0.0000|1|61|0|0|-0.8277|0.0050|-0.0690|-0.5399|0.0782||70.15|17|66.45|15
GME211217C00240000|3.05|3.50|2.75|3.45|2.88|25|-0.57|-0.1652|-35|321|4|82|0.0281|0.0022|0.0015|-0.0798|0.0198||3.05|10|2.67|26
GME211217P00240000|74.27|74.27|73.45|65.50|73.45|25|7.95|0.1214|0|54|1|2|-0.9679|0.0024|-0.0772|-0.0906|0.0220||74.95|7|71.35|13
GME211217C00245000|3.60|3.60|2.46|3.05|2.74|26|-0.31|-0.1016|-34|196|10|25|0.1301|0.0043|0.0063|-0.4349|0.0649||3.05|42|2.51|30
GME211217P00245000|78.25|78.25|78.00|83.35|78.00|26|-5.35|-0.0642|-9|38|1|2|-0.8523|0.0044|-0.0735|-0.5012|0.0708||79.80|7|76.35|13
GME211217C00250000|2.80|3.15|2.39|3.43|2.50|27|-0.93|-0.2711|99|1244|1|176|0.0176|0.0014|0.0009|-0.0544|0.0133||2.71|10|2.40|11
GME211217P00250000|85.24|85.24|85.24|84.85|85.24|27|0.39|0.0046|-1|55|1|1|-0.9804|0.0015|-0.0812|-0.0601|0.0146||84.65|7|81.15|13
GME211217C00255000|2.25|2.72|2.25|3.21|2.45|28|-0.76|-0.2368|4|359|1|6|0.1219|0.0038|0.0059|-0.4433|0.0620||2.63|13|2.28|11
GME211217P00255000||||39.75|39.75|28|0.00|0.0000|0|5|0|0|-1.0000|0.0000|-0.0838|0.0008|0.0000||89.50|8|85.85|13
GME211217C00260000|2.57|2.81|2.12|2.85|2.37|29|-0.48|-0.1684|4|523|4|72|0.0107|0.0009|0.0006|-0.0360|0.0087||2.63|51|2.13|29
GME211217P00260000||||89.25|89.25|29|0.00|0.0000|0|21|0|0|-0.9878|0.0010|-0.0848|-0.0402|0.0097||94.40|11|90.85|13
GME211217C00270000|2.98|2.98|1.93|2.71|2.10|30|-0.61|-0.2251|-3|572|12|105|0.0071|0.0006|0.0004|-0.0256|0.0061||2.31|7|1.98|7
GME211217P00270000|107.95|107.95|100.87|65.35|102.35|30|37.00|0.5662|0|49|8|34|-0.9916|0.0007|-0.0883|-0.0293|0.0070||104.20|11|100.60|13
GME211217C00280000|2.08|2.15|1.73|2.70|2.02|31|-0.68|-0.2519|-3|2026|1|43|0.0049|0.0004|0.0003|-0.0189|0.0044||2.20|21|1.85|5
GME211217P00280000||||91.00|91.00|31|0.00|0.0000|0|10|0|0|-0.9944|0.0005|-0.0918|-0.0208|0.0049||114.05|6|110.25|5
GME211217C00290000|2.00|2.07|1.70|2.15|1.95|32|-0.20|-0.0930|2|525|1|10|0.0034|0.0003|0.0002|-0.0138|0.0031||1.98|6|1.72|18
GME211217P00290000|127.73|127.73|127.73|68.50|127.73|32|59.23|0.8647|0|25|2|2|-0.9957|0.0004|-0.0951|-0.0166|0.0039||123.95|7|120.10|13
GME211217C00300000|3.27|3.27|1.60|2.29|1.75|33|-0.54|-0.2358|24|5731|2|559|0.0023|0.0002|0.0001|-0.0097|0.0022||1.84|1|1.66|8
GME211217P00300000||||126.50|126.50|33|0.00|0.0000|0|20|0|0|-0.9973|0.0002|-0.0985|-0.0107|0.0026||133.80|7|130.05|3
GME211217C00310000|3.06|3.06|1.50|1.97|1.64|34|-0.33|-0.1675|1|368|2|69|0.0015|0.0001|0.0001|-0.0067|0.0015||1.75|7|1.51|18
GME211217P00310000||||102.75|102.75|34|0.00|0.0000|0|3|0|0|-0.9981|0.0002|-0.1018|-0.0078|0.0019||143.75|17|139.85|13
GME211217C00320000|1.48|1.71|1.48|1.80|1.56|35|-0.24|-0.1333|0|448|1|14|0.0010|0.0001|0.0001|-0.0049|0.0011||1.72|28|1.38|39
GME211217P00320000||||96.00|96.00|35|0.00|0.0000|0|17|0|0|-0.9986|0.0001|-0.1051|-0.0056|0.0014||153.65|5|149.80|6
GME211217C00330000|1.90|1.90|1.35|1.81|1.44|36|-0.37|-0.2044|0|213|1|26|0.0008|0.0001|0.0000|-0.0038|0.0008||1.67|24|1.38|23
GME211217P00330000||||159.50|159.50|36|0.00|0.0000|0|3|0|0|-0.9990|0.0001|-0.1084|-0.0038|0.0010||163.60|16|159.70|9
GME211217C00340000|1.40|1.52|1.40|1.81|1.40|37|-0.41|-0.2265|0|232|5|14|0.0006|0.0001|0.0000|-0.0030|0.0006||1.50|6|1.32|16
GME211217P00340000||||126.85|126.85|37|0.00|0.0000|0|7|0|0|-0.9993|0.0001|-0.1117|-0.0026|0.0008||173.50|4|169.65|6
GME211217C00350000|1.45|1.51|1.18|1.64|1.27|38|-0.37|-0.2256|-9|1004|3|729|0.0004|0.0000|0.0000|-0.0024|0.0005||1.43|5|1.25|15
GME211217P00350000||||133.85|133.85|38|0.00|0.0000|0|4|0|0|-0.9994|0.0001|-0.1150|-0.0019|0.0006||183.50|3|179.65|13
GME211217C00360000|1.24|1.49|1.05|1.34|1.31|39|-0.03|-0.0224|11|315|1|10|0.0004|0.0000|0.0000|-0.0021|0.0004||1.30|1|1.13|23
GME211217P00360000||||||39|||0|0|0|0|-0.9995|0.0000|-0.1183|-0.0014|0.0005||193.50|4|189.65|2
GME211217C00370000|1.15|1.43|1.15|1.49|1.43|40|-0.06|-0.0403|-1|446|1|4|0.0003|0.0000|0.0000|-0.0018|0.0003||1.34|23|1.05|36
GME211217P00370000||||172.65|172.65|40|0.00|0.0000|0|3|0|0|-0.9996|0.0000|-0.1216|-0.0009|0.0004||203.25|16|199.45|9
GME211217C00380000|1.05|1.22|1.05|1.25|1.21|41|-0.04|-0.0320|0|168|2|35|0.0003|0.0000|0.0000|-0.0015|0.0003||1.30|18|1.20|5
GME211217P00380000||||208.83|208.83|41|0.00|0.0000|-1|16|0|0|-0.9997|0.0000|-0.1249|-0.0005|0.0003||213.25|2|209.40|12
GME211217C00390000|1.25|1.25|1.15|1.50|1.16|42|-0.34|-0.2267|1|194|1|29|0.0002|0.0000|0.0000|-0.0014|0.0003||1.17|2|1.15|4
GME211217P00390000||||||42|||0|0|0|0|-0.9997|0.0000|-0.1282|-0.0003|0.0003||223.25|1|219.35|12
GME211217C00400000|1.28|1.28|1.00|1.36|1.09|43|-0.27|-0.1985|91|1276|1|98|0.0002|0.0000|0.0000|-0.0010|0.0002||1.10|10|1.06|6
GME211217P00400000||||238.75|238.75|43|0.00|0.0000|0|3|0|0|-0.9998|0.0000|-0.1315|-0.0001|0.0003||233.25|1|229.30|12
GME211217C00410000|1.12|1.12|0.95|1.14|1.10|44|-0.04|-0.0351|21|226|3|6|0.0001|0.0000|0.0000|-0.0008|0.0002||1.10|16|0.87|31
GME211217P00410000||||190.90|190.90|44|0.00|0.0000|0|3|0|0|-0.9998|0.0000|-0.1348|0.0001|0.0002||243.40|12|239.25|6
GME211217C00420000|0.93|1.00|0.92|1.08|0.92|45|-0.16|-0.1481|0|542|1|8|0.0001|0.0000|0.0000|-0.0007|0.0001||1.10|20|0.85|28
GME211217P00420000||||189.85|189.85|45|0.00|0.0000|0|16|0|0|-0.9999|0.0000|-0.1381|0.0008|0.0001||253.15|6|249.20|6
GME211217C00430000|0.91|1.04|0.90|0.97|1.04|46|0.07|0.0722|5|213|1|7|0.0001|0.0000|0.0000|-0.0006|0.0001||1.09|7|0.78|20
GME211217P00430000||||244.20|244.20|46|0.00|0.0000|0|0|0|0|-0.9999|0.0000|-0.1414|0.0009|0.0001||263.15|12|258.35|2
GME211217C00440000|0.80|0.80|0.80|1.15|0.80|47|-0.35|-0.3043|0|472|2|2|0.0001|0.0000|0.0000|-0.0005|0.0001||1.00|7|0.75|1
GME211217P00440000||||||47|||0|0|0|0|-0.9999|0.0000|-0.1446|0.0011|0.0001||273.15|1|268.30|2
GME211217C00450000|0.90|0.91|0.84|0.89|0.84|48|-0.05|-0.0562|-3|683|1|84|0.0001|0.0000|0.0000|-0.0004|0.0001||0.98|7|0.71|18
GME211217P00450000||||||48|||0|0|0|0|-1.0000|0.0000|-0.1479|0.0012|0.0001||283.45|12|278.30|2
GME211217C00460000|0.73|0.90|0.73|1.00|0.90|49|-0.10|-0.1000|1|1139|3|16|0.0001|0.0000|0.0000|-0.0004|0.0001||0.98|7|0.64|26
GME211217P00460000||||261.60|261.60|49|0.00|0.0000|0|5|0|0|-1.0000|0.0000|-0.1512|0.0013|0.0001||293.40|12|288.25|2
GME211217C00470000||||1.00|1.00|50|0.00|0.0000|0|190|0|0|0.0371|0.0010|0.0017|-0.2867|0.0248||0.88|7|0.64|23
GME211217P00470000||||||50||||0|0|0|-1.0000|0.0000|-0.1545|0.0016|0.0000||303.20|12|298.45|2
GME211217C00480000|0.80|0.80|0.80|0.87|0.80|51|-0.07|-0.0805|3|243|1|2|0.0330|0.0009|0.0015|-0.2589|0.0225||0.83|31|0.64|5
GME211217P00480000||||264.21|264.21|51|0.00|0.0000|0|7|0|0|-0.9941|0.0003|-0.1575|-0.0437|0.0051||313.15|3|308.45|12
GME211217C00490000|0.80|0.80|0.80|1.00|0.80|52|-0.20|-0.2000|47|152|1|1|0.0306|0.0008|0.0014|-0.2444|0.0212||0.80|1|0.60|1
GME211217P00490000||||274.04|274.04|52|0.00|0.0000|0|7|0|0|-0.9917|0.0003|-0.1607|-0.0639|0.0070||323.30|4|318.20|12
GME211217C00500000|0.75|0.89|0.61|0.81|0.75|53|-0.06|-0.0741|-5|2436|1|34|0.0282|0.0008|0.0013|-0.2288|0.0198||0.75|7|0.60|1
GME211217P00500000||||290.05|290.05|53|0.00|0.0000|0|7|0|0|-0.9822|0.0006|-0.1635|-0.1416|0.0134||333.25|12|327.95|12
GME211217C00510000|0.85|0.85|0.49|0.88|0.61|54|-0.27|-0.3068|163|1554|2|276|0.0256|0.0007|0.0012|-0.2104|0.0183||0.70|4|0.60|1
GME211217P00510000||||277.97|277.97|54|0.00|0.0000|0|0|0|0|-0.9953|0.0002|-0.1674|-0.0362|0.0042||343.25|20|337.85|10
GME211223C00100000||||71.00|71.00|10|0.00|0.0000|-1|13|0|0|0.9800|0.0010|0.0475|-0.0626|0.0182||73.75|9|70.10|15
GME211223P00100000|2.10|2.68|2.10|1.97|2.24|10|0.27|0.1371|190|314|2|95|-0.0632|0.0019|-0.0063|-0.2298|0.0466||2.50|1|2.06|5
GME211223C00110000||||||9||||0|0|0|1.0000|0.0000|0.0542|-0.0004|0.0000||64.40|7|60.40|3
GME211223P00110000|3.30|3.35|3.01|2.76|3.01|9|0.25|0.0906|68|105|1|453|-0.0873|0.0026|-0.0087|-0.2728|0.0596||3.30|15|2.57|6
GME211223C00120000|48.67|49.37|48.67|103.35|49.37|8|-53.98|-0.5223|0|1|1|2|0.8982|0.0034|0.0493|-0.2566|0.0668||55.35|10|51.75|15
GME211223P00120000|4.05|5.25|4.05|4.64|4.10|8|-0.54|-0.1164|12|37|1|5|-0.1204|0.0035|-0.0120|-0.3219|0.0753||4.20|6|3.20|18
GME211223C00130000|40.47|41.20|40.47|40.47|41.20|7|0.73|0.0180|0|0|1|2|0.9583|0.0033|0.0604|-0.0669|0.0334||46.75|12|43.10|15
GME211223P00130000|5.72|7.20|5.25|6.15|5.25|7|-0.90|-0.1463|-6|136|2|11|-0.1597|0.0046|-0.0159|-0.3571|0.0912||5.75|5|4.40|21
GME211223C00140000||||||6||||0|0|0|1.0000|0.0000|0.0690|-0.0005|0.0000||38.90|13|34.85|4
GME211223P00140000|8.38|8.50|7.23|9.55|7.23|6|-2.32|-0.2429|0|42|1|18|-0.2162|0.0059|-0.0216|-0.4072|0.1100||8.05|12|6.30|24
GME211223C00145000||||||5||||0|0|0|1.0000|0.0000|0.0715|-0.0005|0.0000||34.90|4|31.35|10
GME211223P00145000|10.00|10.40|8.25|11.64|8.30|5|-3.34|-0.2869|11|11|1|8|-0.2481|0.0066|-0.0248|-0.4239|0.1188||8.90|6|7.65|8
GME211223C00150000||||28.10|28.10|4|0.00|0.0000|17|21|0|0|0.7255|0.0078|0.0470|-0.3959|0.1251||31.60|18|27.90|15
GME211223P00150000|12.00|12.50|10.00|11.00|10.32|4|-0.68|-0.0618|-45|155|5|17|-0.2883|0.0070|-0.0291|-0.4625|0.1281||10.45|12|9.15|12
GME211223C00155000||||29.20|29.20|3|0.00|0.0000|1|11|0|0|0.6663|0.0066|0.0414|-0.5539|0.1365||28.20|17|24.70|14
GME211223P00155000|14.70|14.70|13.30|14.47|13.30|3|-1.17|-0.0809|-49|78|1|2|-0.3311|0.0070|-0.0342|-0.5192|0.1361||12.70|17|10.95|6
GME211223C00160000|22.77|22.77|22.77|25.00|22.77|2|-2.23|-0.0892|7|19|1|1|0.6331|0.0084|0.0418|-0.4689|0.1413||24.75|13|21.80|14
GME211223P00160000|15.25|16.90|13.20|15.00|13.20|2|-1.80|-0.1200|4|66|6|51|-0.3672|0.0083|-0.0372|-0.4728|0.1414||14.95|20|12.80|8
GME211223C00165000|21.88|21.88|18.60|21.20|20.00|1|-1.20|-0.0566|16|16|3|49|0.5885|0.0088|0.0394|-0.4809|0.1461||22.05|16|19.85|8
GME211223P00165000|19.20|19.20|15.65|21.87|15.77|1|-6.10|-0.2789|263|284|2|42|-0.4112|0.0086|-0.0421|-0.4900|0.1460||17.40|21|15.15|9
GME211223C00170000|19.05|19.50|16.50|22.00|18.37|1|-3.63|-0.1650|15|30|1|69|0.5452|0.0087|0.0367|-0.5011|0.1488||19.35|12|17.55|8
GME211223P00170000|23.70|23.70|18.15|19.50|18.63|1|-0.87|-0.0446|28|61|1|25|-0.4553|0.0088|-0.0471|-0.4963|0.1488||19.95|18|17.60|7
GME211223C00175000|19.30|19.30|14.70|16.30|16.30|2|0.00|0.0000|16|19|1|50|0.5057|0.0085|0.0342|-0.5176|0.1498||17.45|19|15.25|9
GME211223P00175000|23.86|24.52|21.54|27.16|21.54|2|-5.62|-0.2069|-1|47|1|17|-0.4952|0.0086|-0.0521|-0.5154|0.1497||22.05|11|20.30|11
