symbol|open|high|low|preClose|close|activeLevel|change|changeRatio|openIntChange|openInterest|latestPriceVol|volume|delta|gamma|rho|theta|vega|tradeStamptradeTime|ask|avol|bid|bvol
GME211203C00100000|83.51|83.51|83.51|82.00|83.51|13|1.51|0.0184|0|10|1|1|0.9120|0.0016|0.0043|-4.0763|0.0216||82.30|10|78.15|27
GME211203P00100000|0.08|0.09|0.03|0.08|0.06|13|-0.02|-0.2500|146|513|1|56|-0.0032|0.0002|0.0000|-0.1030|0.0013||0.10|7|0.02|7
GME211203C00110000||||135.99|135.99|12|0.00|0.0000|0|1|0|0|0.9621|0.0001|0.0084|-0.6235|0.0491||72.70|12|68.10|46
GME211203P00110000|0.09|0.25|0.09|0.17|0.25|12|0.08|0.4706|15|172|1|14|-0.0046|0.0004|0.0000|-0.1228|0.0018||0.24|23|0.07|21
GME211203C00120000||||||11||||0|0|0|1.0000|0.0000|0.0066|-0.0004|0.0000||62.30|10|58.20|39
GME211203P00120000|0.29|0.30|0.10|0.25|0.20|11|-0.05|-0.2000|148|381|1|81|-0.0040|0.0004|0.0000|-0.0869|0.0016||0.20|9|0.17|72
GME211203C00130000||||65.44|65.44|10|0.00|0.0000|0|1|0|0|0.8286|0.0029|0.0049|-5.5163|0.0343||52.40|12|48.40|34
GME211203P00130000|0.16|0.50|0.16|0.40|0.50|10|0.10|0.2500|26|976|1|28|-0.1988|0.0024|-0.0580|-0.4146|0.1659||0.36|12|0.33|1
GME211203C00140000||||55.33|55.33|9|0.00|0.0000|0|6|0|0|0.8016|0.0037|0.0051|-5.2296|0.0376||42.75|18|38.55|30
GME211203P00140000|0.69|0.77|0.38|0.50|0.55|9|0.05|0.1000|57|1151|2|55|-0.2319|0.0027|-0.0680|-0.4403|0.1814||0.65|2|0.55|10
GME211203C00150000||||44.80|44.80|8|0.00|0.0000|0|6|0|0|0.7453|0.0039|0.0048|-6.5444|0.0433||33.35|20|28.55|28
GME211203P00150000|1.85|1.85|0.50|0.94|0.76|8|-0.18|-0.1915|17|1198|2|464|-0.0325|0.0037|-0.0003|-0.3556|0.0098||0.80|7|0.75|1
GME211203C00155000||||27.75|27.75|7|0.00|0.0000|0|5|0|0|0.7317|0.0021|0.0615|-0.7210|0.1883||28.50|23|23.60|29
GME211203P00155000|0.73|1.61|0.65|1.30|0.99|7|-0.31|-0.2385|34|992|1|66|-0.2804|0.0041|-0.0740|-0.3515|0.2003||1.15|22|0.92|42
GME211203C00160000|20.00|20.00|20.00|28.80|20.00|6|-8.80|-0.3056|0|115|2|15|0.7259|0.0020|0.0639|-0.7169|0.1981||23.80|47|18.85|79
GME211203P00160000|1.00|2.35|0.85|1.85|1.29|6|-0.56|-0.3027|14|440|1|592|-0.0798|0.0085|-0.0008|-0.6506|0.0200||1.49|10|1.31|20
GME211203C00165000||||32.50|32.50|5|0.00|0.0000|-1|31|0|0|0.6868|0.0066|0.0052|-4.7430|0.0478||19.45|34|14.65|44
GME211203P00165000|1.61|3.55|0.98|2.60|1.87|5|-0.73|-0.2808|467|783|1|859|-0.1261|0.0125|-0.0013|-0.8565|0.0279||2.09|13|1.85|8
GME211203C00170000|11.23|12.00|8.50|13.25|12.00|4|-1.25|-0.0943|10|50|8|46|0.8000|0.0175|0.0072|-1.1194|0.0378||15.10|62|10.55|76
GME211203P00170000|2.31|5.10|1.53|3.72|2.80|4|-0.92|-0.2473|275|934|1|1481|-0.2046|0.0180|-0.0021|-1.1177|0.0382||2.98|13|2.55|26
GME211203C00175000|9.64|9.64|6.00|9.70|8.00|3|-1.70|-0.1753|29|117|1|36|0.6140|0.0057|0.0876|-0.3293|0.2275||10.75|54|7.15|95
GME211203P00175000|1.95|7.25|1.95|4.95|4.00|3|-0.95|-0.1919|181|483|4|698|-0.3875|0.0060|-0.0982|-0.3118|0.2277||4.35|18|3.85|13
GME211203C00177500|10.10|10.10|4.70|7.55|8.50|2|0.95|0.1258|4|7|10|51|0.6424|0.0274|0.0060|-1.2733|0.0503||8.80|56|6.70|57
GME211203P00177500|4.40|8.60|2.87|5.85|4.90|2|-0.95|-0.1624|136|199|1|701|-0.3494|0.0264|-0.0037|-1.2973|0.0500||5.25|8|4.55|9
GME211203C00180000|8.54|11.00|3.20|7.10|6.50|1|-0.60|-0.0845|57|733|1|510|0.5852|0.0057|0.0841|-0.3395|0.2318||7.10|32|6.05|12
GME211203P00180000|5.50|10.10|3.50|6.98|5.81|1|-1.17|-0.1676|493|1768|1|1208|-0.4210|0.0064|-0.1065|-0.3050|0.2326||6.30|8|5.55|21
GME211203C00182500|7.88|8.47|3.11|6.70|5.15|1|-1.55|-0.2313|74|85|2|56|0.5143|0.0236|0.0048|-1.6875|0.0538||5.75|40|4.80|13
GME211203P00182500|5.90|11.00|4.48|8.00|7.00|1|-1.00|-0.1250|98|297|11|124|-0.4409|0.0068|-0.1105|-0.2915|0.2346||8.60|74|6.40|70
GME211203C00185000|4.90|7.95|2.08|4.90|4.30|2|-0.60|-0.1224|313|481|1|729|0.4473|0.0259|0.0042|-1.5078|0.0534||4.40|21|3.80|15
GME211203P00185000|6.43|14.03|5.65|9.80|9.17|2|-0.63|-0.0643|77|588|3|823|-0.5621|0.0287|-0.0060|-1.3510|0.0532||10.00|72|8.00|50
GME211203C00187500|3.85|6.50|1.83|3.95|3.25|3|-0.70|-0.1772|713|730|3|454|0.3830|0.0253|0.0036|-1.4377|0.0515||3.80|50|3.15|4
GME211203P00187500|7.91|15.14|7.00|10.70|15.14|3|4.44|0.4150|113|475|1|26|-0.4830|0.0075|-0.1199|-0.2709|0.2370||12.10|50|9.40|66
GME211203C00190000|3.95|5.18|1.50|3.70|2.70|4|-1.00|-0.2703|634|778|1|608|0.5341|0.0056|0.0770|-0.3638|0.2364||2.98|17|2.50|12
GME211203P00190000|11.24|18.00|8.00|12.00|11.50|4|-0.50|-0.0417|-109|833|5|167|-0.7488|0.0297|-0.0080|-0.8550|0.0430||12.60|1|11.05|93
GME211203C00192500|2.95|4.25|1.47|2.96|2.30|5|-0.66|-0.2230|434|502|1|88|0.2824|0.0211|0.0027|-1.3515|0.0456||2.54|32|1.88|81
GME211203P00192500|11.75|16.88|11.63|14.20|15.35|5|1.15|0.0810|-101|273|1|9|-0.5322|0.0083|-0.1206|-0.2655|0.2272||15.10|19|13.25|44
GME211203C00195000|2.37|3.40|1.00|2.40|1.92|6|-0.48|-0.2000|397|597|1|386|0.2347|0.0192|0.0022|-1.2265|0.0414||2.14|30|1.65|22
GME211203P00195000|14.00|21.77|12.00|16.71|17.42|6|0.71|0.0425|-61|626|1|133|-0.8315|0.0198|-0.0091|-0.7988|0.0339||17.60|32|15.25|44
GME211203C00197500|2.55|2.85|0.96|2.04|1.55|7|-0.49|-0.2402|386|490|1|438|0.1975|0.0171|0.0019|-1.1316|0.0375||1.77|31|1.38|12
GME211203P00197500|23.22|23.22|20.41|18.95|20.41|7|1.46|0.0770|38|202|8|9|-0.8645|0.0165|-0.0095|-0.7156|0.0293||20.10|30|17.25|30
GME211203C00200000|1.75|2.33|0.81|1.69|1.30|8|-0.39|-0.2308|381|1051|1|1759|0.4846|0.0055|0.0707|-0.3706|0.2370||1.35|4|1.17|12
GME211203P00200000|17.55|26.85|16.00|22.15|21.66|8|-0.49|-0.0221|-71|998|3|169|-0.5208|0.0057|-0.1320|-0.3882|0.2276||22.60|37|19.75|24
GME211203C00202500|2.00|2.00|0.81|1.48|1.07|9|-0.41|-0.2770|35|281|1|338|0.1334|0.0128|0.0013|-0.9074|0.0290||1.19|1|0.99|14
GME211203P00202500|20.05|20.55|20.05|21.91|20.55|9|-1.36|-0.0621|-27|184|1|2|-0.9837|0.0046|-0.0109|-0.0893|0.0055||25.10|24|21.60|29
GME211203C00205000|1.17|1.68|0.75|1.34|1.15|10|-0.19|-0.1418|206|834|5|521|0.4720|0.0052|0.0681|-0.3932|0.2366||1.17|36|0.93|7
GME211203P00205000|22.06|31.10|22.06|28.45|26.85|10|-1.60|-0.0562|-4|484|1|55|-0.8140|0.0118|-0.0095|-1.5228|0.0361||27.60|30|24.10|15
GME211203C00207500|1.29|1.35|0.61|1.10|0.92|11|-0.18|-0.1636|-5|400|2|42|0.0937|0.0096|0.0009|-0.7333|0.0225||1.05|24|0.82|19
GME211203P00207500|23.40|31.50|23.40|20.90|31.50|11|10.60|0.5072|-2|35|1|3|-0.9400|0.0081|-0.0108|-0.4399|0.0161||30.10|44|26.50|28
GME211203C00210000|1.01|1.24|0.61|1.11|0.80|12|-0.31|-0.2793|79|939|10|512|0.4542|0.0050|0.0605|-0.4336|0.2264||0.88|1|0.73|27
GME211203P00210000|28.16|35.15|27.10|30.40|32.00|12|1.60|0.0526|1|385|1|12|-0.9678|0.0053|-0.0112|-0.2453|0.0097||32.50|40|29.00|25
GME211203C00212500|0.95|1.05|0.60|0.92|0.76|13|-0.16|-0.1739|119|297|10|74|0.4534|0.0048|0.0646|-0.4183|0.2356||0.89|33|0.66|32
GME211203P00212500||||34.12|34.12|13|0.00|0.0000|-1|67|0|0|-0.9047|0.0083|-0.0107|-0.8657|0.0229||35.00|28|31.05|22
GME211203C00215000|0.81|1.00|0.53|0.87|0.74|14|-0.13|-0.1494|21|792|1|154|0.0640|0.0065|0.0006|-0.6043|0.0169||0.81|24|0.62|25
GME211203P00215000|31.50|35.35|31.50|34.35|35.35|14|1.00|0.0291|-1|226|1|14|-0.9237|0.0070|-0.0111|-0.7328|0.0193||37.50|35|33.55|18
GME211203C00217500|0.70|0.70|0.56|0.71|0.60|15|-0.11|-0.1549|-7|183|1|13|0.0537|0.0056|0.0005|-0.5275|0.0147||0.81|45|0.59|22
GME211203P00217500||||30.09|30.09|15|0.00|0.0000|0|74|0|0|-0.9991|0.0003|-0.0119|-0.0076|0.0004||40.00|27|36.00|21
GME211203C00220000|0.77|0.81|0.50|0.77|0.60|16|-0.17|-0.2208|-11|1378|1|247|0.4892|0.0037|0.0631|-0.5488|0.2371||0.73|19|0.55|23
GME211203P00220000|35.30|44.52|35.30|40.00|40.37|16|0.37|0.0093|1|213|1|6|-0.6109|0.0053|-0.1765|-0.3537|0.2280||42.50|38|38.50|26
GME211203C00222500|0.66|0.73|0.47|0.57|0.47|17|-0.10|-0.1754|-15|181|1|18|0.0398|0.0043|0.0004|-0.4314|0.0116||0.69|28|0.52|35
GME211203P00222500|47.10|47.10|45.85|34.99|45.85|17|10.86|0.3104|0|51|2|6|-1.0000|0.0000|-0.0122|0.0007|0.0000||45.00|54|41.00|29
GME211203C00225000|0.71|0.72|0.45|0.71|0.52|18|-0.19|-0.2676|-80|656|1|82|0.0431|0.0042|0.0004|-0.4980|0.0123||0.65|23|0.50|38
GME211203P00225000||||45.20|45.20|18|0.00|0.0000|-3|125|0|0|-0.9888|0.0018|-0.0122|-0.1215|0.0040||47.50|38|43.50|15
GME211203C00227500|0.50|0.70|0.46|0.77|0.50|19|-0.27|-0.3506|3|97|2|27|0.0454|0.0041|0.0004|-0.5485|0.0129||0.62|26|0.49|14
GME211203P00227500|53.85|53.85|53.85|33.03|53.85|19|20.82|0.6303|0|26|1|1|-0.9590|0.0039|-0.0121|-0.4918|0.0119||50.00|24|46.00|15
GME211203C00230000|0.54|0.63|0.40|0.62|0.50|20|-0.12|-0.1935|192|927|1|154|0.4407|0.0039|0.0594|-0.5077|0.2346||0.59|20|0.46|33
GME211203P00230000|47.50|56.35|47.50|45.00|56.35|20|11.35|0.2522|-3|67|1|3|-0.9594|0.0037|-0.0122|-0.5095|0.0118||52.40|27|48.50|12
GME211203C00232500|0.48|0.48|0.45|0.57|0.45|21|-0.12|-0.2105|-8|93|1|6|0.0308|0.0030|0.0003|-0.4016|0.0094||0.56|15|0.45|12
GME211203P00232500||||46.88|46.88|21|0.00|0.0000|-1|34|0|0|-0.9983|0.0004|-0.0127|-0.0196|0.0007||54.90|29|51.00|12
GME211203C00235000|0.33|0.60|0.33|0.54|0.45|22|-0.09|-0.1667|-1|331|1|33|0.0594|0.0042|0.0006|-0.8403|0.0159||0.54|19|0.45|10
GME211203P00235000|51.57|61.30|50.00|54.89|61.30|22|6.41|0.1168|-6|371|1|32|-0.9988|0.0003|-0.0129|-0.0148|0.0006||57.40|30|53.50|4
GME211203C00237500|0.42|0.42|0.42|0.52|0.42|23|-0.10|-0.1923|0|115|1|1|0.0260|0.0025|0.0002|-0.3641|0.0081||0.52|18|0.39|44
GME211203P00237500|54.06|63.79|52.54|57.38|63.78|23|6.40|0.1115|-6|284|1|22|-0.9665|0.0029|-0.0127|-0.4717|0.0101||59.90|31|55.95|12
GME211203C00240000|0.50|0.60|0.31|0.50|0.45|24|-0.05|-0.1000|1|592|2|190|0.0250|0.0024|0.0002|-0.3608|0.0079||0.51|29|0.39|5
GME211203P00240000|54.95|66.50|54.95|57.50|66.50|24|9.00|0.1565|-1|101|1|5|-0.9810|0.0020|-0.0130|-0.2721|0.0062||62.15|49|58.25|32
GME211203C00245000|0.47|0.47|0.31|0.44|0.37|25|-0.07|-0.1591|-31|414|1|45|0.0507|0.0033|0.0005|-0.8155|0.0141||0.50|20|0.32|51
GME211203P00245000|60.55|60.55|60.55|62.45|60.55|25|-1.90|-0.0304|-1|68|1|1|-0.9919|0.0010|-0.0133|-0.1201|0.0030||67.15|23|63.15|14
GME211203C00250000|0.25|0.45|0.25|0.41|0.35|26|-0.06|-0.1463|-50|3342|1|1384|0.0171|0.0016|0.0002|-0.2804|0.0057||0.38|13|0.31|12
GME211203P00250000|71.49|74.50|71.49|65.43|74.50|26|9.07|0.1386|-9|123|1|3|-0.9783|0.0019|-0.0135|-0.3585|0.0070||72.15|28|68.15|12
GME211203C00260000|0.23|0.34|0.23|0.37|0.31|27|-0.06|-0.1622|10|714|1|55|0.0141|0.0013|0.0001|-0.2550|0.0048||0.34|8|0.24|14
GME211203P00260000||||75.00|75.00|27|0.00|0.0000|-1|6|0|0|-0.5268|0.0028|-0.2056|-0.7842|0.2274||82.15|13|78.15|12
GME211203C00270000|0.22|0.34|0.20|0.26|0.20|28|-0.06|-0.2308|-1|587|1|34|0.0085|0.0008|0.0001|-0.1686|0.0031||0.34|21|0.20|37
GME211203P00270000|85.99|86.50|85.99|90.50|86.50|28|-4.00|-0.0442|4|21|2|4|-0.9848|0.0012|-0.0147|-0.3040|0.0052||92.15|19|88.15|12
GME211203C00280000|0.22|0.30|0.16|0.25|0.25|29|0.00|0.0000|-8|572|1|55|0.4934|0.0024|0.0528|-0.8487|0.2372||0.28|24|0.16|27
GME211203P00280000||||95.00|95.00|29|0.00|0.0000|-3|10|0|0|-0.5078|0.0024|-0.2274|-0.9157|0.2279||102.15|13|98.15|12
GME211203C00290000|0.27|0.27|0.13|0.25|0.13|30|-0.12|-0.4800|200|502|1|15|0.0205|0.0013|0.0002|-0.4876|0.0067||0.22|1|0.09|60
GME211203P00290000||||||30||||0|0|0|-1.0000|0.0000|-0.3098|0.0009|0.0000||112.15|14|108.00|3
GME211203C00300000|0.17|0.22|0.09|0.17|0.15|31|-0.02|-0.1176|16|2195|1|224|0.0166|0.0010|0.0002|-0.4173|0.0056||0.15|1|0.08|32
GME211203P00300000||||111.10|111.10|31|0.00|0.0000|-1|2|0|0|-0.9999|0.0000|-0.0164|-0.0005|0.0000||122.15|15|118.05|12
GME211203C00310000|0.11|0.13|0.10|0.20|0.13|32|-0.07|-0.3500|-10|344|1|3|0.0123|0.0008|0.0001|-0.3260|0.0043||0.17|7|0.06|23
GME211203P00310000||||71.90|71.90|32|0.00|0.0000|0|4|0|0|-1.0000|0.0000|-0.0170|0.0010|0.0000||132.05|14|128.00|5
GME211203C00320000|0.10|0.12|0.10|0.17|0.12|33|-0.05|-0.2941|100|389|1|2|0.4083|0.0025|0.0437|-0.8397|0.2219||0.17|21|0.08|2
GME211203P00320000||||||33||||0|0|0|-1.0000|0.0000|-0.0175|0.0010|0.0000||142.05|15|138.00|12
GME211203C00330000|0.08|0.08|0.08|0.11|0.08|34|-0.03|-0.2727|68|348|2|2|0.0092|0.0006|0.0001|-0.2714|0.0033||0.15|26|0.07|4
GME211203P00330000||||127.27|127.27|34|0.00|0.0000|0|2|0|0|-0.9965|0.0003|-0.0180|-0.1016|0.0014||152.00|15|148.00|12
GME211203C00340000|0.08|0.08|0.08|0.11|0.08|35|-0.03|-0.2727|21|135|1|2|0.3954|0.0024|0.0420|-0.8605|0.2200||0.12|1|0.02|24
GME211203P00340000||||134.20|134.20|35|0.00|0.0000|0|1|0|0|-0.9988|0.0001|-0.0186|-0.0353|0.0005||161.95|13|157.95|12
GME211203C00350000|0.09|0.09|0.05|0.10|0.06|36|-0.04|-0.4000|226|1237|5|21|0.0060|0.0004|0.0001|-0.1916|0.0023||0.08|2|0.04|1
GME211203P00350000||||136.35|136.35|36|0.00|0.0000|0|3|0|0|-0.7429|0.0027|-0.3388|-0.4988|0.1918||171.95|15|167.95|12
GME211203C00360000||||0.09|0.09|37|0.00|0.0000|-2|159|0|0|0.0088|0.0005|0.0001|-0.2939|0.0032||0.14|31|0.01|25
GME211203P00360000||||||37||||0|0|0|-1.0000|0.0000|-0.3550|0.0011|0.0000||181.95|21|177.80|6
GME211203C00370000||||0.05|0.05|38|0.00|0.0000|-2|88|0|0|0.4720|0.0019|0.0424|-1.1296|0.2274||0.23|40|0.01|32
GME211203P00370000||||136.05|136.05|38|0.00|0.0000|0|1|0|0|-1.0000|0.0000|-0.0203|0.0011|0.0000||191.95|15|187.95|12
GME211203C00380000|0.06|0.06|0.06|0.10|0.06|39|-0.04|-0.4000|15|101|1|1|0.0089|0.0005|0.0001|-0.3188|0.0032||0.10|9|0.02|20
GME211203P00380000||||170.35|170.35|39|0.00|0.0000|0|0|0|0|-0.6375|0.0023|-0.3361|-0.8630|0.2143||201.90|12|196.90|10
GME211203C00390000|0.02|0.02|0.02|0.09|0.02|40|-0.07|-0.7778|9|91|2|2|0.0025|0.0002|0.0000|-0.0905|0.0010||0.08|5|0.01|15
GME211203P00390000||||||40||||0|0|0|-1.0000|0.0000|-0.3846|0.0012|0.0000||211.90|9|207.80|12
GME211203C00400000|0.04|0.04|0.01|0.07|0.04|41|-0.03|-0.4286|-34|2449|1|22|0.0042|0.0002|0.0000|-0.1602|0.0017||0.05|2|0.03|1
GME211203P00400000||||215.38|215.38|41|0.00|0.0000|-10|0|0|0|-0.9999|0.0000|-0.0219|-0.0013|0.0000||221.90|9|217.60|13
GME211203C00410000|0.05|0.05|0.02|0.05|0.03|42|-0.02|-0.4000|-2|1055|1|33|0.0023|0.0001|0.0000|-0.0906|0.0010||0.04|1|0.03|7
GME211203P00410000||||||42||||0|0|0|-1.0000|0.0000|-0.0225|0.0013|0.0000||231.90|20|227.05|16
GME211203C00420000|0.04|0.04|0.04|0.05|0.04|43|-0.01|-0.2000|7|231|4|4|0.5083|0.0017|0.0439|-1.2229|0.2372||0.07|4|0.01|15
GME211203P00420000||||||43||||0|0|0|-1.0000|0.0000|-0.4487|0.0013|0.0000||241.90|9|237.60|12
GME211203C00430000||||0.03|0.03|44|0.00|0.0000|21|70|0|0|0.0029|0.0002|0.0000|-0.1214|0.0012||0.25|11|0.01|6
GME211203P00430000||||||44||||0|0|0|-1.0000|0.0000|-0.0236|0.0013|0.0000||251.90|12|246.90|12
GME211203C00440000|0.08|0.08|0.08|0.05|0.08|45|0.03|0.6000|1|70|1|1|0.0044|0.0002|0.0000|-0.1852|0.0017||0.17|1|0.00|0
GME211203P00440000||||||45||||0|0|0|-1.0000|0.0000|-0.0241|0.0014|0.0000||261.90|12|256.90|12
GME211203C00450000|0.02|0.02|0.02|0.03|0.02|46|-0.01|-0.3333|5|483|1|1|0.0021|0.0001|0.0000|-0.0893|0.0009||0.11|1|0.01|20
GME211203P00450000||||||46||||0|0|0|-1.0000|0.0000|-0.0247|0.0014|0.0000||271.90|12|266.90|12
GME211203C00460000|0.11|0.11|0.03|0.02|0.05|47|0.03|1.5000|-1|59|1|5|0.0029|0.0002|0.0000|-0.1278|0.0012||0.05|1|0.01|1
GME211203P00460000||||||47||||0|0|0|-1.0000|0.0000|-0.0252|0.0014|0.0000||281.90|12|276.90|12
GME211203C00470000||||0.07|0.07|48|0.00|0.0000|-57|191|0|0|0.0054|0.0002|0.0000|-0.2442|0.0021||0.05|1|0.00|0
GME211203P00470000||||||48||||0|0|0|-1.0000|0.0000|-0.0258|0.0014|0.0000||291.90|12|286.90|12
GME211203C00480000|0.05|0.06|0.05|0.04|0.06|49|0.02|0.5000|1|91|1|2|0.0047|0.0002|0.0000|-0.2195|0.0019||0.10|1|0.00|0
GME211203P00480000||||||49||||0|0|0|-1.0000|0.0000|-0.5128|0.0015|0.0000||301.90|12|296.90|12
GME211203C00490000||||0.06|0.06|50|0.00|0.0000|16|250|0|0|0.0045|0.0002|0.0000|-0.2136|0.0018||0.04|1|0.01|1
GME211203P00490000||||||50||||0|0|0|-1.0000|0.0000|-0.5235|0.0015|0.0000||311.90|12|306.90|10
GME211203C00500000|0.05|0.05|0.04|0.05|0.05|51|0.00|0.0000|1|1370|2|18|0.0039|0.0002|0.0000|-0.1896|0.0016||0.05|5|0.01|5
GME211203P00500000||||||51||||0|0|0|-1.0000|0.0000|-0.0274|0.0015|0.0000||321.90|12|316.90|10
GME211203C00510000|0.04|0.04|0.01|0.05|0.03|52|-0.02|-0.4000|217|5698|1|222|0.0019|0.0001|0.0000|-0.0908|0.0008||0.03|1|0.02|115
GME211203P00510000||||||52||||0|0|0|-1.0000|0.0000|-0.0279|0.0016|0.0000||331.90|12|326.90|10
GME211210C00100000||||86.01|86.01|14|0.00|0.0000|0|1|0|0|0.8963|0.0016|0.0181|-1.1638|0.0516||83.00|7|78.60|43
GME211210P00100000|0.57|0.79|0.51|0.57|0.58|14|0.01|0.0175|65|210|1|16|-0.0188|0.0008|-0.0010|-0.1445|0.0131||0.60|2|0.45|1
GME211210C00110000||||76.13|76.13|13|0.00|0.0000|0|2|0|0|0.8811|0.0019|0.0199|-1.1312|0.0569||73.55|12|68.85|13
GME211210P00110000|0.85|0.85|0.79|0.71|0.79|13|0.08|0.1127|50|206|1|3|-0.0248|0.0012|-0.0012|-0.1617|0.0166||1.00|57|0.64|5
GME211210C00120000||||76.03|76.03|12|0.00|0.0000|0|1|0|0|0.8272|0.0020|0.0175|-1.8467|0.0732||63.55|13|59.15|19
GME211210P00120000|0.60|1.31|0.60|0.95|1.31|12|0.36|0.3789|2|96|3|172|-0.0353|0.0017|-0.0018|-0.1959|0.0223||1.41|53|1.00|10
GME211210C00130000||||||11||||0|0|0|1.0000|0.0000|0.0321|-0.0004|0.0000||54.20|12|49.85|16
GME211210P00130000|1.30|2.00|1.00|1.50|1.68|11|0.18|0.1200|20|431|2|59|-0.0512|0.0026|-0.0025|-0.2363|0.0301||2.05|64|1.26|113
GME211210C00140000||||56.44|56.44|10|0.00|0.0000|0|29|0|0|0.7746|0.0030|0.0200|-1.6831|0.0860||45.10|14|40.80|32
GME211210P00140000|2.30|3.20|1.75|2.49|2.45|10|-0.04|-0.0161|47|299|1|216|-0.2121|0.0035|-0.0606|-0.2823|0.1810||2.72|7|2.26|15
GME211210C00145000||||||9|||||0|0|1.0000|0.0000|0.0358|-0.0005|0.0000||40.75|24|36.50|33
GME211210P00145000|2.60|3.60|2.60|2.60|3.60|9|1.00|0.3846|||1|4|-0.1088|0.0051|-0.0054|-0.3823|0.0534||4.00|83|2.85|3
GME211210C00150000||||47.05|47.05|8|0.00|0.0000|0|19|0|0|0.7469|0.0040|0.0218|-1.4188|0.0916||36.55|15|32.30|22
GME211210P00150000|3.00|5.00|2.81|3.70|3.70|8|0.00|0.0000|51|220|1|244|-0.1375|0.0062|-0.0068|-0.4307|0.0628||4.35|45|3.45|90
GME211210C00155000||||58.70|58.70|7|0.00|0.0000|0|45|0|0|0.7166|0.0028|0.0178|-2.2601|0.0967||31.70|14|28.50|34
GME211210P00155000|4.95|6.40|4.40|4.95|5.00|7|0.05|0.0101|94|195|1|19|-0.1754|0.0073|-0.0088|-0.5079|0.0739||5.50|46|4.65|27
GME211210C00160000||||29.75|29.75|6|0.00|0.0000|0|204|0|0|0.7347|0.0070|0.0254|-0.8532|0.0936||28.00|32|24.75|43
GME211210P00160000|5.00|8.20|5.00|6.00|5.65|6|-0.35|-0.0583|153|386|4|143|-0.2142|0.0086|-0.0108|-0.5523|0.0835||6.80|56|5.80|32
GME211210C00165000|21.75|21.75|21.75|23.22|21.75|5|-1.47|-0.0633|2|2|1|1|0.6708|0.0044|0.0967|-0.3431|0.2259||24.55|34|21.45|47
GME211210P00165000|7.65|10.05|6.48|7.75|7.15|5|-0.60|-0.0774|18|320|1|41|-0.2657|0.0096|-0.0135|-0.6235|0.0939||8.40|54|7.25|78
GME211210C00170000|24.00|24.00|17.52|20.07|19.90|4|-0.17|-0.0085|11|16|1|15|0.6724|0.0098|0.0250|-0.7416|0.1034||21.00|33|18.50|52
GME211210P00170000|8.54|12.29|7.15|8.90|10.50|4|1.60|0.1798|-2|360|7|133|-0.3134|0.0111|-0.0159|-0.6309|0.1015||10.10|24|9.00|83
GME211210C00175000|19.14|19.14|13.80|18.40|15.55|3|-2.85|-0.1549|7|25|14|33|0.6272|0.0042|0.0957|-0.3675|0.2444||18.55|53|15.75|57
GME211210P00175000|9.55|15.25|9.50|11.66|11.95|3|0.29|0.0249|117|418|1|190|-0.3809|0.0114|-0.0195|-0.7047|0.1088||12.75|71|11.10|87
GME211210C00177500||||||2|||||0|0|1.0000|0.0000|0.0438|-0.0006|0.0000||17.25|17|14.35|50
GME211210P00177500|11.31|16.03|11.31|11.31|13.15|2|1.84|0.1627|||1|16|-0.4066|0.0113|-0.0211|-0.7428|0.1111||14.10|72|12.20|71
GME211210C00180000|14.20|18.25|11.72|14.75|15.50|1|0.75|0.0508|58|79|1|41|0.5653|0.0108|0.0215|-0.8003|0.1127||15.65|39|14.20|22
GME211210P00180000|13.00|17.50|11.63|14.30|14.02|1|-0.28|-0.0196|117|606|1|162|-0.4405|0.0118|-0.0228|-0.7354|0.1127||14.75|13|13.30|81
GME211210C00182500|15.85|15.85|10.82|15.85|13.60|1|-2.25|-0.1420|||1|7|0.5462|0.0085|0.0200|-1.0301|0.1132||14.85|64|12.35|57
GME211210P00182500|14.38|19.00|14.38|14.38|19.00|1|4.62|0.3213|||1|11|-0.4700|0.0134|-0.0241|-0.6537|0.1139||17.35|83|14.50|56
GME211210C00185000|15.95|15.95|9.20|12.60|12.64|2|0.04|0.0032|53|108|2|33|0.5112|0.0109|0.0197|-0.8124|0.1142||13.20|30|11.45|54
GME211210P00185000|14.53|20.50|14.50|17.01|18.00|2|0.99|0.0582|61|358|1|38|-0.4951|0.0119|-0.0259|-0.7403|0.1142||18.85|77|16.25|62
GME211210C00187500|15.35|15.35|9.15|11.00|9.15|3|-1.85|-0.1682|9|19|2|16|0.5593|0.0050|0.0914|-0.3406|0.2548||12.65|68|10.40|59
GME211210P00187500|16.10|18.80|16.10|15.45|18.80|3|3.35|0.2168|45|127|1|2|-0.5498|0.0152|-0.0280|-0.5710|0.1133||20.15|68|17.85|39
GME211210C00190000|12.50|13.20|8.50|10.75|10.00|4|-0.75|-0.0698|10|96|1|62|0.5488|0.0049|0.0839|-0.3699|0.2472||11.75|71|9.10|73
GME211210P00190000|20.96|23.00|20.96|21.52|23.00|4|1.48|0.0688|50|428|1|3|-0.4466|0.0047|-0.1501|-0.3577|0.2553||22.10|70|19.30|63
GME211210C00192500|11.15|11.65|7.78|9.50|7.78|5|-1.72|-0.1811|33|65|2|11|0.4296|0.0109|0.0168|-0.7834|0.1124||10.90|47|8.25|65
GME211210P00192500|18.46|18.46|18.46|22.09|18.46|5|-3.63|-0.1643|14|86|1|1|-0.5814|0.0114|-0.0310|-0.7441|0.1116||23.80|47|20.95|34
GME211210C00195000|10.22|11.43|7.00|9.70|9.13|6|-0.57|-0.0588|76|134|1|38|0.5318|0.0047|0.0808|-0.3876|0.2483||9.80|47|8.05|74
GME211210P00195000|20.40|20.45|20.40|22.97|20.45|6|-2.52|-0.1097|41|190|1|5|-0.4888|0.0055|-0.1586|-0.3162|0.2575||25.55|37|22.75|19
GME211210C00197500|8.80|8.80|8.18|9.50|8.18|7|-1.32|-0.1389|10|46|1|11|0.3988|0.0097|0.0155|-0.8549|0.1105||9.25|16|7.70|30
GME211210P00197500||||19.25|19.25|7|0.00|0.0000|27|104|0|0|-0.7904|0.0169|-0.0398|-0.2722|0.0824||27.35|54|24.00|42
GME211210C00200000|8.80|10.00|6.00|7.80|7.79|8|-0.01|-0.0013|82|634|5|127|0.3634|0.0101|0.0143|-0.7788|0.1075||8.10|14|7.35|12
GME211210P00200000|25.18|31.28|25.18|27.05|28.27|8|1.22|0.0451|-20|659|1|21|-0.5066|0.0052|-0.1684|-0.3299|0.2576||29.30|70|25.80|63
GME211210C00202500|8.75|8.75|6.10|7.25|7.10|9|-0.15|-0.0207|3|67|1|20|0.3387|0.0097|0.0133|-0.7634|0.1045||7.65|24|6.50|81
GME211210P00202500||||26.32|26.32|9|0.00|0.0000|15|48|0|0|-0.6021|0.0078|-0.1674|-0.2210|0.2409||31.10|40|27.70|19
GME211210C00205000|7.30|7.30|5.28|6.79|7.25|10|0.46|0.0677|26|159|1|15|0.3199|0.0094|0.0126|-0.7544|0.1021||7.15|25|6.00|75
GME211210P00205000|27.42|32.21|26.88|31.25|32.21|10|0.96|0.0307|2|177|1|5|-0.6961|0.0100|-0.0384|-0.6810|0.1001||33.05|26|29.70|16
GME211210C00207500|5.55|7.35|5.10|5.55|6.10|11|0.55|0.0991|4|68|1|6|0.2901|0.0095|0.0116|-0.6879|0.0980||6.85|13|5.55|72
GME211210P00207500|29.52|29.52|29.52|28.58|29.52|11|0.94|0.0329|-5|18|1|1|-0.8674|0.0106|-0.0455|-0.2397|0.0614||35.10|34|31.70|16
GME211210C00210000|7.00|7.00|4.50|5.82|5.67|12|-0.15|-0.0258|10|309|1|34|0.2862|0.0088|0.0113|-0.7267|0.0974||6.10|1|5.25|67
GME211210P00210000|34.85|38.38|34.85|36.62|38.38|12|1.76|0.0481|-4|105|1|2|-0.7081|0.0087|-0.0403|-0.7491|0.0983||37.15|39|33.75|12
GME211210C00212500|6.00|6.00|4.40|5.55|4.75|13|-0.80|-0.1441|54|83|1|7|0.4616|0.0047|0.0716|-0.3942|0.2479||5.95|60|4.35|134
GME211210P00212500|33.64|33.64|33.64|32.63|33.64|13|1.01|0.0310|-1|38|1|1|-0.7090|0.0081|-0.2097|-0.1573|0.2214||39.25|39|35.85|11
GME211210C00215000|3.95|5.75|3.95|5.09|4.45|14|-0.64|-0.1257|6|165|1|22|0.2512|0.0082|0.0100|-0.6914|0.0910||5.90|81|4.35|92
GME211210P00215000|42.73|42.73|42.73|40.77|42.73|14|1.96|0.0481|-4|34|1|1|-0.7435|0.0081|-0.0429|-0.7118|0.0920||41.40|35|38.00|28
GME211210C00217500|5.45|5.45|4.28|5.55|4.28|15|-1.27|-0.2288|3|30|1|3|0.4587|0.0043|0.0697|-0.4221|0.2478||5.30|37|4.15|42
GME211210P00217500||||28.08|28.08|15|0.00|0.0000|0|25|0|0|-0.6744|0.0067|-0.2119|-0.2112|0.2326||43.55|36|40.20|7
GME211210C00220000|5.00|5.35|3.57|4.80|4.40|16|-0.40|-0.0833|47|401|2|136|0.2343|0.0075|0.0093|-0.6975|0.0878||4.55|22|4.05|46
GME211210P00220000|39.30|39.30|39.30|42.99|39.30|16|-3.69|-0.0858|0|155|1|1|-0.6047|0.0052|-0.1941|-0.3298|0.2405||45.80|32|42.40|31
GME211210C00222500|4.55|4.55|3.50|4.14|3.50|17|-0.64|-0.1546|5|63|1|29|0.2096|0.0072|0.0083|-0.6385|0.0822||4.55|42|3.55|84
GME211210P00222500||||33.35|33.35|17|0.00|0.0000|0|45|0|0|-0.8959|0.0066|-0.0505|-0.2750|0.0516||48.30|39|44.60|21
GME211210C00225000|4.28|4.60|3.20|4.05|3.63|18|-0.42|-0.1037|16|334|1|26|0.4256|0.0044|0.0659|-0.4070|0.2448||4.20|32|3.50|56
GME211210P00225000||||47.49|47.49|18|0.00|0.0000|2|461|0|0|-0.8459|0.0069|-0.0492|-0.4536|0.0680||50.60|35|46.85|15
GME211210C00227500|4.25|4.25|3.22|3.65|3.35|19|-0.30|-0.0822|2|23|1|5|0.1894|0.0067|0.0076|-0.6124|0.0775||3.85|18|3.25|48
GME211210P00227500||||34.06|34.06|19|0.00|0.0000|0|35|0|0|-0.8233|0.0066|-0.2504|-0.1100|0.1675||52.90|37|49.10|14
GME211210C00230000|4.00|4.05|2.55|3.55|3.46|20|-0.09|-0.0254|9|393|3|18|0.1821|0.0064|0.0073|-0.6091|0.0757||3.65|22|3.15|53
GME211210P00230000||||41.51|41.51|20|0.00|0.0000|-1|38|0|0|-0.8823|0.0059|-0.0519|-0.3651|0.0564||55.25|34|51.45|15
GME211210C00232500|3.60|3.90|3.05|3.00|3.05|21|0.05|0.0167|-19|30|1|3|0.1599|0.0060|0.0064|-0.5455|0.0695||3.45|15|3.05|15
GME211210P00232500||||49.93|49.93|21|0.00|0.0000|1|11|0|0|-0.9345|0.0046|-0.0546|-0.1972|0.0365||57.55|27|53.70|14
GME211210C00235000|3.40|3.55|2.49|3.15|3.14|22|-0.01|-0.0032|-30|902|1|27|0.1605|0.0058|0.0064|-0.5694|0.0696||3.30|27|2.88|2
GME211210P00235000||||45.86|45.86|22|0.00|0.0000|0|36|0|0|-0.7828|0.0058|-0.2533|-0.1609|0.1898||59.90|32|56.05|15
GME211210C00237500|2.69|2.69|2.69|2.90|2.69|23|-0.21|-0.0724|0|18|1|3|0.1699|0.0057|0.0067|-0.6289|0.0724||3.30|41|2.51|75
GME211210P00237500||||48.03|48.03|23|0.00|0.0000|1|25|0|0|-0.9099|0.0048|-0.0548|-0.3048|0.0464||62.30|30|58.35|15
GME211210C00240000|2.82|3.60|2.48|2.84|2.69|24|-0.15|-0.0528|20|330|10|70|0.1470|0.0054|0.0059|-0.5487|0.0659||2.96|28|2.46|87
GME211210P00240000|58.15|58.15|58.15|45.67|58.15|24|12.48|0.2733|0|33|1|1|-0.6785|0.0048|-0.2449|-0.2923|0.2314||64.40|12|60.40|12
GME211210C00245000|3.23|3.23|2.20|2.56|2.45|25|-0.11|-0.0430|4|172|1|5|0.1327|0.0049|0.0053|-0.5205|0.0614||2.82|47|2.24|73
GME211210P00245000||||50.19|50.19|25|0.00|0.0000|0|23|0|0|-0.6893|0.0046|-0.2532|-0.2941|0.2281||69.40|37|65.35|14
GME211210C00250000|3.15|3.20|1.90|2.35|2.10|26|-0.25|-0.1064|-1|2190|1|114|0.1212|0.0045|0.0049|-0.4987|0.0577||2.45|20|2.07|18
GME211210P00250000||||60.35|60.35|26|0.00|0.0000|1|15|0|0|-0.9178|0.0039|-0.0583|-0.3249|0.0433||74.10|31|70.10|14
GME211210C00255000|2.37|2.37|1.80|2.20|2.20|27|0.00|0.0000|12|65|1|16|0.1255|0.0043|0.0050|-0.5506|0.0590||2.29|28|1.91|29
GME211210P00255000||||40.40|40.40|27|0.00|0.0000|0|5|0|0|-0.9983|0.0003|-0.0628|-0.0055|0.0016||78.95|12|74.95|12
GME211210C00260000|3.10|3.10|1.65|2.20|1.79|28|-0.41|-0.1864|-16|936|10|49|0.3777|0.0035|0.0563|-0.4737|0.2373||2.22|51|1.89|1
GME211210P00260000||||69.85|69.85|28|0.00|0.0000|1|22|0|0|-0.9301|0.0033|-0.0613|-0.3025|0.0384||83.85|32|79.75|22
GME211210C00270000|2.00|2.02|1.48|1.82|1.48|29|-0.34|-0.1868|16|220|1|12|0.0993|0.0035|0.0039|-0.4877|0.0500||1.94|42|1.35|112
GME211210P00270000||||75.18|75.18|29|0.00|0.0000|0|14|0|0|-0.9333|0.0029|-0.0639|-0.3164|0.0370||93.80|20|89.45|15
GME211210C00280000|1.83|1.83|1.19|1.50|1.60|30|0.10|0.0667|22|226|1|13|0.3462|0.0033|0.0552|-0.4479|0.2382||1.63|22|1.32|23
GME211210P00280000||||84.53|84.53|30|0.00|0.0000|0|1|0|0|-0.7007|0.0035|-0.2827|-0.3966|0.2169||103.45|18|99.20|14
GME211210C00290000|1.45|1.45|1.34|1.49|1.34|31|-0.15|-0.1007|9|150|3|5|0.0700|0.0026|0.0028|-0.3897|0.0384||1.49|26|1.19|5
GME211210P00290000||||82.25|82.25|31|0.00|0.0000|0|7|0|0|-0.9953|0.0004|-0.0713|-0.0230|0.0039||113.45|20|109.00|12
GME211210C00300000|1.28|1.36|1.05|1.24|1.20|32|-0.04|-0.0323|-171|876|1|109|0.3196|0.0031|0.0476|-0.4808|0.2232||1.21|3|1.15|1
GME211210P00300000||||76.00|76.00|32|0.00|0.0000|0|14|0|0|-0.9992|0.0001|-0.0739|-0.0033|0.0008||123.05|12|118.85|12
GME211210C00310000|1.10|1.10|0.95|1.06|1.00|33|-0.06|-0.0566|3|156|1|6|0.3287|0.0029|0.0477|-0.5203|0.2258||1.14|18|0.97|4
GME211210P00310000||||83.61|83.61|33|0.00|0.0000|0|4|0|0|-0.8839|0.0028|-0.3683|-0.1475|0.1262||133.05|18|128.75|14
GME211210C00320000||||0.99|0.99|34|0.00|0.0000|11|274|0|0|0.3325|0.0028|0.0473|-0.5492|0.2268||1.14|56|0.77|19
GME211210P00320000||||89.47|89.47|34|0.00|0.0000|0|3|0|0|-0.9999|0.0000|-0.0789|0.0004|0.0001||142.95|12|138.65|12
GME211210C00330000|0.89|0.92|0.89|1.05|0.92|35|-0.13|-0.1238|26|263|9|23|0.0540|0.0018|0.0021|-0.3716|0.0314||1.00|16|0.68|71
GME211210P00330000||||||35||||0|0|0|-1.0000|0.0000|-0.3887|0.0011|0.0000||152.95|12|148.60|12
GME211210C00340000|0.80|0.80|0.80|0.87|0.80|36|-0.07|-0.0805|2|88|1|1|0.0483|0.0016|0.0019|-0.3454|0.0287||0.84|10|0.63|25
GME211210P00340000||||||36||||0|0|0|-1.0000|0.0000|-0.0838|0.0011|0.0000||162.75|12|158.55|12
GME211210C00350000|1.05|1.05|0.68|0.76|0.68|37|-0.08|-0.1053|-501|388|1|27|0.2879|0.0026|0.0418|-0.5152|0.2130||0.72|16|0.60|19
GME211210P00350000||||||37||||0|0|0|-1.0000|0.0000|-0.0863|0.0011|0.0000||172.65|12|168.50|12
GME211210C00360000|0.62|0.62|0.62|0.63|0.62|38|-0.01|-0.0159|5|87|1|1|0.3053|0.0025|0.0429|-0.5674|0.2188||0.70|6|0.54|15
GME211210P00360000||||||38||||0|0|0|-1.0000|0.0000|-0.0888|0.0012|0.0000||182.65|9|178.45|5
GME211210C00370000||||0.75|0.75|39|0.00|0.0000|-3|21|0|0|0.0421|0.0013|0.0016|-0.3372|0.0257||0.67|19|0.46|54
GME211210P00370000||||||39||||0|0|0|-1.0000|0.0000|-0.0912|0.0012|0.0000||192.65|9|187.15|8
GME211210C00380000||||0.52|0.52|40|0.00|0.0000|6|51|0|0|0.0318|0.0011|0.0013|-0.2613|0.0205||0.67|52|0.46|38
GME211210P00380000||||||40||||0|0|0|-1.0000|0.0000|-0.0937|0.0012|0.0000||202.60|13|197.20|12
GME211210C00390000|0.55|0.55|0.55|0.59|0.55|41|-0.04|-0.0678|3|47|2|4|0.0323|0.0011|0.0013|-0.2733|0.0207||0.59|9|0.43|37
GME211210P00390000||||||41||||0|0|0|-1.0000|0.0000|-0.0962|0.0013|0.0000||212.50|8|207.10|8
GME211210C00400000|0.72|0.72|0.45|0.57|0.52|42|-0.05|-0.0877|-207|426|1|38|0.3037|0.0023|0.0441|-0.5825|0.2258||0.52|14|0.41|8
GME211210P00400000||||||42||||0|0|0|-1.0000|0.0000|-0.5040|0.0013|0.0000||222.45|6|217.20|6
GME211210C00410000|0.49|0.49|0.49|0.38|0.49|43|0.11|0.2895|6|52|1|1|0.2943|0.0022|0.0401|-0.6154|0.2152||0.51|14|0.36|21
GME211210P00410000||||||43||||0|0|0|-1.0000|0.0000|-0.1011|0.0013|0.0000||232.40|12|227.10|12
GME211210C00420000|0.50|0.55|0.45|0.42|0.45|44|0.03|0.0714|11|169|2|4|0.0301|0.0009|0.0012|-0.2771|0.0195||0.50|16|0.34|9
GME211210P00420000||||||44||||0|0|0|-1.0000|0.0000|-0.4947|0.0014|0.0000||242.30|8|237.10|8
GME211210C00430000|0.34|0.40|0.31|0.38|0.40|45|0.02|0.0526|17|42|1|302|0.2845|0.0022|0.0414|-0.5772|0.2191||0.43|1|0.25|1
GME211210P00430000||||||45||||0|0|0|-1.0000|0.0000|-0.1060|0.0014|0.0000||252.25|12|247.10|10
GME211210C00440000|0.52|0.52|0.32|0.30|0.40|46|0.10|0.3333|0|33|1|32|0.0124|0.0005|0.0005|-0.1185|0.0092||0.40|11|0.38|2
GME211210P00440000||||||46||||0|0|0|-1.0000|0.0000|-0.1085|0.0014|0.0000||262.20|12|257.10|20
GME211210C00450000|0.24|0.35|0.23|0.31|0.35|47|0.04|0.1290|6|98|12|212|0.0123|0.0005|0.0005|-0.1200|0.0091||0.40|11|0.12|72
GME211210P00450000||||||47||||0|0|0|-1.0000|0.0000|-0.1110|0.0015|0.0000||272.15|12|267.10|20
GME211210C00460000||||0.27|0.27|48|0.00|0.0000|1|18|0|0|0.0109|0.0004|0.0004|-0.1086|0.0082||0.40|23|0.25|3
GME211210P00460000||||||48||||0|0|0|-1.0000|0.0000|-0.1134|0.0015|0.0000||282.10|12|277.10|20
GME211210C00470000|0.34|0.34|0.34|0.28|0.34|49|0.06|0.2143|3|15|1|1|0.0110|0.0004|0.0004|-0.1121|0.0083||0.40|22|0.20|1
GME211210P00470000||||||49||||0|0|0|-1.0000|0.0000|-0.1159|0.0015|0.0000||292.05|12|287.10|20
GME211210C00480000|0.40|0.40|0.40|0.25|0.40|50|0.15|0.6000|7|32|1|1|0.0098|0.0004|0.0004|-0.1019|0.0075||0.40|26|0.20|1
GME211210P00480000||||||50||||0|0|0|-1.0000|0.0000|-0.6048|0.0016|0.0000||302.05|5|297.10|10
GME211210C00490000|0.30|0.35|0.30|0.40|0.31|51|-0.09|-0.2250|4|91|2|13|0.0191|0.0006|0.0007|-0.2033|0.0133||0.39|12|0.20|1
GME211210P00490000||||||51||||0|0|0|-1.0000|0.0000|-0.1208|0.0016|0.0000||312.05|5|306.90|5
GME211210C00500000|0.38|0.38|0.19|0.38|0.28|52|-0.10|-0.2632|-12|856|2|29|0.2900|0.0019|0.0399|-0.6579|0.2206||0.35|3|0.26|2
GME211210P00500000||||||52||||0|0|0|-1.0000|0.0000|-0.6300|0.0016|0.0000||322.05|4|317.10|1
GME211210C00510000|0.55|0.55|0.11|0.37|0.26|53|-0.11|-0.2973|139|2025|5|169|0.0161|0.0005|0.0006|-0.1772|0.0115||0.25|3|0.24|4
GME211210P00510000||||||53||||0|0|0|-1.0000|0.0000|-0.6426|0.0017|0.0000||332.00|4|326.90|5
GME211217C00080000|94.56|94.56|94.56|110.26|94.56|20|-15.70|-0.1424|0|1|1|1|0.9089|0.0009|0.0225|-0.9067|0.0626||103.05|21|98.55|37
GME211217P00080000|0.47|0.47|0.32|0.30|0.35|20|0.05|0.1667|26|349|3|8|-0.0077|0.0003|-0.0007|-0.0444|0.0081||0.77|91|0.10|133
GME211217C00085000||||95.85|95.85|19|0.00|0.0000|0|1|0|0|0.9834|0.0006|0.0357|-0.0933|0.0158||98.20|10|93.60|14
GME211217P00085000|0.45|0.45|0.45|0.35|0.45|19|0.10|0.2857|1|122|2|2|-0.0684|0.0011|-0.0236|-0.1574|0.0888||0.45|1|0.32|10
GME211217C00090000||||137.00|137.00|18|0.00|0.0000|0|4|0|0|0.9031|0.0005|0.0118|-1.7835|0.0655||93.35|10|88.65|17
GME211217P00090000|0.49|0.51|0.49|0.46|0.51|18|0.05|0.1087|0|66|1|3|-0.0780|0.0013|-0.0285|-0.1604|0.1011||0.90|70|0.28|45
GME211217C00100000||||114.96|114.96|17|0.00|0.0000|0|49|0|0|0.9687|0.0011|0.1279|-0.0459|0.0475||83.50|14|78.80|23
GME211217P00100000|0.80|0.81|0.50|0.78|0.79|17|0.01|0.0128|126|869|1|163|-0.0012|0.0001|-0.0001|-0.0047|0.0016||0.97|42|0.59|63
GME211217C00105000||||66.05|66.05|16|0.00|0.0000|0|1|0|0|0.9980|0.0002|0.0459|-0.0076|0.0024||78.70|12|73.90|13
GME211217P00105000|0.87|0.90|0.87|0.78|0.90|16|0.12|0.1538|-2|89|1|3|-0.0022|0.0002|-0.0002|-0.0079|0.0026||1.57|104|0.60|127
GME211217C00110000||||73.25|73.25|15|0.00|0.0000|0|1|0|0|0.9513|0.0016|0.1366|-0.0625|0.0681||73.75|12|69.15|13
GME211217P00110000|0.89|1.40|0.89|0.82|1.40|15|0.58|0.7073|2|375|2|7|-0.0038|0.0003|-0.0003|-0.0127|0.0043||1.44|59|0.78|131
GME211217C00115000||||112.11|112.11|14|0.00|0.0000|0|2|0|0|0.9950|0.0004|0.0500|-0.0158|0.0056||68.85|16|64.40|22
GME211217P00115000|1.34|1.45|1.34|0.68|1.45|14|0.77|1.1324|0|148|5|17|-0.0068|0.0005|-0.0006|-0.0211|0.0073||1.70|77|1.02|63
GME211217C00120000||||64.15|64.15|13|0.00|0.0000|24|51|0|0|0.9908|0.0007|0.0518|-0.0264|0.0095||64.00|13|59.70|18
GME211217P00120000|1.37|1.43|1.37|1.34|1.43|13|0.09|0.0672|17|153|7|9|-0.0813|0.0024|-0.0239|-0.0929|0.1014||2.02|51|1.50|10
GME211217C00125000||||79.68|79.68|12|0.00|0.0000|0|35|0|0|0.9830|0.0012|0.0533|-0.0450|0.0161||59.35|6|55.10|23
GME211217P00125000|1.55|1.88|1.55|1.56|1.88|12|0.32|0.2051|-4|205|3|6|-0.0199|0.0014|-0.0017|-0.0529|0.0184||2.62|109|1.56|61
GME211217C00130000||||55.70|55.70|11|0.00|0.0000|0|10|0|0|0.8793|0.0033|0.1507|-0.1157|0.1392||54.85|21|50.60|26
GME211217P00130000|1.86|2.65|1.80|2.20|2.54|11|0.34|0.1545|9|195|20|30|-0.0318|0.0021|-0.0027|-0.0774|0.0272||3.05|88|1.98|11
GME211217C00135000||||90.47|90.47|10|0.00|0.0000|0|3|0|0|0.9561|0.0028|0.0554|-0.0980|0.0354||50.35|43|46.20|45
GME211217P00135000|2.62|2.62|2.62|2.75|2.62|10|-0.13|-0.0473|0|140|1|1|-0.1491|0.0037|-0.0476|-0.1368|0.1610||4.05|128|2.51|75
GME211217C00140000|40.15|40.15|40.15|47.75|40.15|9|-7.60|-0.1592|1|146|1|1|0.8306|0.0042|0.1492|-0.1439|0.1750||46.15|43|41.95|80
GME211217P00140000|3.26|4.39|3.00|3.21|3.78|9|0.57|0.1776|11|549|1|276|-0.0675|0.0038|-0.0059|-0.1402|0.0498||4.40|107|3.20|122
GME211217C00145000||||96.94|96.94|8|0.00|0.0000|0|57|0|0|0.9099|0.0049|0.0557|-0.1704|0.0620||42.05|49|37.85|53
GME211217P00145000|4.18|4.18|3.35|4.15|3.90|8|-0.25|-0.0602|16|211|1|22|-0.0973|0.0049|-0.0085|-0.1867|0.0656||5.80|96|3.90|107
GME211217C00150000||||35.85|35.85|7|0.00|0.0000|0|71|0|0|0.8745|0.0061|0.0547|-0.2178|0.0788||38.25|49|33.90|56
GME211217P00150000|4.25|6.92|4.00|5.25|5.70|7|0.45|0.0857|86|1619|1|148|-0.1307|0.0061|-0.0115|-0.2296|0.0811||5.95|43|5.35|33
GME211217C00155000||||42.74|42.74|6|0.00|0.0000|0|11|0|0|0.7410|0.0053|0.1401|-0.1861|0.2244||33.55|12|30.60|48
GME211217P00155000|4.10|8.13|4.10|6.88|8.13|6|1.25|0.1817|13|308|1|15|-0.1695|0.0074|-0.0150|-0.2711|0.0964||8.30|131|6.35|123
GME211217C00160000|25.00|25.00|25.00|38.33|25.00|5|-13.33|-0.3478|-1|97|1|1|0.7122|0.0058|0.1301|-0.2004|0.2296||30.15|59|27.10|76
GME211217P00160000|6.80|10.00|6.40|8.40|8.70|5|0.30|0.0357|26|650|5|250|-0.2156|0.0085|-0.0193|-0.3142|0.1117||9.10|76|8.10|90
GME211217C00165000||||34.08|34.08|4|0.00|0.0000|0|82|0|0|0.6781|0.0060|0.1251|-0.2138|0.2414||26.95|58|23.90|78
GME211217P00165000|8.60|10.85|8.60|10.05|10.85|4|0.80|0.0796|22|307|1|8|-0.2714|0.0096|-0.0244|-0.3580|0.1263||11.60|126|9.60|111
GME211217C00170000||||23.22|23.22|3|0.00|0.0000|-2|117|0|0|0.6755|0.0105|0.0451|-0.3839|0.1370||24.00|58|20.95|61
GME211217P00170000|11.28|14.80|10.85|11.92|12.18|3|0.26|0.0218|291|1083|1|44|-0.3269|0.0103|-0.0297|-0.3945|0.1374||13.15|79|11.75|84
GME211217C00175000|21.90|21.90|16.27|21.60|16.27|2|-5.33|-0.2468|-22|188|1|10|0.6119|0.0062|0.1215|-0.2230|0.2656||21.35|76|18.50|78
GME211217P00175000|15.80|16.43|14.60|14.30|14.60|2|0.30|0.0210|18|703|1|5|-0.3880|0.0062|-0.1251|-0.2361|0.2580||15.60|91|13.80|103
GME211217C00180000|21.00|21.00|14.24|17.51|18.00|1|0.49|0.0280|17|465|1|15|0.5597|0.0116|0.0383|-0.4192|0.1502||18.80|76|16.50|81
GME211217P00180000|15.35|20.86|15.00|17.60|18.00|1|0.40|0.0227|199|1062|1|20|-0.4353|0.0113|-0.0403|-0.4289|0.1503||18.95|130|16.30|75
GME211217C00185000|17.00|18.25|12.92|16.00|15.40|1|-0.60|-0.0375|13|268|1|22|0.5065|0.0117|0.0350|-0.4269|0.1523||16.85|105|14.15|95
GME211217P00185000|17.32|23.60|17.00|19.85|19.70|1|-0.15|-0.0076|1|269|1|56|-0.4497|0.0062|-0.1579|-0.2362|0.2743||21.30|80|18.85|88
GME211217C00187500||||14.09|14.09|2|0.00|0.0000|15|39|0|0|0.4973|0.0092|0.0331|-0.5427|0.1519||15.80|46|12.95|48
GME211217P00187500||||21.85|21.85|2|0.00|0.0000|15|115|0|0|-0.5010|0.0093|-0.0488|-0.5317|0.1523||23.45|84|20.20|54
GME211217C00190000|15.00|16.15|10.20|13.65|11.00|3|-2.65|-0.1941|83|239|6|65|0.4508|0.0115|0.0314|-0.4264|0.1511||14.75|93|12.60|84
GME211217P00190000|20.10|26.92|20.10|22.75|22.90|3|0.15|0.0066|3|450|1|7|-0.5508|0.0112|-0.0521|-0.4350|0.1507||25.05|86|21.95|59
GME211217C00192500|12.74|12.74|12.74|12.10|12.74|4|0.64|0.0529|20|28|1|1|0.4524|0.0092|0.0304|-0.5346|0.1509||13.95|69|11.70|53
GME211217P00192500||||24.70|24.70|4|0.00|0.0000|7|112|0|0|-0.4700|0.0052|-0.1774|-0.2860|0.2758||26.70|52|23.40|36
GME211217C00195000|13.00|13.35|11.85|11.79|12.00|5|0.21|0.0178|18|148|1|5|0.3988|0.0111|0.0280|-0.4202|0.1474||12.70|59|11.05|75
GME211217P00195000|29.90|31.30|25.50|25.08|26.50|5|1.42|0.0566|8|423|1|92|-0.5975|0.0109|-0.0573|-0.4295|0.1477||27.10|15|25.75|28
GME211217C00197500|12.50|13.00|10.99|10.50|10.99|6|0.49|0.0467|33|38|1|41|0.5061|0.0052|0.0927|-0.3054|0.2686||12.20|67|10.20|71
GME211217P00197500||||27.65|27.65|6|0.00|0.0000|1|93|0|0|-0.5993|0.0094|-0.0592|-0.4952|0.1472||30.30|68|26.85|41
GME211217C00200000|11.05|12.80|8.47|10.50|10.36|7|-0.14|-0.0133|134|1099|1|435|0.4582|0.0064|0.0897|-0.2474|0.2671||11.00|56|9.85|89
GME211217P00200000|28.60|32.77|28.60|28.61|32.77|7|4.16|0.1454|4|1921|1|8|-0.6433|0.0103|-0.0626|-0.4209|0.1424||32.10|82|28.70|63
GME211217C00202500|10.60|10.60|10.60|10.00|10.60|8|0.60|0.0600|5|18|3|3|0.4981|0.0048|0.0946|-0.3138|0.2765||10.55|54|8.75|99
GME211217P00202500||||24.10|24.10|8|0.00|0.0000|0|116|0|0|-0.8036|0.0132|-0.0740|-0.1810|0.1057||34.00|46|30.55|29
GME211217C00205000|10.00|10.05|7.47|9.40|8.50|9|-0.90|-0.0957|16|57|2|20|0.4830|0.0049|0.0876|-0.3249|0.2684||10.05|65|8.55|93
GME211217P00205000|36.08|36.08|36.08|33.95|36.08|9|2.13|0.0627|6|165|1|1|-0.5276|0.0052|-0.1935|-0.3066|0.2680||35.90|49|32.45|18
GME211217C00207500|10.20|10.20|7.35|9.03|7.35|10|-1.68|-0.1860|12|28|1|6|0.3505|0.0079|0.0237|-0.5411|0.1411||9.45|62|8.10|87
GME211217P00207500||||21.30|21.30|10|0.00|0.0000|0|181|0|0|-0.9355|0.0083|-0.0860|-0.0589|0.0481||37.85|76|34.45|48
GME211217C00210000|10.25|10.25|6.70|9.00|8.50|11|-0.50|-0.0556|323|845|1|31|0.2598|0.0092|0.0185|-0.3573|0.1235||8.65|56|7.90|44
GME211217P00210000|40.00|40.70|40.00|40.00|40.21|11|0.21|0.0053|7|226|1|6|-0.7352|0.0091|-0.0732|-0.3667|0.1247||39.85|73|36.45|54
GME211217C00212500|6.50|6.50|6.50|7.88|6.50|12|-1.38|-0.1751|1|22|1|1|0.4546|0.0048|0.0829|-0.3281|0.2669||8.40|59|6.60|111
GME211217P00212500|42.25|42.25|42.25|27.00|42.25|12|15.25|0.5648|0|59|4|4|-0.9038|0.0083|-0.0858|-0.1088|0.0651||41.90|41|38.50|34
GME211217C00215000|8.03|8.03|7.90|7.33|7.90|13|0.57|0.0778|3|93|1|3|0.4511|0.0047|0.0866|-0.3181|0.2745||8.05|60|6.50|95
GME211217P00215000|38.00|46.00|38.00|32.68|42.25|13|9.57|0.2928|0|99|1|4|-0.8874|0.0081|-0.0858|-0.1400|0.0730||43.95|69|40.55|45
GME211217C00217500||||7.75|7.75|14|0.00|0.0000|18|38|0|0|0.3039|0.0071|0.0206|-0.5417|0.1335||7.45|54|6.35|80
GME211217P00217500|47.80|47.80|47.80|34.55|47.80|14|13.25|0.3835|0|23|1|1|-0.9216|0.0067|-0.0894|-0.1000|0.0558||46.05|51|42.65|28
GME211217C00220000|6.89|7.58|5.30|6.70|6.45|15|-0.25|-0.0373|257|1902|1|37|0.3611|0.0058|0.0761|-0.2290|0.2596||6.90|27|6.15|60
GME211217P00220000|46.55|46.55|46.55|42.02|46.55|15|4.53|0.1078|-1|445|1|1|-0.7980|0.0077|-0.0819|-0.3218|0.1075||48.20|42|44.90|20
GME211217C00222500|7.50|7.50|7.25|5.85|7.25|16|1.40|0.2393|1|67|1|2|0.4212|0.0046|0.0818|-0.3130|0.2711||6.65|13|5.85|27
GME211217P00222500|52.45|52.95|51.52|31.45|52.95|16|21.50|0.6836|0|10|1|11|-0.7773|0.0071|-0.2712|-0.1167|0.2067||50.35|59|46.95|41
GME211217C00225000|6.35|6.35|5.50|6.00|5.90|17|-0.10|-0.0167|6|105|1|13|0.2554|0.0066|0.0175|-0.4870|0.1227||6.45|51|5.55|51
GME211217P00225000||||32.35|32.35|17|0.00|0.0000|0|31|0|0|-0.9466|0.0047|-0.0946|-0.0769|0.0415||52.55|50|49.15|6
GME211217C00227500||||5.85|5.85|18|0.00|0.0000|-1|8|0|0|0.2446|0.0064|0.0168|-0.4830|0.1196||6.20|56|5.10|60
GME211217P00227500||||48.05|48.05|18|0.00|0.0000|17|60|0|0|-0.8996|0.0059|-0.0923|-0.1625|0.0672||54.75|37|51.35|5
GME211217C00230000|5.65|6.40|5.30|5.33|5.40|19|0.07|0.0131|-3|431|1|13|0.1460|0.0062|0.0106|-0.2626|0.0874||5.90|71|4.90|111
GME211217P00230000||||49.83|49.83|19|0.00|0.0000|-10|63|0|0|-0.8493|0.0063|-0.0899|-0.2718|0.0893||57.00|26|53.60|5
GME211217C00232500|4.50|4.50|4.45|5.20|4.45|20|-0.75|-0.1442|3|80|1|3|0.2247|0.0060|0.0155|-0.4652|0.1144||5.70|62|4.75|87
GME211217P00232500||||53.30|53.30|20|0.00|0.0000|0|19|0|0|-0.8936|0.0055|-0.0941|-0.1894|0.0701||59.25|24|55.85|5
GME211217C00235000|5.70|5.70|5.70|4.79|5.70|21|0.91|0.1900|17|74|5|5|0.3843|0.0044|0.0707|-0.3333|0.2572||5.40|51|4.45|76
GME211217P00235000||||54.70|54.70|21|0.00|0.0000|43|60|0|0|-0.8438|0.0058|-0.0919|-0.3075|0.0914||61.55|51|58.10|5
GME211217C00240000|4.37|4.37|4.37|4.70|4.37|22|-0.33|-0.0702|-4|308|25|50|0.1049|0.0049|0.0076|-0.2099|0.0693||5.00|53|4.30|24
GME211217P00240000|65.50|65.50|65.50|65.23|65.50|22|0.27|0.0041|8|54|1|1|-0.8897|0.0050|-0.0972|-0.2225|0.0718||66.55|37|62.35|33
GME211217C00245000|4.75|4.75|4.10|4.10|4.17|23|0.07|0.0171|5|87|2|153|0.1797|0.0051|0.0124|-0.4197|0.0998||4.75|49|3.95|47
GME211217P00245000|71.40|71.40|71.40|56.01|71.40|23|15.39|0.2748|-5|49|2|5|-0.8859|0.0047|-0.0992|-0.2470|0.0735||71.20|60|67.35|30
GME211217C00250000|4.46|4.75|3.45|4.00|3.90|24|-0.10|-0.0250|14|1169|1|57|0.0746|0.0038|0.0054|-0.1650|0.0537||4.25|43|3.65|76
GME211217P00250000||||73.53|73.53|24|0.00|0.0000|-1|56|0|0|-0.9207|0.0039|-0.1038|-0.1754|0.0562||75.95|50|71.45|63
GME211217C00255000|3.60|3.60|3.45|3.60|3.45|25|-0.15|-0.0417|-1|355|1|2|0.1569|0.0045|0.0108|-0.3997|0.0915||4.10|57|3.50|61
GME211217P00255000||||39.75|39.75|25|0.00|0.0000|0|5|0|0|-0.9983|0.0003|-0.1116|-0.0027|0.0021||80.70|46|76.45|18
GME211217C00260000|3.55|3.55|3.20|3.59|3.27|26|-0.32|-0.0891|30|516|7|10|0.0534|0.0029|0.0039|-0.1286|0.0414||3.85|54|3.30|41
GME211217P00260000|78.20|78.20|78.20|72.05|78.20|26|6.15|0.0854|0|21|1|1|-0.9427|0.0030|-0.1098|-0.1377|0.0438||85.50|46|81.00|63
GME211217C00270000|3.25|3.25|2.90|3.19|3.00|27|-0.19|-0.0596|18|541|1|5|0.0409|0.0023|0.0030|-0.1062|0.0335||3.45|64|2.98|7
GME211217P00270000||||65.35|65.35|27|0.00|0.0000|0|49|0|0|-0.9552|0.0024|-0.1151|-0.1162|0.0361||95.20|46|91.00|15
GME211217C00280000|3.29|3.29|2.60|2.55|2.69|28|0.14|0.0549|7|2032|2|7|0.0314|0.0018|0.0023|-0.0877|0.0270||3.40|91|2.54|125
GME211217P00280000||||91.00|91.00|28|0.00|0.0000|0|10|0|0|-0.9661|0.0019|-0.1202|-0.0942|0.0288||104.70|28|100.65|14
GME211217C00290000|2.60|2.60|2.48|2.43|2.50|29|0.07|0.0288|3|522|1|35|0.0240|0.0014|0.0018|-0.0715|0.0216||2.75|52|2.31|107
GME211217P00290000||||68.50|68.50|29|0.00|0.0000|0|25|0|0|-0.8294|0.0035|-0.3624|-0.1855|0.1708||114.50|44|110.35|17
GME211217C00300000|2.55|2.60|2.20|2.35|2.40|30|0.05|0.0213|199|5147|20|469|0.0181|0.0011|0.0013|-0.0570|0.0169||2.40|20|2.22|20
GME211217P00300000|125.00|125.00|125.00|116.00|125.00|30|9.00|0.0776|0|20|4|5|-0.9798|0.0012|-0.1300|-0.0629|0.0186||124.50|50|120.10|18
GME211217C00310000|2.10|2.10|2.10|2.21|2.10|31|-0.11|-0.0498|-1|369|1|1|0.0133|0.0008|0.0010|-0.0444|0.0131||2.40|56|2.00|78
GME211217P00310000||||102.75|102.75|31|0.00|0.0000|0|3|0|0|-0.9845|0.0009|-0.1347|-0.0508|0.0148||134.15|20|129.85|12
GME211217C00320000|2.00|2.00|2.00|2.00|2.00|32|0.00|0.0000|4|407|40|40|0.1204|0.0027|0.0249|-0.1495|0.1350||2.33|75|1.84|99
GME211217P00320000||||96.00|96.00|32|0.00|0.0000|0|17|0|0|-0.9875|0.0007|-0.1393|-0.0428|0.0123||144.05|19|139.70|12
GME211217C00330000||||1.75|1.75|33|0.00|0.0000|28|213|0|0|0.0083|0.0005|0.0006|-0.0304|0.0086||2.10|54|1.72|14
GME211217P00330000||||159.50|159.50|33|0.00|0.0000|0|3|0|0|-0.8809|0.0026|-0.4275|-0.1537|0.1340||153.95|21|149.55|13
GME211217C00340000|2.00|2.00|1.70|1.53|1.70|34|0.17|0.1111|5|232|1|2|0.0068|0.0004|0.0005|-0.0259|0.0072||1.90|32|1.60|68
GME211217P00340000||||126.85|126.85|34|0.00|0.0000|0|7|0|0|-0.9924|0.0005|-0.1485|-0.0280|0.0080||163.85|17|159.40|14
GME211217C00350000|1.75|1.84|1.50|1.75|1.70|35|-0.05|-0.0286|13|990|1|37|0.0056|0.0004|0.0004|-0.0222|0.0061||1.76|26|1.54|7
GME211217P00350000||||133.85|133.85|35|0.00|0.0000|0|4|0|0|-0.8867|0.0023|-0.4837|-0.1489|0.1331||173.75|17|169.30|13
GME211217C00360000|1.50|1.50|1.50|1.58|1.50|36|-0.08|-0.0506|0|308|3|3|0.0939|0.0021|0.0193|-0.1352|0.1128||1.71|41|1.33|91
GME211217P00360000||||||36|||0|0|0|0|-0.8918|0.0022|-0.4994|-0.1470|0.1288||183.65|12|179.20|12
GME211217C00370000||||1.97|1.97|37|0.00|0.0000|0|447|0|0|0.0042|0.0003|0.0003|-0.0179|0.0047||1.60|14|1.27|68
GME211217P00370000||||172.65|172.65|37|0.00|0.0000|0|3|0|0|-0.9952|0.0003|-0.1618|-0.0193|0.0053||193.55|19|189.10|14
GME211217C00380000|1.60|1.60|1.60|1.36|1.60|38|0.24|0.1765|1|169|1|1|0.0036|0.0002|0.0003|-0.0161|0.0041||1.60|75|1.22|46
GME211217P00380000||||165.60|165.60|38|0.00|0.0000|0|17|0|0|-0.9961|0.0002|-0.1663|-0.0161|0.0044||203.45|20|199.00|15
GME211217C00390000||||1.38|1.38|39|0.00|0.0000|0|192|0|0|0.0914|0.0019|0.0196|-0.1366|0.1139||1.39|13|1.10|69
GME211217P00390000||||||39|||0|0|0|0|-0.9052|0.0019|-0.5459|-0.1406|0.1170||213.45|12|208.95|12
GME211217C00400000|1.20|1.39|1.20|1.29|1.24|40|-0.05|-0.0388|16|1166|1|7|0.0773|0.0017|0.0158|-0.1251|0.0975||1.33|17|1.20|3
GME211217P00400000||||198.90|198.90|40|0.00|0.0000|0|3|0|0|-0.9969|0.0002|-0.1751|-0.0136|0.0036||223.45|12|218.85|12
GME211217C00410000||||1.22|1.22|41|0.00|0.0000|1|204|0|0|0.0805|0.0017|0.0173|-0.1265|0.1036||1.29|14|1.01|55
GME211217P00410000||||190.90|190.90|41|0.00|0.0000|0|3|0|0|-0.9972|0.0002|-0.1795|-0.0120|0.0032||233.45|12|228.80|12
GME211217C00420000|1.37|1.37|1.01|1.16|1.01|42|-0.15|-0.1293|-1|539|6|7|0.0699|0.0015|0.0143|-0.1187|0.0903||1.24|36|1.01|5
GME211217P00420000||||189.85|189.85|42|0.00|0.0000|0|16|0|0|-0.9983|0.0001|-0.1840|-0.0072|0.0021||243.10|13|238.75|11
GME211217C00430000|0.97|0.97|0.97|1.08|0.97|43|-0.11|-0.1019|0|208|7|7|0.0017|0.0001|0.0001|-0.0085|0.0020||1.24|35|0.85|67
GME211217P00430000||||244.20|244.20|43|0.00|0.0000|0|0|0|0|-0.9985|0.0001|-0.1884|-0.0061|0.0018||253.10|3|247.40|3
GME211217C00440000||||1.15|1.15|44|0.00|0.0000|4|472|0|0|0.0014|0.0001|0.0001|-0.0073|0.0017||1.24|39|0.80|67
GME211217P00440000||||||44|||0|0|0|0|-0.9404|0.0013|-0.5904|-0.1040|0.0797||263.10|12|257.35|12
GME211217C00450000|1.03|1.03|0.76|1.02|0.95|45|-0.07|-0.0686|5|684|1|4|0.0668|0.0014|0.0143|-0.1145|0.0898||1.24|42|0.76|29
GME211217P00450000||||||45|||0|0|0|0|-0.9422|0.0013|-0.6045|-0.1030|0.0779||273.10|3|267.35|3
GME211217C00460000|1.11|1.11|0.96|1.02|0.96|46|-0.06|-0.0588|-133|1136|1|4|0.0011|0.0001|0.0001|-0.0060|0.0014||1.20|14|0.72|20
GME211217P00460000||||261.60|261.60|46|0.00|0.0000|0|5|0|0|-0.9991|0.0001|-0.2016|-0.0036|0.0012||283.10|6|277.05|4
GME211217C00470000|0.90|0.90|0.83|0.84|0.83|47|-0.01|-0.0119|0|189|8|10|0.0375|0.0010|0.0025|-0.2188|0.0312||1.20|26|0.62|46
GME211217P00470000||||||47||||0|0|0|-1.0000|0.0000|-0.2060|0.0016|0.0000||293.05|3|287.05|2
GME211217C00480000|0.82|0.82|0.82|0.67|0.82|48|0.15|0.2239|7|224|1|1|0.0367|0.0009|0.0025|-0.2182|0.0306||0.84|2|0.57|80
GME211217P00480000||||264.21|264.21|48|0.00|0.0000|0|7|0|0|-0.9748|0.0007|-0.2087|-0.1474|0.0225||302.95|12|297.05|5
GME211217C00490000||||0.86|0.86|49|0.00|0.0000|1|97|0|0|0.0304|0.0008|0.0021|-0.1837|0.0263||0.81|10|0.47|88
GME211217P00490000||||274.04|274.04|49|0.00|0.0000|0|7|0|0|-0.7920|0.0019|-0.6744|-0.3979|0.1986||312.90|2|307.00|2
GME211217C00500000|0.90|0.90|0.66|0.80|0.68|50|-0.12|-0.1500|-5|2488|5|12|0.0280|0.0008|0.0019|-0.1722|0.0245||0.76|1|0.47|59
GME211217P00500000||||290.05|290.05|50|0.00|0.0000|0|7|0|0|-0.9729|0.0007|-0.2173|-0.1649|0.0238||322.85|12|317.00|2
GME211217C00510000|0.72|0.96|0.62|0.72|0.69|51|-0.03|-0.0417|101|1366|1|86|0.2183|0.0019|0.0358|-0.4585|0.1985||0.69|2|0.63|2
GME211217P00510000||||277.97|277.97|51|0.00|0.0000|0|0|0|0|-0.9921|0.0003|-0.2230|-0.0469|0.0083||332.80|12|327.00|4
GME211223C00100000||||80.77|80.77|14|0.00|0.0000|-2|14|0|0|0.9442|0.0014|0.0528|-0.2045|0.0504||83.85|6|79.10|7
GME211223P00100000|0.90|0.90|0.88|0.80|0.88|14|0.08|0.1000|7|116|10|11|-0.0236|0.0009|-0.0030|-0.0758|0.0249||1.29|23|0.57|14
GME211223C00110000||||||13||||0|0|0|1.0000|0.0000|0.0663|-0.0004|0.0000||73.75|5|69.55|8
GME211223P00110000|0.80|1.33|0.80|1.69|1.33|13|-0.36|-0.2130|6|28|10|20|-0.1159|0.0020|-0.0458|-0.1638|0.1427||1.83|25|0.85|17
GME211223C00120000||||103.35|103.35|12|0.00|0.0000|0|1|0|0|0.8298|0.0011|0.0283|-1.2877|0.1131||64.65|14|60.20|12
GME211223P00120000||||1.15|1.15|12|0.00|0.0000|0|25|0|0|-0.0390|0.0018|-0.0048|-0.0895|0.0378||2.79|63|1.10|57
GME211223C00130000||||||11||||0|0|0|1.0000|0.0000|0.0784|-0.0005|0.0000||55.35|13|51.25|17
GME211223P00130000||||2.33|2.33|11|0.00|0.0000|4|72|0|0|-0.0746|0.0030|-0.0093|-0.1505|0.0631||4.05|29|2.18|24
GME211223C00140000||||||10||||0|0|0|1.0000|0.0000|0.0844|-0.0005|0.0000||47.10|12|42.80|12
GME211223P00140000||||3.90|3.90|10|0.00|0.0000|11|40|0|0|-0.1202|0.0044|-0.0150|-0.2091|0.0896||5.75|51|3.75|29
GME211223C00145000||||||9|||||0|0|1.0000|0.0000|0.0874|-0.0005|0.0000||43.45|13|38.85|21
GME211223P00145000||||||9|||||0|0|0.0000|0.0000|0.0000|0.0000|0.0000||6.90|41|4.50|15
GME211223C00150000||||55.90|55.90|8|0.00|0.0000|0|4|0|0|0.7340|0.0028|0.0449|-0.8619|0.1469||39.50|22|35.05|22
GME211223P00150000|4.80|7.60|4.10|6.45|7.20|8|0.75|0.1163|82|206|1|55|-0.1862|0.0058|-0.0237|-0.2836|0.1200||8.00|59|5.60|77
GME211223C00155000||||57.05|57.05|7|0.00|0.0000|0|10|0|0|0.7174|0.0028|0.0438|-0.9153|0.1513||34.95|5|31.50|25
GME211223P00155000|8.65|9.55|8.65|3.81|9.30|7|5.49|1.4409|0|111|8|18|-0.1576|0.0075|-0.0191|-0.1769|0.1078||9.70|79|6.85|41
GME211223C00160000||||53.80|53.80|6|0.00|0.0000|0|12|0|0|0.6998|0.0030|0.0438|-0.9193|0.1557||31.65|8|28.15|26
GME211223P00160000|10.28|11.60|8.10|9.59|9.45|6|-0.14|-0.0146|14|61|3|9|-0.2630|0.0071|-0.0339|-0.3411|0.1457||10.75|36|8.70|26
GME211223C00165000||||||5||||0|0|0|1.0000|0.0000|0.0994|-0.0006|0.0000||28.60|11|25.15|32
GME211223P00165000||||11.60|11.60|5|0.00|0.0000|12|21|0|0|-0.3285|0.0049|-0.1226|-0.2375|0.2576||13.55|44|10.35|21
GME211223C00170000||||25.94|25.94|4|0.00|0.0000|11|15|0|0|0.6473|0.0070|0.0547|-0.4494|0.1659||25.80|22|22.50|38
GME211223P00170000||||14.35|14.35|4|0.00|0.0000|2|33|0|0|-0.3551|0.0049|-0.1352|-0.2527|0.2653||15.20|35|12.55|38
GME211223C00175000||||19.00|19.00|3|0.00|0.0000|1|3|0|0|0.6154|0.0091|0.0554|-0.3650|0.1710||23.25|12|20.10|17
GME211223P00175000|13.64|17.35|13.50|16.30|16.05|3|-0.25|-0.0153|30|54|1|32|-0.3865|0.0082|-0.0514|-0.4052|0.1713||18.25|56|14.90|39
