symbol|open|high|low|preClose|close|activeLevel|change|changeRatio|openIntChange|openInterest|latestPriceVol|volume|delta|gamma|rho|theta|vega|tradeStamptradeTime|ask|avol|bid|bvol
GME211203C00100000||||83.51|83.51|10|0.00|0.0000|-1|9|0|0|0.9773|0.0010|0.0026|-1.3896|0.0049||69.50|12|59.50|27
GME211203P00100000|0.04|0.05|0.01|0.06|0.01|10|-0.05|-0.8333|21|534|20|226|-0.0004|0.0001|0.0000|-0.0227|0.0001||0.01|1|0.00|0
GME211203C00110000||||135.99|135.99|9|0.00|0.0000|0|1|0|0|0.8724|0.0023|0.0022|-9.4000|0.0190||58.95|12|48.95|30
GME211203P00110000|0.08|0.08|0.01|0.11|0.01|9|-0.10|-0.9091|27|199|5|47|-0.0004|0.0001|0.0000|-0.0186|0.0001||0.07|10|0.01|1
GME211203C00120000||||||8||||0|0|0|1.0000|0.0000|0.0033|-0.0004|0.0000||48.85|12|39.00|28
GME211203P00120000|0.04|0.15|0.01|0.19|0.07|8|-0.12|-0.6316|165|546|1|512|-0.0037|0.0005|0.0000|-0.1320|0.0010||0.07|534|0.00|0
GME211203C00130000||||65.44|65.44|7|0.00|0.0000|0|1|0|0|0.8244|0.0038|0.0025|-8.7838|0.0235||39.20|12|29.35|27
GME211203P00130000|0.14|0.18|0.01|0.29|0.02|7|-0.27|-0.9310|7|983|8|417|-0.0041|0.0006|0.0000|-0.1138|0.0011||0.15|2|0.01|4
GME211203C00140000|32.50|32.50|32.50|55.33|32.50|6|-22.83|-0.4126|0|6|4|4|0.7614|0.0041|0.0047|-5.8483|0.0398||29.70|5|22.90|17
GME211203P00140000|0.15|0.38|0.01|0.30|0.02|6|-0.28|-0.9333|17|1168|12|882|-0.0013|0.0004|0.0000|-0.0278|0.0004||0.02|5|0.01|8
GME211203C00150000|23.50|24.00|21.00|44.80|24.00|5|-20.80|-0.4643|0|6|1|52|0.7658|0.0073|0.0028|-6.4069|0.0279||19.80|13|12.95|27
GME211203P00150000|0.20|0.61|0.06|0.65|0.09|5|-0.56|-0.8615|149|1347|1|1872|-0.0461|0.0063|-0.0002|-0.7446|0.0088||0.10|1|0.02|15
GME211203C00155000|10.40|10.40|5.65|27.75|5.65|4|-22.10|-0.7964|0|5|2|57|0.6991|0.0066|0.0025|-9.2222|0.0316||14.50|13|8.35|29
GME211203P00155000|0.39|1.22|0.02|0.68|0.10|4|-0.58|-0.8529|-29|963|6|1449|-0.0757|0.0107|-0.0004|-0.9482|0.0129||0.35|12|0.02|11
GME211203C00160000|23.77|23.77|2.12|23.00|7.49|3|-15.51|-0.6743|2|117|1|452|0.8428|0.0165|0.0036|-1.7532|0.0218||8.35|14|5.50|11
GME211203P00160000|1.14|2.86|0.11|0.68|0.16|3|-0.52|-0.7647|108|548|1|3204|-0.3482|0.0053|-0.0864|-0.3296|0.2086||0.31|10|0.10|1
GME211203C00165000|15.40|15.40|0.55|32.50|2.70|2|-29.80|-0.9169|0|31|1|733|0.6288|0.0090|0.0024|-7.9207|0.0343||3.10|4|1.71|3
GME211203P00165000|0.62|6.75|0.40|1.20|0.83|2|-0.37|-0.3083|41|824|1|3372|-0.2246|0.0279|-0.0011|-1.6084|0.0271||1.02|11|0.50|24
GME211203C00170000|6.30|6.30|0.11|13.35|0.16|1|-13.19|-0.9880|13|63|1|2442|0.6116|0.0368|0.0027|-1.9979|0.0346||0.45|11|0.06|11
GME211203P00170000|1.42|10.97|0.80|1.87|3.60|1|1.73|0.9251|480|1414|1|2719|-0.3512|0.0370|-0.0017|-1.8566|0.0337||3.60|3|2.03|10
GME211203C00175000|7.05|7.05|0.02|9.00|0.03|1|-8.97|-0.9967|6|123|1|3773|0.4446|0.0437|0.0020|-1.7851|0.0359||0.05|2|0.02|200
GME211203P00175000|1.75|15.93|1.50|2.73|8.00|1|5.27|1.9304|485|968|1|1150|-0.5564|0.0443|-0.0028|-1.7588|0.0359||9.55|12|6.75|15
GME211203C00177500|4.12|4.12|0.04|8.24|0.04|2|-8.20|-0.9951|34|41|2|1584|0.3661|0.0355|0.0017|-1.9957|0.0342||0.10|1|0.02|10
GME211203P00177500|2.70|18.12|2.20|3.58|9.05|2|5.47|1.5279|267|466|1|589|-0.4652|0.0072|-0.1121|-0.2803|0.2254||11.80|12|9.20|30
GME211203C00180000|4.60|5.00|0.03|5.75|0.03|3|-5.72|-0.9948|33|766|1|1225|0.2201|0.0327|0.0010|-1.3414|0.0268||0.23|20|0.03|12
GME211203P00180000|5.29|20.87|2.63|4.40|13.88|3|9.48|2.1545|-355|1413|2|743|-0.8533|0.0384|-0.0042|-0.6857|0.0209||14.30|12|11.75|17
GME211203C00182500|3.75|3.90|0.06|4.40|0.07|4|-4.33|-0.9841|61|146|5|273|0.2446|0.0260|0.0022|-0.9486|0.0403||0.04|1|0.01|1
GME211203P00182500|7.75|22.00|3.89|5.41|15.40|4|9.99|1.8466|-45|252|1|106|-0.8594|0.0280|-0.0043|-0.8892|0.0203||16.80|12|14.15|12
GME211203C00185000|2.43|3.10|0.01|3.22|0.01|5|-3.21|-0.9969|314|795|2|1419|0.0855|0.0182|0.0004|-0.6701|0.0141||0.05|5|0.00|0
GME211203P00185000|9.16|25.50|4.90|7.21|19.05|5|11.84|1.6422|-47|541|1|237|-0.9154|0.0181|-0.0047|-0.6614|0.0140||19.20|10|16.75|13
GME211203C00187500|2.00|2.16|0.03|2.40|0.03|6|-2.37|-0.9875|-120|610|1|597|0.0856|0.0162|0.0004|-0.7546|0.0142||0.27|2|0.01|12
GME211203P00187500|7.14|26.00|7.14|8.59|23.07|6|14.48|1.6857|-33|442|1|49|-0.9482|0.0130|-0.0049|-0.4322|0.0096||23.15|12|18.90|31
GME211203C00190000|1.42|1.60|0.01|1.70|0.01|7|-1.69|-0.9941|-141|637|1|742|0.0665|0.0120|0.0003|-0.6968|0.0117||0.01|203|0.00|0
GME211203P00190000|11.26|29.69|8.25|11.17|23.37|7|12.20|1.0922|-67|766|1|197|-0.5340|0.0066|-0.1356|-0.3083|0.2254||25.80|27|21.35|14
GME211203C00192500|1.00|1.09|0.02|1.27|0.02|8|-1.25|-0.9843|-248|254|14|804|0.1285|0.0137|0.0012|-0.8032|0.0270||0.04|4|0.00|0
GME211203P00192500|10.85|32.56|10.85|12.49|31.82|8|19.33|1.5476|-8|265|1|27|-0.7057|0.0119|-0.0040|-4.9771|0.0313||29.65|32|23.60|62
GME211203C00195000|1.09|1.09|0.02|1.07|0.02|9|-1.05|-0.9813|-71|526|3|642|0.0545|0.0086|0.0003|-0.7092|0.0100||0.02|238|0.00|0
GME211203P00195000|15.20|35.57|12.95|14.76|28.00|9|13.24|0.8970|-69|557|1|71|-0.5767|0.0069|-0.1455|-0.2843|0.2221||30.65|13|26.65|22
GME211203C00197500|0.35|0.35|0.04|0.89|0.04|10|-0.85|-0.9551|-133|357|1|68|0.0439|0.0070|0.0002|-0.6181|0.0084||0.01|10|0.00|0
GME211203P00197500|17.15|37.79|15.00|17.43|32.33|10|14.90|0.8548|-4|198|1|67|-0.8718|0.0111|-0.0048|-1.9800|0.0190||33.10|12|28.75|13
GME211203C00200000|0.65|0.74|0.01|0.68|0.01|11|-0.67|-0.9853|599|1650|1|1612|0.0392|0.0062|0.0002|-0.5804|0.0077||0.01|210|0.00|0
GME211203P00200000|18.50|40.30|18.50|19.88|33.05|11|13.17|0.6625|-271|727|2|160|-0.9861|0.0031|-0.0054|-0.2012|0.0032||35.60|27|31.55|23
GME211203C00202500|0.30|0.51|0.01|0.50|0.01|12|-0.49|-0.9800|164|445|7|128|0.4606|0.0049|0.0619|-0.4114|0.2252||0.07|14|0.00|0
GME211203P00202500|21.15|42.83|21.15|21.93|38.08|12|16.15|0.7364|-30|154|3|25|-0.4500|0.0033|-0.1548|-0.6118|0.2245||41.45|12|33.60|66
GME211203C00205000|0.88|0.88|0.01|0.55|0.03|13|-0.52|-0.9455|-141|693|1|233|0.0157|0.0029|0.0001|-0.2668|0.0036||0.02|2|0.00|0
GME211203P00205000|26.93|45.45|26.93|24.98|38.58|13|13.60|0.5444|-135|349|1|80|-0.5377|0.0047|-0.1579|-0.4329|0.2252||43.85|43|36.70|17
GME211203C00207500|0.15|0.15|0.01|0.55|0.05|14|-0.50|-0.9091|148|548|4|123|0.5037|0.0038|0.0609|-0.5392|0.2262||0.01|1|0.00|0
GME211203P00207500|38.35|43.49|35.25|25.68|43.49|14|17.81|0.6935|-2|33|5|14|-0.8363|0.0083|-0.0050|-3.6792|0.0223||48.50|19|38.90|28
GME211203C00210000|0.33|0.39|0.01|0.46|0.01|15|-0.45|-0.9783|73|1012|1|898|0.0211|0.0032|0.0001|-0.4033|0.0046||0.01|5|0.00|0
GME211203P00210000|28.88|51.05|28.55|29.77|51.05|15|21.28|0.7148|-51|334|1|188|-0.8851|0.0073|-0.0052|-2.5680|0.0175||51.00|226|41.45|17
GME211203C00212500|0.22|0.22|0.01|0.48|0.01|16|-0.47|-0.9792|47|344|1|565|0.0133|0.0022|0.0001|-0.2657|0.0031||0.01|9|0.00|0
GME211203P00212500|37.02|53.58|37.02|33.40|53.58|16|20.18|0.6042|0|67|1|10|-0.9114|0.0065|-0.0054|-1.9867|0.0146||53.35|7|43.90|13
GME211203C00215000|0.17|0.23|0.01|0.37|0.01|17|-0.36|-0.9730|0|792|1|562|0.0231|0.0030|0.0001|-0.5055|0.0049||0.01|5|0.00|0
GME211203P00215000|35.00|52.00|35.00|31.97|48.20|17|16.23|0.5077|-11|215|5|129|-0.9823|0.0025|-0.0058|-0.3763|0.0040||55.80|33|46.50|13
GME211203C00217500|0.16|0.16|0.01|0.38|0.03|18|-0.35|-0.9211|-3|180|1|160|0.0098|0.0016|0.0000|-0.2200|0.0024||0.01|1|0.00|0
GME211203P00217500|46.36|55.38|45.41|38.35|55.38|18|17.03|0.4441|-2|72|1|52|-0.7800|0.0068|-0.0050|-6.4647|0.0269||58.55|32|48.65|62
GME211203C00220000|0.17|0.20|0.01|0.36|0.01|19|-0.35|-0.9722|32|1410|1|343|0.0103|0.0016|0.0000|-0.2381|0.0025||0.01|8|0.00|0
GME211203P00220000|49.15|59.50|47.33|40.13|59.50|19|19.37|0.4827|-18|195|1|101|-0.9231|0.0053|-0.0057|-1.9726|0.0131||60.80|15|51.05|52
GME211203C00222500|0.09|0.09|0.04|0.37|0.04|20|-0.33|-0.8919|4|185|1|27|0.5306|0.0029|0.0563|-0.6985|0.2244||0.04|7|0.00|0
GME211203P00222500|44.57|48.74|44.57|45.85|48.74|20|2.89|0.0630|-6|45|1|2|-0.9251|0.0050|-0.0058|-2.0046|0.0128||63.05|14|53.85|12
GME211203C00225000|0.20|0.20|0.01|0.30|0.03|21|-0.27|-0.9000|-60|596|1|134|0.4769|0.0034|0.0559|-0.5928|0.2247||0.07|1|0.00|0
GME211203P00225000|42.95|63.12|42.95|45.20|63.12|21|17.92|0.3965|0|125|1|82|-0.9080|0.0051|-0.0058|-2.6537|0.0149||66.00|31|56.20|62
GME211203C00227500|0.14|0.14|0.01|0.50|0.01|22|-0.49|-0.9800|16|113|9|37|0.0495|0.0038|0.0004|-0.6954|0.0131||0.01|1|0.00|0
GME211203P00227500|55.10|55.10|55.10|45.48|55.10|22|9.62|0.2115|0|26|1|1|-0.9320|0.0044|-0.0059|-1.9570|0.0119||68.55|18|58.85|12
GME211203C00230000|0.24|0.24|0.01|0.24|0.01|23|-0.23|-0.9583|-39|888|1|206|0.0081|0.0011|0.0000|-0.2208|0.0020||0.01|30|0.00|0
GME211203P00230000|47.00|61.16|47.00|49.84|61.16|23|11.32|0.2271|-4|63|5|8|-0.9191|0.0046|-0.0059|-2.4541|0.0136||71.05|21|61.40|4
GME211203C00232500|0.03|0.05|0.02|0.25|0.02|24|-0.23|-0.9200|-7|86|1|9|0.5066|0.0029|0.0552|-0.6937|0.2262||0.46|1|0.00|0
GME211203P00232500|67.66|67.66|67.66|52.32|67.66|24|15.34|0.2932|-1|33|1|1|-0.9392|0.0039|-0.0122|-0.9326|0.0155||73.15|10|63.30|60
GME211203C00235000|0.56|0.56|0.01|0.25|0.01|25|-0.24|-0.9600|-14|317|2|58|0.0150|0.0016|0.0001|-0.4498|0.0034||0.01|31|0.00|0
GME211203P00235000|53.48|71.95|53.48|53.95|71.09|25|17.14|0.3177|-31|340|1|133|-0.8380|0.0052|-0.0058|-5.7559|0.0223||76.00|19|66.15|62
GME211203C00237500|0.13|0.13|0.02|0.27|0.03|26|-0.24|-0.8889|-1|114|2|23|0.0132|0.0014|0.0001|-0.4025|0.0031||0.07|19|0.00|0
GME211203P00237500|55.98|77.35|55.98|56.45|73.61|26|17.16|0.3040|-22|262|1|133|-0.8404|0.0051|-0.0058|-5.8321|0.0221||78.55|19|68.70|62
GME211203C00240000|0.20|0.20|0.01|0.27|0.01|27|-0.26|-0.9630|64|656|1|108|0.0057|0.0007|0.0000|-0.1771|0.0015||0.01|1|0.00|0
GME211203P00240000|69.64|71.25|69.63|60.48|71.25|27|10.77|0.1781|-6|95|1|6|-0.9216|0.0040|-0.0062|-2.7069|0.0133||81.05|24|71.25|12
GME211203C00245000|0.05|0.07|0.01|0.23|0.07|28|-0.16|-0.6957|-115|299|1|44|0.0182|0.0016|0.0001|-0.6232|0.0040||0.01|1|0.00|0
GME211203P00245000|66.88|66.88|66.88|60.55|66.88|28|6.33|0.1045|-1|67|1|1|-0.6351|0.0039|-0.2139|-0.4651|0.2121||86.00|26|76.10|69
GME211203C00250000|0.06|0.12|0.01|0.14|0.01|29|-0.13|-0.9286|1181|4523|1|760|0.5062|0.0026|0.0524|-0.7723|0.2262||0.01|3|0.00|0
GME211203P00250000|75.53|75.81|75.53|70.43|75.81|29|5.38|0.0764|0|123|1|3|-0.9826|0.0015|-0.0068|-0.6210|0.0039||90.60|12|81.25|61
GME211203C00260000|0.05|0.05|0.01|0.15|0.01|30|-0.14|-0.9333|-5|709|1|166|0.0040|0.0005|0.0000|-0.1549|0.0011||0.01|240|0.00|0
GME211203P00260000|88.15|88.15|88.15|75.00|88.15|30|13.15|0.1753|0|6|1|1|-0.9239|0.0032|-0.0068|-3.2182|0.0130||101.05|14|91.20|12
GME211203C00270000|0.04|0.12|0.01|0.02|0.01|31|-0.01|-0.5000|20|607|5|294|0.0037|0.0004|0.0000|-0.1534|0.0010||0.01|12|0.00|0
GME211203P00270000|99.66|102.96|99.66|86.50|102.96|31|16.46|0.1903|0|21|1|5|-0.8817|0.0035|-0.0069|-5.6357|0.0180||110.30|13|101.45|13
GME211203C00280000|0.08|0.08|0.01|0.07|0.01|32|-0.06|-0.8571|46|618|10|86|0.0033|0.0003|0.0000|-0.1475|0.0009||0.01|35|0.00|0
GME211203P00280000|114.40|114.41|111.11|95.00|111.11|32|16.11|0.1696|0|10|1|6|-0.9990|0.0001|-0.0077|-0.0445|0.0003||121.05|13|110.80|16
GME211203C00290000|0.04|0.04|0.01|0.09|0.01|33|-0.08|-0.8889|-7|495|1|24|0.0047|0.0004|0.0000|-0.2259|0.0012||0.01|226|0.00|0
GME211203P00290000||||||33||||0|0|0|-1.0000|0.0000|-0.0079|0.0009|0.0000||131.05|10|121.15|12
GME211203C00300000|0.06|0.06|0.01|0.07|0.01|34|-0.06|-0.8571|-116|2079|1|373|0.0030|0.0003|0.0000|-0.1526|0.0008||0.01|71|0.00|0
GME211203P00300000||||111.10|111.10|34|0.00|0.0000|0|2|0|0|-0.9961|0.0003|-0.0164|-0.0992|0.0015||141.05|13|130.85|16
GME211203C00310000|0.04|0.05|0.01|0.08|0.01|35|-0.07|-0.8750|-1|343|8|45|0.0025|0.0002|0.0000|-0.1364|0.0007||0.01|228|0.00|0
GME211203P00310000||||71.90|71.90|35|0.00|0.0000|0|4|0|0|-0.8884|0.0027|-0.3140|-0.1715|0.1077||151.05|10|140.35|17
GME211203C00320000|0.04|0.04|0.01|0.04|0.01|36|-0.03|-0.7500|-1|388|1|11|0.0026|0.0002|0.0000|-0.1461|0.0007||0.01|234|0.00|0
GME211203P00320000||||||36||||0|0|0|-1.0000|0.0000|-0.0175|0.0010|0.0000||160.30|16|151.15|4
GME211203C00330000||||0.06|0.06|37|0.00|0.0000|2|350|0|0|0.0088|0.0005|0.0000|-0.5297|0.0022||0.01|10|0.00|0
GME211203P00330000||||127.27|127.27|37|0.00|0.0000|-2|0|0|0|-1.0000|0.0000|-0.0090|0.0004|0.0000||171.00|14|160.85|13
GME211203C00340000|0.01|0.04|0.01|0.06|0.01|38|-0.05|-0.8333|4|139|1|5|0.0022|0.0002|0.0000|-0.1391|0.0006||0.03|5|0.00|0
GME211203P00340000||||134.20|134.20|38|0.00|0.0000|0|1|0|0|-0.9995|0.0001|-0.0186|-0.0147|0.0002||180.30|13|171.15|12
GME211203C00350000|0.01|0.03|0.01|0.04|0.01|39|-0.03|-0.7500|-10|1227|14|115|0.0023|0.0002|0.0000|-0.1489|0.0007||0.01|235|0.00|0
GME211203P00350000|186.77|186.77|186.77|136.35|186.77|39|50.42|0.3698|-1|2|1|1|-0.9031|0.0022|-0.0092|-6.8307|0.0156||190.30|14|181.40|12
GME211203C00360000|0.01|0.03|0.01|0.09|0.01|40|-0.08|-0.8889|0|159|1|85|0.0019|0.0001|0.0000|-0.1259|0.0005||0.01|1|0.00|0
GME211203P00360000||||||40||||0|0|0|-1.0000|0.0000|-0.0099|0.0011|0.0000||201.00|12|191.20|12
GME211203C00370000|0.01|0.01|0.01|0.02|0.01|41|-0.01|-0.5000|-1|87|1|1|0.0019|0.0001|0.0000|-0.1336|0.0006||0.01|1|0.00|0
GME211203P00370000||||136.05|136.05|41|0.00|0.0000|0|1|0|0|-1.0000|0.0000|-0.0101|0.0011|0.0000||210.30|3|201.15|5
GME211203C00380000|0.01|0.01|0.01|0.04|0.01|42|-0.03|-0.7500|-1|100|1|25|0.0017|0.0001|0.0000|-0.1239|0.0005||0.01|6|0.00|0
GME211203P00380000||||170.35|170.35|42|0.00|0.0000|0|0|0|0|-1.0000|0.0000|-0.0104|0.0007|0.0000||220.30|14|210.55|40
GME211203C00390000|0.04|0.04|0.04|0.02|0.04|43|0.02|1.0000|-2|89|1|1|0.6888|0.0011|0.0357|-1.4553|0.1994||0.01|1|0.00|0
GME211203P00390000|216.55|216.55|216.55|216.55|216.55|43|0.00|0.0000|0|0|1|1|-1.0000|0.0000|-0.0107|0.0012|0.0000||231.00|15|220.85|21
GME211203C00400000|0.01|0.01|0.01|0.02|0.01|44|-0.01|-0.5000|-4|2445|2|23|0.0016|0.0001|0.0000|-0.1224|0.0005||0.01|7|0.00|0
GME211203P00400000||||215.38|215.38|44|0.00|0.0000|0|0|0|0|-0.6912|0.0023|-0.3921|-0.6924|0.1987||241.00|14|230.85|13
GME211203C00410000||||0.03|0.03|45|0.00|0.0000|3|1058|0|0|0.6910|0.0011|0.0349|-1.4856|0.1988||0.01|30|0.00|0
GME211203P00410000||||||45||||0|0|0|-1.0000|0.0000|-0.4380|0.0013|0.0000||251.00|15|240.85|21
GME211203C00420000|0.01|0.02|0.01|0.01|0.02|46|0.01|1.0000|3|234|20|32|0.0026|0.0002|0.0000|-0.2096|0.0007||0.01|4|0.00|0
GME211203P00420000||||||46||||0|0|0|-1.0000|0.0000|-0.0115|0.0013|0.0000||261.00|14|251.40|13
GME211203C00430000||||0.03|0.03|47|0.00|0.0000|0|70|0|0|0.0034|0.0002|0.0000|-0.2853|0.0009||0.02|100|0.00|0
GME211203P00430000||||||47||||0|0|0|-1.0000|0.0000|-0.0118|0.0013|0.0000||271.00|12|259.65|27
GME211203C00440000||||0.08|0.08|48|0.00|0.0000|1|71|0|0|0.0071|0.0003|0.0000|-0.6101|0.0018||0.01|4|0.00|0
GME211203P00440000||||||48||||0|0|0|-1.0000|0.0000|-0.0121|0.0014|0.0000||281.00|12|269.75|27
GME211203C00450000|0.01|0.01|0.01|0.01|0.01|49|0.00|0.0000|4|487|1|5|0.6725|0.0011|0.0350|-1.5193|0.2037||0.01|100|0.00|0
GME211203P00450000||||||49||||0|0|0|-1.0000|0.0000|-0.0123|0.0014|0.0000||291.00|13|279.80|27
GME211203C00460000||||0.01|0.01|50|0.00|0.0000|4|63|0|0|0.0013|0.0001|0.0000|-0.1181|0.0004||0.01|100|0.00|0
GME211203P00460000||||||50||||0|0|0|-1.0000|0.0000|-0.0126|0.0014|0.0000||301.00|13|289.80|27
GME211203C00470000||||0.01|0.01|51|0.00|0.0000|9|200|0|0|0.0013|0.0001|0.0000|-0.1165|0.0004||0.01|100|0.00|0
GME211203P00470000||||||51||||0|0|0|-1.0000|0.0000|-0.0258|0.0014|0.0000||311.20|2|299.05|27
GME211203C00480000||||0.06|0.06|52|0.00|0.0000|0|91|0|0|0.0052|0.0002|0.0000|-0.4830|0.0014||0.01|100|0.00|0
GME211203P00480000||||||52||||0|0|0|-1.0000|0.0000|-0.0132|0.0015|0.0000||321.20|12|308.90|27
GME211203C00490000|0.01|0.01|0.01|0.06|0.01|53|-0.05|-0.8333|0|250|1|10|0.6945|0.0010|0.0329|-1.5827|0.1978||0.01|100|0.00|0
GME211203P00490000||||||53||||0|0|0|-1.0000|0.0000|-0.0134|0.0015|0.0000||331.20|12|318.95|27
GME211203C00500000|0.01|0.02|0.01|0.03|0.01|54|-0.02|-0.6667|9|1379|2|39|0.0013|0.0001|0.0000|-0.1249|0.0004||0.01|500|0.00|0
GME211203P00500000||||||54||||0|0|0|-1.0000|0.0000|-0.0274|0.0015|0.0000||341.20|12|328.80|27
GME211203C00510000|0.01|0.01|0.01|0.02|0.01|55|-0.01|-0.5000|121|5819|4|302|0.0014|0.0001|0.0000|-0.1323|0.0004||0.01|616|0.00|0
GME211203P00510000||||||55||||0|0|0|-1.0000|0.0000|-0.0140|0.0016|0.0000||351.20|12|337.75|27
GME211210C00100000|65.54|65.54|65.54|86.01|65.54|11|-20.47|-0.2380|0|1|1|1|0.8983|0.0005|0.0295|-0.6658|0.1089||70.60|12|67.20|12
GME211210P00100000|0.55|1.65|0.50|0.48|1.55|11|1.07|2.2292|29|239|5|1685|-0.0344|0.0013|-0.0015|-0.2710|0.0195||1.66|1|1.44|10
GME211210C00110000||||76.13|76.13|10|0.00|0.0000|0|2|0|0|0.8302|0.0017|0.0130|-2.3233|0.0646||61.20|1|57.70|12
GME211210P00110000|0.58|2.20|0.54|0.60|1.99|10|1.39|2.3167|9|215|2|323|-0.0312|0.0016|-0.0013|-0.1970|0.0180||2.08|5|1.72|13
GME211210C00120000|56.97|56.97|56.97|76.03|56.97|9|-19.06|-0.2507|0|1|1|1|0.8275|0.0027|0.0172|-1.5271|0.0656||51.85|10|48.40|12
GME211210P00120000|0.97|3.10|0.75|1.00|2.56|9|1.56|1.5600|167|263|2|1037|-0.0601|0.0027|-0.0026|-0.3281|0.0305||2.80|2|2.32|10
GME211210C00130000||||||8||||0|0|0|1.0000|0.0000|0.0285|-0.0004|0.0000||42.25|12|38.65|20
GME211210P00130000|1.50|4.58|1.28|1.45|3.85|8|2.40|1.6552|0|431|4|1063|-0.0945|0.0041|-0.0045|-0.3829|0.0456||4.00|12|3.20|8
GME211210C00140000|36.10|36.10|28.30|56.44|29.50|7|-26.94|-0.4773|0|29|1|13|0.7945|0.0052|0.0213|-0.9681|0.0727||33.75|12|31.10|11
GME211210P00140000|1.89|6.90|1.89|2.18|5.20|7|3.02|1.3853|142|441|1|753|-0.1262|0.0058|-0.0053|-0.4630|0.0532||5.80|12|4.75|10
GME211210C00145000|30.25|30.25|24.75|30.25|24.75|6|-5.50|-0.1818||0|2|9|0.8087|0.0066|0.0234|-0.7037|0.0700||29.65|7|27.20|12
GME211210P00145000|2.92|8.51|2.92|2.80|6.55|6|3.75|1.3393||15|1|349|-0.1602|0.0070|-0.0068|-0.5302|0.0625||6.90|9|6.15|1
GME211210C00150000|30.00|31.00|19.85|34.20|24.62|5|-9.58|-0.2801|1|20|1|103|0.7923|0.0081|0.0240|-0.6349|0.0735||25.85|29|23.50|17
GME211210P00150000|3.30|10.25|3.30|3.50|7.75|5|4.25|1.2143|240|460|1|1288|-0.2063|0.0085|-0.0087|-0.5984|0.0729||8.30|12|7.50|1
GME211210C00155000|25.10|25.10|16.85|58.70|21.22|4|-37.48|-0.6385|0|45|1|25|0.6899|0.0032|0.0151|-2.4386|0.0906||22.40|23|20.15|16
GME211210P00155000|4.27|12.40|4.27|4.65|9.35|4|4.70|1.0108|49|244|1|290|-0.2488|0.0094|-0.0107|-0.6669|0.0814||9.85|10|9.10|14
GME211210C00160000|25.52|25.52|13.95|29.75|16.45|3|-13.30|-0.4471|0|204|1|93|0.6744|0.0084|0.0204|-0.9628|0.0925||19.25|27|17.05|23
GME211210P00160000|5.47|14.79|5.47|5.80|11.43|3|5.63|0.9707|55|441|5|801|-0.3102|0.0108|-0.0133|-0.7217|0.0902||11.90|15|10.80|10
GME211210C00165000|21.90|21.90|11.95|21.75|15.25|2|-6.50|-0.2989|1|3|1|101|0.6283|0.0089|0.0192|-1.0099|0.0971||16.15|12|14.80|5
GME211210P00165000|7.22|17.15|7.22|7.35|13.40|2|6.05|0.8231|42|362|5|690|-0.3722|0.0049|-0.1143|-0.3200|0.2318||14.00|1|12.80|15
GME211210C00170000|17.07|17.07|9.80|20.20|13.05|1|-7.15|-0.3540|5|21|1|350|0.6151|0.0044|0.0892|-0.3635|0.2354||13.65|16|12.40|10
GME211210P00170000|8.15|20.31|8.15|9.07|16.30|1|7.23|0.7971|81|441|1|516|-0.4197|0.0121|-0.0184|-0.7857|0.1004||16.80|10|15.20|61
GME211210C00175000|17.95|17.95|8.20|17.18|10.90|1|-6.28|-0.3655|48|73|1|387|0.5184|0.0124|0.0171|-0.7993|0.1024||11.00|2|10.35|10
GME211210P00175000|10.83|23.28|9.85|10.95|19.78|1|8.83|0.8064|104|522|22|313|-0.4827|0.0127|-0.0213|-0.7840|0.1024||19.75|12|17.90|12
GME211210C00177500|11.55|12.00|8.05|15.85|10.05|2|-5.80|-0.3659||27|1|141|0.4877|0.0124|0.0161|-0.7995|0.1024||10.40|1|9.35|10
GME211210P00177500|10.66|25.00|10.66|12.55|22.55|2|10.00|0.7968||234|1|111|-0.4315|0.0049|-0.1375|-0.3422|0.2409||21.65|25|19.60|59
GME211210C00180000|15.00|16.00|6.80|14.20|9.00|3|-5.20|-0.3662|227|306|1|347|0.4431|0.0127|0.0147|-0.7653|0.1009||9.55|8|8.45|10
GME211210P00180000|13.51|27.50|11.89|13.30|22.25|3|8.95|0.6729|99|705|2|265|-0.5452|0.0127|-0.0243|-0.7748|0.1018||23.35|47|21.15|27
GME211210C00182500|11.05|11.05|6.25|13.40|8.40|4|-5.00|-0.3731||66|3|234|0.4279|0.0123|0.0143|-0.7854|0.1008||8.70|8|7.80|10
GME211210P00182500|13.50|28.59|13.50|15.15|26.97|4|11.82|0.7802||205|2|40|-0.5700|0.0121|-0.0257|-0.7970|0.1009||25.05|43|22.75|14
GME211210C00185000|12.65|12.65|5.40|12.66|7.50|5|-5.16|-0.4076|24|132|1|250|0.5342|0.0050|0.0831|-0.3405|0.2448||8.00|9|7.05|10
GME211210P00185000|15.65|30.93|13.50|16.25|30.93|5|14.68|0.9034|98|456|1|43|-0.6125|0.0121|-0.0276|-0.7574|0.0979||26.95|44|24.45|26
GME211210C00187500|11.40|11.40|5.40|11.44|6.80|6|-4.64|-0.4056|45|64|1|62|0.3745|0.0111|0.0124|-0.8077|0.0969||7.30|8|6.45|10
GME211210P00187500|23.89|29.08|21.00|17.83|29.08|6|11.25|0.6310|129|256|1|9|-0.7212|0.0153|-0.0313|-0.4604|0.0858||28.70|15|26.25|12
GME211210C00190000|11.00|11.00|4.75|10.60|6.00|7|-4.60|-0.4340|103|199|1|398|0.3493|0.0113|0.0118|-0.7570|0.0951||6.60|16|5.85|15
GME211210P00190000|19.20|33.36|18.05|19.55|29.43|7|9.88|0.5054|70|498|1|72|-0.6469|0.0112|-0.0298|-0.7733|0.0954||30.65|16|28.10|45
GME211210C00192500|10.00|10.00|4.55|10.00|5.40|8|-4.60|-0.4600|23|88|1|43|0.4981|0.0050|0.0777|-0.3459|0.2445||6.00|12|5.40|15
GME211210P00192500|20.34|35.21|20.34|21.35|35.21|8|13.86|0.6492|32|118|1|11|-0.4717|0.0043|-0.1644|-0.3988|0.2451||32.60|15|30.05|12
GME211210C00195000|8.25|9.15|4.15|8.91|5.40|9|-3.51|-0.3939|116|250|1|176|0.2915|0.0105|0.0098|-0.7010|0.0877||5.60|4|5.00|2
GME211210P00195000|22.27|36.30|22.27|22.88|35.56|9|12.68|0.5542|95|285|7|44|-0.6994|0.0106|-0.0326|-0.7134|0.0894||34.60|12|32.20|13
GME211210C00197500|7.69|7.69|3.85|8.26|4.35|10|-3.91|-0.4734|60|106|2|51|0.2714|0.0100|0.0092|-0.6837|0.0847||5.15|10|4.50|5
GME211210P00197500|24.10|36.83|24.10|24.48|36.83|10|12.35|0.5045|15|119|1|2|-0.7331|0.0101|-0.0342|-0.6660|0.0840||36.65|12|34.15|15
GME211210C00200000|7.56|7.56|3.40|7.25|4.50|11|-2.75|-0.3793|140|774|2|1553|0.2442|0.0097|0.0083|-0.6339|0.0802||4.70|27|4.10|5
GME211210P00200000|24.90|43.50|24.90|26.33|43.50|11|17.17|0.6521|21|680|6|53|-0.7440|0.0098|-0.0351|-0.6603|0.0827||38.80|12|36.25|12
GME211210C00202500|6.70|6.70|3.40|8.00|4.05|12|-3.95|-0.4938|10|77|1|40|0.2811|0.0087|0.0094|-0.8177|0.0866||4.25|4|3.85|5
GME211210P00202500|32.05|45.70|32.05|27.95|45.70|12|17.75|0.6351|0|48|1|22|-0.7683|0.0094|-0.0365|-0.6173|0.0783||40.95|12|38.50|17
GME211210C00205000|6.00|6.00|2.99|5.85|3.75|13|-2.10|-0.3590|10|169|1|151|0.2021|0.0088|0.0069|-0.5636|0.0720||4.05|4|3.50|10
GME211210P00205000|31.96|47.50|31.96|30.85|47.50|13|16.65|0.5397|-1|176|1|10|-0.7490|0.0086|-0.0410|-0.6571|0.0868||43.15|13|40.20|11
GME211210C00207500|3.99|4.00|2.85|5.72|3.23|14|-2.49|-0.4353|10|78|1|26|0.2017|0.0084|0.0069|-0.5863|0.0723||3.75|4|3.40|1
GME211210P00207500|40.40|49.37|39.38|31.10|49.37|14|18.27|0.5875|2|20|5|8|-0.7664|0.0082|-0.0376|-0.7117|0.0787||45.35|20|42.50|19
GME211210C00210000|5.15|5.30|2.60|5.15|3.25|15|-1.90|-0.3689|27|336|3|415|0.1837|0.0080|0.0063|-0.5520|0.0683||3.35|2|3.00|29
GME211210P00210000|33.23|53.11|31.95|34.54|47.00|15|12.46|0.3607|7|112|1|59|-0.8026|0.0080|-0.0393|-0.6040|0.0714||47.60|12|44.70|21
GME211210C00212500|3.50|3.50|2.50|5.00|3.25|16|-1.75|-0.3500|-3|80|10|49|0.1695|0.0074|0.0058|-0.5369|0.0645||3.30|6|3.00|1
GME211210P00212500|44.38|44.38|44.38|37.87|44.38|16|6.51|0.1719|-1|37|1|1|-0.7894|0.0075|-0.0395|-0.6931|0.0742||49.90|13|46.95|11
GME211210C00215000|4.05|4.05|2.40|4.43|2.85|17|-1.58|-0.3567|1|166|1|204|0.1584|0.0071|0.0055|-0.5115|0.0621||3.05|6|2.62|10
GME211210P00215000|48.00|50.45|43.60|37.79|50.45|17|12.66|0.3350|-2|32|9|51|-0.8920|0.0065|-0.0433|-0.3324|0.0474||52.40|28|49.25|19
GME211210C00217500|3.25|3.25|2.25|4.50|2.70|18|-1.80|-0.4000|0|30|1|23|0.1883|0.0068|0.0063|-0.6729|0.0690||2.86|13|2.36|12
GME211210P00217500|49.60|49.60|49.60|42.15|49.60|18|7.45|0.1767|2|27|10|10|-0.8472|0.0068|-0.0424|-0.5138|0.0606||54.35|12|51.60|13
GME211210C00220000|3.70|3.70|2.13|3.90|2.50|19|-1.40|-0.3590|12|413|1|265|0.1332|0.0062|0.0046|-0.4647|0.0550||2.68|1|2.35|1
GME211210P00220000|45.07|57.30|45.07|42.22|55.33|19|13.11|0.3105|1|156|2|16|-0.7994|0.0066|-0.0415|-0.7493|0.0720||56.80|6|53.95|11
GME211210C00222500|2.35|2.67|2.00|3.65|2.00|20|-1.65|-0.4521|25|88|1|17|0.4354|0.0040|0.0658|-0.4166|0.2425||2.68|12|2.25|11
GME211210P00222500|42.95|42.95|42.95|46.97|42.95|20|-4.02|-0.0856|-7|38|1|1|-0.9749|0.0027|-0.0479|-0.0776|0.0151||59.30|12|56.25|12
GME211210C00225000|3.10|3.10|1.98|3.45|2.32|21|-1.13|-0.3275|14|348|1|262|0.1514|0.0060|0.0051|-0.5781|0.0603||2.58|10|2.15|2
GME211210P00225000|51.00|63.55|51.00|47.35|63.55|21|16.20|0.3421|1|462|5|37|-0.8269|0.0060|-0.0435|-0.6859|0.0654||61.55|10|58.60|34
GME211210C00227500|2.74|2.74|1.95|3.35|2.10|22|-1.25|-0.3731|1|24|1|19|0.1125|0.0053|0.0039|-0.4320|0.0488||2.39|42|1.91|47
GME211210P00227500||||34.06|34.06|22|0.00|0.0000|0|35|0|0|-0.9985|0.0003|-0.0498|-0.0040|0.0013||64.05|11|61.10|12
GME211210C00230000|2.73|2.75|1.75|3.09|2.00|23|-1.09|-0.3528|2|395|1|331|0.1200|0.0052|0.0046|-0.4281|0.0542||2.38|5|1.91|10
GME211210P00230000|57.60|63.29|57.60|41.51|63.29|23|21.78|0.5247|0|38|23|25|-0.5548|0.0036|-0.2259|-0.4680|0.2422||66.55|22|63.40|22
GME211210C00232500|2.40|2.58|1.80|2.69|1.90|24|-0.79|-0.2937|3|33|10|30|0.1513|0.0053|0.0051|-0.6432|0.0602||2.29|10|1.83|10
GME211210P00232500|71.75|71.75|68.97|56.09|68.97|24|12.88|0.2296|-5|6|1|2|-0.8531|0.0053|-0.0461|-0.6271|0.0588||68.80|10|65.90|22
GME211210C00235000|2.43|2.46|1.72|2.78|1.91|25|-0.87|-0.3129|-4|898|1|58|0.4100|0.0038|0.0612|-0.4305|0.2382||2.16|29|1.66|41
GME211210P00235000|61.85|74.05|61.85|58.42|74.05|25|15.63|0.2675|-1|35|1|20|-0.7744|0.0052|-0.0443|-1.0752|0.0772||71.25|2|68.40|12
GME211210C00237500|2.01|2.01|1.74|2.69|1.90|26|-0.79|-0.2937|1|19|1|4|0.1537|0.0050|0.0051|-0.6976|0.0609||1.94|28|1.53|28
GME211210P00237500|64.40|76.45|64.40|48.03|76.45|26|28.42|0.5917|0|25|1|18|-0.7798|0.0051|-0.0451|-1.0738|0.0761||73.70|11|70.75|13
GME211210C00240000|2.31|2.47|1.60|2.92|1.77|27|-1.15|-0.3938|-13|317|2|92|0.0937|0.0042|0.0032|-0.4151|0.0428||1.85|20|1.56|47
GME211210P00240000|79.00|79.00|79.00|58.15|79.00|27|20.85|0.3586|1|34|1|4|-0.9375|0.0036|-0.0504|-0.2643|0.0316||76.25|10|73.35|12
GME211210C00245000|2.10|2.10|1.46|2.20|1.60|28|-0.60|-0.2727|-6|166|1|42|0.1336|0.0045|0.0044|-0.6518|0.0551||1.75|1|1.35|12
GME211210P00245000||||50.19|50.19|28|0.00|0.0000|0|23|0|0|-0.9968|0.0005|-0.0536|-0.0125|0.0025||80.90|12|78.35|13
GME211210C00250000|1.90|2.02|1.42|2.01|1.50|29|-0.51|-0.2537|110|2300|3|1181|0.1044|0.0039|0.0035|-0.5205|0.0463||1.58|7|1.46|1
GME211210P00250000||||60.35|60.35|29|0.00|0.0000|0|15|0|0|-0.9917|0.0009|-0.0545|-0.0357|0.0058||85.95|12|82.90|1
GME211210C00255000|1.55|1.55|1.35|2.02|1.44|30|-0.58|-0.2871|-4|61|1|21|0.0986|0.0037|0.0033|-0.5094|0.0446||1.55|1|1.25|20
GME211210P00255000||||40.40|40.40|30|0.00|0.0000|0|5|0|0|-0.9999|0.0000|-0.0559|0.0002|0.0001||90.85|12|87.50|12
GME211210C00260000|1.79|1.79|1.20|1.73|1.40|31|-0.33|-0.1908|38|974|1|146|0.0988|0.0035|0.0033|-0.5370|0.0445||1.45|16|1.35|1
GME211210P00260000||||69.85|69.85|31|0.00|0.0000|0|22|0|0|-0.9910|0.0008|-0.0567|-0.0425|0.0062||95.95|12|92.50|12
GME211210C00270000|1.31|1.31|1.15|1.60|1.27|32|-0.33|-0.2063|-27|193|1|55|0.0786|0.0030|0.0026|-0.4544|0.0375||1.39|2|1.19|1
GME211210P00270000|103.46|103.46|103.46|75.18|103.46|32|28.28|0.3762|0|14|1|1|-0.9659|0.0019|-0.0580|-0.1864|0.0194||105.75|2|102.25|2
GME211210C00280000|1.00|1.18|1.00|1.40|1.14|33|-0.26|-0.1857|16|242|2|37|0.0683|0.0026|0.0023|-0.4204|0.0337||1.37|2|1.08|1
GME211210P00280000|115.50|115.50|112.20|84.53|112.20|33|27.67|0.3273|0|1|1|6|-0.9735|0.0015|-0.0604|-0.1544|0.0158||115.60|12|112.20|34
GME211210C00290000|1.16|1.16|0.93|1.25|1.09|34|-0.16|-0.1280|21|171|1|433|0.0741|0.0025|0.0024|-0.4887|0.0359||1.29|21|0.91|2
GME211210P00290000||||82.25|82.25|34|0.00|0.0000|0|7|0|0|-0.9990|0.0001|-0.0635|-0.0051|0.0009||125.60|1|122.10|12
GME211210C00300000|1.20|1.20|0.80|1.11|1.00|35|-0.11|-0.0991|43|919|1|890|0.0750|0.0024|0.0025|-0.5223|0.0364||1.05|11|0.90|3
GME211210P00300000||||76.00|76.00|35|0.00|0.0000|0|14|0|0|-0.9999|0.0000|-0.0657|0.0003|0.0001||135.45|4|132.05|12
GME211210C00310000|0.84|0.97|0.76|0.95|0.92|36|-0.03|-0.0316|108|264|1|31|0.0625|0.0021|0.0021|-0.4555|0.0314||1.03|6|0.78|10
GME211210P00310000||||83.61|83.61|36|0.00|0.0000|0|4|0|0|-0.9998|0.0000|-0.0679|-0.0003|0.0002||145.50|12|141.95|12
GME211210C00320000|0.78|0.90|0.78|0.93|0.90|37|-0.03|-0.0323|2|276|2|4|0.0473|0.0017|0.0016|-0.3568|0.0252||0.94|1|0.64|10
GME211210P00320000||||89.47|89.47|37|0.00|0.0000|0|3|0|0|-0.8895|0.0025|-0.3834|-0.1509|0.1156||155.50|12|151.35|10
GME211210C00330000|0.87|0.87|0.81|0.72|0.87|38|0.15|0.2083|-17|246|1|6|0.0698|0.0020|0.0025|-0.4985|0.0363||0.94|10|0.60|10
GME211210P00330000||||||38||||0|0|0|-1.0000|0.0000|-0.0723|0.0011|0.0000||165.50|12|161.50|12
GME211210C00340000|0.75|0.80|0.66|0.75|0.80|39|0.05|0.0667|-1|87|1|52|0.0668|0.0019|0.0024|-0.4953|0.0351||0.87|3|0.77|1
GME211210P00340000||||||39||||0|0|0|-1.0000|0.0000|-0.0745|0.0011|0.0000||176.30|10|171.80|12
GME211210C00350000|0.49|0.78|0.49|0.69|0.76|40|0.07|0.1014|49|437|1|152|0.0480|0.0015|0.0016|-0.4104|0.0255||1.11|12|0.76|1
GME211210P00350000||||||40||||0|0|0|-1.0000|0.0000|-0.0767|0.0011|0.0000||186.25|10|181.25|1
GME211210C00360000|0.55|0.72|0.55|0.61|0.72|41|0.11|0.1803|-2|85|1|12|0.0364|0.0012|0.0012|-0.3198|0.0204||1.11|20|0.69|1
GME211210P00360000||||||41||||0|0|0|-1.0000|0.0000|-0.4536|0.0012|0.0000||196.20|10|191.75|12
GME211210C00370000|0.50|0.58|0.50|0.75|0.58|42|-0.17|-0.2267|0|21|1|9|0.0379|0.0012|0.0012|-0.3445|0.0211||0.72|11|0.65|1
GME211210P00370000||||||42||||0|0|0|-1.0000|0.0000|-0.0811|0.0012|0.0000||206.15|10|201.20|1
GME211210C00380000|0.54|0.54|0.54|0.54|0.54|43|0.00|0.0000|-1|50|1|1|0.0351|0.0011|0.0011|-0.3289|0.0198||0.70|10|0.63|1
GME211210P00380000||||||43||||0|0|0|-1.0000|0.0000|-0.0833|0.0012|0.0000||216.10|10|211.35|12
GME211210C00390000|0.40|0.62|0.40|0.49|0.62|44|0.13|0.2653|5|52|1|19|0.0391|0.0012|0.0013|-0.3783|0.0216||0.70|20|0.40|18
GME211210P00390000||||||44||||0|0|0|-1.0000|0.0000|-0.4914|0.0013|0.0000||226.05|10|221.30|12
GME211210C00400000|0.40|0.70|0.37|0.45|0.56|45|0.11|0.2444|-6|420|1|230|0.0347|0.0011|0.0011|-0.3434|0.0196||0.61|10|0.56|1
GME211210P00400000||||||45||||0|0|0|-1.0000|0.0000|-0.0877|0.0013|0.0000||234.95|12|231.70|12
GME211210C00410000|0.34|0.57|0.34|0.44|0.56|46|0.12|0.2727|7|59|3|13|0.0330|0.0010|0.0011|-0.3354|0.0188||0.61|20|0.52|2
GME211210P00410000||||||46||||0|0|0|-1.0000|0.0000|-0.1011|0.0013|0.0000||245.95|10|241.30|12
GME211210C00420000|0.31|0.55|0.31|0.40|0.54|47|0.14|0.3500|2|171|1|22|0.0332|0.0010|0.0011|-0.3455|0.0189||0.61|20|0.45|1
GME211210P00420000||||||47||||0|0|0|-1.0000|0.0000|-0.0921|0.0014|0.0000||254.90|4|251.65|7
GME211210C00430000|0.41|0.50|0.40|0.40|0.50|48|0.10|0.2500|262|304|1|6|0.0271|0.0008|0.0009|-0.2877|0.0160||0.61|10|0.35|1
GME211210P00430000||||||48||||0|0|0|-1.0000|0.0000|-0.5418|0.0014|0.0000||265.70|12|261.30|10
GME211210C00440000|0.23|0.45|0.23|0.36|0.44|49|0.08|0.2222|34|67|1|21|0.0283|0.0009|0.0009|-0.3082|0.0166||0.61|20|0.30|19
GME211210P00440000||||||49||||0|0|0|-1.0000|0.0000|-0.0964|0.0014|0.0000||275.65|12|271.25|12
GME211210C00450000|0.38|0.48|0.33|0.37|0.40|50|0.03|0.0811|190|288|1|55|0.0274|0.0008|0.0009|-0.3039|0.0161||0.61|20|0.27|22
GME211210P00450000||||||50||||0|0|0|-1.0000|0.0000|-0.0986|0.0015|0.0000||285.60|3|281.45|6
GME211210C00460000|0.33|0.46|0.31|0.27|0.36|51|0.09|0.3333|0|18|22|57|0.0293|0.0008|0.0011|-0.2956|0.0181||0.44|8|0.35|2
GME211210P00460000||||||51||||0|0|0|-1.0000|0.0000|-0.1008|0.0015|0.0000||295.60|4|291.10|1
GME211210C00470000|0.39|0.39|0.39|0.22|0.39|52|0.17|0.7727|7|22|1|1|0.0339|0.0009|0.0012|-0.3490|0.0204||0.44|7|0.24|15
GME211210P00470000||||||52||||0|0|0|-1.0000|0.0000|-0.5922|0.0015|0.0000||305.75|10|301.10|1
GME211210C00480000|0.26|0.46|0.26|0.25|0.39|53|0.14|0.5600|1|33|1|19|0.0224|0.0007|0.0007|-0.2637|0.0137||0.44|7|0.30|2
GME211210P00480000||||||53||||0|0|0|-1.0000|0.0000|-0.1052|0.0016|0.0000||315.70|10|311.10|1
GME211210C00490000|0.47|0.47|0.32|0.24|0.35|54|0.11|0.4583|2|93|1|20|0.0335|0.0009|0.0012|-0.3577|0.0202||0.44|7|0.34|1
GME211210P00490000||||||54||||0|0|0|-1.0000|0.0000|-0.1074|0.0016|0.0000||325.70|20|321.05|20
GME211210C00500000|0.33|0.48|0.22|0.26|0.32|55|0.06|0.2308|-6|850|1|838|0.0222|0.0006|0.0007|-0.2707|0.0136||0.39|10|0.30|2
GME211210P00500000||||||55||||0|0|0|-1.0000|0.0000|-0.1096|0.0016|0.0000||335.65|10|331.05|20
GME211210C00510000|0.27|0.43|0.18|0.18|0.33|56|0.15|0.8333|1|2026|1|701|0.0201|0.0006|0.0006|-0.2484|0.0124||0.35|10|0.30|5
GME211210P00510000||||||56||||0|0|0|-1.0000|0.0000|-0.1118|0.0017|0.0000||345.65|20|341.05|10
GME211217C00080000||||94.56|94.56|18|0.00|0.0000|1|2|0|0|0.9295|0.0011|0.0275|-0.5025|0.0491||90.40|1|86.95|12
GME211217P00080000|0.50|1.34|0.50|0.35|1.30|18|0.95|2.7143|1|350|2|449|-0.0902|0.0011|-0.0356|-0.2207|0.1070||1.33|1|1.30|10
GME211217C00085000||||95.85|95.85|17|0.00|0.0000|0|1|0|0|0.8951|0.0012|0.0242|-0.8604|0.0660||85.60|10|82.10|3
GME211217P00085000|0.50|1.44|0.40|0.43|1.39|17|0.96|2.2326|-1|121|2|32|-0.0259|0.0009|-0.0022|-0.1407|0.0210||2.07|1|1.41|10
GME211217C00090000||||137.00|137.00|16|0.00|0.0000|0|4|0|0|0.8987|0.0006|0.0114|-1.7592|0.0644||80.80|10|77.30|12
GME211217P00090000|0.62|1.70|0.62|0.53|1.63|16|1.10|2.0755|2|68|1|132|-0.0285|0.0010|-0.0024|-0.1445|0.0229||2.12|4|1.44|17
GME211217C00100000||||79.69|79.69|15|0.00|0.0000|1|50|0|0|0.9983|0.0002|0.0410|-0.0065|0.0019||71.25|10|67.65|1
GME211217P00100000|0.71|2.18|0.68|0.76|2.17|15|1.41|1.8553|-205|664|3|1422|-0.0020|0.0002|-0.0002|-0.0072|0.0022||2.46|1|1.95|4
GME211217C00105000||||66.05|66.05|14|0.00|0.0000|0|1|0|0|0.9963|0.0003|0.0429|-0.0125|0.0038||66.55|10|62.95|12
GME211217P00105000|1.00|2.36|0.85|0.86|2.36|14|1.50|1.7442|51|140|1|31|-0.0039|0.0003|-0.0003|-0.0128|0.0040||2.76|7|2.26|18
GME211217C00110000||||73.25|73.25|13|0.00|0.0000|0|1|0|0|0.9947|0.0005|0.0448|-0.0168|0.0054||61.55|1|58.10|12
GME211217P00110000|0.35|2.92|0.35|1.02|2.84|13|1.82|1.7843|-21|354|1|151|-0.0078|0.0006|-0.0006|-0.0229|0.0078||3.10|16|2.66|16
GME211217C00115000||||112.11|112.11|12|0.00|0.0000|0|2|0|0|0.9912|0.0008|0.0466|-0.0251|0.0084||57.30|10|53.95|12
GME211217P00115000|1.17|3.35|1.15|1.21|3.35|12|2.14|1.7686|14|162|1|51|-0.0122|0.0010|-0.0009|-0.0343|0.0111||3.70|84|3.00|86
GME211217C00120000|51.08|51.08|44.55|64.15|44.77|11|-19.38|-0.3021|0|51|4|6|0.8980|0.0031|0.1438|-0.0978|0.1178||52.85|10|49.50|12
GME211217P00120000|1.56|4.26|1.56|1.39|3.94|11|2.55|1.8345|5|158|1|262|-0.0189|0.0014|-0.0014|-0.0497|0.0162||4.20|2|3.30|54
GME211217C00125000||||79.68|79.68|10|0.00|0.0000|0|35|0|0|0.8724|0.0036|0.1430|-0.1162|0.1381||48.00|12|45.20|10
GME211217P00125000|2.35|5.00|1.80|1.88|5.00|10|3.12|1.6596|2|207|10|174|-0.0360|0.0024|-0.0030|-0.0827|0.0288||5.00|19|4.35|29
GME211217C00130000|43.52|43.52|43.52|55.70|43.52|9|-12.18|-0.2187|0|10|1|1|0.9564|0.0030|0.0501|-0.0956|0.0325||44.35|1|41.05|12
GME211217P00130000|2.09|6.13|2.05|2.21|5.17|9|2.96|1.3394|11|206|1|265|-0.0490|0.0032|-0.0038|-0.1085|0.0357||5.75|3|4.80|12
GME211217C00135000|39.41|39.41|36.02|90.47|36.02|8|-54.45|-0.6019|0|3|1|2|0.9322|0.0042|0.0502|-0.1359|0.0461||39.80|4|37.05|13
GME211217P00135000|3.25|7.00|3.25|2.72|6.65|8|3.93|1.4449|9|149|1|114|-0.0716|0.0043|-0.0056|-0.1444|0.0480||6.90|6|5.90|14
GME211217C00140000|39.35|39.35|34.60|44.07|34.60|7|-9.47|-0.2149|2|148|1|2|0.9041|0.0056|0.0501|-0.1739|0.0599||35.95|8|33.25|11
GME211217P00140000|3.32|9.30|3.32|3.50|7.65|7|4.15|1.1857|264|813|1|252|-0.1141|0.0059|-0.0095|-0.1963|0.0697||8.25|6|7.20|17
GME211217C00145000|28.46|28.46|27.00|96.94|27.00|6|-69.94|-0.7215|0|57|1|2|0.8578|0.0073|0.0485|-0.2304|0.0787||32.30|7|29.70|14
GME211217P00145000|5.49|11.00|5.49|4.02|8.85|6|4.83|1.2015|23|234|1|200|-0.1498|0.0073|-0.0117|-0.2472|0.0815||9.75|1|8.55|28
GME211217C00150000|32.04|32.04|24.60|35.91|27.40|5|-8.51|-0.2370|0|71|2|39|0.8090|0.0088|0.0466|-0.2808|0.0953||29.00|4|26.35|11
GME211217P00150000|4.30|13.06|4.15|5.05|10.67|5|5.62|1.1129|223|1842|1|792|-0.1884|0.0085|-0.0149|-0.2868|0.0949||11.15|4|10.15|14
GME211217C00155000|28.00|28.00|20.20|30.10|20.20|4|-9.90|-0.3289|1|12|1|20|0.7652|0.0100|0.0450|-0.3164|0.1080||25.65|10|23.25|12
GME211217P00155000|5.75|15.29|5.75|6.54|12.05|4|5.51|0.8425|0|308|2|196|-0.2442|0.0096|-0.0209|-0.3204|0.1140||13.45|49|11.95|45
GME211217C00160000|26.47|26.47|17.25|29.27|21.51|3|-7.76|-0.2651|-1|96|1|66|0.7079|0.0112|0.0424|-0.3512|0.1208||22.85|10|20.50|12
GME211217P00160000|7.30|17.48|7.30|7.75|14.75|3|7.00|0.9032|390|1040|2|316|-0.3001|0.0106|-0.0258|-0.3552|0.1263||15.30|4|14.25|15
GME211217C00165000|20.00|20.70|16.00|24.60|19.49|2|-5.11|-0.2077|0|82|1|37|0.6337|0.0122|0.0383|-0.3885|0.1317||19.90|22|17.90|12
GME211217P00165000|8.93|19.88|8.93|9.77|17.04|2|7.27|0.7441|3|310|5|143|-0.3678|0.0119|-0.0298|-0.3988|0.1319||18.05|17|16.55|13
GME211217C00170000|19.90|19.90|13.55|23.22|17.90|1|-5.32|-0.2291|0|117|1|104|0.5855|0.0066|0.1111|-0.2170|0.2564||17.00|2|15.55|26
GME211217P00170000|11.88|22.90|11.70|11.75|19.76|1|8.01|0.6817|-17|1066|1|211|-0.4196|0.0121|-0.0345|-0.4209|0.1375||20.50|4|19.05|13
GME211217C00175000|17.40|17.40|13.10|20.50|14.82|1|-5.68|-0.2771|-5|183|1|75|0.5057|0.0128|0.0312|-0.4138|0.1396||15.60|10|14.05|18
GME211217P00175000|13.36|24.85|13.36|14.33|22.35|1|8.02|0.5597|17|720|1|610|-0.4813|0.0124|-0.0399|-0.4279|0.1402||23.85|11|21.85|11
GME211217C00180000|14.00|14.45|10.10|17.98|12.39|2|-5.59|-0.3109|-23|442|2|83|0.4552|0.0126|0.0284|-0.4149|0.1394||13.75|11|12.20|28
GME211217P00180000|15.88|30.22|15.88|17.10|25.95|2|8.85|0.5175|12|1074|2|214|-0.5383|0.0120|-0.0484|-0.4116|0.1442||26.70|4|24.90|14
GME211217C00185000|15.60|15.60|9.31|15.00|11.16|3|-3.84|-0.2560|2|270|2|50|0.3967|0.0122|0.0250|-0.4054|0.1356||11.80|24|10.45|22
GME211217P00185000|22.25|32.50|22.25|19.25|30.48|3|11.23|0.5834|-14|255|1|17|-0.6000|0.0120|-0.0509|-0.4136|0.1359||30.00|1|28.25|13
GME211217C00187500|14.08|14.08|8.62|15.87|8.62|4|-7.25|-0.4568|0|39|1|6|0.5287|0.0049|0.0938|-0.3077|0.2631||11.10|3|9.55|16
GME211217P00187500|26.55|34.50|26.55|19.77|34.50|4|14.73|0.7451|1|116|1|4|-0.5905|0.0099|-0.0521|-0.5090|0.1367||32.35|23|29.85|11
GME211217C00190000|13.45|13.45|7.95|13.83|9.15|5|-4.68|-0.3384|15|254|16|145|0.3428|0.0116|0.0217|-0.3890|0.1293||10.50|46|9.05|77
GME211217P00190000|20.42|37.23|20.42|22.61|32.96|5|10.35|0.4578|-4|446|1|48|-0.6620|0.0113|-0.0568|-0.3937|0.1279||34.15|43|31.80|11
GME211217C00192500|11.38|11.95|7.70|12.50|8.20|6|-4.30|-0.3440|2|30|1|13|0.3984|0.0084|0.0238|-0.5940|0.1357||9.95|5|8.75|10
GME211217P00192500|31.73|39.88|31.73|24.00|38.40|6|14.40|0.6000|-1|111|2|6|-0.7057|0.0119|-0.0601|-0.3313|0.1212||36.00|42|33.65|11
GME211217C00195000|11.07|11.07|7.40|11.09|8.75|7|-2.34|-0.2110|-1|147|1|86|0.2855|0.0106|0.0181|-0.3616|0.1189||9.20|5|8.25|10
GME211217P00195000|27.94|40.88|27.94|25.45|36.79|7|11.34|0.4456|50|473|1|158|-0.6999|0.0106|-0.0611|-0.3792|0.1223||37.95|11|35.50|13
GME211217C00197500|9.62|9.62|6.99|10.80|8.05|8|-2.75|-0.2546|3|41|1|34|0.3681|0.0078|0.0218|-0.6112|0.1319||8.75|10|7.45|13
GME211217P00197500|32.65|42.50|32.65|27.65|42.50|8|14.85|0.5371|0|93|1|11|-0.5546|0.0058|-0.2010|-0.2516|0.2613||39.95|41|37.45|27
GME211217C00200000|9.90|9.90|6.10|10.05|7.50|9|-2.55|-0.2537|902|2001|1|1297|0.2534|0.0098|0.0162|-0.3474|0.1126||7.90|6|7.15|11
GME211217P00200000|32.40|46.00|32.40|29.20|40.50|9|11.30|0.3870|-2|1919|1|37|-0.7402|0.0097|-0.0656|-0.3595|0.1140||41.80|4|39.45|83
GME211217C00202500|7.85|7.85|6.50|9.79|6.50|10|-3.29|-0.3361|18|36|1|6|0.2991|0.0084|0.0185|-0.4802|0.1221||7.65|10|6.45|17
GME211217P00202500|34.54|39.87|34.54|30.45|39.87|10|9.42|0.3094|1|117|2|3|-0.7297|0.0089|-0.0662|-0.4104|0.1164||44.05|41|41.50|53
GME211217C00205000|9.80|9.80|5.73|8.75|6.70|11|-2.05|-0.2343|-4|53|1|45|0.3078|0.0076|0.0185|-0.5460|0.1231||7.20|4|6.30|7
GME211217P00205000|36.55|49.31|36.55|33.98|44.80|11|10.82|0.3184|0|165|1|8|-0.7754|0.0088|-0.0699|-0.3377|0.1054||46.15|42|43.45|27
GME211217C00207500|6.15|6.15|5.50|8.90|5.50|12|-3.40|-0.3820|4|32|1|4|0.4585|0.0045|0.0819|-0.3267|0.2623||6.80|46|5.70|51
GME211217P00207500|41.74|50.60|41.74|21.30|50.60|12|29.30|1.3756|0|181|1|35|-0.9906|0.0019|-0.0846|-0.0105|0.0088||48.25|45|45.55|75
GME211217C00210000|5.92|6.80|5.00|7.50|6.40|13|-1.10|-0.1467|-30|815|1|70|0.1779|0.0080|0.0115|-0.2827|0.0916||6.40|10|5.60|10
GME211217P00210000|45.16|53.66|45.16|36.95|49.35|13|12.40|0.3356|-11|215|1|49|-0.8238|0.0078|-0.0750|-0.2840|0.0906||50.40|40|47.70|78
GME211217C00212500|5.95|6.20|5.15|6.50|5.15|14|-1.35|-0.2077|0|22|1|21|0.2118|0.0074|0.0133|-0.3790|0.1013||6.05|46|5.05|139
GME211217P00212500||||42.25|42.25|14|0.00|0.0000|0|59|0|0|-0.6276|0.0056|-0.2353|-0.2406|0.2501||52.60|17|49.95|53
GME211217C00215000|6.25|6.25|4.40|6.90|4.55|15|-2.35|-0.3406|4|97|1|20|0.2220|0.0071|0.0139|-0.4166|0.1047||5.75|1|5.05|10
GME211217P00215000|49.03|55.04|46.65|42.25|55.04|15|12.79|0.3027|2|101|1|12|-0.5389|0.0041|-0.2328|-0.3662|0.2625||54.80|42|51.80|60
GME211217C00217500|4.80|5.10|4.80|7.20|5.10|16|-2.10|-0.2917|1|39|1|2|0.2282|0.0066|0.0140|-0.4586|0.1058||5.45|3|4.70|33
GME211217P00217500|50.51|54.90|50.50|47.80|54.90|16|7.10|0.1485|0|23|1|35|-0.5369|0.0039|-0.2380|-0.3832|0.2613||57.05|17|54.35|52
GME211217C00220000|5.35|5.49|4.10|6.50|4.90|17|-1.60|-0.2462|1|1903|1|100|0.1233|0.0062|0.0080|-0.2234|0.0717||5.15|11|4.75|1
GME211217P00220000|54.10|60.05|52.62|46.55|60.05|17|13.50|0.2900|1|446|1|26|-0.8693|0.0063|-0.0819|-0.2382|0.0747||59.30|11|56.30|11
GME211217C00222500|4.20|4.70|4.20|6.60|4.60|18|-2.00|-0.3030|2|69|1|5|0.2659|0.0059|0.0157|-0.6094|0.1148||4.95|3|4.35|10
GME211217P00222500||||49.15|49.15|18|0.00|0.0000|11|21|0|0|-0.7734|0.0061|-0.0777|-0.4922|0.1054||61.55|10|58.60|18
GME211217C00225000|4.75|5.00|4.20|5.80|4.23|19|-1.57|-0.2707|-7|98|4|29|0.2384|0.0059|0.0143|-0.5461|0.1084||4.50|15|4.05|23
GME211217P00225000||||49.64|49.64|19|0.00|0.0000|-1|30|0|0|-0.8117|0.0060|-0.0808|-0.4047|0.0944||63.85|10|60.90|11
GME211217C00227500|4.20|4.20|3.45|5.60|3.45|20|-2.15|-0.3839|0|8|1|2|0.1739|0.0058|0.0108|-0.3819|0.0899||4.50|15|4.00|14
GME211217P00227500||||51.86|51.86|20|0.00|0.0000|0|60|0|0|-0.8042|0.0058|-0.0868|-0.4082|0.1004||66.15|10|63.15|21
GME211217C00230000|6.00|6.00|3.60|5.09|4.10|21|-0.99|-0.1945|11|442|1|133|0.0845|0.0046|0.0055|-0.1738|0.0542||4.35|4|3.85|10
GME211217P00230000|64.00|64.00|64.00|54.21|64.00|21|9.79|0.1806|1|64|1|1|-0.9034|0.0048|-0.0942|-0.1881|0.0619||68.50|13|65.50|15
GME211217C00232500|4.35|4.35|3.80|4.45|3.80|22|-0.65|-0.1461|0|80|1|10|0.1969|0.0054|0.0120|-0.4746|0.0971||4.25|1|3.70|22
GME211217P00232500||||53.30|53.30|22|0.00|0.0000|0|19|0|0|-0.8963|0.0049|-0.0888|-0.2224|0.0634||70.85|10|67.80|11
GME211217C00235000|4.25|4.25|3.26|5.14|3.70|23|-1.44|-0.2802|0|74|1|8|0.1928|0.0052|0.0117|-0.4770|0.0958||4.15|3|3.35|10
GME211217P00235000|68.76|68.76|68.76|54.70|68.76|23|14.06|0.2570|0|60|1|1|-0.7384|0.0051|-0.2876|-0.1956|0.2151||73.20|10|70.30|11
GME211217C00240000|3.80|3.80|3.20|4.35|3.45|24|-0.90|-0.2069|48|356|1|130|0.0570|0.0034|0.0037|-0.1292|0.0400||3.90|43|3.30|73
GME211217P00240000||||65.50|65.50|24|0.00|0.0000|0|54|0|0|-0.9340|0.0037|-0.0943|-0.1489|0.0451||77.95|10|74.85|11
GME211217C00245000|3.25|3.50|3.00|3.98|3.05|25|-0.93|-0.2337|143|230|1|62|0.3808|0.0038|0.0670|-0.3624|0.2519||3.65|3|2.88|12
GME211217P00245000|83.00|83.35|83.00|71.40|83.35|25|11.95|0.1674|-2|47|4|9|-0.7940|0.0047|-0.0884|-0.5714|0.1002||82.70|10|79.60|11
GME211217C00250000|4.20|4.20|2.86|3.70|3.15|26|-0.55|-0.1486|-24|1145|3|213|0.0393|0.0025|0.0026|-0.0974|0.0297||3.25|1|2.84|1
GME211217P00250000|84.85|84.85|84.85|73.53|84.85|26|11.32|0.1540|0|56|1|1|-0.9550|0.0027|-0.0998|-0.1105|0.0333||87.55|10|84.40|11
GME211217C00255000|2.84|3.05|2.75|3.60|2.75|27|-0.85|-0.2361|0|355|1|8|0.1467|0.0041|0.0089|-0.4255|0.0804||3.30|10|2.62|20
GME211217P00255000||||39.75|39.75|27|0.00|0.0000|0|5|0|0|-0.9998|0.0000|-0.1048|0.0004|0.0003||92.40|10|89.20|17
GME211217C00260000|2.55|2.94|2.55|3.40|2.85|28|-0.55|-0.1618|3|519|2|14|0.0283|0.0019|0.0019|-0.0754|0.0228||3.15|11|2.62|5
GME211217P00260000|90.26|90.26|89.25|78.20|89.25|28|11.05|0.1413|0|21|10|11|-0.9690|0.0020|-0.1048|-0.0821|0.0246||97.25|10|94.00|11
GME211217C00270000|2.41|2.71|2.41|2.82|2.71|29|-0.11|-0.0390|34|575|1|13|0.0192|0.0013|0.0013|-0.0554|0.0164||2.77|2|2.30|10
GME211217P00270000||||65.35|65.35|29|0.00|0.0000|0|49|0|0|-0.9729|0.0017|-0.1164|-0.0728|0.0227||107.05|10|103.75|11
GME211217C00280000|2.50|2.50|2.25|2.63|2.43|30|-0.20|-0.0760|-3|2029|1|13|0.1565|0.0035|0.0325|-0.1557|0.1586||2.74|57|2.15|78
GME211217P00280000||||91.00|91.00|30|0.00|0.0000|0|10|0|0|-0.9841|0.0011|-0.1140|-0.0481|0.0139||116.85|10|113.60|18
GME211217C00290000|2.00|2.27|2.00|2.57|2.15|31|-0.42|-0.1634|1|523|1|7|0.1400|0.0032|0.0290|-0.1467|0.1464||2.63|123|2.01|90
GME211217P00290000||||68.50|68.50|31|0.00|0.0000|0|25|0|0|-0.9865|0.0009|-0.1183|-0.0434|0.0122||126.85|10|123.20|1
GME211217C00300000|2.05|2.32|1.84|2.15|2.10|32|-0.05|-0.0233|560|5707|1|313|0.1269|0.0029|0.0263|-0.1391|0.1369||2.56|13|2.10|2
GME211217P00300000|126.50|126.50|126.50|125.00|126.50|32|1.50|0.0120|0|20|1|1|-0.9883|0.0008|-0.1307|-0.0372|0.0111||136.85|10|133.00|1
GME211217C00310000|1.80|1.97|1.80|2.03|1.97|33|-0.06|-0.0296|-2|367|1|3|0.0055|0.0004|0.0004|-0.0199|0.0055||2.46|10|1.85|16
GME211217P00310000||||102.75|102.75|33|0.00|0.0000|0|3|0|0|-0.8768|0.0028|-0.4247|-0.1405|0.1340||146.90|1|142.85|1
GME211217C00320000|1.78|1.90|1.76|1.73|1.80|34|0.07|0.0405|41|448|1|11|0.0042|0.0003|0.0003|-0.0159|0.0043||2.08|10|1.62|7
GME211217P00320000||||96.00|96.00|34|0.00|0.0000|0|17|0|0|-0.9944|0.0004|-0.1311|-0.0202|0.0056||156.90|1|152.85|1
GME211217C00330000|1.74|1.74|1.69|1.75|1.69|35|-0.06|-0.0343|0|213|1|2|0.0999|0.0024|0.0208|-0.1234|0.1160||1.81|1|1.64|1
GME211217P00330000||||159.50|159.50|35|0.00|0.0000|0|3|0|0|-0.9957|0.0003|-0.1353|-0.0159|0.0044||166.95|1|162.85|1
GME211217C00340000|1.51|1.51|1.50|1.60|1.50|36|-0.10|-0.0625|0|232|1|2|0.0026|0.0002|0.0002|-0.0108|0.0028||1.79|31|1.43|34
GME211217P00340000||||126.85|126.85|36|0.00|0.0000|0|7|0|0|-0.9967|0.0002|-0.1395|-0.0126|0.0035||176.95|1|172.85|2
GME211217C00350000|1.50|1.62|1.30|1.40|1.62|37|0.22|0.1571|23|1013|1|72|0.0031|0.0002|0.0002|-0.0124|0.0034||1.74|77|1.35|32
GME211217P00350000||||133.85|133.85|37|0.00|0.0000|0|4|0|0|-0.9972|0.0002|-0.1436|-0.0107|0.0030||186.95|1|182.40|1
GME211217C00360000|1.30|1.43|1.25|1.37|1.34|38|-0.03|-0.0219|-4|304|1|13|0.0020|0.0001|0.0001|-0.0088|0.0022||1.74|57|1.34|41
GME211217P00360000||||||38|||0|0|0|0|-0.9977|0.0002|-0.1478|-0.0092|0.0026||197.20|10|192.10|1
GME211217C00370000|1.24|1.49|1.24|1.45|1.49|39|0.04|0.0276|0|447|1|15|0.0022|0.0002|0.0002|-0.0094|0.0025||1.70|76|1.25|46
GME211217P00370000||||172.65|172.65|39|0.00|0.0000|0|3|0|0|-0.9973|0.0002|-0.1620|-0.0105|0.0030||207.15|10|201.90|10
GME211217C00380000|1.25|1.25|1.25|1.20|1.25|40|0.05|0.0417|-1|168|1|1|0.0014|0.0001|0.0001|-0.0065|0.0016||1.70|49|1.20|46
GME211217P00380000|208.83|208.83|208.83|165.60|208.83|40|43.23|0.2611|0|17|1|1|-0.9984|0.0001|-0.1560|-0.0065|0.0019||217.40|1|212.15|2
GME211217C00390000|1.18|1.18|1.18|1.18|1.18|41|0.00|0.0000|1|193|1|2|0.0012|0.0001|0.0001|-0.0059|0.0014||1.53|41|1.15|25
GME211217P00390000||||||41|||0|0|0|0|-0.9986|0.0001|-0.1602|-0.0054|0.0016||227.05|10|222.05|1
GME211217C00400000|1.12|1.25|0.90|1.08|1.19|42|0.11|0.1019|19|1185|1|200|0.0010|0.0001|0.0001|-0.0048|0.0011||1.34|1|1.16|1
GME211217P00400000|238.75|238.75|238.75|198.90|238.75|42|39.85|0.2004|0|3|1|1|-0.9987|0.0001|-0.1643|-0.0053|0.0015||236.65|1|232.05|1
GME211217C00410000|0.90|1.14|0.90|1.00|1.14|43|0.14|0.1400|1|205|1|27|0.0008|0.0001|0.0001|-0.0043|0.0010||1.29|1|1.05|4
GME211217P00410000||||190.90|190.90|43|0.00|0.0000|0|3|0|0|-0.9989|0.0001|-0.1684|-0.0045|0.0013||246.80|1|241.95|1
GME211217C00420000|1.00|1.08|1.00|0.95|1.08|44|0.13|0.1368|3|542|1|14|0.0007|0.0001|0.0000|-0.0036|0.0008||1.27|19|1.15|1
GME211217P00420000||||189.85|189.85|44|0.00|0.0000|0|16|0|0|-0.9994|0.0000|-0.1726|-0.0018|0.0007||256.65|1|252.00|1
GME211217C00430000|0.99|0.99|0.97|0.97|0.97|45|0.00|0.0000|0|208|1|11|0.0006|0.0000|0.0000|-0.0032|0.0007||1.27|71|0.95|7
GME211217P00430000||||244.20|244.20|45|0.00|0.0000|0|0|0|0|-0.9397|0.0014|-0.6118|-0.0970|0.0790||266.80|1|261.60|1
GME211217C00440000||||1.15|1.15|46|0.00|0.0000|0|472|0|0|0.0005|0.0000|0.0000|-0.0028|0.0006||1.27|29|0.93|1
GME211217P00440000||||||46|||0|0|0|0|-0.9996|0.0000|-0.1808|-0.0009|0.0005||276.80|10|271.55|10
GME211217C00450000|0.60|1.00|0.60|0.79|0.89|47|0.10|0.1266|2|686|7|31|0.0004|0.0000|0.0000|-0.0022|0.0005||1.13|22|1.02|1
GME211217P00450000||||||47|||0|0|0|0|-0.9996|0.0000|-0.1849|-0.0005|0.0005||286.75|10|281.50|10
GME211217C00460000|0.74|0.98|0.74|0.76|0.91|48|0.15|0.1974|2|1138|1|64|0.0004|0.0000|0.0000|-0.0023|0.0005||1.00|1|0.89|1
GME211217P00460000||||261.60|261.60|48|0.00|0.0000|0|5|0|0|-0.9473|0.0012|-0.6570|-0.0898|0.0711||296.70|10|291.50|1
GME211217C00470000|0.65|1.00|0.65|0.78|1.00|49|0.22|0.2821|1|190|1|4|0.0459|0.0011|0.0027|-0.2854|0.0337||1.01|10|0.75|3
GME211217P00470000||||||49||||0|0|0|-1.0000|0.0000|-0.1931|0.0016|0.0000||306.65|10|301.45|10
GME211217C00480000|0.75|0.87|0.69|0.60|0.87|50|0.27|0.4500|16|240|4|6|0.0411|0.0010|0.0024|-0.2596|0.0308||1.01|29|0.66|31
GME211217P00480000||||264.21|264.21|50|0.00|0.0000|0|7|0|0|-0.9842|0.0005|-0.1963|-0.0967|0.0139||316.60|10|311.45|1
GME211217C00490000|0.66|0.78|0.52|0.52|0.78|51|0.26|0.5000|8|105|6|12|0.0403|0.0010|0.0024|-0.2596|0.0305||1.01|29|0.64|33
GME211217P00490000||||274.04|274.04|51|0.00|0.0000|0|7|0|0|-0.9798|0.0006|-0.2001|-0.1271|0.0171||326.55|10|321.40|10
GME211217C00500000|0.70|0.90|0.60|0.50|0.90|52|0.40|0.8000|-47|2441|1|22|0.0387|0.0009|0.0023|-0.2532|0.0295||0.93|10|0.75|3
GME211217P00500000||||290.05|290.05|52|0.00|0.0000|0|7|0|0|-0.7721|0.0020|-0.6888|-0.4379|0.1997||336.50|10|331.40|1
GME211217C00510000|0.61|0.90|0.42|0.53|0.78|53|0.25|0.4717|25|1391|1|421|0.0397|0.0009|0.0023|-0.2643|0.0300||0.91|66|0.78|1
GME211217P00510000||||277.97|277.97|53|0.00|0.0000|0|0|0|0|-0.9872|0.0004|-0.2088|-0.0822|0.0116||346.50|20|341.35|10
GME211223C00100000|71.00|71.00|71.00|80.77|71.00|11|-9.77|-0.1210|0|14|1|1|0.9718|0.0012|0.0543|-0.0845|0.0269||71.40|1|67.30|1
GME211223P00100000|1.13|2.72|1.01|0.88|2.37|11|1.49|1.6932|8|124|1|240|-0.0461|0.0015|-0.0054|-0.1466|0.0402||2.58|1|2.25|4
GME211223C00110000||||||10||||0|0|0|1.0000|0.0000|0.0633|-0.0004|0.0000||62.40|10|58.10|10
GME211223P00110000|1.52|2.50|1.43|1.33|2.50|10|1.17|0.8797|9|37|1|21|-0.0635|0.0022|-0.0073|-0.1693|0.0515||3.25|2|2.70|11
GME211223C00120000||||103.35|103.35|9|0.00|0.0000|0|1|0|0|0.8429|0.0009|0.0207|-1.5210|0.1000||53.50|12|49.40|10
GME211223P00120000|2.80|4.85|2.61|1.15|4.85|9|3.70|3.2174|0|25|10|14|-0.0880|0.0031|-0.0106|-0.1894|0.0677||5.45|3|4.10|13
GME211223C00130000||||||8||||0|0|0|1.0000|0.0000|0.0784|-0.0005|0.0000||45.85|12|41.05|12
GME211223P00130000|3.71|7.70|3.64|2.69|6.15|8|3.46|1.2862|70|142|1|18|-0.1359|0.0042|-0.0158|-0.2678|0.0903||7.45|12|5.90|13
GME211223C00140000||||||7||||0|0|0|1.0000|0.0000|0.0805|-0.0005|0.0000||37.85|12|33.90|1
GME211223P00140000|6.50|9.55|6.50|4.40|9.55|7|5.15|1.1705|2|42|1|10|-0.1958|0.0054|-0.0231|-0.3355|0.1144||9.40|1|8.15|26
GME211223C00145000||||||6||||0|0|0|1.0000|0.0000|0.0834|-0.0005|0.0000||35.00|12|30.30|10
GME211223P00145000|11.40|11.90|11.40|11.40|11.64|6|0.24|0.0211||0|10|12|-0.2373|0.0055|-0.0290|-0.4145|0.1286||11.45|12|9.65|12
GME211223C00150000|28.10|28.10|28.10|55.90|28.10|5|-27.80|-0.4973|0|4|14|17|0.7468|0.0070|0.0593|-0.3316|0.1356||31.35|10|27.35|20
GME211223P00150000|6.60|13.44|6.60|6.07|13.10|5|7.03|1.1582|-6|200|2|149|-0.2560|0.0069|-0.0316|-0.3404|0.1364||13.35|12|11.55|22
GME211223C00155000|29.20|29.20|29.20|57.05|29.20|4|-27.85|-0.4882|0|10|1|1|0.6942|0.0062|0.0509|-0.4764|0.1460||28.05|12|24.30|13
GME211223P00155000|9.85|16.89|9.85|9.30|14.47|4|5.17|0.5559|16|127|1|134|-0.3065|0.0061|-0.0403|-0.4594|0.1495||15.60|12|13.30|12
GME211223C00160000|23.28|23.31|20.00|53.80|20.00|3|-33.80|-0.6283|0|12|1|8|0.6598|0.0076|0.0533|-0.4018|0.1553||25.00|12|21.75|20
GME211223P00160000|11.83|18.40|11.83|9.45|17.55|3|8.10|0.8571|1|62|10|64|-0.3385|0.0079|-0.0407|-0.4052|0.1515||17.55|12|16.00|1
GME211223C00165000|20.45|22.70|20.15|20.45|21.20|2|0.75|0.0367|0|0|1|17|0.6182|0.0072|0.0472|-0.4812|0.1579||22.30|12|19.40|20
GME211223P00165000|13.81|21.87|13.81|11.60|21.87|2|10.27|0.8853|0|21|2|279|-0.3743|0.0080|-0.0457|-0.4295|0.1577||20.65|2|18.05|10
GME211223C00170000|18.25|19.95|16.25|25.94|16.25|1|-9.69|-0.3736|0|15|1|21|0.5844|0.0080|0.0463|-0.4514|0.1623||20.45|6|17.20|10
GME211223P00170000|16.83|23.90|16.05|14.35|22.31|1|7.96|0.5547|0|33|1|81|-0.4166|0.0083|-0.0512|-0.4346|0.1624||23.15|12|20.80|10
GME211223C00175000|23.00|23.00|14.21|19.00|16.30|1|-2.70|-0.1421|0|3|10|51|0.5340|0.0085|0.0429|-0.4433|0.1646||18.40|12|15.30|10
GME211223P00175000|16.28|27.16|16.28|15.02|27.16|1|12.14|0.8083|-6|48|1|40|-0.4617|0.0080|-0.0580|-0.4682|0.1644||26.15|12|23.50|26
