symbol|open|high|low|preClose|close|activeLevel|change|changeRatio|openIntChange|openInterest|latestPriceVol|volume|delta|gamma|rho|theta|vega|tradeStamptradeTime|ask|avol|bid|bvol
GME211203C00100000||||83.51|83.51|10|0.00|0.0000|-1|9|0|0|0.9769|0.0011|0.0026|-1.4068|0.0050||75.40|12|71.40|27
GME211203P00100000|0.04|0.05|0.01|0.06|0.01|10|-0.05|-0.8333|21|534|1|194|-0.0032|0.0003|0.0000|-0.1726|0.0009||0.03|2|0.00|0
GME211203C00110000||||135.99|135.99|9|0.00|0.0000|0|1|0|0|0.8712|0.0023|0.0022|-9.4323|0.0190||65.50|4|61.35|27
GME211203P00110000|0.08|0.08|0.08|0.11|0.08|9|-0.03|-0.2727|27|199|9|37|-0.0068|0.0006|0.0000|-0.3144|0.0017||0.11|18|0.01|1
GME211203C00120000||||||8||||0|0|0|1.0000|0.0000|0.0033|-0.0004|0.0000||55.70|4|51.20|27
GME211203P00120000|0.04|0.11|0.03|0.19|0.04|8|-0.15|-0.7895|165|546|10|55|-0.0071|0.0007|0.0000|-0.2621|0.0018||0.05|10|0.03|12
GME211203C00130000||||65.44|65.44|7|0.00|0.0000|0|1|0|0|0.8225|0.0038|0.0025|-8.8186|0.0236||45.60|12|41.10|46
GME211203P00130000|0.14|0.18|0.06|0.29|0.06|7|-0.23|-0.7931|7|983|10|98|-0.0073|0.0010|0.0000|-0.2097|0.0018||0.14|15|0.06|22
GME211203C00140000|32.50|32.50|32.50|55.33|32.50|6|-22.83|-0.4126|0|6|4|4|0.7527|0.0038|0.0045|-6.5507|0.0405||35.75|12|30.80|46
GME211203P00140000|0.15|0.38|0.01|0.30|0.23|6|-0.07|-0.2333|17|1168|1|299|-0.0135|0.0020|-0.0001|-0.2920|0.0031||0.18|15|0.13|17
GME211203C00150000|23.50|24.00|21.00|44.80|24.00|5|-20.80|-0.4643|0|6|1|42|0.7420|0.0066|0.0026|-7.9161|0.0293||25.75|47|20.60|78
GME211203P00150000|0.20|0.59|0.20|0.65|0.22|5|-0.43|-0.6615|149|1347|1|742|-0.0493|0.0066|-0.0002|-0.7838|0.0092||0.32|12|0.22|13
GME211203C00155000||||27.75|27.75|4|0.00|0.0000|0|5|0|0|0.8906|0.0117|0.0037|-1.5055|0.0170||21.00|13|15.55|55
GME211203P00155000|0.39|0.70|0.30|0.68|0.30|4|-0.38|-0.5588|-29|963|1|300|-0.0697|0.0100|-0.0003|-0.8939|0.0121||0.42|27|0.26|31
GME211203C00160000|23.77|23.77|12.60|23.00|12.60|3|-10.40|-0.4522|2|117|1|4|0.8377|0.0169|0.0036|-1.7876|0.0223||16.10|36|10.75|177
GME211203P00160000|1.14|1.24|0.35|0.68|0.39|3|-0.29|-0.4265|108|548|40|835|-0.3462|0.0053|-0.0860|-0.3296|0.2086||0.44|1|0.34|55
GME211203C00165000|15.40|15.40|6.20|32.50|8.90|2|-23.60|-0.7262|0|31|1|111|0.6243|0.0091|0.0024|-7.9284|0.0344||11.40|50|7.40|88
GME211203P00165000|0.62|2.20|0.40|1.20|0.70|2|-0.50|-0.4167|41|824|1|776|-0.2008|0.0260|-0.0010|-1.5145|0.0255||0.90|24|0.61|58
GME211203C00170000|6.30|6.30|3.10|13.35|5.60|1|-7.75|-0.5805|13|63|1|565|0.6434|0.0356|0.0029|-1.9538|0.0339||5.75|27|3.95|90
GME211203P00170000|1.42|4.00|0.80|1.87|1.56|1|-0.31|-0.1658|480|1414|1|1335|-0.3699|0.0378|-0.0018|-1.8846|0.0342||1.98|34|1.28|83
GME211203C00175000|7.05|7.05|1.40|9.00|2.20|1|-6.80|-0.7556|6|123|1|1718|0.4311|0.0436|0.0020|-1.7723|0.0356||2.57|8|2.02|31
GME211203P00175000|1.75|7.00|1.50|2.73|3.70|1|0.97|0.3553|485|968|1|617|-0.5702|0.0442|-0.0028|-1.7459|0.0356||4.15|1|2.61|82
GME211203C00177500|4.12|4.12|0.85|8.24|1.60|2|-6.64|-0.8058|34|41|3|1032|0.3485|0.0350|0.0016|-1.9558|0.0335||1.55|3|1.09|70
GME211203P00177500|2.70|8.95|2.20|3.58|6.11|2|2.53|0.7067|267|466|1|462|-0.4688|0.0072|-0.1127|-0.2797|0.2249||6.00|10|3.90|74
GME211203C00180000|4.60|5.00|0.54|5.75|0.99|3|-4.76|-0.8278|33|766|1|699|0.2296|0.0348|0.0011|-1.3236|0.0275||1.05|13|0.72|13
GME211203P00180000|5.29|11.50|2.63|4.40|7.33|3|2.93|0.6659|-355|1413|1|184|-0.7805|0.0353|-0.0039|-1.2367|0.0268||7.65|1|6.00|96
GME211203C00182500|3.75|3.90|0.42|4.40|0.67|4|-3.73|-0.8477|61|146|5|160|0.2359|0.0255|0.0021|-0.9313|0.0395||0.80|2|0.46|51
GME211203P00182500|7.75|13.03|3.89|5.41|11.15|4|5.74|1.0610|-45|252|10|66|-0.8679|0.0269|-0.0044|-0.8505|0.0194||10.55|17|7.55|60
GME211203C00185000|2.43|3.10|0.25|3.22|0.47|5|-2.75|-0.8540|314|795|3|1110|0.0949|0.0203|0.0004|-0.7043|0.0153||0.54|14|0.35|16
GME211203P00185000|9.16|15.95|4.90|7.21|13.00|5|5.79|0.8031|-47|541|3|90|-0.8984|0.0207|-0.0046|-0.7618|0.0161||12.95|20|10.15|70
GME211203C00187500|2.00|2.16|0.25|2.40|0.28|6|-2.12|-0.8833|-120|610|1|96|0.0528|0.0129|0.0002|-0.4504|0.0098||0.40|1|0.26|6
GME211203P00187500|7.14|17.61|7.14|8.59|15.61|6|7.02|0.8172|-33|442|1|14|-0.9521|0.0122|-0.0049|-0.4052|0.0090||17.15|36|12.45|58
GME211203C00190000|1.42|1.60|0.21|1.70|0.31|7|-1.39|-0.8176|-141|637|1|531|0.0280|0.0078|0.0001|-0.2668|0.0058||0.34|18|0.24|1
GME211203P00190000|11.26|20.31|8.25|11.17|18.82|7|7.65|0.6849|-67|766|1|101|-0.5373|0.0066|-0.1362|-0.3072|0.2246||19.65|55|15.00|70
GME211203C00192500|1.00|1.09|0.20|1.27|0.26|8|-1.01|-0.7953|-248|254|3|374|0.0673|0.0109|0.0006|-0.3906|0.0167||0.36|28|0.17|31
GME211203P00192500|10.85|24.24|10.85|12.49|24.24|8|11.75|0.9408|-8|265|3|18|-0.9842|0.0047|-0.0052|-0.1674|0.0036||22.20|25|17.25|61
GME211203C00195000|1.09|1.09|0.13|1.07|0.23|9|-0.84|-0.7850|-71|526|2|302|0.0133|0.0038|0.0001|-0.1542|0.0031||0.26|8|0.17|6
GME211203P00195000|15.20|24.67|12.95|14.76|23.00|9|8.24|0.5583|-69|557|1|20|-0.5802|0.0069|-0.1462|-0.2830|0.2210||23.70|37|19.80|74
GME211203C00197500|0.35|0.35|0.15|0.89|0.17|10|-0.72|-0.8090|-133|357|2|41|0.0086|0.0025|0.0000|-0.1102|0.0021||0.24|43|0.14|16
GME211203P00197500|17.15|26.97|15.00|17.43|25.45|10|8.02|0.4601|-4|198|1|52|-0.9834|0.0039|-0.0053|-0.2175|0.0038||25.90|22|22.05|68
GME211203C00200000|0.65|0.74|0.13|0.68|0.15|11|-0.53|-0.7794|599|1650|1|641|0.0050|0.0015|0.0000|-0.0700|0.0013||0.19|8|0.12|10
GME211203P00200000|18.50|29.61|18.50|19.88|26.00|11|6.12|0.3078|-271|727|10|56|-0.9842|0.0035|-0.0054|-0.2251|0.0036||28.60|33|24.85|66
GME211203C00202500|0.30|0.51|0.11|0.50|0.13|12|-0.37|-0.7400|164|445|1|28|0.3930|0.0063|0.0577|-0.3001|0.2174||0.18|12|0.10|39
GME211203P00202500|21.15|31.85|21.15|21.93|31.85|12|9.92|0.4523|-30|154|1|3|-0.5770|0.0057|-0.1565|-0.3464|0.2214||32.20|24|27.25|20
GME211203C00205000|0.88|0.88|0.10|0.55|0.10|13|-0.45|-0.8182|-141|693|6|103|0.0037|0.0010|0.0000|-0.0587|0.0010||0.15|13|0.11|1
GME211203P00205000|26.93|34.70|26.93|24.98|34.70|13|9.72|0.3891|-135|349|39|49|-0.5400|0.0047|-0.1583|-0.4314|0.2245||33.65|21|29.75|48
GME211203C00207500|0.15|0.15|0.08|0.55|0.10|14|-0.45|-0.8182|148|548|2|28|0.4093|0.0054|0.0575|-0.3585|0.2198||0.12|5|0.08|5
GME211203P00207500|38.35|38.35|36.84|25.68|36.84|14|11.16|0.4346|-2|33|1|6|-0.8632|0.0083|-0.0051|-2.9047|0.0199||36.35|12|32.05|19
GME211203C00210000|0.33|0.39|0.07|0.46|0.10|15|-0.36|-0.7826|73|1012|2|470|0.0026|0.0007|0.0000|-0.0480|0.0007||0.10|3|0.07|9
GME211203P00210000|28.88|40.95|28.55|29.77|37.73|15|7.96|0.2674|-51|334|38|53|-0.9859|0.0024|-0.0057|-0.2642|0.0033||38.60|28|34.70|18
GME211203C00212500|0.22|0.22|0.06|0.48|0.06|16|-0.42|-0.8750|47|344|1|32|0.0028|0.0007|0.0000|-0.0548|0.0008||0.11|12|0.06|12
GME211203P00212500|37.02|41.83|37.02|33.40|41.55|16|8.15|0.2440|0|67|1|6|-0.9670|0.0039|-0.0057|-0.6919|0.0067||41.85|21|37.20|18
GME211203C00215000|0.17|0.23|0.08|0.37|0.08|17|-0.29|-0.7838|0|792|1|84|0.0274|0.0033|0.0001|-0.6006|0.0057||0.10|8|0.08|73
GME211203P00215000|35.00|45.70|35.00|31.97|40.60|17|8.63|0.2699|-11|215|3|17|-0.9468|0.0048|-0.0057|-1.2134|0.0098||44.30|31|39.60|55
GME211203C00217500|0.16|0.16|0.07|0.38|0.07|18|-0.31|-0.8158|-3|180|1|108|0.0020|0.0005|0.0000|-0.0418|0.0006||0.09|9|0.05|10
GME211203P00217500|46.36|48.06|45.41|38.35|45.41|18|7.06|0.1841|-2|72|38|51|-0.9698|0.0033|-0.0058|-0.6983|0.0062||46.65|21|41.65|12
GME211203C00220000|0.17|0.20|0.05|0.36|0.06|19|-0.30|-0.8333|32|1410|1|180|0.0016|0.0004|0.0000|-0.0365|0.0005||0.07|1|0.06|1
GME211203P00220000|49.15|50.41|48.10|40.13|48.14|19|8.01|0.1996|-18|195|2|11|-0.9822|0.0023|-0.0059|-0.4206|0.0040||48.45|36|44.60|70
GME211203C00222500|0.09|0.09|0.07|0.37|0.07|20|-0.30|-0.8108|4|185|1|3|0.5072|0.0032|0.0568|-0.6437|0.2256||0.07|5|0.04|13
GME211203P00222500|44.57|44.57|44.57|45.85|44.57|20|-1.28|-0.0279|-6|45|1|1|-0.9276|0.0049|-0.0058|-1.9483|0.0125||51.65|12|46.90|17
GME211203C00225000|0.20|0.20|0.05|0.30|0.06|21|-0.24|-0.8000|-60|596|1|48|0.4992|0.0032|0.0563|-0.6397|0.2256||0.08|5|0.06|2
GME211203P00225000|42.95|53.85|42.95|45.20|53.43|21|8.23|0.1821|0|125|2|13|-0.9824|0.0021|-0.0061|-0.4538|0.0039||54.10|18|49.35|12
GME211203C00227500|0.14|0.14|0.04|0.50|0.07|22|-0.43|-0.8600|16|113|1|5|0.0579|0.0041|0.0005|-0.8279|0.0149||0.08|7|0.06|1
GME211203P00227500|55.10|55.10|55.10|45.48|55.10|22|9.62|0.2115|0|26|1|1|-0.9877|0.0016|-0.0062|-0.3276|0.0029||56.55|29|52.15|31
GME211203C00230000|0.24|0.24|0.03|0.24|0.06|23|-0.18|-0.7500|-39|888|1|71|0.0144|0.0017|0.0001|-0.4006|0.0033||0.06|1|0.04|1
GME211203P00230000|47.00|55.64|47.00|49.84|55.64|23|5.80|0.1164|-4|63|2|3|-0.9878|0.0015|-0.0062|-0.3369|0.0029||59.00|18|54.65|12
GME211203C00232500|0.03|0.03|0.03|0.25|0.03|24|-0.22|-0.8800|-7|86|1|1|0.5750|0.0023|0.0532|-0.8526|0.2216||0.07|13|0.03|12
GME211203P00232500||||52.32|52.32|24|0.00|0.0000|-1|33|0|0|-0.9406|0.0038|-0.0122|-0.9133|0.0151||61.45|12|56.85|12
GME211203C00235000|0.56|0.56|0.02|0.25|0.05|25|-0.20|-0.8000|-14|317|2|13|0.0060|0.0008|0.0000|-0.1748|0.0015||0.07|16|0.03|5
GME211203P00235000|53.48|64.17|53.48|53.95|61.56|25|7.61|0.1411|-31|340|1|33|-0.9974|0.0004|-0.0064|-0.0744|0.0007||63.90|20|59.15|12
GME211203C00237500|0.13|0.13|0.02|0.27|0.02|26|-0.25|-0.9259|-1|114|1|9|0.0058|0.0008|0.0000|-0.1755|0.0015||0.05|12|0.02|14
GME211203P00237500|55.98|66.67|55.98|56.45|64.07|26|7.62|0.1350|-22|262|1|33|-0.9974|0.0004|-0.0065|-0.0763|0.0007||66.40|18|61.75|12
GME211203C00240000|0.20|0.20|0.03|0.27|0.03|27|-0.24|-0.8889|64|656|1|25|0.0107|0.0012|0.0000|-0.3380|0.0026||0.05|4|0.03|1
GME211203P00240000|69.64|69.64|69.63|60.48|69.63|27|9.15|0.1513|-6|95|3|4|-0.9808|0.0018|-0.0065|-0.6142|0.0042||68.85|13|64.65|12
GME211203C00245000|0.05|0.06|0.01|0.23|0.02|28|-0.21|-0.9130|-115|299|1|31|0.0116|0.0012|0.0001|-0.3902|0.0028||0.07|6|0.02|1
GME211203P00245000|66.88|66.88|66.88|60.55|66.88|28|6.33|0.1045|-1|67|1|1|-0.6336|0.0039|-0.2137|-0.4667|0.2128||73.80|12|69.45|4
GME211203C00250000|0.06|0.12|0.02|0.14|0.04|29|-0.10|-0.7143|1181|4523|1|262|0.5168|0.0026|0.0521|-0.7968|0.2254||0.05|1|0.01|19
GME211203P00250000|75.53|75.81|75.53|70.43|75.81|29|5.38|0.0764|0|123|1|3|-0.9833|0.0014|-0.0068|-0.5968|0.0038||78.75|18|74.40|12
GME211203C00260000|0.05|0.05|0.01|0.15|0.03|30|-0.12|-0.8000|-5|709|1|59|0.0061|0.0006|0.0000|-0.2339|0.0016||0.05|6|0.03|1
GME211203P00260000|88.15|88.15|88.15|75.00|88.15|30|13.15|0.1753|0|6|1|1|-0.9989|0.0002|-0.0071|-0.0399|0.0003||88.70|26|84.60|15
GME211203C00270000|0.04|0.06|0.02|0.02|0.03|31|0.01|0.5000|20|607|1|14|0.0054|0.0005|0.0000|-0.2248|0.0014||0.04|1|0.01|9
GME211203P00270000|99.66|99.66|99.66|86.50|99.66|31|13.16|0.1521|0|21|3|4|-0.9996|0.0001|-0.0074|-0.0169|0.0001||98.65|17|94.55|12
GME211203C00280000|0.08|0.08|0.01|0.07|0.01|32|-0.06|-0.8571|46|618|1|14|0.0064|0.0006|0.0000|-0.2911|0.0016||0.05|10|0.01|5
GME211203P00280000||||95.00|95.00|32|0.00|0.0000|0|10|0|0|-0.9990|0.0001|-0.0077|-0.0418|0.0003||108.65|12|104.45|3
GME211203C00290000|0.04|0.04|0.01|0.09|0.04|33|-0.05|-0.5556|-7|495|1|12|0.0061|0.0005|0.0000|-0.2958|0.0016||0.05|1|0.03|2
GME211203P00290000||||||33||||0|0|0|-1.0000|0.0000|-0.0079|0.0009|0.0000||118.60|12|114.60|12
GME211203C00300000|0.06|0.06|0.01|0.07|0.01|34|-0.06|-0.8571|-116|2079|2|94|0.0019|0.0002|0.0000|-0.0957|0.0005||0.03|3|0.01|12
GME211203P00300000||||111.10|111.10|34|0.00|0.0000|0|2|0|0|-0.9962|0.0003|-0.0164|-0.0961|0.0014||128.60|12|124.45|3
GME211203C00310000|0.04|0.05|0.01|0.08|0.01|35|-0.07|-0.8750|-1|343|1|33|0.0059|0.0004|0.0000|-0.3236|0.0015||0.06|5|0.01|8
GME211203P00310000||||71.90|71.90|35|0.00|0.0000|0|4|0|0|-0.8897|0.0027|-0.3142|-0.1696|0.1065||138.60|12|134.40|3
GME211203C00320000|0.04|0.04|0.02|0.04|0.02|36|-0.02|-0.5000|-1|388|2|3|0.0000|0.0000|0.0000|-0.0010|0.0000||0.04|1|0.01|1
GME211203P00320000||||||36||||0|0|0|-1.0000|0.0000|-0.0175|0.0010|0.0000||148.60|12|144.60|12
GME211203C00330000||||0.06|0.06|37|0.00|0.0000|2|350|0|0|0.0065|0.0004|0.0000|-0.3893|0.0016||0.07|7|0.00|0
GME211203P00330000||||127.27|127.27|37|0.00|0.0000|-2|0|0|0|-1.0000|0.0000|-0.0090|0.0003|0.0000||158.60|12|154.45|3
GME211203C00340000|0.01|0.01|0.01|0.06|0.01|38|-0.05|-0.8333|4|139|1|2|0.0016|0.0001|0.0000|-0.1011|0.0005||0.04|2|0.00|0
GME211203P00340000||||134.20|134.20|38|0.00|0.0000|0|1|0|0|-0.9995|0.0001|-0.0186|-0.0141|0.0002||168.60|12|164.45|3
GME211203C00350000|0.01|0.03|0.01|0.04|0.03|39|-0.01|-0.2500|-10|1227|1|94|0.0013|0.0001|0.0000|-0.0833|0.0004||0.03|4|0.00|0
GME211203P00350000||||136.35|136.35|39|0.00|0.0000|-1|2|0|0|-1.0000|0.0000|-0.0096|0.0010|0.0000||178.60|11|174.60|12
GME211203C00360000|0.01|0.03|0.01|0.09|0.03|40|-0.06|-0.6667|0|159|25|83|0.0014|0.0001|0.0000|-0.0926|0.0004||0.03|4|0.00|0
GME211203P00360000||||||40||||0|0|0|-1.0000|0.0000|-0.0099|0.0011|0.0000||188.60|12|184.35|3
GME211203C00370000|0.01|0.01|0.01|0.02|0.01|41|-0.01|-0.5000|-1|87|1|1|0.0024|0.0002|0.0000|-0.1636|0.0007||0.02|1|0.00|0
GME211203P00370000||||136.05|136.05|41|0.00|0.0000|0|1|0|0|-1.0000|0.0000|-0.0101|0.0011|0.0000||198.60|12|194.50|3
GME211203C00380000|0.01|0.01|0.01|0.04|0.01|42|-0.03|-0.7500|-1|100|6|20|0.0039|0.0002|0.0000|-0.2799|0.0010||0.01|1|0.00|0
GME211203P00380000||||170.35|170.35|42|0.00|0.0000|0|0|0|0|-1.0000|0.0000|-0.0104|0.0007|0.0000||208.60|12|204.35|3
GME211203C00390000|0.04|0.04|0.04|0.02|0.04|43|0.02|1.0000|-2|89|1|1|0.6735|0.0012|0.0368|-1.4409|0.2039||0.04|2|0.00|0
GME211203P00390000|216.55|216.55|216.55|216.55|216.55|43|0.00|0.0000|0|0|1|1|-1.0000|0.0000|-0.0107|0.0012|0.0000||218.60|13|214.55|3
GME211203C00400000|0.01|0.01|0.01|0.02|0.01|44|-0.01|-0.5000|-4|2445|1|17|0.0277|0.0009|0.0001|-2.1816|0.0058||0.01|2|0.00|0
GME211203P00400000||||215.38|215.38|44|0.00|0.0000|0|0|0|0|-0.6904|0.0023|-0.3920|-0.6948|0.1994||228.60|12|224.35|3
GME211203C00410000||||0.03|0.03|45|0.00|0.0000|3|1058|0|0|0.6773|0.0011|0.0359|-1.4741|0.2030||0.01|8|0.00|0
GME211203P00410000||||||45||||0|0|0|-1.0000|0.0000|-0.4380|0.0013|0.0000||238.60|12|234.35|3
GME211203C00420000|0.01|0.01|0.01|0.01|0.01|46|0.00|0.0000|3|234|2|2|0.0012|0.0001|0.0000|-0.0929|0.0004||0.01|1|0.00|0
GME211203P00420000||||||46||||0|0|0|-1.0000|0.0000|-0.0115|0.0013|0.0000||248.60|12|244.55|12
GME211203C00430000||||0.03|0.03|47|0.00|0.0000|0|70|0|0|0.0027|0.0002|0.0000|-0.2248|0.0008||0.02|100|0.00|0
GME211203P00430000||||||47||||0|0|0|-1.0000|0.0000|-0.0118|0.0013|0.0000||258.60|12|253.75|11
GME211203C00440000||||0.08|0.08|48|0.00|0.0000|1|71|0|0|0.0070|0.0003|0.0000|-0.5967|0.0018||0.01|4|0.00|0
GME211203P00440000||||||48||||0|0|0|-1.0000|0.0000|-0.0121|0.0014|0.0000||268.60|12|263.75|11
GME211203C00450000|0.01|0.01|0.01|0.01|0.01|49|0.00|0.0000|4|487|2|4|0.6586|0.0011|0.0359|-1.5062|0.2075||0.01|100|0.00|0
GME211203P00450000||||||49||||0|0|0|-1.0000|0.0000|-0.0123|0.0014|0.0000||278.60|12|273.75|11
GME211203C00460000||||0.01|0.01|50|0.00|0.0000|4|63|0|0|0.0010|0.0001|0.0000|-0.0922|0.0003||0.01|100|0.00|0
GME211203P00460000||||||50||||0|0|0|-1.0000|0.0000|-0.0126|0.0014|0.0000||288.60|12|283.75|11
GME211203C00470000||||0.01|0.01|51|0.00|0.0000|9|200|0|0|0.0010|0.0001|0.0000|-0.0899|0.0003||0.01|100|0.00|0
GME211203P00470000||||||51||||0|0|0|-1.0000|0.0000|-0.0258|0.0014|0.0000||298.60|12|293.75|11
GME211203C00480000||||0.06|0.06|52|0.00|0.0000|0|91|0|0|0.0043|0.0002|0.0000|-0.3968|0.0011||0.01|100|0.00|0
GME211203P00480000||||||52||||0|0|0|-1.0000|0.0000|-0.0132|0.0015|0.0000||308.60|12|303.75|12
GME211203C00490000|0.01|0.01|0.01|0.06|0.01|53|-0.05|-0.8333|0|250|1|10|0.6828|0.0010|0.0337|-1.5764|0.2015||0.01|100|0.00|0
GME211203P00490000||||||53||||0|0|0|-1.0000|0.0000|-0.0134|0.0015|0.0000||318.60|12|313.75|12
GME211203C00500000|0.01|0.02|0.01|0.03|0.02|54|-0.01|-0.3333|9|1379|20|37|0.0016|0.0001|0.0000|-0.1515|0.0005||0.02|300|0.00|0
GME211203P00500000||||||54||||0|0|0|-1.0000|0.0000|-0.0274|0.0015|0.0000||328.60|12|323.75|12
GME211203C00510000|0.01|0.01|0.01|0.02|0.01|55|-0.01|-0.5000|121|5819|4|102|0.0026|0.0001|0.0000|-0.2535|0.0007||0.01|132|0.00|0
GME211203P00510000||||||55||||0|0|0|-1.0000|0.0000|-0.0140|0.0016|0.0000||338.60|12|333.75|12
GME211210C00100000||||86.01|86.01|11|0.00|0.0000|0|1|0|0|0.8964|0.0005|0.0304|-0.6653|0.1106||76.95|2|72.10|12
GME211210P00100000|0.55|0.98|0.50|0.48|0.91|11|0.43|0.8958|29|239|1|157|-0.0214|0.0010|-0.0009|-0.1618|0.0131||0.98|1|0.85|1
GME211210C00110000||||76.13|76.13|10|0.00|0.0000|0|2|0|0|0.8386|0.0020|0.0146|-1.9146|0.0627||67.30|10|62.30|12
GME211210P00110000|0.58|1.22|0.54|0.60|1.15|10|0.55|0.9167|9|215|1|112|-0.0306|0.0015|-0.0013|-0.1944|0.0177||1.46|72|0.85|68
GME211210C00120000|56.97|56.97|56.97|76.03|56.97|9|-19.06|-0.2507|0|1|1|1|0.8601|0.0031|0.0196|-1.0140|0.0570||57.70|8|52.90|17
GME211210P00120000|0.97|1.61|0.75|1.00|1.50|9|0.50|0.5000|167|263|2|516|-0.0515|0.0025|-0.0022|-0.2769|0.0271||1.58|11|1.37|28
GME211210C00130000||||||8||||0|0|0|1.0000|0.0000|0.0285|-0.0004|0.0000||48.35|14|43.50|19
GME211210P00130000|1.50|2.25|1.28|1.45|2.25|8|0.80|0.5517|0|431|15|547|-0.0924|0.0040|-0.0044|-0.3779|0.0450||2.28|43|1.92|41
GME211210C00140000|36.10|36.10|36.10|56.44|36.10|7|-20.34|-0.3604|0|29|2|4|0.7551|0.0038|0.0180|-1.6076|0.0807||39.25|18|34.55|24
GME211210P00140000|1.89|3.50|1.89|2.18|3.09|7|0.91|0.4174|142|441|8|97|-0.1292|0.0059|-0.0055|-0.4691|0.0539||3.35|20|3.00|16
GME211210C00145000|30.25|30.25|30.25|30.25|30.25|6|0.00|0.0000||0|1|1|0.8141|0.0068|0.0237|-0.6613|0.0686||34.60|31|30.25|32
GME211210P00145000|2.92|4.50|2.92|2.80|4.04|6|1.24|0.4429||15|1|40|-0.1628|0.0071|-0.0069|-0.5347|0.0631||4.15|22|3.65|45
GME211210C00150000|30.00|31.00|25.20|34.20|27.79|5|-6.41|-0.1874|1|20|50|56|0.8138|0.0086|0.0251|-0.5202|0.0687||30.20|23|26.75|24
GME211210P00150000|3.30|6.05|3.30|3.50|5.02|5|1.52|0.4343|240|460|1|504|-0.2020|0.0084|-0.0086|-0.5927|0.0722||5.15|21|4.75|16
GME211210C00155000|25.10|25.10|23.00|58.70|23.00|4|-35.70|-0.6082|0|45|1|2|0.6883|0.0032|0.0150|-2.4370|0.0906||26.15|23|22.60|39
GME211210P00155000|4.27|6.90|4.27|4.65|6.30|4|1.65|0.3548|49|244|1|33|-0.2518|0.0095|-0.0108|-0.6698|0.0818||6.55|24|5.95|51
GME211210C00160000|25.52|25.52|18.78|29.75|21.00|3|-8.75|-0.2941|0|204|6|35|0.6712|0.0085|0.0203|-0.9645|0.0927||22.85|57|19.15|74
GME211210P00160000|5.47|9.10|5.47|5.80|8.30|3|2.50|0.4310|55|441|1|159|-0.3008|0.0106|-0.0130|-0.7155|0.0894||8.75|79|7.35|48
GME211210C00165000|21.90|21.90|18.92|21.75|18.92|2|-2.83|-0.1301|1|3|3|5|0.6238|0.0089|0.0191|-1.0108|0.0972||19.60|28|16.05|37
GME211210P00165000|7.22|11.25|7.22|7.35|10.50|2|3.15|0.4286|42|362|1|149|-0.3704|0.0048|-0.1139|-0.3201|0.2320||11.05|98|9.15|51
GME211210C00170000|17.07|17.07|12.81|20.20|14.30|1|-5.90|-0.2921|5|21|1|63|0.6039|0.0050|0.0914|-0.3252|0.2366||16.20|33|15.10|1
GME211210P00170000|8.15|13.47|8.15|9.07|12.20|1|3.13|0.3451|81|441|2|203|-0.4258|0.0122|-0.0186|-0.7858|0.1004||12.55|43|11.45|1
GME211210C00175000|17.95|17.95|11.00|17.18|13.25|1|-3.93|-0.2288|48|73|4|149|0.5145|0.0124|0.0169|-0.7982|0.1022||13.85|59|12.45|27
GME211210P00175000|10.83|16.50|9.85|10.95|14.80|1|3.85|0.3516|104|522|1|117|-0.4866|0.0127|-0.0214|-0.7829|0.1022||16.00|85|13.15|74
GME211210C00177500|11.55|12.00|10.00|15.85|12.00|2|-3.85|-0.2429||27|1|116|0.4815|0.0125|0.0159|-0.7967|0.1021||12.55|30|10.65|77
GME211210P00177500|10.66|17.25|10.66|12.55|16.35|2|3.80|0.3028||234|1|80|-0.4336|0.0051|-0.1366|-0.3314|0.2416||17.05|61|14.55|78
GME211210C00180000|15.00|16.00|8.78|14.20|11.00|3|-3.20|-0.2254|227|306|5|139|0.4543|0.0127|0.0152|-0.7720|0.1018||11.45|35|10.35|16
GME211210P00180000|13.51|19.40|11.89|13.30|17.33|3|4.03|0.3030|99|705|1|70|-0.5516|0.0127|-0.0245|-0.7710|0.1013||18.10|40|15.95|66
GME211210C00182500|11.05|11.05|8.10|13.40|10.10|4|-3.30|-0.2463||66|1|33|0.4241|0.0123|0.0141|-0.7826|0.1004||10.25|19|9.35|23
GME211210P00182500|13.50|21.30|13.50|15.15|19.45|4|4.30|0.2838||205|5|25|-0.5738|0.0121|-0.0258|-0.7942|0.1005||20.75|77|17.15|68
GME211210C00185000|12.65|12.65|7.20|12.66|9.01|5|-3.65|-0.2883|24|132|2|74|0.5317|0.0051|0.0825|-0.3397|0.2442||9.35|10|8.60|17
GME211210P00185000|15.65|21.60|13.50|16.25|21.15|5|4.90|0.3015|98|456|1|27|-0.6018|0.0121|-0.0272|-0.7671|0.0991||21.90|57|18.80|61
GME211210C00187500|11.40|11.40|6.76|11.44|7.17|6|-4.27|-0.3733|45|64|1|10|0.3788|0.0111|0.0126|-0.8123|0.0974||9.30|60|6.65|83
GME211210P00187500|23.89|24.95|23.89|17.83|24.95|6|7.12|0.3993|129|256|3|4|-0.6281|0.0118|-0.0286|-0.7584|0.0971||23.90|58|20.50|67
GME211210C00190000|11.00|11.00|6.05|10.60|7.00|7|-3.60|-0.3396|103|199|1|170|0.3458|0.0113|0.0116|-0.7529|0.0945||8.10|61|6.65|93
GME211210P00190000|19.20|26.50|18.05|19.55|24.55|7|5.00|0.2558|70|498|3|52|-0.6553|0.0113|-0.0300|-0.7477|0.0944||25.55|32|22.25|52
GME211210C00192500|10.00|10.00|5.75|10.00|5.88|8|-4.12|-0.4120|23|88|1|8|0.5000|0.0050|0.0781|-0.3467|0.2450||8.00|62|6.05|75
GME211210P00192500|20.34|20.34|20.34|21.35|20.34|8|-1.01|-0.0473|32|118|1|1|-0.5019|0.0050|-0.1644|-0.3424|0.2450||27.95|38|24.25|43
GME211210C00195000|8.25|9.15|5.10|8.91|6.25|9|-2.66|-0.2985|116|250|1|45|0.2955|0.0105|0.0100|-0.7070|0.0884||6.75|44|6.00|1
GME211210P00195000|22.27|30.00|22.27|22.88|28.49|9|5.61|0.2452|95|285|1|20|-0.7027|0.0106|-0.0327|-0.7085|0.0888||29.85|42|26.25|58
GME211210C00197500|7.69|7.69|4.85|8.26|5.25|10|-3.01|-0.3644|60|106|1|27|0.2802|0.0102|0.0095|-0.6982|0.0865||6.20|48|5.05|76
GME211210P00197500|24.10|24.10|24.10|24.48|24.10|10|-0.38|-0.0155|15|119|1|1|-0.7242|0.0102|-0.0339|-0.6806|0.0858||31.45|23|28.20|24
GME211210C00200000|7.56|7.56|4.05|7.25|5.25|11|-2.00|-0.2759|140|774|1|331|0.2528|0.0098|0.0086|-0.6490|0.0821||5.45|7|4.95|16
GME211210P00200000|24.90|33.83|24.90|26.33|31.65|11|5.32|0.2021|21|680|9|28|-0.7470|0.0097|-0.0352|-0.6550|0.0820||32.50|26|29.75|52
GME211210C00202500|6.70|6.70|4.11|8.00|4.95|12|-3.05|-0.3813|10|77|1|13|0.2561|0.0090|0.0086|-0.7220|0.0824||5.25|53|4.20|86
GME211210P00202500|32.05|34.10|32.05|27.95|33.56|12|5.61|0.2007|0|48|12|16|-0.7730|0.0093|-0.0366|-0.6085|0.0772||34.70|11|31.85|35
GME211210C00205000|6.00|6.00|3.71|5.85|4.48|13|-1.37|-0.2342|10|169|1|33|0.2054|0.0089|0.0070|-0.5705|0.0729||4.75|24|4.15|51
GME211210P00205000|31.96|38.30|31.96|30.85|38.30|13|7.45|0.2415|-1|176|1|2|-0.7522|0.0085|-0.0412|-0.6513|0.0860||36.75|17|34.05|38
GME211210C00207500|3.99|3.99|3.62|5.72|3.92|14|-1.80|-0.3147|10|78|1|12|0.1975|0.0084|0.0068|-0.5772|0.0712||4.65|49|3.95|1
GME211210P00207500|40.40|40.40|39.38|31.10|39.38|14|8.28|0.2662|2|20|1|2|-0.8230|0.0084|-0.0394|-0.4993|0.0666||39.10|14|36.30|27
GME211210C00210000|5.15|5.30|3.20|5.15|3.75|15|-1.40|-0.2718|27|336|1|146|0.1808|0.0079|0.0062|-0.5452|0.0674||4.30|76|3.60|46
GME211210P00210000|33.23|42.30|31.95|34.54|41.12|15|6.58|0.1905|7|112|1|6|-0.8055|0.0079|-0.0394|-0.5972|0.0705||41.60|29|38.20|34
GME211210C00212500|3.50|3.50|3.02|5.00|3.02|16|-1.98|-0.3960|-3|80|1|18|0.1737|0.0075|0.0060|-0.5473|0.0658||4.00|28|3.10|59
GME211210P00212500||||37.87|37.87|16|0.00|0.0000|-1|37|0|0|-0.7931|0.0075|-0.0396|-0.6838|0.0732||44.10|24|40.40|24
GME211210C00215000|4.05|4.05|2.80|4.43|3.27|17|-1.16|-0.2619|1|166|4|40|0.1557|0.0071|0.0054|-0.5048|0.0613||3.85|64|3.10|26
GME211210P00215000|48.00|48.00|43.60|37.79|43.60|17|5.81|0.1537|-2|32|3|4|-0.8524|0.0070|-0.0420|-0.4723|0.0591||46.60|30|42.60|23
GME211210C00217500|3.25|3.25|2.68|4.50|3.07|18|-1.43|-0.3178|0|30|4|13|0.1547|0.0067|0.0053|-0.5249|0.0610||3.55|66|2.90|14
GME211210P00217500|49.60|49.60|49.60|42.15|49.60|18|7.45|0.1767|2|27|10|10|-0.8133|0.0068|-0.0414|-0.6588|0.0688||49.10|35|44.95|23
GME211210C00220000|3.70|3.70|2.45|3.90|3.00|19|-0.90|-0.2308|12|413|1|67|0.1387|0.0064|0.0048|-0.4802|0.0568||3.10|17|2.69|15
GME211210P00220000|45.07|51.65|45.07|42.22|50.75|19|8.53|0.2020|1|156|2|11|-0.8712|0.0062|-0.0438|-0.4422|0.0539||51.50|19|47.35|23
GME211210C00222500|2.35|2.67|2.35|3.65|2.65|20|-1.00|-0.2740|25|88|1|7|0.3914|0.0046|0.0626|-0.3505|0.2359||3.00|26|2.45|34
GME211210P00222500|42.95|42.95|42.95|46.97|42.95|20|-4.02|-0.0856|-7|38|1|1|-0.8241|0.0062|-0.0429|-0.6687|0.0662||54.00|13|49.60|13
GME211210C00225000|3.10|3.10|2.15|3.45|2.53|21|-0.92|-0.2667|14|348|1|37|0.1555|0.0059|0.0053|-0.5992|0.0612||2.87|39|2.30|51
GME211210P00225000|51.00|58.60|51.00|47.35|55.30|21|7.95|0.1679|1|462|1|16|-0.8729|0.0057|-0.0450|-0.4745|0.0534||56.50|37|52.00|35
GME211210C00227500|2.74|2.74|2.10|3.35|2.10|22|-1.25|-0.3731|1|24|1|3|0.1173|0.0054|0.0040|-0.4470|0.0505||2.76|29|2.19|84
GME211210P00227500||||34.06|34.06|22|0.00|0.0000|0|35|0|0|-0.9986|0.0003|-0.0498|-0.0036|0.0011||58.90|18|54.50|27
GME211210C00230000|2.73|2.75|1.99|3.09|2.30|23|-0.79|-0.2557|2|395|1|138|0.1227|0.0053|0.0047|-0.4360|0.0552||2.40|18|2.12|26
GME211210P00230000|57.60|57.60|57.60|41.51|57.60|23|16.09|0.3876|0|38|2|2|-0.6840|0.0050|-0.2360|-0.2768|0.2185||61.30|20|56.70|33
GME211210C00232500|2.40|2.58|1.99|2.69|1.99|24|-0.70|-0.2602|3|33|1|6|0.1385|0.0052|0.0047|-0.5826|0.0566||2.40|44|2.01|34
GME211210P00232500||||56.09|56.09|24|0.00|0.0000|-5|6|0|0|-0.8485|0.0053|-0.0459|-0.6436|0.0603||63.75|17|59.20|12
GME211210C00235000|2.43|2.46|1.92|2.78|2.16|25|-0.62|-0.2230|-4|898|1|22|0.3691|0.0042|0.0585|-0.3666|0.2317||2.40|53|1.96|15
GME211210P00235000|61.85|67.00|61.85|58.42|65.99|25|7.57|0.1296|-1|35|7|10|-0.8555|0.0051|-0.0467|-0.6313|0.0583||66.15|20|61.60|3
GME211210C00237500||||2.69|2.69|26|0.00|0.0000|1|19|0|0|0.1520|0.0050|0.0050|-0.6922|0.0602||2.38|38|1.64|90
GME211210P00237500|64.40|68.49|64.40|48.03|68.49|26|20.46|0.4260|0|25|7|8|-0.9572|0.0030|-0.0505|-0.1720|0.0233||68.55|19|63.95|4
GME211210C00240000|2.31|2.47|1.61|2.92|2.00|27|-0.92|-0.3151|-13|317|1|30|0.0953|0.0043|0.0033|-0.4213|0.0434||1.98|19|1.75|29
GME211210P00240000||||58.15|58.15|27|0.00|0.0000|1|34|0|0|-0.9386|0.0035|-0.0505|-0.2602|0.0311||71.15|36|66.20|28
GME211210C00245000|2.10|2.10|1.46|2.20|1.69|28|-0.51|-0.2318|-6|166|1|8|0.0741|0.0036|0.0026|-0.3387|0.0359||1.95|40|1.58|45
GME211210P00245000||||50.19|50.19|28|0.00|0.0000|0|23|0|0|-0.9965|0.0005|-0.0536|-0.0135|0.0027||76.00|25|71.20|20
GME211210C00250000|1.90|2.02|1.42|2.01|1.79|29|-0.22|-0.1095|110|2300|1|103|0.0685|0.0033|0.0024|-0.3267|0.0339||1.74|49|1.58|1
GME211210P00250000||||60.35|60.35|29|0.00|0.0000|0|15|0|0|-0.9921|0.0008|-0.0545|-0.0339|0.0056||80.75|21|75.75|12
GME211210C00255000|1.55|1.55|1.44|2.02|1.50|30|-0.52|-0.2574|-4|61|1|3|0.0975|0.0037|0.0033|-0.5041|0.0442||1.71|30|1.34|36
GME211210P00255000||||40.40|40.40|30|0.00|0.0000|0|5|0|0|-0.9998|0.0000|-0.0559|0.0001|0.0002||85.70|21|80.75|14
GME211210C00260000|1.79|1.79|1.20|1.73|1.50|31|-0.23|-0.1329|38|974|2|22|0.0568|0.0028|0.0020|-0.2947|0.0292||1.71|60|1.34|10
GME211210P00260000||||69.85|69.85|31|0.00|0.0000|0|22|0|0|-0.9915|0.0008|-0.0567|-0.0406|0.0060||90.65|10|85.75|17
GME211210C00270000|1.31|1.31|1.15|1.60|1.26|32|-0.34|-0.2125|-27|193|1|34|0.0516|0.0024|0.0018|-0.2891|0.0272||1.39|21|1.20|1
GME211210P00270000||||75.18|75.18|32|0.00|0.0000|0|14|0|0|-0.9665|0.0019|-0.0580|-0.1835|0.0191||100.55|20|95.25|6
GME211210C00280000|1.00|1.15|1.00|1.40|1.11|33|-0.29|-0.2071|16|242|1|12|0.0696|0.0026|0.0023|-0.4275|0.0342||1.39|47|1.02|22
GME211210P00280000||||84.53|84.53|33|0.00|0.0000|0|1|0|0|-0.9742|0.0015|-0.0605|-0.1503|0.0154||110.45|21|105.25|13
GME211210C00290000|1.16|1.16|0.93|1.25|1.03|34|-0.22|-0.1760|21|171|2|10|0.0387|0.0018|0.0013|-0.2461|0.0216||1.18|20|1.00|1
GME211210P00290000||||82.25|82.25|34|0.00|0.0000|0|7|0|0|-0.9989|0.0001|-0.0635|-0.0055|0.0009||120.35|22|115.25|18
GME211210C00300000|1.20|1.20|0.80|1.11|0.99|35|-0.12|-0.1081|43|919|3|299|0.0330|0.0015|0.0011|-0.2218|0.0189||1.00|45|0.95|8
GME211210P00300000||||76.00|76.00|35|0.00|0.0000|0|14|0|0|-0.9999|0.0000|-0.0657|0.0003|0.0001||130.25|17|125.25|17
GME211210C00310000|0.84|0.90|0.76|0.95|0.90|36|-0.05|-0.0526|108|264|1|5|0.0279|0.0013|0.0010|-0.1969|0.0164||0.98|6|0.84|9
GME211210P00310000||||83.61|83.61|36|0.00|0.0000|0|4|0|0|-0.9998|0.0000|-0.0679|-0.0003|0.0002||140.25|12|135.25|3
GME211210C00320000||||0.93|0.93|37|0.00|0.0000|2|276|0|0|0.0267|0.0012|0.0009|-0.1971|0.0158||0.98|20|0.75|13
GME211210P00320000||||89.47|89.47|37|0.00|0.0000|0|3|0|0|-0.9505|0.0017|-0.3938|-0.0640|0.0628||150.05|12|144.40|13
GME211210C00330000||||0.72|0.72|38|0.00|0.0000|-17|246|0|0|0.0551|0.0018|0.0020|-0.3888|0.0303||0.98|58|0.70|17
GME211210P00330000||||||38||||0|0|0|-1.0000|0.0000|-0.0723|0.0011|0.0000||159.95|12|154.90|5
GME211210C00340000|0.75|0.78|0.66|0.75|0.78|39|0.03|0.0400|-1|87|10|37|0.0550|0.0017|0.0020|-0.4044|0.0303||0.85|13|0.70|5
GME211210P00340000||||||39||||0|0|0|-1.0000|0.0000|-0.0745|0.0011|0.0000||169.95|10|164.35|12
GME211210C00350000|0.49|0.78|0.49|0.69|0.67|40|-0.02|-0.0290|49|437|1|90|0.0388|0.0013|0.0013|-0.3293|0.0215||0.75|4|0.67|9
GME211210P00350000||||||40||||0|0|0|-1.0000|0.0000|-0.0767|0.0011|0.0000||179.75|12|174.90|12
GME211210C00360000|0.55|0.65|0.55|0.61|0.65|41|0.04|0.0656|-2|85|1|4|0.0354|0.0012|0.0012|-0.3100|0.0200||0.72|2|0.52|54
GME211210P00360000||||||41||||0|0|0|-1.0000|0.0000|-0.4536|0.0012|0.0000||189.75|10|184.85|4
GME211210C00370000|0.50|0.55|0.50|0.75|0.55|42|-0.20|-0.2667|0|21|5|8|0.0322|0.0011|0.0011|-0.2911|0.0185||0.68|5|0.52|37
GME211210P00370000||||||42||||0|0|0|-1.0000|0.0000|-0.0811|0.0012|0.0000||199.75|12|194.85|12
GME211210C00380000|0.54|0.54|0.54|0.54|0.54|43|0.00|0.0000|-1|50|1|1|0.0310|0.0011|0.0010|-0.2889|0.0180||0.66|17|0.52|2
GME211210P00380000||||||43||||0|0|0|-1.0000|0.0000|-0.0833|0.0012|0.0000||209.55|12|204.85|12
GME211210C00390000|0.40|0.58|0.40|0.49|0.52|44|0.03|0.0612|5|52|8|15|0.0291|0.0010|0.0010|-0.2789|0.0170||0.65|20|0.47|28
GME211210P00390000||||||44||||0|0|0|-1.0000|0.0000|-0.4914|0.0013|0.0000||219.55|10|214.85|4
GME211210C00400000|0.40|0.70|0.37|0.45|0.54|45|0.09|0.2000|-6|420|1|157|0.0277|0.0009|0.0009|-0.2730|0.0163||0.63|27|0.47|2
GME211210P00400000||||||45||||0|0|0|-1.0000|0.0000|-0.0877|0.0013|0.0000||229.55|12|224.85|4
GME211210C00410000|0.34|0.50|0.34|0.44|0.40|46|-0.04|-0.0909|7|59|1|5|0.0113|0.0005|0.0004|-0.1122|0.0076||0.55|10|0.40|25
GME211210P00410000||||||46||||0|0|0|-1.0000|0.0000|-0.1011|0.0013|0.0000||239.50|12|233.85|12
GME211210C00420000|0.31|0.55|0.31|0.40|0.49|47|0.09|0.2250|2|171|1|8|0.0283|0.0009|0.0009|-0.2939|0.0166||0.55|18|0.40|10
GME211210P00420000||||||47||||0|0|0|-1.0000|0.0000|-0.0921|0.0014|0.0000||249.25|12|244.70|12
GME211210C00430000|0.41|0.41|0.41|0.40|0.41|48|0.01|0.0250|262|304|1|1|0.0224|0.0007|0.0007|-0.2372|0.0137||0.55|37|0.29|34
GME211210P00430000||||||48||||0|0|0|-1.0000|0.0000|-0.5418|0.0014|0.0000||259.25|12|254.20|4
GME211210C00440000|0.23|0.45|0.23|0.36|0.42|49|0.06|0.1667|34|67|1|3|0.0240|0.0008|0.0008|-0.2598|0.0145||0.53|25|0.29|37
GME211210P00440000||||||49||||0|0|0|-1.0000|0.0000|-0.0964|0.0014|0.0000||269.15|12|263.90|12
GME211210C00450000|0.38|0.38|0.33|0.37|0.33|50|-0.04|-0.1081|190|288|1|3|0.0206|0.0007|0.0007|-0.2272|0.0127||0.51|2|0.29|14
GME211210P00450000||||||50||||0|0|0|-1.0000|0.0000|-0.0986|0.0015|0.0000||279.10|12|273.90|20
GME211210C00460000|0.33|0.41|0.31|0.27|0.36|51|0.09|0.3333|0|18|1|26|0.0103|0.0004|0.0004|-0.1024|0.0074||0.53|33|0.28|31
GME211210P00460000||||||51||||0|0|0|-1.0000|0.0000|-0.1008|0.0015|0.0000||289.05|12|283.50|25
GME211210C00470000|0.39|0.39|0.39|0.22|0.39|52|0.17|0.7727|7|22|1|1|0.0283|0.0008|0.0010|-0.2914|0.0176||0.50|13|0.27|6
GME211210P00470000||||||52||||0|0|0|-1.0000|0.0000|-0.5922|0.0015|0.0000||299.00|12|293.95|3
GME211210C00480000|0.26|0.46|0.26|0.25|0.46|53|0.21|0.8400|1|33|9|13|0.0060|0.0003|0.0002|-0.0690|0.0043||0.50|31|0.28|6
GME211210P00480000||||||53||||0|0|0|-1.0000|0.0000|-0.1052|0.0016|0.0000||308.95|12|303.50|35
GME211210C00490000|0.47|0.47|0.40|0.24|0.40|54|0.16|0.6667|2|93|2|4|0.0090|0.0003|0.0003|-0.0950|0.0066||0.50|31|0.29|14
GME211210P00490000||||||54||||0|0|0|-1.0000|0.0000|-0.1074|0.0016|0.0000||318.90|12|313.50|35
GME211210C00500000|0.33|0.46|0.22|0.26|0.46|55|0.20|0.7692|-6|850|9|305|0.0183|0.0006|0.0006|-0.2217|0.0115||0.48|13|0.25|6
GME211210P00500000||||||55||||0|0|0|-1.0000|0.0000|-0.1096|0.0016|0.0000||328.85|12|323.50|35
GME211210C00510000|0.27|0.43|0.18|0.18|0.34|56|0.16|0.8889|1|2026|6|270|0.0043|0.0002|0.0001|-0.0524|0.0032||0.35|15|0.29|11
GME211210P00510000||||||56||||0|0|0|-1.0000|0.0000|-0.1118|0.0017|0.0000||338.80|12|333.95|10
GME211217C00080000||||94.56|94.56|18|0.00|0.0000|1|2|0|0|0.9333|0.0011|0.0280|-0.4619|0.0469||96.45|4|92.00|12
GME211217P00080000|0.50|0.72|0.50|0.35|0.64|18|0.29|0.8286|1|350|9|70|-0.0777|0.0012|-0.0285|-0.1736|0.0959||0.85|20|0.63|8
GME211217C00085000||||95.85|95.85|17|0.00|0.0000|0|1|0|0|0.9645|0.0010|0.0340|-0.1904|0.0283||91.80|8|87.10|12
GME211217P00085000|0.50|0.58|0.40|0.43|0.58|17|0.15|0.3488|-1|121|1|8|-0.0176|0.0007|-0.0014|-0.0928|0.0153||0.96|14|0.65|47
GME211217C00090000||||137.00|137.00|16|0.00|0.0000|0|4|0|0|0.8985|0.0006|0.0114|-1.7581|0.0643||86.30|3|82.20|12
GME211217P00090000|0.62|0.62|0.62|0.53|0.62|16|0.09|0.1698|2|68|8|8|-0.0196|0.0008|-0.0016|-0.0950|0.0167||1.67|89|0.57|90
GME211217C00100000||||79.69|79.69|15|0.00|0.0000|1|50|0|0|0.9982|0.0002|0.0410|-0.0068|0.0020||76.90|9|72.45|12
GME211217P00100000|0.71|1.23|0.68|0.76|1.15|15|0.39|0.5132|-205|664|2|378|-0.0020|0.0002|-0.0002|-0.0074|0.0023||1.15|20|1.10|3
GME211217C00105000||||66.05|66.05|14|0.00|0.0000|0|1|0|0|0.9966|0.0003|0.0429|-0.0117|0.0036||71.70|12|67.60|12
GME211217P00105000|1.00|1.00|0.85|0.86|0.95|14|0.09|0.1047|51|140|1|7|-0.0037|0.0003|-0.0003|-0.0125|0.0039||1.82|89|0.95|78
GME211217C00110000||||73.25|73.25|13|0.00|0.0000|0|1|0|0|0.9945|0.0005|0.0448|-0.0172|0.0055||67.30|12|62.80|21
GME211217P00110000|0.35|1.50|0.35|1.02|1.48|13|0.46|0.4510|-21|354|1|34|-0.0081|0.0006|-0.0007|-0.0235|0.0080||1.64|56|1.31|41
GME211217C00115000||||112.11|112.11|12|0.00|0.0000|0|2|0|0|0.9909|0.0008|0.0466|-0.0258|0.0086||62.55|20|58.05|21
GME211217P00115000|1.17|1.87|1.15|1.21|1.61|12|0.40|0.3306|14|162|4|33|-0.0114|0.0009|-0.0009|-0.0325|0.0105||2.01|62|1.58|39
GME211217C00120000||||64.15|64.15|11|0.00|0.0000|0|51|0|0|0.8964|0.0031|0.1434|-0.0986|0.1187||57.80|19|53.45|13
GME211217P00120000|1.56|2.01|1.56|1.39|2.01|11|0.62|0.4460|5|158|1|4|-0.0194|0.0015|-0.0015|-0.0506|0.0165||2.35|61|1.86|40
GME211217C00125000||||79.68|79.68|10|0.00|0.0000|0|35|0|0|0.8706|0.0036|0.1425|-0.1169|0.1390||53.05|20|48.95|13
GME211217P00125000|2.35|2.43|1.80|1.88|2.43|10|0.55|0.2926|2|207|1|6|-0.0369|0.0024|-0.0030|-0.0841|0.0293||2.66|56|2.23|49
GME211217C00130000||||55.70|55.70|9|0.00|0.0000|0|10|0|0|0.9549|0.0031|0.0500|-0.0980|0.0333||48.50|13|44.50|14
GME211217P00130000|2.09|3.20|2.05|2.21|3.20|9|0.99|0.4480|11|206|2|38|-0.0506|0.0033|-0.0039|-0.1110|0.0365||3.15|18|2.70|36
GME211217C00135000||||90.47|90.47|8|0.00|0.0000|0|3|0|0|0.9301|0.0043|0.0501|-0.1387|0.0470||44.00|18|40.15|14
GME211217P00135000|3.25|3.95|3.25|2.72|3.85|8|1.13|0.4154|9|149|1|22|-0.0729|0.0044|-0.0056|-0.1462|0.0486||4.05|75|3.30|50
GME211217C00140000|39.35|39.35|34.60|44.07|34.60|7|-9.47|-0.2149|2|148|1|2|0.9013|0.0057|0.0499|-0.1771|0.0610||40.05|20|36.00|73
GME211217P00140000|3.32|4.58|3.32|3.50|4.58|7|1.08|0.3086|264|813|1|19|-0.1111|0.0058|-0.0093|-0.1932|0.0686||4.75|4|4.05|67
GME211217C00145000||||96.94|96.94|6|0.00|0.0000|0|57|0|0|0.8641|0.0071|0.0490|-0.2245|0.0767||35.80|20|32.05|55
GME211217P00145000|5.49|5.49|5.49|4.02|5.49|6|1.47|0.3657|23|234|1|1|-0.1435|0.0071|-0.0113|-0.2414|0.0796||6.55|90|5.15|48
GME211217C00150000|32.04|32.04|28.37|35.91|28.40|5|-7.51|-0.2091|0|71|14|25|0.8167|0.0085|0.0472|-0.2752|0.0934||32.10|61|29.35|36
GME211217P00150000|4.30|7.45|4.15|5.05|6.90|5|1.85|0.3663|223|1842|1|90|-0.1910|0.0086|-0.0151|-0.2888|0.0956||7.55|66|6.45|71
GME211217C00155000|28.00|28.00|24.50|30.10|24.50|4|-5.60|-0.1860|1|12|1|3|0.7602|0.0101|0.0447|-0.3192|0.1090||28.65|62|25.00|71
GME211217P00155000|5.75|9.20|5.75|6.54|9.00|4|2.46|0.3761|0|308|4|154|-0.2478|0.0097|-0.0211|-0.3223|0.1146||9.50|102|8.05|58
GME211217C00160000|26.47|26.47|21.08|29.27|22.80|3|-6.47|-0.2210|-1|96|4|38|0.7022|0.0113|0.0420|-0.3533|0.1215||25.50|66|21.70|111
GME211217P00160000|7.30|11.40|7.30|7.75|10.63|3|2.88|0.3716|390|1040|1|69|-0.3040|0.0107|-0.0262|-0.3566|0.1268||11.00|61|9.90|37
GME211217C00165000|20.00|20.70|20.00|24.60|20.70|2|-3.90|-0.1585|0|82|1|2|0.6383|0.0121|0.0386|-0.3877|0.1314||22.70|70|18.80|97
GME211217P00165000|8.93|13.40|8.93|9.77|13.40|2|3.63|0.3715|3|310|1|8|-0.3633|0.0118|-0.0294|-0.3980|0.1316||14.10|122|11.90|43
GME211217C00170000|19.90|19.90|16.00|23.22|17.15|1|-6.07|-0.2614|0|117|2|31|0.5880|0.0066|0.1117|-0.2171|0.2566||19.25|46|16.90|100
GME211217P00170000|11.88|16.35|11.70|11.75|15.40|1|3.65|0.3106|-17|1066|1|33|-0.4242|0.0121|-0.0348|-0.4209|0.1375||15.55|62|13.80|95
GME211217C00175000|17.40|17.40|14.05|20.50|15.50|1|-5.00|-0.2439|-5|183|2|46|0.5106|0.0128|0.0316|-0.4146|0.1399||16.85|51|15.15|41
GME211217P00175000|13.36|19.20|13.36|14.33|17.18|1|2.85|0.1989|17|720|3|325|-0.4875|0.0124|-0.0404|-0.4269|0.1398||17.85|21|16.50|81
GME211217C00180000|14.00|14.45|11.96|17.98|12.70|2|-5.28|-0.2937|-23|442|1|13|0.4513|0.0126|0.0282|-0.4137|0.1390||15.20|103|11.90|207
GME211217P00180000|15.88|22.00|15.88|17.10|20.90|2|3.80|0.2222|12|1074|1|36|-0.5428|0.0120|-0.0487|-0.4103|0.1438||21.30|57|19.15|98
GME211217C00185000|15.60|15.60|10.40|15.00|11.62|3|-3.38|-0.2253|2|270|1|11|0.3906|0.0122|0.0245|-0.4025|0.1346||13.30|105|10.80|115
GME211217P00185000|22.25|24.46|22.25|19.25|24.46|3|5.21|0.2706|-14|255|1|3|-0.6038|0.0120|-0.0512|-0.4118|0.1353||25.55|71|21.85|84
GME211217C00187500|14.08|14.08|10.53|15.87|10.77|4|-5.10|-0.3214|0|39|1|3|0.5263|0.0049|0.0932|-0.3070|0.2624||12.05|21|9.70|71
GME211217P00187500||||19.77|19.77|4|0.00|0.0000|1|116|0|0|-0.7206|0.0158|-0.0586|-0.2388|0.1180||27.30|68|23.65|62
GME211217C00190000|13.45|13.45|8.80|13.83|10.55|5|-3.28|-0.2372|15|254|1|28|0.3385|0.0115|0.0214|-0.3863|0.1284||10.95|41|9.65|88
GME211217P00190000|20.42|29.00|20.42|22.61|28.20|5|5.59|0.2472|-4|446|2|20|-0.6556|0.0113|-0.0563|-0.3979|0.1293||29.05|76|25.40|65
GME211217C00192500|11.38|11.95|8.61|12.50|8.80|6|-3.70|-0.2960|2|30|3|7|0.3664|0.0094|0.0224|-0.5037|0.1321||10.45|59|8.95|65
GME211217P00192500||||24.00|24.00|6|0.00|0.0000|-1|111|0|0|-0.6319|0.0093|-0.0566|-0.5065|0.1323||30.90|65|27.05|65
GME211217C00195000|11.07|11.07|7.75|11.09|9.30|7|-1.79|-0.1614|-1|147|1|53|0.2916|0.0107|0.0186|-0.3664|0.1205||9.40|10|8.60|29
GME211217P00195000|27.94|30.80|27.94|25.45|30.80|7|5.35|0.2102|50|473|9|76|-0.7032|0.0106|-0.0613|-0.3767|0.1215||32.45|64|28.80|86
GME211217C00197500|9.62|9.62|7.50|10.80|7.95|8|-2.85|-0.2639|3|41|1|16|0.3246|0.0090|0.0200|-0.4814|0.1262||9.15|64|7.60|86
GME211217P00197500|32.65|34.08|32.65|27.65|34.08|8|6.43|0.2325|0|93|5|6|-0.5516|0.0057|-0.2013|-0.2583|0.2608||34.70|67|30.55|56
GME211217C00200000|9.90|9.90|6.70|10.05|7.90|9|-2.15|-0.2139|902|2001|1|371|0.2504|0.0098|0.0160|-0.3445|0.1117||8.20|10|7.55|25
GME211217P00200000|32.40|35.35|32.40|29.20|35.33|9|6.13|0.2099|-2|1919|1|9|-0.7438|0.0097|-0.0659|-0.3561|0.1130||35.45|19|32.65|85
GME211217C00202500|7.85|7.85|7.50|9.79|7.50|10|-2.29|-0.2339|18|36|3|4|0.2950|0.0083|0.0182|-0.4757|0.1210||8.05|65|6.65|78
GME211217P00202500|34.54|34.54|34.54|30.45|34.54|10|4.09|0.1343|1|117|1|1|-0.7138|0.0085|-0.0655|-0.4513|0.1194||38.10|49|34.80|58
GME211217C00205000|9.80|9.80|6.20|8.75|6.86|11|-1.89|-0.2160|-4|53|1|24|0.2732|0.0082|0.0170|-0.4497|0.1168||7.75|86|6.25|98
GME211217P00205000|36.55|39.63|36.55|33.98|39.63|11|5.65|0.1663|0|165|1|4|-0.7035|0.0078|-0.0661|-0.5080|0.1214||40.75|50|36.50|66
GME211217C00207500|6.15|6.15|6.15|8.90|6.15|12|-2.75|-0.3090|4|32|1|1|0.4355|0.0049|0.0802|-0.2970|0.2596||7.30|59|5.55|96
GME211217P00207500|41.74|41.74|41.74|21.30|41.74|12|20.44|0.9596|0|181|34|34|-0.9888|0.0022|-0.0845|-0.0124|0.0103||42.85|51|38.50|67
GME211217C00210000|5.92|6.80|5.45|7.50|5.85|13|-1.65|-0.2200|-30|815|2|31|0.1754|0.0079|0.0113|-0.2797|0.0906||6.70|66|5.40|151
GME211217P00210000|45.16|45.16|45.16|36.95|45.16|13|8.21|0.2222|-11|215|10|20|-0.8193|0.0079|-0.0747|-0.2895|0.0923||45.00|51|40.85|73
GME211217C00212500|5.95|6.20|5.65|6.50|5.65|14|-0.85|-0.1308|0|22|1|4|0.2146|0.0074|0.0135|-0.3828|0.1024||6.45|66|5.20|81
GME211217P00212500||||42.25|42.25|14|0.00|0.0000|0|59|0|0|-0.5374|0.0041|-0.2288|-0.3585|0.2618||47.15|50|43.00|55
GME211217C00215000|6.25|6.25|4.40|6.90|5.20|15|-1.70|-0.2464|4|97|1|12|0.2185|0.0070|0.0136|-0.4116|0.1034||5.90|13|5.10|39
GME211217P00215000|49.03|49.03|46.65|42.25|48.24|15|5.99|0.1418|2|101|2|11|-0.5712|0.0045|-0.2349|-0.3221|0.2588||49.20|50|44.25|80
GME211217C00217500|4.80|5.10|4.80|7.20|5.10|16|-2.10|-0.2917|1|39|1|2|0.2237|0.0068|0.0139|-0.4406|0.1052||5.50|26|4.80|55
GME211217P00217500|50.51|50.51|50.50|47.80|50.50|16|2.70|0.0565|0|23|4|34|-0.7004|0.0061|-0.2539|-0.1871|0.2291||51.60|51|47.40|39
GME211217C00220000|5.35|5.49|4.20|6.50|4.86|17|-1.64|-0.2523|1|1903|1|18|0.1214|0.0061|0.0079|-0.2206|0.0708||5.35|47|4.55|102
GME211217P00220000|54.10|54.10|52.62|46.55|52.62|17|6.07|0.1304|1|446|1|21|-0.8716|0.0062|-0.0821|-0.2347|0.0736||53.90|50|49.70|49
GME211217C00222500||||6.60|6.60|18|0.00|0.0000|2|69|0|0|0.2032|0.0063|0.0126|-0.4255|0.0992||5.10|14|4.25|67
GME211217P00222500||||49.15|49.15|18|0.00|0.0000|11|21|0|0|-0.7699|0.0062|-0.0774|-0.4981|0.1066||56.10|50|52.00|26
GME211217C00225000|4.75|4.75|4.20|5.80|4.20|19|-1.60|-0.2759|-7|98|15|20|0.1861|0.0061|0.0116|-0.3949|0.0942||5.00|62|4.15|74
GME211217P00225000||||49.64|49.64|19|0.00|0.0000|-1|30|0|0|-0.8083|0.0060|-0.0806|-0.4106|0.0958||58.45|48|54.10|50
GME211217C00227500||||5.60|5.60|20|0.00|0.0000|0|8|0|0|0.1772|0.0058|0.0110|-0.3877|0.0912||4.75|20|3.90|76
GME211217P00227500||||51.86|51.86|20|0.00|0.0000|0|60|0|0|-0.8063|0.0058|-0.0870|-0.4046|0.0995||60.75|46|56.25|17
GME211217C00230000|6.00|6.00|3.83|5.09|3.90|21|-1.19|-0.2338|11|442|1|43|0.0872|0.0047|0.0057|-0.1784|0.0557||4.65|64|3.90|54
GME211217P00230000||||54.21|54.21|21|0.00|0.0000|1|64|0|0|-0.9009|0.0049|-0.0940|-0.1922|0.0632||63.05|21|58.50|20
GME211217C00232500|4.35|4.35|3.80|4.45|3.80|22|-0.65|-0.1461|0|80|1|2|0.1470|0.0053|0.0092|-0.3332|0.0807||4.30|48|3.40|102
GME211217P00232500||||53.30|53.30|22|0.00|0.0000|0|19|0|0|-0.8987|0.0048|-0.0890|-0.2180|0.0621||65.45|24|60.90|3
GME211217C00235000|4.25|4.25|4.25|5.14|4.25|23|-0.89|-0.1732|0|74|1|1|0.1593|0.0052|0.0099|-0.3785|0.0851||4.00|1|3.15|135
GME211217P00235000||||54.70|54.70|23|0.00|0.0000|0|60|0|0|-0.7410|0.0051|-0.2883|-0.1941|0.2134||67.80|45|63.20|14
GME211217C00240000|3.80|3.80|3.21|4.35|3.50|24|-0.85|-0.1954|48|356|3|27|0.0600|0.0035|0.0039|-0.1353|0.0419||3.95|51|3.05|140
GME211217P00240000||||65.50|65.50|24|0.00|0.0000|0|54|0|0|-0.9358|0.0036|-0.0944|-0.1453|0.0440||72.55|18|67.90|15
GME211217C00245000|3.25|3.40|3.17|3.98|3.20|25|-0.78|-0.1960|143|230|1|4|0.3358|0.0041|0.0622|-0.3046|0.2404||3.90|82|3.00|104
GME211217P00245000||||71.40|71.40|25|0.00|0.0000|-2|47|0|0|-0.7958|0.0047|-0.0886|-0.5672|0.0995||77.35|22|72.50|64
GME211217C00250000|4.20|4.20|2.88|3.70|3.06|26|-0.64|-0.1730|-24|1145|1|96|0.0407|0.0025|0.0027|-0.1006|0.0307||3.55|66|2.98|8
GME211217P00250000|84.85|84.85|84.85|73.53|84.85|26|11.32|0.1540|0|56|1|1|-0.9564|0.0026|-0.0999|-0.1075|0.0324||82.15|23|77.50|23
GME211217C00255000|2.84|3.05|2.84|3.60|2.95|27|-0.65|-0.1806|0|355|1|5|0.1129|0.0039|0.0070|-0.3162|0.0672||3.35|57|2.74|76
GME211217P00255000||||39.75|39.75|27|0.00|0.0000|0|5|0|0|-0.9997|0.0001|-0.1048|0.0003|0.0003||87.05|20|82.40|28
GME211217C00260000|2.55|2.94|2.55|3.40|2.94|28|-0.46|-0.1353|3|519|1|3|0.0273|0.0018|0.0018|-0.0732|0.0221||3.15|14|2.67|13
GME211217P00260000|90.26|90.26|90.26|78.20|90.26|28|12.06|0.1542|0|21|1|1|-0.9698|0.0019|-0.1049|-0.0803|0.0240||91.90|21|87.30|26
GME211217C00270000|2.41|2.41|2.41|2.82|2.41|29|-0.41|-0.1454|34|575|1|1|0.0199|0.0014|0.0013|-0.0573|0.0169||2.88|13|2.23|115
GME211217P00270000||||65.35|65.35|29|0.00|0.0000|0|49|0|0|-0.9735|0.0016|-0.1165|-0.0713|0.0222||101.65|21|96.80|37
GME211217C00280000|2.50|2.50|2.32|2.63|2.32|30|-0.31|-0.1179|-3|2029|1|3|0.1548|0.0035|0.0321|-0.1541|0.1569||2.64|13|2.20|25
GME211217P00280000||||91.00|91.00|30|0.00|0.0000|0|10|0|0|-0.9842|0.0011|-0.1140|-0.0480|0.0139||111.55|23|106.80|13
GME211217C00290000|2.00|2.20|2.00|2.57|2.20|31|-0.37|-0.1440|1|523|2|3|0.1413|0.0032|0.0293|-0.1479|0.1476||2.44|52|2.00|86
GME211217P00290000||||68.50|68.50|31|0.00|0.0000|0|25|0|0|-0.9869|0.0009|-0.1183|-0.0420|0.0118||121.45|21|116.45|10
GME211217C00300000|2.05|2.32|1.84|2.15|2.05|32|-0.10|-0.0465|560|5707|2|126|0.1280|0.0029|0.0266|-0.1403|0.1380||2.24|22|2.00|1
GME211217P00300000|126.50|126.50|126.50|125.00|126.50|32|1.50|0.0120|0|20|1|1|-0.9886|0.0008|-0.1307|-0.0363|0.0109||131.45|19|126.45|8
GME211217C00310000|1.80|1.80|1.80|2.03|1.80|33|-0.23|-0.1133|-2|367|1|1|0.0057|0.0004|0.0004|-0.0208|0.0057||2.14|19|1.72|96
GME211217P00310000||||102.75|102.75|33|0.00|0.0000|0|3|0|0|-0.8758|0.0028|-0.4244|-0.1417|0.1351||141.25|23|136.10|5
GME211217C00320000|1.78|1.78|1.78|1.73|1.78|34|0.05|0.0289|41|448|3|3|0.0043|0.0003|0.0003|-0.0163|0.0044||2.00|18|1.72|15
GME211217P00320000||||96.00|96.00|34|0.00|0.0000|0|17|0|0|-0.9946|0.0004|-0.1311|-0.0197|0.0055||151.25|13|146.10|13
GME211217C00330000|1.74|1.74|1.74|1.75|1.74|35|-0.01|-0.0057|0|213|1|1|0.0988|0.0023|0.0205|-0.1219|0.1146||1.88|53|1.49|77
GME211217P00330000||||159.50|159.50|35|0.00|0.0000|0|3|0|0|-0.9959|0.0003|-0.1353|-0.0153|0.0043||161.10|12|155.75|17
GME211217C00340000|1.51|1.51|1.51|1.60|1.51|36|-0.09|-0.0563|0|232|1|1|0.0027|0.0002|0.0002|-0.0112|0.0029||1.73|16|1.40|90
GME211217P00340000||||126.85|126.85|36|0.00|0.0000|0|7|0|0|-0.9968|0.0002|-0.1395|-0.0121|0.0034||171.10|19|165.65|13
GME211217C00350000|1.50|1.51|1.30|1.40|1.45|37|0.05|0.0357|23|1013|1|30|0.0030|0.0002|0.0002|-0.0121|0.0033||1.73|75|1.40|37
GME211217P00350000||||133.85|133.85|37|0.00|0.0000|0|4|0|0|-0.9973|0.0002|-0.1437|-0.0104|0.0029||180.95|13|175.35|13
GME211217C00360000|1.30|1.43|1.25|1.37|1.43|38|0.06|0.0438|-4|304|1|12|0.0019|0.0001|0.0001|-0.0086|0.0021||1.55|15|1.30|51
GME211217P00360000||||||38|||0|0|0|0|-0.9977|0.0002|-0.1478|-0.0088|0.0025||190.85|21|185.35|19
GME211217C00370000|1.24|1.40|1.24|1.45|1.40|39|-0.05|-0.0345|0|447|3|13|0.0023|0.0002|0.0002|-0.0098|0.0026||1.53|56|1.25|39
GME211217P00370000||||172.65|172.65|39|0.00|0.0000|0|3|0|0|-0.9974|0.0002|-0.1620|-0.0102|0.0029||200.75|21|195.35|19
GME211217C00380000||||1.20|1.20|40|0.00|0.0000|-1|168|0|0|0.0014|0.0001|0.0001|-0.0069|0.0017||1.53|38|1.20|12
GME211217P00380000|208.83|208.83|208.83|165.60|208.83|40|43.23|0.2611|0|17|1|1|-0.9984|0.0001|-0.1561|-0.0062|0.0018||210.70|16|205.35|37
GME211217C00390000|1.18|1.18|1.18|1.18|1.18|41|0.00|0.0000|1|193|1|2|0.0013|0.0001|0.0001|-0.0062|0.0015||1.53|93|1.10|45
GME211217P00390000||||||41|||0|0|0|0|-0.9986|0.0001|-0.1602|-0.0057|0.0016||220.60|3|215.10|12
GME211217C00400000|1.12|1.12|0.90|1.08|1.02|42|-0.06|-0.0556|19|1185|9|48|0.0010|0.0001|0.0001|-0.0050|0.0012||1.23|17|1.06|21
GME211217P00400000||||198.90|198.90|42|0.00|0.0000|0|3|0|0|-0.9987|0.0001|-0.1643|-0.0051|0.0015||230.60|3|225.10|12
GME211217C00410000|0.90|1.00|0.90|1.00|0.99|43|-0.01|-0.0100|1|205|1|26|0.0008|0.0001|0.0001|-0.0042|0.0010||1.23|66|0.99|35
GME211217P00410000||||190.90|190.90|43|0.00|0.0000|0|3|0|0|-0.9989|0.0001|-0.1684|-0.0044|0.0013||240.45|12|235.10|12
GME211217C00420000|1.00|1.00|1.00|0.95|1.00|44|0.05|0.0526|3|542|5|10|0.0007|0.0001|0.0000|-0.0037|0.0008||1.23|88|0.99|6
GME211217P00420000||||189.85|189.85|44|0.00|0.0000|0|16|0|0|-0.9994|0.0000|-0.1726|-0.0018|0.0007||250.40|12|245.10|12
GME211217C00430000|0.99|0.99|0.97|0.97|0.97|45|0.00|0.0000|0|208|1|11|0.0006|0.0000|0.0000|-0.0033|0.0008||1.23|39|0.69|56
GME211217P00430000||||244.20|244.20|45|0.00|0.0000|0|0|0|0|-0.9404|0.0014|-0.6120|-0.0959|0.0781||260.30|12|255.10|12
GME211217C00440000||||1.15|1.15|46|0.00|0.0000|0|472|0|0|0.0005|0.0000|0.0000|-0.0029|0.0006||1.23|41|0.90|1
GME211217P00440000||||||46|||0|0|0|0|-0.9996|0.0000|-0.1808|-0.0008|0.0005||270.25|12|265.05|12
GME211217C00450000|0.60|0.75|0.60|0.79|0.75|47|-0.04|-0.0506|2|686|2|6|0.0004|0.0000|0.0000|-0.0023|0.0005||1.07|40|0.62|78
GME211217P00450000||||||47|||0|0|0|0|-0.9996|0.0000|-0.1849|-0.0006|0.0005||280.25|10|275.00|12
GME211217C00460000|0.74|0.74|0.74|0.76|0.74|48|-0.02|-0.0263|2|1138|17|17|0.0004|0.0000|0.0000|-0.0023|0.0005||1.06|13|0.85|8
GME211217P00460000||||261.60|261.60|48|0.00|0.0000|0|5|0|0|-0.9479|0.0012|-0.6571|-0.0887|0.0702||290.25|12|285.00|12
GME211217C00470000|0.65|0.65|0.65|0.78|0.65|49|-0.13|-0.1667|1|190|2|2|0.0207|0.0007|0.0013|-0.1271|0.0175||1.06|33|0.60|32
GME211217P00470000||||||49||||0|0|0|-1.0000|0.0000|-0.1931|0.0016|0.0000||300.05|12|293.95|12
GME211217C00480000||||0.60|0.60|50|0.00|0.0000|16|240|0|0|0.0166|0.0005|0.0010|-0.1037|0.0145||1.06|14|0.56|39
GME211217P00480000||||264.21|264.21|50|0.00|0.0000|0|7|0|0|-0.9844|0.0005|-0.1963|-0.0955|0.0137||310.00|12|303.95|12
GME211217C00490000|0.66|0.78|0.52|0.52|0.78|51|0.26|0.5000|8|105|6|12|0.0269|0.0007|0.0016|-0.1721|0.0218||1.06|36|0.54|32
GME211217P00490000||||274.04|274.04|51|0.00|0.0000|0|7|0|0|-0.9858|0.0005|-0.2005|-0.0887|0.0127||319.95|12|313.60|12
GME211217C00500000|0.70|0.80|0.60|0.50|0.80|52|0.30|0.6000|-47|2441|1|7|0.0137|0.0005|0.0008|-0.0885|0.0123||0.75|6|0.51|13
GME211217P00500000||||290.05|290.05|52|0.00|0.0000|0|7|0|0|-0.7731|0.0020|-0.6891|-0.4356|0.1987||329.95|12|323.90|12
GME211217C00510000|0.61|0.66|0.42|0.53|0.65|53|0.12|0.2264|25|1391|1|246|0.0249|0.0007|0.0015|-0.1643|0.0204||0.70|4|0.62|1
GME211217P00510000||||277.97|277.97|53|0.00|0.0000|0|0|0|0|-0.9958|0.0002|-0.2093|-0.0256|0.0044||339.95|12|333.90|12
GME211223C00100000||||80.77|80.77|11|0.00|0.0000|0|14|0|0|0.8752|0.0018|0.0393|-0.5721|0.0854||77.25|12|72.70|16
GME211223P00100000|1.13|1.41|1.01|0.88|1.38|11|0.50|0.5682|8|124|2|25|-0.0322|0.0013|-0.0037|-0.0967|0.0299||1.65|13|1.20|13
GME211223C00110000||||||10||||0|0|0|1.0000|0.0000|0.0633|-0.0004|0.0000||68.05|14|63.20|19
GME211223P00110000|1.52|1.86|1.43|1.33|1.83|10|0.50|0.3759|9|37|2|19|-0.0522|0.0020|-0.0060|-0.1355|0.0443||2.17|16|1.61|2
GME211223C00120000||||103.35|103.35|9|0.00|0.0000|0|1|0|0|0.8349|0.0010|0.0222|-1.4714|0.1031||58.50|13|54.00|13
GME211223P00120000|2.80|2.80|2.80|1.15|2.80|9|1.65|1.4348|0|25|1|1|-0.0498|0.0025|-0.0058|-0.0971|0.0437||3.10|38|1.86|26
GME211223C00130000||||||8||||0|0|0|1.0000|0.0000|0.0784|-0.0005|0.0000||49.95|14|45.15|15
GME211223P00130000|3.71|3.71|3.64|2.69|3.64|8|0.95|0.3532|70|142|1|6|-0.1194|0.0042|-0.0137|-0.2255|0.0827||4.50|47|3.15|37
GME211223C00140000||||||7||||0|0|0|1.0000|0.0000|0.0805|-0.0005|0.0000||41.75|13|36.95|14
GME211223P00140000||||4.40|4.40|7|0.00|0.0000|2|42|0|0|-0.1547|0.0058|-0.0175|-0.2309|0.0988||7.20|23|4.75|10
GME211223C00145000||||||6||||0|0|0|1.0000|0.0000|0.0834|-0.0005|0.0000||37.70|20|33.15|16
GME211223P00145000||||||6||||0|0|0|0.0000|0.0000|0.0000|0.0000|0.0000||7.90|28|5.95|20
GME211223C00150000|28.10|28.10|28.10|55.90|28.10|5|-27.80|-0.4973|0|4|14|17|0.7138|0.0026|0.0388|-0.9939|0.1446||33.85|13|29.60|16
GME211223P00150000|6.60|9.65|6.60|6.07|8.10|5|2.03|0.3344|-6|200|1|20|-0.2479|0.0070|-0.0305|-0.3240|0.1345||8.80|27|7.25|16
GME211223C00155000|29.20|29.20|29.20|57.05|29.20|4|-27.85|-0.4882|0|10|1|1|0.6924|0.0063|0.0510|-0.4664|0.1459||30.30|16|26.30|16
GME211223P00155000|9.85|9.85|9.85|9.30|9.85|4|0.55|0.0591|16|127|8|8|-0.2870|0.0077|-0.0354|-0.3409|0.1448||11.30|36|8.90|51
GME211223C00160000|23.28|23.31|23.28|53.80|23.31|3|-30.49|-0.5667|0|12|1|2|0.6879|0.0026|0.0373|-1.0809|0.1504||27.25|16|23.20|22
GME211223P00160000|11.83|12.40|11.83|9.45|12.10|3|2.65|0.2804|1|62|1|20|-0.3328|0.0081|-0.0397|-0.3859|0.1508||13.55|37|10.90|9
GME211223C00165000|20.45|21.50|20.45|20.45|21.50|2|1.05|0.0513|0|0|1|2|0.6262|0.0081|0.0495|-0.4199|0.1577||24.55|47|20.45|46
GME211223P00165000||||11.60|11.60|2|0.00|0.0000|0|21|0|0|-0.3759|0.0084|-0.0454|-0.4091|0.1576||15.95|29|13.05|8
GME211223C00170000|18.25|19.95|18.00|25.94|19.50|1|-6.44|-0.2483|0|15|1|12|0.5809|0.0082|0.0461|-0.4449|0.1622||21.80|32|18.70|25
GME211223P00170000|16.83|17.67|16.05|14.35|17.65|1|3.30|0.2300|0|33|1|30|-0.4191|0.0083|-0.0515|-0.4357|0.1623||18.50|28|14.55|29
GME211223C00175000|23.00|23.00|16.00|19.00|17.70|1|-1.30|-0.0684|0|3|1|23|0.5218|0.0107|0.0439|-0.3535|0.1653||18.90|15|17.15|1
GME211223P00175000|16.28|20.69|16.28|15.02|20.10|1|5.08|0.3382|-6|48|1|9|-0.4646|0.0093|-0.0567|-0.4046|0.1654||21.00|33|17.85|34
