symbol|open|high|low|preClose|close|activeLevel|change|changeRatio|openIntChange|openInterest|latestPriceVol|volume|delta|gamma|rho|theta|vega|tradeStamptradeTime|ask|avol|bid|bvol
GME211210C00100000|67.07|72.35|67.00|65.54|67.00|11|1.46|0.0223|1|2|1|15|0.9486|0.0017|0.0123|-0.6639|0.0210||72.95|17|68.45|11
GME211210P00100000|1.49|2.05|1.23|1.45|1.60|11|0.15|0.1034|481|720|5|2085|-0.0491|0.0016|-0.0013|-0.6295|0.0203||1.65|10|1.55|10
GME211210C00110000||||76.13|76.13|10|0.00|0.0000|0|2|0|0|0.8326|0.0020|0.0089|-3.1457|0.0500||63.40|13|58.70|5
GME211210P00110000|1.65|2.30|1.65|1.80|1.87|10|0.07|0.0389|89|304|1|639|-0.0636|0.0023|-0.0017|-0.6836|0.0249||2.02|2|1.85|2
GME211210C00120000||||56.97|56.97|9|0.00|0.0000|0|1|0|0|0.8474|0.0032|0.0119|-1.7539|0.0471||53.95|17|49.10|16
GME211210P00120000|2.50|2.90|2.03|2.43|2.30|9|-0.13|-0.0535|529|792|1|929|-0.0818|0.0032|-0.0022|-0.7245|0.0302||2.47|6|2.19|16
GME211210C00130000|38.97|43.65|38.97|38.97|41.19|8|2.22|0.0570|0|0|1|11|0.9185|0.0042|0.0157|-0.5425|0.0301||44.70|16|39.75|15
GME211210P00130000|3.25|3.85|2.80|3.10|3.05|8|-0.05|-0.0161|414|845|1|455|-0.1097|0.0043|-0.0029|-0.8233|0.0378||3.30|15|2.71|26
GME211210C00140000|30.25|31.00|30.25|29.50|31.00|7|1.50|0.0508|5|34|1|16|0.9071|0.0061|0.0168|-0.4510|0.0332||35.90|16|30.80|15
GME211210P00140000|4.70|5.50|3.65|4.30|4.05|7|-0.25|-0.0581|290|731|6|519|-0.1622|0.0063|-0.0043|-0.9495|0.0490||4.30|9|3.85|14
GME211210C00145000|28.00|28.00|25.50|24.75|27.05|6|2.30|0.0929|8|8|1|14|0.8539|0.0080|0.0161|-0.6561|0.0457||31.55|22|26.65|20
GME211210P00145000|5.25|6.55|4.74|5.20|5.00|6|-0.20|-0.0385|108|123|1|198|-0.1975|0.0074|-0.0052|-1.0401|0.0555||5.30|14|4.65|15
GME211210C00150000|25.89|26.40|22.00|24.62|22.00|5|-2.62|-0.1064|53|73|1|35|0.8351|0.0102|0.0164|-0.6037|0.0495||27.45|22|23.65|17
GME211210P00150000|6.90|8.20|5.60|6.25|6.04|5|-0.21|-0.0336|435|895|1|614|-0.2335|0.0087|-0.0062|-1.0769|0.0611||6.55|16|5.65|34
GME211210C00155000|21.89|23.00|21.89|23.55|23.00|4|-0.55|-0.0234|13|58|1|3|0.7034|0.0089|0.0132|-1.3479|0.0691||23.70|33|19.95|20
GME211210P00155000|8.20|9.73|6.99|8.00|7.40|4|-0.60|-0.0750|127|371|1|279|-0.2821|0.0098|-0.0075|-1.1621|0.0675||7.95|36|6.65|90
GME211210C00160000|18.50|19.60|15.00|21.00|18.60|3|-2.40|-0.1143|50|254|1|30|0.6610|0.0105|0.0128|-1.2816|0.0731||20.00|31|16.90|41
GME211210P00160000|10.40|11.85|8.50|9.45|9.13|3|-0.32|-0.0339|56|497|1|491|-0.3351|0.0109|-0.0090|-1.2152|0.0728||9.65|19|8.45|39
GME211210C00165000|16.50|16.50|12.35|18.15|14.10|2|-4.05|-0.2231|57|60|1|184|0.6089|0.0126|0.0122|-1.1689|0.0767||15.70|14|13.80|47
GME211210P00165000|12.95|14.18|10.30|10.85|11.00|2|0.15|0.0138|22|384|1|460|-0.3943|0.0115|-0.0107|-1.2929|0.0768||11.45|10|10.55|20
GME211210C00170000|12.80|14.60|10.00|14.85|12.15|1|-2.70|-0.1818|156|177|1|530|0.5427|0.0134|0.0110|-1.1762|0.0792||12.70|5|12.15|1
GME211210P00170000|15.35|17.00|12.00|13.48|14.20|1|0.72|0.0534|154|595|2|320|-0.4564|0.0129|-0.0123|-1.2159|0.0792||14.15|32|12.75|14
GME211210C00175000|10.15|11.91|8.30|13.46|10.00|1|-3.46|-0.2571|199|272|1|201|0.4827|0.0125|0.0098|-1.2677|0.0796||10.35|5|9.60|10
GME211210P00175000|18.75|19.50|15.38|16.00|16.00|1|0.00|0.0000|-4|518|1|191|-0.5165|0.0124|-0.0142|-1.2784|0.0796||17.40|32|15.00|49
GME211210C00177500|12.00|12.00|7.50|12.00|8.85|2|-3.15|-0.2625|20|47|1|166|0.4506|0.0126|0.0092|-1.2398|0.0790||9.40|5|8.40|16
GME211210P00177500|20.35|20.35|16.80|22.55|19.54|2|-3.01|-0.1335|32|266|18|41|-0.5497|0.0127|-0.0151|-1.2363|0.0790||19.15|31|16.55|48
GME211210C00180000|8.40|10.00|6.50|11.20|7.60|3|-3.60|-0.3214|98|404|1|488|0.4210|0.0125|0.0086|-1.2282|0.0781||8.60|19|7.60|18
GME211210P00180000|21.67|23.10|18.48|19.50|20.00|3|0.50|0.0256|-75|630|2|43|-0.5659|0.0115|-0.0159|-1.3501|0.0786||20.55|36|18.00|46
GME211210C00182500|7.53|8.70|6.00|9.20|6.25|4|-2.95|-0.3207|82|148|1|97|0.3771|0.0131|0.0079|-1.0980|0.0758||8.20|62|6.75|27
GME211210P00182500|21.20|23.00|21.20|26.97|21.20|4|-5.77|-0.2139|27|232|2|12|-0.5986|0.0117|-0.0168|-1.2813|0.0772||22.20|24|20.05|14
GME211210C00185000|7.00|8.00|5.30|9.00|7.20|5|-1.80|-0.2000|114|246|1|482|0.3541|0.0124|0.0074|-1.1129|0.0743||6.85|27|5.90|74
GME211210P00185000|24.00|26.95|22.09|22.22|26.37|5|4.15|0.1868|13|469|100|113|-0.5809|0.0093|-0.0171|-1.6469|0.0780||24.00|15|21.25|49
GME211210C00187500|5.05|7.00|4.70|8.15|5.75|6|-2.40|-0.2945|18|82|1|64|0.3424|0.0114|0.0071|-1.1834|0.0734||6.15|21|5.60|17
GME211210P00187500|24.95|28.00|24.95|29.08|28.00|6|-1.08|-0.0371|3|259|3|7|-0.6031|0.0092|-0.0178|-1.6164|0.0770||25.80|16|23.50|17
GME211210C00190000|6.42|6.71|4.25|8.00|5.20|7|-2.80|-0.3500|151|350|4|320|0.3177|0.0110|0.0066|-1.1514|0.0712||5.50|16|5.05|10
GME211210P00190000|27.48|30.38|26.60|29.43|29.38|7|-0.05|-0.0017|14|512|1|14|-0.6871|0.0112|-0.0195|-1.1209|0.0707||27.85|17|26.00|1
GME211210C00192500|5.25|5.85|4.05|6.25|5.09|8|-1.16|-0.1856|0|88|2|45|0.2952|0.0106|0.0061|-1.1225|0.0689||5.45|57|4.40|45
GME211210P00192500|30.60|30.60|27.83|35.21|27.83|8|-7.38|-0.2096|4|122|2|7|-0.7133|0.0108|-0.0204|-1.0699|0.0680||30.20|18|27.60|9
GME211210C00195000|6.25|6.25|3.50|6.43|4.30|9|-2.13|-0.3313|42|292|1|148|0.2804|0.0100|0.0058|-1.1296|0.0673||4.40|3|4.05|14
GME211210P00195000|31.53|33.73|29.13|35.56|29.13|9|-6.43|-0.1808|18|303|1|11|-0.7549|0.0107|-0.0215|-0.9236|0.0628||32.35|21|29.50|11
GME211210C00197500|4.90|4.90|3.24|6.00|3.58|10|-2.42|-0.4033|21|127|1|99|0.2401|0.0099|0.0051|-0.9734|0.0621||4.40|51|3.55|24
GME211210P00197500|34.54|34.54|31.95|36.83|33.48|10|-3.35|-0.0910|1|120|4|15|-0.7171|0.0092|-0.0212|-1.2390|0.0675||34.35|20|30.00|37
GME211210C00200000|4.30|5.20|2.84|5.67|3.35|11|-2.32|-0.4092|954|1728|1|1423|0.2341|0.0093|0.0049|-1.0115|0.0612||3.50|1|3.20|19
GME211210P00200000|36.41|39.35|35.85|43.50|38.03|11|-5.47|-0.1257|19|699|2|26|-0.6859|0.0080|-0.0211|-1.5671|0.0708||36.50|12|32.50|20
GME211210C00202500|4.30|4.35|2.59|5.15|3.05|12|-2.10|-0.4078|17|94|2|86|0.2148|0.0089|0.0045|-0.9631|0.0583||3.35|17|2.94|19
GME211210P00202500||||45.70|45.70|12|0.00|0.0000|-13|35|0|0|-0.6226|0.0063|-0.0207|-2.2764|0.0759||39.00|21|34.60|16
GME211210C00205000|3.50|3.85|2.36|4.74|2.90|13|-1.84|-0.3882|69|238|1|200|0.1987|0.0084|0.0042|-0.9259|0.0557||2.85|5|2.68|6
GME211210P00205000|41.48|41.48|41.48|38.52|41.48|13|2.96|0.0768|4|180|1|1|-0.7284|0.0078|-0.0226|-1.4170|0.0662||41.25|32|36.40|24
GME211210C00207500|3.00|3.35|2.32|4.00|2.47|14|-1.53|-0.3825|4|82|1|31|0.1763|0.0079|0.0037|-0.8438|0.0517||2.82|22|2.38|31
GME211210P00207500|42.18|42.53|42.18|49.37|42.53|14|-6.84|-0.1385|6|26|5|6|-0.7662|0.0077|-0.0236|-1.2141|0.0612||43.45|18|38.90|25
GME211210C00210000|2.99|3.21|2.00|4.02|2.39|15|-1.63|-0.4055|23|359|1|256|0.1751|0.0075|0.0037|-0.8834|0.0515||2.58|11|2.26|9
GME211210P00210000|44.42|46.60|42.55|47.00|46.60|15|-0.40|-0.0085|29|141|2|29|-0.7374|0.0071|-0.0235|-1.4994|0.0651||45.70|17|41.40|13
GME211210C00212500|2.92|2.96|1.91|3.05|2.00|16|-1.05|-0.3443|8|88|1|29|0.1487|0.0070|0.0032|-0.7629|0.0463||2.35|5|2.03|45
GME211210P00212500|48.25|48.25|48.25|44.38|48.25|16|3.87|0.0872|1|38|1|1|-0.7601|0.0070|-0.0243|-1.3893|0.0621||47.95|17|42.95|15
GME211210C00215000|3.35|3.35|1.78|3.50|2.00|17|-1.50|-0.4286|50|216|1|106|0.1505|0.0067|0.0032|-0.8117|0.0467||2.29|24|1.87|34
GME211210P00215000|52.12|52.12|52.12|50.45|52.12|17|1.67|0.0331|41|73|1|1|-0.7375|0.0065|-0.0243|-1.6419|0.0651||50.15|12|45.15|19
GME211210C00217500|3.20|3.20|1.63|2.86|1.63|18|-1.23|-0.4301|5|35|1|13|0.1256|0.0062|0.0027|-0.6876|0.0412||2.07|11|1.75|34
GME211210P00217500|53.30|53.30|53.30|49.60|53.30|18|3.70|0.0746|10|37|1|1|-0.7681|0.0064|-0.0251|-1.4491|0.0609||52.20|15|47.40|28
GME211210C00220000|2.95|2.95|1.50|3.00|1.77|19|-1.23|-0.4100|8|421|1|409|0.1258|0.0060|0.0027|-0.7188|0.0413||1.93|14|1.66|17
GME211210P00220000|54.50|54.85|54.32|55.33|54.32|19|-1.01|-0.0183|9|165|2|5|-0.8065|0.0063|-0.0262|-1.1978|0.0548||54.70|21|49.90|20
GME211210C00222500|2.64|2.64|1.47|2.00|1.70|20|-0.30|-0.1500|4|92|1|30|0.1224|0.0057|0.0026|-0.7247|0.0405||1.91|31|1.50|34
GME211210P00222500||||42.95|42.95|20|0.00|0.0000|1|39|0|0|-0.9963|0.0007|-0.0304|-0.0176|0.0022||57.00|11|52.20|18
GME211210C00225000|2.60|2.60|1.27|2.70|1.60|21|-1.10|-0.4074|124|472|1|156|0.1154|0.0054|0.0024|-0.7043|0.0389||1.73|22|1.48|6
GME211210P00225000|54.45|61.85|54.45|63.55|61.85|21|-1.70|-0.0268|15|477|1|2|-0.7588|0.0057|-0.0261|-1.7055|0.0622||59.40|11|54.60|24
GME211210C00227500|2.19|2.19|1.36|2.10|1.42|22|-0.68|-0.3238|11|35|1|14|0.1051|0.0050|0.0022|-0.6572|0.0363||1.68|20|1.38|19
GME211210P00227500||||34.06|34.06|22|0.00|0.0000|0|35|0|0|-1.0000|0.0000|-0.0312|0.0006|0.0000||61.90|11|57.00|16
GME211210C00230000|2.02|2.02|1.15|2.40|1.43|23|-0.97|-0.4042|75|470|1|182|0.1024|0.0048|0.0022|-0.6611|0.0357||1.55|15|1.32|14
GME211210P00230000||||63.29|63.29|23|0.00|0.0000|-18|20|0|0|-0.8468|0.0053|-0.0284|-1.0454|0.0472||64.40|11|59.50|17
GME211210C00232500|1.97|1.97|1.20|1.90|1.22|24|-0.68|-0.3579|22|55|1|16|0.0918|0.0045|0.0019|-0.6053|0.0329||1.50|17|1.23|21
GME211210P00232500||||68.97|68.97|24|0.00|0.0000|-1|5|0|0|-0.7757|0.0052|-0.0275|-1.7082|0.0598||66.90|5|62.00|10
GME211210C00235000|2.04|2.04|1.09|2.11|1.30|25|-0.81|-0.3839|-34|864|1|116|0.0935|0.0044|0.0020|-0.6375|0.0333||1.44|17|1.19|21
GME211210P00235000||||74.05|74.05|25|0.00|0.0000|-3|32|0|0|-0.7346|0.0049|-0.0272|-2.1784|0.0654||69.40|6|64.50|16
GME211210C00237500|1.67|1.67|1.26|2.00|1.35|26|-0.65|-0.3250|1|20|1|3|0.1004|0.0044|0.0021|-0.6994|0.0355||1.35|38|1.09|23
GME211210P00237500||||76.45|76.45|26|0.00|0.0000|-1|24|0|0|-0.7391|0.0048|-0.0276|-2.1881|0.0649||71.90|6|67.00|16
GME211210C00240000|1.58|1.67|0.96|1.91|1.11|27|-0.80|-0.4188|-15|302|2|134|0.0838|0.0040|0.0018|-0.6000|0.0307||1.29|16|1.08|19
GME211210P00240000|74.06|74.06|73.25|79.00|73.25|27|-5.75|-0.0728|-3|31|1|2|-0.8975|0.0043|-0.0307|-0.7480|0.0357||74.40|4|69.50|15
GME211210C00245000|1.42|1.45|0.90|1.80|0.98|28|-0.82|-0.4556|16|182|1|109|0.0785|0.0036|0.0017|-0.5903|0.0293||1.19|17|1.03|13
GME211210P00245000||||50.19|50.19|28|0.00|0.0000|0|23|0|0|-0.9998|0.0001|-0.0336|-0.0007|0.0002||79.40|2|74.30|14
GME211210C00250000|1.50|1.60|0.81|1.71|0.99|29|-0.72|-0.4211|563|2863|1|1943|0.0710|0.0033|0.0015|-0.5566|0.0271||1.05|3|0.98|3
GME211210P00250000|83.20|83.20|83.20|60.35|83.20|29|22.85|0.3786|0|15|2|2|-0.8590|0.0043|-0.0314|-1.1698|0.0451||84.40|3|79.20|14
GME211210C00255000|1.33|1.33|0.58|1.61|0.96|30|-0.65|-0.4037|12|73|32|254|0.0669|0.0031|0.0014|-0.5477|0.0259||1.02|11|0.86|20
GME211210P00255000||||40.40|40.40|30|0.00|0.0000|0|5|0|0|-1.0000|0.0000|-0.0349|0.0008|0.0000||89.40|2|84.05|14
GME211210C00260000|1.45|1.45|0.73|1.44|0.86|31|-0.58|-0.4028|-82|892|1|1285|0.0619|0.0028|0.0013|-0.5271|0.0244||0.95|10|0.78|4
GME211210P00260000||||69.85|69.85|31|0.00|0.0000|0|22|0|0|-0.9992|0.0001|-0.0356|-0.0051|0.0005||94.25|2|89.00|15
GME211210C00270000|0.88|1.15|0.64|1.30|0.75|32|-0.55|-0.4231|-13|180|1|304|0.0520|0.0024|0.0011|-0.4744|0.0212||0.85|11|0.68|8
GME211210P00270000||||103.46|103.46|32|0.00|0.0000|1|15|0|0|-0.8697|0.0035|-0.0344|-1.2745|0.0423||104.05|12|99.05|12
GME211210C00280000|1.14|1.14|0.57|1.08|0.76|33|-0.32|-0.2963|17|259|1|64|0.0499|0.0022|0.0011|-0.4839|0.0207||0.76|11|0.62|12
GME211210P00280000||||112.20|112.20|33|0.00|0.0000|5|6|0|0|-0.9067|0.0029|-0.0365|-0.9465|0.0333||115.00|12|108.90|16
GME211210C00290000|1.09|1.09|0.54|1.10|0.66|34|-0.44|-0.4000|384|555|2|61|0.0427|0.0019|0.0009|-0.4418|0.0182||0.75|18|0.51|12
GME211210P00290000||||82.25|82.25|34|0.00|0.0000|0|7|0|0|-1.0000|0.0000|-0.0397|0.0007|0.0000||124.00|16|118.95|12
GME211210C00300000|0.90|0.95|0.43|1.00|0.62|35|-0.38|-0.3800|291|1210|1|884|0.0383|0.0017|0.0008|-0.4171|0.0166||0.63|10|0.62|8
GME211210P00300000||||76.00|76.00|35|0.00|0.0000|0|14|0|0|-1.0000|0.0000|-0.0411|0.0010|0.0000||134.30|16|128.90|12
GME211210C00310000|0.93|0.93|0.45|1.00|0.54|36|-0.46|-0.4600|19|283|2|75|0.0345|0.0015|0.0007|-0.3954|0.0153||0.89|44|0.54|5
GME211210P00310000||||83.61|83.61|36|0.00|0.0000|0|4|0|0|-1.0000|0.0000|-0.0425|0.0005|0.0000||143.85|9|138.90|12
GME211210C00320000|1.10|1.10|0.44|0.90|0.51|37|-0.39|-0.4333|1|277|2|80|0.0329|0.0014|0.0007|-0.3942|0.0147||0.56|16|0.49|8
GME211210P00320000||||89.47|89.47|37|0.00|0.0000|0|3|0|0|-1.0000|0.0000|-0.0438|0.0010|0.0000||154.70|12|148.90|16
GME211210C00330000|0.73|0.73|0.42|0.80|0.48|38|-0.32|-0.4000|3|249|1|224|0.0296|0.0012|0.0006|-0.3697|0.0134||0.53|89|0.45|8
GME211210P00330000||||||38||||0|0|0|-1.0000|0.0000|-0.0452|0.0011|0.0000||164.35|11|158.90|12
GME211210C00340000|0.75|0.78|0.34|0.82|0.34|39|-0.48|-0.5854|44|131|1|63|0.0222|0.0010|0.0005|-0.2871|0.0106||0.48|27|0.33|6
GME211210P00340000||||||39||||0|0|0|-1.0000|0.0000|-0.0466|0.0011|0.0000||173.85|11|168.90|12
GME211210C00350000|0.65|0.79|0.33|0.77|0.41|40|-0.36|-0.4675|62|499|1|304|0.0248|0.0010|0.0005|-0.3339|0.0116||0.44|17|0.36|2
GME211210P00350000||||||40||||0|0|0|-1.0000|0.0000|-0.0479|0.0011|0.0000||183.80|11|178.90|12
GME211210C00360000|0.61|0.61|0.31|0.77|0.36|41|-0.41|-0.5325|4|89|1|79|0.0219|0.0009|0.0005|-0.3046|0.0104||0.41|18|0.31|13
GME211210P00360000||||||41||||0|0|0|-1.0000|0.0000|-0.0493|0.0012|0.0000||194.55|12|188.90|16
GME211210C00370000|0.30|0.30|0.29|0.73|0.29|42|-0.44|-0.6027|17|38|1|2|0.0181|0.0008|0.0004|-0.2598|0.0089||0.82|21|0.29|16
GME211210P00370000||||||42||||0|0|0|-1.0000|0.0000|-0.0507|0.0012|0.0000||204.30|9|198.90|9
GME211210C00380000|0.70|0.70|0.30|0.66|0.30|43|-0.36|-0.5455|7|57|1|3|0.0181|0.0007|0.0004|-0.2683|0.0089||0.33|5|0.25|16
GME211210P00380000||||||43||||0|0|0|-1.0000|0.0000|-0.0521|0.0012|0.0000||214.25|16|208.90|12
GME211210C00390000|0.56|0.56|0.26|0.60|0.30|44|-0.30|-0.5000|27|79|1|114|0.0177|0.0007|0.0004|-0.2700|0.0087||0.30|5|0.26|13
GME211210P00390000||||||44||||0|0|0|-1.0000|0.0000|-0.0534|0.0013|0.0000||224.45|12|218.90|16
GME211210C00400000|0.54|0.54|0.20|0.54|0.27|45|-0.27|-0.5000|108|528|5|133|0.0160|0.0006|0.0003|-0.2502|0.0080||0.29|7|0.22|12
GME211210P00400000||||||45||||0|0|0|-1.0000|0.0000|-0.0548|0.0013|0.0000||234.40|12|228.95|16
GME211210C00410000|0.29|0.29|0.23|0.53|0.25|46|-0.28|-0.5283|11|70|1|44|0.0148|0.0006|0.0003|-0.2368|0.0075||0.26|5|0.24|1
GME211210P00410000||||||46||||0|0|0|-1.0000|0.0000|-0.0562|0.0013|0.0000||244.40|12|238.95|12
GME211210C00420000|0.48|0.48|0.21|0.49|0.25|47|-0.24|-0.4898|7|178|1|75|0.0134|0.0005|0.0003|-0.2197|0.0069||0.24|1|0.22|6
GME211210P00420000||||||47||||0|0|0|-1.0000|0.0000|-0.0575|0.0014|0.0000||253.90|16|248.95|12
GME211210C00430000|0.98|0.98|0.20|0.50|0.20|48|-0.30|-0.6000|2|306|1|6|0.0120|0.0005|0.0002|-0.2006|0.0062||0.74|18|0.20|1
GME211210P00430000||||||48||||0|0|0|-1.0000|0.0000|-0.0589|0.0014|0.0000||264.35|12|258.95|13
GME211210C00440000|0.35|0.42|0.20|0.44|0.22|49|-0.22|-0.5000|13|80|1|14|0.0126|0.0005|0.0003|-0.2172|0.0065||0.23|7|0.17|1
GME211210P00440000||||||49||||0|0|0|-1.0000|0.0000|-0.0603|0.0014|0.0000||274.30|12|268.15|10
GME211210C00450000|0.47|0.47|0.15|0.40|0.17|50|-0.23|-0.5750|8|296|4|559|0.0101|0.0004|0.0002|-0.1769|0.0054||0.17|87|0.16|1
GME211210P00450000||||||50||||0|0|0|-1.0000|0.0000|-0.0616|0.0015|0.0000||284.30|5|278.15|10
GME211210C00460000|0.36|0.36|0.12|0.40|0.19|51|-0.21|-0.5250|48|66|1|104|0.0109|0.0004|0.0002|-0.1950|0.0057||0.28|11|0.01|35
GME211210P00460000||||||51||||0|0|0|-1.0000|0.0000|-0.0630|0.0015|0.0000||294.30|4|288.20|12
GME211210C00470000|0.35|0.35|0.16|0.37|0.16|52|-0.21|-0.5676|1|23|1|211|0.0094|0.0004|0.0002|-0.1709|0.0050||0.56|17|0.12|100
GME211210P00470000||||||52||||0|0|0|-1.0000|0.0000|-0.0644|0.0015|0.0000||304.25|5|298.15|10
GME211210C00480000|0.31|0.48|0.15|0.40|0.15|53|-0.25|-0.6250|40|73|1|24|0.0088|0.0003|0.0002|-0.1626|0.0047||0.20|1|0.10|1
GME211210P00480000||||||53||||0|0|0|-1.0000|0.0000|-0.0658|0.0016|0.0000||314.25|5|308.15|10
GME211210C00490000|0.50|0.50|0.15|0.35|0.18|54|-0.17|-0.4857|8|101|3|44|0.0100|0.0004|0.0002|-0.1886|0.0053||0.23|5|0.08|5
GME211210P00490000||||||54||||0|0|0|-1.0000|0.0000|-0.0671|0.0016|0.0000||324.20|4|318.20|12
GME211210C00500000|0.35|0.35|0.11|0.38|0.15|55|-0.23|-0.6053|43|893|1|116|0.0085|0.0003|0.0002|-0.1636|0.0046||0.20|1|0.10|5
GME211210P00500000||||||55||||0|0|0|-1.0000|0.0000|-0.0685|0.0016|0.0000||334.20|5|328.20|10
GME211210C00510000|0.30|0.34|0.11|0.35|0.14|56|-0.21|-0.6000|329|2355|1|826|0.0075|0.0003|0.0002|-0.1459|0.0041||0.14|28|0.13|5
GME211210P00510000||||||56||||0|0|0|-1.0000|0.0000|-0.0699|0.0017|0.0000||344.20|4|338.20|10
GME211217C00080000||||94.56|94.56|18|0.00|0.0000|0|2|0|0|0.9307|0.0012|0.0208|-0.6383|0.0416||91.95|4|88.30|10
GME211217P00080000|1.30|1.60|1.00|1.28|1.40|18|0.12|0.0938|256|606|1|423|-0.0334|0.0009|-0.0023|-0.2507|0.0230||1.47|1|1.32|11
GME211217C00085000||||95.85|95.85|17|0.00|0.0000|0|1|0|0|0.8936|0.0013|0.0183|-1.1059|0.0568||86.95|6|83.45|10
GME211217P00085000|1.75|1.77|1.52|1.39|1.56|17|0.17|0.1223|-1|120|1|12|-0.0385|0.0011|-0.0026|-0.2685|0.0259||1.84|17|1.46|1
GME211217C00090000||||137.00|137.00|16|0.00|0.0000|0|4|0|0|0.8853|0.0007|0.0104|-2.2037|0.0605||82.10|7|78.60|10
GME211217P00090000|1.88|1.98|1.57|1.47|1.78|16|0.31|0.2109|73|141|1|42|-0.0451|0.0013|-0.0031|-0.2919|0.0294||1.97|23|1.57|28
GME211217C00100000|67.18|67.18|67.18|79.69|67.18|15|-12.51|-0.1570|0|50|3|3|0.9992|0.0001|0.0328|-0.0037|0.0009||72.40|8|69.00|12
GME211217P00100000|2.04|2.41|1.85|1.90|2.14|15|0.24|0.1263|387|1051|4|441|-0.0010|0.0001|-0.0001|-0.0041|0.0010||2.10|1|1.98|3
GME211217C00105000||||66.05|66.05|14|0.00|0.0000|0|1|0|0|0.9982|0.0002|0.0344|-0.0075|0.0018||67.45|13|64.20|12
GME211217P00105000|2.50|2.55|2.30|2.36|2.30|14|-0.06|-0.0254|13|153|1|9|-0.0019|0.0002|-0.0001|-0.0076|0.0019||2.61|25|2.20|2
GME211217C00110000||||73.25|73.25|13|0.00|0.0000|0|1|0|0|0.9973|0.0003|0.0360|-0.0102|0.0026||62.70|13|59.45|10
GME211217P00110000|2.64|3.20|2.40|2.50|2.84|13|0.34|0.1360|0|354|5|134|-0.0039|0.0004|-0.0002|-0.0139|0.0036||2.50|1|2.34|18
GME211217C00115000||||112.11|112.11|12|0.00|0.0000|0|2|0|0|0.9943|0.0006|0.0375|-0.0189|0.0050||58.00|13|54.80|12
GME211217P00115000|3.30|3.45|2.64|2.87|2.78|12|-0.09|-0.0314|18|180|1|47|-0.0076|0.0007|-0.0005|-0.0252|0.0065||2.99|14|2.61|19
GME211217C00120000||||44.77|44.77|11|0.00|0.0000|5|56|0|0|0.9890|0.0011|0.0388|-0.0332|0.0090||53.40|13|50.20|12
GME211217P00120000|3.60|3.95|2.92|3.25|3.19|11|-0.06|-0.0185|170|328|1|253|-0.0139|0.0013|-0.0008|-0.0420|0.0110||3.45|12|3.00|17
GME211217C00125000||||79.68|79.68|10|0.00|0.0000|0|35|0|0|0.9778|0.0019|0.0398|-0.0610|0.0164||48.90|13|45.70|12
GME211217P00125000|4.70|4.90|3.40|4.41|3.75|10|-0.66|-0.1497|148|355|1|556|-0.0257|0.0021|-0.0015|-0.0710|0.0185||3.95|17|3.40|23
GME211217C00130000|39.61|39.61|39.61|43.52|39.61|9|-3.91|-0.0898|0|10|1|1|0.9630|0.0030|0.0405|-0.0921|0.0250||44.55|8|41.35|16
GME211217P00130000|5.00|5.55|4.20|5.00|4.20|9|-0.80|-0.1600|129|335|1|109|-0.0421|0.0032|-0.0025|-0.1055|0.0278||4.70|13|4.00|27
GME211217C00135000|35.61|35.61|35.61|36.02|35.61|8|-0.41|-0.0114|0|3|1|1|0.9386|0.0044|0.0407|-0.1383|0.0375||40.30|13|37.10|12
GME211217P00135000|5.78|6.34|5.50|6.65|5.70|8|-0.95|-0.1429|2|151|1|18|-0.0651|0.0046|-0.0039|-0.1475|0.0393||5.30|12|4.60|27
GME211217C00140000|33.50|33.50|33.50|34.60|33.50|7|-1.10|-0.0318|1|149|1|1|0.9087|0.0061|0.0405|-0.1844|0.0508||36.20|14|33.05|13
GME211217P00140000|7.35|8.13|5.90|6.90|5.90|7|-1.00|-0.1449|102|915|2|294|-0.0981|0.0062|-0.0060|-0.2009|0.0535||6.45|21|5.50|21
GME211217C00145000||||27.00|27.00|6|0.00|0.0000|2|59|0|0|0.8649|0.0080|0.0394|-0.2458|0.0672||32.25|11|29.20|14
GME211217P00145000|8.40|9.49|7.35|8.20|7.35|6|-0.85|-0.1037|18|252|24|64|-0.1428|0.0080|-0.0087|-0.2646|0.0698||7.60|32|6.50|98
GME211217C00150000||||27.40|27.40|5|0.00|0.0000|11|82|0|0|0.8116|0.0099|0.0377|-0.3076|0.0835||28.60|11|26.10|16
GME211217P00150000|10.75|11.40|7.55|9.15|8.30|5|-0.85|-0.0929|40|1882|1|641|-0.1935|0.0098|-0.0119|-0.3206|0.0849||8.75|1|7.95|15
GME211217C00155000|24.92|24.92|24.92|20.20|24.92|4|4.72|0.2337|14|26|4|4|0.7525|0.0116|0.0357|-0.3579|0.0978||25.15|11|22.50|15
GME211217P00155000|12.65|12.90|10.55|12.49|12.15|4|-0.34|-0.0272|97|405|1|35|-0.2516|0.0115|-0.0156|-0.3697|0.0986||10.90|28|9.40|88
GME211217C00160000|22.03|22.32|19.65|22.85|20.08|3|-2.77|-0.1212|41|137|1|12|0.6863|0.0132|0.0330|-0.3986|0.1097||21.95|12|19.95|13
GME211217P00160000|13.30|15.25|11.50|14.25|11.70|3|-2.55|-0.1789|6|1046|1|82|-0.3175|0.0128|-0.0199|-0.4134|0.1103||12.80|23|11.35|24
GME211217C00165000|19.10|19.35|16.35|19.49|17.77|2|-1.72|-0.0883|-3|79|1|29|0.6345|0.0136|0.0311|-0.4327|0.1174||19.05|11|16.90|65
GME211217P00165000|16.10|17.75|13.35|15.80|14.30|2|-1.50|-0.0949|43|353|1|222|-0.3877|0.0136|-0.0245|-0.4479|0.1185||15.00|25|13.95|10
GME211217C00170000|17.25|17.45|14.45|19.50|15.50|1|-4.00|-0.2051|18|135|1|83|0.5411|0.0143|0.0266|-0.4585|0.1228||16.50|14|14.35|84
GME211217P00170000|19.15|20.45|16.00|17.60|16.86|1|-0.74|-0.0420|26|1092|1|57|-0.4583|0.0140|-0.0293|-0.4698|0.1227||17.90|22|15.30|83
GME211217C00175000|14.32|16.15|12.00|15.96|13.10|1|-2.86|-0.1792|25|208|1|48|0.4692|0.0145|0.0233|-0.4558|0.1230||14.25|31|12.60|22
GME211217P00175000|21.55|23.50|18.77|19.30|19.50|1|0.20|0.0104|65|785|40|229|-0.5279|0.0140|-0.0341|-0.4698|0.1231||20.30|20|19.05|11
GME211217C00180000|12.68|13.50|9.50|14.75|11.20|2|-3.55|-0.2407|61|503|1|573|0.4012|0.0140|0.0201|-0.4449|0.1196||11.95|8|11.20|1
GME211217P00180000|24.32|26.18|21.60|23.68|21.60|2|-2.08|-0.0878|54|1128|2|13|-0.5950|0.0137|-0.0389|-0.4562|0.1199||23.85|53|21.00|75
GME211217C00185000|10.90|12.00|8.88|12.22|9.00|3|-3.22|-0.2635|14|284|1|69|0.3384|0.0132|0.0171|-0.4228|0.1131||10.50|22|8.90|109
GME211217P00185000|28.90|29.62|25.00|27.75|25.00|3|-2.75|-0.0991|-9|246|1|23|-0.6576|0.0130|-0.0436|-0.4324|0.1136||27.10|25|24.40|72
GME211217C00187500|9.22|9.40|9.22|8.62|9.22|4|0.60|0.0696|3|42|1|4|0.3924|0.0094|0.0187|-0.6563|0.1189||9.90|50|8.55|28
GME211217P00187500||||34.50|34.50|4|0.00|0.0000|0|116|0|0|-0.5404|0.0067|-0.0414|-0.9726|0.1228||29.30|16|26.15|59
GME211217C00190000|10.50|10.50|7.65|11.00|7.71|5|-3.29|-0.2991|19|273|1|55|0.2822|0.0121|0.0143|-0.3932|0.1045||9.20|58|7.90|26
GME211217P00190000|32.80|32.80|29.02|32.96|29.02|5|-3.94|-0.1195|-15|431|1|37|-0.7118|0.0119|-0.0479|-0.4062|0.1056||31.15|21|28.00|73
GME211217C00192500|8.45|10.60|7.35|8.20|7.35|6|-0.85|-0.1037|9|39|1|11|0.3433|0.0093|0.0166|-0.6074|0.1138||8.60|58|7.10|31
GME211217P00192500||||38.40|38.40|6|0.00|0.0000|2|113|0|0|-0.5662|0.0065|-0.0442|-0.9843|0.1217||33.10|20|29.85|27
GME211217C00195000|8.00|8.35|6.68|8.75|6.68|7|-2.07|-0.2366|11|158|1|10|0.2341|0.0109|0.0120|-0.3606|0.0949||7.95|33|6.75|31
GME211217P00195000|36.78|36.78|32.38|36.79|32.38|7|-4.41|-0.1199|-32|441|1|34|-0.7602|0.0108|-0.0519|-0.3725|0.0961||35.20|21|31.80|27
GME211217C00197500|7.80|7.80|6.30|8.05|6.30|8|-1.75|-0.2174|-4|37|2|3|0.3061|0.0088|0.0149|-0.5850|0.1085||7.40|53|6.35|31
GME211217P00197500||||42.50|42.50|8|0.00|0.0000|0|93|0|0|-0.5893|0.0063|-0.0468|-0.9964|0.1203||37.25|21|33.80|25
GME211217C00200000|7.80|8.05|5.55|8.80|6.45|9|-2.35|-0.2670|716|2717|2|604|0.1939|0.0096|0.0099|-0.3278|0.0850||6.70|6|6.00|3
GME211217P00200000|39.83|39.83|35.75|40.50|38.53|9|-1.97|-0.0486|0|1919|1|51|-0.7994|0.0096|-0.0555|-0.3418|0.0867||39.20|27|35.85|24
GME211217C00202500|6.70|6.70|5.40|6.50|6.00|10|-0.50|-0.0769|-1|35|1|7|0.2847|0.0080|0.0138|-0.5971|0.1050||6.50|52|5.40|45
GME211217P00202500||||39.87|39.87|10|0.00|0.0000|3|120|0|0|-0.7011|0.0078|-0.0522|-0.6421|0.1074||41.45|22|37.95|23
GME211217C00205000|6.65|6.80|4.89|6.70|5.65|11|-1.05|-0.1567|11|64|12|31|0.2708|0.0078|0.0131|-0.5881|0.1024||6.25|68|5.10|25
GME211217P00205000|44.49|44.49|42.73|44.80|44.45|11|-0.35|-0.0078|-2|163|1|12|-0.6743|0.0069|-0.0522|-0.7784|0.1114||43.25|12|40.05|26
GME211217C00207500|6.10|6.10|4.58|5.50|5.65|12|0.15|0.0273|-1|31|1|7|0.2646|0.0074|0.0128|-0.6007|0.1012||5.90|54|4.80|57
GME211217P00207500|44.50|46.65|44.50|50.60|46.65|12|-3.95|-0.0781|35|216|1|5|-0.6845|0.0068|-0.0535|-0.7789|0.1100||45.50|12|42.25|21
GME211217C00210000|5.30|6.00|4.45|7.10|5.20|13|-1.90|-0.2676|-18|797|1|102|0.1242|0.0072|0.0064|-0.2446|0.0634||5.15|2|4.55|30
GME211217P00210000|48.25|51.30|45.75|49.35|48.10|13|-1.25|-0.0253|-7|208|2|57|-0.8708|0.0072|-0.0624|-0.2552|0.0652||47.90|17|44.45|23
GME211217C00212500|5.50|5.50|4.35|5.15|4.40|14|-0.75|-0.1456|-8|14|1|24|0.2254|0.0070|0.0110|-0.5331|0.0929||5.20|37|4.25|25
GME211217P00212500||||42.25|42.25|14|0.00|0.0000|0|59|0|0|-0.8635|0.0069|-0.0629|-0.2866|0.0677||50.15|17|46.65|23
GME211217C00215000|5.10|5.23|4.15|4.55|4.40|15|-0.15|-0.0330|6|103|1|15|0.2205|0.0068|0.0107|-0.5423|0.0917||4.95|49|4.05|19
GME211217P00215000|52.75|54.30|51.43|55.04|54.30|15|-0.74|-0.0134|3|104|6|27|-0.6975|0.0061|-0.0568|-0.8360|0.1080||52.40|18|48.95|16
GME211217C00217500||||5.10|5.10|16|0.00|0.0000|1|40|0|0|0.2322|0.0064|0.0112|-0.6052|0.0944||4.75|61|3.75|23
GME211217P00217500|55.40|56.80|55.00|54.90|56.80|16|1.90|0.0346|32|55|6|9|-0.7019|0.0059|-0.0579|-0.8511|0.1072||54.50|15|51.20|15
GME211217C00220000|4.65|4.80|3.50|5.43|4.10|17|-1.33|-0.2449|-24|1879|1|64|0.0784|0.0051|0.0041|-0.1763|0.0453||4.55|73|3.65|21
GME211217P00220000|59.00|59.00|59.00|54.49|59.00|17|4.51|0.0828|-22|424|1|1|-0.9153|0.0052|-0.0679|-0.1912|0.0480||57.00|17|53.55|15
GME211217C00222500|3.50|3.90|3.30|4.60|3.90|18|-0.70|-0.1522|1|70|1|22|0.1955|0.0060|0.0095|-0.5257|0.0854||4.25|20|3.45|24
GME211217P00222500||||49.15|49.15|18|0.00|0.0000|0|21|0|0|-0.8203|0.0060|-0.0643|-0.4733|0.0811||59.20|16|55.85|15
GME211217C00225000|4.25|4.50|3.20|4.50|3.85|19|-0.65|-0.1444|30|128|1|35|0.1906|0.0058|0.0093|-0.5284|0.0841||4.15|47|3.30|56
GME211217P00225000||||49.64|49.64|19|0.00|0.0000|0|30|0|0|-0.8573|0.0057|-0.0668|-0.3736|0.0697||61.65|15|58.20|15
GME211217C00227500|3.45|3.60|3.45|4.50|3.60|20|-0.90|-0.2000|1|9|1|2|0.1807|0.0056|0.0088|-0.5127|0.0814||3.95|37|3.15|59
GME211217P00227500||||51.86|51.86|20|0.00|0.0000|0|60|0|0|-0.9634|0.0031|-0.0729|-0.0870|0.0248||64.00|15|60.50|16
GME211217C00230000|3.80|3.90|3.05|4.80|3.40|21|-1.40|-0.2917|-6|436|1|16|0.0519|0.0036|0.0027|-0.1316|0.0328||3.75|25|3.05|25
GME211217P00230000||||64.00|64.00|21|0.00|0.0000|-1|63|0|0|-0.9450|0.0037|-0.0727|-0.1393|0.0344||66.40|17|62.90|16
GME211217C00232500||||3.80|3.80|22|0.00|0.0000|6|86|0|0|0.1879|0.0054|0.0091|-0.5635|0.0841||3.65|38|2.94|18
GME211217P00232500||||53.30|53.30|22|0.00|0.0000|0|19|0|0|-0.9652|0.0028|-0.0746|-0.0867|0.0240||68.75|17|65.30|15
GME211217C00235000|3.08|3.20|2.87|3.95|3.00|23|-0.95|-0.2405|4|78|1|13|0.1554|0.0050|0.0076|-0.4716|0.0738||3.50|28|2.89|7
GME211217P00235000||||68.76|68.76|23|0.00|0.0000|1|61|0|0|-0.8294|0.0051|-0.0690|-0.5253|0.0785||71.15|12|67.65|18
GME211217C00240000|3.05|3.50|2.75|3.45|2.90|24|-0.55|-0.1594|-35|321|1|65|0.0317|0.0024|0.0017|-0.0889|0.0220||3.20|14|2.68|78
GME211217P00240000|74.27|74.27|74.27|65.50|74.27|24|8.77|0.1339|0|54|1|1|-0.9641|0.0026|-0.0770|-0.1005|0.0244||75.95|2|72.45|16
GME211217C00245000|3.60|3.60|2.46|3.05|2.65|25|-0.40|-0.1311|-34|196|2|15|0.1387|0.0044|0.0068|-0.4617|0.0684||3.00|16|2.47|62
GME211217P00245000|78.25|78.25|78.25|83.35|78.25|25|-5.10|-0.0612|-9|38|1|1|-0.8430|0.0046|-0.0729|-0.5243|0.0750||80.80|11|77.30|16
GME211217C00250000|2.80|3.15|2.39|3.43|2.60|26|-0.83|-0.2420|99|1244|1|139|0.0199|0.0016|0.0010|-0.0612|0.0149||2.81|12|2.42|14
GME211217P00250000|85.24|85.24|85.24|84.85|85.24|26|0.39|0.0046|-1|55|1|1|-0.9779|0.0017|-0.0810|-0.0673|0.0163||85.65|11|82.15|16
GME211217C00255000|2.25|2.72|2.25|3.21|2.28|27|-0.93|-0.2897|4|359|1|4|0.1177|0.0038|0.0057|-0.4219|0.0611||2.68|14|2.25|9
GME211217P00255000||||39.75|39.75|27|0.00|0.0000|0|5|0|0|-1.0000|0.0000|-0.0838|0.0008|0.0000||90.55|2|87.05|16
GME211217C00260000|2.57|2.81|2.12|2.85|2.44|28|-0.41|-0.1439|4|523|4|55|0.0123|0.0010|0.0006|-0.0408|0.0099||2.54|14|2.15|23
GME211217P00260000||||89.25|89.25|28|0.00|0.0000|0|21|0|0|-0.9844|0.0012|-0.0846|-0.0508|0.0122||95.40|2|91.95|17
GME211217C00270000|2.98|2.98|1.93|2.71|2.19|29|-0.52|-0.1919|-3|572|4|52|0.0082|0.0007|0.0004|-0.0292|0.0069||2.38|16|2.02|15
GME211217P00270000|107.95|107.95|107.95|65.35|107.95|29|42.60|0.6519|0|49|2|2|-0.9905|0.0008|-0.0883|-0.0333|0.0079||105.20|4|101.75|16
GME211217C00280000|2.08|2.15|1.73|2.70|1.95|30|-0.75|-0.2778|-3|2026|1|38|0.0057|0.0005|0.0003|-0.0217|0.0050||2.13|2|1.82|11
GME211217P00280000||||91.00|91.00|30|0.00|0.0000|0|10|0|0|-0.9936|0.0006|-0.0917|-0.0238|0.0056||115.05|12|111.60|17
GME211217C00290000|2.00|2.07|1.70|2.15|1.80|31|-0.35|-0.1628|2|525|1|9|0.0039|0.0004|0.0002|-0.0158|0.0036||2.01|6|1.70|14
GME211217P00290000|127.73|127.73|127.73|68.50|127.73|31|59.23|0.8647|0|25|2|2|-0.9951|0.0004|-0.0951|-0.0191|0.0044||124.90|12|121.45|17
GME211217C00300000|3.27|3.27|1.60|2.29|1.76|32|-0.53|-0.2314|24|5731|1|495|0.0026|0.0002|0.0001|-0.0112|0.0025||1.87|2|1.69|1
GME211217P00300000||||126.50|126.50|32|0.00|0.0000|0|20|0|0|-0.9969|0.0003|-0.0985|-0.0124|0.0029||134.80|12|131.35|13
GME211217C00310000|3.06|3.06|1.50|1.97|1.50|33|-0.47|-0.2386|1|368|1|64|0.0020|0.0002|0.0001|-0.0088|0.0019||1.80|4|1.51|7
GME211217P00310000||||102.75|102.75|33|0.00|0.0000|0|3|0|0|-0.9978|0.0002|-0.1018|-0.0091|0.0022||144.75|12|141.25|17
GME211217C00320000|1.48|1.71|1.48|1.80|1.49|34|-0.31|-0.1722|0|448|1|13|0.0012|0.0001|0.0001|-0.0057|0.0012||1.71|2|1.37|20
GME211217P00320000||||96.00|96.00|34|0.00|0.0000|0|17|0|0|-0.9984|0.0001|-0.1051|-0.0066|0.0016||154.65|12|151.20|16
GME211217C00330000|1.90|1.90|1.35|1.81|1.40|35|-0.41|-0.2265|0|213|1|25|0.0009|0.0001|0.0000|-0.0044|0.0009||1.64|2|1.32|15
GME211217P00330000||||159.50|159.50|35|0.00|0.0000|0|3|0|0|-0.9988|0.0001|-0.1084|-0.0046|0.0012||164.60|12|161.10|17
GME211217C00340000|1.40|1.48|1.40|1.81|1.48|36|-0.33|-0.1823|0|232|1|7|0.0007|0.0001|0.0000|-0.0035|0.0007||1.56|10|1.26|8
GME211217P00340000||||126.85|126.85|36|0.00|0.0000|0|7|0|0|-0.9992|0.0001|-0.1117|-0.0032|0.0009||174.50|12|171.05|17
GME211217C00350000|1.45|1.51|1.18|1.64|1.44|37|-0.20|-0.1220|-9|1004|1|686|0.0005|0.0001|0.0000|-0.0028|0.0006||1.51|3|1.20|6
GME211217P00350000||||133.85|133.85|37|0.00|0.0000|0|4|0|0|-0.9993|0.0001|-0.1150|-0.0024|0.0007||184.45|4|181.00|16
GME211217C00360000|1.24|1.37|1.05|1.34|1.37|38|0.03|0.0224|11|315|1|6|0.0004|0.0000|0.0000|-0.0024|0.0005||1.46|6|0.97|88
GME211217P00360000||||||38|||0|0|0|0|-0.9995|0.0001|-0.1183|-0.0018|0.0006||194.40|12|190.95|13
GME211217C00370000|1.15|1.17|1.15|1.49|1.17|39|-0.32|-0.2148|-1|446|1|2|0.0004|0.0000|0.0000|-0.0021|0.0004||1.40|5|0.92|87
GME211217P00370000||||172.65|172.65|39|0.00|0.0000|0|3|0|0|-0.9996|0.0000|-0.1216|-0.0013|0.0005||204.35|12|200.85|16
GME211217C00380000|1.05|1.22|1.05|1.25|1.21|40|-0.04|-0.0320|0|168|2|35|0.0003|0.0000|0.0000|-0.0018|0.0003||1.35|5|1.20|5
GME211217P00380000||||208.83|208.83|40|0.00|0.0000|-1|16|0|0|-0.9997|0.0000|-0.1249|-0.0008|0.0004||214.30|4|210.80|15
GME211217C00390000|1.25|1.25|1.15|1.50|1.16|41|-0.34|-0.2267|1|194|1|29|0.0003|0.0000|0.0000|-0.0016|0.0003||1.29|3|1.15|4
GME211217P00390000||||||41|||0|0|0|0|-0.9997|0.0000|-0.1282|-0.0005|0.0003||224.25|1|220.75|12
GME211217C00400000|1.28|1.28|1.00|1.36|1.15|42|-0.21|-0.1544|91|1276|1|90|0.0002|0.0000|0.0000|-0.0012|0.0002||1.25|4|1.06|5
GME211217P00400000||||238.75|238.75|42|0.00|0.0000|0|3|0|0|-0.9997|0.0000|-0.1315|-0.0006|0.0004||234.20|4|230.70|15
GME211217C00410000|1.12|1.12|0.95|1.14|0.95|43|-0.19|-0.1667|21|226|1|3|0.0001|0.0000|0.0000|-0.0009|0.0002||1.21|5|0.88|16
GME211217P00410000||||190.90|190.90|43|0.00|0.0000|0|3|0|0|-0.9998|0.0000|-0.1348|0.0000|0.0003||244.15|12|240.65|12
GME211217C00420000|0.93|1.00|0.92|1.08|0.92|44|-0.16|-0.1481|0|542|1|8|0.0001|0.0000|0.0000|-0.0008|0.0002||1.18|14|0.85|13
GME211217P00420000||||189.85|189.85|44|0.00|0.0000|0|16|0|0|-0.9999|0.0000|-0.1381|0.0007|0.0001||254.10|12|250.60|12
GME211217C00430000|0.91|0.91|0.90|0.97|0.90|45|-0.07|-0.0722|5|213|4|6|0.0001|0.0000|0.0000|-0.0007|0.0001||1.15|4|0.75|11
GME211217P00430000||||244.20|244.20|45|0.00|0.0000|0|0|0|0|-0.9999|0.0000|-0.1414|0.0008|0.0001||264.10|12|259.95|2
GME211217C00440000||||1.15|1.15|46|0.00|0.0000|0|472|0|0|0.0001|0.0000|0.0000|-0.0006|0.0001||1.14|6|0.75|1
GME211217P00440000||||||46|||0|0|0|0|-0.9999|0.0000|-0.1446|0.0010|0.0001||274.00|12|269.90|1
GME211217C00450000|0.90|0.91|0.84|0.89|0.84|47|-0.05|-0.0562|-3|683|1|84|0.0001|0.0000|0.0000|-0.0004|0.0001||1.09|3|0.70|10
GME211217P00450000||||||47|||0|0|0|0|-0.9999|0.0000|-0.1479|0.0011|0.0001||283.95|12|279.85|2
GME211217C00460000|0.73|0.90|0.73|1.00|0.90|48|-0.10|-0.1000|1|1139|3|16|0.0001|0.0000|0.0000|-0.0005|0.0001||1.08|4|0.67|25
GME211217P00460000||||261.60|261.60|48|0.00|0.0000|0|5|0|0|-1.0000|0.0000|-0.1512|0.0012|0.0001||293.90|12|289.85|2
GME211217C00470000||||1.00|1.00|49|0.00|0.0000|0|190|0|0|0.0391|0.0010|0.0018|-0.3028|0.0262||1.08|4|0.64|18
GME211217P00470000||||||49||||0|0|0|-1.0000|0.0000|-0.1545|0.0016|0.0000||303.90|20|299.80|1
GME211217C00480000||||0.87|0.87|50|0.00|0.0000|3|243|0|0|0.0348|0.0009|0.0016|-0.2743|0.0238||1.05|9|0.63|2
GME211217P00480000||||264.21|264.21|50|0.00|0.0000|0|7|0|0|-0.9933|0.0003|-0.1575|-0.0501|0.0059||313.85|12|309.75|12
GME211217C00490000|0.80|0.80|0.80|1.00|0.80|51|-0.20|-0.2000|47|152|1|1|0.0323|0.0008|0.0015|-0.2586|0.0224||0.80|1|0.60|4
GME211217P00490000||||274.04|274.04|51|0.00|0.0000|0|7|0|0|-0.9911|0.0003|-0.1607|-0.0682|0.0074||323.80|10|319.75|1
GME211217C00500000|0.75|0.89|0.61|0.81|0.72|52|-0.09|-0.1111|-5|2436|1|32|0.0295|0.0008|0.0014|-0.2399|0.0208||0.95|4|0.60|4
GME211217P00500000||||290.05|290.05|52|0.00|0.0000|0|7|0|0|-0.9813|0.0006|-0.1635|-0.1491|0.0141||333.80|12|329.70|12
GME211217C00510000|0.85|0.85|0.49|0.88|0.69|53|-0.19|-0.2159|163|1554|2|170|0.0283|0.0007|0.0013|-0.2333|0.0200||0.69|3|0.60|1
GME211217P00510000||||277.97|277.97|53|0.00|0.0000|0|0|0|0|-0.9950|0.0002|-0.1674|-0.0390|0.0045||343.75|10|339.70|1
GME211223C00100000||||71.00|71.00|11|0.00|0.0000|-1|13|0|0|0.9639|0.0014|0.0458|-0.1230|0.0300||72.45|6|69.15|12
GME211223P00100000|2.10|2.68|2.10|1.97|2.36|11|0.39|0.1980|190|314|1|91|-0.0618|0.0018|-0.0063|-0.2302|0.0462||2.59|2|2.12|13
GME211223C00110000||||||10||||0|0|0|1.0000|0.0000|0.0542|-0.0004|0.0000||63.10|4|59.80|12
GME211223P00110000|3.30|3.35|3.01|2.76|3.01|10|0.25|0.0906|68|105|1|453|-0.0827|0.0025|-0.0083|-0.2631|0.0578||3.40|16|2.71|10
GME211223C00120000|48.67|49.37|48.67|103.35|49.37|9|-53.98|-0.5223|0|1|1|2|0.9081|0.0031|0.0501|-0.2424|0.0631||54.05|5|50.75|15
GME211223P00120000|4.05|5.25|4.05|4.64|4.10|9|-0.54|-0.1164|12|37|1|5|-0.1142|0.0033|-0.0115|-0.3114|0.0732||4.50|17|3.60|13
GME211223C00130000|40.47|41.20|40.47|40.47|41.20|8|0.73|0.0180|0|0|1|2|0.9350|0.0039|0.0581|-0.1156|0.0480||45.50|7|42.25|15
GME211223P00130000|5.72|7.20|5.72|6.15|6.07|8|-0.08|-0.0130|-6|136|4|9|-0.1618|0.0043|-0.0164|-0.3841|0.0928||6.15|17|4.65|40
GME211223C00140000||||||7||||0|0|0|1.0000|0.0000|0.0690|-0.0005|0.0000||37.50|5|34.35|10
GME211223P00140000|8.38|8.50|7.79|9.55|7.80|7|-1.75|-0.1832|0|42|1|16|-0.2118|0.0056|-0.0214|-0.4189|0.1097||8.35|18|7.05|2
GME211223C00145000||||||6||||0|0|0|1.0000|0.0000|0.0715|-0.0005|0.0000||33.85|5|30.70|13
GME211223P00145000|10.00|10.40|8.25|11.64|8.25|6|-3.39|-0.2912|11|11|3|7|-0.2365|0.0064|-0.0237|-0.4121|0.1168||9.70|13|8.30|11
GME211223C00150000||||28.10|28.10|5|0.00|0.0000|17|21|0|0|0.7343|0.0074|0.0476|-0.4037|0.1243||30.40|4|27.35|14
GME211223P00150000|12.00|12.50|10.00|11.00|10.32|5|-0.68|-0.0618|-45|155|5|17|-0.2768|0.0068|-0.0281|-0.4548|0.1268||11.35|16|9.60|17
GME211223C00155000||||29.20|29.20|4|0.00|0.0000|1|11|0|0|0.6758|0.0064|0.0421|-0.5621|0.1362||27.15|5|24.15|16
GME211223P00155000|14.70|14.70|13.30|14.47|13.30|4|-1.17|-0.0809|-49|78|1|2|-0.3197|0.0069|-0.0332|-0.5121|0.1354||13.25|26|11.30|8
GME211223C00160000|22.77|22.77|22.77|25.00|22.77|3|-2.23|-0.0892|7|19|1|1|0.6453|0.0081|0.0427|-0.4769|0.1410||24.15|6|21.45|17
GME211223P00160000|15.25|16.90|14.45|15.00|15.60|3|0.60|0.0400|4|66|1|42|-0.3581|0.0072|-0.0375|-0.5353|0.1415||15.55|22|13.05|22
GME211223C00165000|21.88|21.88|18.60|21.20|20.00|2|-1.20|-0.0566|16|16|3|49|0.6021|0.0084|0.0404|-0.4897|0.1462||21.45|7|19.65|12
GME211223P00165000|19.20|19.20|16.80|21.87|17.75|2|-4.12|-0.1884|263|284|1|20|-0.3970|0.0076|-0.0419|-0.5433|0.1461||17.85|22|15.50|19
GME211223C00170000|19.05|19.50|16.50|22.00|17.10|1|-4.90|-0.2227|15|30|1|67|0.5571|0.0089|0.0380|-0.4865|0.1496||19.05|7|17.25|12
GME211223P00170000|23.70|23.70|21.30|19.50|21.30|1|1.80|0.0923|28|61|2|3|-0.4337|0.0074|-0.0467|-0.5790|0.1490||20.40|15|17.80|21
GME211223C00175000|19.30|19.30|14.70|16.30|15.35|1|-0.95|-0.0583|16|19|10|45|0.5322|0.0083|0.0363|-0.5324|0.1520||16.90|11|15.05|12
GME211223P00175000|23.86|24.52|21.55|27.16|24.52|1|-2.64|-0.0972|-1|47|3|5|-0.4830|0.0086|-0.0510|-0.5133|0.1510||23.40|13|21.55|4
