symbol|open|high|low|preClose|close|activeLevel|change|changeRatio|openIntChange|openInterest|latestPriceVol|volume|delta|gamma|rho|theta|vega|tradeStamptradeTime|ask|avol|bid|bvol
GME211210C00100000||||70.90|70.90|12|0.00|0.0000|209|211|0|0|0.9422|0.0016|0.0096|-1.0345|0.0212||79.20|19|74.45|70
GME211210P00100000|1.09|1.09|0.56|1.14|0.65|12|-0.49|-0.4298|1314|2034|1|1794|-0.0260|0.0011|-0.0006|-0.4144|0.0111||0.65|6|0.64|9
GME211210C00110000||||76.13|76.13|11|0.00|0.0000|0|2|0|0|0.8566|0.0021|0.0081|-3.0291|0.0415||69.20|19|64.45|54
GME211210P00110000|1.45|1.51|0.77|1.52|0.84|11|-0.68|-0.4474|314|618|5|368|-0.0357|0.0016|-0.0008|-0.4797|0.0144||0.86|10|0.80|12
GME211210C00120000||||51.40|51.40|10|0.00|0.0000|1|2|0|0|0.9161|0.0029|0.0113|-1.0391|0.0282||59.65|17|54.80|19
GME211210P00120000|1.69|1.69|0.96|2.00|1.03|10|-0.97|-0.4850|513|1305|1|502|-0.0500|0.0024|-0.0011|-0.5600|0.0189||1.08|10|1.05|5
GME211210C00130000|46.31|46.31|44.86|41.19|44.86|9|3.67|0.0891|11|11|4|8|0.9989|0.0002|0.0142|-0.0082|0.0007||49.65|16|44.70|36
GME211210P00130000|1.70|2.49|1.26|2.60|1.41|9|-1.19|-0.4577|286|1131|5|777|-0.0696|0.0035|-0.0015|-0.6352|0.0245||1.45|8|1.33|11
GME211210C00140000|37.03|39.00|35.20|34.35|35.20|8|0.85|0.0247|12|46|1|8|0.8394|0.0054|0.0118|-1.3825|0.0447||40.10|22|35.15|18
GME211210P00140000|2.50|2.97|1.73|3.80|1.88|8|-1.92|-0.5053|492|1223|1|558|-0.1044|0.0054|-0.0022|-0.7621|0.0332||1.97|11|1.83|16
GME211210C00145000|32.07|33.37|30.60|26.44|30.60|7|4.16|0.1573|13|21|1|14|0.8449|0.0066|0.0126|-1.0776|0.0437||35.55|24|30.60|18
GME211210P00145000|3.45|4.65|2.13|4.62|2.29|7|-2.33|-0.5043|250|373|1|526|-0.1291|0.0066|-0.0027|-0.8340|0.0386||2.44|45|2.27|22
GME211210C00150000|32.00|32.00|25.77|22.00|29.27|6|7.27|0.3305|-12|61|1|40|0.8069|0.0078|0.0123|-1.2092|0.0502||30.90|39|27.85|13
GME211210P00150000|3.90|5.15|2.64|5.68|2.90|6|-2.78|-0.4894|129|1024|3|1186|-0.1656|0.0081|-0.0035|-0.9501|0.0456||3.05|13|2.85|20
GME211210C00155000|23.75|25.48|23.75|18.50|24.84|5|6.34|0.3427|2|60|10|24|0.7774|0.0094|0.0122|-1.1784|0.0546||26.90|38|23.85|21
GME211210P00155000|4.50|5.15|3.45|7.06|3.70|5|-3.36|-0.4759|20|391|1|288|-0.2081|0.0098|-0.0044|-1.0450|0.0525||3.85|11|3.65|47
GME211210C00160000|20.40|24.00|18.02|15.22|21.50|4|6.28|0.4126|22|276|1|34|0.7303|0.0111|0.0118|-1.2295|0.0606||22.20|45|20.20|73
GME211210P00160000|6.10|6.80|4.20|8.50|4.98|4|-3.52|-0.4141|362|859|1|732|-0.2593|0.0117|-0.0055|-1.1251|0.0594||5.15|14|4.95|20
GME211210C00165000|17.00|21.23|15.50|12.90|18.50|3|5.60|0.4341|143|203|1|48|0.6627|0.0117|0.0108|-1.4301|0.0669||19.00|38|16.80|59
GME211210P00165000|7.50|8.80|5.55|10.86|6.53|3|-4.33|-0.3987|224|608|1|377|-0.3253|0.0130|-0.0069|-1.2441|0.0660||6.75|18|6.35|1
GME211210C00170000|14.80|18.10|12.45|10.50|15.42|2|4.92|0.4686|271|448|6|215|0.5997|0.0123|0.0099|-1.5167|0.0708||15.00|1|14.15|33
GME211210P00170000|10.15|12.00|7.00|13.50|8.35|2|-5.15|-0.3815|-41|554|2|837|-0.3960|0.0139|-0.0085|-1.3362|0.0706||8.65|13|8.10|13
GME211210C00175000|12.00|16.00|9.69|8.30|11.88|1|3.58|0.4313|198|470|1|951|0.5338|0.0136|0.0090|-1.4500|0.0728||12.15|19|11.55|15
GME211210P00175000|12.67|14.70|9.15|16.30|10.45|1|-5.85|-0.3589|13|531|1|894|-0.4674|0.0142|-0.0102|-1.3954|0.0729||10.95|13|10.30|8
GME211210C00177500|10.95|13.70|8.75|7.70|10.74|1|3.04|0.3948|132|179|10|192|0.4996|0.0137|0.0084|-1.4495|0.0731||11.00|1|10.35|9
GME211210P00177500|11.95|14.45|9.95|18.90|11.64|1|-7.26|-0.3841|-9|257|1|56|-0.5064|0.0150|-0.0110|-1.3248|0.0731||12.55|51|11.50|1
GME211210C00180000|10.00|12.95|7.25|6.55|9.50|2|2.95|0.4504|292|696|1|1121|0.4665|0.0136|0.0079|-1.4505|0.0728||9.90|23|9.40|2
GME211210P00180000|14.85|15.75|11.20|18.26|13.00|2|-5.26|-0.2881|-47|583|1|202|-0.5392|0.0144|-0.0119|-1.3684|0.0727||13.60|20|12.80|9
GME211210C00182500|8.00|11.40|6.85|5.66|8.52|3|2.86|0.5053|31|179|1|280|0.4336|0.0135|0.0074|-1.4337|0.0721||8.95|40|8.05|13
GME211210P00182500|12.40|16.50|12.40|20.00|15.20|3|-4.80|-0.2400|1|233|12|29|-0.5739|0.0142|-0.0127|-1.3501|0.0718||15.90|23|13.35|63
GME211210C00185000|7.85|10.20|6.00|5.02|7.57|4|2.55|0.5080|178|424|1|404|0.4046|0.0131|0.0069|-1.4375|0.0710||8.00|39|7.25|9
GME211210P00185000|18.95|18.95|14.55|23.17|15.75|4|-7.42|-0.3202|-119|350|2|61|-0.6146|0.0145|-0.0136|-1.2613|0.0701||17.35|25|14.95|53
GME211210C00187500|8.40|9.05|5.35|4.30|6.95|5|2.65|0.6163|45|127|4|110|0.3723|0.0129|0.0064|-1.3890|0.0693||7.05|30|6.45|15
GME211210P00187500|17.85|18.60|16.78|28.00|18.60|5|-9.40|-0.3357|2|261|1|14|-0.6372|0.0134|-0.0143|-1.3092|0.0687||19.00|19|17.10|37
GME211210C00190000|6.50|8.00|4.60|4.05|5.75|6|1.70|0.4198|226|576|1|740|0.3410|0.0126|0.0059|-1.3352|0.0672||6.15|25|5.75|17
GME211210P00190000|19.54|21.03|19.54|27.50|19.93|6|-7.57|-0.2753|0|512|2|43|-0.6766|0.0134|-0.0152|-1.2044|0.0658||20.80|17|19.15|2
GME211210C00192500|4.80|7.15|4.10|3.66|5.35|7|1.69|0.4617|32|120|2|132|0.3100|0.0123|0.0054|-1.2698|0.0646||5.70|82|4.95|57
GME211210P00192500|21.40|21.65|21.40|27.83|21.65|7|-6.18|-0.2221|3|125|1|2|-0.6042|0.0090|-0.0147|-2.0705|0.0706||22.85|25|20.80|20
GME211210C00195000|3.50|6.35|3.50|3.30|4.78|8|1.48|0.4485|141|433|1|331|0.2893|0.0116|0.0050|-1.2624|0.0626||4.80|1|4.70|25
GME211210P00195000|22.22|22.50|21.97|31.02|22.50|8|-8.52|-0.2747|-9|294|1|22|-0.7906|0.0133|-0.0176|-0.7805|0.0527||24.75|23|22.30|36
GME211210C00197500|3.81|5.80|3.60|2.90|4.20|9|1.30|0.4483|46|173|1|151|0.2620|0.0111|0.0046|-1.1930|0.0597||4.45|39|4.10|23
GME211210P00197500|26.05|26.05|26.05|33.48|26.05|9|-7.43|-0.2219|-5|115|1|1|-0.7475|0.0113|-0.0172|-1.1286|0.0585||27.25|23|23.70|53
GME211210C00200000|3.61|5.00|2.98|2.71|3.85|10|1.14|0.4207|637|2365|1|2387|0.2427|0.0105|0.0042|-1.1651|0.0573||3.95|10|3.65|17
GME211210P00200000|27.98|32.00|25.00|33.81|27.90|10|-5.91|-0.1748|-25|674|1|58|-0.7651|0.0106|-0.0178|-1.1120|0.0563||28.00|4|26.15|42
GME211210C00202500|3.00|4.50|2.94|2.41|3.40|11|0.99|0.4108|48|142|1|145|0.2217|0.0099|0.0039|-1.1129|0.0545||3.45|1|3.30|25
GME211210P00202500|30.42|30.42|30.42|35.84|30.42|11|-5.42|-0.1512|-2|33|1|1|-0.7828|0.0100|-0.0184|-1.0817|0.0539||30.50|12|28.00|35
GME211210C00205000|2.95|4.00|2.50|2.21|3.25|12|1.04|0.4706|163|401|1|335|0.2054|0.0094|0.0036|-1.0815|0.0521||3.20|19|2.99|7
GME211210P00205000|33.43|33.43|31.30|40.44|31.30|12|-9.14|-0.2260|-1|179|1|2|-0.7749|0.0092|-0.0186|-1.2219|0.0550||33.00|19|29.95|38
GME211210C00207500|2.39|3.60|2.39|1.99|2.86|13|0.87|0.4372|21|103|5|77|0.1882|0.0088|0.0033|-1.0330|0.0494||3.00|51|2.68|36
GME211210P00207500||||42.53|42.53|13|0.00|0.0000|-2|24|0|0|-0.6586|0.0069|-0.0173|-2.4371|0.0672||35.50|12|32.00|13
GME211210C00210000|2.37|3.30|2.12|1.80|2.55|14|0.75|0.4167|142|501|2|347|0.1744|0.0083|0.0031|-0.9989|0.0471||2.72|17|2.40|35
GME211210P00210000|38.25|38.25|37.90|45.79|37.90|14|-7.89|-0.1723|-17|124|1|2|-0.8021|0.0083|-0.0196|-1.1718|0.0510||38.00|12|34.05|42
GME211210C00212500|2.25|2.79|2.07|1.81|2.43|15|0.62|0.3425|15|103|1|104|0.1642|0.0078|0.0029|-0.9832|0.0453||2.58|31|2.20|49
GME211210P00212500|40.65|40.65|40.65|48.25|40.65|15|-7.60|-0.1575|1|39|2|2|-0.8000|0.0078|-0.0199|-1.2570|0.0513||40.25|12|36.55|44
GME211210C00215000|2.20|2.70|1.80|1.75|2.30|16|0.55|0.3143|118|334|1|272|0.1543|0.0073|0.0027|-0.9611|0.0436||2.36|24|2.02|37
GME211210P00215000|40.73|40.73|40.73|52.12|40.73|16|-11.39|-0.2185|0|73|1|1|-0.8892|0.0068|-0.0216|-0.6518|0.0346||42.75|15|39.05|23
GME211210C00217500|3.70|3.70|1.73|1.50|1.98|17|0.48|0.3200|11|46|1|52|0.1440|0.0069|0.0025|-0.9321|0.0416||2.18|2|1.91|24
GME211210P00217500||||53.30|53.30|17|0.00|0.0000|0|37|0|0|-0.6708|0.0059|-0.0187|-2.7814|0.0663||44.70|17|41.30|20
GME211210C00220000|1.68|2.26|1.54|1.55|1.88|18|0.33|0.2129|161|582|1|490|0.1313|0.0065|0.0023|-0.8776|0.0390||1.90|3|1.78|20
GME211210P00220000|48.67|48.67|47.38|54.32|47.38|18|-6.94|-0.1278|0|165|1|4|-0.8352|0.0067|-0.0213|-1.1477|0.0455||47.05|18|43.55|28
GME211210C00222500|1.45|3.50|1.45|1.50|1.83|19|0.33|0.2200|63|155|1|91|0.1208|0.0061|0.0021|-0.8334|0.0368||1.90|31|1.65|25
GME211210P00222500|49.15|49.15|49.15|42.95|49.15|19|6.20|0.1444|0|39|1|1|-0.8620|0.0062|-0.0220|-0.9712|0.0404||49.50|12|45.90|46
GME211210C00225000|1.59|1.91|1.38|1.21|1.65|20|0.44|0.3636|49|521|3|378|0.1146|0.0057|0.0020|-0.8177|0.0355||1.77|15|1.59|3
GME211210P00225000||||57.07|57.07|20|0.00|0.0000|-1|476|0|0|-0.7384|0.0059|-0.0205|-2.2425|0.0596||52.00|13|48.40|19
GME211210C00227500|1.39|1.74|1.33|1.22|1.50|21|0.28|0.2295|4|39|1|38|0.1051|0.0054|0.0018|-0.7733|0.0334||1.74|41|1.45|26
GME211210P00227500||||34.06|34.06|21|0.00|0.0000|0|35|0|0|-0.9987|0.0003|-0.0249|-0.0071|0.0008||54.50|7|50.40|24
GME211210C00230000|1.21|1.69|1.15|1.14|1.54|22|0.40|0.3509|95|565|1|310|0.1015|0.0051|0.0018|-0.7720|0.0325||1.46|1|1.37|22
GME211210P00230000||||61.98|61.98|22|0.00|0.0000|0|20|0|0|-0.7477|0.0056|-0.0212|-2.2943|0.0585||57.00|7|52.85|43
GME211210C00232500|1.25|1.47|1.25|1.21|1.38|23|0.17|0.1405|12|67|20|148|0.0967|0.0048|0.0017|-0.7589|0.0314||1.49|12|1.35|10
GME211210P00232500||||68.97|68.97|23|0.00|0.0000|0|5|0|0|-0.6867|0.0049|-0.0208|-3.1811|0.0649||59.50|1|55.35|23
GME211210C00235000|1.05|1.50|1.05|1.04|1.38|24|0.34|0.3269|-13|851|1|173|0.0938|0.0046|0.0016|-0.7586|0.0307||1.46|12|1.26|10
GME211210P00235000||||74.05|74.05|24|0.00|0.0000|0|32|0|0|-0.6602|0.0046|-0.0208|-3.6730|0.0672||62.00|6|57.85|21
GME211210C00237500|1.14|1.39|1.05|0.95|1.36|25|0.41|0.4316|34|54|2|42|0.0907|0.0044|0.0016|-0.7561|0.0299||1.39|19|1.22|7
GME211210P00237500||||76.45|76.45|25|0.00|0.0000|0|24|0|0|-0.6647|0.0045|-0.0212|-3.7011|0.0668||64.50|5|60.35|21
GME211210C00240000|1.07|1.31|1.00|0.96|1.20|26|0.24|0.2500|34|336|1|78|0.0860|0.0042|0.0015|-0.7357|0.0288||1.25|1|1.16|6
GME211210P00240000|64.94|64.94|64.94|71.95|64.94|26|-7.01|-0.0974|-1|30|1|1|-0.7608|0.0050|-0.0225|-2.4162|0.0569||67.00|3|62.85|20
GME211210C00245000|0.98|1.25|0.90|0.92|1.12|27|0.20|0.2174|45|227|2|83|0.0758|0.0037|0.0013|-0.6804|0.0262||1.22|21|1.04|13
GME211210P00245000||||50.19|50.19|27|0.00|0.0000|0|23|0|0|-0.9999|0.0000|-0.0268|0.0001|0.0001||72.00|4|67.85|17
GME211210C00250000|1.00|1.17|0.75|0.88|1.02|28|0.14|0.1591|806|3669|1|676|0.0694|0.0034|0.0012|-0.6537|0.0245||1.07|5|1.03|2
GME211210P00250000||||80.84|80.84|28|0.00|0.0000|3|18|0|0|-0.7901|0.0046|-0.0241|-2.2755|0.0528||77.00|6|72.65|26
GME211210C00255000|0.90|1.04|0.86|0.83|0.93|29|0.10|0.1205|155|228|1|66|0.0641|0.0031|0.0011|-0.6314|0.0230||1.03|16|0.89|15
GME211210P00255000||||40.40|40.40|29|0.00|0.0000|0|5|0|0|-1.0000|0.0000|-0.0279|0.0008|0.0000||81.60|17|77.65|19
GME211210C00260000|0.90|1.00|0.80|0.80|0.91|30|0.11|0.1375|953|1845|1|329|0.0600|0.0029|0.0010|-0.6160|0.0218||0.95|12|0.84|8
GME211210P00260000||||69.85|69.85|30|0.00|0.0000|0|22|0|0|-0.9996|0.0001|-0.0285|-0.0031|0.0003||86.60|12|82.60|20
GME211210C00270000|0.66|0.88|0.66|0.65|0.76|31|0.11|0.1692|225|405|1|179|0.0528|0.0025|0.0009|-0.5858|0.0197||0.79|13|0.75|1
GME211210P00270000||||103.46|103.46|31|0.00|0.0000|0|15|0|0|-0.7640|0.0038|-0.0260|-3.0812|0.0564||96.60|14|92.45|42
GME211210C00280000|0.68|0.80|0.59|0.60|0.71|32|0.11|0.1833|37|296|1|104|0.0454|0.0021|0.0008|-0.5387|0.0175||0.68|1|0.66|3
GME211210P00280000||||112.20|112.20|32|0.00|0.0000|0|6|0|0|-0.7892|0.0036|-0.0275|-2.8779|0.0529||107.55|17|102.25|55
GME211210C00290000|0.56|0.82|0.56|0.61|0.66|33|0.05|0.0820|-10|545|1|278|0.0398|0.0018|0.0007|-0.5028|0.0157||0.61|1|0.59|9
GME211210P00290000||||82.25|82.25|33|0.00|0.0000|0|7|0|0|-1.0000|0.0000|-0.0318|0.0008|0.0000||117.40|17|112.10|17
GME211210C00300000|0.51|1.15|0.49|0.50|0.53|34|0.03|0.0600|407|1617|1|881|0.0355|0.0016|0.0006|-0.4745|0.0143||0.55|21|0.53|12
GME211210P00300000||||76.00|76.00|34|0.00|0.0000|0|14|0|0|-1.0000|0.0000|-0.0329|0.0010|0.0000||127.30|17|122.00|58
GME211210C00310000|0.47|0.80|0.47|0.45|0.52|35|0.07|0.1556|76|359|5|169|0.0311|0.0014|0.0005|-0.4368|0.0128||0.52|14|0.51|2
GME211210P00310000||||83.61|83.61|35|0.00|0.0000|0|4|0|0|-1.0000|0.0000|-0.0340|0.0008|0.0000||137.25|17|132.20|54
GME211210C00320000|0.47|0.62|0.45|0.44|0.48|36|0.04|0.0909|143|420|5|135|0.0282|0.0013|0.0005|-0.4159|0.0119||0.47|14|0.45|1
GME211210P00320000||||89.47|89.47|36|0.00|0.0000|0|3|0|0|-1.0000|0.0000|-0.0351|0.0010|0.0000||147.15|12|141.30|51
GME211210C00330000|0.58|0.58|0.39|0.39|0.41|37|0.02|0.0513|233|482|100|271|0.0247|0.0011|0.0004|-0.3790|0.0106||0.42|8|0.38|11
GME211210P00330000||||||37||||0|0|0|-1.0000|0.0000|-0.0362|0.0011|0.0000||157.05|17|152.05|55
GME211210C00340000|0.28|0.42|0.28|0.33|0.38|38|0.05|0.1515|29|160|1|26|0.0207|0.0009|0.0004|-0.3313|0.0092||0.39|14|0.34|13
GME211210P00340000||||||38||||0|0|0|-1.0000|0.0000|-0.0373|0.0011|0.0000||166.95|17|162.00|55
GME211210C00350000|0.40|0.40|0.30|0.30|0.34|39|0.04|0.1333|176|675|2|973|0.0183|0.0008|0.0003|-0.3033|0.0082||0.34|4|0.31|8
GME211210P00350000||||||39||||0|0|0|-1.0000|0.0000|-0.0384|0.0011|0.0000||176.90|17|172.00|54
GME211210C00360000|0.39|0.39|0.29|0.28|0.29|40|0.01|0.0357|61|150|1|60|0.0183|0.0008|0.0003|-0.3140|0.0082||0.30|15|0.27|14
GME211210P00360000||||||40||||0|0|0|-1.0000|0.0000|-0.0395|0.0012|0.0000||186.85|11|181.70|15
GME211210C00370000|0.29|0.35|0.28|0.29|0.28|41|-0.01|-0.0345|8|46|1|11|0.0165|0.0007|0.0003|-0.2931|0.0075||0.28|5|0.25|12
GME211210P00370000||||||41||||0|0|0|-1.0000|0.0000|-0.0405|0.0012|0.0000||196.75|18|191.55|18
GME211210C00380000|0.33|0.33|0.22|0.25|0.23|42|-0.02|-0.0800|20|77|1|12|0.0138|0.0006|0.0002|-0.2530|0.0065||0.26|9|0.22|15
GME211210P00380000||||||42||||0|0|0|-1.0000|0.0000|-0.0416|0.0012|0.0000||208.45|12|201.65|16
GME211210C00390000|0.22|0.27|0.20|0.22|0.21|43|-0.01|-0.0455|77|156|1|113|0.0126|0.0006|0.0002|-0.2368|0.0060||0.24|16|0.21|8
GME211210P00390000||||||43||||0|0|0|-1.0000|0.0000|-0.0427|0.0013|0.0000||218.80|12|211.60|11
GME211210C00400000|0.21|0.27|0.18|0.20|0.20|44|0.00|0.0000|64|592|1|379|0.0118|0.0005|0.0002|-0.2292|0.0057||0.21|14|0.20|20
GME211210P00400000||||230.14|230.14|44|0.00|0.0000|1|1|0|0|-0.8583|0.0021|-0.0418|-2.9532|0.0411||226.60|12|221.35|19
GME211210C00410000|0.20|0.23|0.19|0.22|0.19|45|-0.03|-0.1364|28|98|1|10|0.0111|0.0005|0.0002|-0.2214|0.0054||0.20|15|0.14|1
GME211210P00410000||||||45||||0|0|0|-1.0000|0.0000|-0.0449|0.0013|0.0000||238.65|12|230.45|33
GME211210C00420000|0.28|0.28|0.15|0.18|0.17|46|-0.01|-0.0556|64|242|1|119|0.0100|0.0004|0.0002|-0.2037|0.0049||0.17|1|0.15|14
GME211210P00420000||||||46||||0|0|0|-1.0000|0.0000|-0.0460|0.0014|0.0000||248.80|12|240.50|33
GME211210C00430000|0.22|0.22|0.14|0.13|0.14|47|0.01|0.0769|5|311|1|3|0.0084|0.0004|0.0001|-0.1755|0.0042||0.52|34|0.08|1
GME211210P00430000||||||47||||0|0|0|-1.0000|0.0000|-0.0471|0.0014|0.0000||256.60|12|250.55|27
GME211210C00440000|0.15|0.16|0.15|0.15|0.16|48|0.01|0.0667|16|96|1|14|0.0092|0.0004|0.0002|-0.1962|0.0045||0.22|10|0.12|1
GME211210P00440000||||||48||||0|0|0|-1.0000|0.0000|-0.0482|0.0014|0.0000||266.55|12|260.55|27
GME211210C00450000|0.20|0.24|0.15|0.15|0.16|49|0.01|0.0667|511|807|3|57|0.0073|0.0003|0.0001|-0.1594|0.0037||0.17|8|0.12|1
GME211210P00450000||||||49||||0|0|0|-1.0000|0.0000|-0.0493|0.0015|0.0000||276.50|12|270.60|27
GME211210C00460000|0.22|0.22|0.11|0.11|0.13|50|0.02|0.1818|111|177|4|775|0.0075|0.0003|0.0001|-0.1671|0.0038||0.15|5|0.06|5
GME211210P00460000||||||50||||0|0|0|-1.0000|0.0000|-0.0504|0.0015|0.0000||286.45|12|280.60|27
GME211210C00470000|0.15|0.15|0.10|0.12|0.10|51|-0.02|-0.1667|310|333|1|213|0.0060|0.0003|0.0001|-0.1355|0.0031||0.18|1|0.10|1
GME211210P00470000||||||51||||0|0|0|-1.0000|0.0000|-0.0515|0.0015|0.0000||296.40|12|290.65|27
GME211210C00480000|0.14|0.15|0.08|0.10|0.13|52|0.03|0.3000|75|148|2|170|0.0073|0.0003|0.0001|-0.1687|0.0037||0.25|9|0.05|1
GME211210P00480000||||||52||||0|0|0|-1.0000|0.0000|-0.0526|0.0016|0.0000||308.60|1|300.65|27
GME211210C00490000|0.20|0.20|0.10|0.17|0.12|53|-0.05|-0.2941|-5|96|1|25|0.0067|0.0003|0.0001|-0.1585|0.0034||0.15|3|0.10|2
GME211210P00490000||||||53||||0|0|0|-1.0000|0.0000|-0.0537|0.0016|0.0000||318.60|10|310.65|27
GME211210C00500000|0.15|0.20|0.08|0.09|0.12|54|0.03|0.3333|84|977|2|180|0.0066|0.0003|0.0001|-0.1590|0.0034||0.15|1|0.09|2
GME211210P00500000||||||54||||0|0|0|-1.0000|0.0000|-0.0548|0.0016|0.0000||328.55|10|320.70|27
GME211210C00510000|0.10|0.18|0.07|0.10|0.10|55|0.00|0.0000|766|3121|10|1333|0.0056|0.0002|0.0001|-0.1378|0.0029||0.10|46|0.09|11
GME211210P00510000||||||55||||0|0|0|-1.0000|0.0000|-0.0559|0.0017|0.0000||338.50|10|330.70|27
GME211217C00080000||||94.56|94.56|19|0.00|0.0000|0|2|0|0|0.9682|0.0008|0.0220|-0.2762|0.0217||98.65|12|94.95|16
GME211217P00080000|1.08|1.15|0.82|1.41|0.83|19|-0.58|-0.4113|464|1070|2|107|-0.0232|0.0007|-0.0015|-0.1929|0.0167||0.85|1|0.82|6
GME211217C00085000||||95.85|95.85|18|0.00|0.0000|0|1|0|0|0.9241|0.0013|0.0200|-0.7418|0.0434||93.75|4|90.05|16
GME211217P00085000|1.19|1.19|0.97|1.49|1.01|18|-0.48|-0.3221|5|125|2|11|-0.0283|0.0009|-0.0018|-0.2198|0.0197||1.01|2|0.90|40
GME211217C00090000|86.59|86.59|86.59|137.00|86.59|17|-50.41|-0.3680|0|4|10|10|0.9749|0.0009|0.0256|-0.1752|0.0178||88.85|4|85.25|16
GME211217P00090000|1.25|1.31|1.04|1.61|1.09|17|-0.52|-0.3230|39|180|1|46|-0.0309|0.0010|-0.0019|-0.2216|0.0212||1.16|16|1.02|48
GME211217C00100000|78.20|78.20|78.20|67.18|78.20|16|11.02|0.1640|-3|47|1|3|0.9997|0.0000|0.0301|-0.0018|0.0003||79.10|9|75.35|9
GME211217P00100000|1.68|1.68|0.71|1.88|1.43|16|-0.45|-0.2394|26|1077|1|257|-0.0004|0.0000|0.0000|-0.0017|0.0004||1.51|30|1.30|16
GME211217C00105000||||66.05|66.05|15|0.00|0.0000|0|1|0|0|0.9993|0.0001|0.0316|-0.0036|0.0008||74.25|30|70.70|16
GME211217P00105000|1.90|1.90|1.46|2.20|1.49|15|-0.71|-0.3227|13|166|8|72|-0.0008|0.0001|0.0000|-0.0035|0.0008||1.65|39|1.40|36
GME211217C00110000||||73.25|73.25|14|0.00|0.0000|0|1|0|0|0.9987|0.0002|0.0331|-0.0058|0.0013||69.40|20|66.10|7
GME211217P00110000|2.05|2.05|1.56|2.42|1.63|14|-0.79|-0.3264|70|424|1|87|-0.0017|0.0002|-0.0001|-0.0070|0.0016||1.73|19|1.54|60
GME211217C00115000||||112.11|112.11|13|0.00|0.0000|0|2|0|0|0.9975|0.0003|0.0345|-0.0100|0.0024||64.55|22|61.10|12
GME211217P00115000|2.00|2.01|1.74|2.62|1.79|13|-0.83|-0.3168|19|199|10|24|-0.0036|0.0004|-0.0002|-0.0139|0.0033||1.90|22|1.69|68
GME211217C00120000|58.85|58.85|58.85|52.20|58.85|12|6.65|0.1274|2|58|1|1|0.9947|0.0006|0.0359|-0.0190|0.0046||59.75|13|56.20|17
GME211217P00120000|3.28|3.28|1.93|3.09|1.98|12|-1.11|-0.3592|51|379|1|116|-0.0071|0.0007|-0.0004|-0.0250|0.0060||2.12|23|1.87|38
GME211217C00125000||||47.70|47.70|11|0.00|0.0000|0|35|0|0|0.9881|0.0012|0.0370|-0.0386|0.0095||55.00|13|51.55|6
GME211217P00125000|2.00|2.81|1.20|3.60|2.18|11|-1.42|-0.3944|180|535|1|150|-0.0143|0.0013|-0.0008|-0.0463|0.0111||2.40|48|2.12|22
GME211217C00130000||||39.61|39.61|10|0.00|0.0000|0|10|0|0|0.9787|0.0019|0.0380|-0.0625|0.0155||50.35|7|46.55|16
GME211217P00130000|3.00|3.09|2.32|4.45|2.57|10|-1.88|-0.4225|35|370|2|84|-0.0251|0.0021|-0.0014|-0.0738|0.0178||2.64|34|2.32|38
GME211217C00135000||||35.61|35.61|9|0.00|0.0000|-1|2|0|0|0.9619|0.0031|0.0385|-0.1014|0.0252||45.75|29|41.95|18
GME211217P00135000|3.65|3.98|2.82|4.75|2.82|9|-1.93|-0.4063|1|152|1|67|-0.0411|0.0032|-0.0023|-0.1098|0.0268||2.95|35|2.65|46
GME211217C00140000|37.00|37.00|37.00|33.50|37.00|8|3.50|0.1045|0|149|1|1|0.9401|0.0045|0.0388|-0.1434|0.0362||41.40|24|37.50|9
GME211217P00140000|5.28|5.62|3.15|5.78|3.25|8|-2.53|-0.4377|68|983|1|211|-0.0659|0.0047|-0.0037|-0.1595|0.0390||3.40|5|3.10|76
GME211217C00145000|34.00|34.00|34.00|27.00|34.00|7|7.00|0.2593|0|59|1|2|0.9055|0.0063|0.0383|-0.2042|0.0511||37.05|26|33.35|15
GME211217P00145000|6.26|6.26|3.78|7.10|3.94|7|-3.16|-0.4451|12|264|1|52|-0.1019|0.0064|-0.0058|-0.2237|0.0541||4.20|61|3.70|86
GME211217C00150000|29.40|29.40|27.83|27.40|27.83|6|0.43|0.0157|0|82|1|2|0.8608|0.0083|0.0372|-0.2709|0.0674||32.90|44|29.55|13
GME211217P00150000|8.80|8.80|4.65|8.50|4.83|6|-3.67|-0.4318|136|2018|2|617|-0.1447|0.0083|-0.0083|-0.2849|0.0691||5.10|41|4.60|63
GME211217C00155000|24.23|24.23|24.23|24.92|24.23|5|-0.69|-0.0277|4|30|1|1|0.8091|0.0102|0.0357|-0.3303|0.0827||28.90|54|25.75|28
GME211217P00155000|8.03|8.03|5.90|9.47|5.95|5|-3.52|-0.3717|-1|404|1|23|-0.1958|0.0101|-0.0113|-0.3435|0.0840||6.35|61|5.50|179
GME211217C00160000|22.95|24.60|21.78|21.45|23.75|4|2.30|0.1072|6|143|1|10|0.7485|0.0120|0.0337|-0.3840|0.0969||24.30|11|23.15|8
GME211217P00160000|9.00|9.66|7.25|12.08|7.39|4|-4.69|-0.3882|-4|1042|2|89|-0.2568|0.0118|-0.0149|-0.4007|0.0979||7.85|48|7.05|134
GME211217C00165000|20.60|21.70|17.60|16.45|17.60|3|1.15|0.0699|8|87|1|8|0.6779|0.0133|0.0309|-0.4383|0.1090||21.90|45|19.45|53
GME211217P00165000|10.70|11.30|8.95|14.75|9.09|3|-5.66|-0.3837|76|429|2|68|-0.3250|0.0130|-0.0191|-0.4511|0.1094||9.65|38|8.85|68
GME211217C00170000|18.20|21.00|15.00|14.20|17.20|2|3.00|0.2113|42|177|1|31|0.6048|0.0141|0.0279|-0.4769|0.1170||18.95|49|16.55|63
GME211217P00170000|13.50|13.61|10.82|17.48|10.90|2|-6.58|-0.3764|-14|1078|5|109|-0.3962|0.0138|-0.0235|-0.4890|0.1171||11.55|30|10.85|69
GME211217C00175000|15.05|18.05|13.00|12.35|14.75|1|2.40|0.1943|5|213|1|97|0.5314|0.0147|0.0248|-0.4885|0.1209||15.35|1|14.45|20
GME211217P00175000|15.60|16.18|12.20|18.97|13.59|1|-5.38|-0.2836|-22|763|1|316|-0.4676|0.0143|-0.0280|-0.5031|0.1208||14.15|25|13.15|82
GME211217C00180000|11.50|15.25|10.85|10.25|12.80|1|2.55|0.2488|542|1045|1|355|0.4591|0.0146|0.0216|-0.4893|0.1206||13.00|16|12.15|7
GME211217P00180000|18.00|18.00|15.00|21.74|16.25|1|-5.49|-0.2525|-9|1119|1|60|-0.5385|0.0143|-0.0326|-0.5009|0.1207||16.95|42|15.80|84
GME211217C00185000|10.83|13.45|9.00|8.75|10.54|2|1.79|0.2046|62|346|10|97|0.3907|0.0141|0.0185|-0.4756|0.1166||11.05|28|10.15|23
GME211217P00185000|20.78|21.60|18.23|25.00|19.30|2|-5.70|-0.2280|8|254|1|14|-0.6061|0.0139|-0.0371|-0.4853|0.1169||19.95|16|18.60|83
GME211217C00187500|10.00|10.40|9.12|7.90|10.40|3|2.50|0.3165|2|44|1|11|0.4207|0.0101|0.0190|-0.6885|0.1188||10.40|45|9.05|57
GME211217P00187500||||27.07|27.07|3|0.00|0.0000|0|116|0|0|-0.5402|0.0080|-0.0367|-0.8941|0.1206||22.10|17|19.45|70
GME211217C00190000|9.00|11.65|7.94|7.20|8.70|4|1.50|0.2083|-19|254|1|82|0.3282|0.0132|0.0157|-0.4506|0.1098||9.40|51|8.40|93
GME211217P00190000|23.16|24.57|20.00|29.00|23.73|4|-5.27|-0.1817|4|435|1|30|-0.6666|0.0129|-0.0414|-0.4638|0.1105||23.85|26|21.80|63
GME211217C00192500|9.10|9.50|8.10|7.35|8.40|5|1.05|0.1429|4|43|1|29|0.3708|0.0100|0.0170|-0.6522|0.1148||8.85|77|7.75|87
GME211217P00192500||||38.40|38.40|5|0.00|0.0000|0|113|0|0|-0.5155|0.0057|-0.0388|-1.2644|0.1211||25.65|17|23.10|66
GME211217C00195000|7.72|9.55|7.40|6.35|7.65|6|1.30|0.2047|12|170|1|39|0.2734|0.0120|0.0131|-0.4192|0.1011||7.95|47|7.30|22
GME211217P00195000|29.00|29.00|25.35|31.75|27.43|6|-4.32|-0.1361|-12|429|1|27|-0.7213|0.0119|-0.0454|-0.4316|0.1021||27.55|9|24.90|80
GME211217C00197500|8.33|8.33|6.30|5.75|6.30|7|0.55|0.0957|2|39|1|9|0.3122|0.0099|0.0145|-0.5745|0.1075||7.45|82|6.65|59
GME211217P00197500||||42.50|42.50|7|0.00|0.0000|0|93|0|0|-0.5359|0.0055|-0.0411|-1.2938|0.1207||29.55|17|26.90|47
GME211217C00200000|5.40|8.30|5.40|5.55|6.45|8|0.90|0.1622|308|3025|1|431|0.2268|0.0107|0.0109|-0.3852|0.0916||6.65|24|6.20|14
GME211217P00200000|31.50|31.50|29.00|38.96|29.65|8|-9.31|-0.2390|-44|1875|13|31|-0.7668|0.0106|-0.0491|-0.3998|0.0930||31.35|38|29.35|8
GME211217C00202500|6.11|7.70|5.60|5.85|5.98|9|0.13|0.0222|4|39|2|24|0.2878|0.0089|0.0133|-0.5914|0.1036||6.45|54|5.60|100
GME211217P00202500||||38.80|38.80|9|0.00|0.0000|0|120|0|0|-0.6274|0.0071|-0.0449|-0.9179|0.1150||33.40|21|30.55|53
GME211217C00205000|5.53|7.00|5.32|4.50|5.65|10|1.15|0.2556|36|100|1|39|0.2711|0.0086|0.0126|-0.5790|0.1007||5.85|44|5.20|90
GME211217P00205000|36.60|36.60|36.60|41.50|36.60|10|-4.90|-0.1181|-2|161|1|1|-0.7015|0.0082|-0.0482|-0.6701|0.1054||35.60|22|32.70|56
GME211217C00207500|5.40|5.73|5.25|5.65|5.35|11|-0.30|-0.0531|3|34|1|15|0.2575|0.0083|0.0119|-0.5729|0.0981||5.55|65|4.85|90
GME211217P00207500|37.77|37.77|37.77|43.07|37.77|11|-5.30|-0.1231|3|219|1|1|-0.7332|0.0081|-0.0502|-0.6021|0.0999||37.80|12|34.65|86
GME211217C00210000|5.25|6.05|4.35|4.35|5.02|12|0.67|0.1540|16|813|1|200|0.1462|0.0082|0.0071|-0.2931|0.0696||5.40|105|4.55|80
GME211217P00210000|38.00|43.00|34.90|47.90|39.60|12|-8.30|-0.1733|65|273|2|95|-0.8487|0.0082|-0.0559|-0.3046|0.0713||39.95|19|36.95|67
GME211217C00212500|4.80|4.80|4.80|4.58|4.80|13|0.22|0.0480|21|35|4|6|0.2349|0.0076|0.0109|-0.5655|0.0934||5.10|89|4.25|67
GME211217P00212500||||42.25|42.25|13|0.00|0.0000|0|59|0|0|-0.7555|0.0075|-0.0528|-0.5965|0.0954||42.20|19|39.15|47
GME211217C00215000|4.45|5.20|4.05|3.82|4.30|14|0.48|0.1257|20|123|6|61|0.2162|0.0073|0.0101|-0.5331|0.0891||4.55|21|4.10|13
GME211217P00215000||||54.30|54.30|14|0.00|0.0000|-5|99|0|0|-0.6244|0.0054|-0.0494|-1.2016|0.1153||44.55|20|41.40|28
GME211217C00217500|4.85|5.00|3.80|5.10|4.40|15|-0.70|-0.1373|0|40|1|21|0.2150|0.0070|0.0100|-0.5558|0.0888||4.50|79|3.80|63
GME211217P00217500|46.54|46.80|46.54|56.80|46.80|15|-10.00|-0.1761|-6|49|2|3|-0.7747|0.0069|-0.0552|-0.5898|0.0912||46.85|18|43.65|28
GME211217C00220000|4.00|4.65|3.50|3.40|3.95|16|0.55|0.1618|-8|1871|1|129|0.0921|0.0058|0.0045|-0.2132|0.0502||4.30|72|3.60|79
GME211217P00220000||||59.00|59.00|16|0.00|0.0000|-1|423|0|0|-0.9013|0.0060|-0.0615|-0.2298|0.0528||49.25|17|45.95|18
GME211217C00222500|3.80|3.80|3.65|3.30|3.73|17|0.43|0.1303|11|81|1|9|0.1892|0.0065|0.0088|-0.5162|0.0822||4.10|61|3.45|52
GME211217P00222500||||49.15|49.15|17|0.00|0.0000|0|21|0|0|-0.8512|0.0063|-0.0600|-0.3854|0.0705||51.60|12|48.30|17
GME211217C00225000|3.75|4.15|3.38|3.00|3.65|18|0.65|0.2167|11|139|1|70|0.1791|0.0062|0.0083|-0.5027|0.0795||3.70|7|3.40|5
GME211217P00225000||||49.64|49.64|18|0.00|0.0000|0|30|0|0|-0.9305|0.0047|-0.0644|-0.1702|0.0406||53.90|15|50.60|21
GME211217C00227500|3.80|3.80|3.45|3.60|3.45|19|-0.15|-0.0417|1|10|1|3|0.1743|0.0059|0.0081|-0.5054|0.0781||3.65|46|3.15|38
GME211217P00227500||||51.86|51.86|19|0.00|0.0000|0|60|0|0|-0.9454|0.0041|-0.0659|-0.1366|0.0336||56.40|12|53.00|12
GME211217C00230000|3.25|3.67|3.10|3.05|3.29|20|0.24|0.0787|2|438|5|48|0.0602|0.0041|0.0030|-0.1586|0.0363||3.50|48|3.10|38
GME211217P00230000|57.65|57.65|57.65|64.00|57.65|20|-6.35|-0.0992|0|63|1|1|-0.9364|0.0042|-0.0662|-0.1674|0.0379||58.90|17|55.35|17
GME211217C00232500|3.25|3.30|3.25|2.66|3.30|21|0.64|0.2406|-1|85|1|2|0.1638|0.0055|0.0076|-0.5041|0.0751||3.45|62|3.00|47
GME211217P00232500||||53.30|53.30|21|0.00|0.0000|0|19|0|0|-0.9634|0.0030|-0.0682|-0.0961|0.0243||61.25|14|57.70|22
GME211217C00235000|3.10|3.35|2.98|2.80|3.00|22|0.20|0.0714|11|89|1|14|0.1525|0.0053|0.0071|-0.4791|0.0716||3.40|45|2.88|27
GME211217P00235000||||68.76|68.76|22|0.00|0.0000|0|61|0|0|-0.7226|0.0051|-0.0590|-1.0067|0.1018||64.10|12|60.15|20
GME211217C00240000|2.83|3.18|2.68|2.62|2.84|23|0.22|0.0840|25|346|5|59|0.0364|0.0027|0.0018|-0.1068|0.0243||3.00|30|2.70|28
GME211217P00240000||||73.45|73.45|23|0.00|0.0000|0|54|0|0|-0.9590|0.0029|-0.0703|-0.1200|0.0267||68.95|12|64.95|20
GME211217C00245000|2.75|3.00|2.68|2.74|2.68|24|-0.06|-0.0219|4|200|3|50|0.1340|0.0046|0.0062|-0.4651|0.0656||2.80|15|2.59|10
GME211217P00245000||||78.00|78.00|24|0.00|0.0000|1|39|0|0|-0.7448|0.0047|-0.0630|-1.0043|0.0976||73.80|11|69.80|21
GME211217C00250000|2.75|2.77|2.26|2.39|2.55|25|0.16|0.0669|58|1302|1|358|0.0226|0.0018|0.0011|-0.0728|0.0163||2.62|4|2.46|5
GME211217P00250000|76.30|76.30|76.30|85.24|76.30|25|-8.94|-0.1049|-1|54|1|1|-0.9751|0.0019|-0.0741|-0.0799|0.0177||78.65|12|74.65|20
GME211217C00255000|2.16|2.51|2.16|2.26|2.51|26|0.25|0.1106|0|359|5|29|0.1214|0.0040|0.0056|-0.4602|0.0613||2.60|47|2.31|24
GME211217P00255000||||39.75|39.75|26|0.00|0.0000|0|5|0|0|-1.0000|0.0000|-0.0768|0.0008|0.0000||83.50|7|79.50|23
GME211217C00260000|2.30|2.49|2.27|2.37|2.36|27|-0.01|-0.0042|-4|519|1|32|0.0137|0.0012|0.0007|-0.0479|0.0106||2.49|55|2.21|26
GME211217P00260000||||89.25|89.25|27|0.00|0.0000|0|21|0|0|-0.9847|0.0013|-0.0776|-0.0531|0.0117||88.45|11|84.40|24
GME211217C00270000|2.00|2.25|2.00|2.10|2.18|28|0.08|0.0381|64|636|1|15|0.0089|0.0008|0.0004|-0.0337|0.0073||2.33|47|2.04|43
GME211217P00270000||||102.35|102.35|28|0.00|0.0000|-19|30|0|0|-0.9897|0.0009|-0.0809|-0.0384|0.0083||98.30|4|94.20|18
GME211217C00280000|1.97|2.16|1.83|1.98|2.06|29|0.08|0.0404|32|2058|1|37|0.0060|0.0005|0.0003|-0.0245|0.0052||2.04|1|1.91|20
GME211217P00280000|106.96|106.96|106.96|91.00|106.96|29|15.96|0.1754|0|10|2|2|-0.9932|0.0006|-0.0840|-0.0269|0.0058||108.00|17|104.05|24
GME211217C00290000|1.90|1.99|1.81|1.80|1.81|30|0.01|0.0056|6|531|1|58|0.0041|0.0004|0.0002|-0.0176|0.0036||1.98|10|1.82|12
GME211217P00290000|116.82|116.82|116.82|127.73|116.82|30|-10.91|-0.0854|-2|23|2|2|-0.9949|0.0004|-0.0871|-0.0212|0.0045||118.00|17|113.90|28
GME211217C00300000|2.99|2.99|1.54|1.60|1.76|31|0.16|0.1000|-109|5622|1|269|0.0027|0.0003|0.0001|-0.0122|0.0025||1.85|5|1.76|8
GME211217P00300000|120.20|120.20|120.20|126.50|120.20|31|-6.30|-0.0498|0|20|1|1|-0.9968|0.0003|-0.0903|-0.0136|0.0029||127.90|17|123.80|19
GME211217C00310000|1.84|1.84|1.62|1.62|1.77|32|0.15|0.0926|16|384|1|21|0.0017|0.0002|0.0001|-0.0082|0.0017||1.80|23|1.65|20
GME211217P00310000||||102.75|102.75|32|0.00|0.0000|0|3|0|0|-0.9978|0.0002|-0.0933|-0.0097|0.0021||137.85|17|133.70|28
GME211217C00320000|1.65|1.69|1.58|1.49|1.58|33|0.09|0.0604|11|459|1|51|0.0012|0.0001|0.0001|-0.0060|0.0012||1.76|37|1.57|17
GME211217P00320000||||96.00|96.00|33|0.00|0.0000|0|17|0|0|-0.9984|0.0001|-0.0964|-0.0069|0.0015||147.60|17|143.60|28
GME211217C00330000|1.58|1.60|1.46|1.49|1.59|34|0.10|0.0671|21|234|1|44|0.0008|0.0001|0.0000|-0.0044|0.0009||1.67|40|1.50|2
GME211217P00330000||||159.50|159.50|34|0.00|0.0000|0|3|0|0|-0.9989|0.0001|-0.0994|-0.0047|0.0011||157.60|12|153.55|19
GME211217C00340000|1.45|1.51|1.45|1.41|1.51|35|0.10|0.0709|0|232|1|13|0.0006|0.0001|0.0000|-0.0035|0.0007||1.59|23|1.41|20
GME211217P00340000||||126.85|126.85|35|0.00|0.0000|0|7|0|0|-0.9992|0.0001|-0.1024|-0.0032|0.0008||167.60|17|163.45|24
GME211217C00350000|1.44|1.50|1.20|1.33|1.40|36|0.07|0.0526|-148|856|18|170|0.0005|0.0000|0.0000|-0.0027|0.0005||1.50|14|1.35|12
GME211217P00350000||||133.85|133.85|36|0.00|0.0000|0|4|0|0|-0.9994|0.0001|-0.1054|-0.0023|0.0006||177.60|4|173.40|19
GME211217C00360000|1.29|1.53|1.29|1.15|1.40|37|0.25|0.2174|-3|312|1|13|0.0004|0.0000|0.0000|-0.0023|0.0004||1.47|37|1.30|7
GME211217P00360000||||||37|||0|0|0|0|-0.9995|0.0000|-0.1085|-0.0017|0.0005||187.60|11|183.35|22
GME211217C00370000|1.40|1.40|1.35|1.43|1.35|38|-0.08|-0.0559|1|447|1|2|0.0003|0.0000|0.0000|-0.0019|0.0003||1.47|71|1.20|30
GME211217P00370000||||172.65|172.65|38|0.00|0.0000|0|3|0|0|-0.9996|0.0000|-0.1115|-0.0011|0.0004||197.45|12|193.30|20
GME211217C00380000|1.34|1.34|1.30|1.20|1.30|39|0.10|0.0833|7|175|1|2|0.0003|0.0000|0.0000|-0.0016|0.0003||1.42|43|1.14|20
GME211217P00380000||||208.83|208.83|39|0.00|0.0000|0|16|0|0|-0.9997|0.0000|-0.1145|-0.0006|0.0003||207.35|10|203.25|16
GME211217C00390000|1.20|1.24|1.14|1.16|1.14|40|-0.02|-0.0172|71|265|1|16|0.0002|0.0000|0.0000|-0.0014|0.0002||1.24|6|1.17|2
GME211217P00390000||||||40|||0|0|0|0|-0.9997|0.0000|-0.1175|-0.0004|0.0003||217.35|1|213.20|12
GME211217C00400000|1.10|1.21|0.90|1.10|1.10|41|0.00|0.0000|49|1325|2|232|0.0002|0.0000|0.0000|-0.0011|0.0002||1.17|13|1.10|1
GME211217P00400000||||238.75|238.75|41|0.00|0.0000|0|3|0|0|-0.9998|0.0000|-0.1205|-0.0001|0.0003||227.25|10|223.15|16
GME211217C00410000|1.00|1.10|1.00|1.10|1.10|42|0.00|0.0000|1|227|1|4|0.0001|0.0000|0.0000|-0.0008|0.0001||1.16|49|0.91|77
GME211217P00410000||||190.90|190.90|42|0.00|0.0000|0|3|0|0|-0.9998|0.0000|-0.1235|0.0001|0.0002||237.20|17|233.10|18
GME211217C00420000|1.09|1.10|0.92|0.92|1.05|43|0.13|0.1413|-2|540|1|6|0.0001|0.0000|0.0000|-0.0007|0.0001||1.15|40|0.91|12
GME211217P00420000||||189.85|189.85|43|0.00|0.0000|0|16|0|0|-0.9999|0.0000|-0.1266|0.0008|0.0001||247.15|10|243.05|17
GME211217C00430000|1.00|1.05|0.83|1.04|1.05|44|0.01|0.0096|7|220|1|23|0.0001|0.0000|0.0000|-0.0006|0.0001||1.15|35|0.88|1
GME211217P00430000||||244.20|244.20|44|0.00|0.0000|0|0|0|0|-0.9999|0.0000|-0.1296|0.0009|0.0001||257.15|1|253.00|12
GME211217C00440000||||0.80|0.80|45|0.00|0.0000|2|474|0|0|0.0001|0.0000|0.0000|-0.0005|0.0001||1.07|1|0.80|3
GME211217P00440000||||||45|||0|0|0|0|-1.0000|0.0000|-0.1326|0.0011|0.0001||267.15|1|262.90|12
GME211217C00450000|0.90|0.96|0.81|0.84|0.96|46|0.12|0.1429|62|745|10|18|0.0000|0.0000|0.0000|-0.0004|0.0001||1.00|1|0.88|1
GME211217P00450000||||||46|||0|0|0|0|-1.0000|0.0000|-0.1356|0.0012|0.0001||277.35|10|272.90|4
GME211217C00460000|0.88|1.07|0.76|0.90|0.83|47|-0.07|-0.0778|0|1139|2|81|0.0000|0.0000|0.0000|-0.0004|0.0001||1.02|14|0.75|10
GME211217P00460000||||261.60|261.60|47|0.00|0.0000|0|5|0|0|-1.0000|0.0000|-0.1386|0.0013|0.0000||287.10|12|282.90|7
GME211217C00470000|0.80|0.86|0.80|1.00|0.84|48|-0.16|-0.1600|0|190|1|4|0.0328|0.0009|0.0015|-0.2770|0.0223||0.99|14|0.68|14
GME211217P00470000||||||48||||0|0|0|-1.0000|0.0000|-0.1416|0.0016|0.0000||297.15|1|291.60|12
GME211217C00480000|0.65|0.65|0.65|0.80|0.65|49|-0.15|-0.1875|2|245|1|1|0.0266|0.0008|0.0012|-0.2285|0.0187||0.96|14|0.64|6
GME211217P00480000||||264.21|264.21|49|0.00|0.0000|0|7|0|0|-0.9947|0.0002|-0.1444|-0.0433|0.0047||307.15|12|302.85|7
GME211217C00490000|0.74|0.80|0.73|0.80|0.73|50|-0.07|-0.0875|-1|151|1|4|0.0288|0.0008|0.0013|-0.2514|0.0200||0.94|4|0.59|39
GME211217P00490000||||274.04|274.04|50|0.00|0.0000|0|7|0|0|-0.9924|0.0003|-0.1473|-0.0637|0.0064||317.20|10|311.55|12
GME211217C00500000|0.75|0.80|0.56|0.66|0.71|51|0.05|0.0758|16|2452|1|55|0.0278|0.0008|0.0012|-0.2473|0.0194||0.77|5|0.60|1
GME211217P00500000||||290.05|290.05|51|0.00|0.0000|0|7|0|0|-0.9837|0.0005|-0.1499|-0.1425|0.0124||327.15|12|321.50|20
GME211217C00510000|0.63|0.79|0.63|0.65|0.67|52|0.02|0.0308|67|1621|5|234|-0.9743|0.0008|-0.1496|-0.2101|0.0182||0.70|30|0.62|1
GME211217P00510000||||277.97|277.97|52|0.00|0.0000|0|0|0|0|-0.9958|0.0002|-0.1535|-0.0353|0.0037||337.10|12|331.50|21
GME211223C00100000||||71.00|71.00|12|0.00|0.0000|0|13|0|0|0.9328|0.0017|0.0398|-0.2941|0.0492||79.35|7|75.60|16
GME211223P00100000|2.42|2.42|1.54|2.13|1.54|12|-0.59|-0.2770|61|375|1|43|-0.0460|0.0015|-0.0044|-0.1856|0.0364||1.60|4|1.41|7
GME211223C00110000||||||11||||0|0|0|1.0000|0.0000|0.0512|-0.0004|0.0000||70.70|18|65.75|12
GME211223P00110000|2.10|2.29|2.10|2.57|2.15|11|-0.42|-0.1634|415|520|1|4|-0.0657|0.0021|-0.0063|-0.2293|0.0483||2.32|56|1.74|17
GME211223C00120000||||49.37|49.37|10|0.00|0.0000|1|2|0|0|0.9454|0.0025|0.0509|-0.1464|0.0418||61.30|19|56.10|10
GME211223P00120000|3.00|3.17|2.33|4.10|2.33|10|-1.77|-0.4317|0|37|1|32|-0.0817|0.0028|-0.0077|-0.2369|0.0571||2.49|2|2.28|2
GME211223C00130000||||41.20|41.20|9|0.00|0.0000|1|1|0|0|0.8959|0.0039|0.0508|-0.2467|0.0683||51.30|12|46.90|12
GME211223P00130000|3.58|3.58|3.40|5.25|3.40|9|-1.85|-0.3524|5|141|1|3|-0.1169|0.0039|-0.0110|-0.2872|0.0742||3.85|21|3.20|1
GME211223C00140000|41.10|41.10|41.10|41.10|41.10|8|0.00|0.0000|0|0|1|1|0.8278|0.0053|0.0488|-0.3648|0.0964||42.60|17|39.10|11
GME211223P00140000|4.85|4.93|4.85|7.23|4.93|8|-2.30|-0.3181|7|49|1|2|-0.1667|0.0053|-0.0158|-0.3458|0.0944||5.30|18|4.40|13
GME211223C00145000||||||7||||0|0|0|1.0000|0.0000|0.0675|-0.0005|0.0000||39.40|13|35.05|3
GME211223P00145000|6.77|6.77|5.88|8.30|6.50|7|-1.80|-0.2169|3|14|4|15|-0.2049|0.0059|-0.0197|-0.4005|0.1073||6.25|15|5.30|16
GME211223C00150000||||28.10|28.10|6|0.00|0.0000|0|21|0|0|0.8562|0.0082|0.0571|-0.1839|0.0856||34.45|10|31.20|12
GME211223P00150000|9.75|9.75|6.65|11.00|7.11|6|-3.89|-0.3536|6|161|1|31|-0.2321|0.0068|-0.0222|-0.4030|0.1153||7.40|8|6.35|8
GME211223C00155000||||29.20|29.20|5|0.00|0.0000|0|11|0|0|0.7261|0.0074|0.0458|-0.4422|0.1258||30.80|11|27.90|5
GME211223P00155000|9.27|9.27|8.65|13.30|8.65|5|-4.65|-0.3496|1|79|1|3|-0.2723|0.0075|-0.0262|-0.4341|0.1254||8.80|24|7.65|30
GME211223C00160000||||22.77|22.77|4|0.00|0.0000|1|20|0|0|0.7076|0.0097|0.0473|-0.3595|0.1299||27.35|9|24.60|8
GME211223P00160000|10.00|11.08|9.90|13.20|9.93|4|-3.27|-0.2477|5|71|1|19|-0.3113|0.0083|-0.0300|-0.4439|0.1336||10.45|18|9.20|41
GME211223C00165000|22.80|22.80|19.80|18.80|19.80|3|1.00|0.0532|32|48|1|12|0.6519|0.0103|0.0441|-0.3916|0.1396||24.35|14|21.60|17
GME211223P00165000|13.12|13.33|11.97|17.15|13.33|3|-3.82|-0.2227|31|315|10|38|-0.3610|0.0081|-0.0356|-0.5091|0.1415||12.45|18|11.05|53
GME211223C00170000|20.25|20.25|19.22|18.44|19.98|2|1.54|0.0835|5|35|10|15|0.5963|0.0088|0.0394|-0.5000|0.1464||21.50|17|18.80|17
GME211223P00170000|15.51|15.78|13.71|20.03|15.78|2|-4.25|-0.2122|1|62|15|85|-0.4034|0.0083|-0.0402|-0.5288|0.1463||14.65|20|13.15|27
GME211223C00175000|17.20|21.00|17.06|16.30|17.30|1|1.00|0.0613|19|38|1|49|0.5503|0.0091|0.0368|-0.5041|0.1496||18.95|18|16.30|5
GME211223P00175000|18.00|18.29|16.00|22.05|17.13|1|-4.92|-0.2231|-4|43|1|41|-0.4497|0.0091|-0.0447|-0.5040|0.1496||17.20|7|15.45|2
