symbol|open|high|low|preClose|close|activeLevel|change|changeRatio|openIntChange|openInterest|latestPriceVol|volume|delta|gamma|rho|theta|vega|tradeStamptradeTime|ask|avol|bid|bvol
GME211210C00100000|67.07|72.35|67.00|65.54|70.90|10|5.36|0.0818|1|2|44|215|0.9701|0.0013|0.0129|-0.3577|0.0135||73.95|20|69.00|13
GME211210P00100000|1.49|2.05|1.23|1.45|1.48|10|0.03|0.0207|481|720|1|2518|-0.0474|0.0016|-0.0013|-0.6021|0.0197||1.56|2|1.43|11
GME211210C00110000||||76.13|76.13|9|0.00|0.0000|0|2|0|0|0.8331|0.0020|0.0090|-3.0951|0.0499||64.10|17|59.15|16
GME211210P00110000|1.65|2.30|1.65|1.80|1.78|9|-0.02|-0.0111|89|304|1|668|-0.0626|0.0023|-0.0017|-0.6694|0.0246||1.83|3|1.69|11
GME211210C00120000||||56.97|56.97|8|0.00|0.0000|0|1|0|0|0.8506|0.0032|0.0120|-1.6859|0.0464||54.65|7|49.55|15
GME211210P00120000|2.50|2.90|2.03|2.43|2.18|8|-0.25|-0.1029|529|792|1|996|-0.0804|0.0031|-0.0021|-0.7072|0.0298||2.20|2|2.10|6
GME211210C00130000|38.97|43.65|38.97|38.97|41.19|7|2.22|0.0570|0|0|1|11|0.9359|0.0039|0.0162|-0.4073|0.0250||45.75|10|40.50|11
GME211210P00130000|3.25|3.85|2.70|3.10|2.94|7|-0.16|-0.0516|414|845|17|591|-0.1170|0.0046|-0.0031|-0.8319|0.0390||3.00|4|2.69|4
GME211210C00140000|30.25|31.00|30.25|29.50|31.00|6|1.50|0.0508|5|34|1|16|0.8272|0.0063|0.0146|-1.0438|0.0510||36.95|13|31.70|12
GME211210P00140000|4.70|5.50|3.62|4.30|3.98|6|-0.32|-0.0744|290|731|1|596|-0.1624|0.0064|-0.0043|-0.9471|0.0490||4.20|28|3.75|21
GME211210C00145000|28.00|29.56|25.50|24.75|29.56|5|4.81|0.1943|8|8|1|15|0.8531|0.0080|0.0161|-0.6581|0.0459||32.20|24|27.65|17
GME211210P00145000|5.25|6.55|4.15|5.20|4.80|5|-0.40|-0.0769|108|123|1|272|-0.1982|0.0074|-0.0053|-1.0418|0.0556||5.00|1|4.50|13
GME211210C00150000|25.89|26.40|22.00|24.62|25.95|4|1.33|0.0540|53|73|6|41|0.7615|0.0086|0.0142|-1.1179|0.0618||28.25|27|23.85|14
GME211210P00150000|6.90|8.20|5.00|6.25|5.65|4|-0.60|-0.0960|435|895|1|745|-0.2306|0.0089|-0.0061|-1.0443|0.0607||5.90|1|5.50|11
GME211210C00155000|21.89|23.00|21.80|23.55|21.80|3|-1.75|-0.0743|13|58|6|9|0.7169|0.0098|0.0137|-1.1640|0.0675||23.55|29|20.05|15
GME211210P00155000|8.20|9.73|6.30|8.00|7.05|3|-0.95|-0.1188|127|371|10|347|-0.2780|0.0102|-0.0074|-1.1081|0.0669||7.10|1|6.75|12
GME211210C00160000|18.50|19.60|15.00|21.00|17.76|2|-3.24|-0.1543|50|254|1|32|0.6662|0.0112|0.0130|-1.1803|0.0726||18.85|31|16.65|22
GME211210P00160000|10.40|11.85|7.45|9.45|8.51|2|-0.94|-0.0995|56|497|1|756|-0.3350|0.0111|-0.0089|-1.1975|0.0727||8.80|15|8.25|16
GME211210C00165000|16.50|16.85|12.35|18.15|14.60|1|-3.55|-0.1956|57|60|2|193|0.6070|0.0124|0.0121|-1.1897|0.0767||15.25|34|13.95|16
GME211210P00165000|12.95|14.18|9.35|10.85|10.55|1|-0.30|-0.0276|22|384|5|578|-0.3945|0.0119|-0.0106|-1.2473|0.0768||10.75|15|10.10|14
GME211210C00170000|12.80|14.60|10.00|14.85|11.75|1|-3.10|-0.2088|156|177|1|633|0.5435|0.0124|0.0109|-1.2635|0.0791||12.25|12|11.35|13
GME211210P00170000|15.35|17.00|11.40|13.48|12.70|1|-0.78|-0.0579|154|595|1|354|-0.4574|0.0128|-0.0123|-1.2284|0.0792||13.35|11|12.00|48
GME211210C00175000|10.15|11.91|8.30|13.46|9.50|2|-3.96|-0.2942|199|272|1|323|0.4805|0.0127|0.0098|-1.2528|0.0795||9.85|16|9.15|10
GME211210P00175000|18.75|19.50|14.50|16.00|15.00|2|-1.00|-0.0625|-4|518|1|198|-0.5233|0.0132|-0.0142|-1.2024|0.0795||16.40|15|14.50|49
GME211210C00177500|12.00|12.00|7.50|12.00|9.85|3|-2.15|-0.1792|20|47|2|174|0.4493|0.0126|0.0092|-1.2386|0.0790||9.00|31|8.00|17
GME211210P00177500|20.35|20.35|16.05|22.55|16.86|3|-5.69|-0.2523|32|266|1|50|-0.5510|0.0127|-0.0151|-1.2351|0.0790||17.70|14|15.65|47
GME211210C00180000|8.40|10.00|6.50|11.20|7.95|4|-3.25|-0.2902|98|404|1|543|0.4162|0.0127|0.0086|-1.1958|0.0778||8.30|54|7.20|13
GME211210P00180000|21.67|23.10|17.56|19.50|18.60|4|-0.90|-0.0462|-75|630|1|65|-0.5824|0.0126|-0.0161|-1.2074|0.0779||19.15|11|17.60|20
GME211210C00182500|7.53|8.70|6.00|9.20|7.00|5|-2.20|-0.2391|82|148|1|132|0.3757|0.0131|0.0078|-1.0961|0.0757||7.95|84|6.40|50
GME211210P00182500|21.20|23.00|19.50|26.97|20.50|5|-6.47|-0.2399|27|232|1|14|-0.5998|0.0117|-0.0168|-1.2796|0.0771||20.90|13|19.45|19
GME211210C00185000|7.00|8.00|5.30|9.00|6.00|6|-3.00|-0.3333|114|246|2|570|0.3506|0.0125|0.0073|-1.0961|0.0740||6.30|30|5.70|35
GME211210P00185000|24.00|26.95|22.09|22.22|22.39|6|0.17|0.0077|13|469|10|123|-0.6457|0.0124|-0.0180|-1.1197|0.0742||23.05|18|20.85|46
GME211210C00187500|5.05|7.05|4.70|8.15|5.10|7|-3.05|-0.3742|18|82|1|95|0.3413|0.0114|0.0071|-1.1812|0.0732||5.70|34|5.10|29
GME211210P00187500|24.95|28.00|24.95|29.08|28.00|7|-1.08|-0.0371|3|259|3|7|-0.6040|0.0092|-0.0178|-1.6144|0.0769||25.00|11|22.45|23
GME211210C00190000|6.42|6.71|4.25|8.00|4.85|8|-3.15|-0.3938|151|350|4|391|0.3033|0.0114|0.0063|-1.0673|0.0697||5.15|48|4.50|64
GME211210P00190000|27.48|30.38|26.00|29.43|26.12|8|-3.31|-0.1125|14|512|10|31|-0.6787|0.0109|-0.0194|-1.1790|0.0715||27.50|21|24.15|27
GME211210C00192500|5.25|5.85|4.05|6.25|5.65|9|-0.60|-0.0960|0|88|16|64|0.2942|0.0106|0.0061|-1.1200|0.0688||4.50|34|4.00|61
GME211210P00192500|30.60|30.60|27.83|35.21|27.83|9|-7.38|-0.2096|4|122|2|7|-0.7144|0.0108|-0.0204|-1.0674|0.0678||29.10|11|25.75|26
GME211210C00195000|6.25|6.25|3.50|6.43|4.00|10|-2.43|-0.3779|42|292|25|246|0.2594|0.0104|0.0054|-1.0073|0.0647||4.00|29|3.60|64
GME211210P00195000|31.53|33.73|27.93|35.56|28.29|10|-7.27|-0.2044|18|303|1|13|-0.7700|0.0109|-0.0218|-0.8462|0.0606||31.55|11|27.80|30
GME211210C00197500|4.90|4.90|3.24|6.00|3.58|11|-2.42|-0.4033|21|127|1|99|0.2391|0.0099|0.0050|-0.9707|0.0619||4.00|56|3.25|60
GME211210P00197500|34.54|34.54|31.95|36.83|33.48|11|-3.35|-0.0910|1|120|4|15|-0.7180|0.0092|-0.0213|-1.2363|0.0674||33.30|18|28.95|34
GME211210C00200000|4.30|5.20|2.84|5.67|3.16|12|-2.51|-0.4427|954|1728|1|1863|0.2193|0.0094|0.0046|-0.9280|0.0590||3.25|7|3.10|1
GME211210P00200000|36.41|39.35|34.50|43.50|34.50|12|-9.00|-0.2069|19|699|1|27|-0.7468|0.0090|-0.0221|-1.1321|0.0638||35.80|22|31.45|18
GME211210C00202500|4.30|4.35|2.59|5.15|3.45|13|-1.70|-0.3301|17|94|1|95|0.2139|0.0088|0.0045|-0.9603|0.0581||3.15|36|2.65|25
GME211210P00202500||||45.70|45.70|13|0.00|0.0000|-13|35|0|0|-0.6232|0.0063|-0.0207|-2.2739|0.0758||38.20|12|33.55|13
GME211210C00205000|3.50|3.85|2.36|4.74|2.66|14|-2.08|-0.4388|69|238|1|226|0.1883|0.0084|0.0040|-0.8669|0.0539||2.75|25|2.50|2
GME211210P00205000|41.48|41.48|41.48|38.52|41.48|14|2.96|0.0768|4|180|1|1|-0.7220|0.0077|-0.0225|-1.4690|0.0669||40.05|16|35.95|10
GME211210C00207500|3.00|3.35|2.32|4.00|2.90|15|-1.10|-0.2750|4|82|1|33|0.1755|0.0079|0.0037|-0.8409|0.0515||2.63|31|2.20|28
GME211210P00207500|42.18|42.53|42.18|49.37|42.53|15|-6.84|-0.1385|6|26|5|6|-0.7670|0.0077|-0.0236|-1.2112|0.0610||42.50|18|38.45|10
GME211210C00210000|2.99|3.21|2.00|4.02|2.13|16|-1.89|-0.4701|23|359|1|301|0.1614|0.0075|0.0034|-0.8016|0.0488||2.33|15|2.05|12
GME211210P00210000|44.42|46.60|42.55|47.00|46.60|16|-0.40|-0.0085|29|141|2|29|-0.7311|0.0070|-0.0234|-1.5535|0.0658||44.85|17|40.95|12
GME211210C00212500|2.92|2.96|1.91|3.05|2.14|17|-0.91|-0.2984|8|88|1|32|0.1480|0.0070|0.0031|-0.7601|0.0461||2.14|8|1.90|6
GME211210P00212500|48.25|48.25|48.25|44.38|48.25|17|3.87|0.0872|1|38|1|1|-0.7608|0.0069|-0.0243|-1.3863|0.0619||47.35|18|42.65|24
GME211210C00215000|3.35|3.35|1.78|3.50|1.98|18|-1.52|-0.4343|50|216|1|210|0.1498|0.0067|0.0032|-0.8088|0.0465||1.98|11|1.75|30
GME211210P00215000|52.12|52.12|52.12|50.45|52.12|18|1.67|0.0331|41|73|1|1|-0.7381|0.0065|-0.0243|-1.6388|0.0650||49.45|18|45.15|18
GME211210C00217500|3.20|3.20|1.63|2.86|1.63|19|-1.23|-0.4301|5|35|1|13|0.1250|0.0062|0.0027|-0.6849|0.0411||1.89|12|1.62|34
GME211210P00217500|53.30|53.30|53.30|49.60|53.30|19|3.70|0.0746|10|37|1|1|-0.7687|0.0064|-0.0252|-1.4460|0.0608||51.95|18|47.65|18
GME211210C00220000|2.95|2.95|1.50|3.00|1.64|20|-1.36|-0.4533|8|421|1|515|0.1245|0.0059|0.0026|-0.7113|0.0410||1.73|13|1.53|18
GME211210P00220000|54.50|54.85|54.32|55.33|54.32|20|-1.01|-0.0183|9|165|2|5|-0.7973|0.0063|-0.0260|-1.2714|0.0563||54.45|22|50.15|18
GME211210C00222500|2.64|2.64|1.47|2.00|1.70|21|-0.30|-0.1500|4|92|1|30|0.1218|0.0057|0.0026|-0.7220|0.0403||1.71|20|1.45|34
GME211210P00222500||||42.95|42.95|21|0.00|0.0000|1|39|0|0|-0.9964|0.0007|-0.0304|-0.0173|0.0022||56.95|8|52.65|24
GME211210C00225000|2.60|2.60|1.27|2.70|1.55|22|-1.15|-0.4259|124|472|5|173|0.1149|0.0054|0.0024|-0.7016|0.0387||1.62|25|1.39|6
GME211210P00225000|54.45|61.85|54.45|63.55|61.85|22|-1.70|-0.0268|15|477|1|2|-0.7593|0.0057|-0.0261|-1.7023|0.0621||59.35|7|55.15|18
GME211210C00227500|2.19|2.19|1.36|2.10|1.39|23|-0.71|-0.3381|11|35|1|19|0.1046|0.0050|0.0022|-0.6546|0.0362||1.60|31|1.31|25
GME211210P00227500||||34.06|34.06|23|0.00|0.0000|0|35|0|0|-1.0000|0.0000|-0.0312|0.0006|0.0000||61.65|4|55.70|17
GME211210C00230000|2.02|2.02|1.15|2.40|1.27|24|-1.13|-0.4708|75|470|1|225|0.0973|0.0047|0.0021|-0.6253|0.0343||1.42|11|1.25|13
GME211210P00230000||||63.29|63.29|24|0.00|0.0000|-18|20|0|0|-0.8357|0.0054|-0.0282|-1.1357|0.0494||64.00|3|58.20|17
GME211210C00232500|1.97|1.97|1.20|1.90|1.27|25|-0.63|-0.3316|22|55|1|23|0.0913|0.0045|0.0019|-0.6028|0.0328||1.37|15|1.18|23
GME211210P00232500||||68.97|68.97|25|0.00|0.0000|-1|5|0|0|-0.7763|0.0052|-0.0275|-1.7049|0.0597||66.50|2|60.70|15
GME211210C00235000|2.04|2.04|1.09|2.11|1.21|26|-0.90|-0.4265|-34|864|2|121|0.0930|0.0044|0.0020|-0.6349|0.0332||1.32|19|1.15|13
GME211210P00235000||||74.05|74.05|26|0.00|0.0000|-3|32|0|0|-0.7351|0.0049|-0.0272|-2.1751|0.0653||68.95|3|63.15|13
GME211210C00237500|1.67|1.67|1.17|2.00|1.17|27|-0.83|-0.4150|1|20|1|8|0.0802|0.0040|0.0017|-0.5613|0.0296||1.25|17|1.08|21
GME211210P00237500||||76.45|76.45|27|0.00|0.0000|-1|24|0|0|-0.7396|0.0048|-0.0277|-2.1847|0.0648||71.45|4|65.50|16
GME211210C00240000|1.58|1.67|0.96|1.91|1.09|28|-0.82|-0.4293|-15|302|1|159|0.0812|0.0039|0.0017|-0.5806|0.0300||1.20|20|1.03|21
GME211210P00240000|74.06|74.06|71.95|79.00|71.95|28|-7.05|-0.0892|-3|31|1|3|-0.8832|0.0044|-0.0305|-0.8656|0.0392||73.95|4|67.95|16
GME211210C00245000|1.42|1.45|0.90|1.80|1.02|29|-0.78|-0.4333|16|182|5|141|0.0782|0.0036|0.0016|-0.5879|0.0291||1.08|1|0.95|22
GME211210P00245000||||50.19|50.19|29|0.00|0.0000|0|23|0|0|-0.9999|0.0000|-0.0336|-0.0001|0.0001||78.90|2|72.90|16
GME211210C00250000|1.50|1.60|0.81|1.71|0.97|30|-0.74|-0.4327|563|2863|1|2157|0.0687|0.0033|0.0015|-0.5382|0.0264||1.00|13|0.92|6
GME211210P00250000|83.20|83.20|83.20|60.35|83.20|30|22.85|0.3786|0|15|2|2|-0.8584|0.0042|-0.0314|-1.1979|0.0445||83.70|2|77.85|16
GME211210C00255000|1.33|1.33|0.58|1.61|0.92|31|-0.69|-0.4286|12|73|1|258|0.0666|0.0031|0.0014|-0.5455|0.0258||0.96|14|0.83|22
GME211210P00255000||||40.40|40.40|31|0.00|0.0000|0|5|0|0|-1.0000|0.0000|-0.0349|0.0008|0.0000||88.50|3|82.80|16
GME211210C00260000|1.45|1.45|0.73|1.44|0.92|32|-0.52|-0.3611|-82|892|1|1291|0.0615|0.0028|0.0013|-0.5239|0.0242||0.94|25|0.80|20
GME211210P00260000||||69.85|69.85|32|0.00|0.0000|0|22|0|0|-0.9992|0.0001|-0.0356|-0.0051|0.0005||93.50|3|87.80|16
GME211210C00270000|0.88|1.15|0.64|1.30|0.77|33|-0.53|-0.4077|-13|180|1|311|0.0517|0.0024|0.0011|-0.4715|0.0211||0.84|18|0.66|19
GME211210P00270000||||103.46|103.46|33|0.00|0.0000|1|15|0|0|-0.8599|0.0036|-0.0342|-1.3822|0.0444||103.50|16|97.75|16
GME211210C00280000|1.14|1.14|0.57|1.08|0.69|34|-0.39|-0.3611|17|259|2|76|0.0437|0.0020|0.0009|-0.4265|0.0184||0.75|15|0.60|19
GME211210P00280000||||112.20|112.20|34|0.00|0.0000|5|6|0|0|-0.8948|0.0031|-0.0363|-1.0793|0.0363||113.55|16|107.70|19
GME211210C00290000|1.09|1.09|0.54|1.10|0.62|35|-0.48|-0.4364|384|555|1|69|0.0403|0.0018|0.0008|-0.4161|0.0173||0.67|15|0.61|2
GME211210P00290000||||82.25|82.25|35|0.00|0.0000|0|7|0|0|-1.0000|0.0000|-0.0397|0.0007|0.0000||123.25|12|117.70|10
GME211210C00300000|0.90|0.95|0.43|1.00|0.56|36|-0.44|-0.4400|291|1210|1|949|0.0369|0.0016|0.0008|-0.4018|0.0161||0.58|11|0.56|9
GME211210P00300000||||76.00|76.00|36|0.00|0.0000|0|14|0|0|-1.0000|0.0000|-0.0411|0.0010|0.0000||133.40|12|127.70|10
GME211210C00310000|0.93|0.93|0.45|1.00|0.53|37|-0.47|-0.4700|19|283|1|99|0.0332|0.0014|0.0007|-0.3803|0.0148||0.54|14|0.51|6
GME211210P00310000||||83.61|83.61|37|0.00|0.0000|0|4|0|0|-1.0000|0.0000|-0.0425|0.0005|0.0000||143.35|16|137.70|28
GME211210C00320000|1.10|1.10|0.44|0.90|0.48|38|-0.42|-0.4667|1|277|7|98|0.0298|0.0013|0.0006|-0.3569|0.0135||0.52|20|0.36|19
GME211210P00320000||||89.47|89.47|38|0.00|0.0000|0|3|0|0|-1.0000|0.0000|-0.0438|0.0010|0.0000||153.20|7|147.70|44
GME211210C00330000|0.73|0.73|0.42|0.80|0.44|39|-0.36|-0.4500|3|249|7|238|0.0271|0.0012|0.0006|-0.3373|0.0125||0.53|20|0.43|10
GME211210P00330000||||||39||||0|0|0|-1.0000|0.0000|-0.0452|0.0011|0.0000||163.95|16|157.70|16
GME211210C00340000|0.75|0.78|0.34|0.82|0.40|40|-0.42|-0.5122|44|131|1|68|0.0244|0.0010|0.0005|-0.3163|0.0114||0.40|4|0.34|8
GME211210P00340000||||||40||||0|0|0|-1.0000|0.0000|-0.0466|0.0011|0.0000||173.05|16|167.70|22
GME211210C00350000|0.65|0.79|0.33|0.77|0.39|41|-0.38|-0.4935|62|499|1|306|0.0233|0.0010|0.0005|-0.3137|0.0110||0.41|21|0.36|2
GME211210P00350000||||||41||||0|0|0|-1.0000|0.0000|-0.0479|0.0011|0.0000||183.00|16|177.70|22
GME211210C00360000|0.61|0.61|0.29|0.77|0.35|42|-0.42|-0.5455|4|89|1|85|0.0210|0.0009|0.0004|-0.2923|0.0101||0.35|14|0.29|16
GME211210P00360000||||||42||||0|0|0|-1.0000|0.0000|-0.0493|0.0012|0.0000||194.20|16|187.75|38
GME211210C00370000|0.30|0.34|0.29|0.73|0.34|43|-0.39|-0.5342|17|38|1|3|0.0181|0.0008|0.0004|-0.2588|0.0089||0.32|7|0.29|6
GME211210P00370000||||||43||||0|0|0|0.0000|0.0000|0.0000|0.0000|0.0000||202.90|15|197.75|28
GME211210C00380000|0.70|0.70|0.30|0.66|0.30|44|-0.36|-0.5455|7|57|1|3|0.0181|0.0007|0.0004|-0.2672|0.0089||0.29|3|0.27|5
GME211210P00380000||||||44||||0|0|0|-1.0000|0.0000|-0.0521|0.0012|0.0000||212.85|15|207.75|28
GME211210C00390000|0.56|0.56|0.26|0.60|0.27|45|-0.33|-0.5500|27|79|1|115|0.0177|0.0007|0.0004|-0.2689|0.0087||0.26|5|0.23|13
GME211210P00390000||||||45||||0|0|0|-1.0000|0.0000|-0.0534|0.0013|0.0000||222.80|16|217.80|28
GME211210C00400000|0.54|0.54|0.20|0.54|0.25|46|-0.29|-0.5370|108|528|1|166|0.0159|0.0006|0.0003|-0.2492|0.0080||0.25|14|0.21|14
GME211210P00400000||||||46||||0|0|0|-1.0000|0.0000|-0.0548|0.0013|0.0000||232.75|16|227.80|28
GME211210C00410000|0.29|0.29|0.22|0.53|0.22|47|-0.31|-0.5849|11|70|1|60|0.0147|0.0006|0.0003|-0.2358|0.0074||0.23|6|0.19|14
GME211210P00410000||||||47||||0|0|0|-1.0000|0.0000|-0.0562|0.0013|0.0000||242.70|16|237.80|26
GME211210C00420000|0.48|0.48|0.21|0.49|0.22|48|-0.27|-0.5510|7|178|4|85|0.0133|0.0005|0.0003|-0.2188|0.0068||0.21|5|0.20|1
GME211210P00420000||||||48||||0|0|0|-1.0000|0.0000|-0.0575|0.0014|0.0000||252.75|10|247.80|13
GME211210C00430000|0.98|0.98|0.20|0.50|0.20|49|-0.30|-0.6000|2|306|1|9|0.0119|0.0005|0.0002|-0.1998|0.0062||0.20|5|0.10|13
GME211210P00430000||||||49||||0|0|0|-1.0000|0.0000|-0.0589|0.0014|0.0000||263.95|13|257.85|13
GME211210C00440000|0.35|0.42|0.20|0.44|0.22|50|-0.22|-0.5000|13|80|1|14|0.0126|0.0005|0.0003|-0.2163|0.0065||0.19|7|0.17|1
GME211210P00440000||||||50||||0|0|0|-1.0000|0.0000|-0.0603|0.0014|0.0000||273.25|13|267.85|28
GME211210C00450000|0.47|0.47|0.15|0.40|0.17|51|-0.23|-0.5750|8|296|1|586|0.0101|0.0004|0.0002|-0.1762|0.0053||0.17|73|0.16|1
GME211210P00450000||||||51||||0|0|0|-1.0000|0.0000|-0.0616|0.0015|0.0000||283.90|13|277.85|27
GME211210C00460000|0.36|0.36|0.12|0.40|0.17|52|-0.23|-0.5750|48|66|4|114|0.0109|0.0004|0.0002|-0.1942|0.0057||0.20|1|0.14|5
GME211210P00460000||||||52||||0|0|0|-1.0000|0.0000|-0.0630|0.0015|0.0000||293.90|12|287.85|13
GME211210C00470000|0.35|0.35|0.16|0.37|0.16|53|-0.21|-0.5676|1|23|1|211|0.0093|0.0004|0.0002|-0.1702|0.0050||0.18|4|0.12|100
GME211210P00470000||||||53||||0|0|0|-1.0000|0.0000|-0.0644|0.0015|0.0000||305.70|5|296.00|27
GME211210C00480000|0.31|0.48|0.15|0.40|0.15|54|-0.25|-0.6250|40|73|1|25|0.0087|0.0003|0.0002|-0.1619|0.0047||0.26|12|0.10|1
GME211210P00480000||||||54||||0|0|0|-1.0000|0.0000|-0.0658|0.0016|0.0000||315.75|5|306.05|27
GME211210C00490000|0.50|0.50|0.15|0.35|0.18|55|-0.17|-0.4857|8|101|3|44|0.0099|0.0004|0.0002|-0.1878|0.0053||0.17|2|0.08|8
GME211210P00490000||||||55||||0|0|0|-1.0000|0.0000|-0.0671|0.0016|0.0000||327.60|12|316.05|20
GME211210C00500000|0.35|0.35|0.11|0.38|0.15|56|-0.23|-0.6053|43|893|1|117|0.0085|0.0003|0.0002|-0.1629|0.0046||0.16|1|0.13|2
GME211210P00500000||||||56||||0|0|0|-1.0000|0.0000|-0.0685|0.0016|0.0000||337.45|12|326.05|15
GME211210C00510000|0.30|0.34|0.11|0.35|0.13|57|-0.22|-0.6286|329|2355|1|903|0.0074|0.0003|0.0002|-0.1453|0.0041||0.14|16|0.12|3
GME211210P00510000||||||57||||0|0|0|-1.0000|0.0000|-0.0699|0.0017|0.0000||347.60|12|336.05|20
GME211217C00080000||||94.56|94.56|17|0.00|0.0000|0|2|0|0|0.9313|0.0012|0.0210|-0.6056|0.0407||92.10|3|88.65|12
GME211217P00080000|1.30|1.60|1.00|1.28|1.33|17|0.05|0.0391|256|606|1|443|-0.0323|0.0009|-0.0022|-0.2414|0.0224||1.47|1|1.28|15
GME211217C00085000||||95.85|95.85|16|0.00|0.0000|0|1|0|0|0.8948|0.0013|0.0185|-1.0779|0.0563||87.25|2|83.80|4
GME211217P00085000|1.75|1.77|1.52|1.39|1.56|16|0.17|0.1223|-1|120|1|12|-0.0390|0.0011|-0.0027|-0.2717|0.0261||1.65|1|1.39|17
GME211217C00090000||||137.00|137.00|15|0.00|0.0000|0|4|0|0|0.8835|0.0007|0.0103|-2.1958|0.0603||82.40|5|78.95|12
GME211217P00090000|1.88|1.98|1.57|1.47|1.61|15|0.14|0.0952|73|141|1|43|-0.0427|0.0013|-0.0029|-0.2736|0.0281||1.78|1|1.50|19
GME211217C00100000|67.18|67.18|67.18|79.69|67.18|14|-12.51|-0.1570|0|50|3|3|0.9992|0.0001|0.0328|-0.0038|0.0009||72.75|2|69.10|14
GME211217P00100000|2.04|2.41|1.85|1.90|1.92|14|0.02|0.0105|387|1051|1|570|-0.0010|0.0001|-0.0001|-0.0041|0.0010||2.00|1|1.86|3
GME211217C00105000||||66.05|66.05|13|0.00|0.0000|0|1|0|0|0.9982|0.0002|0.0344|-0.0076|0.0018||68.00|16|64.55|4
GME211217P00105000|2.50|2.55|2.05|2.36|2.09|13|-0.27|-0.1144|13|153|1|20|-0.0020|0.0002|-0.0001|-0.0077|0.0019||2.33|6|2.01|12
GME211217C00110000||||73.25|73.25|12|0.00|0.0000|0|1|0|0|0.9965|0.0004|0.0360|-0.0127|0.0032||63.25|16|59.80|3
GME211217P00110000|2.64|3.20|2.27|2.50|2.36|12|-0.14|-0.0560|0|354|1|143|-0.0039|0.0004|-0.0002|-0.0140|0.0036||2.50|1|2.24|13
GME211217C00115000||||112.11|112.11|11|0.00|0.0000|0|2|0|0|0.9943|0.0006|0.0375|-0.0191|0.0051||58.55|13|54.85|12
GME211217P00115000|3.30|3.45|2.62|2.87|2.62|11|-0.25|-0.0871|18|180|2|53|-0.0077|0.0007|-0.0005|-0.0254|0.0066||2.94|10|2.54|9
GME211217C00120000||||44.77|44.77|10|0.00|0.0000|5|56|0|0|0.9889|0.0011|0.0388|-0.0334|0.0090||53.95|13|50.50|11
GME211217P00120000|3.60|3.95|2.83|3.25|3.05|10|-0.20|-0.0615|170|328|10|313|-0.0141|0.0013|-0.0008|-0.0423|0.0111||3.30|10|2.92|6
GME211217C00125000||||79.68|79.68|9|0.00|0.0000|0|35|0|0|0.9776|0.0019|0.0398|-0.0615|0.0165||49.45|13|45.90|12
GME211217P00125000|4.70|4.90|3.11|4.41|3.35|9|-1.06|-0.2404|148|355|1|667|-0.0259|0.0021|-0.0016|-0.0714|0.0186||3.80|19|3.35|12
GME211217C00130000|39.61|39.61|39.61|43.52|39.61|8|-3.91|-0.0898|0|10|1|1|0.9627|0.0030|0.0405|-0.0926|0.0252||45.05|8|41.80|12
GME211217P00130000|5.00|5.55|3.70|5.00|3.90|8|-1.10|-0.2200|129|335|1|122|-0.0424|0.0032|-0.0025|-0.1061|0.0279||4.30|24|3.85|20
GME211217C00135000|35.61|35.61|35.61|36.02|35.61|7|-0.41|-0.0114|0|3|1|1|0.9382|0.0045|0.0407|-0.1390|0.0377||40.90|17|37.45|12
GME211217P00135000|5.78|6.34|4.55|6.65|4.55|7|-2.10|-0.3158|2|151|1|19|-0.0656|0.0046|-0.0040|-0.1482|0.0395||5.20|16|4.30|99
GME211217C00140000|33.50|33.50|33.50|34.60|33.50|6|-1.10|-0.0318|1|149|1|1|0.9081|0.0061|0.0405|-0.1852|0.0510||36.70|19|33.40|12
GME211217P00140000|7.35|8.13|5.22|6.90|5.68|6|-1.22|-0.1768|102|915|5|317|-0.0988|0.0062|-0.0060|-0.2017|0.0538||6.20|25|5.50|8
GME211217C00145000||||27.00|27.00|5|0.00|0.0000|2|59|0|0|0.8641|0.0080|0.0394|-0.2466|0.0674||32.80|26|29.80|11
GME211217P00145000|8.40|9.49|6.22|8.20|6.55|5|-1.65|-0.2012|18|252|1|73|-0.1436|0.0080|-0.0088|-0.2654|0.0700||7.50|41|6.40|126
GME211217C00150000||||27.40|27.40|4|0.00|0.0000|11|82|0|0|0.8107|0.0099|0.0377|-0.3084|0.0837||29.20|24|26.10|16
GME211217P00150000|10.75|11.40|7.20|9.15|8.15|4|-1.00|-0.1093|40|1882|1|854|-0.1945|0.0098|-0.0120|-0.3214|0.0851||8.65|38|7.95|17
GME211217C00155000|24.92|24.92|24.92|20.20|24.92|3|4.72|0.2337|14|26|4|4|0.7514|0.0117|0.0356|-0.3586|0.0980||25.75|51|22.70|16
GME211217P00155000|12.65|12.90|8.95|12.49|8.95|3|-3.54|-0.2834|97|405|1|38|-0.2527|0.0115|-0.0157|-0.3704|0.0988||10.25|34|9.25|106
GME211217C00160000|22.03|22.32|19.65|22.85|20.08|2|-2.77|-0.1212|41|137|1|12|0.6849|0.0132|0.0330|-0.3991|0.1098||22.55|49|19.85|16
GME211217P00160000|13.30|15.25|11.00|14.25|11.56|2|-2.69|-0.1888|6|1046|1|96|-0.3187|0.0128|-0.0199|-0.4139|0.1104||12.15|33|11.30|12
GME211217C00165000|19.10|19.35|16.35|19.49|17.77|1|-1.72|-0.0883|-3|79|1|29|0.5997|0.0142|0.0291|-0.4382|0.1188||19.65|49|17.50|4
GME211217P00165000|16.10|17.75|12.60|15.80|13.80|1|-2.00|-0.1266|43|353|20|284|-0.3891|0.0137|-0.0246|-0.4481|0.1185||14.45|32|13.40|21
GME211217C00170000|17.25|17.45|14.45|19.50|15.20|1|-4.30|-0.2205|18|135|1|93|0.5397|0.0143|0.0265|-0.4584|0.1227||16.20|16|14.55|16
GME211217P00170000|19.15|20.45|15.50|17.60|16.02|1|-1.58|-0.0898|26|1092|1|68|-0.4597|0.0140|-0.0294|-0.4696|0.1227||16.95|14|15.75|19
GME211217C00175000|14.32|16.15|12.00|15.96|13.42|2|-2.54|-0.1591|25|208|1|59|0.4678|0.0145|0.0233|-0.4554|0.1229||14.30|45|12.35|103
GME211217P00175000|21.55|23.50|17.50|19.30|18.20|2|-1.10|-0.0570|65|785|1|232|-0.5293|0.0140|-0.0342|-0.4694|0.1230||20.00|16|18.45|16
GME211217C00180000|12.68|13.50|9.50|14.75|11.32|3|-3.43|-0.2325|61|503|2|761|0.3998|0.0140|0.0200|-0.4442|0.1194||11.95|18|10.55|71
GME211217P00180000|24.32|26.18|20.90|23.68|22.44|3|-1.24|-0.0524|54|1128|1|22|-0.5964|0.0137|-0.0390|-0.4555|0.1197||22.95|16|21.10|19
GME211217C00185000|10.90|12.00|8.88|12.22|9.85|4|-2.37|-0.1939|14|284|4|83|0.3371|0.0132|0.0170|-0.4219|0.1129||10.20|30|9.05|17
GME211217P00185000|28.90|29.62|25.00|27.75|25.00|4|-2.75|-0.0991|-9|246|1|23|-0.6589|0.0130|-0.0436|-0.4315|0.1134||26.55|17|23.95|74
GME211217C00187500|9.22|9.40|9.22|8.62|9.22|5|0.60|0.0696|3|42|1|4|0.3915|0.0094|0.0187|-0.6555|0.1187||9.85|50|8.35|64
GME211217P00187500||||34.50|34.50|5|0.00|0.0000|0|116|0|0|-0.5410|0.0067|-0.0415|-0.9719|0.1227||28.50|16|25.65|60
GME211217C00190000|10.50|10.50|7.65|11.00|9.30|6|-1.70|-0.1545|19|273|1|60|0.2810|0.0121|0.0143|-0.3921|0.1043||9.50|98|7.80|96
GME211217P00190000|32.80|32.80|28.60|32.96|28.60|6|-4.36|-0.1323|-15|431|10|47|-0.7129|0.0119|-0.0479|-0.4051|0.1053||30.70|33|27.55|74
GME211217C00192500|8.45|10.60|7.35|8.20|7.35|7|-0.85|-0.1037|9|39|1|11|0.3423|0.0093|0.0166|-0.6065|0.1136||8.90|91|7.15|60
GME211217P00192500||||38.40|38.40|7|0.00|0.0000|2|113|0|0|-0.5669|0.0066|-0.0442|-0.9834|0.1216||32.20|15|29.45|57
GME211217C00195000|8.00|8.35|6.68|8.75|7.86|8|-0.89|-0.1017|11|158|1|11|0.2330|0.0108|0.0119|-0.3594|0.0946||8.30|79|6.70|74
GME211217P00195000|36.78|36.78|32.30|36.79|32.30|8|-4.49|-0.1220|-32|441|10|44|-0.7613|0.0108|-0.0520|-0.3714|0.0958||34.55|17|31.35|30
GME211217C00197500|7.80|7.80|6.30|8.05|6.30|9|-1.75|-0.2174|-4|37|2|3|0.3052|0.0498|0.0133|-0.1028|0.1057||7.75|72|6.25|60
GME211217P00197500||||42.50|42.50|9|0.00|0.0000|0|93|0|0|-0.5899|0.0063|-0.0469|-0.9954|0.1202||36.30|11|33.35|21
GME211217C00200000|7.80|8.05|5.55|8.80|6.00|10|-2.80|-0.3182|716|2717|3|646|0.1930|0.0096|0.0099|-0.3266|0.0847||6.40|14|5.80|21
GME211217P00200000|39.83|39.83|35.75|40.50|38.53|10|-1.97|-0.0486|0|1919|1|51|-0.8004|0.0095|-0.0556|-0.3406|0.0864||38.40|16|35.45|25
GME211217C00202500|6.70|6.70|5.40|6.50|6.64|11|0.14|0.0215|-1|35|3|10|0.2839|0.0080|0.0137|-0.5959|0.1048||6.30|62|5.45|28
GME211217P00202500||||39.87|39.87|11|0.00|0.0000|3|120|0|0|-0.7019|0.0078|-0.0523|-0.6410|0.1072||40.60|18|37.55|19
GME211217C00205000|6.65|6.80|4.89|6.70|6.55|12|-0.15|-0.0224|11|64|4|38|0.2700|0.0078|0.0131|-0.5869|0.1022||5.75|49|5.10|31
GME211217P00205000|44.49|44.49|42.73|44.80|44.45|12|-0.35|-0.0078|-2|163|1|12|-0.6750|0.0069|-0.0523|-0.7772|0.1113||42.75|18|39.65|26
GME211217C00207500|6.10|6.10|4.58|5.50|5.65|13|0.15|0.0273|-1|31|1|7|0.2639|0.0074|0.0127|-0.5995|0.1010||5.60|42|4.75|72
GME211217P00207500|44.50|46.65|44.50|50.60|46.65|13|-3.95|-0.0781|35|216|1|5|-0.6852|0.0068|-0.0536|-0.7777|0.1098||44.80|12|41.85|28
GME211217C00210000|5.30|6.00|4.45|7.10|5.18|14|-1.92|-0.2704|-18|797|1|108|-1.0000|0.0000|-14.4554|0.0218|0.0000||5.05|34|4.50|28
GME211217P00210000|48.25|51.30|43.75|49.35|45.05|14|-4.30|-0.0871|-7|208|1|88|-0.8715|0.0072|-0.0624|-0.2541|0.0649||47.10|11|44.25|23
GME211217C00212500|5.50|5.50|4.35|5.15|4.40|15|-0.75|-0.1456|-8|14|1|24|0.2247|0.0070|0.0110|-0.5319|0.0926||5.05|58|4.25|29
GME211217P00212500||||42.25|42.25|15|0.00|0.0000|0|59|0|0|-0.8642|0.0069|-0.0629|-0.2854|0.0674||49.45|16|46.25|19
GME211217C00215000|5.10|5.23|4.15|4.55|4.15|16|-0.40|-0.0879|6|103|1|18|0.2199|0.0067|0.0107|-0.5411|0.0915||4.50|26|4.00|9
GME211217P00215000|52.75|54.30|51.43|55.04|54.30|16|-0.74|-0.0134|3|104|6|27|-0.6981|0.0061|-0.0568|-0.8347|0.1078||51.70|19|48.50|11
GME211217C00217500||||5.10|5.10|17|0.00|0.0000|1|40|0|0|0.2316|0.0064|0.0111|-0.6039|0.0942||4.40|37|3.80|13
GME211217P00217500|55.40|56.80|55.00|54.90|56.80|17|1.90|0.0346|32|55|6|9|-0.7025|0.0059|-0.0579|-0.8498|0.1071||54.00|17|50.75|22
GME211217C00220000|4.65|4.80|3.50|5.43|3.77|18|-1.66|-0.3057|-24|1879|1|74|0.0779|0.0050|0.0041|-0.1753|0.0450||4.00|11|3.65|6
GME211217P00220000|59.00|59.00|59.00|54.49|59.00|18|4.51|0.0828|-22|424|1|1|-0.9159|0.0052|-0.0680|-0.1902|0.0477||56.30|17|52.90|11
GME211217C00222500|3.50|3.90|3.30|4.60|3.90|19|-0.70|-0.1522|1|70|1|22|0.1949|0.0060|0.0095|-0.5245|0.0852||3.85|17|3.45|14
GME211217P00222500||||49.15|49.15|19|0.00|0.0000|0|21|0|0|-0.8209|0.0060|-0.0643|-0.4720|0.0809||58.60|17|55.40|11
GME211217C00225000|4.25|4.50|3.20|4.50|3.85|20|-0.65|-0.1444|30|128|1|35|0.1900|0.0058|0.0092|-0.5271|0.0839||3.80|22|3.30|15
GME211217P00225000||||49.64|49.64|20|0.00|0.0000|0|30|0|0|-0.8579|0.0056|-0.0669|-0.3724|0.0695||60.95|17|57.75|11
GME211217C00227500|3.45|3.60|3.45|4.50|3.60|21|-0.90|-0.2000|1|9|1|2|0.1802|0.0056|0.0088|-0.5114|0.0812||3.80|49|3.20|21
GME211217P00227500||||51.86|51.86|21|0.00|0.0000|0|60|0|0|-0.9637|0.0030|-0.0729|-0.0863|0.0246||63.30|17|60.10|11
GME211217C00230000|3.80|3.90|3.05|4.80|3.80|22|-1.00|-0.2083|-6|436|1|17|0.0515|0.0036|0.0027|-0.1308|0.0326||3.40|11|3.05|11
GME211217P00230000||||64.00|64.00|22|0.00|0.0000|-1|63|0|0|-0.9454|0.0037|-0.0728|-0.1385|0.0342||65.65|17|62.45|11
GME211217C00232500||||3.80|3.80|23|0.00|0.0000|6|86|0|0|0.1725|0.0052|0.0083|-0.5228|0.0786||3.40|24|2.94|19
GME211217P00232500||||53.30|53.30|23|0.00|0.0000|0|19|0|0|-0.9718|0.0024|-0.0750|-0.0718|0.0199||68.00|17|64.85|13
GME211217C00235000|3.08|3.20|2.87|3.95|3.17|24|-0.78|-0.1975|4|78|1|14|0.1549|0.0050|0.0076|-0.4703|0.0736||3.20|7|2.86|10
GME211217P00235000||||68.76|68.76|24|0.00|0.0000|1|61|0|0|-0.8299|0.0051|-0.0690|-0.5240|0.0783||70.40|17|67.20|13
GME211217C00240000|3.05|3.50|2.75|3.45|3.04|25|-0.41|-0.1188|-35|321|1|66|0.0315|0.0024|0.0017|-0.0883|0.0219||3.10|38|2.67|26
GME211217P00240000|74.27|74.27|73.45|65.50|73.45|25|7.95|0.1214|0|54|1|2|-0.9643|0.0025|-0.0770|-0.0998|0.0243||75.20|11|72.00|12
GME211217C00245000|3.60|3.60|2.46|3.05|2.74|26|-0.31|-0.1016|-34|196|10|25|0.1383|0.0044|0.0067|-0.4604|0.0682||3.10|70|2.51|23
GME211217P00245000|78.25|78.25|78.00|83.35|78.00|26|-5.35|-0.0642|-9|38|1|2|-0.8501|0.0045|-0.0734|-0.5078|0.0717||80.10|4|76.85|13
GME211217C00250000|2.80|3.15|2.39|3.43|2.45|27|-0.98|-0.2857|99|1244|9|170|0.0198|0.0016|0.0010|-0.0607|0.0148||2.71|4|2.40|9
GME211217P00250000|85.24|85.24|85.24|84.85|85.24|27|0.39|0.0046|-1|55|1|1|-0.9780|0.0017|-0.0810|-0.0669|0.0162||85.10|21|81.65|13
GME211217C00255000|2.25|2.72|2.25|3.21|2.68|28|-0.53|-0.1651|4|359|1|5|0.1174|0.0038|0.0057|-0.4207|0.0609||2.63|16|2.28|12
GME211217P00255000||||39.75|39.75|28|0.00|0.0000|0|5|0|0|-1.0000|0.0000|-0.0838|0.0008|0.0000||89.75|10|86.55|13
GME211217C00260000|2.57|2.81|2.12|2.85|2.33|29|-0.52|-0.1825|4|523|1|56|0.0122|0.0010|0.0006|-0.0405|0.0098||2.63|50|2.13|25
GME211217P00260000||||89.25|89.25|29|0.00|0.0000|0|21|0|0|-0.9872|0.0011|-0.0848|-0.0419|0.0101||94.75|12|91.40|13
GME211217C00270000|2.98|2.98|1.93|2.71|2.21|30|-0.50|-0.1845|-3|572|1|54|0.0081|0.0007|0.0004|-0.0290|0.0068||2.44|44|1.98|17
GME211217P00270000|107.95|107.95|100.87|65.35|102.35|30|37.00|0.5662|0|49|8|34|-0.9905|0.0008|-0.0883|-0.0331|0.0078||104.45|10|101.20|13
GME211217C00280000|2.08|2.15|1.73|2.70|2.05|31|-0.65|-0.2407|-3|2026|1|39|0.0056|0.0005|0.0003|-0.0215|0.0050||2.20|22|1.84|7
GME211217P00280000||||91.00|91.00|31|0.00|0.0000|0|10|0|0|-0.9936|0.0006|-0.0917|-0.0236|0.0056||114.45|10|111.05|13
GME211217C00290000|2.00|2.07|1.70|2.15|1.80|32|-0.35|-0.1628|2|525|1|9|0.0039|0.0004|0.0002|-0.0157|0.0036||1.97|6|1.72|19
GME211217P00290000|127.73|127.73|127.73|68.50|127.73|32|59.23|0.8647|0|25|2|2|-0.9951|0.0004|-0.0951|-0.0189|0.0044||124.40|15|120.90|13
GME211217C00300000|3.27|3.27|1.60|2.29|1.70|33|-0.59|-0.2576|24|5731|2|539|0.0026|0.0002|0.0001|-0.0111|0.0025||1.84|1|1.66|8
GME211217P00300000||||126.50|126.50|33|0.00|0.0000|0|20|0|0|-0.9969|0.0003|-0.0985|-0.0123|0.0029||134.30|15|130.80|13
GME211217C00310000|3.06|3.06|1.50|1.97|1.60|34|-0.37|-0.1878|1|368|1|65|0.0015|0.0002|0.0001|-0.0070|0.0015||1.73|5|1.51|17
GME211217P00310000||||102.75|102.75|34|0.00|0.0000|0|3|0|0|-0.9978|0.0002|-0.1018|-0.0090|0.0022||144.20|15|140.70|13
GME211217C00320000|1.48|1.71|1.48|1.80|1.56|35|-0.24|-0.1333|0|448|1|14|0.0012|0.0001|0.0001|-0.0057|0.0012||1.73|28|1.37|27
GME211217P00320000||||96.00|96.00|35|0.00|0.0000|0|17|0|0|-0.9984|0.0001|-0.1051|-0.0065|0.0016||154.15|15|150.60|13
GME211217C00330000|1.90|1.90|1.35|1.81|1.40|36|-0.41|-0.2265|0|213|1|25|0.0009|0.0001|0.0000|-0.0043|0.0009||1.67|21|1.37|22
GME211217P00330000||||159.50|159.50|36|0.00|0.0000|0|3|0|0|-0.9989|0.0001|-0.1084|-0.0046|0.0012||164.05|15|160.50|13
GME211217C00340000|1.40|1.52|1.40|1.81|1.40|37|-0.41|-0.2265|0|232|5|14|-0.9993|0.0001|-0.1315|-0.0026|0.0007||1.49|6|1.32|12
GME211217P00340000||||126.85|126.85|37|0.00|0.0000|0|7|0|0|-0.9992|0.0001|-0.1117|-0.0031|0.0009||174.00|15|170.45|13
GME211217C00350000|1.45|1.51|1.18|1.64|1.36|38|-0.28|-0.1707|-9|1004|2|709|0.0005|0.0001|0.0000|-0.0028|0.0006||1.44|10|1.23|16
GME211217P00350000||||133.85|133.85|38|0.00|0.0000|0|4|0|0|-0.9993|0.0001|-0.1150|-0.0024|0.0007||184.00|2|180.40|13
GME211217C00360000|1.24|1.49|1.05|1.34|1.31|39|-0.03|-0.0224|11|315|1|10|0.0004|0.0000|0.0000|-0.0024|0.0005||1.39|13|1.13|18
GME211217P00360000||||||39|||0|0|0|0|-0.9995|0.0001|-0.1183|-0.0018|0.0006||194.00|4|190.35|13
GME211217C00370000|1.15|1.43|1.15|1.49|1.43|40|-0.06|-0.0403|-1|446|1|4|0.0004|0.0000|0.0000|-0.0020|0.0004||1.39|17|1.04|30
GME211217P00370000||||172.65|172.65|40|0.00|0.0000|0|3|0|0|-0.9996|0.0000|-0.1216|-0.0013|0.0005||203.80|16|200.25|12
GME211217C00380000|1.05|1.22|1.05|1.25|1.21|41|-0.04|-0.0320|0|168|2|35|0.0003|0.0000|0.0000|-0.0018|0.0003||1.39|39|1.20|5
GME211217P00380000||||208.83|208.83|41|0.00|0.0000|-1|16|0|0|-0.9997|0.0000|-0.1249|-0.0008|0.0004||213.80|2|210.20|12
GME211217C00390000|1.25|1.25|1.15|1.50|1.16|42|-0.34|-0.2267|1|194|1|29|0.0003|0.0000|0.0000|-0.0016|0.0003||1.21|9|1.15|4
GME211217P00390000||||||42|||0|0|0|0|-0.9997|0.0000|-0.1282|-0.0005|0.0003||223.80|1|220.15|12
GME211217C00400000|1.28|1.28|1.00|1.36|1.10|43|-0.26|-0.1912|91|1276|1|91|0.0002|0.0000|0.0000|-0.0012|0.0002||1.11|1|1.06|6
GME211217P00400000||||238.75|238.75|43|0.00|0.0000|0|3|0|0|-0.9998|0.0000|-0.1315|-0.0002|0.0003||233.80|2|230.10|12
GME211217C00410000|1.12|1.12|0.95|1.14|0.95|44|-0.19|-0.1667|21|226|1|3|0.0001|0.0000|0.0000|-0.0009|0.0002||1.11|1|0.87|16
GME211217P00410000||||190.90|190.90|44|0.00|0.0000|0|3|0|0|-0.9998|0.0000|-0.1348|0.0000|0.0003||243.80|12|240.10|16
GME211217C00420000|0.93|1.00|0.92|1.08|0.92|45|-0.16|-0.1481|0|542|1|8|0.0001|0.0000|0.0000|-0.0008|0.0002||1.11|18|0.85|17
GME211217P00420000||||189.85|189.85|45|0.00|0.0000|0|16|0|0|-0.9999|0.0000|-0.1381|0.0007|0.0001||253.55|15|250.05|12
GME211217C00430000|0.91|1.04|0.90|0.97|1.04|46|0.07|0.0722|5|213|1|7|0.0001|0.0000|0.0000|-0.0007|0.0001||1.09|7|0.75|10
GME211217P00430000||||244.20|244.20|46|0.00|0.0000|0|0|0|0|-0.9999|0.0000|-0.1414|0.0008|0.0001||263.55|1|257.30|17
GME211217C00440000||||1.15|1.15|47|0.00|0.0000|0|472|0|0|0.0001|0.0000|0.0000|-0.0006|0.0001||1.00|7|0.75|1
GME211217P00440000||||||47|||0|0|0|0|-0.9999|0.0000|-0.1446|0.0011|0.0001||273.55|12|269.50|1
GME211217C00450000|0.90|0.91|0.84|0.89|0.84|48|-0.05|-0.0562|-3|683|1|84|0.0001|0.0000|0.0000|-0.0004|0.0001||0.96|7|0.68|18
GME211217P00450000||||||48|||0|0|0|0|-0.9999|0.0000|-0.1479|0.0011|0.0001||288.05|12|279.85|2
GME211217C00460000|0.73|0.90|0.73|1.00|0.90|49|-0.10|-0.1000|1|1139|3|16|0.0001|0.0000|0.0000|-0.0005|0.0001||0.93|8|0.64|17
GME211217P00460000||||261.60|261.60|49|0.00|0.0000|0|5|0|0|-1.0000|0.0000|-0.1512|0.0012|0.0001||294.25|13|289.55|2
GME211217C00470000||||1.00|1.00|50|0.00|0.0000|0|190|0|0|0.0390|0.0010|0.0018|-0.3020|0.0261||0.85|7|0.63|8
GME211217P00470000||||||50||||0|0|0|-1.0000|0.0000|-0.1545|0.0016|0.0000||304.25|1|299.85|3
GME211217C00480000||||0.87|0.87|51|0.00|0.0000|3|243|0|0|0.0348|0.0009|0.0016|-0.2735|0.0238||0.81|7|0.60|15
GME211217P00480000||||264.21|264.21|51|0.00|0.0000|0|7|0|0|-0.9940|0.0003|-0.1575|-0.0448|0.0052||314.25|3|309.85|12
GME211217C00490000|0.80|0.80|0.80|1.00|0.80|52|-0.20|-0.2000|47|152|1|1|0.0322|0.0008|0.0015|-0.2579|0.0223||0.80|1|0.57|9
GME211217P00490000||||274.04|274.04|52|0.00|0.0000|0|7|0|0|-0.9912|0.0003|-0.1607|-0.0679|0.0074||328.10|12|319.80|12
GME211217C00500000|0.75|0.89|0.61|0.81|0.73|53|-0.08|-0.0988|-5|2436|1|33|0.0294|0.0008|0.0014|-0.2393|0.0207||0.73|3|0.60|1
GME211217P00500000||||290.05|290.05|53|0.00|0.0000|0|7|0|0|-0.9814|0.0006|-0.1635|-0.1486|0.0141||338.10|12|326.60|30
GME211217C00510000|0.85|0.85|0.49|0.88|0.66|54|-0.22|-0.2500|163|1554|1|264|0.0282|0.0007|0.0013|-0.2326|0.0200||0.71|3|0.60|1
GME211217P00510000||||277.97|277.97|54|0.00|0.0000|0|0|0|0|-0.9950|0.0002|-0.1674|-0.0388|0.0045||348.95|12|336.60|27
GME211223C00100000||||71.00|71.00|10|0.00|0.0000|-1|13|0|0|0.9638|0.0014|0.0458|-0.1234|0.0301||73.00|11|69.50|12
GME211223P00100000|2.10|2.68|2.10|1.97|2.24|10|0.27|0.1371|190|314|2|95|-0.0620|0.0018|-0.0063|-0.2306|0.0463||2.53|1|2.06|5
GME211223C00110000||||||9||||0|0|0|1.0000|0.0000|0.0542|-0.0004|0.0000||63.65|8|59.50|12
GME211223P00110000|3.30|3.35|3.01|2.76|3.01|9|0.25|0.0906|68|105|1|453|-0.0830|0.0025|-0.0083|-0.2635|0.0579||3.30|16|2.57|7
GME211223C00120000|48.67|49.37|48.67|103.35|49.37|8|-53.98|-0.5223|0|1|1|2|0.9000|0.0034|0.0494|-0.2542|0.0661||54.60|13|51.05|16
GME211223P00120000|4.05|5.25|4.05|4.64|4.10|8|-0.54|-0.1164|12|37|1|5|-0.1146|0.0033|-0.0115|-0.3118|0.0733||4.20|6|3.10|23
GME211223C00130000|40.47|41.20|40.47|40.47|41.20|7|0.73|0.0180|0|0|1|2|0.9346|0.0039|0.0581|-0.1160|0.0482||46.05|13|42.50|15
GME211223P00130000|5.72|7.20|5.25|6.15|5.25|7|-0.90|-0.1463|-6|136|2|11|-0.1622|0.0044|-0.0164|-0.3845|0.0930||5.75|7|4.40|23
GME211223C00140000||||||6||||0|0|0|1.0000|0.0000|0.0690|-0.0005|0.0000||38.10|11|34.45|12
GME211223P00140000|8.38|8.50|7.23|9.55|7.23|6|-2.32|-0.2429|0|42|1|17|-0.2123|0.0056|-0.0215|-0.4193|0.1098||8.05|8|6.65|5
GME211223C00145000||||||5||||0|0|0|1.0000|0.0000|0.0715|-0.0005|0.0000||34.45|8|30.75|12
GME211223P00145000|10.00|10.40|8.25|11.64|8.30|5|-3.34|-0.2869|11|11|1|8|-0.2371|0.0064|-0.0238|-0.4125|0.1169||9.15|4|8.05|5
GME211223C00150000||||28.10|28.10|4|0.00|0.0000|17|21|0|0|0.7336|0.0074|0.0475|-0.4041|0.1244||30.95|11|27.75|14
GME211223P00150000|12.00|12.50|10.00|11.00|10.32|4|-0.68|-0.0618|-45|155|5|17|-0.2775|0.0069|-0.0282|-0.4551|0.1269||11.00|12|9.45|13
GME211223C00155000||||29.20|29.20|3|0.00|0.0000|1|11|0|0|0.6751|0.0064|0.0420|-0.5623|0.1363||27.70|18|24.60|9
GME211223P00155000|14.70|14.70|13.30|14.47|13.30|3|-1.17|-0.0809|-49|78|1|2|-0.3204|0.0069|-0.0332|-0.5122|0.1355||12.95|14|11.00|19
GME211223C00160000|22.77|22.77|22.77|25.00|22.77|2|-2.23|-0.0892|7|19|1|1|0.6445|0.0081|0.0426|-0.4770|0.1410||24.75|19|21.80|7
GME211223P00160000|15.25|16.90|13.20|15.00|13.20|2|-1.80|-0.1200|4|66|6|51|-0.3588|0.0072|-0.0376|-0.5353|0.1415||15.20|19|13.30|11
GME211223C00165000|21.88|21.88|18.60|21.20|20.00|1|-1.20|-0.0566|16|16|3|49|0.6012|0.0085|0.0403|-0.4897|0.1462||22.05|22|19.55|4
GME211223P00165000|19.20|19.20|15.65|21.87|15.65|1|-6.22|-0.2844|263|284|20|40|-0.3977|0.0076|-0.0419|-0.5433|0.1461||17.60|17|15.55|8
GME211223C00170000|19.05|19.50|16.50|22.00|18.00|1|-4.00|-0.1818|15|30|1|68|0.5563|0.0089|0.0380|-0.4864|0.1495||19.35|15|17.00|9
GME211223P00170000|23.70|23.70|18.15|19.50|18.15|1|-1.35|-0.0692|28|61|20|24|-0.4345|0.0074|-0.0468|-0.5788|0.1490||19.95|12|18.05|9
GME211223C00175000|19.30|19.30|14.70|16.30|16.30|2|0.00|0.0000|16|19|1|50|0.5100|0.0085|0.0346|-0.5190|0.1502||17.45|22|15.00|9
GME211223P00175000|23.86|24.52|21.54|27.16|21.54|2|-5.62|-0.2069|-1|47|1|17|-0.4839|0.0086|-0.0510|-0.5130|0.1509||22.05|4|20.55|11
