symbol|open|high|low|preClose|close|activeLevel|change|changeRatio|openIntChange|openInterest|latestPriceVol|volume|delta|gamma|rho|theta|vega|tradeStamptradeTime|ask|avol|bid|bvol
GME211210C00100000||||70.90|70.90|12|0.00|0.0000|209|211|0|0|0.9446|0.0016|0.0097|-1.0096|0.0207||78.65|19|73.80|75
GME211210P00100000|1.09|1.09|0.56|1.14|0.61|12|-0.53|-0.4649|1314|2034|2|1551|-0.0238|0.0010|-0.0005|-0.3846|0.0104||0.62|1|0.60|2
GME211210C00110000||||76.13|76.13|11|0.00|0.0000|0|2|0|0|0.8563|0.0020|0.0080|-3.1637|0.0419||68.70|18|63.80|60
GME211210P00110000|1.45|1.51|0.77|1.52|0.81|11|-0.71|-0.4671|314|618|1|312|-0.0329|0.0015|-0.0007|-0.4509|0.0136||0.83|1|0.82|4
GME211210C00120000||||51.40|51.40|10|0.00|0.0000|1|2|0|0|0.9203|0.0027|0.0114|-1.0086|0.0274||59.05|21|54.10|56
GME211210P00120000|1.69|1.69|1.04|2.00|1.11|10|-0.89|-0.4450|513|1305|1|455|-0.0459|0.0022|-0.0010|-0.5255|0.0178||1.12|27|1.04|6
GME211210C00130000|46.31|46.31|44.86|41.19|44.86|9|3.67|0.0891|11|11|4|8|0.9992|0.0002|0.0142|-0.0064|0.0005||48.80|31|44.30|58
GME211210P00130000|1.70|2.49|1.33|2.60|1.40|9|-1.20|-0.4615|286|1131|4|700|-0.0676|0.0034|-0.0014|-0.6361|0.0241||1.43|1|1.36|3
GME211210C00140000|37.03|39.00|35.20|34.35|35.20|8|0.85|0.0247|12|46|1|8|0.8473|0.0052|0.0119|-1.3490|0.0436||38.95|12|35.05|56
GME211210P00140000|2.50|2.97|1.90|3.80|1.99|8|-1.81|-0.4763|492|1223|1|438|-0.1000|0.0051|-0.0021|-0.7586|0.0324||1.97|9|1.88|14
GME211210C00145000|32.07|33.37|30.60|26.44|30.60|7|4.16|0.1573|13|21|1|14|0.8545|0.0063|0.0127|-1.0415|0.0422||34.30|34|30.60|51
GME211210P00145000|3.45|4.65|2.27|4.62|2.40|7|-2.22|-0.4805|250|373|1|406|-0.1227|0.0063|-0.0026|-0.8219|0.0375||2.43|15|2.30|11
GME211210C00150000|32.00|32.00|25.77|22.00|29.10|6|7.10|0.3227|-12|61|1|38|0.8120|0.0074|0.0123|-1.2352|0.0498||30.60|26|26.65|55
GME211210P00150000|3.90|5.15|2.64|5.68|3.00|6|-2.68|-0.4718|129|1024|4|1048|-0.1443|0.0077|-0.0030|-0.8345|0.0420||3.20|48|2.89|1
GME211210C00155000|23.75|25.48|23.75|18.50|24.84|5|6.34|0.3427|2|60|10|24|0.7776|0.0086|0.0122|-1.2836|0.0551||26.25|26|22.55|63
GME211210P00155000|4.50|5.15|3.45|7.06|3.95|5|-3.11|-0.4405|20|391|3|239|-0.2000|0.0093|-0.0043|-1.0580|0.0517||4.05|2|3.70|19
GME211210C00160000|20.40|24.00|18.02|15.22|20.71|4|5.49|0.3607|22|276|2|31|0.7436|0.0105|0.0120|-1.2303|0.0595||21.80|21|19.95|52
GME211210P00160000|6.10|6.80|4.20|8.50|5.00|4|-3.50|-0.4118|362|859|1|671|-0.2511|0.0108|-0.0054|-1.1762|0.0589||5.25|1|4.85|16
GME211210C00165000|17.00|21.23|15.50|12.90|17.10|3|4.20|0.3256|143|203|1|42|0.6851|0.0118|0.0113|-1.3344|0.0656||18.00|1|16.70|75
GME211210P00165000|7.50|8.80|5.55|10.86|6.75|3|-4.11|-0.3785|224|608|3|355|-0.3076|0.0125|-0.0066|-1.2395|0.0650||6.85|13|6.35|17
GME211210C00170000|14.80|18.10|12.45|10.50|14.15|2|3.65|0.3476|271|448|1|197|0.6183|0.0122|0.0102|-1.4954|0.0705||15.00|5|14.00|47
GME211210P00170000|10.15|12.00|7.00|13.50|8.47|2|-5.03|-0.3726|-41|554|1|720|-0.3779|0.0130|-0.0082|-1.3847|0.0702||8.60|14|8.25|20
GME211210C00175000|12.00|16.00|9.69|8.30|11.50|1|3.20|0.3855|198|470|6|675|0.5544|0.0130|0.0093|-1.5040|0.0730||12.20|16|11.35|34
GME211210P00175000|12.67|14.70|9.15|16.30|10.95|1|-5.35|-0.3282|13|531|1|607|-0.4465|0.0140|-0.0098|-1.3958|0.0731||11.25|56|10.40|22
GME211210C00177500|10.95|13.70|8.75|7.70|10.50|1|2.80|0.3636|132|179|1|145|0.5195|0.0137|0.0088|-1.4446|0.0736||10.95|4|10.60|1
GME211210P00177500|11.95|14.45|9.95|18.90|12.25|1|-6.65|-0.3519|-9|257|1|54|-0.4831|0.0145|-0.0106|-1.3660|0.0737||12.50|48|11.65|1
GME211210C00180000|10.00|12.95|7.25|6.55|9.30|2|2.75|0.4198|292|696|7|984|0.4828|0.0142|0.0083|-1.3975|0.0737||9.65|1|8.95|2
GME211210P00180000|14.85|15.75|11.20|18.26|13.70|2|-4.56|-0.2497|-47|583|1|175|-0.5157|0.0140|-0.0114|-1.4218|0.0737||13.90|43|12.75|29
GME211210C00182500|8.00|11.40|6.85|5.66|8.30|3|2.64|0.4664|31|179|6|229|0.4558|0.0132|0.0078|-1.4855|0.0733||8.80|25|8.00|44
GME211210P00182500|12.40|16.50|12.40|20.00|15.20|3|-4.80|-0.2400|1|233|12|29|-0.5451|0.0133|-0.0122|-1.4724|0.0733||16.10|69|14.25|37
GME211210C00185000|7.85|10.20|6.00|5.02|7.40|4|2.38|0.4741|178|424|14|354|0.4182|0.0136|0.0072|-1.4025|0.0722||7.85|30|7.20|3
GME211210P00185000|18.95|18.95|14.55|23.17|16.31|4|-6.86|-0.2961|-119|350|1|55|-0.6027|0.0154|-0.0133|-1.2041|0.0713||16.90|10|15.40|43
GME211210C00187500|8.40|9.05|5.35|4.30|6.30|5|2.00|0.4651|45|127|4|98|0.3861|0.0133|0.0067|-1.3727|0.0707||7.00|32|6.10|88
GME211210P00187500|17.85|18.60|16.78|28.00|18.60|5|-9.40|-0.3357|2|261|1|14|-0.6277|0.0143|-0.0140|-1.2542|0.0699||19.40|53|17.35|28
GME211210C00190000|6.50|8.00|4.60|4.05|6.00|6|1.95|0.4815|226|576|7|631|0.3576|0.0129|0.0062|-1.3544|0.0690||6.20|24|5.60|33
GME211210P00190000|19.54|21.03|19.54|27.50|20.13|6|-7.37|-0.2680|0|512|1|41|-0.6519|0.0134|-0.0147|-1.2790|0.0683||21.05|37|18.80|42
GME211210C00192500|4.80|7.15|4.10|3.66|5.10|7|1.44|0.3934|32|120|4|96|0.3359|0.0121|0.0058|-1.3696|0.0674||5.55|31|4.75|93
GME211210P00192500||||27.83|27.83|7|0.00|0.0000|3|125|0|0|-0.5974|0.0092|-0.0145|-2.0240|0.0715||23.50|31|20.60|43
GME211210C00195000|3.50|6.35|3.50|3.30|4.55|8|1.25|0.3788|141|433|2|277|0.3076|0.0118|0.0054|-1.3141|0.0650||4.90|6|4.35|93
GME211210P00195000|22.22|22.22|21.97|31.02|21.97|8|-9.05|-0.2917|-9|294|10|21|-0.8066|0.0143|-0.0178|-0.6574|0.0507||26.00|42|23.10|9
GME211210C00197500|3.81|5.80|3.60|2.90|4.05|9|1.15|0.3966|46|173|1|140|0.2814|0.0113|0.0049|-1.2601|0.0624||4.45|12|3.80|100
GME211210P00197500|26.05|26.05|26.05|33.48|26.05|9|-7.43|-0.2219|-5|115|1|1|-0.6116|0.0081|-0.0154|-2.2716|0.0708||27.85|50|24.40|32
GME211210C00200000|3.61|5.00|2.98|2.71|3.80|10|1.09|0.4022|637|2365|1|2077|0.2579|0.0108|0.0045|-1.2112|0.0597||3.95|8|3.75|1
GME211210P00200000|27.98|32.00|25.00|33.81|28.25|10|-5.56|-0.1644|-25|674|1|46|-0.7673|0.0112|-0.0178|-1.0458|0.0565||29.20|26|26.60|43
GME211210C00202500|3.00|4.50|2.94|2.41|3.31|11|0.90|0.3734|48|142|5|118|0.2450|0.0101|0.0043|-1.2231|0.0581||3.65|44|3.15|68
GME211210P00202500|30.42|30.42|30.42|35.84|30.42|11|-5.42|-0.1512|-2|33|1|1|-0.7941|0.0105|-0.0185|-0.9640|0.0526||31.70|43|28.65|44
GME211210C00205000|2.95|4.00|2.50|2.21|3.05|12|0.84|0.3801|163|401|1|304|0.2210|0.0096|0.0039|-1.1444|0.0549||3.25|21|2.97|27
GME211210P00205000|33.43|33.43|33.43|40.44|33.43|12|-7.01|-0.1733|-1|179|1|1|-0.7833|0.0097|-0.0187|-1.1130|0.0542||34.20|16|31.15|21
GME211210C00207500|2.39|3.60|2.39|1.99|2.68|13|0.69|0.3467|21|103|2|52|0.2082|0.0090|0.0037|-1.1364|0.0530||2.94|2|2.59|65
GME211210P00207500||||42.53|42.53|13|0.00|0.0000|-2|24|0|0|-0.6567|0.0071|-0.0172|-2.3827|0.0680||36.70|35|33.30|15
GME211210C00210000|2.37|3.30|2.12|1.80|2.50|14|0.70|0.3889|142|501|1|315|0.1837|0.0086|0.0032|-1.0293|0.0491||2.71|7|2.48|26
GME211210P00210000|38.25|38.25|37.90|45.79|37.90|14|-7.89|-0.1723|-17|124|1|2|-0.8146|0.0086|-0.0197|-1.0406|0.0494||39.15|47|35.60|10
GME211210C00212500|2.25|2.79|2.07|1.81|2.42|15|0.61|0.3370|15|103|3|102|0.1803|0.0081|0.0032|-1.0683|0.0485||2.50|24|2.18|67
GME211210P00212500|40.65|40.65|40.65|48.25|40.65|15|-7.60|-0.1575|1|39|2|2|-0.8117|0.0081|-0.0200|-1.1272|0.0499||41.45|42|37.50|15
GME211210C00215000|2.20|2.70|1.80|1.75|2.18|16|0.43|0.2457|118|334|1|264|0.1627|0.0076|0.0029|-0.9950|0.0455||2.35|36|2.02|86
GME211210P00215000||||52.12|52.12|16|0.00|0.0000|0|73|0|0|-0.6485|0.0059|-0.0181|-2.8922|0.0686||43.95|48|40.00|13
GME211210C00217500|3.70|3.70|1.73|1.50|2.02|17|0.52|0.3467|11|46|1|16|0.1586|0.0072|0.0028|-1.0170|0.0447||2.15|39|1.90|58
GME211210P00217500||||53.30|53.30|17|0.00|0.0000|0|37|0|0|-0.6704|0.0060|-0.0187|-2.7252|0.0669||46.25|39|42.50|14
GME211210C00220000|1.68|2.26|1.54|1.55|1.90|18|0.35|0.2258|161|582|1|433|0.1458|0.0068|0.0026|-0.9664|0.0423||2.00|7|1.79|41
GME211210P00220000|48.67|48.67|47.38|54.32|47.38|18|-6.94|-0.1278|0|165|1|4|-0.8103|0.0069|-0.0208|-1.3290|0.0501||47.35|21|44.55|26
GME211210C00222500|1.45|3.50|1.45|1.50|1.74|19|0.24|0.1600|63|155|1|89|0.1348|0.0064|0.0024|-0.9231|0.0401||1.90|26|1.70|37
GME211210P00222500|49.15|49.15|49.15|42.95|49.15|19|6.20|0.1444|0|39|1|1|-0.8856|0.0061|-0.0223|-0.7630|0.0357||49.85|16|46.30|38
GME211210C00225000|1.59|1.91|1.38|1.21|1.66|20|0.45|0.3719|49|521|4|322|0.1251|0.0060|0.0022|-0.8858|0.0380||1.74|15|1.61|30
GME211210P00225000||||57.07|57.07|20|0.00|0.0000|-1|476|0|0|-0.7429|0.0060|-0.0205|-2.1514|0.0596||52.35|13|48.75|37
GME211210C00227500|1.39|1.74|1.33|1.22|1.64|21|0.42|0.3443|4|39|1|36|0.1236|0.0057|0.0022|-0.9089|0.0377||1.67|22|1.50|66
GME211210P00227500||||34.06|34.06|21|0.00|0.0000|0|35|0|0|-0.9982|0.0004|-0.0249|-0.0099|0.0010||54.85|11|51.20|33
GME211210C00230000|1.21|1.69|1.15|1.14|1.51|22|0.37|0.3246|95|565|1|273|0.1126|0.0054|0.0020|-0.8498|0.0353||1.56|3|1.49|4
GME211210P00230000||||61.98|61.98|22|0.00|0.0000|0|20|0|0|-0.7520|0.0057|-0.0212|-2.2023|0.0585||57.35|10|53.70|20
GME211210C00232500|1.25|1.47|1.25|1.21|1.41|23|0.20|0.1653|12|67|1|97|0.1077|0.0051|0.0019|-0.8388|0.0342||1.51|27|1.35|66
GME211210P00232500||||68.97|68.97|23|0.00|0.0000|0|5|0|0|-0.6877|0.0050|-0.0207|-3.1204|0.0654||59.85|14|55.85|22
GME211210C00235000|1.05|1.50|1.05|1.04|1.35|24|0.31|0.2981|-13|851|4|136|0.1025|0.0049|0.0018|-0.8227|0.0330||1.41|2|1.30|27
GME211210P00235000||||74.05|74.05|24|0.00|0.0000|0|32|0|0|-0.6606|0.0046|-0.0208|-3.6218|0.0677||62.35|13|58.35|27
GME211210C00237500|1.14|1.39|1.05|0.95|1.36|25|0.41|0.4316|34|54|2|42|0.1007|0.0047|0.0018|-0.8350|0.0326||1.38|27|1.22|44
GME211210P00237500||||76.45|76.45|25|0.00|0.0000|0|24|0|0|-0.6650|0.0045|-0.0211|-3.6502|0.0673||64.85|9|60.85|22
GME211210C00240000|1.07|1.31|1.00|0.96|1.19|26|0.23|0.2396|34|336|1|65|0.0914|0.0044|0.0016|-0.7738|0.0304||1.29|12|1.18|30
GME211210P00240000||||71.95|71.95|26|0.00|0.0000|-1|30|0|0|-0.7660|0.0051|-0.0225|-2.3153|0.0567||67.35|9|63.35|22
GME211210C00245000|0.98|1.25|0.90|0.92|1.12|27|0.20|0.2174|45|227|2|83|0.0845|0.0040|0.0015|-0.7543|0.0286||1.20|23|1.06|47
GME211210P00245000||||50.19|50.19|27|0.00|0.0000|0|23|0|0|-0.9999|0.0000|-0.0268|-0.0002|0.0001||72.35|8|68.30|19
GME211210C00250000|1.00|1.17|0.75|0.88|1.05|28|0.17|0.1932|806|3669|4|560|0.0781|0.0036|0.0014|-0.7321|0.0270||1.10|5|1.03|15
GME211210P00250000||||80.84|80.84|28|0.00|0.0000|3|18|0|0|-0.7981|0.0046|-0.0241|-2.1465|0.0520||77.35|13|73.20|24
GME211210C00255000|0.90|1.04|0.86|0.83|0.98|29|0.15|0.1807|155|228|1|53|0.0717|0.0033|0.0013|-0.7022|0.0253||1.04|18|0.95|6
GME211210P00255000||||40.40|40.40|29|0.00|0.0000|0|5|0|0|-1.0000|0.0000|-0.0279|0.0008|0.0000||82.35|22|77.85|22
GME211210C00260000|0.90|1.00|0.80|0.80|0.89|30|0.09|0.1125|953|1845|1|303|0.0646|0.0030|0.0011|-0.6591|0.0233||0.96|4|0.90|8
GME211210P00260000||||69.85|69.85|30|0.00|0.0000|0|22|0|0|-0.9994|0.0001|-0.0285|-0.0043|0.0004||87.35|20|83.20|23
GME211210C00270000|0.66|0.88|0.66|0.65|0.83|31|0.18|0.2769|225|405|1|149|0.0583|0.0026|0.0010|-0.6450|0.0215||0.85|9|0.78|4
GME211210P00270000||||103.46|103.46|31|0.00|0.0000|0|15|0|0|-0.7692|0.0039|-0.0261|-2.9768|0.0562||97.35|12|93.00|19
GME211210C00280000|0.68|0.80|0.59|0.60|0.70|32|0.10|0.1667|37|296|1|98|0.0494|0.0022|0.0009|-0.5844|0.0189||0.75|12|0.67|25
GME211210P00280000||||112.20|112.20|32|0.00|0.0000|0|6|0|0|-0.7960|0.0036|-0.0275|-2.7518|0.0524||109.50|25|102.45|22
GME211210C00290000|0.56|0.82|0.56|0.61|0.63|33|0.02|0.0328|-10|545|1|275|0.0446|0.0020|0.0008|-0.5621|0.0174||0.66|1|0.62|6
GME211210P00290000||||82.25|82.25|33|0.00|0.0000|0|7|0|0|-1.0000|0.0000|-0.0318|0.0008|0.0000||119.40|24|112.75|19
GME211210C00300000|0.51|1.15|0.49|0.50|0.59|34|0.09|0.1800|407|1617|6|749|0.0395|0.0017|0.0007|-0.5267|0.0158||0.61|13|0.55|5
GME211210P00300000||||76.00|76.00|34|0.00|0.0000|0|14|0|0|-1.0000|0.0000|-0.0329|0.0010|0.0000||129.30|23|122.60|21
GME211210C00310000|0.47|0.80|0.47|0.45|0.51|35|0.06|0.1333|76|359|1|164|0.0365|0.0016|0.0006|-0.5124|0.0148||0.57|31|0.50|1
GME211210P00310000||||83.61|83.61|35|0.00|0.0000|0|4|0|0|-1.0000|0.0000|-0.0340|0.0008|0.0000||139.20|22|132.60|18
GME211210C00320000|0.47|0.62|0.45|0.44|0.48|36|0.04|0.0909|143|420|1|25|0.0319|0.0014|0.0006|-0.4688|0.0132||0.50|1|0.45|1
GME211210P00320000||||89.47|89.47|36|0.00|0.0000|0|3|0|0|-1.0000|0.0000|-0.0351|0.0010|0.0000||149.15|23|142.60|21
GME211210C00330000|0.58|0.58|0.39|0.39|0.40|37|0.01|0.0256|233|482|1|69|0.0274|0.0012|0.0005|-0.4208|0.0117||0.45|14|0.41|5
GME211210P00330000||||||37||||0|0|0|-1.0000|0.0000|-0.0362|0.0011|0.0000||159.05|23|152.25|21
GME211210C00340000|0.28|0.42|0.28|0.33|0.37|38|0.04|0.1212|29|160|1|19|0.0250|0.0011|0.0004|-0.3991|0.0108||0.39|12|0.35|1
GME211210P00340000||||||38||||0|0|0|-1.0000|0.0000|-0.0373|0.0011|0.0000||168.95|23|162.30|19
GME211210C00350000|0.40|0.40|0.30|0.30|0.31|39|0.01|0.0333|176|675|5|811|0.0219|0.0009|0.0004|-0.3627|0.0096||0.31|85|0.30|18
GME211210P00350000||||||39||||0|0|0|-1.0000|0.0000|-0.0384|0.0011|0.0000||178.90|24|172.20|25
GME211210C00360000|0.39|0.39|0.30|0.28|0.31|40|0.03|0.1071|61|150|1|57|0.0203|0.0009|0.0004|-0.3485|0.0091||0.30|17|0.29|1
GME211210P00360000||||||40||||0|0|0|-1.0000|0.0000|-0.0395|0.0012|0.0000||188.80|17|182.05|48
GME211210C00370000|0.29|0.35|0.28|0.29|0.28|41|-0.01|-0.0345|8|46|1|11|0.0187|0.0008|0.0003|-0.3318|0.0084||0.27|6|0.25|1
GME211210P00370000||||||41||||0|0|0|-1.0000|0.0000|-0.0405|0.0012|0.0000||198.75|24|192.05|19
GME211210C00380000|0.33|0.33|0.22|0.25|0.23|42|-0.02|-0.0800|20|77|2|10|0.0158|0.0007|0.0003|-0.2886|0.0073||0.24|4|0.22|8
GME211210P00380000||||||42||||0|0|0|-1.0000|0.0000|-0.0416|0.0012|0.0000||208.65|15|202.40|21
GME211210C00390000|0.22|0.27|0.20|0.22|0.20|43|-0.02|-0.0909|77|156|1|16|0.0140|0.0006|0.0002|-0.2640|0.0066||0.21|2|0.20|2
GME211210P00390000||||||43||||0|0|0|-1.0000|0.0000|-0.0427|0.0013|0.0000||218.60|16|212.15|49
GME211210C00400000|0.21|0.27|0.18|0.20|0.18|44|-0.02|-0.1000|64|592|2|322|0.0131|0.0006|0.0002|-0.2542|0.0062||0.21|16|0.18|1
GME211210P00400000||||230.14|230.14|44|0.00|0.0000|1|1|0|0|-0.8686|0.0021|-0.0419|-2.7268|0.0394||228.55|22|222.30|24
GME211210C00410000|0.20|0.23|0.19|0.22|0.19|45|-0.03|-0.1364|28|98|1|9|0.0123|0.0005|0.0002|-0.2452|0.0059||0.18|15|0.16|1
GME211210P00410000||||||45||||0|0|0|-1.0000|0.0000|-0.0449|0.0013|0.0000||238.50|14|232.10|36
GME211210C00420000|0.28|0.28|0.16|0.18|0.16|46|-0.02|-0.1111|64|242|10|85|0.0105|0.0005|0.0002|-0.2150|0.0052||0.16|14|0.15|1
GME211210P00420000||||||46||||0|0|0|-1.0000|0.0000|-0.0460|0.0014|0.0000||248.40|15|242.15|16
GME211210C00430000|0.22|0.22|0.14|0.13|0.14|47|0.01|0.0769|5|311|1|3|0.0093|0.0004|0.0002|-0.1945|0.0046||0.52|25|0.08|1
GME211210P00430000||||||47||||0|0|0|-1.0000|0.0000|-0.0471|0.0014|0.0000||258.45|9|252.15|13
GME211210C00440000|0.15|0.15|0.15|0.15|0.15|48|0.00|0.0000|16|96|2|13|0.0096|0.0004|0.0002|-0.2057|0.0048||0.26|18|0.07|15
GME211210P00440000||||||48||||0|0|0|-1.0000|0.0000|-0.0482|0.0014|0.0000||268.40|13|262.20|12
GME211210C00450000|0.20|0.24|0.15|0.15|0.16|49|0.01|0.0667|511|807|1|54|0.0094|0.0004|0.0002|-0.2067|0.0047||0.22|18|0.12|1
GME211210P00450000||||||49||||0|0|0|-1.0000|0.0000|-0.0493|0.0015|0.0000||278.40|13|272.15|13
GME211210C00460000|0.22|0.22|0.12|0.11|0.14|50|0.03|0.2727|111|177|3|515|0.0088|0.0004|0.0002|-0.1963|0.0044||0.17|7|0.11|2
GME211210P00460000||||||50||||0|0|0|-1.0000|0.0000|-0.0504|0.0015|0.0000||288.35|13|282.15|13
GME211210C00470000|0.15|0.15|0.15|0.12|0.15|51|0.03|0.2500|310|333|1|1|0.0091|0.0004|0.0002|-0.2077|0.0045||0.18|1|0.10|1
GME211210P00470000||||||51||||0|0|0|-1.0000|0.0000|-0.0515|0.0015|0.0000||302.35|12|288.95|27
GME211210C00480000|0.14|0.15|0.10|0.10|0.10|52|0.00|0.0000|75|148|70|114|0.0090|0.0004|0.0002|-0.2086|0.0045||0.25|14|0.05|1
GME211210P00480000||||||52||||0|0|0|-1.0000|0.0000|-0.0526|0.0016|0.0000||312.35|12|298.60|27
GME211210C00490000|0.20|0.20|0.10|0.17|0.10|53|-0.07|-0.4118|-5|96|2|24|0.0064|0.0003|0.0001|-0.1521|0.0033||0.15|3|0.10|22
GME211210P00490000||||||53||||0|0|0|-1.0000|0.0000|-0.0537|0.0016|0.0000||322.35|1|310.00|28
GME211210C00500000|0.15|0.20|0.08|0.09|0.12|54|0.03|0.3333|84|977|2|174|0.0058|0.0002|0.0001|-0.1396|0.0031||0.15|1|0.09|1
GME211210P00500000||||||54||||0|0|0|-1.0000|0.0000|-0.0548|0.0016|0.0000||332.35|12|319.00|27
GME211210C00510000|0.10|0.18|0.07|0.10|0.12|55|0.02|0.2000|766|3121|2|1249|0.0057|0.0002|0.0001|-0.1387|0.0030||0.12|85|0.11|2
GME211210P00510000||||||55||||0|0|0|-1.0000|0.0000|-0.0559|0.0017|0.0000||342.30|2|330.00|15
GME211217C00080000||||94.56|94.56|19|0.00|0.0000|0|2|0|0|0.9693|0.0008|0.0221|-0.2701|0.0212||98.00|3|94.10|61
GME211217P00080000|1.08|1.15|0.87|1.41|0.89|19|-0.52|-0.3688|464|1070|1|91|-0.0226|0.0007|-0.0014|-0.1917|0.0165||0.89|31|0.82|15
GME211217C00085000||||95.85|95.85|18|0.00|0.0000|0|1|0|0|0.9202|0.0012|0.0196|-0.8199|0.0455||93.25|8|89.20|48
GME211217P00085000|1.19|1.19|0.97|1.49|0.97|18|-0.52|-0.3490|5|125|1|9|-0.0283|0.0008|-0.0018|-0.2249|0.0199||1.09|12|1.01|2
GME211217C00090000|86.59|86.59|86.59|137.00|86.59|17|-50.41|-0.3680|0|4|10|10|0.9571|0.0011|0.0243|-0.3303|0.0279||88.25|2|84.30|57
GME211217P00090000|1.25|1.31|1.06|1.61|1.06|17|-0.55|-0.3416|39|180|1|42|-0.0308|0.0010|-0.0019|-0.2256|0.0213||1.08|1|1.02|12
GME211217C00100000|78.20|78.20|78.20|67.18|78.20|16|11.02|0.1640|-3|47|1|3|0.9998|0.0000|0.0301|-0.0015|0.0003||78.70|12|74.50|17
GME211217P00100000|1.68|1.68|0.71|1.88|1.35|16|-0.53|-0.2819|26|1077|85|226|-0.0003|0.0000|0.0000|-0.0015|0.0003||1.55|109|1.33|5
GME211217C00105000||||66.05|66.05|15|0.00|0.0000|0|1|0|0|0.9994|0.0001|0.0316|-0.0032|0.0007||73.70|27|69.70|43
GME211217P00105000|1.90|1.90|1.46|2.20|1.49|15|-0.71|-0.3227|13|166|8|72|-0.0007|0.0001|0.0000|-0.0030|0.0007||1.65|62|1.40|37
GME211217C00110000||||73.25|73.25|14|0.00|0.0000|0|1|0|0|0.9989|0.0001|0.0331|-0.0051|0.0011||68.70|15|64.85|28
GME211217P00110000|2.05|2.05|1.65|2.42|1.70|14|-0.72|-0.2975|70|424|1|78|-0.0014|0.0002|-0.0001|-0.0061|0.0014||1.77|34|1.59|10
GME211217C00115000||||112.11|112.11|13|0.00|0.0000|0|2|0|0|0.9979|0.0002|0.0345|-0.0087|0.0021||64.20|19|59.85|34
GME211217P00115000|2.00|2.01|1.74|2.62|1.79|13|-0.83|-0.3168|19|199|10|24|-0.0031|0.0003|-0.0002|-0.0122|0.0029||1.95|49|1.76|17
GME211217C00120000|58.85|58.85|58.85|52.20|58.85|12|6.65|0.1274|2|58|1|1|0.9955|0.0005|0.0359|-0.0166|0.0041||59.15|13|55.15|22
GME211217P00120000|3.28|3.28|1.93|3.09|2.04|12|-1.05|-0.3398|51|379|1|93|-0.0062|0.0006|-0.0003|-0.0223|0.0054||2.16|41|1.96|19
GME211217C00125000||||47.70|47.70|11|0.00|0.0000|0|35|0|0|0.9897|0.0010|0.0371|-0.0344|0.0084||54.40|20|50.50|26
GME211217P00125000|2.00|2.81|1.20|3.60|2.22|11|-1.38|-0.3833|180|535|5|146|-0.0126|0.0012|-0.0007|-0.0418|0.0100||2.37|25|2.16|6
GME211217C00130000||||39.61|39.61|10|0.00|0.0000|0|10|0|0|0.9812|0.0017|0.0381|-0.0566|0.0141||49.70|11|45.90|44
GME211217P00130000|3.00|3.09|2.32|4.45|2.62|10|-1.83|-0.4112|35|370|1|81|-0.0221|0.0019|-0.0012|-0.0669|0.0161||2.74|50|2.44|25
GME211217C00135000||||35.61|35.61|9|0.00|0.0000|-1|2|0|0|0.9662|0.0028|0.0388|-0.0926|0.0230||45.05|18|41.30|40
GME211217P00135000|3.65|3.98|3.00|4.75|3.00|9|-1.75|-0.3684|1|152|1|66|-0.0366|0.0029|-0.0021|-0.1006|0.0246||3.20|69|2.82|1
GME211217C00140000|37.00|37.00|37.00|33.50|37.00|8|3.50|0.1045|0|149|1|1|0.9465|0.0041|0.0392|-0.1323|0.0334||40.30|12|36.90|69
GME211217P00140000|5.28|5.62|3.45|5.78|3.66|8|-2.12|-0.3668|68|983|1|202|-0.0593|0.0043|-0.0034|-0.1480|0.0362||3.60|45|3.25|81
GME211217C00145000|34.00|34.00|34.00|27.00|34.00|7|7.00|0.2593|0|59|1|2|0.9146|0.0058|0.0388|-0.1912|0.0479||36.10|26|32.65|57
GME211217P00145000|6.26|6.26|3.90|7.10|4.40|7|-2.70|-0.3803|12|264|1|16|-0.0933|0.0060|-0.0054|-0.2113|0.0511||4.35|84|3.90|92
GME211217C00150000|29.40|29.40|27.83|27.40|27.83|6|0.43|0.0157|0|82|1|2|0.8727|0.0077|0.0379|-0.2569|0.0639||32.05|23|28.60|70
GME211217P00150000|8.80|8.80|4.90|8.50|5.00|6|-3.50|-0.4118|136|2018|3|537|-0.1328|0.0077|-0.0077|-0.2710|0.0658||5.10|1|4.85|1
GME211217C00155000|24.23|24.23|24.23|24.92|24.23|5|-0.69|-0.0277|4|30|1|1|0.8239|0.0096|0.0365|-0.3168|0.0793||28.20|30|25.15|55
GME211217P00155000|8.03|8.03|6.10|9.47|6.10|5|-3.37|-0.3559|-1|404|3|18|-0.1812|0.0096|-0.0105|-0.3302|0.0807||6.35|30|5.95|1
GME211217C00160000|22.95|24.60|21.78|21.45|23.00|4|1.55|0.0723|6|143|1|9|0.7660|0.0115|0.0346|-0.3724|0.0939||24.35|33|22.50|72
GME211217P00160000|9.00|9.66|7.30|12.08|7.80|4|-4.28|-0.3543|-4|1042|1|69|-0.2397|0.0113|-0.0140|-0.3895|0.0952||8.10|70|7.35|29
GME211217C00165000|20.60|21.70|17.60|16.45|17.60|3|1.15|0.0699|8|87|1|8|0.6962|0.0129|0.0319|-0.4309|0.1071||21.25|30|18.40|77
GME211217P00165000|10.70|11.30|9.50|14.75|9.70|3|-5.05|-0.3424|76|429|2|60|-0.3059|0.0126|-0.0181|-0.4433|0.1075||9.90|72|9.05|87
GME211217C00170000|18.20|21.00|15.00|14.20|17.20|2|3.00|0.2113|42|177|1|31|0.6256|0.0138|0.0290|-0.4733|0.1161||17.95|4|15.95|95
GME211217P00170000|13.50|13.61|10.82|17.48|11.88|2|-5.60|-0.3204|-14|1078|1|69|-0.3759|0.0135|-0.0224|-0.4857|0.1163||12.05|63|11.10|21
GME211217C00175000|15.05|18.05|13.00|12.35|14.46|1|2.11|0.1709|5|213|1|77|0.5532|0.0145|0.0259|-0.4898|0.1212||15.35|8|14.35|72
GME211217P00175000|15.60|16.18|12.20|18.97|14.32|1|-4.65|-0.2451|-22|763|1|285|-0.4465|0.0141|-0.0269|-0.5045|0.1212||14.65|74|13.35|71
GME211217C00180000|11.50|15.25|10.85|10.25|12.50|1|2.25|0.2195|542|1045|1|311|0.4809|0.0146|0.0228|-0.4956|0.1221||13.00|19|12.30|20
GME211217P00180000|18.00|18.00|15.00|21.74|17.11|1|-4.63|-0.2130|-9|1119|1|58|-0.5172|0.0142|-0.0315|-0.5071|0.1221||17.95|98|16.05|69
GME211217C00185000|10.83|13.45|9.00|8.75|10.80|2|2.05|0.2343|62|346|1|60|0.4104|0.0142|0.0196|-0.4856|0.1191||11.10|5|10.00|123
GME211217P00185000|20.78|21.60|18.23|25.00|19.40|2|-5.60|-0.2240|8|254|1|11|-0.5854|0.0139|-0.0360|-0.4958|0.1194||21.35|77|19.00|10
GME211217C00187500|10.00|10.40|9.12|7.90|10.40|3|2.50|0.3165|2|44|1|11|0.4398|0.0098|0.0199|-0.7192|0.1209||10.25|9|8.75|86
GME211217P00187500||||27.07|27.07|3|0.00|0.0000|0|116|0|0|-0.5321|0.0082|-0.0361|-0.8799|0.1219||23.00|58|20.60|20
GME211217C00190000|9.00|11.65|7.94|7.20|8.95|4|1.75|0.2431|-19|254|1|72|0.3480|0.0134|0.0167|-0.4648|0.1133||9.45|35|8.50|86
GME211217P00190000|23.16|24.57|20.00|29.00|23.73|4|-5.27|-0.1817|4|435|1|30|-0.6472|0.0131|-0.0404|-0.4779|0.1138||24.85|67|22.45|5
GME211217C00192500|9.10|9.50|8.10|7.35|8.50|5|1.15|0.1565|4|43|1|28|0.3905|0.0098|0.0179|-0.6850|0.1176||8.65|30|7.55|132
GME211217P00192500||||38.40|38.40|5|0.00|0.0000|0|113|0|0|-0.5100|0.0058|-0.0384|-1.2531|0.1222||26.60|65|24.10|9
GME211217C00195000|7.72|9.55|7.40|6.35|7.40|6|1.05|0.1654|12|170|1|29|0.2915|0.0123|0.0141|-0.4360|0.1051||8.00|25|7.10|123
GME211217P00195000|29.00|29.00|25.35|31.75|27.43|6|-4.32|-0.1361|-12|429|1|27|-0.7034|0.0121|-0.0445|-0.4482|0.1060||28.55|56|25.80|59
GME211217C00197500|8.33|8.33|6.30|5.75|6.30|7|0.55|0.0957|2|39|1|9|0.3326|0.0099|0.0155|-0.6090|0.1113||7.40|26|6.45|133
GME211217P00197500||||42.50|42.50|7|0.00|0.0000|0|93|0|0|-0.5311|0.0056|-0.0407|-1.2826|0.1219||30.50|62|27.80|36
GME211217C00200000|5.40|8.30|5.40|5.55|6.48|8|0.93|0.1676|308|3025|1|391|0.2430|0.0110|0.0118|-0.4036|0.0959||6.75|1|6.40|1
GME211217P00200000|31.50|31.50|29.00|38.96|31.28|8|-7.68|-0.1971|-44|1875|1|18|-0.7507|0.0109|-0.0482|-0.4181|0.0972||31.55|49|29.85|10
GME211217C00202500|6.11|7.70|5.60|5.85|5.98|9|0.13|0.0222|4|39|2|24|0.3037|0.0090|0.0141|-0.6173|0.1071||6.40|49|5.60|118
GME211217P00202500||||38.80|38.80|9|0.00|0.0000|0|120|0|0|-0.6245|0.0073|-0.0446|-0.9002|0.1162||34.55|45|31.85|15
GME211217C00205000|5.53|7.00|5.32|4.50|5.55|10|1.05|0.2333|36|100|1|38|0.2895|0.0086|0.0135|-0.6153|0.1048||5.95|42|5.30|94
GME211217P00205000|36.60|36.60|36.60|41.50|36.60|10|-4.90|-0.1181|-2|161|1|1|-0.7013|0.0085|-0.0480|-0.6457|0.1063||36.70|45|33.90|22
GME211217C00207500|5.40|5.73|5.25|5.65|5.25|11|-0.40|-0.0708|3|34|2|14|0.2768|0.0083|0.0129|-0.6145|0.1026||5.60|53|4.75|134
GME211217P00207500|37.77|37.77|37.77|43.07|37.77|11|-5.30|-0.1231|3|219|1|1|-0.7358|0.0085|-0.0502|-0.5728|0.1002||38.95|44|36.05|21
GME211217C00210000|5.25|6.05|4.35|4.35|4.93|12|0.58|0.1333|16|813|1|187|0.1586|0.0085|0.0078|-0.3120|0.0742||5.20|33|4.65|88
GME211217P00210000|38.00|43.00|34.90|47.90|39.60|12|-8.30|-0.1733|65|273|2|95|-0.8362|0.0086|-0.0553|-0.3237|0.0757||41.20|46|38.10|20
GME211217C00212500|4.80|4.80|4.80|4.58|4.80|13|0.22|0.0480|21|35|4|6|0.2516|0.0077|0.0117|-0.6026|0.0977||4.95|74|4.15|125
GME211217P00212500||||42.25|42.25|13|0.00|0.0000|0|59|0|0|-0.7603|0.0078|-0.0528|-0.5629|0.0952||43.60|44|40.40|4
GME211217C00215000|4.45|5.20|4.05|3.82|4.25|14|0.43|0.1126|20|123|1|49|0.2351|0.0074|0.0110|-0.5792|0.0942||4.65|31|4.10|83
GME211217P00215000||||54.30|54.30|14|0.00|0.0000|-5|99|0|0|-0.6229|0.0055|-0.0492|-1.1854|0.1163||45.75|46|42.60|4
GME211217C00217500|4.85|5.00|3.80|5.10|3.84|15|-1.26|-0.2471|0|40|1|20|0.2163|0.0072|0.0101|-0.5453|0.0899||4.40|34|3.80|105
GME211217P00217500|46.54|46.80|46.54|56.80|46.80|15|-10.00|-0.1761|-6|49|2|3|-0.7815|0.0072|-0.0553|-0.5517|0.0904||48.05|37|44.85|4
GME211217C00220000|4.00|4.65|3.50|3.40|3.95|16|0.55|0.1618|-8|1871|3|127|0.1010|0.0062|0.0050|-0.2301|0.0542||4.15|23|3.80|33
GME211217P00220000||||59.00|59.00|16|0.00|0.0000|-1|423|0|0|-0.8921|0.0063|-0.0610|-0.2472|0.0568||50.55|48|46.90|9
GME211217C00222500|3.80|3.80|3.65|3.30|3.73|17|0.43|0.1303|11|81|1|9|0.2031|0.0066|0.0095|-0.5519|0.0865||4.00|28|3.50|62
GME211217P00222500||||49.15|49.15|17|0.00|0.0000|0|21|0|0|-0.8703|0.0063|-0.0608|-0.3200|0.0647||52.65|37|49.10|7
GME211217C00225000|3.75|4.15|3.38|3.00|3.60|18|0.60|0.2000|11|139|1|13|0.1959|0.0063|0.0091|-0.5491|0.0847||3.80|36|3.35|72
GME211217P00225000||||49.64|49.64|18|0.00|0.0000|0|30|0|0|-0.8855|0.0059|-0.0622|-0.2898|0.0593||55.00|28|51.55|6
GME211217C00227500|3.80|3.80|3.45|3.60|3.45|19|-0.15|-0.0417|1|10|1|2|0.1878|0.0061|0.0088|-0.5422|0.0826||3.65|35|3.15|50
GME211217P00227500||||51.86|51.86|19|0.00|0.0000|0|60|0|0|-0.8984|0.0054|-0.0636|-0.2639|0.0544||57.35|36|53.90|3
GME211217C00230000|3.25|3.67|3.10|3.05|3.20|20|0.15|0.0492|2|438|3|36|0.0665|0.0044|0.0033|-0.1729|0.0396||3.50|26|3.10|57
GME211217P00230000|57.65|57.65|57.65|64.00|57.65|20|-6.35|-0.0992|0|63|1|1|-0.9300|0.0045|-0.0658|-0.1820|0.0412||59.70|42|56.25|8
GME211217C00232500|3.25|3.30|3.25|2.66|3.30|21|0.64|0.2406|-1|85|1|2|0.1759|0.0056|0.0082|-0.5394|0.0792||3.35|8|2.98|63
GME211217P00232500||||53.30|53.30|21|0.00|0.0000|0|19|0|0|-0.9591|0.0033|-0.0680|-0.1063|0.0269||62.35|40|58.65|29
GME211217C00235000|3.10|3.35|2.98|2.80|3.00|22|0.20|0.0714|11|89|1|14|0.1641|0.0054|0.0077|-0.5129|0.0758||3.25|20|2.94|22
GME211217P00235000||||68.76|68.76|22|0.00|0.0000|0|61|0|0|-0.7257|0.0052|-0.0590|-0.9780|0.1021||64.70|30|60.85|22
GME211217C00240000|2.83|3.18|2.68|2.62|2.75|23|0.13|0.0496|25|346|1|48|0.0407|0.0029|0.0020|-0.1178|0.0268||3.05|26|2.66|70
GME211217P00240000||||73.45|73.45|23|0.00|0.0000|0|54|0|0|-0.9548|0.0031|-0.0701|-0.1310|0.0291||69.55|31|65.70|27
GME211217C00245000|2.75|3.00|2.75|2.74|2.84|24|0.10|0.0365|4|200|1|24|0.1487|0.0047|0.0069|-0.5167|0.0710||2.93|72|2.51|79
GME211217P00245000||||78.00|78.00|24|0.00|0.0000|1|39|0|0|-0.7492|0.0047|-0.0630|-0.9709|0.0975||74.25|25|70.65|29
GME211217C00250000|2.75|2.77|2.26|2.39|2.48|25|0.09|0.0377|58|1302|1|300|0.0254|0.0020|0.0013|-0.0810|0.0181||2.70|13|2.44|29
GME211217P00250000|76.30|76.30|76.30|85.24|76.30|25|-8.94|-0.1049|-1|54|1|1|-0.9721|0.0021|-0.0739|-0.0886|0.0196||79.25|49|75.50|14
GME211217C00255000|2.16|2.51|2.16|2.26|2.51|26|0.25|0.1106|0|359|5|29|0.1308|0.0041|0.0061|-0.4947|0.0651||2.59|7|2.24|77
GME211217P00255000||||39.75|39.75|26|0.00|0.0000|0|5|0|0|-1.0000|0.0000|-0.0768|0.0007|0.0001||84.15|17|80.40|15
GME211217C00260000|2.30|2.49|2.27|2.37|2.36|27|-0.01|-0.0042|-4|519|9|27|0.0155|0.0013|0.0008|-0.0538|0.0119||2.49|7|2.18|72
GME211217P00260000||||89.25|89.25|27|0.00|0.0000|0|21|0|0|-0.9829|0.0014|-0.0775|-0.0590|0.0130||89.05|21|85.25|19
GME211217C00270000|2.00|2.25|2.00|2.10|2.24|28|0.14|0.0667|64|636|1|10|0.0101|0.0009|0.0005|-0.0380|0.0082||2.44|70|2.02|87
GME211217P00270000||||102.35|102.35|28|0.00|0.0000|-19|30|0|0|-0.9883|0.0010|-0.0808|-0.0433|0.0094||98.90|9|95.10|18
GME211217C00280000|1.97|2.16|1.83|1.98|2.09|29|0.11|0.0556|32|2058|1|35|0.0069|0.0006|0.0003|-0.0278|0.0059||2.19|9|1.90|62
GME211217P00280000|106.96|106.96|106.96|91.00|106.96|29|15.96|0.1754|0|10|2|2|-0.9922|0.0007|-0.0840|-0.0305|0.0065||108.75|30|104.95|18
GME211217C00290000|1.90|1.99|1.83|1.80|1.87|30|0.07|0.0389|6|531|2|36|0.0046|0.0004|0.0002|-0.0200|0.0041||2.07|12|1.84|28
GME211217P00290000|116.82|116.82|116.82|127.73|116.82|30|-10.91|-0.0854|-2|23|2|2|-0.9942|0.0005|-0.0871|-0.0241|0.0050||118.65|21|114.85|29
GME211217C00300000|2.99|2.99|1.54|1.60|1.85|31|0.25|0.1563|-109|5622|1|224|0.0030|0.0003|0.0002|-0.0139|0.0028||1.93|12|1.77|9
GME211217P00300000|120.20|120.20|120.20|126.50|120.20|31|-6.30|-0.0498|0|20|1|1|-0.9964|0.0003|-0.0902|-0.0156|0.0033||128.55|30|124.70|11
GME211217C00310000|1.84|1.84|1.62|1.62|1.77|32|0.15|0.0926|16|384|1|21|0.0019|0.0002|0.0001|-0.0093|0.0019||1.85|38|1.64|72
GME211217P00310000||||102.75|102.75|32|0.00|0.0000|0|3|0|0|-0.9975|0.0002|-0.0933|-0.0113|0.0024||138.45|21|134.65|15
GME211217C00320000|1.65|1.69|1.58|1.49|1.58|33|0.09|0.0604|11|459|1|51|0.0014|0.0001|0.0001|-0.0069|0.0014||1.76|20|1.57|25
GME211217P00320000||||96.00|96.00|33|0.00|0.0000|0|17|0|0|-0.9982|0.0002|-0.0963|-0.0080|0.0018||148.40|24|144.50|20
GME211217C00330000|1.58|1.60|1.46|1.49|1.60|34|0.11|0.0738|21|234|3|39|0.0010|0.0001|0.0000|-0.0051|0.0010||1.64|6|1.46|60
GME211217P00330000||||159.50|159.50|34|0.00|0.0000|0|3|0|0|-0.9987|0.0001|-0.0994|-0.0056|0.0013||158.30|20|154.45|29
GME211217C00340000|1.45|1.50|1.45|1.41|1.50|35|0.09|0.0638|0|232|2|12|0.0007|0.0001|0.0000|-0.0040|0.0008||1.58|19|1.40|44
GME211217P00340000||||126.85|126.85|35|0.00|0.0000|0|7|0|0|-0.9991|0.0001|-0.1024|-0.0038|0.0009||168.25|25|164.30|24
GME211217C00350000|1.44|1.50|1.20|1.33|1.46|36|0.13|0.0977|-148|856|1|120|0.0005|0.0001|0.0000|-0.0031|0.0006||1.48|5|1.40|2
GME211217P00350000||||133.85|133.85|36|0.00|0.0000|0|4|0|0|-0.9993|0.0001|-0.1054|-0.0028|0.0007||178.20|16|174.30|27
GME211217C00360000|1.29|1.53|1.29|1.15|1.38|37|0.23|0.2000|-3|312|2|12|0.0004|0.0000|0.0000|-0.0027|0.0005||1.48|22|1.30|9
GME211217P00360000||||||37|||0|0|0|0|-0.9994|0.0001|-0.1085|-0.0021|0.0006||188.15|21|184.20|18
GME211217C00370000|1.40|1.40|1.35|1.43|1.35|38|-0.08|-0.0559|1|447|1|2|0.0004|0.0000|0.0000|-0.0022|0.0004||1.47|27|1.16|67
GME211217P00370000||||172.65|172.65|38|0.00|0.0000|0|3|0|0|-0.9996|0.0000|-0.1115|-0.0015|0.0005||198.05|27|194.00|23
GME211217C00380000|1.34|1.34|1.30|1.20|1.30|39|0.10|0.0833|7|175|1|2|0.0003|0.0000|0.0000|-0.0019|0.0003||1.42|38|1.11|40
GME211217P00380000||||208.83|208.83|39|0.00|0.0000|0|16|0|0|-0.9997|0.0000|-0.1145|-0.0009|0.0004||208.00|6|204.00|12
GME211217C00390000|1.20|1.24|1.14|1.16|1.14|40|-0.02|-0.0172|71|265|1|16|0.0002|0.0000|0.0000|-0.0016|0.0003||1.24|6|1.10|21
GME211217P00390000||||||40|||0|0|0|0|-0.9997|0.0000|-0.1175|-0.0006|0.0003||218.00|3|213.90|12
GME211217C00400000|1.10|1.21|0.90|1.10|1.14|41|0.04|0.0364|49|1325|1|225|0.0002|0.0000|0.0000|-0.0012|0.0002||1.17|11|1.10|5
GME211217P00400000||||238.75|238.75|41|0.00|0.0000|0|3|0|0|-0.9998|0.0000|-0.1205|-0.0003|0.0003||228.00|5|223.90|12
GME211217C00410000|1.00|1.10|1.00|1.10|1.10|42|0.00|0.0000|1|227|1|4|0.0001|0.0000|0.0000|-0.0010|0.0002||1.17|41|0.91|66
GME211217P00410000||||190.90|190.90|42|0.00|0.0000|0|3|0|0|-0.9998|0.0000|-0.1235|-0.0001|0.0002||237.85|12|233.90|5
GME211217C00420000|1.09|1.10|0.92|0.92|1.05|43|0.13|0.1413|-2|540|1|6|0.0001|0.0000|0.0000|-0.0008|0.0001||1.15|55|0.91|63
GME211217P00420000||||189.85|189.85|43|0.00|0.0000|0|16|0|0|-0.9999|0.0000|-0.1266|0.0007|0.0001||247.80|17|243.85|14
GME211217C00430000|1.00|1.05|0.83|1.04|1.05|44|0.01|0.0096|7|220|1|23|0.0001|0.0000|0.0000|-0.0007|0.0001||1.11|10|0.89|15
GME211217P00430000||||244.20|244.20|44|0.00|0.0000|0|0|0|0|-0.9999|0.0000|-0.1296|0.0009|0.0001||257.75|12|251.90|30
GME211217C00440000||||0.80|0.80|45|0.00|0.0000|2|474|0|0|0.0001|0.0000|0.0000|-0.0006|0.0001||1.07|1|0.88|1
GME211217P00440000||||||45|||0|0|0|0|-0.9999|0.0000|-0.1326|0.0011|0.0001||267.70|12|261.90|24
GME211217C00450000|0.90|0.96|0.81|0.84|0.96|46|0.12|0.1429|62|745|10|18|0.0001|0.0000|0.0000|-0.0004|0.0001||1.00|1|0.88|1
GME211217P00450000||||||46|||0|0|0|0|-1.0000|0.0000|-0.1356|0.0012|0.0001||277.65|12|271.90|23
GME211217C00460000|0.88|1.07|0.76|0.90|0.83|47|-0.07|-0.0778|0|1139|2|81|0.0001|0.0000|0.0000|-0.0004|0.0001||0.98|11|0.76|14
GME211217P00460000||||261.60|261.60|47|0.00|0.0000|0|5|0|0|-1.0000|0.0000|-0.1386|0.0012|0.0001||287.65|12|281.90|23
GME211217C00470000|0.80|0.86|0.80|1.00|0.84|48|-0.16|-0.1600|0|190|1|4|0.0356|0.0009|0.0016|-0.3010|0.0240||0.96|8|0.71|13
GME211217P00470000||||||48||||0|0|0|-1.0000|0.0000|-0.1416|0.0016|0.0000||297.60|4|291.90|27
GME211217C00480000|0.65|0.65|0.65|0.80|0.65|49|-0.15|-0.1875|2|245|1|1|0.0288|0.0008|0.0013|-0.2477|0.0202||0.93|8|0.69|9
GME211217P00480000||||264.21|264.21|49|0.00|0.0000|0|7|0|0|-0.9943|0.0002|-0.1444|-0.0461|0.0049||307.55|12|301.90|2
GME211217C00490000|0.74|0.80|0.73|0.80|0.73|50|-0.07|-0.0875|-1|151|1|4|0.0307|0.0008|0.0014|-0.2688|0.0212||0.91|13|0.57|65
GME211217P00490000||||274.04|274.04|50|0.00|0.0000|0|7|0|0|-0.9920|0.0003|-0.1473|-0.0673|0.0067||317.55|12|309.50|30
GME211217C00500000|0.75|0.80|0.56|0.66|0.60|51|-0.06|-0.0909|16|2452|2|52|0.0312|0.0008|0.0014|-0.2782|0.0215||0.84|2|0.57|12
GME211217P00500000||||290.05|290.05|51|0.00|0.0000|0|7|0|0|-0.9829|0.0005|-0.1499|-0.1494|0.0130||333.00|1|319.00|25
GME211217C00510000|0.63|0.79|0.63|0.65|0.66|52|0.01|0.0154|67|1621|1|211|0.0296|0.0008|0.0013|-0.2682|0.0206||0.74|2|0.65|6
GME211217P00510000||||277.97|277.97|52|0.00|0.0000|0|0|0|0|-0.9956|0.0002|-0.1535|-0.0378|0.0040||337.55|12|329.00|25
GME211223C00100000||||71.00|71.00|12|0.00|0.0000|0|13|0|0|0.9350|0.0016|0.0400|-0.2888|0.0483||79.20|16|74.70|16
GME211223P00100000|2.42|2.42|1.54|2.13|1.54|12|-0.59|-0.2770|61|375|1|39|-0.0430|0.0014|-0.0042|-0.1763|0.0348||1.75|1|1.54|1
GME211223C00110000||||||11||||0|0|0|1.0000|0.0000|0.0512|-0.0004|0.0000||70.60|13|65.10|21
GME211223P00110000|2.10|2.29|2.10|2.57|2.15|11|-0.42|-0.1634|415|520|1|4|-0.0616|0.0020|-0.0059|-0.2181|0.0463||2.37|50|1.81|24
GME211223C00120000||||49.37|49.37|10|0.00|0.0000|1|2|0|0|0.9486|0.0023|0.0512|-0.1407|0.0402||61.20|13|55.70|19
GME211223P00120000|3.00|3.17|2.50|4.10|2.50|10|-1.60|-0.3902|0|37|1|31|-0.0784|0.0027|-0.0075|-0.2318|0.0558||2.62|2|2.34|4
GME211223C00130000||||41.20|41.20|9|0.00|0.0000|1|1|0|0|0.9013|0.0037|0.0513|-0.2392|0.0662||51.05|13|46.65|18
GME211223P00130000|3.58|3.58|3.40|5.25|3.40|9|-1.85|-0.3524|5|141|1|3|-0.1093|0.0038|-0.0104|-0.2729|0.0713||3.85|47|3.20|21
GME211223C00140000|41.10|41.10|41.10|41.10|41.10|8|0.00|0.0000|0|0|1|1|0.8213|0.0049|0.0477|-0.4091|0.0995||41.95|18|38.05|24
GME211223P00140000|4.85|4.85|4.85|7.23|4.85|8|-2.38|-0.3292|7|49|1|1|-0.1557|0.0051|-0.0148|-0.3266|0.0910||5.65|59|4.50|35
GME211223C00145000||||||7||||0|0|0|1.0000|0.0000|0.0675|-0.0005|0.0000||38.50|14|34.05|16
GME211223P00145000|6.77|6.77|5.88|8.30|6.50|7|-1.80|-0.2169|3|14|4|15|-0.1938|0.0058|-0.0187|-0.3850|0.1047||6.55|51|5.45|24
GME211223C00150000||||28.10|28.10|6|0.00|0.0000|0|21|0|0|0.8404|0.0077|0.0554|-0.2261|0.0925||34.05|16|30.40|20
GME211223P00150000|9.75|9.75|6.65|11.00|7.11|6|-3.89|-0.3536|6|161|1|31|-0.2265|0.0065|-0.0219|-0.4114|0.1147||7.45|17|6.55|22
GME211223C00155000||||29.20|29.20|5|0.00|0.0000|0|11|0|0|0.7313|0.0069|0.0459|-0.4631|0.1257||30.45|11|27.00|20
GME211223P00155000|9.27|9.27|8.65|13.30|8.65|5|-4.65|-0.3496|1|79|1|3|-0.2591|0.0073|-0.0250|-0.4194|0.1234||9.10|60|7.95|29
GME211223C00160000||||22.77|22.77|4|0.00|0.0000|1|20|0|0|0.7142|0.0090|0.0475|-0.3793|0.1295||27.10|8|23.85|31
GME211223P00160000|10.00|11.08|10.00|13.20|11.08|4|-2.12|-0.1606|5|71|10|14|-0.3049|0.0077|-0.0298|-0.4686|0.1334||11.20|63|9.55|50
GME211223C00165000|22.80|22.80|19.80|18.80|19.80|3|1.00|0.0532|32|48|1|12|0.6632|0.0096|0.0447|-0.4092|0.1391||24.00|8|21.00|20
GME211223P00165000|13.12|13.33|11.97|17.15|13.33|3|-3.82|-0.2227|31|315|10|38|-0.3481|0.0081|-0.0344|-0.4968|0.1408||13.15|59|11.45|36
GME211223C00170000|20.25|20.25|19.22|18.44|19.98|2|1.54|0.0835|5|35|10|15|0.6084|0.0084|0.0401|-0.5171|0.1463||21.15|10|18.20|33
GME211223P00170000|15.51|15.78|13.71|20.03|15.78|2|-4.25|-0.2122|1|62|15|85|-0.3916|0.0084|-0.0391|-0.5177|0.1463||15.50|59|13.65|44
GME211223C00175000|17.20|21.00|17.06|16.30|17.30|1|1.00|0.0613|19|38|1|49|0.5636|0.0087|0.0376|-0.5234|0.1500||18.55|23|16.95|14
GME211223P00175000|18.00|18.29|16.00|22.05|17.13|1|-4.92|-0.2231|-4|43|1|41|-0.4376|0.0092|-0.0435|-0.4935|0.1501||18.05|30|15.90|6
