symbol|open|high|low|preClose|close|activeLevel|change|changeRatio|openIntChange|openInterest|latestPriceVol|volume|delta|gamma|rho|theta|vega|tradeStamptradeTime|ask|avol|bid|bvol
GME211210C00100000||||70.90|70.90|12|0.00|0.0000|209|211|0|0|0.9450|0.0015|0.0097|-1.0055|0.0206||83.25|12|78.55|33
GME211210P00100000|1.09|1.09|0.65|1.14|0.71|12|-0.43|-0.3772|1314|2034|3|1096|-0.0268|0.0011|-0.0006|-0.4406|0.0115||0.72|2|0.60|10
GME211210C00110000||||76.13|76.13|11|0.00|0.0000|0|2|0|0|0.8728|0.0022|0.0087|-2.5243|0.0386||74.00|12|68.55|23
GME211210P00110000|1.45|1.51|0.91|1.52|0.91|11|-0.61|-0.4013|314|618|3|213|-0.0380|0.0016|-0.0008|-0.5323|0.0153||1.00|3|0.84|1
GME211210C00120000||||51.40|51.40|10|0.00|0.0000|1|2|0|0|0.9209|0.0027|0.0114|-1.0035|0.0273||64.00|20|58.60|21
GME211210P00120000|1.69|1.69|1.14|2.00|1.21|10|-0.79|-0.3950|513|1305|1|112|-0.0533|0.0023|-0.0012|-0.6258|0.0201||1.30|5|1.03|15
GME211210C00130000||||41.19|41.19|9|0.00|0.0000|11|11|0|0|0.9120|0.0036|0.0123|-0.8833|0.0295||54.75|13|48.65|13
GME211210P00130000|1.70|2.49|1.46|2.60|1.46|9|-1.14|-0.4385|286|1131|1|383|-0.0748|0.0034|-0.0016|-0.7241|0.0261||1.66|6|1.34|2
GME211210C00140000|37.03|37.03|37.03|34.35|37.03|8|2.68|0.0780|12|46|1|1|0.8476|0.0051|0.0119|-1.3563|0.0436||44.70|14|39.00|12
GME211210P00140000|2.50|2.97|1.90|3.80|2.08|8|-1.72|-0.4526|492|1223|1|127|-0.1093|0.0051|-0.0024|-0.8565|0.0346||2.32|22|1.74|19
GME211210C00145000|32.07|33.37|32.07|26.44|32.90|7|6.46|0.2443|13|21|1|12|0.8830|0.0062|0.0134|-0.7823|0.0364||39.85|5|34.35|14
GME211210P00145000|3.45|4.65|2.33|4.62|2.51|7|-2.11|-0.4567|250|373|1|121|-0.1339|0.0062|-0.0029|-0.9365|0.0400||2.79|64|2.06|67
GME211210C00150000|32.00|32.00|32.00|22.00|32.00|6|10.00|0.4545|-12|61|1|6|0.8179|0.0073|0.0125|-1.1912|0.0489||36.00|13|31.00|10
GME211210P00150000|3.90|5.15|2.78|5.68|2.78|6|-2.90|-0.5106|129|1024|1|387|-0.1704|0.0075|-0.0037|-1.0741|0.0469||3.15|17|2.55|13
GME211210C00155000|23.75|25.48|23.75|18.50|25.48|5|6.98|0.3773|2|60|1|12|0.8372|0.0096|0.0136|-0.7853|0.0455||31.00|6|26.00|36
GME211210P00155000|4.50|5.05|3.45|7.06|3.70|5|-3.36|-0.4759|20|391|1|78|-0.2015|0.0091|-0.0043|-1.0916|0.0520||3.95|31|3.15|68
GME211210C00160000|20.40|24.00|20.40|15.22|24.00|4|8.78|0.5769|22|276|1|7|0.7312|0.0097|0.0117|-1.3965|0.0610||26.60|14|21.70|92
GME211210P00160000|6.10|6.80|4.20|8.50|4.60|4|-3.90|-0.4588|362|859|1|358|-0.2567|0.0103|-0.0056|-1.2558|0.0596||4.85|35|4.00|62
GME211210C00165000|17.00|21.23|16.90|12.90|20.50|3|7.60|0.5891|143|203|1|21|0.6774|0.0108|0.0110|-1.4937|0.0664||22.70|22|19.70|60
GME211210P00165000|7.50|8.80|5.55|10.86|5.55|3|-5.31|-0.4890|224|608|1|127|-0.3153|0.0115|-0.0069|-1.3769|0.0658||5.80|19|5.25|51
GME211210C00170000|14.80|18.10|12.80|10.50|18.10|2|7.60|0.7238|271|448|1|129|0.6167|0.0109|0.0101|-1.6661|0.0706||19.05|18|17.10|15
GME211210P00170000|10.15|12.00|7.00|13.50|7.00|2|-6.50|-0.4815|-41|554|18|213|-0.3736|0.0132|-0.0081|-1.3576|0.0701||7.70|30|6.70|21
GME211210C00175000|12.00|16.00|10.10|8.30|14.40|1|6.10|0.7349|198|470|1|198|0.5568|0.0143|0.0095|-1.3627|0.0731||15.85|22|14.15|17
GME211210P00175000|12.67|14.70|9.20|16.30|9.75|1|-6.55|-0.4018|13|531|2|152|-0.4430|0.0138|-0.0097|-1.4070|0.0731||9.85|36|8.55|16
GME211210C00177500|10.95|13.70|9.50|7.70|12.80|1|5.10|0.6623|132|179|1|43|0.5263|0.0127|0.0089|-1.5619|0.0737||15.20|49|11.85|75
GME211210P00177500|11.95|12.30|9.95|18.90|10.35|1|-8.55|-0.4524|-9|257|2|17|-0.4812|0.0151|-0.0105|-1.3104|0.0737||10.70|4|9.15|65
GME211210C00180000|10.00|12.50|7.25|6.55|12.50|2|5.95|0.9084|292|696|1|319|0.4880|0.0139|0.0084|-1.4296|0.0738||13.00|20|11.50|12
GME211210P00180000|14.85|15.00|11.20|18.26|11.50|2|-6.76|-0.3702|-47|583|10|80|-0.5207|0.0156|-0.0114|-1.2755|0.0737||11.85|1|11.00|1
GME211210C00182500|8.00|11.40|7.85|5.66|10.85|3|5.19|0.9170|31|179|1|75|0.4634|0.0127|0.0079|-1.5514|0.0735||11.65|19|9.85|15
GME211210P00182500|12.40|12.40|12.40|20.00|12.40|3|-7.60|-0.3800|1|233|1|1|-0.5472|0.0140|-0.0122|-1.4016|0.0733||13.50|1|11.40|40
GME211210C00185000|7.85|10.20|6.20|5.02|9.00|4|3.98|0.7928|178|424|1|135|0.4193|0.0138|0.0073|-1.3830|0.0723||10.65|35|9.95|2
GME211210P00185000|18.95|18.95|14.55|23.17|14.55|4|-8.62|-0.3720|-119|350|1|54|-0.5920|0.0148|-0.0131|-1.2708|0.0719||14.90|34|12.95|21
GME211210C00187500|8.40|9.05|6.25|4.30|8.82|5|4.52|1.0512|45|127|1|71|0.4066|0.0122|0.0070|-1.5455|0.0718||9.90|55|7.55|74
GME211210P00187500|17.85|17.85|16.78|28.00|16.78|5|-11.22|-0.4007|2|261|1|13|-0.6161|0.0137|-0.0139|-1.3280|0.0707||17.25|42|14.50|7
GME211210C00190000|6.50|8.00|5.00|4.05|8.00|6|3.95|0.9753|226|576|14|173|0.3594|0.0130|0.0063|-1.3494|0.0692||8.30|8|7.55|4
GME211210P00190000|19.54|21.03|19.54|27.50|20.80|6|-6.70|-0.2436|0|512|18|40|-0.6103|0.0113|-0.0142|-1.6248|0.0710||19.05|63|15.90|6
GME211210C00192500|4.80|7.15|4.80|3.66|7.15|7|3.49|0.9536|32|120|2|42|0.3409|0.0121|0.0059|-1.3923|0.0679||7.40|22|6.70|5
GME211210P00192500||||27.83|27.83|7|0.00|0.0000|3|125|0|0|-0.5726|0.0083|-0.0142|-2.3278|0.0726||21.55|25|17.60|3
GME211210C00195000|3.50|6.35|3.50|3.30|6.35|8|3.05|0.9242|141|433|4|94|0.3019|0.0121|0.0053|-1.2587|0.0645||6.55|36|5.95|6
GME211210P00195000|22.22|22.22|22.00|31.02|22.00|8|-9.02|-0.2908|-9|294|1|11|-0.7059|0.0123|-0.0162|-1.2034|0.0638||23.70|76|19.20|8
GME211210C00197500|3.81|5.80|3.60|2.90|5.20|9|2.30|0.7931|46|173|1|120|0.2846|0.0113|0.0050|-1.2704|0.0628||5.95|53|4.85|70
GME211210P00197500||||33.48|33.48|9|0.00|0.0000|-5|115|0|0|-0.5861|0.0073|-0.0151|-2.5924|0.0721||24.15|35|20.45|20
GME211210C00200000|3.61|5.00|3.20|2.71|5.00|10|2.29|0.8450|637|2365|2|891|0.2527|0.0110|0.0044|-1.1643|0.0591||5.05|9|4.70|9
GME211210P00200000|27.98|28.65|25.00|33.81|25.00|10|-8.81|-0.2606|-25|674|1|23|-0.7550|0.0111|-0.0176|-1.1120|0.0582||25.90|42|22.95|5
GME211210C00202500|3.00|4.50|2.94|2.41|4.50|11|2.09|0.8672|48|142|1|26|0.2397|0.0103|0.0042|-1.1757|0.0575||4.70|38|4.15|22
GME211210P00202500||||35.84|35.84|11|0.00|0.0000|-2|33|0|0|-0.6311|0.0075|-0.0162|-2.3726|0.0698||28.40|28|24.60|13
GME211210C00205000|2.95|4.00|2.62|2.21|3.95|12|1.74|0.7873|163|401|5|157|0.2133|0.0098|0.0038|-1.0827|0.0538||4.10|1|3.75|17
GME211210P00205000||||40.44|40.44|12|0.00|0.0000|-1|179|0|0|-0.6149|0.0066|-0.0164|-2.7498|0.0707||30.90|29|26.80|5
GME211210C00207500|2.39|3.60|2.39|1.99|3.54|13|1.55|0.7789|21|103|5|34|0.2086|0.0091|0.0037|-1.1292|0.0531||3.85|2|3.35|21
GME211210P00207500||||42.53|42.53|13|0.00|0.0000|-2|24|0|0|-0.6260|0.0065|-0.0169|-2.7594|0.0701||32.50|31|29.10|6
GME211210C00210000|2.37|3.30|2.12|1.80|3.20|14|1.40|0.7778|142|501|1|151|0.1750|0.0086|0.0031|-0.9627|0.0477||3.30|3|3.05|7
GME211210P00210000|38.25|38.25|38.25|45.79|38.25|14|-7.54|-0.1647|-17|124|1|1|-0.7302|0.0079|-0.0185|-1.7192|0.0612||35.00|13|30.50|7
GME211210C00212500|2.25|2.63|2.07|1.81|2.63|15|0.82|0.4530|15|103|1|57|0.1630|0.0081|0.0029|-0.9376|0.0456||2.99|1|2.58|47
GME211210P00212500|40.65|40.65|40.65|48.25|40.65|15|-7.60|-0.1575|1|39|2|2|-0.7381|0.0076|-0.0189|-1.7439|0.0602||37.50|26|33.00|5
GME211210C00215000|2.20|2.70|1.85|1.75|2.70|16|0.95|0.5429|118|334|1|80|0.1525|0.0076|0.0027|-0.9156|0.0436||2.80|5|2.51|9
GME211210P00215000||||52.12|52.12|16|0.00|0.0000|0|73|0|0|-0.6214|0.0055|-0.0178|-3.2670|0.0704||40.00|27|35.10|7
GME211210C00217500|3.70|3.70|1.73|1.50|1.73|17|0.23|0.1533|11|46|1|4|0.1237|0.0069|0.0022|-0.7547|0.0378||2.50|32|2.11|34
GME211210P00217500||||53.30|53.30|17|0.00|0.0000|0|37|0|0|-0.6400|0.0056|-0.0183|-3.1285|0.0692||42.35|17|37.05|2
GME211210C00220000|1.68|2.26|1.55|1.55|2.26|18|0.71|0.4581|161|582|1|106|0.1261|0.0066|0.0022|-0.8118|0.0383||2.38|7|2.12|3
GME211210P00220000||||54.32|54.32|18|0.00|0.0000|0|165|0|0|-0.6614|0.0057|-0.0189|-2.9513|0.0677||44.85|13|39.55|4
GME211210C00222500|1.45|3.50|1.45|1.50|1.99|19|0.49|0.3267|63|155|1|11|0.1229|0.0063|0.0022|-0.8258|0.0377||2.23|4|1.94|12
GME211210P00222500|49.15|49.15|49.15|42.95|49.15|19|6.20|0.1444|0|39|1|1|-0.7889|0.0066|-0.0208|-1.5854|0.0535||47.35|13|42.05|6
GME211210C00225000|1.59|1.91|1.38|1.21|1.90|20|0.69|0.5702|49|521|1|176|0.1131|0.0059|0.0020|-0.7849|0.0355||2.00|1|1.81|11
GME211210P00225000||||57.07|57.07|20|0.00|0.0000|-1|476|0|0|-0.6988|0.0057|-0.0199|-2.6715|0.0645||49.85|5|44.30|13
GME211210C00227500|1.39|1.50|1.33|1.22|1.50|21|0.28|0.2295|4|39|1|6|0.1047|0.0055|0.0019|-0.7498|0.0336||1.93|6|1.54|38
GME211210P00227500||||34.06|34.06|21|0.00|0.0000|0|35|0|0|-1.0000|0.0000|-0.0249|0.0005|0.0000||52.35|5|46.80|4
GME211210C00230000|1.21|1.69|1.15|1.14|1.69|22|0.55|0.4825|95|565|1|44|0.1048|0.0053|0.0019|-0.7810|0.0336||1.83|16|1.50|20
GME211210P00230000||||61.98|61.98|22|0.00|0.0000|0|20|0|0|-0.7079|0.0054|-0.0206|-2.7429|0.0636||54.80|2|48.95|14
GME211210C00232500|1.25|1.47|1.25|1.21|1.47|23|0.26|0.2149|12|67|38|63|0.0964|0.0049|0.0017|-0.7385|0.0316||1.76|29|1.36|25
GME211210P00232500||||68.97|68.97|23|0.00|0.0000|0|5|0|0|-0.6574|0.0047|-0.0204|-3.5615|0.0680||57.15|12|51.45|13
GME211210C00235000|1.05|1.50|1.05|1.04|1.50|24|0.46|0.4423|-13|851|1|25|0.0956|0.0048|0.0017|-0.7588|0.0314||1.65|17|1.36|25
GME211210P00235000||||74.05|74.05|24|0.00|0.0000|0|32|0|0|-0.6348|0.0044|-0.0205|-4.0278|0.0696||59.55|4|53.95|13
GME211210C00237500|1.14|1.25|1.05|0.95|1.25|25|0.30|0.3158|34|54|4|9|0.0820|0.0043|0.0015|-0.6655|0.0280||1.55|5|1.24|29
GME211210P00237500||||76.45|76.45|25|0.00|0.0000|0|24|0|0|-0.6389|0.0043|-0.0209|-4.0637|0.0693||61.95|12|56.30|13
GME211210C00240000|1.07|1.31|1.00|0.96|1.31|26|0.35|0.3646|34|336|1|28|0.0841|0.0042|0.0015|-0.7045|0.0286||1.50|16|1.19|21
GME211210P00240000||||71.95|71.95|26|0.00|0.0000|-1|30|0|0|-0.7216|0.0049|-0.0220|-2.8960|0.0621||64.35|14|58.80|13
GME211210C00245000|0.98|1.16|0.90|0.92|1.16|27|0.24|0.2609|45|227|1|71|0.0748|0.0038|0.0013|-0.6587|0.0261||1.30|6|1.10|21
GME211210P00245000||||50.19|50.19|27|0.00|0.0000|0|23|0|0|-0.9999|0.0000|-0.0268|-0.0002|0.0001||69.25|3|63.70|13
GME211210C00250000|1.00|1.17|0.75|0.88|1.11|28|0.23|0.2614|806|3669|1|146|0.0679|0.0034|0.0012|-0.6280|0.0243||1.17|8|1.12|4
GME211210P00250000||||80.84|80.84|28|0.00|0.0000|3|18|0|0|-0.7494|0.0045|-0.0235|-2.8014|0.0588||74.10|13|67.70|13
GME211210C00255000|0.90|0.90|0.86|0.83|0.86|29|0.03|0.0361|155|228|1|5|0.0565|0.0030|0.0010|-0.5430|0.0210||1.09|5|0.90|22
GME211210P00255000||||40.40|40.40|29|0.00|0.0000|0|5|0|0|-1.0000|0.0000|-0.0279|0.0008|0.0000||79.00|13|72.50|5
GME211210C00260000|0.90|0.99|0.80|0.80|0.94|30|0.14|0.1750|953|1845|1|8|0.0592|0.0029|0.0010|-0.5991|0.0218||1.00|13|0.95|4
GME211210P00260000||||69.85|69.85|30|0.00|0.0000|0|22|0|0|-0.9994|0.0001|-0.0285|-0.0045|0.0004||83.90|4|77.70|13
GME211210C00270000|0.66|0.77|0.66|0.65|0.77|31|0.12|0.1846|225|405|1|107|0.0482|0.0024|0.0008|-0.5264|0.0185||0.94|14|0.72|26
GME211210P00270000||||103.46|103.46|31|0.00|0.0000|0|15|0|0|-0.7301|0.0038|-0.0256|-3.5982|0.0612||93.80|13|87.70|9
GME211210C00280000|0.68|0.72|0.59|0.60|0.72|32|0.12|0.2000|37|296|1|8|0.0432|0.0021|0.0008|-0.5069|0.0169||0.82|4|0.62|20
GME211210P00280000||||112.20|112.20|32|0.00|0.0000|0|6|0|0|-0.7529|0.0036|-0.0270|-3.4470|0.0584||103.65|12|97.30|12
GME211210C00290000|0.56|0.82|0.56|0.61|0.73|33|0.12|0.1967|-10|545|1|108|0.0422|0.0019|0.0007|-0.5291|0.0166||0.81|13|0.58|42
GME211210P00290000||||82.25|82.25|33|0.00|0.0000|0|7|0|0|-1.0000|0.0000|-0.0318|0.0008|0.0000||113.55|12|107.30|12
GME211210C00300000|0.51|1.15|0.49|0.50|0.62|34|0.12|0.2400|407|1617|1|147|0.0363|0.0016|0.0006|-0.4821|0.0147||0.64|1|0.62|1
GME211210P00300000||||76.00|76.00|34|0.00|0.0000|0|14|0|0|-1.0000|0.0000|-0.0329|0.0010|0.0000||123.45|12|116.95|12
GME211210C00310000|0.47|0.80|0.47|0.45|0.80|35|0.35|0.7778|76|359|1|58|0.0308|0.0014|0.0005|-0.4290|0.0129||0.65|13|0.53|10
GME211210P00310000||||83.61|83.61|35|0.00|0.0000|0|4|0|0|-1.0000|0.0000|-0.0340|0.0008|0.0000||133.35|12|127.50|12
GME211210C00320000|0.47|0.62|0.45|0.44|0.62|36|0.18|0.4091|143|420|1|7|0.0334|0.0014|0.0006|-0.4916|0.0138||0.62|8|0.48|1
GME211210P00320000||||89.47|89.47|36|0.00|0.0000|0|3|0|0|-1.0000|0.0000|-0.0351|0.0010|0.0000||143.25|10|137.05|12
GME211210C00330000|0.58|0.58|0.39|0.39|0.48|37|0.09|0.2308|233|482|1|28|0.0267|0.0012|0.0005|-0.4088|0.0114||0.58|14|0.38|1
GME211210P00330000||||||37||||0|0|0|-1.0000|0.0000|-0.0362|0.0011|0.0000||153.15|4|147.15|12
GME211210C00340000|0.28|0.42|0.28|0.33|0.42|38|0.09|0.2727|29|160|1|2|0.0190|0.0009|0.0003|-0.3011|0.0086||0.94|50|0.32|19
GME211210P00340000||||||38||||0|0|0|-1.0000|0.0000|-0.0373|0.0011|0.0000||163.05|2|157.10|12
GME211210C00350000|0.40|0.40|0.31|0.30|0.34|39|0.04|0.1333|176|675|2|242|0.0193|0.0009|0.0003|-0.3193|0.0087||0.44|16|0.34|6
GME211210P00350000||||||39||||0|0|0|-1.0000|0.0000|-0.0384|0.0011|0.0000||173.00|3|167.70|12
GME211210C00360000||||0.28|0.28|40|0.00|0.0000|61|150|0|0|0.0162|0.0007|0.0003|-0.2766|0.0075||0.79|31|0.25|16
GME211210P00360000||||||40||||0|0|0|-1.0000|0.0000|-0.0395|0.0012|0.0000||182.90|12|177.75|4
GME211210C00370000|0.29|0.35|0.29|0.29|0.30|41|0.01|0.0345|8|46|1|5|0.0166|0.0007|0.0003|-0.2950|0.0077||0.77|50|0.29|2
GME211210P00370000||||||41||||0|0|0|-1.0000|0.0000|-0.0405|0.0012|0.0000||192.85|12|187.40|12
GME211210C00380000||||0.25|0.25|42|0.00|0.0000|20|77|0|0|0.0141|0.0006|0.0002|-0.2571|0.0066||0.71|32|0.22|12
GME211210P00380000||||||42||||0|0|0|-1.0000|0.0000|-0.0416|0.0012|0.0000||202.80|10|197.25|12
GME211210C00390000|0.22|0.27|0.22|0.22|0.27|43|0.05|0.2273|77|156|1|2|0.0146|0.0006|0.0003|-0.2757|0.0069||0.27|23|0.20|24
GME211210P00390000||||||43||||0|0|0|-1.0000|0.0000|-0.0427|0.0013|0.0000||212.75|10|206.20|12
GME211210C00400000|0.21|0.27|0.21|0.20|0.24|44|0.04|0.2000|64|592|9|135|0.0130|0.0006|0.0002|-0.2527|0.0062||0.25|13|0.20|2
GME211210P00400000||||230.14|230.14|44|0.00|0.0000|1|1|0|0|-0.8216|0.0023|-0.0413|-3.7703|0.0483||222.65|12|217.50|12
GME211210C00410000|0.20|0.23|0.20|0.22|0.23|45|0.01|0.0455|28|98|1|3|0.0123|0.0005|0.0002|-0.2459|0.0059||0.28|15|0.20|1
GME211210P00410000||||||45||||0|0|0|-1.0000|0.0000|-0.0449|0.0013|0.0000||232.60|12|227.50|12
GME211210C00420000|0.28|0.28|0.19|0.18|0.21|46|0.03|0.1667|64|242|1|11|0.0117|0.0005|0.0002|-0.2389|0.0057||0.22|12|0.17|4
GME211210P00420000||||||46||||0|0|0|-1.0000|0.0000|-0.0460|0.0014|0.0000||242.40|12|237.55|5
GME211210C00430000|0.22|0.22|0.22|0.13|0.22|47|0.09|0.6923|5|311|1|1|0.0115|0.0005|0.0002|-0.2404|0.0056||0.57|4|0.14|5
GME211210P00430000||||||47||||0|0|0|-1.0000|0.0000|-0.0471|0.0014|0.0000||252.55|10|245.60|3
GME211210C00440000||||0.15|0.15|48|0.00|0.0000|16|96|0|0|0.0083|0.0004|0.0001|-0.1771|0.0042||0.60|13|0.15|2
GME211210P00440000||||||48||||0|0|0|-1.0000|0.0000|-0.0482|0.0014|0.0000||262.50|12|255.40|10
GME211210C00450000|0.20|0.24|0.15|0.15|0.16|49|0.01|0.0667|511|807|1|31|0.0086|0.0004|0.0001|-0.1877|0.0043||0.33|4|0.12|1
GME211210P00450000||||||49||||0|0|0|-1.0000|0.0000|-0.0493|0.0015|0.0000||272.45|12|265.60|12
GME211210C00460000|0.22|0.22|0.16|0.11|0.16|50|0.05|0.4545|111|177|1|6|0.0067|0.0003|0.0001|-0.1493|0.0035||0.19|10|0.16|2
GME211210P00460000||||||50||||0|0|0|-1.0000|0.0000|-0.0504|0.0015|0.0000||282.40|12|275.45|10
GME211210C00470000||||0.12|0.12|51|0.00|0.0000|310|333|0|0|0.0066|0.0003|0.0001|-0.1498|0.0034||0.18|1|0.15|1
GME211210P00470000||||||51||||0|0|0|-1.0000|0.0000|-0.0515|0.0015|0.0000||292.35|12|285.45|12
GME211210C00480000|0.14|0.14|0.14|0.10|0.14|52|0.04|0.4000|75|148|1|1|0.0074|0.0003|0.0001|-0.1709|0.0038||0.37|7|0.13|1
GME211210P00480000||||||52||||0|0|0|-1.0000|0.0000|-0.0526|0.0016|0.0000||302.35|12|295.45|10
GME211210C00490000|0.20|0.20|0.20|0.17|0.20|53|0.03|0.1765|-5|96|2|2|0.0097|0.0004|0.0002|-0.2297|0.0048||0.36|11|0.10|2
GME211210P00490000||||||53||||0|0|0|-1.0000|0.0000|-0.0537|0.0016|0.0000||312.30|12|305.65|12
GME211210C00500000|0.15|0.20|0.10|0.09|0.14|54|0.05|0.5556|84|977|1|56|0.0072|0.0003|0.0001|-0.1725|0.0037||0.14|1|0.12|1
GME211210P00500000||||||54||||0|0|0|-1.0000|0.0000|-0.0548|0.0016|0.0000||322.25|12|315.50|10
GME211210C00510000|0.10|0.18|0.10|0.10|0.13|55|0.03|0.3000|766|3121|1|261|0.0066|0.0003|0.0001|-0.1628|0.0034||0.13|1|0.11|3
GME211210P00510000||||||55||||0|0|0|-1.0000|0.0000|-0.0559|0.0017|0.0000||332.25|12|325.65|12
GME211217C00080000||||94.56|94.56|19|0.00|0.0000|0|2|0|0|0.9265|0.0011|0.0184|-0.8156|0.0427||103.60|12|100.05|12
GME211217P00080000|1.08|1.15|0.90|1.41|0.90|19|-0.51|-0.3617|464|1070|1|27|-0.0244|0.0007|-0.0016|-0.2090|0.0176||0.90|1|0.77|13
GME211217C00085000||||95.85|95.85|18|0.00|0.0000|0|1|0|0|0.9508|0.0011|0.0223|-0.4318|0.0313||98.60|2|95.15|2
GME211217P00085000|1.19|1.19|0.99|1.49|0.99|18|-0.50|-0.3356|5|125|1|2|-0.0279|0.0008|-0.0018|-0.2223|0.0197||1.11|10|0.90|32
GME211217C00090000|86.59|86.59|86.59|137.00|86.59|17|-50.41|-0.3680|0|4|10|10|0.8857|0.0007|0.0102|-2.3582|0.0593||93.95|4|90.25|12
GME211217P00090000|1.25|1.31|1.13|1.61|1.27|17|-0.34|-0.2112|39|180|1|34|-0.0354|0.0010|-0.0023|-0.2655|0.0240||1.49|82|1.04|99
GME211217C00100000||||67.18|67.18|16|0.00|0.0000|-3|47|0|0|0.9998|0.0000|0.0301|-0.0015|0.0003||84.10|12|80.45|12
GME211217P00100000|1.68|1.68|0.71|1.88|1.40|16|-0.48|-0.2553|26|1077|4|64|-0.0003|0.0000|0.0000|-0.0014|0.0003||1.52|2|1.30|12
GME211217C00105000||||66.05|66.05|15|0.00|0.0000|0|1|0|0|0.9994|0.0001|0.0316|-0.0031|0.0006||79.10|12|75.55|12
GME211217P00105000|1.90|1.90|1.50|2.20|1.50|15|-0.70|-0.3182|13|166|1|7|-0.0006|0.0001|0.0000|-0.0030|0.0007||1.89|61|1.41|68
GME211217C00110000||||73.25|73.25|14|0.00|0.0000|0|1|0|0|0.9989|0.0001|0.0331|-0.0051|0.0011||74.10|16|70.70|12
GME211217P00110000|2.05|2.05|1.73|2.42|1.73|14|-0.69|-0.2851|70|424|6|10|-0.0014|0.0002|-0.0001|-0.0059|0.0014||1.86|1|1.53|24
GME211217C00115000||||112.11|112.11|13|0.00|0.0000|0|2|0|0|0.9979|0.0002|0.0345|-0.0085|0.0020||69.30|4|65.85|10
GME211217P00115000|2.00|2.01|1.98|2.62|2.01|13|-0.61|-0.2328|19|199|1|12|-0.0030|0.0003|-0.0002|-0.0119|0.0028||2.13|32|1.69|20
GME211217C00120000|58.85|58.85|58.85|52.20|58.85|12|6.65|0.1274|2|58|1|1|0.9956|0.0005|0.0359|-0.0162|0.0040||64.55|13|61.20|4
GME211217P00120000|3.28|3.28|2.05|3.09|2.20|12|-0.89|-0.2880|51|379|10|37|-0.0060|0.0006|-0.0003|-0.0217|0.0052||2.33|49|1.86|87
GME211217C00125000||||47.70|47.70|11|0.00|0.0000|0|35|0|0|0.9899|0.0010|0.0371|-0.0337|0.0082||60.05|13|56.35|12
GME211217P00125000|2.00|2.81|1.20|3.60|2.18|11|-1.42|-0.3944|180|535|1|101|-0.0122|0.0011|-0.0007|-0.0407|0.0097||2.47|1|2.12|7
GME211217C00130000||||39.61|39.61|10|0.00|0.0000|0|10|0|0|0.9818|0.0017|0.0381|-0.0552|0.0137||55.05|4|51.70|12
GME211217P00130000|3.00|3.09|2.68|4.45|2.68|10|-1.77|-0.3978|35|370|1|27|-0.0216|0.0018|-0.0012|-0.0658|0.0159||2.99|50|2.32|34
GME211217C00135000||||35.61|35.61|9|0.00|0.0000|-1|2|0|0|0.9669|0.0027|0.0388|-0.0912|0.0226||50.45|6|47.10|12
GME211217P00135000|3.65|3.98|3.00|4.75|3.00|9|-1.75|-0.3684|1|152|2|63|-0.0359|0.0028|-0.0020|-0.0991|0.0242||3.45|108|2.63|101
GME211217C00140000||||33.50|33.50|8|0.00|0.0000|0|149|0|0|0.9475|0.0040|0.0392|-0.1305|0.0329||45.95|13|42.60|6
GME211217P00140000|5.28|5.62|3.75|5.78|3.78|8|-2.00|-0.3460|68|983|4|50|-0.0582|0.0042|-0.0033|-0.1461|0.0357||3.95|55|3.05|45
GME211217C00145000||||27.00|27.00|7|0.00|0.0000|0|59|0|0|0.9160|0.0057|0.0389|-0.1890|0.0473||41.45|3|38.25|6
GME211217P00145000|6.26|6.26|4.20|7.10|4.20|7|-2.90|-0.4085|12|264|1|5|-0.0912|0.0059|-0.0052|-0.2082|0.0503||4.65|78|3.60|135
GME211217C00150000|29.40|29.40|29.40|27.40|29.40|6|2.00|0.0730|0|82|1|1|0.8746|0.0076|0.0380|-0.2546|0.0633||37.30|11|34.05|19
GME211217P00150000|8.80|8.80|4.90|8.50|4.90|6|-3.60|-0.4235|136|2018|10|184|-0.1308|0.0076|-0.0076|-0.2687|0.0652||5.40|51|4.35|22
GME211217C00155000||||24.92|24.92|5|0.00|0.0000|4|30|0|0|0.8262|0.0095|0.0366|-0.3146|0.0788||32.80|5|30.05|13
GME211217P00155000|8.03|8.03|6.95|9.47|7.50|5|-1.97|-0.2080|-1|404|1|4|-0.1788|0.0095|-0.0104|-0.3280|0.0802||6.90|107|5.30|15
GME211217C00160000|22.95|23.85|22.95|21.45|23.85|4|2.40|0.1119|6|143|1|2|0.7689|0.0114|0.0347|-0.3704|0.0934||29.55|33|26.30|27
GME211217P00160000|9.00|9.66|7.30|12.08|7.30|4|-4.78|-0.3957|-4|1042|1|22|-0.2369|0.0112|-0.0139|-0.3875|0.0947||7.90|65|6.50|34
GME211217C00165000|20.60|21.70|20.25|16.45|21.70|3|5.25|0.3191|8|87|1|7|0.6972|0.0129|0.0319|-0.4304|0.1070||25.65|17|22.80|54
GME211217P00165000|10.70|11.27|9.55|14.75|9.55|3|-5.20|-0.3525|76|429|7|27|-0.3027|0.0125|-0.0179|-0.4419|0.1071||9.80|106|8.00|4
GME211217C00170000|18.20|21.00|16.65|14.20|20.82|2|6.62|0.4662|42|177|2|21|0.6291|0.0137|0.0292|-0.4726|0.1160||22.65|46|19.65|78
GME211217P00170000|13.50|13.61|10.82|17.48|10.82|2|-6.66|-0.3810|-14|1078|2|26|-0.3726|0.0134|-0.0222|-0.4850|0.1161||11.45|92|9.65|78
GME211217C00175000|15.05|17.90|13.85|12.35|17.90|1|5.55|0.4494|5|213|1|13|0.5568|0.0145|0.0261|-0.4898|0.1212||19.35|23|17.35|57
GME211217P00175000|15.60|15.60|12.20|18.97|13.10|1|-5.87|-0.3094|-22|763|1|117|-0.4430|0.0140|-0.0267|-0.5046|0.1212||13.50|97|11.20|135
GME211217C00180000|11.50|15.25|11.50|10.25|15.25|1|5.00|0.4878|542|1045|2|34|0.4845|0.0146|0.0230|-0.4965|0.1223||16.90|41|14.70|60
GME211217P00180000|18.00|18.00|15.00|21.74|15.00|1|-6.74|-0.3100|-9|1119|1|19|-0.5136|0.0142|-0.0313|-0.5080|0.1224||15.80|36|14.15|14
GME211217C00185000|10.83|13.45|10.83|8.75|13.45|2|4.70|0.5371|62|346|1|29|0.4153|0.0142|0.0198|-0.4879|0.1197||14.10|14|12.50|75
GME211217P00185000|20.78|21.28|18.23|25.00|18.23|2|-6.77|-0.2708|8|254|2|9|-0.5819|0.0139|-0.0358|-0.4975|0.1198||19.00|51|16.55|23
GME211217C00187500|10.00|10.00|9.95|7.90|9.95|3|2.05|0.2595|2|44|1|2|0.4211|0.0112|0.0195|-0.6209|0.1200||13.40|60|11.20|66
GME211217P00187500||||27.07|27.07|3|0.00|0.0000|0|116|0|0|-0.5169|0.0074|-0.0359|-0.9712|0.1223||20.35|15|18.05|6
GME211217C00190000|9.00|11.65|8.96|7.20|11.65|4|4.45|0.6181|-19|254|1|18|0.3513|0.0134|0.0169|-0.4671|0.1138||12.15|45|10.50|77
GME211217P00190000|23.16|24.57|20.00|29.00|20.00|4|-9.00|-0.3103|4|435|1|23|-0.6439|0.0131|-0.0402|-0.4801|0.1144||22.05|34|19.30|70
GME211217C00192500|9.10|9.10|8.10|7.35|8.70|5|1.35|0.1837|4|43|1|25|0.3871|0.0100|0.0178|-0.6639|0.1175||11.00|11|9.40|70
GME211217P00192500||||38.40|38.40|5|0.00|0.0000|0|113|0|0|-0.4978|0.0054|-0.0383|-1.3401|0.1224||23.55|14|21.15|4
GME211217C00195000|7.72|8.10|7.59|6.35|8.04|6|1.69|0.2661|12|170|2|15|0.2945|0.0123|0.0142|-0.4388|0.1058||10.25|57|8.85|76
GME211217P00195000|29.00|29.00|25.77|31.75|25.77|6|-5.98|-0.1883|-12|429|10|15|-0.7004|0.0122|-0.0443|-0.4510|0.1066||25.25|34|22.40|77
GME211217C00197500|8.33|8.33|8.33|5.75|8.33|7|2.58|0.4487|2|39|1|1|0.3478|0.0095|0.0161|-0.6561|0.1134||9.35|34|8.25|64
GME211217P00197500||||42.50|42.50|7|0.00|0.0000|0|93|0|0|-0.5172|0.0052|-0.0406|-1.3753|0.1223||27.00|34|24.60|4
GME211217C00200000|5.40|8.30|5.40|5.55|8.30|8|2.75|0.4955|308|3025|10|185|0.2458|0.0111|0.0119|-0.4066|0.0966||8.60|12|7.90|19
GME211217P00200000|31.50|31.50|31.50|38.96|31.50|8|-7.46|-0.1915|-44|1875|1|6|-0.7480|0.0110|-0.0481|-0.4211|0.0979||28.85|48|26.40|10
GME211217C00202500|6.11|7.70|6.11|5.85|7.70|9|1.85|0.3162|4|39|5|9|0.3191|0.0087|0.0147|-0.6651|0.1096||8.00|45|6.85|70
GME211217P00202500||||38.80|38.80|9|0.00|0.0000|0|120|0|0|-0.5980|0.0067|-0.0438|-1.0224|0.1187||30.85|44|27.90|56
GME211217C00205000|5.53|7.00|5.53|4.50|7.00|10|2.50|0.5556|36|100|5|25|0.2894|0.0087|0.0135|-0.6109|0.1049||7.45|44|6.50|74
GME211217P00205000||||41.50|41.50|10|0.00|0.0000|-2|161|0|0|-0.6030|0.0064|-0.0449|-1.0607|0.1183||32.65|37|29.95|11
GME211217C00207500|5.40|5.73|5.30|5.65|5.73|11|0.08|0.0142|3|34|1|6|0.2665|0.0085|0.0125|-0.5770|0.1008||6.95|49|5.85|75
GME211217P00207500|37.77|37.77|37.77|43.07|37.77|11|-5.30|-0.1231|3|219|1|1|-0.6858|0.0077|-0.0483|-0.7431|0.1089||34.80|20|32.25|4
GME211217C00210000|5.25|6.05|4.80|4.35|5.85|12|1.50|0.3448|16|813|4|143|0.1608|0.0086|0.0079|-0.3152|0.0749||6.50|33|5.80|66
GME211217P00210000|38.00|40.90|34.90|47.90|34.90|12|-13.00|-0.2714|65|273|1|35|-0.8341|0.0086|-0.0552|-0.3269|0.0765||36.55|17|34.05|19
GME211217C00212500|4.80|4.80|4.80|4.58|4.80|13|0.22|0.0480|21|35|4|6|0.2329|0.0079|0.0110|-0.5388|0.0938||6.05|40|4.90|86
GME211217P00212500||||42.25|42.25|13|0.00|0.0000|0|59|0|0|-0.7063|0.0072|-0.0507|-0.7500|0.1057||38.95|12|35.90|14
GME211217C00215000|4.45|5.20|4.25|3.82|5.20|14|1.38|0.3613|20|123|1|16|0.2366|0.0074|0.0111|-0.5812|0.0947||5.85|64|4.80|74
GME211217P00215000||||54.30|54.30|14|0.00|0.0000|-5|99|0|0|-0.5995|0.0052|-0.0486|-1.3113|0.1186||41.10|12|38.00|11
GME211217C00217500|4.85|4.85|4.85|5.10|4.85|15|-0.25|-0.0490|0|40|1|1|0.2269|0.0071|0.0106|-0.5780|0.0925||5.40|52|4.45|64
GME211217P00217500|46.54|46.80|46.54|56.80|46.80|15|-10.00|-0.1761|-6|49|2|3|-0.7241|0.0067|-0.0531|-0.7556|0.1026||43.30|36|40.40|7
GME211217C00220000|4.00|4.65|3.70|3.40|4.61|16|1.21|0.3559|-8|1871|1|44|0.1025|0.0062|0.0051|-0.2330|0.0549||5.00|6|4.20|119
GME211217P00220000||||59.00|59.00|16|0.00|0.0000|-1|423|0|0|-0.8905|0.0064|-0.0609|-0.2501|0.0575||45.50|18|42.30|11
GME211217C00222500|3.80|3.80|3.65|3.30|3.65|17|0.35|0.1061|11|81|1|7|0.1843|0.0066|0.0087|-0.4860|0.0817||4.80|61|3.90|90
GME211217P00222500||||49.15|49.15|17|0.00|0.0000|0|21|0|0|-0.7831|0.0066|-0.0570|-0.5963|0.0901||47.75|35|44.80|5
GME211217C00225000|3.75|4.15|3.38|3.00|4.15|18|1.15|0.3833|11|139|1|5|0.1935|0.0064|0.0091|-0.5389|0.0842||4.65|59|3.90|50
GME211217P00225000||||49.64|49.64|18|0.00|0.0000|0|30|0|0|-0.8353|0.0063|-0.0600|-0.4415|0.0761||50.00|16|46.85|6
GME211217C00227500|3.80|3.80|3.80|3.60|3.80|19|0.20|0.0556|1|10|1|1|0.1809|0.0061|0.0085|-0.5161|0.0808||4.30|30|3.45|59
GME211217P00227500||||51.86|51.86|19|0.00|0.0000|0|60|0|0|-0.8459|0.0060|-0.0612|-0.4248|0.0728||52.30|17|48.95|5
GME211217C00230000|3.25|3.67|3.25|3.05|3.67|20|0.62|0.2033|2|438|2|6|0.0676|0.0044|0.0034|-0.1753|0.0401||4.00|1|3.35|113
GME211217P00230000|57.65|57.65|57.65|64.00|57.65|20|-6.35|-0.0992|0|63|1|1|-0.9288|0.0045|-0.0658|-0.1845|0.0417||54.60|17|51.40|5
GME211217C00232500|3.25|3.25|3.25|2.66|3.25|21|0.59|0.2218|-1|85|1|1|0.1581|0.0056|0.0074|-0.4743|0.0740||4.00|22|3.10|76
GME211217P00232500||||53.30|53.30|21|0.00|0.0000|0|19|0|0|-0.9588|0.0033|-0.0680|-0.1068|0.0270||56.90|17|53.55|9
GME211217C00235000|3.10|3.35|3.10|2.80|3.35|22|0.55|0.1964|11|89|3|5|0.1595|0.0054|0.0075|-0.4947|0.0745||3.85|21|3.05|70
GME211217P00235000||||68.76|68.76|22|0.00|0.0000|0|61|0|0|-0.6889|0.0049|-0.0578|-1.1591|0.1084||59.25|17|55.95|9
GME211217C00240000|2.83|3.18|2.68|2.62|3.18|23|0.56|0.2137|25|346|1|34|0.0414|0.0030|0.0021|-0.1197|0.0272||3.70|32|3.00|18
GME211217P00240000||||73.45|73.45|23|0.00|0.0000|0|54|0|0|-0.9537|0.0032|-0.0700|-0.1338|0.0297||64.00|6|60.65|5
GME211217C00245000|2.75|2.95|2.75|2.74|2.95|24|0.21|0.0766|4|200|1|15|0.1388|0.0047|0.0065|-0.4757|0.0679||3.45|49|2.80|57
GME211217P00245000||||78.00|78.00|24|0.00|0.0000|1|39|0|0|-0.7111|0.0045|-0.0618|-1.1669|0.1047||68.75|7|65.30|14
GME211217C00250000|2.75|2.76|2.26|2.39|2.76|25|0.37|0.1548|58|1302|1|93|0.0258|0.0020|0.0013|-0.0824|0.0184||2.95|1|2.55|28
GME211217P00250000||||85.24|85.24|25|0.00|0.0000|-1|54|0|0|-0.9716|0.0021|-0.0739|-0.0902|0.0200||73.55|1|70.10|3
GME211217C00255000|2.16|2.45|2.16|2.26|2.45|26|0.19|0.0841|0|359|1|8|0.1169|0.0040|0.0055|-0.4353|0.0603||3.10|64|2.25|96
GME211217P00255000||||39.75|39.75|26|0.00|0.0000|0|5|0|0|-0.9999|0.0000|-0.0768|0.0007|0.0001||78.40|6|75.00|3
GME211217C00260000|2.30|2.49|2.30|2.37|2.49|27|0.12|0.0506|-4|519|1|2|0.0158|0.0013|0.0008|-0.0549|0.0121||2.90|32|2.25|61
GME211217P00260000||||89.25|89.25|27|0.00|0.0000|0|21|0|0|-0.9828|0.0014|-0.0775|-0.0594|0.0131||83.30|6|80.00|4
GME211217C00270000|2.00|2.25|2.00|2.10|2.25|28|0.15|0.0714|64|636|1|6|0.0103|0.0009|0.0005|-0.0388|0.0084||2.62|15|2.03|80
GME211217P00270000||||102.35|102.35|28|0.00|0.0000|-19|30|0|0|-0.9881|0.0010|-0.0808|-0.0441|0.0095||93.05|5|89.65|13
GME211217C00280000|1.97|1.97|1.83|1.98|1.86|29|-0.12|-0.0606|32|2058|2|7|0.0070|0.0006|0.0004|-0.0284|0.0060||2.42|9|1.90|58
GME211217P00280000||||91.00|91.00|29|0.00|0.0000|0|10|0|0|-0.9921|0.0007|-0.0840|-0.0312|0.0067||102.90|1|99.40|5
GME211217C00290000||||1.80|1.80|30|0.00|0.0000|6|531|0|0|0.0047|0.0004|0.0002|-0.0204|0.0042||2.21|9|1.86|21
GME211217P00290000||||127.73|127.73|30|0.00|0.0000|-2|23|0|0|-0.9941|0.0005|-0.0871|-0.0246|0.0052||112.80|12|109.40|13
GME211217C00300000|2.99|2.99|1.54|1.60|1.86|31|0.26|0.1625|-109|5622|1|79|0.0031|0.0003|0.0002|-0.0142|0.0029||2.00|1|1.81|5
GME211217P00300000|120.20|120.20|120.20|126.50|120.20|31|-6.30|-0.0498|0|20|1|1|-0.9963|0.0003|-0.0902|-0.0159|0.0034||122.70|17|119.40|9
GME211217C00310000|1.84|1.84|1.84|1.62|1.84|32|0.22|0.1358|16|384|14|14|0.0019|0.0002|0.0001|-0.0094|0.0019||1.96|13|1.44|111
GME211217P00310000||||102.75|102.75|32|0.00|0.0000|0|3|0|0|-0.9974|0.0002|-0.0933|-0.0115|0.0025||132.60|10|129.10|13
GME211217C00320000|1.65|1.69|1.65|1.49|1.69|33|0.20|0.1342|11|459|49|50|0.0014|0.0001|0.0001|-0.0070|0.0014||1.80|5|1.41|120
GME211217P00320000||||96.00|96.00|33|0.00|0.0000|0|17|0|0|-0.9982|0.0002|-0.0963|-0.0082|0.0018||142.55|12|139.10|13
GME211217C00330000|1.58|1.58|1.46|1.49|1.46|34|-0.03|-0.0201|21|234|7|23|0.0010|0.0001|0.0001|-0.0053|0.0010||1.72|12|1.41|63
GME211217P00330000||||159.50|159.50|34|0.00|0.0000|0|3|0|0|-0.9987|0.0001|-0.0994|-0.0057|0.0013||152.45|12|149.00|14
GME211217C00340000|1.45|1.50|1.45|1.41|1.50|35|0.09|0.0638|0|232|1|10|0.0007|0.0001|0.0000|-0.0041|0.0008||1.64|10|1.41|19
GME211217P00340000||||126.85|126.85|35|0.00|0.0000|0|7|0|0|-0.9991|0.0001|-0.1024|-0.0039|0.0010||162.40|10|159.00|3
GME211217C00350000|1.44|1.50|1.20|1.33|1.45|36|0.12|0.0902|-148|856|5|29|0.0006|0.0001|0.0000|-0.0032|0.0006||1.55|9|1.40|10
GME211217P00350000||||133.85|133.85|36|0.00|0.0000|0|4|0|0|-0.9993|0.0001|-0.1054|-0.0029|0.0008||172.35|4|168.90|3
GME211217C00360000|1.29|1.53|1.29|1.15|1.53|37|0.38|0.3304|-3|312|2|10|0.0005|0.0000|0.0000|-0.0027|0.0005||1.52|17|1.30|12
GME211217P00360000||||||37|||0|0|0|0|-0.9994|0.0001|-0.1085|-0.0022|0.0006||182.25|1|178.70|2
GME211217C00370000||||1.43|1.43|38|0.00|0.0000|1|447|0|0|0.0004|0.0000|0.0000|-0.0023|0.0004||1.50|24|1.21|18
GME211217P00370000||||172.65|172.65|38|0.00|0.0000|0|3|0|0|-0.9995|0.0000|-0.1115|-0.0016|0.0005||192.20|12|188.70|14
GME211217C00380000|1.34|1.34|1.34|1.20|1.34|39|0.14|0.1167|7|175|1|1|0.0003|0.0000|0.0000|-0.0019|0.0003||1.37|24|1.14|17
GME211217P00380000||||208.83|208.83|39|0.00|0.0000|0|16|0|0|-0.9996|0.0000|-0.1145|-0.0010|0.0004||202.20|2|198.70|12
GME211217C00390000|1.20|1.20|1.17|1.16|1.17|40|0.01|0.0086|71|265|2|3|0.0003|0.0000|0.0000|-0.0017|0.0003||1.30|11|1.01|34
GME211217P00390000||||||40|||0|0|0|0|-0.9997|0.0000|-0.1175|-0.0006|0.0003||212.10|1|208.45|12
GME211217C00400000|1.10|1.21|0.90|1.10|1.18|41|0.08|0.0727|49|1325|20|100|0.0002|0.0000|0.0000|-0.0013|0.0002||1.21|5|1.15|4
GME211217P00400000||||238.75|238.75|41|0.00|0.0000|0|3|0|0|-0.9997|0.0000|-0.1205|-0.0004|0.0003||222.10|2|218.35|12
GME211217C00410000|1.00|1.00|1.00|1.10|1.00|42|-0.10|-0.0909|1|227|1|1|0.0001|0.0000|0.0000|-0.0010|0.0002||1.21|12|1.05|1
GME211217P00410000||||190.90|190.90|42|0.00|0.0000|0|3|0|0|-0.9998|0.0000|-0.1235|-0.0001|0.0002||232.05|2|228.30|15
GME211217C00420000|1.09|1.10|0.92|0.92|1.10|43|0.18|0.1957|-2|540|2|5|0.0001|0.0000|0.0000|-0.0008|0.0001||1.21|24|0.96|18
GME211217P00420000||||189.85|189.85|43|0.00|0.0000|0|16|0|0|-0.9999|0.0000|-0.1266|0.0007|0.0001||241.95|12|238.30|15
GME211217C00430000|1.00|1.00|1.00|1.04|1.00|44|-0.04|-0.0385|7|220|4|10|0.0001|0.0000|0.0000|-0.0007|0.0001||1.21|8|0.78|8
GME211217P00430000||||244.20|244.20|44|0.00|0.0000|0|0|0|0|-0.9999|0.0000|-0.1296|0.0008|0.0001||251.90|12|247.40|3
GME211217C00440000||||0.80|0.80|45|0.00|0.0000|2|474|0|0|0.0001|0.0000|0.0000|-0.0006|0.0001||1.21|6|0.73|4
GME211217P00440000||||||45|||0|0|0|0|-0.9999|0.0000|-0.1326|0.0011|0.0001||261.95|12|257.40|3
GME211217C00450000|0.90|0.90|0.81|0.84|0.81|46|-0.03|-0.0357|62|745|1|3|0.0001|0.0000|0.0000|-0.0004|0.0001||1.00|1|0.69|57
GME211217P00450000||||||46|||0|0|0|0|-1.0000|0.0000|-0.1356|0.0011|0.0001||272.05|10|267.35|3
GME211217C00460000|0.88|1.02|0.88|0.90|1.02|47|0.12|0.1333|0|1139|1|5|0.0001|0.0000|0.0000|-0.0004|0.0001||1.16|12|0.69|4
GME211217P00460000||||261.60|261.60|47|0.00|0.0000|0|5|0|0|-1.0000|0.0000|-0.1386|0.0012|0.0001||281.80|12|277.35|1
GME211217C00470000|0.80|0.80|0.80|1.00|0.80|48|-0.20|-0.2000|0|190|1|1|0.0306|0.0008|0.0014|-0.2586|0.0212||1.08|13|0.69|4
GME211217P00470000||||||48||||0|0|0|-1.0000|0.0000|-0.1416|0.0016|0.0000||291.95|10|287.30|3
GME211217C00480000|0.65|0.65|0.65|0.80|0.65|49|-0.15|-0.1875|2|245|1|1|0.0258|0.0007|0.0012|-0.2215|0.0184||1.08|9|0.66|5
GME211217P00480000||||264.21|264.21|49|0.00|0.0000|0|7|0|0|-0.9943|0.0002|-0.1444|-0.0463|0.0050||301.95|20|297.45|12
GME211217C00490000|0.74|0.79|0.74|0.80|0.79|50|-0.01|-0.0125|-1|151|1|2|0.0296|0.0008|0.0013|-0.2590|0.0206||1.08|12|0.61|7
GME211217P00490000||||274.04|274.04|50|0.00|0.0000|0|7|0|0|-0.9919|0.0003|-0.1473|-0.0683|0.0068||311.70|10|307.40|12
GME211217C00500000|0.75|0.80|0.70|0.66|0.80|51|0.14|0.2121|16|2452|2|8|0.0295|0.0008|0.0013|-0.2630|0.0206||0.85|1|0.72|1
GME211217P00500000||||290.05|290.05|51|0.00|0.0000|0|7|0|0|-0.9828|0.0005|-0.1499|-0.1506|0.0131||321.85|10|317.40|12
GME211217C00510000|0.63|0.79|0.63|0.65|0.70|52|0.05|0.0769|67|1621|1|113|0.0263|0.0007|0.0012|-0.2384|0.0187||0.80|5|0.65|8
GME211217P00510000||||277.97|277.97|52|0.00|0.0000|0|0|0|0|-0.9955|0.0002|-0.1535|-0.0382|0.0040||331.85|20|327.40|12
GME211223C00100000||||71.00|71.00|12|0.00|0.0000|0|13|0|0|0.9356|0.0016|0.0401|-0.2874|0.0480||84.70|4|80.65|10
GME211223P00100000|2.42|2.42|1.55|2.13|1.80|12|-0.33|-0.1549|61|375|4|19|-0.0508|0.0015|-0.0050|-0.2152|0.0399||1.85|2|1.50|20
GME211223C00110000||||||11||||0|0|0|1.0000|0.0000|0.0512|-0.0004|0.0000||75.05|5|71.00|10
GME211223P00110000|2.10|2.29|2.10|2.57|2.15|11|-0.42|-0.1634|415|520|1|4|-0.0656|0.0020|-0.0064|-0.2366|0.0487||2.42|17|1.84|29
GME211223C00120000||||49.37|49.37|10|0.00|0.0000|1|2|0|0|0.9488|0.0023|0.0512|-0.1404|0.0401||65.40|4|61.60|12
GME211223P00120000|3.00|3.17|2.66|4.10|2.66|10|-1.44|-0.3512|0|37|1|29|-0.0873|0.0028|-0.0084|-0.2673|0.0605||3.10|18|2.39|6
GME211223C00130000||||41.20|41.20|9|0.00|0.0000|1|1|0|0|0.9022|0.0037|0.0514|-0.2379|0.0659||56.40|3|52.50|1
GME211223P00130000||||5.25|5.25|9|0.00|0.0000|5|141|0|0|-0.1431|0.0037|-0.0142|-0.4036|0.0862||4.10|43|3.15|13
GME211223C00140000|41.10|41.10|41.10|41.10|41.10|8|0.00|0.0000|0|0|1|1|0.8805|0.0052|0.0542|-0.2268|0.0761||47.30|4|43.75|12
GME211223P00140000||||7.23|7.23|8|0.00|0.0000|7|49|0|0|-0.1915|0.0047|-0.0192|-0.4675|0.1040||5.45|57|4.35|26
GME211223C00145000||||||7||||0|0|0|1.0000|0.0000|0.0675|-0.0005|0.0000||43.60|8|39.65|12
GME211223P00145000|6.77|6.77|6.77|8.30|6.77|7|-1.53|-0.1843|3|14|10|10|-0.2040|0.0055|-0.0200|-0.4280|0.1081||6.45|45|5.15|13
GME211223C00150000||||28.10|28.10|6|0.00|0.0000|0|21|0|0|0.7648|0.0061|0.0468|-0.4533|0.1173||39.25|6|35.65|4
GME211223P00150000|9.75|9.75|6.65|11.00|6.65|6|-4.35|-0.3955|6|161|2|17|-0.2227|0.0065|-0.0215|-0.4019|0.1137||7.55|44|6.10|20
GME211223C00155000||||29.20|29.20|5|0.00|0.0000|0|11|0|0|0.7616|0.0080|0.0497|-0.3522|0.1182||35.40|6|31.90|4
GME211223P00155000|9.27|9.27|9.00|13.30|9.00|5|-4.30|-0.3233|1|79|1|2|-0.2681|0.0068|-0.0263|-0.4669|0.1257||8.90|48|7.25|5
GME211223C00160000||||22.77|22.77|4|0.00|0.0000|1|20|0|0|0.7548|0.0108|0.0522|-0.2690|0.1200||31.75|11|28.40|17
GME211223P00160000|10.00|10.00|10.00|13.20|10.00|4|-3.20|-0.2424|5|71|1|2|-0.3032|0.0076|-0.0297|-0.4695|0.1333||10.40|61|8.70|31
GME211223C00165000|22.80|22.80|21.60|18.80|21.60|3|2.80|0.1489|32|48|1|11|0.6702|0.0100|0.0456|-0.3841|0.1381||28.30|9|25.15|30
GME211223P00165000|13.12|13.12|13.12|17.15|13.12|3|-4.03|-0.2350|31|315|5|10|-0.3489|0.0076|-0.0350|-0.5298|0.1412||12.25|62|10.35|31
GME211223C00170000|20.25|20.25|19.22|18.44|20.00|2|1.56|0.0846|5|35|2|4|0.6128|0.0096|0.0415|-0.4480|0.1461||25.05|6|22.15|32
GME211223P00170000|15.51|15.51|15.51|20.03|15.51|2|-4.52|-0.2257|1|62|15|30|-0.3898|0.0078|-0.0395|-0.5523|0.1464||14.30|49|12.20|15
GME211223C00175000|17.20|21.00|17.20|16.30|21.00|1|4.70|0.2883|19|38|1|19|0.5632|0.0090|0.0378|-0.5085|0.1501||22.35|9|19.55|19
GME211223P00175000|18.00|18.29|16.00|22.05|16.00|1|-6.05|-0.2744|-4|43|1|8|-0.4344|0.0090|-0.0434|-0.5073|0.1501||16.70|53|14.30|38
