symbol|open|high|low|preClose|close|activeLevel|change|changeRatio|openIntChange|openInterest|latestPriceVol|volume|delta|gamma|rho|theta|vega|tradeStamptradeTime|ask|avol|bid|bvol
GME211203C00100000|83.51|83.51|83.51|82.00|83.51|13|1.51|0.0184|0|10|1|1|0.9233|0.0016|0.0045|-3.3124|0.0193||82.60|12|78.90|35
GME211203P00100000|0.08|0.09|0.02|0.08|0.05|13|-0.03|-0.3750|146|513|1|66|-0.0031|0.0002|0.0000|-0.0980|0.0013||0.10|7|0.03|33
GME211203C00110000||||135.99|135.99|12|0.00|0.0000|0|1|0|0|0.9620|0.0001|0.0084|-0.6225|0.0490||72.75|12|68.90|34
GME211203P00110000|0.09|0.25|0.07|0.17|0.16|12|-0.01|-0.0588|15|172|1|34|-0.0095|0.0006|-0.0001|-0.2583|0.0034||0.15|1|0.08|20
GME211203C00120000||||||11||||0|0|0|1.0000|0.0000|0.0066|-0.0004|0.0000||62.75|12|58.90|43
GME211203P00120000|0.29|0.30|0.10|0.25|0.20|11|-0.05|-0.2000|148|381|1|136|-0.0131|0.0010|-0.0001|-0.2964|0.0045||0.32|22|0.19|9
GME211203C00130000||||65.44|65.44|10|0.00|0.0000|0|1|0|0|0.8048|0.0026|0.0043|-7.3581|0.0370||52.45|12|48.90|41
GME211203P00130000|0.16|0.50|0.16|0.40|0.31|10|-0.09|-0.2250|26|976|3|66|-0.0216|0.0017|-0.0002|-0.4031|0.0069||0.31|1|0.26|9
GME211203C00140000||||55.33|55.33|9|0.00|0.0000|0|6|0|0|0.7773|0.0032|0.0046|-6.8895|0.0400||42.85|12|38.80|22
GME211203P00140000|0.69|0.77|0.28|0.50|0.34|9|-0.16|-0.3200|57|1151|1|292|-0.2337|0.0027|-0.0684|-0.4409|0.1815||0.43|50|0.34|11
GME211203C00150000||||44.80|44.80|8|0.00|0.0000|0|6|0|0|0.7483|0.0043|0.0050|-5.9114|0.0428||33.10|4|28.75|56
GME211203P00150000|1.85|1.85|0.42|0.94|0.57|8|-0.37|-0.3936|17|1198|10|774|-0.0607|0.0052|-0.0006|-0.6947|0.0161||0.64|1|0.48|21
GME211203C00155000||||27.75|27.75|7|0.00|0.0000|0|5|0|0|0.8340|0.0077|0.0067|-2.0059|0.0334||28.35|11|23.75|51
GME211203P00155000|0.73|1.61|0.50|1.30|0.71|7|-0.59|-0.4538|34|992|2|113|-0.0577|0.0062|-0.0006|-0.5409|0.0155||0.99|36|0.65|21
GME211203C00160000|20.00|21.50|20.00|28.80|21.50|6|-7.30|-0.2535|0|115|1|20|0.9384|0.0080|0.0081|-0.4621|0.0163||23.65|45|19.80|95
GME211203P00160000|1.00|2.35|0.72|1.85|0.95|6|-0.90|-0.4865|14|440|5|757|-0.3081|0.0042|-0.0830|-0.3794|0.2085||1.13|17|0.89|15
GME211203C00165000||||32.50|32.50|5|0.00|0.0000|-1|31|0|0|0.6702|0.0055|0.0048|-5.9582|0.0486||19.50|28|15.20|32
GME211203P00165000|1.61|3.55|0.94|2.60|1.36|5|-1.24|-0.4769|467|783|1|1389|-0.1583|0.0134|-0.0017|-1.0891|0.0324||1.50|1|1.24|44
GME211203C00170000|11.23|12.00|8.50|13.25|12.00|4|-1.25|-0.0943|10|50|8|46|0.7766|0.0181|0.0070|-1.2298|0.0401||14.00|16|10.20|79
GME211203P00170000|2.31|5.10|1.45|3.72|2.00|4|-1.72|-0.4624|275|934|8|1918|-0.2164|0.0187|-0.0023|-1.1497|0.0393||2.14|1|1.84|82
GME211203C00175000|9.64|10.53|6.00|9.70|10.53|3|0.83|0.0856|29|117|5|43|0.7012|0.0262|0.0065|-1.1511|0.0466||9.95|30|7.65|92
GME211203P00175000|1.95|7.25|1.95|4.95|3.40|3|-1.55|-0.3131|181|483|1|1254|-0.3092|0.0248|-0.0032|-1.2506|0.0473||3.40|1|3.00|16
GME211203C00177500|10.10|10.10|4.70|7.55|8.24|2|0.69|0.0914|4|7|1|54|0.6387|0.0318|0.0060|-1.1040|0.0503||8.25|33|6.50|38
GME211203P00177500|4.40|8.60|2.87|5.85|4.25|2|-1.60|-0.2735|136|199|2|921|-0.4058|0.0059|-0.1040|-0.3238|0.2297||4.40|5|3.60|79
GME211203C00180000|8.54|11.00|3.20|7.10|5.00|1|-2.10|-0.2958|57|733|1|850|0.5556|0.0286|0.0052|-1.3670|0.0530||6.55|43|5.35|47
GME211203P00180000|5.50|10.10|3.35|6.98|5.07|1|-1.91|-0.2736|493|1768|1|1670|-0.4255|0.0065|-0.1073|-0.3032|0.2322||5.55|16|5.10|1
GME211203C00182500|7.88|8.47|3.11|6.70|4.80|1|-1.90|-0.2836|74|85|1|94|0.4856|0.0276|0.0045|-1.4395|0.0535||5.25|48|4.40|16
GME211203P00182500|5.90|11.00|4.40|8.00|6.95|1|-1.05|-0.1313|98|297|1|181|-0.5086|0.0243|-0.0054|-1.6345|0.0536||6.80|22|5.85|58
GME211203C00185000|4.90|7.95|2.08|4.90|3.75|2|-1.15|-0.2347|313|481|1|1765|0.4139|0.0271|0.0039|-1.4011|0.0523||3.95|5|3.40|5
GME211203P00185000|6.43|14.03|5.35|9.80|8.38|2|-1.42|-0.1449|77|588|1|857|-0.5531|0.0207|-0.0060|-1.8909|0.0531||9.10|69|7.05|61
GME211203C00187500|3.85|6.50|1.83|3.95|2.70|3|-1.25|-0.3165|713|730|1|574|0.3598|0.0250|0.0034|-1.4019|0.0502||2.90|2|2.50|1
GME211203P00187500|7.91|15.14|7.00|10.70|10.00|3|-0.70|-0.0654|113|475|11|59|-0.6200|0.0224|-0.0067|-1.6198|0.0511||10.80|64|8.55|65
GME211203C00190000|3.95|5.18|1.40|3.70|2.03|4|-1.67|-0.4514|634|778|2|1224|0.2866|0.0244|0.0027|-1.1881|0.0457||2.25|24|1.92|28
GME211203P00190000|11.24|18.00|8.00|12.00|11.83|4|-0.17|-0.0142|-109|833|1|250|-0.4856|0.0064|-0.1261|-0.3189|0.2362||12.85|59|10.40|48
GME211203C00192500|2.95|4.25|1.14|2.96|1.69|5|-1.27|-0.4291|434|502|1|520|0.2292|0.0219|0.0022|-1.0468|0.0407||1.77|19|1.50|8
GME211203P00192500|11.75|16.88|11.63|14.20|13.83|5|-0.37|-0.0261|-101|273|1|24|-0.6470|0.0152|-0.0073|-2.2769|0.0499||15.05|44|12.25|44
GME211203C00195000|2.37|3.40|0.92|2.40|1.31|6|-1.09|-0.4542|397|597|1|549|0.1909|0.0188|0.0018|-0.9856|0.0365||1.42|25|1.12|33
GME211203P00195000|14.00|21.77|12.00|16.71|16.04|6|-0.67|-0.0401|-61|626|3|169|-0.8389|0.0189|-0.0091|-0.7885|0.0328||17.30|34|14.10|69
GME211203C00197500|2.55|2.85|0.71|2.04|1.04|7|-1.00|-0.4902|386|490|4|498|0.1637|0.0163|0.0016|-0.9326|0.0332||1.18|32|0.97|25
GME211203P00197500|23.22|23.22|17.51|18.95|18.15|7|-0.80|-0.0422|38|202|3|13|-0.6754|0.0125|-0.0079|-2.5958|0.0483||19.70|39|16.60|35
GME211203C00200000|1.75|2.33|0.57|1.69|0.88|8|-0.81|-0.4793|381|1051|1|2527|0.4661|0.0060|0.0696|-0.3386|0.2355||1.00|10|0.83|8
GME211203P00200000|17.55|26.85|16.00|22.15|20.25|8|-1.90|-0.0858|-71|998|1|281|-0.8895|0.0134|-0.0099|-0.6655|0.0253||21.90|42|19.00|49
GME211203C00202500|2.00|2.00|0.50|1.48|0.78|9|-0.70|-0.4730|35|281|1|479|0.1260|0.0123|0.0012|-0.8723|0.0278||0.85|1|0.69|16
GME211203P00202500|20.05|22.43|20.05|21.91|21.55|9|-0.36|-0.0164|-27|184|1|23|-0.4577|0.0037|-0.1482|-0.5421|0.2350||24.40|36|21.35|26
GME211203C00205000|1.17|1.68|0.48|1.34|0.67|10|-0.67|-0.5000|206|834|5|645|0.1060|0.0107|0.0010|-0.7841|0.0246||0.80|1|0.62|29
GME211203P00205000|22.06|31.10|22.06|28.45|26.87|10|-1.58|-0.0555|-4|484|1|68|-0.7692|0.0111|-0.0091|-2.0887|0.0408||26.90|37|23.85|4
GME211203C00207500|1.29|1.35|0.46|1.10|0.61|11|-0.49|-0.4455|-5|400|1|193|0.0924|0.0093|0.0009|-0.7380|0.0222||0.74|27|0.57|16
GME211203P00207500|23.40|31.50|23.40|20.90|25.68|11|4.78|0.2287|-2|35|1|4|-0.6976|0.0089|-0.0087|-3.4169|0.0468||29.40|29|26.00|14
GME211203C00210000|1.01|1.24|0.40|1.11|0.58|12|-0.53|-0.4775|79|939|2|663|0.0698|0.0077|0.0007|-0.5834|0.0180||0.66|18|0.53|12
GME211203P00210000|28.16|35.15|27.06|30.40|31.77|12|1.37|0.0451|1|385|1|33|-0.8388|0.0097|-0.0100|-1.5394|0.0328||31.90|35|28.45|27
GME211203C00212500|0.95|1.05|0.38|0.92|0.58|13|-0.34|-0.3696|119|297|1|144|0.4541|0.0048|0.0641|-0.4239|0.2348||0.63|12|0.47|16
GME211203P00212500|33.40|33.40|33.40|34.12|33.40|13|-0.72|-0.0211|-1|67|2|2|-0.8820|0.0086|-0.0105|-1.1404|0.0265||34.40|33|30.95|5
GME211203C00215000|0.81|1.00|0.36|0.87|0.50|14|-0.37|-0.4253|21|792|1|240|0.0537|0.0059|0.0005|-0.5081|0.0146||0.56|1|0.44|12
GME211203P00215000|31.50|35.35|31.50|34.35|31.97|14|-2.38|-0.0693|-1|226|1|26|-0.7998|0.0084|-0.0100|-2.3235|0.0376||36.90|40|33.45|19
GME211203C00217500|0.70|0.70|0.38|0.71|0.38|15|-0.33|-0.4648|-7|183|1|18|0.0573|0.0057|0.0005|-0.5789|0.0154||0.50|1|0.42|12
GME211203P00217500|38.35|38.35|38.35|30.09|38.35|15|8.26|0.2745|0|74|2|2|-0.9943|0.0013|-0.0119|-0.0512|0.0022||39.40|36|35.95|13
GME211203C00220000|0.77|0.81|0.35|0.77|0.43|16|-0.34|-0.4416|-11|1378|4|406|0.0593|0.0055|0.0006|-0.6378|0.0159||0.44|1|0.39|86
GME211203P00220000|35.30|44.52|35.30|40.00|38.63|16|-1.37|-0.0343|1|213|1|17|-0.8634|0.0074|-0.0108|-1.6248|0.0294||41.90|39|38.45|13
GME211203C00222500|0.66|0.73|0.32|0.57|0.40|17|-0.17|-0.2982|-15|181|1|24|0.4494|0.0042|0.0611|-0.4833|0.2345||0.46|11|0.36|16
GME211203P00222500|47.10|47.10|45.85|34.99|45.85|17|10.86|0.3104|0|51|2|6|-0.8263|0.0072|-0.0106|-2.2943|0.0344||44.40|31|40.95|12
GME211203C00225000|0.71|0.72|0.32|0.71|0.42|18|-0.29|-0.4085|-80|656|10|135|0.0443|0.0042|0.0004|-0.5184|0.0126||0.43|8|0.37|18
GME211203P00225000||||45.20|45.20|18|0.00|0.0000|-3|125|0|0|-0.8220|0.0068|-0.0107|-2.4826|0.0350||46.90|37|43.45|12
GME211203C00227500|0.50|0.70|0.46|0.77|0.50|19|-0.27|-0.3506|3|97|2|27|0.0584|0.0046|0.0005|-0.7312|0.0157||0.42|1|0.30|24
GME211203P00227500|53.85|53.85|45.47|33.03|45.48|19|12.45|0.3769|0|26|1|5|-0.8976|0.0059|-0.0115|-1.3565|0.0240||49.40|29|45.95|12
GME211203C00230000|0.54|0.63|0.27|0.62|0.32|20|-0.30|-0.4839|192|927|1|203|0.0421|0.0037|0.0004|-0.5393|0.0121||0.35|3|0.28|28
GME211203P00230000|47.50|56.35|46.57|45.00|49.84|20|4.84|0.1076|-3|67|1|8|-0.9297|0.0048|-0.0119|-0.9351|0.0181||51.70|27|48.45|12
GME211203C00232500|0.48|0.48|0.32|0.57|0.32|21|-0.25|-0.4386|-8|93|10|19|0.0402|0.0035|0.0004|-0.5379|0.0116||0.36|1|0.27|34
GME211203P00232500|49.07|52.32|49.07|46.88|52.32|21|5.44|0.1160|-1|34|1|2|-0.9324|0.0046|-0.0121|-0.9351|0.0176||54.20|28|50.70|12
GME211203C00235000|0.33|0.60|0.23|0.54|0.29|22|-0.25|-0.4630|-1|331|1|122|0.0365|0.0032|0.0003|-0.5052|0.0107||0.36|2|0.27|11
GME211203P00235000|51.57|61.30|50.00|54.89|51.68|22|-3.21|-0.0585|-6|371|4|56|-0.9213|0.0047|-0.0122|-1.1487|0.0197||56.50|30|53.20|12
GME211203C00237500|0.42|0.42|0.42|0.52|0.42|23|-0.10|-0.1923|0|115|1|1|0.0456|0.0035|0.0004|-0.6638|0.0128||0.35|11|0.26|4
GME211203P00237500|54.06|63.79|52.54|57.38|54.18|23|-3.20|-0.0558|-6|284|4|45|-0.9228|0.0045|-0.0123|-1.1685|0.0194||58.95|23|55.70|22
GME211203C00240000|0.50|0.60|0.23|0.50|0.28|24|-0.22|-0.4400|1|592|5|228|0.0336|0.0028|0.0003|-0.4989|0.0100||0.30|4|0.23|15
GME211203P00240000|54.95|66.50|54.95|57.50|60.48|24|2.98|0.0518|-1|101|1|10|-0.9063|0.0047|-0.0123|-1.4990|0.0225||61.45|33|58.20|12
GME211203C00245000|0.47|0.47|0.19|0.44|0.27|25|-0.17|-0.3864|-31|414|1|97|0.0314|0.0025|0.0003|-0.4968|0.0095||0.30|12|0.20|16
GME211203P00245000|60.55|60.55|60.55|62.45|60.55|25|-1.90|-0.0304|-1|68|1|1|-0.6018|0.0038|-0.2076|-0.5014|0.2286||66.45|23|63.00|12
GME211203C00250000|0.25|0.45|0.17|0.41|0.20|26|-0.21|-0.5122|-50|3342|1|1712|0.0239|0.0020|0.0002|-0.3982|0.0075||0.23|15|0.17|20
GME211203P00250000|71.49|74.50|67.82|65.43|70.43|26|5.00|0.0764|-9|123|1|7|-0.9193|0.0039|-0.0130|-1.4470|0.0201||71.45|36|68.00|12
GME211203C00260000|0.23|0.34|0.13|0.37|0.13|27|-0.24|-0.6486|10|714|5|235|0.0157|0.0013|0.0001|-0.2892|0.0053||0.16|3|0.12|40
GME211203P00260000||||75.00|75.00|27|0.00|0.0000|-1|6|0|0|-0.9692|0.0021|-0.0140|-0.5787|0.0093||81.45|22|78.00|12
GME211203C00270000|0.22|0.34|0.15|0.26|0.16|28|-0.10|-0.3846|-1|587|1|280|0.0173|0.0013|0.0002|-0.3511|0.0058||0.19|19|0.10|26
GME211203P00270000|85.99|86.50|85.99|90.50|86.50|28|-4.00|-0.0442|4|21|2|4|-0.9799|0.0014|-0.0146|-0.4080|0.0065||91.45|30|87.80|12
GME211203C00280000|0.22|0.30|0.10|0.25|0.10|29|-0.15|-0.6000|-8|572|5|83|0.0114|0.0009|0.0001|-0.2478|0.0040||0.13|134|0.10|2
GME211203P00280000||||95.00|95.00|29|0.00|0.0000|-3|10|0|0|-0.9727|0.0016|-0.0151|-0.6104|0.0084||101.35|10|97.60|12
GME211203C00290000|0.27|0.27|0.09|0.25|0.09|30|-0.16|-0.6400|200|502|1|22|0.0098|0.0008|0.0001|-0.2301|0.0035||0.11|6|0.09|1
GME211203P00290000||||||30||||0|0|0|-1.0000|0.0000|-0.3098|0.0009|0.0000||111.30|12|107.45|7
GME211203C00300000|0.17|0.22|0.07|0.17|0.10|31|-0.07|-0.4118|16|2195|3|369|0.0101|0.0007|0.0001|-0.2521|0.0036||0.10|6|0.06|12
GME211203P00300000||||111.10|111.10|31|0.00|0.0000|-1|2|0|0|-0.9926|0.0006|-0.0164|-0.1844|0.0028||121.25|10|117.60|12
GME211203C00310000|0.11|0.13|0.09|0.20|0.09|32|-0.11|-0.5500|-10|344|1|4|0.0088|0.0006|0.0001|-0.2341|0.0032||0.09|5|0.05|12
GME211203P00310000||||71.90|71.90|32|0.00|0.0000|0|4|0|0|-0.8667|0.0029|-0.3099|-0.2032|0.1275||131.25|10|127.65|12
GME211203C00320000|0.10|0.12|0.04|0.17|0.04|33|-0.13|-0.7647|100|389|1|6|0.0083|0.0006|0.0001|-0.2322|0.0030||0.07|2|0.04|22
GME211203P00320000||||||33||||0|0|0|-1.0000|0.0000|-0.0175|0.0010|0.0000||141.20|13|136.65|12
GME211203C00330000|0.08|0.08|0.07|0.11|0.07|34|-0.04|-0.3636|68|348|1|6|0.0066|0.0004|0.0001|-0.1943|0.0025||0.06|1|0.05|3
GME211203P00330000||||127.27|127.27|34|0.00|0.0000|0|2|0|0|-0.9967|0.0003|-0.0181|-0.0937|0.0013||151.15|12|147.40|12
GME211203C00340000|0.08|0.08|0.07|0.11|0.07|35|-0.04|-0.3636|21|135|1|3|0.0063|0.0004|0.0001|-0.1949|0.0024||0.07|8|0.03|18
GME211203P00340000||||134.20|134.20|35|0.00|0.0000|0|1|0|0|-0.9989|0.0001|-0.0186|-0.0325|0.0005||161.15|10|157.30|7
GME211203C00350000|0.09|0.09|0.04|0.10|0.04|36|-0.06|-0.6000|226|1237|1|29|0.0052|0.0003|0.0000|-0.1661|0.0020||0.06|1|0.04|1
GME211203P00350000||||136.35|136.35|36|0.00|0.0000|0|3|0|0|-0.9987|0.0001|-0.0192|-0.0396|0.0006||171.15|10|167.65|12
GME211203C00360000||||0.09|0.09|37|0.00|0.0000|-2|159|0|0|0.0072|0.0004|0.0001|-0.2396|0.0027||0.07|15|0.02|15
GME211203P00360000||||||37||||0|0|0|-1.0000|0.0000|-0.0197|0.0011|0.0000||181.15|10|177.65|12
GME211203C00370000||||0.05|0.05|38|0.00|0.0000|-2|88|0|0|0.0044|0.0003|0.0000|-0.1511|0.0017||0.07|9|0.01|20
GME211203P00370000||||136.05|136.05|38|0.00|0.0000|0|1|0|0|-0.9998|0.0000|-0.0203|-0.0061|0.0001||191.10|12|187.55|12
GME211203C00380000|0.06|0.06|0.06|0.10|0.06|39|-0.04|-0.4000|15|101|1|1|0.0049|0.0003|0.0000|-0.1738|0.0019||0.07|8|0.01|17
GME211203P00380000||||170.35|170.35|39|0.00|0.0000|0|0|0|0|-0.9977|0.0002|-0.0208|-0.0808|0.0010||201.10|10|197.55|12
GME211203C00390000|0.02|0.02|0.02|0.09|0.02|40|-0.07|-0.7778|9|91|2|2|0.0019|0.0001|0.0000|-0.0712|0.0008||0.07|7|0.00|0
GME211203P00390000||||||40||||0|0|0|-1.0000|0.0000|-0.0214|0.0012|0.0000||211.10|10|207.55|12
GME211203C00400000|0.04|0.06|0.01|0.07|0.01|41|-0.06|-0.8571|-34|2449|1|47|0.0011|0.0001|0.0000|-0.0400|0.0005||0.05|1|0.01|12
GME211203P00400000||||215.38|215.38|41|0.00|0.0000|-10|0|0|0|-0.9999|0.0000|-0.0219|-0.0012|0.0000||221.10|10|217.45|12
GME211203C00410000|0.05|0.05|0.02|0.05|0.03|42|-0.02|-0.4000|-2|1055|2|37|0.0026|0.0002|0.0000|-0.1004|0.0011||0.04|1|0.03|5
GME211203P00410000||||||42||||0|0|0|-1.0000|0.0000|-0.4380|0.0013|0.0000||231.10|10|227.55|12
GME211203C00420000|0.04|0.04|0.04|0.05|0.04|43|-0.01|-0.2000|7|231|4|4|0.0032|0.0002|0.0000|-0.1266|0.0013||0.06|1|0.01|2
GME211203P00420000||||||43||||0|0|0|-1.0000|0.0000|-0.0230|0.0013|0.0000||241.10|13|236.70|12
GME211203C00430000||||0.03|0.03|44|0.00|0.0000|21|70|0|0|0.0024|0.0001|0.0000|-0.1006|0.0010||0.10|2|0.01|6
GME211203P00430000||||||44||||0|0|0|-1.0000|0.0000|-0.0236|0.0013|0.0000||251.10|10|247.05|12
GME211203C00440000|0.08|0.08|0.08|0.05|0.08|45|0.03|0.6000|1|70|1|1|0.0053|0.0003|0.0000|-0.2251|0.0020||0.09|1|0.01|11
GME211203P00440000||||||45||||0|0|0|-1.0000|0.0000|-0.0241|0.0014|0.0000||261.10|10|257.05|12
GME211203C00450000|0.02|0.02|0.01|0.03|0.01|46|-0.02|-0.6667|5|483|5|6|0.0009|0.0001|0.0000|-0.0390|0.0004||0.11|1|0.01|15
GME211203P00450000||||||46||||0|0|0|-1.0000|0.0000|-0.0247|0.0014|0.0000||271.10|10|267.05|12
GME211203C00460000|0.11|0.11|0.01|0.02|0.01|47|-0.01|-0.5000|-1|59|1|6|0.0009|0.0001|0.0000|-0.0415|0.0004||0.05|1|0.01|1
GME211203P00460000||||||47||||0|0|0|-1.0000|0.0000|-0.0252|0.0014|0.0000||281.10|10|277.10|12
GME211203C00470000||||0.07|0.07|48|0.00|0.0000|-57|191|0|0|0.0046|0.0002|0.0000|-0.2067|0.0018||0.05|1|0.01|9
GME211203P00470000||||||48||||0|0|0|-1.0000|0.0000|-0.0258|0.0014|0.0000||291.10|10|287.05|5
GME211203C00480000|0.05|0.06|0.05|0.04|0.06|49|0.02|0.5000|1|91|1|2|0.0042|0.0002|0.0000|-0.1944|0.0017||0.10|1|0.00|0
GME211203P00480000||||||49||||0|0|0|-1.0000|0.0000|-0.5128|0.0015|0.0000||301.10|10|297.10|12
GME211203C00490000||||0.06|0.06|50|0.00|0.0000|16|250|0|0|0.0041|0.0002|0.0000|-0.1942|0.0016||0.04|1|0.01|1
GME211203P00490000||||||50||||0|0|0|-1.0000|0.0000|-0.5235|0.0015|0.0000||311.10|10|307.05|12
GME211203C00500000|0.05|0.05|0.01|0.05|0.01|51|-0.04|-0.8000|1|1370|1|19|0.0009|0.0001|0.0000|-0.0412|0.0004||0.05|5|0.01|4
GME211203P00500000||||||51||||0|0|0|-1.0000|0.0000|-0.0274|0.0015|0.0000||321.10|10|317.05|12
GME211203C00510000|0.04|0.10|0.01|0.05|0.01|52|-0.04|-0.8000|217|5698|25|575|0.0008|0.0001|0.0000|-0.0405|0.0004||0.02|24|0.01|16
GME211203P00510000||||||52||||0|0|0|-1.0000|0.0000|-0.0279|0.0016|0.0000||331.10|10|326.70|12
GME211210C00100000||||86.01|86.01|14|0.00|0.0000|0|1|0|0|0.8642|0.0010|0.0561|-0.5317|0.1403||83.00|5|79.60|12
GME211210P00100000|0.57|0.79|0.34|0.57|0.48|14|-0.09|-0.1579|65|210|1|47|-0.0185|0.0008|-0.0009|-0.1403|0.0129||0.48|1|0.38|1
GME211210C00110000||||76.13|76.13|13|0.00|0.0000|0|2|0|0|0.8995|0.0020|0.0214|-0.8556|0.0502||73.05|12|69.80|12
GME211210P00110000|0.85|0.85|0.64|0.71|0.69|13|-0.02|-0.0282|50|206|1|10|-0.0278|0.0013|-0.0014|-0.1810|0.0182||0.90|48|0.44|79
GME211210C00120000||||76.03|76.03|12|0.00|0.0000|0|1|0|0|0.8307|0.0021|0.0183|-1.6737|0.0719||63.35|12|60.10|10
GME211210P00120000|0.60|1.31|0.60|0.95|1.10|12|0.15|0.1579|2|96|1|174|-0.0445|0.0020|-0.0022|-0.2494|0.0268||1.20|39|0.74|86
GME211210C00130000||||||11||||0|0|0|1.0000|0.0000|0.0321|-0.0004|0.0000||53.85|13|50.70|13
GME211210P00130000|1.30|2.00|1.00|1.50|1.42|11|-0.08|-0.0533|20|431|3|81|-0.0617|0.0029|-0.0031|-0.2874|0.0347||1.64|22|1.27|11
GME211210C00140000||||56.44|56.44|10|0.00|0.0000|0|29|0|0|0.7773|0.0032|0.0207|-1.5324|0.0849||44.70|4|41.55|24
GME211210P00140000|2.30|3.20|1.75|2.49|2.38|10|-0.11|-0.0442|47|299|1|273|-0.1044|0.0044|-0.0052|-0.4115|0.0515||2.62|74|2.07|68
GME211210C00145000||||||9|||||0|0|1.0000|0.0000|0.0358|-0.0005|0.0000||39.90|13|37.20|33
GME211210P00145000|2.60|3.60|2.60|2.60|2.96|9|0.36|0.1385|||7|16|-0.1216|0.0053|-0.0061|-0.4295|0.0575||3.05|20|2.67|44
GME211210C00150000|37.50|37.50|34.20|47.05|34.20|8|-12.85|-0.2731|0|19|1|2|0.7842|0.0054|0.0254|-0.8795|0.0834||35.50|21|32.95|30
GME211210P00150000|3.00|5.00|2.81|3.70|3.70|8|0.00|0.0000|51|220|1|469|-0.1628|0.0062|-0.0082|-0.5384|0.0701||4.05|71|3.40|77
GME211210C00155000||||58.70|58.70|7|0.00|0.0000|0|45|0|0|0.7169|0.0027|0.0172|-2.3882|0.0963||31.70|13|28.95|27
GME211210P00155000|4.95|6.40|4.10|4.95|4.80|7|-0.15|-0.0303|94|195|1|75|-0.1825|0.0075|-0.0091|-0.5179|0.0754||4.80|4|4.40|41
GME211210C00160000||||29.75|29.75|6|0.00|0.0000|0|204|0|0|0.7231|0.0067|0.0246|-0.9324|0.0954||27.50|10|25.20|37
GME211210P00160000|5.00|8.20|5.00|6.00|6.00|6|0.00|0.0000|153|386|1|226|-0.2410|0.0083|-0.0122|-0.6536|0.0887||6.35|72|5.50|69
GME211210C00165000|21.75|21.75|21.75|23.22|21.75|5|-1.47|-0.0633|2|2|1|1|0.7177|0.0095|0.0264|-0.6703|0.0962||23.85|4|21.70|30
GME211210P00165000|7.65|10.05|6.48|7.75|7.50|5|-0.25|-0.0323|18|320|1|90|-0.3320|0.0044|-0.1055|-0.3233|0.2336||7.85|58|6.95|89
GME211210C00170000|24.00|24.00|17.52|20.07|21.00|4|0.93|0.0463|11|16|2|17|0.6497|0.0039|0.0953|-0.3822|0.2384||20.80|18|18.55|44
GME211210P00170000|8.54|12.29|7.15|8.90|9.59|4|0.69|0.0775|-2|360|1|201|-0.3356|0.0102|-0.0172|-0.7222|0.1038||9.45|11|8.70|51
GME211210C00175000|19.14|19.20|13.80|18.40|19.20|3|0.80|0.0435|7|25|4|37|0.6062|0.0087|0.0220|-0.9448|0.1096||17.85|20|15.70|46
GME211210P00175000|9.55|15.25|9.50|11.66|11.65|3|-0.01|-0.0009|117|418|1|207|-0.3840|0.0122|-0.0195|-0.6615|0.1088||11.50|5|10.75|74
GME211210C00177500|16.27|16.27|16.26|16.27|16.26|2|-0.01|-0.0006|||1|2|0.5814|0.0098|0.0216|-0.8624|0.1112||16.45|18|14.70|43
GME211210P00177500|11.31|16.03|11.00|11.31|12.70|2|1.39|0.1229|||1|41|-0.3917|0.0046|-0.1281|-0.3461|0.2472||12.75|6|11.85|42
GME211210C00180000|14.20|18.25|11.72|14.75|14.41|1|-0.34|-0.0231|58|79|1|273|0.5536|0.0110|0.0211|-0.7917|0.1125||15.30|58|13.75|55
GME211210P00180000|13.00|17.50|11.63|14.30|13.50|1|-0.80|-0.0559|117|606|1|223|-0.4477|0.0115|-0.0232|-0.7528|0.1126||14.05|20|13.00|61
GME211210C00182500|15.85|15.85|10.82|15.85|12.75|1|-3.10|-0.1956|||1|45|0.5253|0.0116|0.0202|-0.7628|0.1134||13.95|23|12.35|41
GME211210P00182500|14.38|19.00|14.17|14.38|15.75|1|1.37|0.0953|||4|27|-0.4824|0.0135|-0.0246|-0.6516|0.1135||15.75|28|14.45|21
GME211210C00185000|15.95|15.95|9.20|12.60|12.00|2|-0.60|-0.0476|53|108|1|62|0.5768|0.0046|0.0909|-0.3653|0.2519||12.95|64|11.65|41
GME211210P00185000|14.53|20.50|14.50|17.01|17.50|2|0.49|0.0288|61|358|2|41|-0.4876|0.0095|-0.0264|-0.9332|0.1136||17.25|35|15.80|54
GME211210C00187500|15.35|15.35|9.15|11.00|12.20|3|1.20|0.1091|9|19|1|22|0.5733|0.0043|0.0886|-0.3892|0.2524||11.80|20|10.30|42
GME211210P00187500|16.10|18.90|16.10|15.45|18.90|3|3.45|0.2233|45|127|2|5|-0.5363|0.0121|-0.0281|-0.7267|0.1132||18.80|47|17.25|49
GME211210C00190000|12.50|13.20|8.50|10.75|10.40|4|-0.35|-0.0326|10|96|1|138|0.4433|0.0111|0.0172|-0.7782|0.1124||11.00|49|9.80|50
GME211210P00190000|20.96|23.00|17.84|21.52|20.25|4|-1.27|-0.0590|50|428|1|16|-0.5458|0.0104|-0.0294|-0.8394|0.1129||20.45|31|18.80|49
GME211210C00192500|11.15|11.65|7.78|9.50|9.65|5|0.15|0.0158|33|65|2|33|0.5380|0.0048|0.0872|-0.3560|0.2555||9.95|17|9.05|26
GME211210P00192500|18.46|21.38|18.46|22.09|21.00|5|-1.09|-0.0493|14|86|2|26|-0.5799|0.0108|-0.0311|-0.7851|0.1113||22.15|31|20.35|18
GME211210C00195000|10.22|11.43|7.00|9.70|8.95|6|-0.75|-0.0773|76|134|1|193|0.4144|0.0096|0.0159|-0.8750|0.1109||9.35|60|8.35|18
GME211210P00195000|20.40|23.92|20.40|22.97|23.90|6|0.93|0.0405|41|190|1|83|-0.5858|0.0097|-0.0322|-0.8669|0.1110||23.90|26|21.90|65
GME211210C00197500|8.80|9.30|7.50|9.50|7.73|7|-1.77|-0.1863|10|46|1|21|0.3727|0.0104|0.0146|-0.7685|0.1077||8.65|65|7.45|74
GME211210P00197500||||19.25|19.25|7|0.00|0.0000|27|104|0|0|-0.7596|0.0152|-0.0386|-0.3524|0.0886||25.75|31|23.70|41
GME211210C00200000|8.80|10.00|6.00|7.80|7.40|8|-0.40|-0.0513|82|634|1|256|0.3625|0.0097|0.0141|-0.8094|0.1067||7.80|14|7.00|10
GME211210P00200000|25.18|31.28|24.10|27.05|28.01|8|0.96|0.0355|-20|659|10|40|-0.4836|0.0045|-0.1693|-0.3814|0.2565||27.60|28|25.80|24
GME211210C00202500|8.75|8.75|6.10|7.25|8.00|9|0.75|0.1034|3|67|1|22|0.3287|0.0098|0.0129|-0.7402|0.1029||7.35|44|6.25|66
GME211210P00202500|27.95|27.95|27.95|26.32|27.95|9|1.63|0.0619|15|48|1|1|-0.6853|0.0102|-0.0374|-0.6843|0.1011||29.55|18|27.45|27
GME211210C00205000|7.30|7.44|5.28|6.79|5.86|10|-0.93|-0.1370|26|159|2|41|0.3319|0.0089|0.0129|-0.8222|0.1033||6.85|54|5.75|72
GME211210P00205000|27.42|32.21|26.88|31.25|28.67|10|-2.58|-0.0826|2|177|1|7|-0.7626|0.0110|-0.0408|-0.4804|0.0880||31.60|21|29.15|53
GME211210C00207500|5.55|7.35|5.10|5.55|5.49|11|-0.06|-0.0108|4|68|1|15|0.2969|0.0090|0.0117|-0.7371|0.0985||6.15|24|5.30|67
GME211210P00207500|29.52|32.00|29.52|28.58|31.10|11|2.52|0.0882|-5|18|1|3|-0.7736|0.0103|-0.0419|-0.4898|0.0857||33.65|20|31.25|18
GME211210C00210000|7.00|7.00|4.50|5.82|5.34|12|-0.48|-0.0825|10|309|5|57|0.2806|0.0087|0.0111|-0.7232|0.0960||5.50|1|4.85|67
GME211210P00210000|34.85|38.38|34.47|36.62|34.47|12|-2.15|-0.0587|-4|105|1|18|-0.7564|0.0093|-0.0420|-0.5864|0.0893||35.75|16|33.30|32
GME211210C00212500|6.00|6.00|4.40|5.55|4.70|13|-0.85|-0.1532|54|83|1|30|0.2602|0.0084|0.0103|-0.6936|0.0924||5.45|26|4.50|43
GME211210P00212500|33.64|37.87|33.64|32.63|37.87|13|5.24|0.1606|-1|38|2|3|-0.5205|0.0043|-0.1913|-0.4034|0.2564||37.85|29|35.40|24
GME211210C00215000|3.95|5.75|3.95|5.09|4.42|14|-0.67|-0.1316|6|165|1|34|0.2492|0.0081|0.0098|-0.6924|0.0904||4.95|33|4.20|45
GME211210P00215000|42.73|42.73|37.79|40.77|37.79|14|-2.98|-0.0731|-4|34|1|2|-0.8211|0.0085|-0.0457|-0.4451|0.0745||40.05|18|37.55|17
GME211210C00217500|5.45|5.45|4.28|5.55|4.50|15|-1.05|-0.1892|3|30|1|4|0.2348|0.0077|0.0093|-0.6770|0.0874||4.75|33|3.90|26
GME211210P00217500|42.22|42.22|42.22|28.08|42.22|15|14.14|0.5036|0|25|2|2|-0.9057|0.0071|-0.0497|-0.2222|0.0479||42.25|15|39.95|5
GME211210C00220000|5.00|5.35|3.57|4.80|3.80|16|-1.00|-0.2083|47|401|1|221|0.2110|0.0075|0.0084|-0.6200|0.0823||4.15|8|3.65|56
GME211210P00220000|39.30|42.63|39.30|42.99|42.22|16|-0.77|-0.0179|0|155|1|3|-0.8530|0.0074|-0.0482|-0.3947|0.0655||44.50|24|42.25|7
GME211210C00222500|4.55|4.55|3.50|4.14|3.75|17|-0.39|-0.0942|5|63|11|43|0.1998|0.0072|0.0080|-0.6078|0.0796||4.00|4|3.45|30
GME211210P00222500|46.47|46.97|46.47|33.35|46.97|17|13.62|0.4084|0|45|6|10|-0.7618|0.0070|-0.0456|-0.7648|0.0881||46.75|27|44.00|14
GME211210C00225000|4.28|4.60|3.20|4.05|3.39|18|-0.66|-0.1630|16|334|1|29|0.2110|0.0068|0.0083|-0.6834|0.0822||3.90|19|3.25|41
GME211210P00225000|47.35|47.35|47.35|47.49|47.35|18|-0.14|-0.0029|2|461|1|1|-0.8174|0.0068|-0.0482|-0.5687|0.0754||49.05|14|46.25|12
GME211210C00227500|4.25|4.25|3.22|3.65|3.35|19|-0.30|-0.0822|2|23|1|5|0.1710|0.0065|0.0069|-0.5487|0.0723||3.75|23|3.05|22
GME211210P00227500||||34.06|34.06|19|0.00|0.0000|0|35|0|0|-0.8275|0.0065|-0.2514|-0.1079|0.1643||51.35|14|48.70|14
GME211210C00230000|4.00|4.05|2.55|3.55|3.05|20|-0.50|-0.1408|9|393|1|35|0.1713|0.0063|0.0068|-0.5735|0.0724||3.45|27|3.00|1
GME211210P00230000||||41.51|41.51|20|0.00|0.0000|-1|38|0|0|-0.8861|0.0058|-0.0520|-0.3554|0.0549||53.70|20|51.00|13
GME211210C00232500|3.60|3.90|2.69|3.00|2.69|21|-0.31|-0.1033|-19|30|1|9|0.1643|0.0060|0.0065|-0.5678|0.0705||3.30|23|2.62|71
GME211210P00232500|56.09|56.09|56.09|49.93|56.09|21|6.16|0.1234|1|11|5|5|-0.9109|0.0051|-0.0536|-0.2811|0.0459||56.05|22|53.25|13
GME211210C00235000|3.40|3.55|2.49|3.15|2.74|22|-0.41|-0.1302|-30|902|3|40|0.1548|0.0057|0.0062|-0.5505|0.0678||3.15|53|2.56|69
GME211210P00235000|57.29|58.42|57.29|45.86|58.42|22|12.56|0.2739|0|36|5|6|-0.8686|0.0056|-0.0526|-0.4528|0.0607||58.40|22|55.55|15
GME211210C00237500|2.69|2.69|2.69|2.90|2.69|23|-0.21|-0.0724|0|18|1|3|0.1505|0.0055|0.0060|-0.5523|0.0665||2.91|1|2.36|72
GME211210P00237500||||48.03|48.03|23|0.00|0.0000|1|25|0|0|-0.9130|0.0047|-0.0550|-0.2959|0.0451||60.75|14|58.10|15
GME211210C00240000|2.82|3.60|2.47|2.84|2.49|24|-0.35|-0.1232|20|330|1|90|0.1421|0.0053|0.0057|-0.5343|0.0640||2.86|49|2.29|53
GME211210P00240000|58.15|58.15|58.15|45.67|58.15|24|12.48|0.2733|0|33|1|1|-0.8893|0.0049|-0.0547|-0.4003|0.0538||63.15|24|60.20|14
GME211210C00245000|3.23|3.23|2.20|2.56|2.22|25|-0.34|-0.1328|4|172|1|11|0.1276|0.0048|0.0051|-0.5037|0.0594||2.50|13|2.03|79
GME211210P00245000||||50.19|50.19|25|0.00|0.0000|0|23|0|0|-0.9857|0.0015|-0.0598|-0.0482|0.0104||67.90|14|65.20|5
GME211210C00250000|3.15|3.20|1.90|2.35|2.15|26|-0.20|-0.0851|-1|2190|1|235|0.1251|0.0045|0.0050|-0.5221|0.0587||2.25|9|1.97|36
GME211210P00250000||||60.35|60.35|26|0.00|0.0000|1|15|0|0|-0.9755|0.0020|-0.0606|-0.0899|0.0163||72.70|13|69.80|12
GME211210C00255000|2.37|2.37|1.80|2.20|2.00|27|-0.20|-0.0909|12|65|2|19|0.1125|0.0041|0.0045|-0.4892|0.0544||2.21|7|1.73|70
GME211210P00255000||||40.40|40.40|27|0.00|0.0000|0|5|0|0|-0.9985|0.0002|-0.0628|-0.0047|0.0014||77.60|24|74.70|13
GME211210C00260000|3.10|3.10|1.65|2.20|1.65|28|-0.55|-0.2500|-16|936|1|81|0.1025|0.0038|0.0041|-0.4650|0.0509||2.00|14|1.72|37
GME211210P00260000||||69.85|69.85|28|0.00|0.0000|1|22|0|0|-0.9757|0.0018|-0.0631|-0.0998|0.0162||82.50|12|79.70|13
GME211210C00270000|2.00|2.02|1.48|1.82|1.66|29|-0.16|-0.0879|16|220|1|14|0.0913|0.0033|0.0036|-0.4486|0.0467||1.78|9|1.39|42
GME211210P00270000||||75.18|75.18|29|0.00|0.0000|0|14|0|0|-0.9360|0.0029|-0.0640|-0.3046|0.0357||92.30|15|89.35|13
GME211210C00280000|1.83|1.83|1.19|1.50|1.45|30|-0.05|-0.0333|22|226|3|33|0.3567|0.0032|0.0558|-0.4666|0.2400||1.53|6|1.25|39
GME211210P00280000||||84.53|84.53|30|0.00|0.0000|0|1|0|0|-0.9488|0.0023|-0.0670|-0.2610|0.0299||102.10|13|99.35|13
GME211210C00290000|1.45|1.47|1.22|1.49|1.28|31|-0.21|-0.1409|9|150|1|24|0.0699|0.0026|0.0028|-0.3916|0.0382||1.36|8|1.20|15
GME211210P00290000||||82.25|82.25|31|0.00|0.0000|0|7|0|0|-0.9955|0.0004|-0.0713|-0.0220|0.0037||112.00|12|109.35|4
GME211210C00300000|1.28|1.36|1.05|1.24|1.14|32|-0.10|-0.0806|-171|876|1|341|0.0635|0.0023|0.0025|-0.3770|0.0355||1.19|13|1.06|3
GME211210P00300000||||76.00|76.00|32|0.00|0.0000|0|14|0|0|-0.9993|0.0001|-0.0739|-0.0030|0.0007||121.85|13|119.20|4
GME211210C00310000|1.10|1.10|0.95|1.06|1.01|33|-0.05|-0.0472|3|156|1|117|0.0557|0.0020|0.0022|-0.3477|0.0320||1.11|6|0.96|2
GME211210P00310000||||83.61|83.61|33|0.00|0.0000|0|4|0|0|-0.8857|0.0028|-0.3687|-0.1453|0.1243||131.75|13|128.85|4
GME211210C00320000|1.00|1.00|0.93|0.99|0.93|34|-0.06|-0.0606|11|274|1|6|0.0502|0.0018|0.0020|-0.3289|0.0295||1.11|19|0.82|19
GME211210P00320000||||89.47|89.47|34|0.00|0.0000|0|3|0|0|-0.9999|0.0000|-0.0789|0.0005|0.0001||141.65|12|138.75|12
GME211210C00330000|0.89|0.92|0.89|1.05|0.92|35|-0.13|-0.1238|26|263|9|23|0.0479|0.0017|0.0019|-0.3289|0.0284||1.00|19|0.67|53
GME211210P00330000||||||35||||0|0|0|-1.0000|0.0000|-0.0814|0.0011|0.0000||151.55|12|148.75|12
GME211210C00340000|0.80|0.84|0.75|0.87|0.75|36|-0.12|-0.1379|2|88|2|14|0.0404|0.0015|0.0016|-0.2881|0.0248||0.83|5|0.67|13
GME211210P00340000||||||36||||0|0|0|-1.0000|0.0000|-0.0838|0.0011|0.0000||161.50|10|157.85|5
GME211210C00350000|1.05|1.05|0.67|0.76|0.67|37|-0.09|-0.1184|-501|388|1|50|0.0360|0.0013|0.0014|-0.2664|0.0225||0.72|16|0.63|6
GME211210P00350000||||||37||||0|0|0|-1.0000|0.0000|-0.0863|0.0011|0.0000||171.40|3|167.85|3
GME211210C00360000|0.62|0.68|0.62|0.63|0.68|38|0.05|0.0794|5|87|1|4|0.0354|0.0012|0.0014|-0.2720|0.0222||0.70|4|0.61|1
GME211210P00360000||||||38||||0|0|0|-1.0000|0.0000|-0.0888|0.0012|0.0000||181.35|12|177.85|12
GME211210C00370000||||0.75|0.75|39|0.00|0.0000|-3|21|0|0|0.0389|0.0013|0.0015|-0.3110|0.0240||0.66|8|0.46|35
GME211210P00370000||||||39||||0|0|0|-1.0000|0.0000|-0.0912|0.0012|0.0000||191.30|12|187.80|12
GME211210C00380000|0.62|0.62|0.62|0.52|0.62|40|0.10|0.1923|6|51|3|3|0.0315|0.0011|0.0012|-0.2584|0.0201||0.62|16|0.42|31
GME211210P00380000||||||40||||0|0|0|-1.0000|0.0000|-0.0937|0.0012|0.0000||201.25|12|197.80|10
GME211210C00390000|0.55|0.55|0.55|0.59|0.55|41|-0.04|-0.0678|3|47|2|4|0.0283|0.0010|0.0011|-0.2390|0.0184||0.52|11|0.41|15
GME211210P00390000||||||41||||0|0|0|-1.0000|0.0000|-0.0962|0.0013|0.0000||211.20|12|207.75|12
GME211210C00400000|0.72|0.72|0.38|0.57|0.42|42|-0.15|-0.2632|-207|426|1|76|0.0227|0.0008|0.0009|-0.1964|0.0153||0.42|1|0.41|6
GME211210P00400000||||||42||||0|0|0|-1.0000|0.0000|-0.5040|0.0013|0.0000||221.15|12|217.75|12
GME211210C00410000|0.49|0.49|0.36|0.38|0.36|43|-0.02|-0.0526|6|52|1|2|0.0207|0.0007|0.0008|-0.1842|0.0142||0.40|3|0.32|23
GME211210P00410000||||||43||||0|0|0|-1.0000|0.0000|-0.1011|0.0013|0.0000||231.15|12|227.75|12
GME211210C00420000|0.50|0.55|0.45|0.42|0.45|44|0.03|0.0714|11|169|1|5|0.0228|0.0008|0.0009|-0.2087|0.0154||0.44|5|0.28|24
GME211210P00420000||||||44||||0|0|0|-1.0000|0.0000|-0.1036|0.0014|0.0000||241.10|10|237.70|12
GME211210C00430000|0.34|0.40|0.31|0.38|0.40|45|0.02|0.0526|17|42|1|302|0.2899|0.0022|0.0417|-0.5885|0.2202||0.43|1|0.33|2
GME211210P00430000||||||45||||0|0|0|-1.0000|0.0000|-0.1060|0.0014|0.0000||251.05|12|247.30|3
GME211210C00440000|0.52|0.52|0.32|0.30|0.36|46|0.06|0.2000|0|33|4|38|0.0186|0.0006|0.0007|-0.1786|0.0130||0.44|31|0.18|21
GME211210P00440000||||||46||||0|0|0|-1.0000|0.0000|-0.1085|0.0014|0.0000||261.05|12|257.30|1
GME211210C00450000|0.24|0.37|0.23|0.31|0.37|47|0.06|0.1935|6|98|1|214|0.0196|0.0007|0.0008|-0.1923|0.0135||0.44|31|0.27|3
GME211210P00450000||||||47||||0|0|0|-1.0000|0.0000|-0.1110|0.0015|0.0000||271.00|12|267.30|1
GME211210C00460000||||0.27|0.27|48|0.00|0.0000|1|18|0|0|0.0144|0.0005|0.0006|-0.1442|0.0104||0.44|28|0.30|3
GME211210P00460000||||||48||||0|0|0|-1.0000|0.0000|-0.1134|0.0015|0.0000||280.95|12|277.25|2
GME211210C00470000|0.34|0.34|0.34|0.28|0.34|49|0.06|0.2143|3|15|1|1|0.0178|0.0006|0.0007|-0.1818|0.0125||0.44|34|0.14|14
GME211210P00470000||||||49||||0|0|0|-1.0000|0.0000|-0.5922|0.0015|0.0000||290.95|12|287.25|3
GME211210C00480000|0.40|0.40|0.40|0.25|0.40|50|0.15|0.6000|7|32|1|1|0.0197|0.0006|0.0008|-0.2066|0.0136||0.41|17|0.13|16
GME211210P00480000||||||50||||0|0|0|-1.0000|0.0000|-0.1184|0.0016|0.0000||300.90|12|297.25|3
GME211210C00490000|0.30|0.35|0.24|0.40|0.24|51|-0.16|-0.4000|4|91|2|16|0.0125|0.0004|0.0005|-0.1329|0.0092||0.31|1|0.11|12
GME211210P00490000||||||51||||0|0|0|-1.0000|0.0000|-0.1208|0.0016|0.0000||310.90|4|307.25|3
GME211210C00500000|0.38|0.38|0.19|0.38|0.25|52|-0.13|-0.3421|-12|856|1|37|0.0128|0.0004|0.0005|-0.1379|0.0094||0.26|10|0.18|3
GME211210P00500000||||||52||||0|0|0|-1.0000|0.0000|-0.1233|0.0016|0.0000||320.90|12|317.25|1
GME211210C00510000|0.55|0.55|0.11|0.37|0.22|53|-0.15|-0.4054|139|2025|1|237|0.0124|0.0004|0.0005|-0.1363|0.0091||0.23|2|0.22|3
GME211210P00510000||||||53||||0|0|0|-1.0000|0.0000|-0.6426|0.0017|0.0000||331.45|10|327.25|1
GME211217C00080000|94.56|94.56|94.56|110.26|94.56|20|-15.70|-0.1424|0|1|1|1|0.9080|0.0009|0.0224|-0.9084|0.0627||102.85|4|99.55|12
GME211217P00080000|0.47|0.47|0.32|0.30|0.35|20|0.05|0.1667|26|349|3|8|-0.0109|0.0004|-0.0010|-0.0637|0.0109||0.50|22|0.24|7
GME211217C00085000||||95.85|95.85|19|0.00|0.0000|0|1|0|0|0.9719|0.0008|0.0346|-0.1646|0.0245||98.15|2|94.60|10
GME211217P00085000|0.45|0.45|0.42|0.35|0.42|19|0.07|0.2000|1|122|1|3|-0.0134|0.0005|-0.0012|-0.0728|0.0130||0.45|1|0.32|1
GME211217C00090000||||137.00|137.00|18|0.00|0.0000|0|4|0|0|0.9039|0.0005|0.0115|-1.7882|0.0648||93.00|2|89.65|12
GME211217P00090000|0.49|0.53|0.49|0.46|0.53|18|0.07|0.1522|0|66|1|5|-0.0160|0.0006|-0.0015|-0.0806|0.0152||0.67|23|0.40|7
GME211217C00100000|79.94|79.94|79.69|114.96|79.69|17|-35.27|-0.3068|0|49|1|2|0.9989|0.0001|0.0437|-0.0046|0.0014||82.75|12|79.85|12
GME211217P00100000|0.80|0.81|0.50|0.78|0.72|17|-0.06|-0.0769|126|869|100|479|-0.0013|0.0001|-0.0001|-0.0049|0.0016||0.81|22|0.65|1
GME211217C00105000||||66.05|66.05|16|0.00|0.0000|0|1|0|0|0.9978|0.0002|0.0458|-0.0081|0.0026||78.10|12|74.95|10
GME211217P00105000|0.87|0.95|0.87|0.78|0.94|16|0.16|0.2051|-2|89|1|54|-0.0023|0.0002|-0.0002|-0.0083|0.0028||1.01|23|0.71|44
GME211217C00110000||||73.25|73.25|15|0.00|0.0000|0|1|0|0|0.9966|0.0003|0.0479|-0.0115|0.0039||73.30|12|70.10|10
GME211217P00110000|0.89|1.40|0.89|0.82|1.03|15|0.21|0.2561|2|375|100|257|-0.0041|0.0003|-0.0003|-0.0135|0.0046||1.18|58|0.87|59
GME211217C00115000||||112.11|112.11|14|0.00|0.0000|0|2|0|0|0.9945|0.0005|0.0499|-0.0169|0.0059||68.45|12|65.35|12
GME211217P00115000|1.34|1.45|1.34|0.68|1.45|14|0.77|1.1324|0|148|5|17|-0.0074|0.0006|-0.0006|-0.0224|0.0077||1.37|55|1.07|44
GME211217C00120000||||64.15|64.15|13|0.00|0.0000|24|51|0|0|0.9903|0.0008|0.0518|-0.0275|0.0099||63.60|4|60.65|13
GME211217P00120000|1.37|1.55|1.37|1.34|1.45|13|0.11|0.0821|17|153|1|11|-0.0124|0.0009|-0.0011|-0.0349|0.0122||1.65|63|1.30|45
GME211217C00125000||||79.68|79.68|12|0.00|0.0000|0|35|0|0|0.8974|0.0029|0.1494|-0.1040|0.1235||59.00|13|56.00|13
GME211217P00125000|1.55|1.88|1.55|1.56|1.88|12|0.32|0.2051|-4|205|3|6|-0.0212|0.0015|-0.0018|-0.0555|0.0193||2.06|20|1.56|71
GME211217C00130000||||55.70|55.70|11|0.00|0.0000|0|10|0|0|0.8772|0.0034|0.1502|-0.1168|0.1405||54.65|14|51.45|13
GME211217P00130000|1.86|2.65|1.80|2.20|2.21|11|0.01|0.0045|9|195|1|35|-0.0331|0.0021|-0.0028|-0.0798|0.0280||2.52|64|1.93|108
GME211217C00135000||||90.47|90.47|10|0.00|0.0000|0|3|0|0|0.9543|0.0029|0.0552|-0.1009|0.0364||49.85|13|47.00|22
GME211217P00135000|2.62|2.71|2.62|2.75|2.71|10|-0.04|-0.0145|0|140|1|2|-0.0485|0.0029|-0.0042|-0.1077|0.0382||2.99|62|2.44|61
GME211217C00140000|40.15|40.15|40.15|47.75|40.15|9|-7.60|-0.1592|1|146|1|1|0.8278|0.0042|0.1485|-0.1449|0.1762||45.45|14|42.70|57
GME211217P00140000|3.26|4.39|3.00|3.21|3.50|9|0.29|0.0903|11|549|5|320|-0.0710|0.0040|-0.0062|-0.1451|0.0516||3.65|69|3.15|72
GME211217C00145000||||96.94|96.94|8|0.00|0.0000|0|57|0|0|0.9046|0.0051|0.0553|-0.1766|0.0643||41.30|5|38.55|48
GME211217P00145000|4.18|4.18|3.35|4.15|4.02|8|-0.13|-0.0313|16|211|1|26|-0.1019|0.0051|-0.0089|-0.1922|0.0676||4.70|118|3.90|87
GME211217C00150000||||35.85|35.85|7|0.00|0.0000|0|71|0|0|0.8688|0.0063|0.0543|-0.2236|0.0809||37.20|12|34.60|50
GME211217P00150000|4.25|6.92|4.00|5.25|5.15|7|-0.10|-0.0190|86|1619|1|230|-0.1365|0.0064|-0.0120|-0.2353|0.0831||5.45|36|5.05|20
GME211217C00155000|35.95|35.95|30.10|42.74|30.10|6|-12.64|-0.2957|0|11|1|2|0.7375|0.0054|0.1392|-0.1867|0.2251||33.20|47|30.85|49
GME211217P00155000|4.10|8.13|4.10|6.88|8.13|6|1.25|0.1817|13|308|1|15|-0.1764|0.0076|-0.0156|-0.2766|0.0984||6.95|74|6.20|92
GME211217C00160000|25.00|27.70|25.00|38.33|27.70|5|-10.63|-0.2773|-1|97|1|2|0.7810|0.0089|0.0507|-0.3056|0.1121||29.65|47|27.35|75
GME211217P00160000|6.80|10.00|6.40|8.40|8.09|5|-0.31|-0.0369|26|650|7|999|-0.2235|0.0087|-0.0199|-0.3191|0.1135||8.40|50|7.65|70
GME211217C00165000|24.60|24.60|24.60|34.08|24.60|4|-9.48|-0.2782|0|82|1|1|0.7259|0.0099|0.0478|-0.3497|0.1264||26.40|29|24.10|77
GME211217P00165000|8.60|10.85|8.60|10.05|9.36|4|-0.69|-0.0687|22|307|1|12|-0.2777|0.0097|-0.0249|-0.3607|0.1272||10.25|18|9.45|69
GME211217C00170000||||23.22|23.22|3|0.00|0.0000|-2|117|0|0|0.6686|0.0107|0.0446|-0.3858|0.1377||23.55|62|21.15|86
GME211217P00170000|11.28|14.80|10.85|11.92|12.50|3|0.58|0.0487|291|1083|3|87|-0.3325|0.0104|-0.0302|-0.3960|0.1379||12.40|25|11.40|85
GME211217C00175000|21.90|21.90|16.27|21.60|20.50|2|-1.10|-0.0509|-22|188|1|11|0.6078|0.0063|0.1204|-0.2228|0.2654||20.60|12|18.50|94
GME211217P00175000|15.80|16.43|12.98|14.30|13.10|2|-1.20|-0.0839|18|703|2|22|-0.3900|0.0110|-0.0357|-0.4168|0.1456||14.75|16|13.65|67
GME211217C00180000|21.00|21.00|14.24|17.51|19.00|1|1.49|0.0851|17|465|1|51|0.5538|0.0117|0.0378|-0.4189|0.1501||18.20|24|16.15|130
GME211217P00180000|15.35|20.86|15.00|17.60|17.00|1|-0.60|-0.0341|199|1062|7|41|-0.4457|0.0114|-0.0412|-0.4284|0.1501||17.40|68|16.00|91
GME211217C00185000|17.00|18.25|12.92|16.00|15.00|1|-1.00|-0.0625|13|268|1|30|0.4942|0.0117|0.0340|-0.4244|0.1514||16.00|95|14.15|119
GME211217P00185000|17.32|23.60|17.00|19.85|18.00|1|-1.85|-0.0932|1|269|3|61|-0.4538|0.0063|-0.1590|-0.2356|0.2737||20.25|57|18.75|75
GME211217C00187500|15.87|15.87|15.87|14.09|15.87|2|1.78|0.1263|15|39|1|2|0.4828|0.0100|0.0326|-0.4977|0.1513||14.90|8|13.10|72
GME211217P00187500|20.48|20.48|19.77|21.85|19.77|2|-2.08|-0.0952|15|115|1|2|-0.5036|0.0089|-0.0494|-0.5604|0.1515||21.80|60|20.25|43
GME211217C00190000|15.00|16.15|10.20|13.65|12.76|3|-0.89|-0.0652|83|239|1|104|0.4402|0.0115|0.0306|-0.4227|0.1498||13.85|60|12.85|52
GME211217P00190000|20.10|26.92|20.10|22.75|22.18|3|-0.57|-0.0251|3|450|2|16|-0.5566|0.0112|-0.0526|-0.4329|0.1500||23.40|60|21.80|62
GME211217C00192500|12.74|12.74|12.50|12.10|12.50|4|0.40|0.0331|20|28|1|2|0.4425|0.0095|0.0299|-0.5136|0.1499||12.95|43|12.00|28
GME211217P00192500||||24.70|24.70|4|0.00|0.0000|7|112|0|0|-0.5541|0.0093|-0.0544|-0.5246|0.1501||25.05|60|23.40|43
GME211217C00195000|13.00|13.35|11.09|11.79|11.09|5|-0.70|-0.0594|18|148|1|8|0.3886|0.0111|0.0272|-0.4151|0.1456||12.10|17|10.70|96
GME211217P00195000|29.90|31.30|23.65|25.08|25.95|5|0.87|0.0347|8|423|1|142|-0.6079|0.0109|-0.0582|-0.4243|0.1459||26.80|65|25.10|57
GME211217C00197500|12.50|13.00|10.39|10.50|10.70|6|0.20|0.0190|33|38|1|45|0.3982|0.0093|0.0271|-0.5029|0.1464||11.35|48|10.35|39
GME211217P00197500||||27.65|27.65|6|0.00|0.0000|1|93|0|0|-0.5774|0.0082|-0.0586|-0.5818|0.1485||28.60|76|26.55|30
GME211217C00200000|11.05|12.80|8.47|10.50|9.91|7|-0.59|-0.0562|134|1099|7|1328|0.3406|0.0104|0.0239|-0.4026|0.1392||10.60|44|9.70|78
GME211217P00200000|28.60|32.77|28.10|28.61|29.00|7|0.39|0.0136|4|1921|1|10|-0.6528|0.0103|-0.0634|-0.4147|0.1403||30.45|65|28.55|54
GME211217C00202500|10.60|10.80|9.79|10.00|9.79|8|-0.21|-0.0210|5|18|1|31|0.4941|0.0048|0.0938|-0.3112|0.2755||9.90|10|8.95|65
GME211217P00202500||||24.10|24.10|8|0.00|0.0000|0|116|0|0|-0.7499|0.0119|-0.0705|-0.2644|0.1207||32.35|65|30.45|44
GME211217C00205000|10.00|10.05|7.47|9.40|8.50|9|-0.90|-0.0957|16|57|1|23|0.3558|0.0083|0.0241|-0.5255|0.1414||9.25|16|8.30|62
GME211217P00205000|36.08|36.08|33.98|33.95|33.98|9|0.03|0.0009|6|165|10|11|-0.6170|0.0075|-0.0646|-0.6067|0.1448||34.25|62|32.15|53
GME211217C00207500|10.20|10.20|7.35|9.03|8.90|10|-0.13|-0.0144|12|28|1|8|0.3457|0.0079|0.0233|-0.5374|0.1399||8.75|18|7.85|63
GME211217P00207500||||21.30|21.30|10|0.00|0.0000|0|181|0|0|-0.9430|0.0076|-0.0866|-0.0531|0.0434||36.25|61|34.05|56
GME211217C00210000|10.25|10.25|6.70|9.00|7.70|11|-1.30|-0.1444|323|845|2|37|0.2551|0.0091|0.0181|-0.3530|0.1220||8.30|60|7.35|101
GME211217P00210000|40.00|40.70|37.88|40.00|37.88|11|-2.12|-0.0530|7|226|1|7|-0.7399|0.0091|-0.0736|-0.3624|0.1232||38.30|48|36.10|41
GME211217C00212500|6.50|6.50|6.50|7.88|6.50|12|-1.38|-0.1751|1|22|1|1|0.2764|0.0082|0.0192|-0.4266|0.1269||7.80|22|6.80|91
GME211217P00212500|42.25|42.25|42.25|27.00|42.25|12|15.25|0.5648|0|59|4|4|-0.5085|0.0041|-0.2202|-0.3697|0.2755||40.35|49|38.30|5
GME211217C00215000|8.03|8.03|6.90|7.33|6.90|13|-0.43|-0.0587|3|93|1|5|0.4563|0.0045|0.0862|-0.3288|0.2739||7.35|50|6.55|56
GME211217P00215000|38.00|46.00|38.00|32.68|42.25|13|9.57|0.2928|0|99|1|4|-0.5545|0.0047|-0.2265|-0.3122|0.2730||42.45|48|40.40|12
GME211217C00217500|7.20|7.20|7.20|7.75|7.20|14|-0.55|-0.0710|18|38|1|1|0.2768|0.0073|0.0190|-0.4807|0.1270||7.00|20|6.20|44
GME211217P00217500|47.80|47.80|47.80|34.55|47.80|14|13.25|0.3835|0|23|1|1|-0.6352|0.0059|-0.0721|-0.7444|0.1426||44.60|54|42.25|26
GME211217C00220000|6.89|7.58|5.30|6.70|6.35|15|-0.35|-0.0522|257|1902|1|61|0.3574|0.0058|0.0751|-0.2274|0.2577||6.60|24|6.00|42
GME211217P00220000|46.55|46.55|46.55|42.02|46.55|15|4.53|0.1078|-1|445|1|1|-0.8050|0.0076|-0.0825|-0.3134|0.1047||46.75|48|44.50|7
GME211217C00222500|7.50|7.50|6.60|5.85|6.60|16|0.75|0.1282|1|67|1|4|0.2765|0.0066|0.0187|-0.5287|0.1271||6.30|54|5.55|63
GME211217P00222500|52.45|52.95|48.85|31.45|49.15|16|17.70|0.5628|0|10|2|15|-0.7332|0.0067|-0.0794|-0.5016|0.1248||48.95|49|46.55|24
GME211217C00225000|6.35|6.35|5.50|6.00|5.80|17|-0.20|-0.0333|6|105|1|19|0.2457|0.0066|0.0168|-0.4690|0.1196||5.95|10|5.35|66
GME211217P00225000|48.50|48.50|48.50|32.35|48.50|17|16.15|0.4992|0|31|1|2|-0.8072|0.0069|-0.0850|-0.3412|0.1040||51.15|19|48.75|26
GME211217C00227500|5.60|5.60|5.60|5.85|5.60|18|-0.25|-0.0427|-1|8|1|1|0.2473|0.0063|0.0168|-0.4940|0.1200||5.75|61|5.10|41
GME211217P00227500||||48.05|48.05|18|0.00|0.0000|17|60|0|0|-0.9164|0.0055|-0.0935|-0.1345|0.0584||53.40|43|51.15|12
GME211217C00230000|5.65|6.40|4.85|5.33|5.04|19|-0.29|-0.0544|-3|431|5|39|0.1402|0.0061|0.0101|-0.2541|0.0846||5.45|58|4.90|14
GME211217P00230000|54.21|54.21|54.21|49.83|54.21|19|4.38|0.0879|-10|63|1|1|-0.8550|0.0061|-0.0904|-0.2635|0.0865||55.65|18|53.20|30
GME211217C00232500|4.50|4.50|4.45|5.20|4.45|20|-0.75|-0.1442|3|80|1|3|0.1940|0.0060|0.0135|-0.3911|0.1044||5.15|9|4.70|17
GME211217P00232500||||53.30|53.30|20|0.00|0.0000|0|19|0|0|-0.9083|0.0052|-0.0952|-0.1629|0.0625||57.95|42|55.70|15
GME211217C00235000|5.70|5.70|5.14|4.79|5.14|21|0.35|0.0731|17|74|1|6|0.2242|0.0057|0.0152|-0.4880|0.1136||4.95|6|4.50|12
GME211217P00235000||||54.70|54.70|21|0.00|0.0000|43|60|0|0|-0.6463|0.0047|-0.2701|-0.2772|0.2568||60.25|45|57.75|46
GME211217C00240000|4.37|4.78|4.21|4.70|4.21|22|-0.49|-0.1043|-4|308|5|75|0.1004|0.0048|0.0073|-0.2023|0.0668||4.65|28|4.10|62
GME211217P00240000|65.50|65.50|65.50|65.23|65.50|22|0.27|0.0041|8|54|1|1|-0.8929|0.0049|-0.0975|-0.2170|0.0700||64.90|25|62.25|13
GME211217C00245000|4.75|4.75|4.10|4.10|4.44|23|0.34|0.0829|5|87|1|154|0.1953|0.0051|0.0133|-0.4673|0.1047||4.40|68|3.85|41
GME211217P00245000|71.40|71.40|71.40|56.01|71.40|23|15.39|0.2748|-5|49|2|5|-0.7711|0.0050|-0.0922|-0.5677|0.1150||69.60|26|66.80|14
GME211217C00250000|4.46|4.75|3.45|4.00|3.60|24|-0.40|-0.1000|14|1169|1|106|0.0727|0.0037|0.0053|-0.1613|0.0525||3.90|5|3.50|88
GME211217P00250000||||73.53|73.53|24|0.00|0.0000|-1|56|0|0|-0.9232|0.0038|-0.1040|-0.1706|0.0547||74.35|25|71.30|45
GME211217C00255000|3.60|3.60|3.41|3.60|3.41|25|-0.19|-0.0528|-1|355|1|3|0.1615|0.0045|0.0111|-0.4154|0.0929||3.80|52|3.40|1
GME211217P00255000||||39.75|39.75|25|0.00|0.0000|0|5|0|0|-0.9985|0.0002|-0.1117|-0.0023|0.0019||79.15|15|76.15|12
GME211217C00260000|3.55|3.85|3.20|3.59|3.25|26|-0.34|-0.0947|30|516|2|33|0.0516|0.0028|0.0038|-0.1246|0.0401||3.60|63|3.20|20
GME211217P00260000|78.20|78.20|78.20|72.05|78.20|26|6.15|0.0854|0|21|1|1|-0.9443|0.0029|-0.1099|-0.1343|0.0427||83.95|17|80.75|18
GME211217C00270000|3.25|3.25|2.85|3.19|2.94|27|-0.25|-0.0784|18|541|1|227|0.0388|0.0022|0.0028|-0.1014|0.0319||3.15|44|2.72|67
GME211217P00270000||||65.35|65.35|27|0.00|0.0000|0|49|0|0|-0.9573|0.0023|-0.1152|-0.1110|0.0345||93.60|13|90.75|13
GME211217C00280000|3.29|3.29|2.57|2.55|2.57|28|0.02|0.0078|7|2032|100|209|0.1845|0.0037|0.0397|-0.1807|0.1840||2.85|29|2.39|95
GME211217P00280000||||91.00|91.00|28|0.00|0.0000|0|10|0|0|-0.9680|0.0018|-0.1204|-0.0891|0.0272||103.40|27|100.55|4
GME211217C00290000|2.60|2.69|2.48|2.43|2.57|29|0.14|0.0576|3|522|1|45|0.1687|0.0034|0.0363|-0.1742|0.1739||2.55|27|2.19|81
GME211217P00290000||||68.50|68.50|29|0.00|0.0000|0|25|0|0|-0.9739|0.0015|-0.1252|-0.0774|0.0230||113.20|17|109.85|17
GME211217C00300000|2.55|2.60|2.04|2.35|2.17|30|-0.18|-0.0766|199|5147|1|757|0.1534|0.0032|0.0331|-0.1661|0.1634||2.20|2|2.05|39
GME211217P00300000|125.00|125.00|125.00|116.00|125.00|30|9.00|0.0776|0|20|4|5|-0.9809|0.0011|-0.1301|-0.0598|0.0177||123.00|18|119.85|13
GME211217C00310000|2.10|2.40|2.10|2.21|2.40|31|0.19|0.0860|-1|369|5|11|0.0126|0.0008|0.0009|-0.0421|0.0124||2.18|49|1.86|45
GME211217P00310000||||102.75|102.75|31|0.00|0.0000|0|3|0|0|-0.9851|0.0009|-0.1348|-0.0489|0.0143||132.85|15|129.85|2
GME211217C00320000|2.00|2.04|1.73|2.00|1.73|32|-0.27|-0.1350|4|407|1|46|0.0097|0.0006|0.0007|-0.0342|0.0099||2.09|73|1.76|37
GME211217P00320000||||96.00|96.00|32|0.00|0.0000|0|17|0|0|-0.9882|0.0007|-0.1394|-0.0405|0.0117||142.75|13|139.85|4
GME211217C00330000||||1.75|1.75|33|0.00|0.0000|28|213|0|0|0.1190|0.0026|0.0258|-0.1461|0.1374||1.90|42|1.59|70
GME211217P00330000||||159.50|159.50|33|0.00|0.0000|0|3|0|0|-0.9908|0.0006|-0.1440|-0.0328|0.0094||152.65|20|149.30|6
GME211217C00340000|2.00|2.00|1.70|1.53|1.70|34|0.17|0.1111|5|232|1|2|0.0064|0.0004|0.0005|-0.0245|0.0068||1.77|14|1.46|68
GME211217P00340000||||126.85|126.85|34|0.00|0.0000|0|7|0|0|-0.9927|0.0005|-0.1485|-0.0269|0.0077||162.55|21|159.30|13
GME211217C00350000|1.75|1.84|1.50|1.75|1.55|35|-0.20|-0.1143|13|990|1|41|0.0052|0.0003|0.0004|-0.0210|0.0057||1.65|35|1.42|6
GME211217P00350000||||133.85|133.85|35|0.00|0.0000|0|4|0|0|-0.9938|0.0004|-0.1530|-0.0236|0.0066||172.45|13|169.10|12
GME211217C00360000|1.50|1.60|1.37|1.58|1.37|36|-0.21|-0.1329|0|308|4|8|0.0045|0.0003|0.0003|-0.0188|0.0050||1.59|71|1.29|43
GME211217P00360000||||||36|||0|0|0|0|-0.8932|0.0022|-0.4998|-0.1451|0.1271||182.35|13|179.30|13
GME211217C00370000|1.45|1.45|1.45|1.97|1.45|37|-0.52|-0.2640|0|447|1|1|0.0039|0.0003|0.0003|-0.0169|0.0044||1.58|77|1.21|53
GME211217P00370000||||172.65|172.65|37|0.00|0.0000|0|3|0|0|-0.9955|0.0003|-0.1619|-0.0182|0.0050||192.25|13|189.30|4
GME211217C00380000|1.60|1.60|1.60|1.36|1.60|38|0.24|0.1765|1|169|1|1|0.0034|0.0002|0.0003|-0.0152|0.0039||1.58|112|1.20|4
GME211217P00380000||||165.60|165.60|38|0.00|0.0000|0|17|0|0|-0.9962|0.0002|-0.1663|-0.0154|0.0042||202.15|12|199.00|4
GME211217C00390000|1.18|1.18|1.18|1.38|1.18|39|-0.20|-0.1449|0|192|1|1|0.0030|0.0002|0.0002|-0.0140|0.0035||1.23|14|1.03|70
GME211217P00390000||||||39|||0|0|0|0|-0.9966|0.0002|-0.1707|-0.0142|0.0039||212.10|3|209.00|12
GME211217C00400000|1.20|1.39|1.01|1.29|1.11|40|-0.18|-0.1395|16|1166|1|56|0.0024|0.0002|0.0002|-0.0115|0.0029||1.10|10|1.00|4
GME211217P00400000||||198.90|198.90|40|0.00|0.0000|0|3|0|0|-0.9970|0.0002|-0.1751|-0.0131|0.0035||222.00|12|219.00|4
GME211217C00410000|1.00|1.00|1.00|1.22|1.00|41|-0.22|-0.1803|1|204|1|1|0.0020|0.0001|0.0001|-0.0098|0.0024||1.12|50|0.90|63
GME211217P00410000||||190.90|190.90|41|0.00|0.0000|0|3|0|0|-0.9973|0.0002|-0.1795|-0.0116|0.0031||231.95|10|228.55|12
GME211217C00420000|1.37|1.37|0.95|1.16|0.95|42|-0.21|-0.1810|-1|539|1|13|0.0018|0.0001|0.0001|-0.0089|0.0022||1.11|63|0.90|1
GME211217P00420000||||189.85|189.85|42|0.00|0.0000|0|16|0|0|-0.9984|0.0001|-0.1840|-0.0066|0.0020||241.85|12|238.55|12
GME211217C00430000|0.97|0.97|0.97|1.08|0.97|43|-0.11|-0.1019|0|208|7|7|0.0016|0.0001|0.0001|-0.0080|0.0019||1.11|91|0.68|73
GME211217P00430000||||244.20|244.20|43|0.00|0.0000|0|0|0|0|-0.9986|0.0001|-0.1884|-0.0058|0.0017||251.80|10|248.20|4
GME211217C00440000||||1.15|1.15|44|0.00|0.0000|4|472|0|0|0.0013|0.0001|0.0001|-0.0070|0.0017||0.90|6|0.66|30
GME211217P00440000||||||44|||0|0|0|0|-0.9989|0.0001|-0.1928|-0.0043|0.0014||261.75|10|258.15|4
GME211217C00450000|1.03|1.03|0.76|1.02|0.79|45|-0.23|-0.2255|5|684|1|7|0.0011|0.0001|0.0001|-0.0058|0.0014||0.80|6|0.63|25
GME211217P00450000||||||45|||0|0|0|0|-0.9990|0.0001|-0.1972|-0.0038|0.0013||271.70|10|268.10|4
GME211217C00460000|1.11|1.11|0.68|1.02|0.80|46|-0.22|-0.2157|-133|1136|2|8|0.0011|0.0001|0.0001|-0.0058|0.0013||0.85|33|0.60|8
GME211217P00460000||||261.60|261.60|46|0.00|0.0000|0|5|0|0|-0.9991|0.0001|-0.2016|-0.0033|0.0012||281.65|10|277.65|12
GME211217C00470000|0.90|0.90|0.78|0.84|0.78|47|-0.06|-0.0714|0|189|1|11|0.0321|0.0009|0.0022|-0.1870|0.0273||0.85|36|0.52|59
GME211217P00470000||||||47||||0|0|0|-1.0000|0.0000|-0.2060|0.0016|0.0000||291.60|12|287.60|3
GME211217C00480000|0.82|0.82|0.63|0.67|0.63|48|-0.04|-0.0597|7|224|4|7|0.0342|0.0009|0.0023|-0.2030|0.0288||0.75|75|0.50|13
GME211217P00480000||||264.21|264.21|48|0.00|0.0000|0|7|0|0|-0.9755|0.0007|-0.2087|-0.1433|0.0219||301.55|10|297.55|3
GME211217C00490000|1.01|1.01|0.76|0.86|0.76|49|-0.10|-0.1163|1|97|1|2|0.0319|0.0008|0.0021|-0.1927|0.0272||0.69|7|0.46|5
GME211217P00490000||||274.04|274.04|49|0.00|0.0000|0|7|0|0|-0.9774|0.0007|-0.2132|-0.1341|0.0204||311.50|12|307.55|3
GME211217C00500000|0.90|0.90|0.52|0.80|0.53|50|-0.27|-0.3375|-5|2488|1|68|0.0233|0.0007|0.0016|-0.1425|0.0209||0.57|6|0.43|3
GME211217P00500000||||290.05|290.05|50|0.00|0.0000|0|7|0|0|-0.9666|0.0008|-0.2169|-0.2041|0.0282||321.45|12|317.55|1
GME211217C00510000|0.72|0.96|0.49|0.72|0.52|51|-0.20|-0.2778|101|1366|3|155|0.0225|0.0006|0.0015|-0.1401|0.0203||0.49|10|0.38|4
GME211217P00510000||||277.97|277.97|51|0.00|0.0000|0|0|0|0|-0.9924|0.0003|-0.2230|-0.0452|0.0080||331.45|12|327.50|3
GME211223C00100000||||80.77|80.77|14|0.00|0.0000|-2|14|0|0|0.9741|0.0010|0.0570|-0.0833|0.0268||83.45|11|80.10|12
GME211223P00100000|0.90|0.90|0.88|0.80|0.88|14|0.08|0.1000|7|116|10|11|-0.0282|0.0010|-0.0035|-0.0913|0.0288||1.13|19|0.46|42
GME211223C00110000||||||13||||0|0|0|1.0000|0.0000|0.0663|-0.0004|0.0000||73.60|4|70.45|10
GME211223P00110000|0.80|1.33|0.80|1.69|1.33|13|-0.36|-0.2130|6|28|10|20|-0.1129|0.0020|-0.0439|-0.1552|0.1396||1.25|1|0.94|12
GME211223C00120000||||103.35|103.35|12|0.00|0.0000|0|1|0|0|0.8296|0.0011|0.0280|-1.2933|0.1128||64.60|14|61.05|11
GME211223P00120000||||1.15|1.15|12|0.00|0.0000|0|25|0|0|-0.0450|0.0020|-0.0055|-0.1032|0.0422||2.19|24|1.50|23
GME211223C00130000||||||11||||0|0|0|1.0000|0.0000|0.0784|-0.0005|0.0000||55.45|13|52.05|10
GME211223P00130000|2.84|2.84|2.69|2.33|2.69|11|0.36|0.1545|4|72|1|111|-0.0917|0.0033|-0.0115|-0.1892|0.0732||3.25|15|2.33|47
GME211223C00140000||||||10||||0|0|0|1.0000|0.0000|0.0844|-0.0005|0.0000||46.45|4|43.50|8
GME211223P00140000|4.10|4.40|4.10|3.90|4.40|10|0.50|0.1282|11|40|1|2|-0.1403|0.0045|-0.0178|-0.2528|0.0993||4.75|42|3.75|20
GME211223C00145000||||||9|||||0|0|1.0000|0.0000|0.0874|-0.0005|0.0000||42.70|13|39.50|14
GME211223P00145000||||||9|||||0|0|0.0000|0.0000|0.0000|0.0000|0.0000||5.75|22|4.70|18
GME211223C00150000||||55.90|55.90|8|0.00|0.0000|0|4|0|0|0.7314|0.0031|0.0460|-0.8105|0.1469||38.85|15|35.70|8
GME211223P00150000|4.80|7.60|4.10|6.45|6.07|8|-0.38|-0.0589|82|206|1|56|-0.1931|0.0059|-0.0245|-0.2912|0.1221||6.90|20|5.80|20
GME211223C00155000||||57.05|57.05|7|0.00|0.0000|0|10|0|0|0.7145|0.0029|0.0434|-0.9179|0.1512||34.90|7|32.05|16
GME211223P00155000|8.65|9.55|8.65|3.81|9.30|7|5.49|1.4409|0|111|8|18|-0.2454|0.0060|-0.0322|-0.3746|0.1401||8.30|35|7.10|15
GME211223C00160000||||53.80|53.80|6|0.00|0.0000|0|12|0|0|0.6972|0.0030|0.0435|-0.9221|0.1555||31.30|10|28.70|31
GME211223P00160000|10.28|11.60|8.10|9.59|9.45|6|-0.14|-0.0146|14|61|3|9|-0.2684|0.0071|-0.0345|-0.3453|0.1467||9.95|25|8.70|12
GME211223C00165000||||||5||||0|0|0|1.0000|0.0000|0.0994|-0.0006|0.0000||28.15|7|25.60|30
GME211223P00165000||||11.60|11.60|5|0.00|0.0000|12|21|0|0|-0.3128|0.0074|-0.0409|-0.3858|0.1576||11.95|14|10.55|14
GME211223C00170000||||25.94|25.94|4|0.00|0.0000|11|15|0|0|0.6439|0.0071|0.0545|-0.4443|0.1660||25.25|9|22.75|37
GME211223P00170000||||14.35|14.35|4|0.00|0.0000|2|33|0|0|-0.3551|0.0075|-0.0472|-0.4193|0.1657||14.05|15|12.55|13
GME211223C00175000||||19.00|19.00|3|0.00|0.0000|1|3|0|0|0.6060|0.0094|0.0545|-0.3591|0.1712||22.60|9|20.20|37
GME211223P00175000|13.64|17.35|13.50|16.30|16.05|3|-0.25|-0.0153|30|54|1|32|-0.3953|0.0083|-0.0523|-0.4050|0.1714||16.60|14|14.90|12
