symbol|open|high|low|preClose|close|activeLevel|change|changeRatio|openIntChange|openInterest|latestPriceVol|volume|delta|gamma|rho|theta|vega|tradeStamptradeTime|ask|avol|bid|bvol
GME211203C00100000||||83.51|83.51|10|0.00|0.0000|-1|9|0|0|0.9743|0.0012|0.0026|-1.5191|0.0053||73.35|10|69.20|15
GME211203P00100000|0.04|0.05|0.01|0.06|0.05|10|-0.01|-0.1667|21|534|100|139|-0.0038|0.0003|0.0000|-0.2010|0.0010||0.05|122|0.01|3
GME211203C00110000||||135.99|135.99|9|0.00|0.0000|0|1|0|0|0.8659|0.0024|0.0022|-9.5744|0.0193||63.50|10|59.10|17
GME211203P00110000||||0.11|0.11|9|0.00|0.0000|27|199|0|0|-0.0083|0.0007|0.0000|-0.3689|0.0020||0.10|20|0.01|1
GME211203C00120000||||||8||||0|0|0|1.0000|0.0000|0.0033|-0.0004|0.0000||53.85|17|49.00|17
GME211203P00120000|0.04|0.11|0.04|0.19|0.10|8|-0.09|-0.4737|165|546|1|39|-0.0042|0.0005|0.0000|-0.1436|0.0011||0.12|25|0.05|5
GME211203C00130000||||65.44|65.44|7|0.00|0.0000|0|1|0|0|0.8138|0.0040|0.0025|-8.9699|0.0240||44.20|22|38.85|35
GME211203P00130000|0.14|0.18|0.09|0.29|0.09|7|-0.20|-0.6897|7|983|1|14|-0.0105|0.0013|-0.0001|-0.2874|0.0025||0.15|14|0.05|43
GME211203C00140000||||55.33|55.33|6|0.00|0.0000|0|6|0|0|0.7436|0.0039|0.0044|-6.5862|0.0407||34.35|17|28.75|26
GME211203P00140000|0.15|0.38|0.01|0.30|0.22|6|-0.08|-0.2667|17|1168|1|229|-0.0187|0.0027|-0.0001|-0.3827|0.0041||0.20|1|0.17|1
GME211203C00150000|23.50|23.50|22.00|44.80|22.00|5|-22.80|-0.5089|0|6|1|21|0.7258|0.0069|0.0026|-8.0512|0.0298||23.30|47|19.30|20
GME211203P00150000|0.20|0.59|0.20|0.65|0.39|5|-0.26|-0.4000|149|1347|1|272|-0.0661|0.0085|-0.0003|-0.9734|0.0115||0.43|5|0.29|14
GME211203C00155000||||27.75|27.75|4|0.00|0.0000|0|5|0|0|0.8622|0.0139|0.0036|-1.7463|0.0197||19.35|20|14.10|23
GME211203P00155000|0.39|0.70|0.33|0.68|0.62|4|-0.06|-0.0882|-29|963|1|87|-0.0975|0.0131|-0.0005|-1.1342|0.0154||0.65|5|0.44|22
GME211203C00160000|23.77|23.77|23.77|23.00|23.77|3|0.77|0.0335|2|117|3|3|0.7933|0.0199|0.0034|-2.0486|0.0255||13.75|31|9.85|59
GME211203P00160000|1.14|1.24|0.35|0.68|0.88|3|0.20|0.2941|108|548|1|511|-0.3581|0.0054|-0.0882|-0.3294|0.2085||1.00|10|0.71|38
GME211203C00165000|15.40|15.40|6.80|32.50|7.50|2|-25.00|-0.7692|0|31|20|78|0.6039|0.0093|0.0023|-7.9489|0.0344||7.40|2|6.00|52
GME211203P00165000|0.62|2.20|0.40|1.20|1.20|2|0.00|0.0000|41|824|1|624|-0.2909|0.0323|-0.0014|-1.8170|0.0306||1.79|1|1.40|36
GME211203C00170000|6.30|6.30|3.50|13.35|3.55|1|-9.80|-0.7341|13|63|88|174|0.5283|0.0387|0.0023|-2.0481|0.0355||3.85|1|3.20|1
GME211203P00170000|1.42|3.75|0.80|1.87|3.15|1|1.28|0.6845|480|1414|3|987|-0.4569|0.0402|-0.0022|-1.9543|0.0355||3.70|1|2.89|1
GME211203C00175000|7.05|7.05|1.45|9.00|1.65|1|-7.35|-0.8167|6|123|4|962|0.3290|0.0407|0.0015|-1.6086|0.0323||1.78|2|1.50|1
GME211203P00175000|1.75|6.75|1.50|2.73|5.23|1|2.50|0.9158|485|968|10|520|-0.6735|0.0411|-0.0033|-1.5804|0.0322||6.70|2|4.75|101
GME211203C00177500|4.12|4.12|0.93|8.24|1.16|2|-7.08|-0.8592|34|41|1|523|0.2740|0.0319|0.0012|-1.7390|0.0298||1.30|1|0.85|5
GME211203P00177500|2.70|8.95|2.20|3.58|6.85|2|3.27|0.9134|267|466|1|461|-0.4850|0.0074|-0.1157|-0.2768|0.2226||8.85|13|6.60|75
GME211203C00180000|4.60|5.00|0.54|5.75|0.78|3|-4.97|-0.8643|33|766|1|586|0.1543|0.0276|0.0007|-1.0220|0.0212||1.00|84|0.54|7
GME211203P00180000|5.29|11.50|2.63|4.40|9.46|3|5.06|1.1500|-355|1413|1|150|-0.8563|0.0274|-0.0043|-0.9340|0.0202||11.00|10|9.55|13
GME211203C00182500|3.75|3.90|0.45|4.40|0.55|4|-3.85|-0.8750|61|146|1|123|0.1801|0.0220|0.0016|-0.7832|0.0332||0.70|61|0.36|12
GME211203P00182500|7.75|13.03|3.89|5.41|11.95|4|6.54|1.2089|-45|252|16|55|-0.9224|0.0185|-0.0046|-0.5693|0.0130||13.45|14|10.60|79
GME211203C00185000|2.43|3.10|0.25|3.22|0.45|5|-2.77|-0.8602|314|795|1|1004|0.0461|0.0118|0.0002|-0.3960|0.0086||0.54|50|0.28|14
GME211203P00185000|9.16|15.48|4.90|7.21|14.40|5|7.19|0.9972|-47|541|16|72|-0.9489|0.0124|-0.0048|-0.4419|0.0094||16.05|13|14.20|13
GME211203C00187500|2.00|2.16|0.25|2.40|0.29|6|-2.11|-0.8792|-120|610|2|92|0.0282|0.0078|0.0001|-0.2663|0.0058||0.44|61|0.20|51
GME211203P00187500|7.14|17.61|7.14|8.59|16.82|6|8.23|0.9581|-33|442|1|9|-0.9752|0.0072|-0.0050|-0.2324|0.0052||18.25|1|14.70|100
GME211203C00190000|1.42|1.60|0.22|1.70|0.32|7|-1.38|-0.8118|-141|637|1|457|0.0138|0.0043|0.0001|-0.1441|0.0032||0.33|6|0.27|2
GME211203P00190000|11.26|20.31|8.25|11.17|19.00|7|7.83|0.7010|-67|766|10|81|-0.5519|0.0066|-0.1389|-0.3020|0.2208||21.05|25|17.50|153
GME211203C00192500|1.00|1.09|0.20|1.27|0.25|8|-1.02|-0.8031|-248|254|1|69|0.0452|0.0080|0.0004|-0.2815|0.0120||0.31|37|0.18|40
GME211203P00192500|10.85|15.50|10.85|12.49|15.50|8|3.01|0.2410|-8|265|2|15|-0.9921|0.0026|-0.0052|-0.0904|0.0019||23.70|26|20.15|86
GME211203C00195000|1.09|1.09|0.13|1.07|0.22|9|-0.85|-0.7944|-71|526|1|161|0.0052|0.0017|0.0000|-0.0666|0.0013||0.29|31|0.17|22
GME211203P00195000|15.20|24.67|12.95|14.76|24.67|9|9.91|0.6714|-69|557|1|18|-0.5955|0.0069|-0.1490|-0.2769|0.2163||26.05|36|22.60|155
GME211203C00197500|0.35|0.35|0.15|0.89|0.18|10|-0.71|-0.7978|-133|357|1|32|0.0042|0.0013|0.0000|-0.0581|0.0011||0.25|24|0.14|21
GME211203P00197500|17.15|17.15|15.00|17.43|15.00|10|-2.43|-0.1394|-4|198|1|2|-0.9908|0.0024|-0.0054|-0.1277|0.0022||28.20|4|24.00|140
GME211203C00200000|0.65|0.74|0.14|0.68|0.16|11|-0.52|-0.7647|599|1650|1|483|0.0025|0.0008|0.0000|-0.0371|0.0007||0.18|1|0.15|5
GME211203P00200000|18.50|29.61|18.50|19.88|29.05|11|9.17|0.4613|-271|727|1|13|-0.9909|0.0022|-0.0054|-0.1371|0.0022||30.65|6|27.45|146
GME211203C00202500|0.30|0.51|0.16|0.50|0.16|12|-0.34|-0.6800|164|445|6|18|0.3790|0.0063|0.0551|-0.2931|0.2124||0.18|24|0.12|38
GME211203P00202500|21.15|24.48|21.15|21.93|24.48|12|2.55|0.1163|-30|154|1|2|-0.5896|0.0057|-0.1589|-0.3396|0.2171||33.55|11|29.25|130
GME211203C00205000|0.88|0.88|0.10|0.55|0.14|13|-0.41|-0.7455|-141|693|1|72|0.0018|0.0005|0.0000|-0.0308|0.0005||0.16|7|0.11|10
GME211203P00205000|26.93|34.02|26.93|24.98|34.02|13|9.04|0.3619|-135|349|1|6|-0.5504|0.0047|-0.1602|-0.4246|0.2209||35.65|12|31.90|155
GME211203C00207500|0.15|0.15|0.11|0.55|0.11|14|-0.44|-0.8000|148|548|1|13|0.3973|0.0054|0.0553|-0.3512|0.2153||0.12|4|0.10|8
GME211203P00207500|38.35|38.35|38.35|25.68|38.35|14|12.67|0.4934|-2|33|1|1|-0.8872|0.0074|-0.0052|-2.4923|0.0171||38.35|16|34.05|109
GME211203C00210000|0.33|0.39|0.08|0.46|0.10|15|-0.36|-0.7826|73|1012|1|403|0.0014|0.0004|0.0000|-0.0261|0.0004||0.11|9|0.08|11
GME211203P00210000|28.88|40.95|28.55|29.77|40.95|15|11.18|0.3755|-51|334|1|10|-0.9919|0.0015|-0.0057|-0.1598|0.0020||40.65|20|36.60|132
GME211203C00212500|0.22|0.22|0.09|0.48|0.10|16|-0.38|-0.7917|47|344|1|14|0.0015|0.0004|0.0000|-0.0312|0.0004||0.10|4|0.07|18
GME211203P00212500|37.02|37.02|37.02|33.40|37.02|16|3.62|0.1084|0|67|1|1|-0.9748|0.0032|-0.0057|-0.5450|0.0053||43.85|18|39.10|130
GME211203C00215000|0.17|0.23|0.08|0.37|0.11|17|-0.26|-0.7027|0|792|6|74|0.0009|0.0003|0.0000|-0.0197|0.0003||0.09|6|0.08|100
GME211203P00215000|35.00|45.70|35.00|31.97|44.74|17|12.77|0.3994|-11|215|1|6|-0.9567|0.0042|-0.0057|-1.0145|0.0082||46.15|19|42.35|147
GME211203C00217500|0.16|0.16|0.10|0.38|0.10|18|-0.28|-0.7368|-3|180|1|106|0.0009|0.0002|0.0000|-0.0205|0.0003||0.09|9|0.06|2
GME211203P00217500|46.36|46.36|46.36|38.35|46.36|18|8.01|0.2089|-2|72|10|10|-0.9766|0.0027|-0.0059|-0.5580|0.0049||48.80|21|44.10|129
GME211203C00220000|0.17|0.20|0.05|0.36|0.09|19|-0.27|-0.7500|32|1410|1|160|0.0009|0.0002|0.0000|-0.0212|0.0003||0.08|5|0.06|5
GME211203P00220000|49.15|49.15|49.15|40.13|49.15|19|9.02|0.2248|-18|195|3|3|-0.9871|0.0018|-0.0060|-0.3153|0.0030||50.65|13|46.60|131
GME211203C00222500|0.09|0.09|0.07|0.37|0.07|20|-0.30|-0.8108|4|185|1|2|0.4055|0.0043|0.0528|-0.4470|0.2164||0.08|3|0.05|5
GME211203P00222500|44.57|44.57|44.57|45.85|44.57|20|-1.28|-0.0279|-6|45|1|1|-0.9378|0.0044|-0.0058|-1.7086|0.0109||53.70|17|49.10|20
GME211203C00225000|0.20|0.20|0.05|0.30|0.06|21|-0.24|-0.8000|-60|596|1|43|0.3988|0.0043|0.0519|-0.4473|0.2155||0.07|4|0.05|1
GME211203P00225000|42.95|53.85|42.95|45.20|53.43|21|8.23|0.1821|0|125|2|13|-0.9866|0.0017|-0.0061|-0.3558|0.0031||56.00|11|51.60|113
GME211203C00227500|0.14|0.14|0.04|0.50|0.04|22|-0.46|-0.9200|16|113|1|3|0.0210|0.0022|0.0002|-0.2946|0.0064||0.07|3|0.05|3
GME211203P00227500||||45.48|45.48|22|0.00|0.0000|0|26|0|0|-0.9909|0.0012|-0.0062|-0.2477|0.0022||58.55|17|54.25|92
GME211203C00230000|0.24|0.24|0.03|0.24|0.06|23|-0.18|-0.7500|-39|888|1|57|0.0004|0.0001|0.0000|-0.0117|0.0001||0.06|7|0.05|1
GME211203P00230000|47.00|47.00|47.00|49.84|47.00|23|-2.84|-0.0570|-4|63|1|1|-0.9910|0.0012|-0.0063|-0.2551|0.0022||61.10|20|56.75|82
GME211203C00232500||||0.25|0.25|24|0.00|0.0000|-7|86|0|0|0.5699|0.0023|0.0523|-0.8437|0.2193||0.08|10|0.03|2
GME211203P00232500||||52.32|52.32|24|0.00|0.0000|-1|33|0|0|-0.9491|0.0034|-0.0123|-0.7974|0.0132||63.55|20|59.30|73
GME211203C00235000|0.56|0.56|0.02|0.25|0.02|25|-0.23|-0.9200|-14|317|1|7|0.0005|0.0001|0.0000|-0.0141|0.0002||0.08|18|0.02|16
GME211203P00235000|53.48|63.61|53.48|53.95|63.56|25|9.61|0.1781|-31|340|2|19|-0.9982|0.0003|-0.0064|-0.0509|0.0005||66.00|19|61.80|94
GME211203C00237500|0.13|0.13|0.02|0.27|0.02|26|-0.25|-0.9259|-1|114|1|8|0.0005|0.0001|0.0000|-0.0163|0.0002||0.08|30|0.02|24
GME211203P00237500|55.98|66.11|55.98|56.45|66.06|26|9.61|0.1702|-22|262|2|19|-0.9982|0.0003|-0.0065|-0.0527|0.0005||68.50|21|64.30|94
GME211203C00240000|0.20|0.20|0.04|0.27|0.05|27|-0.22|-0.8148|64|656|1|10|0.0083|0.0010|0.0000|-0.2679|0.0020||0.05|5|0.04|10
GME211203P00240000||||60.48|60.48|27|0.00|0.0000|-6|95|0|0|-0.9847|0.0015|-0.0065|-0.4981|0.0034||71.00|22|66.85|10
GME211203C00245000|0.05|0.06|0.01|0.23|0.06|28|-0.17|-0.7391|-115|299|1|24|0.0091|0.0010|0.0000|-0.3110|0.0022||0.05|5|0.01|19
GME211203P00245000|66.88|66.88|66.88|60.55|66.88|28|6.33|0.1045|-1|67|1|1|-0.6422|0.0039|-0.2152|-0.4570|0.2084||75.95|20|71.80|97
GME211203C00250000|0.06|0.12|0.02|0.14|0.05|29|-0.09|-0.6429|1181|4523|10|141|0.3972|0.0035|0.0484|-0.5493|0.2153||0.05|30|0.02|4
GME211203P00250000|75.53|75.81|75.53|70.43|75.81|29|5.38|0.0764|0|123|1|3|-0.9863|0.0012|-0.0068|-0.4979|0.0031||80.90|21|76.80|72
GME211203C00260000|0.05|0.05|0.01|0.15|0.03|30|-0.12|-0.8000|-5|709|2|56|0.0044|0.0005|0.0000|-0.1713|0.0011||0.05|5|0.01|2
GME211203P00260000||||75.00|75.00|30|0.00|0.0000|0|6|0|0|-0.9992|0.0001|-0.0071|-0.0287|0.0002||90.90|17|86.85|25
GME211203C00270000|0.04|0.06|0.02|0.02|0.03|31|0.01|0.5000|20|607|1|13|0.0038|0.0004|0.0000|-0.1635|0.0010||0.04|1|0.01|1
GME211203P00270000||||86.50|86.50|31|0.00|0.0000|0|21|0|0|-0.9997|0.0001|-0.0074|-0.0117|0.0001||100.85|19|96.85|61
GME211203C00280000|0.08|0.08|0.01|0.07|0.04|32|-0.03|-0.4286|46|618|1|11|0.0052|0.0005|0.0000|-0.2373|0.0013||0.05|11|0.01|5
GME211203P00280000||||95.00|95.00|32|0.00|0.0000|0|10|0|0|-0.9993|0.0001|-0.0077|-0.0313|0.0002||110.85|17|106.90|25
GME211203C00290000|0.04|0.04|0.04|0.09|0.04|33|-0.05|-0.5556|-7|495|1|1|0.0045|0.0004|0.0000|-0.2224|0.0012||0.06|5|0.01|5
GME211203P00290000||||||33||||0|0|0|-1.0000|0.0000|-0.0079|0.0009|0.0000||120.85|17|116.90|29
GME211203C00300000|0.06|0.06|0.01|0.07|0.01|34|-0.06|-0.8571|-116|2079|1|71|0.0015|0.0002|0.0000|-0.0760|0.0004||0.03|2|0.01|15
GME211203P00300000||||111.10|111.10|34|0.00|0.0000|0|2|0|0|-0.9969|0.0003|-0.0164|-0.0786|0.0012||130.85|17|126.90|15
GME211203C00310000|0.04|0.05|0.01|0.08|0.05|35|-0.03|-0.3750|-1|343|2|32|0.0001|0.0000|0.0000|-0.0056|0.0000||0.06|5|0.01|9
GME211203P00310000||||71.90|71.90|35|0.00|0.0000|0|4|0|0|-0.8956|0.0026|-0.3153|-0.1609|0.1011||140.85|17|136.90|15
GME211203C00320000|0.04|0.04|0.02|0.04|0.02|36|-0.02|-0.5000|-1|388|2|3|0.0000|0.0000|0.0000|-0.0007|0.0000||0.02|1|0.01|1
GME211203P00320000||||||36||||0|0|0|-1.0000|0.0000|-0.0175|0.0010|0.0000||150.85|17|146.90|15
GME211203C00330000||||0.06|0.06|37|0.00|0.0000|2|350|0|0|0.0051|0.0004|0.0000|-0.3094|0.0013||0.07|3|0.00|0
GME211203P00330000||||127.27|127.27|37|0.00|0.0000|-2|0|0|0|-1.0000|0.0000|-0.0090|0.0006|0.0000||160.85|17|156.90|29
GME211203C00340000|0.01|0.01|0.01|0.06|0.01|38|-0.05|-0.8333|4|139|1|1|0.0014|0.0001|0.0000|-0.0839|0.0004||0.04|2|0.01|1
GME211203P00340000||||134.20|134.20|38|0.00|0.0000|0|1|0|0|-0.9996|0.0000|-0.0186|-0.0109|0.0002||170.85|17|166.90|15
GME211203C00350000|0.01|0.03|0.01|0.04|0.01|39|-0.03|-0.7500|-10|1227|4|92|0.0011|0.0001|0.0000|-0.0691|0.0003||0.04|1|0.00|0
GME211203P00350000||||136.35|136.35|39|0.00|0.0000|-1|2|0|0|-1.0000|0.0000|-0.0096|0.0010|0.0000||180.85|17|176.90|29
GME211203C00360000|0.01|0.02|0.01|0.09|0.02|40|-0.07|-0.7778|0|159|1|2|0.0011|0.0001|0.0000|-0.0767|0.0003||0.03|4|0.00|0
GME211203P00360000||||||40||||0|0|0|-1.0000|0.0000|-0.0099|0.0011|0.0000||190.80|17|186.90|29
GME211203C00370000||||0.02|0.02|41|0.00|0.0000|-1|87|0|0|0.0020|0.0001|0.0000|-0.1381|0.0006||0.02|1|0.00|0
GME211203P00370000||||136.05|136.05|41|0.00|0.0000|0|1|0|0|-1.0000|0.0000|-0.0101|0.0011|0.0000||200.80|17|196.90|29
GME211203C00380000||||0.04|0.04|42|0.00|0.0000|-1|100|0|0|0.0000|0.0000|0.0000|-0.0008|0.0000||0.06|5|0.01|4
GME211203P00380000||||170.35|170.35|42|0.00|0.0000|0|0|0|0|-1.0000|0.0000|-0.0104|0.0008|0.0000||210.80|17|206.90|28
GME211203C00390000|0.04|0.04|0.04|0.02|0.04|43|0.02|1.0000|-2|89|1|1|0.6709|0.0012|0.0363|-1.4270|0.2019||0.05|14|0.00|0
GME211203P00390000|216.55|216.55|216.55|216.55|216.55|43|0.00|0.0000|0|0|1|1|-1.0000|0.0000|-0.0107|0.0012|0.0000||220.80|18|216.90|44
GME211203C00400000|0.01|0.01|0.01|0.02|0.01|44|-0.01|-0.5000|-4|2445|1|17|0.0242|0.0009|0.0001|-1.9094|0.0051||0.02|100|0.00|0
GME211203P00400000||||215.38|215.38|44|0.00|0.0000|0|0|0|0|-0.6955|0.0023|-0.3929|-0.6808|0.1954||230.80|17|226.90|28
GME211203C00410000||||0.03|0.03|45|0.00|0.0000|3|1058|0|0|0.6747|0.0011|0.0355|-1.4599|0.2010||0.01|8|0.00|0
GME211203P00410000||||||45||||0|0|0|-1.0000|0.0000|-0.4380|0.0013|0.0000||240.80|17|236.90|29
GME211203C00420000|0.01|0.01|0.01|0.01|0.01|46|0.00|0.0000|3|234|2|2|0.0010|0.0001|0.0000|-0.0785|0.0003||0.01|1|0.00|0
GME211203P00420000||||||46||||0|0|0|-1.0000|0.0000|-0.0115|0.0013|0.0000||250.80|17|246.90|28
GME211203C00430000||||0.03|0.03|47|0.00|0.0000|0|70|0|0|0.0024|0.0001|0.0000|-0.1953|0.0007||0.02|100|0.00|0
GME211203P00430000||||||47||||0|0|0|-1.0000|0.0000|-0.0118|0.0013|0.0000||260.80|5|256.90|27
GME211203C00440000||||0.08|0.08|48|0.00|0.0000|1|71|0|0|0.0063|0.0003|0.0000|-0.5382|0.0016||0.02|100|0.00|0
GME211203P00440000||||||48||||0|0|0|-1.0000|0.0000|-0.0121|0.0014|0.0000||271.95|12|266.90|27
GME211203C00450000|0.01|0.01|0.01|0.01|0.01|49|0.00|0.0000|4|487|2|4|0.6560|0.0012|0.0354|-1.4911|0.2055||0.01|100|0.00|0
GME211203P00450000||||||49||||0|0|0|-1.0000|0.0000|-0.0123|0.0014|0.0000||281.95|12|276.90|27
GME211203C00460000||||0.01|0.01|50|0.00|0.0000|4|63|0|0|0.0009|0.0001|0.0000|-0.0787|0.0003||0.01|100|0.00|0
GME211203P00460000||||||50||||0|0|0|-1.0000|0.0000|-0.0126|0.0014|0.0000||291.95|12|286.90|27
GME211203C00470000||||0.01|0.01|51|0.00|0.0000|9|200|0|0|0.0009|0.0001|0.0000|-0.0769|0.0003||0.01|100|0.00|0
GME211203P00470000||||||51||||0|0|0|-1.0000|0.0000|-0.0258|0.0014|0.0000||301.65|12|296.90|27
GME211203C00480000||||0.06|0.06|52|0.00|0.0000|0|91|0|0|0.0039|0.0002|0.0000|-0.3566|0.0010||0.01|100|0.00|0
GME211203P00480000||||||52||||0|0|0|-1.0000|0.0000|-0.0132|0.0015|0.0000||312.30|12|306.90|27
GME211203C00490000|0.01|0.01|0.01|0.06|0.01|53|-0.05|-0.8333|0|250|1|10|0.6805|0.0010|0.0333|-1.5610|0.1995||0.01|100|0.00|0
GME211203P00490000||||||53||||0|0|0|-1.0000|0.0000|-0.0134|0.0015|0.0000||322.30|12|316.90|27
GME211203C00500000|0.01|0.02|0.01|0.03|0.02|54|-0.01|-0.3333|9|1379|20|37|0.0014|0.0001|0.0000|-0.1327|0.0004||0.02|300|0.00|0
GME211203P00500000||||||54||||0|0|0|-1.0000|0.0000|-0.0274|0.0015|0.0000||332.30|12|326.90|27
GME211203C00510000|0.01|0.01|0.01|0.02|0.01|55|-0.01|-0.5000|121|5819|20|82|0.0022|0.0001|0.0000|-0.2166|0.0006||0.01|94|0.00|0
GME211203P00510000||||||55||||0|0|0|-1.0000|0.0000|-0.0140|0.0016|0.0000||342.30|12|336.90|27
GME211210C00100000||||86.01|86.01|11|0.00|0.0000|0|1|0|0|0.8519|0.0011|0.0558|-0.5099|0.1402||73.50|10|69.75|13
GME211210P00100000|0.55|0.90|0.50|0.48|0.90|11|0.42|0.8750|29|239|2|97|-0.0238|0.0011|-0.0010|-0.1745|0.0142||0.98|37|0.60|45
GME211210C00110000||||76.13|76.13|10|0.00|0.0000|0|2|0|0|0.8340|0.0020|0.0144|-1.9239|0.0630||63.90|10|60.00|12
GME211210P00110000|0.58|0.99|0.54|0.60|0.98|10|0.38|0.6333|9|215|10|85|-0.0342|0.0017|-0.0014|-0.2103|0.0192||1.19|35|0.87|1
GME211210C00120000|56.97|56.97|56.97|76.03|56.97|9|-19.06|-0.2507|0|1|1|1|0.8528|0.0032|0.0193|-1.0354|0.0582||54.15|12|50.45|17
GME211210P00120000|0.97|1.27|0.75|1.00|1.27|9|0.27|0.2700|167|263|10|469|-0.0620|0.0029|-0.0026|-0.3170|0.0307||1.61|55|1.15|1
GME211210C00130000||||||8||||0|0|0|1.0000|0.0000|0.0285|-0.0004|0.0000||44.95|13|40.35|27
GME211210P00130000|1.50|2.13|1.28|1.45|1.95|8|0.50|0.3448|0|431|1|469|-0.1023|0.0044|-0.0048|-0.4016|0.0478||2.25|23|1.60|1
GME211210C00140000|36.10|36.10|36.10|56.44|36.10|7|-20.34|-0.3604|0|29|2|4|0.7430|0.0040|0.0175|-1.6199|0.0813||36.10|40|32.55|20
GME211210P00140000|1.89|3.35|1.89|2.18|3.10|7|0.92|0.4220|142|441|4|60|-0.1428|0.0064|-0.0060|-0.4961|0.0570||3.40|11|2.89|53
GME211210C00145000|30.25|30.25|30.25|30.25|30.25|6|0.00|0.0000||0|1|1|0.7972|0.0072|0.0231|-0.6876|0.0714||31.60|39|28.45|25
GME211210P00145000|2.92|4.05|2.92|2.80|3.89|6|1.09|0.3893||15|1|33|-0.1800|0.0077|-0.0075|-0.5626|0.0664||4.40|12|3.40|80
GME211210C00150000|30.00|31.00|25.20|34.20|25.20|5|-9.00|-0.2632|1|20|2|6|0.7921|0.0094|0.0242|-0.5483|0.0724||27.85|55|24.65|39
GME211210P00150000|3.30|5.50|3.30|3.50|5.00|5|1.50|0.4286|240|460|1|348|-0.2223|0.0090|-0.0094|-0.6184|0.0753||5.75|14|4.95|46
GME211210C00155000|25.10|25.10|23.00|58.70|23.00|4|-35.70|-0.6082|0|45|1|2|0.6811|0.0033|0.0147|-2.4293|0.0903||24.25|66|21.10|47
GME211210P00155000|4.27|6.60|4.27|4.65|6.60|4|1.95|0.4194|49|244|1|26|-0.2753|0.0101|-0.0117|-0.6914|0.0844||7.25|32|6.10|113
GME211210C00160000|25.52|25.52|21.60|29.75|21.60|3|-8.15|-0.2739|0|204|1|13|0.6510|0.0088|0.0195|-0.9736|0.0936||20.90|79|17.85|56
GME211210P00160000|5.47|8.90|5.47|5.80|8.36|3|2.56|0.4414|55|441|1|71|-0.3344|0.0113|-0.0142|-0.7350|0.0919||8.90|11|7.70|105
GME211210C00165000|21.90|21.90|18.92|21.75|18.92|2|-2.83|-0.1301|1|3|3|5|0.6158|0.0139|0.0200|-0.6574|0.0966||18.00|41|14.90|34
GME211210P00165000|7.22|11.00|7.22|7.35|10.85|2|3.50|0.4762|42|362|9|123|-0.3812|0.0049|-0.1163|-0.3189|0.2311||10.95|16|9.65|148
GME211210C00170000|17.07|17.07|12.81|20.20|13.90|1|-6.30|-0.3119|5|21|7|46|0.5928|0.0051|0.0890|-0.3233|0.2353||14.55|53|12.75|28
GME211210P00170000|8.15|13.20|8.15|9.07|12.97|1|3.90|0.4300|81|441|1|149|-0.4532|0.0125|-0.0196|-0.7840|0.1002||13.40|26|12.30|64
GME211210C00175000|17.95|17.95|11.00|17.18|11.55|1|-5.63|-0.3277|48|73|1|57|0.4843|0.0126|0.0158|-0.7870|0.1008||12.10|64|10.75|7
GME211210P00175000|10.83|15.99|9.85|10.95|15.15|1|4.20|0.3836|104|522|1|96|-0.5174|0.0129|-0.0226|-0.7717|0.1008||16.40|13|14.40|88
GME211210C00177500|11.55|11.60|10.30|15.85|11.20|2|-4.65|-0.2934||27|25|87|0.4537|0.0126|0.0148|-0.7821|0.1002||11.00|68|9.50|31
GME211210P00177500|10.66|17.25|10.66|12.55|17.25|2|4.70|0.3745||234|11|27|-0.4449|0.0052|-0.1391|-0.3286|0.2396||17.75|8|16.05|55
GME211210C00180000|15.00|16.00|8.78|14.20|9.30|3|-4.90|-0.3451|227|306|1|109|0.4150|0.0127|0.0137|-0.7459|0.0984||9.60|28|8.80|1
GME211210P00180000|13.51|18.71|11.89|13.30|18.25|3|4.95|0.3722|99|705|1|29|-0.5798|0.0127|-0.0256|-0.7521|0.0988||19.35|23|17.20|81
GME211210C00182500|11.05|11.05|8.65|13.40|8.65|4|-4.75|-0.3545||66|1|31|0.3946|0.0122|0.0130|-0.7584|0.0973||9.00|61|8.10|1
GME211210P00182500|13.50|20.00|13.50|15.15|20.00|4|4.85|0.3201||205|2|4|-0.6029|0.0121|-0.0269|-0.7702|0.0975||21.30|18|18.60|58
GME211210C00185000|12.65|12.65|7.20|12.66|7.80|5|-4.86|-0.3839|24|132|1|50|0.5204|0.0051|0.0801|-0.3360|0.2416||8.50|75|7.25|34
GME211210P00185000|15.65|21.31|13.50|16.25|21.00|5|4.75|0.2923|98|456|2|14|-0.6390|0.0120|-0.0286|-0.7312|0.0945||23.35|38|20.30|79
GME211210C00187500|11.40|11.40|6.76|11.44|7.17|6|-4.27|-0.3733|45|64|1|10|0.3423|0.0115|0.0114|-0.7331|0.0929||7.75|76|6.55|62
GME211210P00187500|23.89|23.89|23.89|17.83|23.89|6|6.06|0.3399|129|256|1|1|-0.6641|0.0116|-0.0299|-0.7183|0.0920||24.85|15|22.10|65
GME211210C00190000|11.00|11.00|6.05|10.60|6.47|7|-4.13|-0.3896|103|199|1|124|0.3188|0.0111|0.0106|-0.7188|0.0903||6.65|20|6.00|40
GME211210P00190000|19.20|26.50|18.05|19.55|23.47|7|3.92|0.2005|70|498|3|44|-0.6824|0.0111|-0.0311|-0.7136|0.0901||26.40|5|23.95|92
GME211210C00192500|10.00|10.00|5.75|10.00|5.75|8|-4.25|-0.4250|23|88|1|7|0.4888|0.0051|0.0757|-0.3421|0.2418||6.50|74|5.45|16
GME211210P00192500|20.34|20.34|20.34|21.35|20.34|8|-1.01|-0.0473|32|118|1|1|-0.5132|0.0051|-0.1669|-0.3378|0.2417||28.85|15|26.00|27
GME211210C00195000|8.25|9.15|5.15|8.91|5.35|9|-3.56|-0.3996|116|250|1|34|0.2724|0.0103|0.0091|-0.6712|0.0840||5.90|74|5.00|8
GME211210P00195000|22.27|30.00|22.27|22.88|29.20|9|6.32|0.2762|95|285|5|9|-0.7279|0.0103|-0.0336|-0.6698|0.0839||30.90|17|27.60|75
GME211210C00197500|7.69|7.69|4.85|8.26|5.10|10|-3.16|-0.3826|60|106|1|23|0.2496|0.0097|0.0084|-0.6465|0.0801||5.40|72|4.55|42
GME211210P00197500|24.10|24.10|24.10|24.48|24.10|10|-0.38|-0.0155|15|119|1|1|-0.7551|0.0098|-0.0351|-0.6287|0.0793||33.15|24|29.95|33
GME211210C00200000|7.56|7.56|4.25|7.25|4.38|11|-2.87|-0.3959|140|774|5|217|0.2232|0.0094|0.0075|-0.5954|0.0753||4.70|22|4.15|20
GME211210P00200000|24.90|33.83|24.90|26.33|30.70|11|4.37|0.1660|21|680|1|5|-0.7701|0.0094|-0.0361|-0.6131|0.0768||35.00|13|32.00|62
GME211210C00202500|6.70|6.70|4.11|8.00|4.20|12|-3.80|-0.4750|10|77|1|8|0.2365|0.0087|0.0079|-0.6829|0.0780||4.60|69|3.85|33
GME211210P00202500|32.05|34.10|32.05|27.95|33.56|12|5.61|0.2007|0|48|12|16|-0.7933|0.0089|-0.0374|-0.5690|0.0722||37.20|13|34.40|31
GME211210C00205000|6.00|6.00|3.85|5.85|3.85|13|-2.00|-0.3419|10|169|1|20|0.1862|0.0085|0.0063|-0.5305|0.0678||4.05|27|3.70|1
GME211210P00205000|31.96|38.30|31.96|30.85|38.30|13|7.45|0.2415|-1|176|1|2|-0.7719|0.0083|-0.0420|-0.6139|0.0811||39.70|33|36.20|61
GME211210C00207500|3.99|3.99|3.62|5.72|3.62|14|-2.10|-0.3671|10|78|1|11|0.1794|0.0080|0.0061|-0.5369|0.0662||4.05|83|3.20|67
GME211210P00207500||||31.10|31.10|14|0.00|0.0000|2|20|0|0|-0.8427|0.0079|-0.0401|-0.4562|0.0608||42.05|24|38.70|17
GME211210C00210000|5.15|5.30|3.20|5.15|3.20|15|-1.95|-0.3786|27|336|5|126|0.1626|0.0075|0.0055|-0.5027|0.0622||3.65|55|3.05|43
GME211210P00210000|33.23|42.30|31.95|34.54|42.30|15|7.76|0.2247|7|112|2|5|-0.8237|0.0076|-0.0401|-0.5542|0.0655||44.30|20|40.40|21
GME211210C00212500|3.50|3.50|3.25|5.00|3.25|16|-1.75|-0.3500|-3|80|1|17|0.1561|0.0071|0.0053|-0.5035|0.0605||3.40|43|2.79|47
GME211210P00212500||||37.87|37.87|16|0.00|0.0000|-1|37|0|0|-0.8094|0.0072|-0.0402|-0.6425|0.0688||46.40|20|42.70|29
GME211210C00215000|4.05|4.05|2.80|4.43|2.87|17|-1.56|-0.3521|1|166|1|15|0.1396|0.0067|0.0047|-0.4628|0.0562||3.05|21|2.72|8
GME211210P00215000|48.00|48.00|48.00|37.79|48.00|17|10.21|0.2702|-2|32|1|1|-0.8688|0.0066|-0.0426|-0.4298|0.0538||48.60|19|45.20|33
GME211210C00217500|3.25|3.25|2.85|4.50|2.85|18|-1.65|-0.3667|0|30|3|5|0.1389|0.0064|0.0047|-0.4815|0.0560||2.90|36|2.56|9
GME211210P00217500|49.60|49.60|49.60|42.15|49.60|18|7.45|0.1767|2|27|10|10|-0.8294|0.0065|-0.0420|-0.6136|0.0641||51.10|27|47.65|22
GME211210C00220000|3.70|3.70|2.50|3.90|2.50|19|-1.40|-0.3590|12|413|1|42|0.1199|0.0059|0.0041|-0.4263|0.0504||2.80|45|2.42|17
GME211210P00220000|45.07|51.65|45.07|42.22|51.65|19|9.43|0.2234|1|156|3|5|-0.8857|0.0058|-0.0443|-0.4008|0.0489||53.50|24|50.00|27
GME211210C00222500|2.35|2.39|2.35|3.65|2.39|20|-1.26|-0.3452|25|88|2|3|0.3812|0.0046|0.0604|-0.3434|0.2311||2.66|28|2.26|49
GME211210P00222500|42.95|42.95|42.95|46.97|42.95|20|-4.02|-0.0856|-7|38|1|1|-0.8377|0.0060|-0.0434|-0.6268|0.0621||55.80|18|52.05|32
GME211210C00225000|3.10|3.10|2.28|3.45|2.28|21|-1.17|-0.3391|14|348|1|20|0.1071|0.0053|0.0036|-0.4038|0.0466||2.46|27|2.18|8
GME211210P00225000|51.00|58.60|51.00|47.35|55.65|21|8.30|0.1753|1|462|2|15|-0.8852|0.0054|-0.0454|-0.4360|0.0490||58.30|28|54.55|49
GME211210C00227500|2.74|2.74|2.22|3.35|2.22|22|-1.13|-0.3373|1|24|1|2|0.1013|0.0050|0.0034|-0.3952|0.0447||2.46|61|2.01|39
GME211210P00227500||||34.06|34.06|22|0.00|0.0000|0|35|0|0|-0.9992|0.0002|-0.0498|-0.0020|0.0007||60.80|30|57.05|22
GME211210C00230000|2.73|2.75|1.99|3.09|2.00|23|-1.09|-0.3528|2|395|1|116|0.1107|0.0050|0.0042|-0.3998|0.0507||2.26|41|2.00|6
GME211210P00230000||||41.51|41.51|23|0.00|0.0000|0|38|0|0|-0.6950|0.0049|-0.2384|-0.2691|0.2124||63.25|20|59.00|38
GME211210C00232500|2.40|2.58|2.09|2.69|2.09|24|-0.60|-0.2230|3|33|1|5|0.1262|0.0050|0.0042|-0.5388|0.0524||2.19|34|1.81|38
GME211210P00232500||||56.09|56.09|24|0.00|0.0000|-5|6|0|0|-0.8645|0.0050|-0.0465|-0.5862|0.0549||65.60|13|61.50|36
GME211210C00235000|2.43|2.46|1.92|2.78|1.92|25|-0.86|-0.3094|-4|898|1|9|0.3597|0.0042|0.0564|-0.3588|0.2267||2.16|45|1.77|70
GME211210P00235000|61.85|67.00|61.85|58.42|67.00|25|8.58|0.1469|-1|35|2|3|-0.8675|0.0049|-0.0471|-0.5866|0.0542||67.95|14|64.00|49
GME211210C00237500||||2.69|2.69|26|0.00|0.0000|1|19|0|0|0.0814|0.0040|0.0028|-0.3522|0.0381||2.38|64|1.50|91
GME211210P00237500|64.40|64.40|64.40|48.03|64.40|26|16.37|0.3408|0|25|1|1|-0.9635|0.0027|-0.0508|-0.1491|0.0202||70.55|15|66.50|29
GME211210C00240000|2.31|2.47|1.61|2.92|1.70|27|-1.22|-0.4178|-13|317|1|26|0.0861|0.0040|0.0029|-0.3858|0.0397||1.96|44|1.64|18
GME211210P00240000||||58.15|58.15|27|0.00|0.0000|1|34|0|0|-0.9467|0.0032|-0.0508|-0.2295|0.0275||72.95|19|68.90|15
GME211210C00245000|2.10|2.10|1.46|2.20|1.46|28|-0.74|-0.3364|-6|166|1|7|0.0663|0.0034|0.0023|-0.3070|0.0326||1.84|48|1.50|61
GME211210P00245000||||50.19|50.19|28|0.00|0.0000|0|23|0|0|-0.9975|0.0004|-0.0536|-0.0096|0.0020||77.65|9|73.70|13
GME211210C00250000|1.90|2.02|1.45|2.01|1.55|29|-0.46|-0.2289|110|2300|1|66|0.0587|0.0030|0.0020|-0.2846|0.0296||1.66|21|1.40|12
GME211210P00250000||||60.35|60.35|29|0.00|0.0000|0|15|0|0|-0.9938|0.0007|-0.0546|-0.0269|0.0044||82.65|20|78.45|5
GME211210C00255000|1.55|1.55|1.44|2.02|1.50|30|-0.52|-0.2574|-4|61|1|3|0.0588|0.0029|0.0020|-0.2982|0.0297||1.56|29|1.23|29
GME211210P00255000||||40.40|40.40|30|0.00|0.0000|0|5|0|0|-0.9999|0.0000|-0.0559|0.0004|0.0001||87.65|13|83.45|11
GME211210C00260000|1.79|1.79|1.20|1.73|1.35|31|-0.38|-0.2197|38|974|1|18|0.0504|0.0025|0.0017|-0.2644|0.0262||1.48|40|1.16|28
GME211210P00260000||||69.85|69.85|31|0.00|0.0000|0|22|0|0|-0.9931|0.0007|-0.0567|-0.0330|0.0049||92.20|17|88.35|14
GME211210C00270000|1.31|1.31|1.15|1.60|1.15|32|-0.45|-0.2813|-27|193|1|32|0.0445|0.0022|0.0015|-0.2523|0.0237||1.39|44|0.96|64
GME211210P00270000||||75.18|75.18|32|0.00|0.0000|0|14|0|0|-0.9708|0.0017|-0.0582|-0.1613|0.0168||102.10|17|98.15|5
GME211210C00280000|1.00|1.15|1.00|1.40|1.10|33|-0.30|-0.2143|16|242|1|10|0.0389|0.0019|0.0013|-0.2347|0.0213||1.20|22|1.05|1
GME211210P00280000||||84.53|84.53|33|0.00|0.0000|0|1|0|0|-0.9774|0.0013|-0.0606|-0.1329|0.0136||112.10|16|107.90|14
GME211210C00290000|1.16|1.16|0.93|1.25|0.98|34|-0.27|-0.2160|21|171|3|6|0.0335|0.0016|0.0011|-0.2146|0.0188||1.13|30|0.83|19
GME211210P00290000||||82.25|82.25|34|0.00|0.0000|0|7|0|0|-0.9992|0.0001|-0.0635|-0.0039|0.0007||122.00|32|117.90|34
GME211210C00300000|1.20|1.20|0.80|1.11|0.95|35|-0.16|-0.1441|43|919|10|186|0.0298|0.0014|0.0010|-0.2009|0.0171||1.05|51|0.81|5
GME211210P00300000||||76.00|76.00|35|0.00|0.0000|0|14|0|0|-0.9999|0.0000|-0.0657|0.0005|0.0001||132.00|17|127.80|15
GME211210C00310000|0.84|0.84|0.76|0.95|0.79|36|-0.16|-0.1684|108|264|1|4|0.0251|0.0012|0.0008|-0.1780|0.0149||0.90|1|0.84|9
GME211210P00310000||||83.61|83.61|36|0.00|0.0000|0|4|0|0|-0.9999|0.0000|-0.0679|0.0001|0.0001||142.00|6|137.70|8
GME211210C00320000||||0.93|0.93|37|0.00|0.0000|2|276|0|0|0.0241|0.0011|0.0008|-0.1787|0.0143||0.98|50|0.73|1
GME211210P00320000||||89.47|89.47|37|0.00|0.0000|0|3|0|0|-0.9543|0.0017|-0.3946|-0.0592|0.0582||151.90|5|147.65|7
GME211210C00330000||||0.72|0.72|38|0.00|0.0000|-17|246|0|0|0.0257|0.0011|0.0010|-0.1779|0.0161||0.85|27|0.73|1
GME211210P00330000||||||38||||0|0|0|-1.0000|0.0000|-0.0723|0.0011|0.0000||161.80|6|157.60|7
GME211210C00340000|0.75|0.75|0.66|0.75|0.75|39|0.00|0.0000|-1|87|5|27|0.0261|0.0011|0.0010|-0.1884|0.0163||0.85|67|0.70|5
GME211210P00340000||||||39||||0|0|0|-1.0000|0.0000|-0.0745|0.0011|0.0000||171.80|5|167.60|8
GME211210C00350000|0.49|0.78|0.49|0.69|0.68|40|-0.01|-0.0145|49|437|7|75|0.0359|0.0013|0.0012|-0.3051|0.0200||0.69|1|0.67|9
GME211210P00350000||||||40||||0|0|0|-1.0000|0.0000|-0.0767|0.0011|0.0000||181.70|6|177.55|12
GME211210C00360000|0.55|0.62|0.55|0.61|0.62|41|0.01|0.0164|-2|85|1|3|0.0327|0.0012|0.0011|-0.2870|0.0185||0.68|19|0.46|30
GME211210P00360000||||||41||||0|0|0|-1.0000|0.0000|-0.4536|0.0012|0.0000||191.45|12|187.55|6
GME211210C00370000|0.50|0.55|0.50|0.75|0.55|42|-0.20|-0.2667|0|21|5|8|0.0176|0.0007|0.0006|-0.1573|0.0109||0.68|63|0.41|39
GME211210P00370000||||||42||||0|0|0|-1.0000|0.0000|-0.0811|0.0012|0.0000||201.40|12|197.55|12
GME211210C00380000|0.54|0.54|0.54|0.54|0.54|43|0.00|0.0000|-1|50|1|1|0.0127|0.0006|0.0004|-0.1163|0.0083||0.68|63|0.36|53
GME211210P00380000||||||43||||0|0|0|-1.0000|0.0000|-0.0833|0.0012|0.0000||211.40|4|207.55|12
GME211210C00390000|0.40|0.58|0.40|0.49|0.52|44|0.03|0.0612|5|52|8|15|0.0116|0.0005|0.0004|-0.1092|0.0076||0.65|54|0.34|42
GME211210P00390000||||||44||||0|0|0|-1.0000|0.0000|-0.4914|0.0013|0.0000||221.35|5|217.55|8
GME211210C00400000|0.40|0.70|0.37|0.45|0.49|45|0.04|0.0889|-6|420|2|147|0.0105|0.0005|0.0004|-0.1018|0.0070||0.49|10|0.45|1
GME211210P00400000||||||45||||0|0|0|-1.0000|0.0000|-0.0877|0.0013|0.0000||231.40|12|227.00|52
GME211210C00410000|0.34|0.50|0.34|0.44|0.46|46|0.02|0.0455|7|59|1|4|0.0101|0.0005|0.0003|-0.1009|0.0068||0.49|24|0.31|20
GME211210P00410000||||||46||||0|0|0|-1.0000|0.0000|-0.1011|0.0013|0.0000||241.35|12|237.00|55
GME211210C00420000|0.31|0.55|0.31|0.40|0.55|47|0.15|0.3750|2|171|1|3|0.0091|0.0004|0.0003|-0.0930|0.0062||0.49|42|0.31|9
GME211210P00420000||||||47||||0|0|0|-1.0000|0.0000|-0.0921|0.0014|0.0000||251.35|12|247.00|54
GME211210C00430000|0.41|0.41|0.41|0.40|0.41|48|0.01|0.0250|262|304|1|1|0.0090|0.0004|0.0003|-0.0939|0.0061||0.49|24|0.26|15
GME211210P00430000||||||48||||0|0|0|-1.0000|0.0000|-0.5418|0.0014|0.0000||263.05|8|257.00|15
GME211210C00440000|0.23|0.45|0.23|0.36|0.45|49|0.09|0.2500|34|67|1|2|0.0079|0.0003|0.0003|-0.0843|0.0055||0.49|25|0.26|16
GME211210P00440000||||||49||||0|0|0|-1.0000|0.0000|-0.0964|0.0014|0.0000||271.60|12|267.00|31
GME211210C00450000|0.38|0.38|0.38|0.37|0.38|50|0.01|0.0270|190|288|1|1|0.0190|0.0006|0.0006|-0.2093|0.0117||0.36|2|0.25|19
GME211210P00450000||||||50||||0|0|0|-1.0000|0.0000|-0.0986|0.0015|0.0000||281.35|12|277.00|30
GME211210C00460000|0.33|0.41|0.32|0.27|0.37|51|0.10|0.3704|0|18|1|14|0.0094|0.0004|0.0003|-0.0931|0.0068||0.36|1|0.25|12
GME211210P00460000||||||51||||0|0|0|-1.0000|0.0000|-0.1008|0.0015|0.0000||291.50|12|287.00|40
GME211210C00470000|0.39|0.39|0.39|0.22|0.39|52|0.17|0.7727|7|22|1|1|0.0078|0.0003|0.0003|-0.0787|0.0057||0.46|22|0.26|7
GME211210P00470000||||||52||||0|0|0|-1.0000|0.0000|-0.5922|0.0015|0.0000||301.35|5|297.00|41
GME211210C00480000|0.26|0.36|0.26|0.25|0.26|53|0.01|0.0400|1|33|2|4|0.0054|0.0002|0.0002|-0.0621|0.0039||0.46|38|0.27|4
GME211210P00480000||||||53||||0|0|0|-1.0000|0.0000|-0.1052|0.0016|0.0000||311.40|4|307.00|35
GME211210C00490000|0.47|0.47|0.47|0.24|0.47|54|0.23|0.9583|2|93|2|2|0.0082|0.0003|0.0003|-0.0865|0.0060||0.46|32|0.28|2
GME211210P00490000||||||54||||0|0|0|-1.0000|0.0000|-0.1074|0.0016|0.0000||321.35|4|317.00|35
GME211210C00500000|0.33|0.40|0.22|0.26|0.36|55|0.10|0.3846|-6|850|1|278|0.0169|0.0005|0.0005|-0.2050|0.0106||0.30|1|0.28|2
GME211210P00500000||||||55||||0|0|0|-1.0000|0.0000|-0.1096|0.0016|0.0000||331.30|12|327.00|40
GME211210C00510000|0.27|0.43|0.18|0.18|0.28|56|0.10|0.5556|1|2026|1|196|0.0037|0.0002|0.0001|-0.0455|0.0028||0.29|10|0.25|1
GME211210P00510000||||||56||||0|0|0|-1.0000|0.0000|-0.1118|0.0017|0.0000||341.25|4|337.00|25
GME211217C00080000||||94.56|94.56|18|0.00|0.0000|1|2|0|0|0.9305|0.0012|0.0278|-0.4699|0.0477||93.35|10|89.65|12
GME211217P00080000|0.50|0.50|0.50|0.35|0.50|18|0.15|0.4286|1|350|5|5|-0.0777|0.0012|-0.0278|-0.1668|0.0946||0.76|74|0.40|87
GME211217C00085000||||95.85|95.85|17|0.00|0.0000|0|1|0|0|0.9621|0.0011|0.0338|-0.1983|0.0295||88.45|10|83.50|7
GME211217P00085000|0.50|0.58|0.40|0.43|0.58|17|0.15|0.3488|-1|121|1|8|-0.0192|0.0007|-0.0016|-0.0986|0.0162||0.92|70|0.28|147
GME211217C00090000||||137.00|137.00|16|0.00|0.0000|0|4|0|0|0.8971|0.0006|0.0113|-1.7507|0.0641||83.65|10|79.80|12
GME211217P00090000|0.62|0.62|0.62|0.53|0.62|16|0.09|0.1698|2|68|8|8|-0.0229|0.0009|-0.0018|-0.1087|0.0188||1.01|67|0.58|42
GME211217C00100000||||79.69|79.69|15|0.00|0.0000|1|50|0|0|0.9978|0.0002|0.0409|-0.0080|0.0024||73.80|10|70.00|12
GME211217P00100000|0.71|1.16|0.68|0.76|1.16|15|0.40|0.5263|-205|664|1|230|-0.0025|0.0002|-0.0002|-0.0089|0.0027||1.09|1|0.97|4
GME211217C00105000||||66.05|66.05|14|0.00|0.0000|0|1|0|0|0.9955|0.0004|0.0428|-0.0147|0.0045||69.00|10|65.20|12
GME211217P00105000|1.00|1.00|0.85|0.86|0.95|14|0.09|0.1047|51|140|1|7|-0.0046|0.0004|-0.0003|-0.0147|0.0046||1.82|116|0.80|154
GME211217C00110000||||73.25|73.25|13|0.00|0.0000|0|1|0|0|0.9932|0.0006|0.0447|-0.0204|0.0066||64.25|12|60.45|12
GME211217P00110000|0.35|1.16|0.35|1.02|1.16|13|0.14|0.1373|-21|354|1|2|-0.0097|0.0008|-0.0008|-0.0273|0.0093||1.50|13|0.51|297
GME211217C00115000||||112.11|112.11|12|0.00|0.0000|0|2|0|0|0.9889|0.0009|0.0464|-0.0302|0.0101||59.55|10|55.75|13
GME211217P00115000|1.17|1.45|1.15|1.21|1.45|12|0.24|0.1983|14|162|5|7|-0.0145|0.0011|-0.0011|-0.0394|0.0127||1.88|21|1.07|122
GME211217C00120000||||64.15|64.15|11|0.00|0.0000|0|51|0|0|0.8893|0.0033|0.1416|-0.1021|0.1229||54.90|8|51.15|13
GME211217P00120000|1.56|1.81|1.56|1.39|1.81|11|0.42|0.3022|5|158|1|3|-0.0232|0.0017|-0.0018|-0.0581|0.0190||2.20|20|1.00|221
GME211217C00125000||||79.68|79.68|10|0.00|0.0000|0|35|0|0|0.8624|0.0038|0.1405|-0.1204|0.1432||50.25|12|46.55|12
GME211217P00125000|2.35|2.35|1.80|1.88|2.15|10|0.27|0.1436|2|207|2|5|-0.0430|0.0028|-0.0035|-0.0940|0.0327||2.71|20|1.68|149
GME211217C00130000||||55.70|55.70|9|0.00|0.0000|0|10|0|0|0.9475|0.0035|0.0494|-0.1091|0.0371||45.80|20|42.20|4
GME211217P00130000|2.09|3.05|2.05|2.21|3.05|9|0.84|0.3801|11|206|4|24|-0.0583|0.0037|-0.0044|-0.1226|0.0403||3.05|11|2.50|1
GME211217C00135000||||90.47|90.47|8|0.00|0.0000|0|3|0|0|0.9199|0.0049|0.0494|-0.1519|0.0515||41.40|20|37.95|13
GME211217P00135000|3.25|3.25|3.25|2.72|3.25|8|0.53|0.1949|9|149|1|1|-0.0841|0.0049|-0.0064|-0.1607|0.0535||3.95|42|3.05|116
GME211217C00140000|39.35|39.35|34.60|44.07|34.60|7|-9.47|-0.2149|2|148|1|2|0.8880|0.0063|0.0489|-0.1916|0.0660||37.35|58|34.05|11
GME211217P00140000|3.32|4.43|3.32|3.50|4.43|7|0.93|0.2657|264|813|10|18|-0.1254|0.0064|-0.0103|-0.2076|0.0738||4.95|43|4.05|118
GME211217C00145000||||96.94|96.94|6|0.00|0.0000|0|57|0|0|0.8409|0.0080|0.0473|-0.2451|0.0837||33.60|72|30.15|32
GME211217P00145000|5.49|5.49|5.49|4.02|5.49|6|1.47|0.3657|23|234|1|1|-0.1666|0.0079|-0.0129|-0.2617|0.0863||6.30|67|4.80|207
GME211217C00150000|32.04|32.04|29.50|35.91|29.50|5|-6.41|-0.1785|0|71|1|8|0.7889|0.0095|0.0452|-0.2943|0.0999||29.85|70|26.60|55
GME211217P00150000|4.30|7.05|4.15|5.05|6.86|5|1.81|0.3584|223|1842|2|65|-0.2124|0.0092|-0.0166|-0.3035|0.1005||7.60|10|6.65|102
GME211217C00155000|28.00|28.00|24.50|30.10|24.50|4|-5.60|-0.1860|1|12|1|2|0.7370|0.0107|0.0431|-0.3308|0.1130||26.50|64|23.25|55
GME211217P00155000|5.75|9.20|5.75|6.54|9.20|4|2.66|0.4067|0|308|15|146|-0.2713|0.0103|-0.0229|-0.3331|0.1185||9.60|19|8.20|135
GME211217C00160000|26.47|26.47|21.66|29.27|21.93|3|-7.34|-0.2508|-1|96|1|3|0.6764|0.0119|0.0402|-0.3616|0.1244||23.40|76|20.40|37
GME211217P00160000|7.30|11.05|7.30|7.75|10.81|3|3.06|0.3948|390|1040|1|56|-0.3298|0.0112|-0.0281|-0.3641|0.1295||11.50|17|10.25|104
GME211217C00165000||||24.60|24.60|2|0.00|0.0000|0|82|0|0|0.6110|0.0125|0.0367|-0.3916|0.1327||20.60|77|17.70|49
GME211217P00165000|8.93|11.70|8.93|9.77|11.70|2|1.93|0.1975|3|310|5|6|-0.3900|0.0122|-0.0313|-0.4017|0.1328||13.80|11|11.45|161
GME211217C00170000|19.90|19.90|16.00|23.22|16.58|1|-6.64|-0.2860|0|117|1|20|0.5732|0.0067|0.1080|-0.2160|0.2552||18.05|80|15.05|103
GME211217P00170000|11.88|16.20|11.70|11.75|15.50|1|3.75|0.3191|-17|1066|1|20|-0.4530|0.0124|-0.0368|-0.4200|0.1372||16.45|25|15.25|60
GME211217C00175000|17.40|17.40|14.05|20.50|14.45|1|-6.05|-0.2951|-5|183|2|35|0.4820|0.0130|0.0295|-0.4090|0.1380||15.50|98|13.50|26
GME211217P00175000|13.36|19.20|13.36|14.33|18.74|1|4.41|0.3077|17|720|40|269|-0.5152|0.0126|-0.0423|-0.4213|0.1380||19.15|14|17.50|128
GME211217C00180000|14.00|14.45|11.96|17.98|13.00|2|-4.98|-0.2770|-23|442|1|12|0.4208|0.0127|0.0260|-0.4029|0.1354||13.85|148|11.50|50
GME211217P00180000|15.88|22.00|15.88|17.10|20.05|2|2.95|0.1725|12|1074|10|32|-0.5710|0.0120|-0.0508|-0.4006|0.1404||22.55|18|19.70|138
GME211217C00185000|15.60|15.60|10.40|15.00|10.40|3|-4.60|-0.3067|2|270|2|7|0.3636|0.0121|0.0226|-0.3886|0.1300||12.20|131|10.00|15
GME211217P00185000|22.25|24.46|22.25|19.25|24.46|3|5.21|0.2706|-14|255|1|3|-0.6326|0.0119|-0.0532|-0.3969|0.1304||26.05|48|23.15|118
GME211217C00187500|14.08|14.08|14.08|15.87|14.08|4|-1.79|-0.1128|0|39|1|1|0.5154|0.0049|0.0905|-0.3035|0.2594||11.25|95|9.25|18
GME211217P00187500||||19.77|19.77|4|0.00|0.0000|1|116|0|0|-0.6260|0.0102|-0.0543|-0.4679|0.1312||28.00|59|24.85|78
GME211217C00190000|13.45|13.45|9.10|13.83|9.50|5|-4.33|-0.3131|15|254|1|25|0.3116|0.0113|0.0195|-0.3684|0.1224||9.95|96|8.80|1
GME211217P00190000|20.42|29.00|20.42|22.61|27.65|5|5.04|0.2229|-4|446|1|18|-0.6827|0.0111|-0.0583|-0.3797|0.1234||29.40|15|27.00|114
GME211217C00192500|11.38|11.95|8.61|12.50|8.80|6|-3.70|-0.2960|2|30|3|7|0.3445|0.0093|0.0209|-0.4861|0.1275||9.50|95|8.10|9
GME211217P00192500||||24.00|24.00|6|0.00|0.0000|-1|111|0|0|-0.6544|0.0093|-0.0582|-0.4885|0.1276||31.70|58|28.50|67
GME211217C00195000|11.07|11.07|7.75|11.09|8.19|7|-2.90|-0.2615|-1|147|1|50|0.2661|0.0104|0.0168|-0.3456|0.1136||8.70|76|7.55|29
GME211217P00195000|27.94|30.80|27.94|25.45|30.80|7|5.35|0.2102|50|473|9|76|-0.7283|0.0103|-0.0631|-0.3560|0.1148||33.80|50|30.70|83
GME211217C00197500|9.62|9.62|7.50|10.80|8.00|8|-2.80|-0.2593|3|41|2|14|0.3049|0.0088|0.0186|-0.4626|0.1212||8.35|88|7.00|8
GME211217P00197500|32.65|32.65|32.65|27.65|32.65|8|5.00|0.1808|0|93|1|1|-0.5396|0.0052|-0.2030|-0.2864|0.2583||35.75|53|32.30|95
GME211217C00200000|9.90|9.90|6.70|10.05|7.09|9|-2.96|-0.2945|902|2001|5|157|0.2272|0.0094|0.0144|-0.3222|0.1044||7.60|91|6.60|19
GME211217P00200000|32.40|34.56|32.40|29.20|34.56|9|5.36|0.1836|-2|1919|1|7|-0.7662|0.0093|-0.0675|-0.3344|0.1061||37.60|19|34.45|74
GME211217C00202500|7.85|7.85|7.50|9.79|7.50|10|-2.29|-0.2339|18|36|3|4|0.2766|0.0082|0.0169|-0.4555|0.1158||7.35|85|6.10|51
GME211217P00202500|34.54|34.54|34.54|30.45|34.54|10|4.09|0.1343|1|117|1|1|-0.7341|0.0084|-0.0669|-0.4291|0.1136||39.70|19|36.50|72
GME211217C00205000|9.80|9.80|6.20|8.75|6.47|11|-2.28|-0.2606|-4|53|3|21|0.2537|0.0080|0.0156|-0.4269|0.1109||7.25|108|5.75|55
GME211217P00205000|36.55|38.79|36.55|33.98|38.79|11|4.81|0.1416|0|165|1|3|-0.7222|0.0077|-0.0675|-0.4857|0.1161||41.80|19|38.60|72
GME211217C00207500||||8.90|8.90|12|0.00|0.0000|4|32|0|0|0.4245|0.0050|0.0775|-0.2918|0.2550||7.10|105|5.40|57
GME211217P00207500||||21.30|21.30|12|0.00|0.0000|0|181|0|0|-0.9941|0.0013|-0.0849|-0.0067|0.0058||44.10|19|40.75|75
GME211217C00210000|5.92|6.80|5.45|7.50|5.77|13|-1.73|-0.2307|-30|815|2|25|0.1568|0.0075|0.0100|-0.2565|0.0831||6.00|67|5.20|56
GME211217P00210000||||36.95|36.95|13|0.00|0.0000|-11|215|0|0|-0.8380|0.0075|-0.0760|-0.2662|0.0849||46.10|49|42.85|57
GME211217C00212500|5.95|6.20|5.95|6.50|6.20|14|-0.30|-0.0462|0|22|1|3|0.1984|0.0072|0.0123|-0.3607|0.0964||5.95|100|4.80|61
GME211217P00212500||||42.25|42.25|14|0.00|0.0000|0|59|0|0|-0.5467|0.0042|-0.2311|-0.3530|0.2578||48.35|19|45.05|57
GME211217C00215000|6.25|6.25|4.40|6.90|5.20|15|-1.70|-0.2464|4|97|1|12|0.2031|0.0068|0.0125|-0.3892|0.0978||5.60|78|4.70|12
GME211217P00215000||||42.25|42.25|15|0.00|0.0000|2|101|0|0|-0.5812|0.0045|-0.2375|-0.3164|0.2542||50.80|47|47.25|71
GME211217C00217500||||7.20|7.20|16|0.00|0.0000|1|39|0|0|0.2033|0.0065|0.0124|-0.4092|0.0977||5.60|160|4.40|45
GME211217P00217500||||47.80|47.80|16|0.00|0.0000|0|23|0|0|-0.5396|0.0039|-0.2396|-0.3850|0.2583||52.85|19|49.60|53
GME211217C00220000|5.35|5.49|4.20|6.50|4.69|17|-1.81|-0.2785|1|1903|2|14|0.1071|0.0057|0.0069|-0.1989|0.0639||5.30|159|4.20|74
GME211217P00220000||||46.55|46.55|17|0.00|0.0000|1|446|0|0|-0.8858|0.0058|-0.0831|-0.2132|0.0669||55.20|20|51.75|85
GME211217C00222500||||6.60|6.60|18|0.00|0.0000|2|69|0|0|0.1883|0.0061|0.0115|-0.4007|0.0934||5.05|130|4.00|61
GME211217P00222500||||49.15|49.15|18|0.00|0.0000|11|21|0|0|-0.7846|0.0060|-0.0785|-0.4730|0.1013||57.85|23|54.05|34
GME211217C00225000|4.75|4.75|4.30|5.80|4.35|19|-1.45|-0.2500|-7|98|1|5|0.1678|0.0058|0.0103|-0.3634|0.0867||4.80|104|4.00|15
GME211217P00225000||||49.64|49.64|19|0.00|0.0000|-1|30|0|0|-0.8226|0.0058|-0.0816|-0.3858|0.0900||60.20|14|56.15|24
GME211217C00227500||||5.60|5.60|20|0.00|0.0000|0|8|0|0|0.1635|0.0056|0.0101|-0.3631|0.0854||4.60|81|3.60|32
GME211217P00227500||||51.86|51.86|20|0.00|0.0000|0|60|0|0|-0.8198|0.0056|-0.0880|-0.3817|0.0939||62.25|21|58.65|22
GME211217C00230000|6.00|6.00|3.95|5.09|3.95|21|-1.14|-0.2240|11|442|1|35|0.0763|0.0043|0.0049|-0.1591|0.0497||4.35|115|3.45|85
GME211217P00230000||||54.21|54.21|21|0.00|0.0000|1|64|0|0|-0.9120|0.0046|-0.0948|-0.1735|0.0571||64.75|13|60.95|24
GME211217C00232500|4.35|4.35|4.35|4.45|4.35|22|-0.10|-0.0225|0|80|1|1|0.1349|0.0051|0.0084|-0.3100|0.0751||4.20|70|3.35|63
GME211217P00232500||||53.30|53.30|22|0.00|0.0000|0|19|0|0|-0.9090|0.0045|-0.0897|-0.1988|0.0567||67.25|13|63.30|18
GME211217C00235000|4.25|4.25|4.25|5.14|4.25|23|-0.89|-0.1732|0|74|1|1|0.1480|0.0050|0.0091|-0.3558|0.0800||4.20|140|3.25|48
GME211217P00235000||||54.70|54.70|23|0.00|0.0000|0|60|0|0|-0.7522|0.0050|-0.2911|-0.1871|0.2058||69.65|13|65.65|56
GME211217C00240000|3.80|3.80|3.21|4.35|3.39|24|-0.96|-0.2207|48|356|5|23|0.0499|0.0031|0.0032|-0.1148|0.0356||3.65|73|3.05|76
GME211217P00240000||||65.50|65.50|24|0.00|0.0000|0|54|0|0|-0.9435|0.0033|-0.0950|-0.1298|0.0393||74.35|13|70.50|39
GME211217C00245000|3.25|3.25|3.17|3.98|3.17|25|-0.81|-0.2035|143|230|1|2|0.3266|0.0041|0.0599|-0.2974|0.2347||3.40|64|3.00|7
GME211217P00245000||||71.40|71.40|25|0.00|0.0000|-2|47|0|0|-0.8067|0.0046|-0.0893|-0.5412|0.0949||79.30|14|75.25|51
GME211217C00250000|4.20|4.20|2.88|3.70|2.95|26|-0.75|-0.2027|-24|1145|5|65|0.0349|0.0023|0.0023|-0.0875|0.0267||3.30|90|2.84|6
GME211217P00250000||||73.53|73.53|26|0.00|0.0000|0|56|0|0|-0.9619|0.0024|-0.1003|-0.0949|0.0287||84.15|14|80.05|53
GME211217C00255000|2.84|2.85|2.84|3.60|2.85|27|-0.75|-0.2083|0|355|1|2|0.1040|0.0037|0.0064|-0.2941|0.0625||3.15|109|2.53|84
GME211217P00255000||||39.75|39.75|27|0.00|0.0000|0|5|0|0|-0.9999|0.0000|-0.1048|0.0005|0.0002||89.00|16|84.70|61
GME211217C00260000|2.55|2.55|2.55|3.40|2.55|28|-0.85|-0.2500|3|519|1|1|0.0235|0.0016|0.0015|-0.0637|0.0192||3.05|112|2.50|41
GME211217P00260000||||78.20|78.20|28|0.00|0.0000|0|21|0|0|-0.9740|0.0017|-0.1052|-0.0696|0.0209||93.80|14|89.70|48
GME211217C00270000|2.41|2.41|2.41|2.82|2.41|29|-0.41|-0.1454|34|575|1|1|0.0169|0.0012|0.0011|-0.0492|0.0145||2.65|31|2.18|78
GME211217P00270000||||65.35|65.35|29|0.00|0.0000|0|49|0|0|-0.9771|0.0015|-0.1168|-0.0620|0.0194||103.55|8|99.40|17
GME211217C00280000|2.50|2.50|2.32|2.63|2.32|30|-0.31|-0.1179|-3|2029|1|2|0.1472|0.0034|0.0302|-0.1471|0.1498||2.56|106|2.05|60
GME211217P00280000||||91.00|91.00|30|0.00|0.0000|0|10|0|0|-0.9864|0.0010|-0.1142|-0.0416|0.0121||113.55|9|109.15|13
GME211217C00290000|2.00|2.00|2.00|2.57|2.00|31|-0.57|-0.2218|1|523|1|1|0.1342|0.0031|0.0275|-0.1410|0.1407||2.53|115|2.00|14
GME211217P00290000||||68.50|68.50|31|0.00|0.0000|0|25|0|0|-0.9888|0.0008|-0.1184|-0.0362|0.0102||122.95|8|118.95|5
GME211217C00300000|2.05|2.20|1.84|2.15|2.00|32|-0.15|-0.0698|560|5707|9|40|0.1216|0.0029|0.0250|-0.1335|0.1314||2.06|10|2.00|48
GME211217P00300000|126.50|126.50|126.50|125.00|126.50|32|1.50|0.0120|0|20|1|1|-0.9902|0.0007|-0.1308|-0.0311|0.0094||132.80|5|128.60|8
GME211217C00310000|1.80|1.80|1.80|2.03|1.80|33|-0.23|-0.1133|-2|367|1|1|0.0048|0.0004|0.0003|-0.0174|0.0048||2.05|85|1.64|82
GME211217P00310000||||102.75|102.75|33|0.00|0.0000|0|3|0|0|-0.8818|0.0027|-0.4259|-0.1350|0.1288||142.80|6|138.50|16
GME211217C00320000||||1.73|1.73|34|0.00|0.0000|41|448|0|0|0.0036|0.0003|0.0002|-0.0138|0.0038||2.05|150|1.64|6
GME211217P00320000||||96.00|96.00|34|0.00|0.0000|0|17|0|0|-0.9954|0.0003|-0.1312|-0.0165|0.0046||152.80|7|148.50|17
GME211217C00330000||||1.75|1.75|35|0.00|0.0000|0|213|0|0|0.0936|0.0023|0.0193|-0.1157|0.1088||1.73|14|1.51|25
GME211217P00330000||||159.50|159.50|35|0.00|0.0000|0|3|0|0|-0.9965|0.0003|-0.1354|-0.0129|0.0036||162.55|5|158.40|10
GME211217C00340000|1.51|1.51|1.51|1.60|1.51|36|-0.09|-0.0563|0|232|1|1|0.0023|0.0002|0.0001|-0.0094|0.0025||1.73|128|1.35|78
GME211217P00340000||||126.85|126.85|36|0.00|0.0000|0|7|0|0|-0.9973|0.0002|-0.1395|-0.0101|0.0029||172.45|6|168.30|14
GME211217C00350000|1.50|1.51|1.30|1.40|1.30|37|-0.10|-0.0714|23|1013|5|28|0.0025|0.0002|0.0002|-0.0102|0.0028||1.68|122|1.35|28
GME211217P00350000||||133.85|133.85|37|0.00|0.0000|0|4|0|0|-0.9978|0.0002|-0.1437|-0.0085|0.0024||182.30|6|178.20|14
GME211217C00360000|1.30|1.39|1.25|1.37|1.39|38|0.02|0.0146|-4|304|1|11|0.0016|0.0001|0.0001|-0.0071|0.0018||1.62|131|1.20|59
GME211217P00360000||||||38|||0|0|0|0|-0.9981|0.0001|-0.1478|-0.0073|0.0021||192.30|7|188.15|7
GME211217C00370000|1.24|1.35|1.24|1.45|1.35|39|-0.10|-0.0690|0|447|4|5|0.0019|0.0001|0.0001|-0.0083|0.0022||1.62|144|1.30|4
GME211217P00370000||||172.65|172.65|39|0.00|0.0000|0|3|0|0|-0.9978|0.0002|-0.1620|-0.0085|0.0025||202.30|8|198.05|16
GME211217C00380000||||1.20|1.20|40|0.00|0.0000|-1|168|0|0|0.0011|0.0001|0.0001|-0.0055|0.0013||1.39|81|1.20|4
GME211217P00380000||||165.60|165.60|40|0.00|0.0000|0|17|0|0|-0.9987|0.0001|-0.1561|-0.0051|0.0015||212.30|5|208.00|14
GME211217C00390000||||1.18|1.18|41|0.00|0.0000|1|193|0|0|0.0011|0.0001|0.0001|-0.0052|0.0012||1.18|14|1.10|4
GME211217P00390000||||||41|||0|0|0|0|-0.9988|0.0001|-0.1602|-0.0045|0.0014||222.30|3|217.95|12
GME211217C00400000|1.12|1.12|0.90|1.08|1.00|42|-0.08|-0.0741|19|1185|1|39|0.0008|0.0001|0.0001|-0.0042|0.0010||1.13|24|1.00|2
GME211217P00400000||||198.90|198.90|42|0.00|0.0000|0|3|0|0|-0.9989|0.0001|-0.1643|-0.0041|0.0012||232.30|5|227.90|5
GME211217C00410000|0.90|1.00|0.90|1.00|0.99|43|-0.01|-0.0100|1|205|1|26|0.0007|0.0001|0.0000|-0.0035|0.0008||1.08|65|0.95|6
GME211217P00410000||||190.90|190.90|43|0.00|0.0000|0|3|0|0|-0.9991|0.0001|-0.1684|-0.0035|0.0011||242.30|10|237.85|5
GME211217C00420000||||0.95|0.95|44|0.00|0.0000|3|542|0|0|0.0006|0.0000|0.0000|-0.0031|0.0007||1.00|36|0.78|25
GME211217P00420000||||189.85|189.85|44|0.00|0.0000|0|16|0|0|-0.9995|0.0000|-0.1726|-0.0013|0.0006||251.95|5|247.80|12
GME211217C00430000|0.99|0.99|0.97|0.97|0.97|45|0.00|0.0000|0|208|1|11|0.0005|0.0000|0.0000|-0.0028|0.0006||0.94|54|0.69|34
GME211217P00430000||||244.20|244.20|45|0.00|0.0000|0|0|0|0|-0.9434|0.0013|-0.6128|-0.0908|0.0741||261.95|4|257.75|12
GME211217C00440000||||1.15|1.15|46|0.00|0.0000|0|472|0|0|0.0004|0.0000|0.0000|-0.0024|0.0005||0.94|64|0.60|66
GME211217P00440000||||||46|||0|0|0|0|-0.9997|0.0000|-0.1808|-0.0004|0.0004||271.95|1|267.75|12
GME211217C00450000|0.60|0.70|0.60|0.79|0.70|47|-0.09|-0.1139|2|686|1|3|0.0003|0.0000|0.0000|-0.0019|0.0004||0.89|66|0.70|2
GME211217P00450000||||||47|||0|0|0|0|-0.9997|0.0000|-0.1849|-0.0002|0.0004||282.65|3|277.70|4
GME211217C00460000|0.74|0.74|0.74|0.76|0.74|48|-0.02|-0.0263|2|1138|17|17|0.0003|0.0000|0.0000|-0.0020|0.0004||0.88|75|0.60|1
GME211217P00460000||||261.60|261.60|48|0.00|0.0000|0|5|0|0|-0.9505|0.0012|-0.6578|-0.0840|0.0666||293.90|2|287.20|40
GME211217C00470000|0.65|0.65|0.65|0.78|0.65|49|-0.13|-0.1667|1|190|2|2|0.0193|0.0006|0.0012|-0.1182|0.0163||0.88|75|0.52|39
GME211217P00470000||||||49||||0|0|0|-1.0000|0.0000|-0.1931|0.0016|0.0000||303.85|2|297.20|40
GME211217C00480000||||0.60|0.60|50|0.00|0.0000|16|240|0|0|0.0150|0.0005|0.0009|-0.0932|0.0131||0.88|40|0.49|12
GME211217P00480000||||264.21|264.21|50|0.00|0.0000|0|7|0|0|-0.9856|0.0005|-0.1964|-0.0878|0.0126||313.80|2|307.20|25
GME211217C00490000|0.66|0.66|0.52|0.52|0.58|51|0.06|0.1154|8|105|1|4|0.0132|0.0005|0.0008|-0.0837|0.0118||0.87|62|0.49|4
GME211217P00490000||||274.04|274.04|51|0.00|0.0000|0|7|0|0|-0.9869|0.0005|-0.2006|-0.0813|0.0117||323.75|2|317.15|25
GME211217C00500000|0.70|0.70|0.70|0.50|0.70|52|0.20|0.4000|-47|2441|1|1|0.0127|0.0004|0.0008|-0.0814|0.0113||0.66|40|0.50|36
GME211217P00500000||||290.05|290.05|52|0.00|0.0000|0|7|0|0|-0.7775|0.0020|-0.6902|-0.4253|0.1940||333.70|2|327.10|40
GME211217C00510000|0.61|0.62|0.42|0.53|0.55|53|0.02|0.0377|25|1391|10|78|0.0132|0.0004|0.0008|-0.0864|0.0117||0.60|12|0.52|4
GME211217P00510000||||277.97|277.97|53|0.00|0.0000|0|0|0|0|-0.9963|0.0002|-0.2093|-0.0220|0.0038||343.65|2|337.10|25
GME211223C00100000||||80.77|80.77|11|0.00|0.0000|0|14|0|0|0.8709|0.0018|0.0389|-0.5775|0.0862||74.10|12|70.20|3
GME211223P00100000|1.13|1.13|1.01|0.88|1.01|11|0.13|0.1477|8|124|3|14|-0.0353|0.0014|-0.0040|-0.1029|0.0319||1.37|15|1.20|1
GME211223C00110000||||||10||||0|0|0|1.0000|0.0000|0.0633|-0.0004|0.0000||64.65|20|59.85|18
GME211223P00110000|1.52|1.63|1.43|1.33|1.63|10|0.30|0.2256|9|37|1|15|-0.0568|0.0022|-0.0064|-0.1430|0.0468||1.80|13|1.60|1
GME211223C00120000||||103.35|103.35|9|0.00|0.0000|0|1|0|0|0.8142|0.0013|0.0263|-1.3037|0.1096||55.50|16|50.55|15
GME211223P00120000||||1.15|1.15|9|0.00|0.0000|0|25|0|0|-0.0559|0.0027|-0.0064|-0.1050|0.0473||2.92|34|1.83|28
GME211223C00130000||||||8||||0|0|0|1.0000|0.0000|0.0784|-0.0005|0.0000||46.95|12|42.20|13
GME211223P00130000||||2.69|2.69|8|0.00|0.0000|70|142|0|0|-0.1291|0.0045|-0.0147|-0.2350|0.0862||4.15|18|3.00|32
GME211223C00140000||||||7||||0|0|0|1.0000|0.0000|0.0805|-0.0005|0.0000||38.90|12|33.95|23
GME211223P00140000||||4.40|4.40|7|0.00|0.0000|2|42|0|0|-0.1925|0.0059|-0.0222|-0.3015|0.1121||6.25|8|4.60|36
GME211223C00145000||||||6||||0|0|0|1.0000|0.0000|0.0834|-0.0005|0.0000||35.20|14|30.50|13
GME211223P00145000||||||6||||0|0|0|0.0000|0.0000|0.0000|0.0000|0.0000||7.60|8|5.80|25
GME211223C00150000||||55.90|55.90|5|0.00|0.0000|0|4|0|0|0.6966|0.0035|0.0426|-0.7974|0.1465||31.20|18|27.75|11
GME211223P00150000|6.60|7.50|6.60|6.07|7.50|5|1.43|0.2356|-6|200|1|2|-0.2648|0.0074|-0.0322|-0.3307|0.1373||9.25|18|7.30|78
GME211223C00155000|29.20|29.20|29.20|57.05|29.20|4|-27.85|-0.4882|0|10|1|1|0.6807|0.0033|0.0388|-0.9197|0.1463||28.00|21|24.50|22
GME211223P00155000|9.85|9.85|9.85|9.30|9.85|4|0.55|0.0591|16|127|8|8|-0.3162|0.0071|-0.0398|-0.4027|0.1492||11.00|14|9.10|47
GME211223C00160000|23.28|23.31|23.28|53.80|23.31|3|-30.49|-0.5667|0|12|1|2|0.6626|0.0034|0.0401|-0.8979|0.1532||25.15|23|21.55|20
GME211223P00160000|11.83|12.40|11.83|9.45|12.10|3|2.65|0.2804|1|62|1|20|-0.3512|0.0084|-0.0415|-0.3888|0.1519||13.35|20|11.30|24
GME211223C00165000|20.45|20.45|20.45|20.45|20.45|2|0.00|0.0000||0|1|1|0.6006|0.0085|0.0470|-0.4204|0.1579||21.50|16|19.20|13
GME211223P00165000||||11.60|11.60|2|0.00|0.0000|0|21|0|0|-0.3964|0.0086|-0.0474|-0.4097|0.1579||15.35|5|13.85|10
GME211223C00170000|18.25|19.95|18.20|25.94|18.23|1|-7.71|-0.2972|0|15|3|10|0.5615|0.0084|0.0442|-0.4427|0.1615||19.50|14|16.60|21
GME211223P00170000|16.83|17.67|16.05|14.35|17.23|1|2.88|0.2007|0|33|3|28|-0.4394|0.0085|-0.0535|-0.4336|0.1615||18.40|19|16.30|26
GME211223C00175000|23.00|23.00|16.00|19.00|17.45|1|-1.55|-0.0816|0|3|1|18|0.4979|0.0109|0.0415|-0.3495|0.1634||17.75|40|14.35|30
GME211223P00175000|16.28|20.62|16.28|15.02|20.62|1|5.60|0.3728|-6|48|5|7|-0.4936|0.0095|-0.0595|-0.3989|0.1631||21.05|12|19.00|30
