symbol|open|high|low|preClose|close|activeLevel|change|changeRatio|openIntChange|openInterest|latestPriceVol|volume|delta|gamma|rho|theta|vega|tradeStamptradeTime|ask|avol|bid|bvol
GME211223C00070000||||84.01|84.01|30||0.0000|1|1|0|0|0.9902|0.0004|0.0056|-0.2607|0.0037||89.65|14|84.75|15
GME211223P00070000|0.03|0.04|0.02|0.05|0.04|30|-0.01|-0.2000|519|1330|1|6|-0.0012|0.0001|0.0000|-0.0293|0.0006||0.05|13|0.02|5
GME211223C00075000||||||29||0.0000|0|0|0|0|0.9887|0.0005|0.0060|-0.2739|0.0042||84.70|14|80.10|17
GME211223P00075000||||0.06|0.06|29|0.00|0.0000|6|86|0|0|-0.0033|0.0002|0.0000|-0.0750|0.0014||0.09|26|0.00|0
GME211223C00080000||||78.45|78.45|28|0.00|0.0000|1|2|0|0|0.9503|0.0014|0.0058|-1.2964|0.0146||79.70|14|74.75|43
GME211223P00080000||||0.09|0.09|28|0.00|0.0000|1|319|0|0|-0.0050|0.0003|-0.0001|-0.1044|0.0020||0.07|32|0.00|0
GME211223C00085000||||60.37|60.37|27|0.00|0.0000|0|0|0|0|1.0000|0.0000|0.0070|-0.0003|0.0000||74.70|13|70.45|12
GME211223P00085000|0.02|0.05|0.02|0.09|0.05|27|-0.04|-0.4444|7|64|1|2|-0.0015|0.0001|0.0000|-0.0268|0.0007||0.29|67|0.05|9
GME211223C00090000||||||26||||0|0|0|1.0000|0.0000|0.0074|-0.0003|0.0000||69.75|15|65.50|14
GME211223P00090000||||0.10|0.10|26|0.00|0.0000|105|805|0|0|-0.0063|0.0005|-0.0001|-0.1090|0.0025||0.10|51|0.03|26
GME211223C00095000||||||25||0.0000|0|0|0|0|0.9821|0.0011|0.0076|-0.2973|0.0063||64.75|10|60.55|14
GME211223P00095000|0.05|0.10|0.05|0.11|0.10|25|-0.01|-0.0909|1|88|5|7|-0.0067|0.0006|-0.0001|-0.1056|0.0027||0.08|19|0.05|11
GME211223C00100000||||57.00|57.00|24|0.00|0.0000|0|65|0|0|0.9728|0.0016|0.0078|-0.4098|0.0089||59.80|10|55.55|18
GME211223P00100000|0.25|0.25|0.05|0.12|0.09|24|-0.03|-0.2500|145|1829|1|128|-0.0043|0.0005|-0.0001|-0.0587|0.0018||0.09|19|0.06|8
GME211223C00105000||||44.70|44.70|23|0.00|0.0000|0|2|0|0|0.9922|0.0008|0.0085|-0.0984|0.0031||54.85|10|49.90|15
GME211223P00105000|0.07|0.07|0.07|0.18|0.07|23|-0.11|-0.6111|7|48|1|1|-0.0058|0.0006|-0.0001|-0.0716|0.0023||0.09|1|0.07|6
GME211223C00110000||||||22||||0|0|0|1.0000|0.0000|0.0090|-0.0004|0.0000||49.95|10|45.40|21
GME211223P00110000|0.10|0.12|0.10|0.18|0.10|22|-0.08|-0.4444|114|1072|1|37|-0.0092|0.0010|-0.0001|-0.1008|0.0035||0.12|6|0.09|6
GME211223C00115000||||29.85|29.85|21||0.0000|0|2|0|0|0.9664|0.0026|0.0090|-0.3549|0.0107||45.00|13|40.60|18
GME211223P00115000|0.20|0.20|0.20|0.24|0.20|21|-0.04|-0.1667|108|175|1|1|-0.0166|0.0017|-0.0002|-0.1660|0.0059||0.16|15|0.11|7
GME211223C00120000||||37.50|37.50|20||0.0000|1|44|0|0|0.9543|0.0037|0.0092|-0.4183|0.0136||39.90|17|35.05|27
GME211223P00120000|0.20|0.29|0.15|0.32|0.20|20|-0.12|-0.3750|74|858|1|110|-0.0341|0.0032|-0.0005|-0.3029|0.0108||0.20|22|0.15|6
GME211223C00130000|28.05|28.46|26.05|21.25|28.46|19|7.21|0.3393|-3|51|41|123|0.8832|0.0074|0.0090|-0.8696|0.0279||30.30|28|25.80|18
GME211223P00130000|0.40|0.50|0.25|0.72|0.34|19|-0.38|-0.5278|131|1386|1|302|-0.0375|0.0048|-0.0005|-0.2317|0.0116||0.37|28|0.27|23
GME211223C00135000||||14.00|14.00|18|0.00|0.0000|0|10|0|0|0.9977|0.0008|0.0111|-0.0110|0.0010||25.45|15|21.10|14
GME211223P00135000|0.58|0.58|0.44|0.90|0.50|18|-0.40|-0.4444|148|392|1|95|-0.0574|0.0072|-0.0008|-0.3051|0.0164||0.55|30|0.44|25
GME211223C00136000||||23.45|23.45|17|0.00|0.0000|0|14|0|0|0.8232|0.0094|0.0087|-1.1903|0.0371||24.50|15|20.15|14
GME211223P00136000|0.86|0.86|0.53|1.01|0.53|17|-0.48|-0.4752|132|161|2|7|-0.0615|0.0078|-0.0008|-0.3136|0.0174||0.59|1|0.48|15
GME211223C00137000||||||16||||0|0|0|1.0000|0.0000|0.0113|-0.0005|0.0000||23.55|18|19.25|14
GME211223P00137000|0.85|0.85|0.85|1.01|0.85|16|-0.16|-0.1584|139|156|1|1|-0.0837|0.0093|-0.0011|-0.4242|0.0220||0.66|36|0.47|22
GME211223C00138000||||13.90|13.90|15||0.0000|0|13|0|0|0.8766|0.0108|0.0096|-0.6453|0.0291||22.55|18|18.35|13
GME211223P00138000|1.06|1.06|0.62|1.23|0.62|15|-0.61|-0.4959|22|89|1|4|-0.0685|0.0091|-0.0009|-0.3181|0.0189||0.72|24|0.56|21
GME211223C00139000||||14.40|14.40|14||0.0000|0|1|0|0|0.8684|0.0115|0.0096|-0.6609|0.0305||21.60|15|17.10|22
GME211223P00139000|0.83|0.83|0.65|1.28|0.65|14|-0.63|-0.4922|89|138|1|3|-0.0834|0.0104|-0.0011|-0.3766|0.0219||0.83|43|0.58|67
GME211223C00140000|20.00|20.00|16.50|18.55|18.62|13|0.07|0.0038|37|152|1|133|0.8809|0.0126|0.0099|-0.5222|0.0283||18.60|31|16.50|52
GME211223P00140000|1.11|1.11|0.65|1.44|0.81|13|-0.63|-0.4375|117|740|2|119|-0.0998|0.0122|-0.0013|-0.4195|0.0249||0.90|15|0.72|14
GME211223C00141000|18.30|18.30|18.30|13.10|18.30|12|5.20|0.3969|8|13|1|1|0.8463|0.0131|0.0095|-0.7151|0.0338||19.75|34|15.55|18
GME211223P00141000|1.03|1.10|1.00|1.60|1.00|12|-0.60|-0.3750|6|36|1|5|-0.1058|0.0126|-0.0014|-0.4412|0.0261||1.05|39|0.70|70
GME211223C00142000||||13.00|13.00|11|0.00|0.0000|11|17|0|0|0.9657|0.0084|0.0112|-0.1160|0.0109||18.80|25|14.85|14
GME211223P00142000|1.30|1.30|1.06|1.98|1.06|11|-0.92|-0.4646|27|102|2|10|-0.1627|0.0140|-0.0022|-0.7214|0.0351||1.17|42|0.84|75
GME211223C00143000||||11.30|11.30|10|0.00|0.0000|0|16|0|0|0.8759|0.0150|0.0101|-0.4678|0.0292||17.90|18|13.75|14
GME211223P00143000|1.70|1.70|1.16|1.92|1.16|10|-0.76|-0.3958|140|144|1|3|-0.1252|0.0150|-0.0017|-0.4724|0.0294||1.33|34|0.84|110
GME211223C00144000|16.52|16.52|16.52|11.30|16.52|9|5.22|0.4619|2|4|1|1|0.7477|0.0134|0.0082|-1.2702|0.0456||17.00|14|12.60|14
GME211223P00144000|1.45|1.45|1.40|2.15|1.40|9|-0.75|-0.3488|64|115|5|11|-0.1492|0.0164|-0.0020|-0.5491|0.0332||1.49|36|1.13|60
GME211223C00145000|14.60|15.41|12.82|15.65|15.20|8|-0.45|-0.0288|-6|337|1|10|0.8390|0.0178|0.0097|-0.5609|0.0349||16.00|54|11.95|78
GME211223P00145000|1.84|2.00|1.16|2.33|1.55|8|-0.78|-0.3348|91|571|1|91|-0.1614|0.0178|-0.0022|-0.5620|0.0349||1.69|28|1.32|16
GME211223C00146000|11.50|12.32|11.50|10.33|12.32|7|1.99|0.1926|1|50|1|2|0.8025|0.0187|0.0093|-0.6887|0.0397||15.20|33|11.65|14
GME211223P00146000||||2.78|2.78|7|0.00|0.0000|227|251|0|0|-0.2260|0.0176|-0.0031|-0.8576|0.0429||2.23|120|1.12|156
GME211223C00147000||||8.45|8.45|6|0.00|0.0000|10|19|0|0|0.9120|0.0195|0.0109|-0.2183|0.0228||14.35|47|10.85|14
GME211223P00147000|2.55|2.55|2.13|2.93|2.13|6|-0.80|-0.2730|20|32|1|15|-0.2530|0.0179|-0.0035|-0.9518|0.0457||2.23|52|1.39|98
GME211223C00148000|10.38|10.38|10.38|10.36|10.38|5|0.02|0.0019|13|42|1|1|0.7804|0.0221|0.0092|-0.6613|0.0422||12.25|59|10.05|21
GME211223P00148000|2.69|2.69|2.00|3.15|2.00|5|-1.15|-0.3651|10|42|1|7|-0.2250|0.0218|-0.0031|-0.6881|0.0428||2.45|90|1.83|58
GME211223C00149000|11.50|11.50|9.95|10.30|10.25|4|-0.05|-0.0049|3|50|2|5|0.7422|0.0223|0.0087|-0.7790|0.0461||12.10|64|9.25|20
GME211223P00149000|3.07|3.07|2.00|3.30|2.67|4|-0.63|-0.1909|10|67|2|6|-0.2521|0.0228|-0.0034|-0.7458|0.0456||2.72|81|1.76|99
GME211223C00150000|10.70|12.00|8.50|10.52|9.90|3|-0.62|-0.0589|48|806|6|91|0.7119|0.0253|0.0084|-0.7674|0.0485||10.55|41|9.00|13
GME211223P00150000|2.99|3.65|2.02|3.62|2.60|3|-1.02|-0.2818|189|674|2|110|-0.2835|0.0258|-0.0039|-0.7397|0.0481||2.95|43|2.36|77
GME211223C00152500|9.69|10.00|8.15|9.46|8.29|2|-1.17|-0.1237|56|147|1|8|0.6227|0.0185|0.0072|-1.3009|0.0542||9.00|65|6.95|78
GME211223P00152500|3.94|4.50|3.38|4.62|3.60|2|-1.02|-0.2208|75|152|1|70|-0.3365|0.0272|-0.0046|-0.8148|0.0521||4.00|78|3.25|82
GME211223C00155000|9.02|9.02|5.90|8.00|6.63|1|-1.37|-0.1713|163|618|2|319|0.5903|0.0285|0.0071|-0.8833|0.0555||7.15|73|5.85|60
GME211223P00155000|5.70|5.70|3.75|5.70|4.50|1|-1.20|-0.2105|115|483|1|271|-0.4104|0.0282|-0.0057|-0.8936|0.0555||5.00|7|4.25|28
GME211223C00157500|7.00|7.00|4.98|6.76|5.75|1|-1.01|-0.1494|36|207|1|107|0.5186|0.0272|0.0062|-0.9725|0.0569||5.60|1|4.90|26
GME211223P00157500|6.60|6.60|4.80|6.85|5.85|1|-1.00|-0.1460|-2|79|1|30|-0.4826|0.0291|-0.0067|-0.9082|0.0569||6.50|11|5.30|74
GME211223C00160000|5.60|6.30|4.00|5.60|4.35|2|-1.25|-0.2232|318|1228|1|693|0.4354|0.0262|0.0052|-0.9852|0.0560||4.65|12|4.20|1
GME211223P00160000|8.15|8.30|6.00|8.75|7.10|2|-1.65|-0.1886|64|442|1|137|-0.5635|0.0259|-0.0079|-0.9963|0.0560||8.15|26|7.10|25
GME211223C00162500|4.32|5.00|3.25|4.80|3.97|3|-0.83|-0.1729|43|147|1|107|0.3880|0.0258|0.0047|-0.9477|0.0547||3.90|19|3.40|10
GME211223P00162500|8.85|8.85|8.85|10.50|8.85|3|-1.65|-0.1571|7|36|1|1|-0.5920|0.0226|-0.0085|-1.1092|0.0554||10.25|67|7.10|47
GME211223C00165000|4.50|4.50|2.70|3.95|3.26|4|-0.69|-0.1747|611|1054|1|326|0.3411|0.0230|0.0041|-0.9737|0.0524||3.30|19|2.80|14
GME211223P00165000|10.45|11.34|10.45|12.30|11.34|4|-0.96|-0.0780|-3|389|1|7|-0.7124|0.0279|-0.0100|-0.6942|0.0487||12.25|23|8.70|64
GME211223C00167500|3.50|3.55|2.35|3.63|2.80|5|-0.83|-0.2287|27|323|2|43|0.2924|0.0212|0.0036|-0.9285|0.0491||2.76|1|2.45|24
GME211223P00167500||||16.20|16.20|5||0.0000|0|49|0|0|-0.6831|0.0196|-0.0100|-1.0768|0.0509||14.70|25|10.60|21
GME211223C00170000|3.05|3.25|2.00|3.20|2.22|6|-0.98|-0.3063|488|1475|1|325|0.2462|0.0184|0.0030|-0.8981|0.0448||2.30|1|2.09|10
GME211223P00170000|15.30|15.56|15.21|15.92|15.22|6|-0.70|-0.0440|12|185|5|9|-0.7883|0.0194|-0.0114|-0.7203|0.0412||16.65|20|13.20|32
GME211223C00172500|1.99|2.85|1.80|2.75|1.80|7|-0.95|-0.3455|35|130|1|32|0.2509|0.0163|0.0030|-1.0364|0.0455||2.11|7|1.73|57
GME211223P00172500||||17.84|17.84|7||0.0000|1|24|0|0|-0.7437|0.0161|-0.0111|-1.0699|0.0460||18.85|23|15.35|34
GME211223C00175000|2.29|2.44|1.50|2.43|1.78|8|-0.65|-0.2675|711|1472|1|475|0.2092|0.0146|0.0025|-0.9459|0.0409||1.91|60|1.58|34
GME211223P00175000|20.13|20.13|19.80|20.28|19.86|8|-0.42|-0.0207|16|270|1|3|-0.8360|0.0148|-0.0124|-0.6871|0.0351||21.10|23|17.80|36
GME211223C00177500|1.80|2.04|1.69|2.14|1.95|9|-0.19|-0.0888|60|175|2|22|0.2067|0.0134|0.0025|-1.0122|0.0408||1.81|85|1.42|29
GME211223P00177500||||23.67|23.67|9|0.00|0.0000|0|3|0|0|-0.7724|0.0131|-0.0119|-1.1550|0.0431||23.35|20|20.30|33
GME211223C00180000|1.80|2.00|1.23|1.77|1.43|10|-0.34|-0.1921|483|1499|1|512|0.1535|0.0119|0.0019|-0.7869|0.0337||1.50|16|1.30|5
GME211223P00180000|24.28|24.28|24.28|24.78|24.28|10|-0.50|-0.0202|-13|85|1|1|-0.8914|0.0111|-0.0135|-0.5211|0.0265||25.70|20|22.80|35
GME211223C00182500|1.53|1.59|1.22|1.75|1.31|11|-0.44|-0.2514|36|114|1|7|0.1474|0.0111|0.0018|-0.8000|0.0329||1.45|65|1.16|43
GME211223P00182500||||31.10|31.10|11|0.00|0.0000|-1|6|0|0|-0.7192|0.0100|-0.0118|-1.8955|0.0481||28.20|22|25.30|14
GME211223C00185000|1.34|1.56|1.11|1.54|1.20|12|-0.34|-0.2208|134|473|1|69|0.1453|0.0099|0.0017|-0.8726|0.0324||1.37|60|1.12|12
GME211223P00185000|29.10|29.19|28.82|32.50|28.82|12|-3.68|-0.1132|0|73|1|8|-0.8607|0.0099|-0.0135|-0.8296|0.0315||30.45|14|27.80|32
GME211223C00187500|1.42|1.42|1.14|1.59|1.20|13|-0.39|-0.2453|36|81|1|10|0.1328|0.0093|0.0016|-0.8282|0.0307||1.36|91|0.99|50
GME211223P00187500||||42.27|42.27|13|0.00|0.0000|0|5|0|0|-0.6307|0.0070|-0.0116|-3.4116|0.0539||32.90|14|30.25|22
GME211223C00190000|1.40|1.40|0.93|1.31|1.05|14|-0.26|-0.1985|344|725|1|197|0.1093|0.0081|0.0013|-0.7206|0.0266||1.06|94|0.95|15
GME211223P00190000|34.31|34.31|34.31|34.86|34.31|14|-0.55|-0.0158|-3|101|6|6|-0.8797|0.0083|-0.0142|-0.8035|0.0285||35.30|16|32.60|22
GME211223C00192500|1.18|1.18|0.91|1.29|1.02|15|-0.27|-0.2093|50|93|1|12|0.1178|0.0079|0.0014|-0.8219|0.0282||1.07|29|0.87|50
GME211223P00192500||||37.10|37.10|15|0.00|0.0000|0|14|0|0|-0.8877|0.0078|-0.0145|-0.7777|0.0273||37.75|15|35.10|30
GME211223C00195000|1.00|1.09|0.92|1.13|0.97|16|-0.16|-0.1416|490|627|1|45|0.0990|0.0070|0.0012|-0.7257|0.0248||0.92|2|0.83|6
GME211223P00195000||||39.73|39.73|16|0.00|0.0000|-9|49|0|0|-0.8894|0.0072|-0.0147|-0.8223|0.0268||40.15|13|37.50|13
GME211223C00197500|1.00|1.06|0.87|1.08|0.87|17|-0.21|-0.1944|26|69|1|6|0.0996|0.0067|0.0012|-0.7605|0.0250||0.94|19|0.78|22
GME211223P00197500||||43.95|43.95|17|0.00|0.0000|0|111|0|0|-0.8187|0.0076|-0.0141|-1.5331|0.0376||42.55|22|39.95|29
GME211223C00200000|1.00|1.05|0.76|0.98|0.81|18|-0.17|-0.1735|1315|3960|1|853|0.0857|0.0060|0.0010|-0.6856|0.0223||0.87|6|0.81|1
GME211223P00200000|43.40|44.00|43.29|44.05|43.41|18|-0.64|-0.0145|-7|100|1|21|-0.9652|0.0038|-0.0160|-0.2597|0.0109||44.80|15|42.40|42
GME211223C00205000|0.69|0.99|0.69|0.91|0.73|19|-0.18|-0.1978|307|517|1|27|0.0728|0.0051|0.0009|-0.6283|0.0197||0.76|1|0.69|7
GME211223P00205000|48.46|48.93|48.46|50.15|48.93|19|-1.22|-0.0243|0|69|6|17|-0.9128|0.0055|-0.0158|-0.7654|0.0226||49.80|15|45.70|25
GME211223C00210000|0.79|0.84|0.60|0.75|0.69|20|-0.06|-0.0800|337|768|1|184|0.0688|0.0046|0.0008|-0.6416|0.0188||0.73|11|0.61|7
GME211223P00210000|53.05|53.52|53.05|54.83|53.52|20|-1.31|-0.0239|-1|82|1|2|-0.9761|0.0025|-0.0170|-0.2090|0.0080||54.80|17|50.65|17
GME211223C00215000|0.71|0.73|0.62|0.80|0.62|21|-0.18|-0.2250|428|577|1|6|0.0593|0.0040|0.0007|-0.5883|0.0168||0.74|69|0.53|24
GME211223P00215000|57.67|57.67|57.67|61.78|57.67|21|-4.11|-0.0665|0|33|1|1|-0.8662|0.0054|-0.0161|-1.4390|0.0307||59.80|21|55.60|16
GME211223C00220000|0.69|0.75|0.55|0.68|0.55|22|-0.13|-0.1912|1976|2480|4|152|0.0541|0.0035|0.0006|-0.5701|0.0156||0.55|14|0.52|1
GME211223P00220000||||69.72|69.72|22|0.00|0.0000|-1|47|0|0|-0.7746|0.0053|-0.0157|-2.8405|0.0427||64.85|13|60.60|13
GME211223C00225000|0.56|0.63|0.49|0.68|0.49|23|-0.19|-0.2794|484|1113|1|25|0.0535|0.0033|0.0006|-0.5981|0.0155||0.65|68|0.45|6
GME211223P00225000|67.87|67.87|67.87|75.30|67.87|23|-7.43|-0.0987|0|7|1|1|-0.7691|0.0050|-0.0161|-3.0875|0.0433||70.35|18|65.55|10
GME211223C00230000|0.57|0.65|0.51|0.61|0.64|24|0.03|0.0492|906|1247|1|31|0.0469|0.0029|0.0006|-0.5498|0.0139||0.60|17|0.43|1
GME211223P00230000||||73.75|73.75|24|0.00|0.0000|0|4|0|0|-0.9636|0.0025|-0.0185|-0.4208|0.0113||75.20|19|70.55|13
GME211223C00235000|0.61|0.61|0.50|0.56|0.50|25|-0.06|-0.1071|13|114|1|15|0.0463|0.0027|0.0005|-0.5715|0.0138||0.61|74|0.36|43
GME211223P00235000||||77.70|77.70|25|0.00|0.0000|1|17|0|0|-0.7632|0.0045|-0.0169|-3.4960|0.0439||80.15|19|75.55|13
GME211223C00240000|0.30|0.50|0.30|0.52|0.43|26|-0.09|-0.1731|275|531|1|24|0.0413|0.0025|0.0005|-0.5316|0.0126||0.47|6|0.36|22
GME211223P00240000|83.30|83.30|83.30|87.35|83.30|26|-4.05|-0.0464|-1|14|1|1|-0.9562|0.0025|-0.0192|-0.5652|0.0132||84.95|17|80.55|27
GME211223C00245000|0.30|0.45|0.30|0.48|0.42|27|-0.06|-0.1250|5|43|1|6|0.0377|0.0022|0.0004|-0.5045|0.0117||0.54|55|0.32|19
GME211223P00245000||||93.05|93.05|27|0.00|0.0000|0|34|0|0|-0.8309|0.0042|-0.0183|-2.5542|0.0359||89.90|16|85.55|10
GME211223C00250000|0.41|0.52|0.30|0.47|0.43|28|-0.04|-0.0851|321|1628|1|78|0.0336|0.0020|0.0004|-0.4667|0.0106||0.45|7|0.40|1
GME211223P00250000||||98.00|98.00|28|0.00|0.0000|0|27|0|0|-0.8351|0.0040|-0.0188|-2.5779|0.0353||94.65|16|90.55|11
GME211223C00255000|0.30|0.40|0.30|0.44|0.40|29|-0.04|-0.0909|15|43|1|5|0.0323|0.0019|0.0004|-0.4637|0.0103||0.42|5|0.28|5
GME211223P00255000||||||29||||0|0|0|-1.0000|0.0000|-0.0210|0.0009|0.0000||99.65|12|95.55|26
GME211223C00260000|0.40|0.40|0.30|0.42|0.35|30|-0.07|-0.1667|8|617|1|21|0.0307|0.0017|0.0004|-0.4591|0.0099||0.39|4|0.27|11
GME211223P00260000|103.14|103.14|103.13|118.00|103.13|30|-14.87|-0.1260|0|10|1|3|-0.7405|0.0038|-0.0189|-4.6560|0.0461||104.65|16|100.50|27
GME211223C00265000||||0.40|0.40|31|0.00|0.0000|10|50|0|0|0.0321|0.0017|0.0004|-0.4964|0.0103||0.63|101|0.20|73
GME211223P00265000||||118.95|118.95|31||0.0000|0|1|0|0|-0.9726|0.0016|-0.0215|-0.4201|0.0090||110.05|13|105.50|10
GME211223C00270000|0.34|0.39|0.27|0.39|0.36|32|-0.03|-0.0769|11|161|7|19|0.0282|0.0015|0.0003|-0.4489|0.0092||0.44|55|0.22|23
GME211223P00270000|113.11|113.11|113.11|116.65|113.11|32|-3.54|-0.0303|0|4|1|1|-0.9742|0.0015|-0.0219|-0.4096|0.0085||114.90|13|110.50|10
GME211223C00275000|0.25|0.27|0.25|0.39|0.27|33|-0.12|-0.3077|37|109|1|2|0.0258|0.0014|0.0003|-0.4225|0.0086||0.42|58|0.20|14
GME211223P00275000||||141.50|141.50|33|0.00|0.0000|0|8|0|0|-0.6124|0.0030|-0.0195|-8.1231|0.0547||119.80|13|115.50|10
GME211223C00280000|0.28|0.28|0.25|0.32|0.25|34|-0.07|-0.2188|11|300|1|2|0.0234|0.0013|0.0003|-0.3940|0.0079||0.37|43|0.16|45
GME211223P00280000|123.07|123.07|123.07|137.89|123.07|34|-14.82|-0.1075|0|3|1|2|-0.9772|0.0013|-0.0227|-0.3827|0.0077||124.75|13|120.50|10
GME211223C00285000||||0.28|0.28|35|0.00|0.0000|9|15|0|0|0.0225|0.0012|0.0003|-0.3888|0.0076||0.36|63|0.15|22
GME211223P00285000||||||35||||0|0|0|-1.0000|0.0000|-0.0234|0.0010|0.0000||129.75|12|125.50|28
GME211223C00290000|0.28|0.28|0.15|0.29|0.22|36|-0.07|-0.2414|57|755|1|7|0.0165|0.0010|0.0002|-0.2906|0.0058||0.34|45|0.10|29
GME211223P00290000||||86.15|86.15|36|0.00|0.0000|0|1|0|0|-1.0000|0.0000|-0.0238|0.0010|0.0000||134.65|13|130.50|10
GME211223C00300000|0.25|0.29|0.14|0.25|0.15|37|-0.10|-0.4000|238|1353|2|400|0.0170|0.0009|0.0002|-0.3160|0.0060||0.15|22|0.14|2
GME211223P00300000||||146.14|146.14|37|0.00|0.0000|1|1|0|0|-0.8971|0.0026|-0.0236|-2.0463|0.0255||144.60|13|140.50|10
GME211223C00310000|0.21|0.26|0.20|0.24|0.20|38|-0.04|-0.1667|34|108|2|24|0.0141|0.0008|0.0002|-0.2742|0.0051||0.21|1|0.07|22
GME211223P00310000||||||38||||0|0|0|-1.0000|0.0000|-0.0255|0.0011|0.0000||155.60|14|150.50|10
GME211223C00320000|0.15|0.20|0.15|0.22|0.17|39|-0.05|-0.2273|28|1057|10|19|0.0130|0.0007|0.0002|-0.2628|0.0048||0.24|8|0.09|8
GME211223P00320000||||||39||||0|0|0|-1.0000|0.0000|-0.0263|0.0011|0.0000||165.55|14|160.50|10
GME211223C00330000|0.22|0.22|0.22|0.20|0.22|40|0.02|0.1000|32|169|20|20|0.0151|0.0008|0.0002|-0.3191|0.0054||0.29|21|0.05|22
GME211223P00330000||||||40||||0|0|0|-1.0000|0.0000|-0.0271|0.0012|0.0000||175.85|14|170.50|10
GME211223C00340000|0.15|0.15|0.15|0.20|0.15|41|-0.05|-0.2500|184|263|2|2|0.0141|0.0007|0.0002|-0.3082|0.0051||0.22|13|0.11|1
GME211223P00340000||||||41||||0|0|0|-1.0000|0.0000|-0.0279|0.0012|0.0000||185.85|10|180.50|26
GME211223C00350000|0.14|0.18|0.12|0.20|0.18|42|-0.02|-0.1000|705|1501|5|22|0.0102|0.0005|0.0001|-0.2299|0.0039||0.13|14|0.02|13
GME211223P00350000||||||42||||0|0|0|-1.0000|0.0000|-0.0288|0.0012|0.0000||195.80|14|190.50|12
GME211223C00360000|0.12|0.12|0.12|0.13|0.12|43|-0.01|-0.0769|59|160|9|12|0.0118|0.0006|0.0001|-0.2736|0.0044||0.37|50|0.01|26
GME211223P00360000||||||43||||0|0|0|-1.0000|0.0000|-0.0296|0.0013|0.0000||205.80|10|200.45|10
GME211223C00370000||||0.16|0.16|44||0.0000|101|296|0|0|0.0095|0.0005|0.0001|-0.2274|0.0036||0.24|14|0.03|13
GME211223P00370000||||||44||||0|0|0|-1.0000|0.0000|-0.0304|0.0013|0.0000||215.75|17|210.45|10
GME211223C00380000||||0.13|0.13|45|0.00|0.0000|14|59|0|0|0.0090|0.0004|0.0001|-0.2208|0.0034||0.16|5|0.01|13
GME211223P00380000||||||45||||0|0|0|-1.0000|0.0000|-0.0312|0.0013|0.0000||225.75|10|220.45|26
GME211223C00390000|0.14|0.14|0.14|0.16|0.14|46|-0.02|-0.1250|0|14|93|93|0.0095|0.0005|0.0001|-0.2413|0.0036||0.34|15|0.01|14
GME211223P00390000||||||46||||0|0|0|-1.0000|0.0000|-0.0321|0.0014|0.0000||235.75|10|230.45|26
GME211223C00400000|0.16|0.16|0.16|0.14|0.16|47|0.02|0.1429|64|520|1|1|0.0101|0.0005|0.0001|-0.2630|0.0038||0.12|4|0.03|1
GME211223P00400000||||||47||||0|0|0|-1.0000|0.0000|-0.0329|0.0014|0.0000||245.70|10|240.45|26
GME211223C00410000|0.10|0.10|0.10|0.10|0.10|48|0.00|0.0000|5|25|1|11|0.0068|0.0003|0.0001|-0.1810|0.0027||0.14|6|0.01|1
GME211223P00410000||||||48||||0|0|0|-1.0000|0.0000|-0.0337|0.0014|0.0000||255.70|10|250.45|10
GME211223C00420000|0.09|0.09|0.09|0.13|0.09|49|-0.04|-0.3077|16|71|1|1|0.0062|0.0003|0.0001|-0.1666|0.0025||0.33|20|0.00|0
GME211223P00420000||||||49||0.0000|0|0|0|0|-1.0000|0.0000|-0.0345|0.0015|0.0000||265.70|10|260.45|10
GME211223C00430000||||0.10|0.10|50|0.00|0.0000|21|66|0|0|0.0066|0.0003|0.0001|-0.1821|0.0026||0.21|13|0.01|1
GME211223P00430000||||||50||||0|0|0|-1.0000|0.0000|-0.0353|0.0015|0.0000||275.60|12|270.45|10
GME211223C00440000|0.09|0.11|0.09|0.10|0.10|51|0.00|0.0000|18|78|6|11|0.0059|0.0003|0.0001|-0.1671|0.0024||0.23|15|0.01|3
GME211223P00440000||||||51||||0|0|0|-1.0000|0.0000|-0.0362|0.0015|0.0000||285.70|10|280.45|10
GME211223C00450000|0.05|0.05|0.05|0.08|0.05|52|-0.03|-0.3750|11|72|1|1|0.0053|0.0003|0.0001|-0.1528|0.0022||0.14|7|0.00|0
GME211223P00450000||||||52||0.0000|0|0|0|0|-1.0000|0.0000|-0.0370|0.0016|0.0000||295.70|10|290.45|10
GME211223C00460000||||0.07|0.07|53|0.00|0.0000|7|37|0|0|0.0047|0.0002|0.0001|-0.1376|0.0019||0.12|13|0.00|0
GME211223P00460000||||||53||||0|0|0|-1.0000|0.0000|-0.0378|0.0016|0.0000||305.65|13|300.45|10
GME211223C00470000||||0.04|0.04|54|0.00|0.0000|9|72|0|0|0.0041|0.0002|0.0000|-0.1228|0.0017||0.14|13|0.01|1
GME211223P00470000||||||54||||0|0|0|-1.0000|0.0000|-0.0386|0.0016|0.0000||315.65|10|310.45|10
GME211223C00480000|0.14|0.14|0.14|0.05|0.14|55|0.09|1.8000|102|195|3|3|0.0035|0.0002|0.0000|-0.1049|0.0015||0.13|13|0.01|7
GME211223P00480000||||||55||||0|0|0|-1.0000|0.0000|-0.0419|0.0018|0.0000||325.65|10|320.45|10
GME211223C00490000|0.09|0.09|0.05|0.09|0.05|56|-0.04|-0.4444|124|217|1|3|0.0050|0.0002|0.0001|-0.1554|0.0021||0.05|5|0.04|2
GME211223P00490000||||||56||0.0000|0|0|0|0|-1.0000|0.0000|-0.0403|0.0017|0.0000||335.65|10|330.45|12
GME211223C00500000|0.07|0.07|0.01|0.07|0.01|57|-0.06|-0.8571|300|919|2|14|0.0047|0.0002|0.0001|-0.1490|0.0020||0.05|5|0.03|3
GME211223P00500000||||323.46|323.46|57|0.00|0.0000|0|1|0|0|-1.0000|0.0000|-0.0411|0.0015|0.0000||345.65|10|340.40|10
GME211223C00510000|0.05|0.08|0.04|0.07|0.04|58|-0.03|-0.4286|963|3488|5|457|0.0033|0.0002|0.0000|-0.1051|0.0014||0.05|50|0.04|14
GME211223P00510000||||336.90|336.90|58|0.00|0.0000|0|0|0|0|-0.9994|0.0000|-0.0419|-0.0168|0.0003||355.65|10|350.40|10
GME211231C00070000||||||30||0.0000|0|0|0|0|0.9853|0.0006|0.0203|-0.1100|0.0102||91.15|16|83.60|39
GME211231P00070000|0.14|0.14|0.10|0.17|0.10|30|-0.07|-0.4118|153|200|1|6|-0.0044|0.0002|-0.0002|-0.0305|0.0035||0.16|31|0.01|22
GME211231C00075000||||||29||0.0000|0|0|0|0|0.9755|0.0009|0.0212|-0.1743|0.0157||87.60|12|77.95|32
GME211231P00075000||||0.31|0.31|29||0.0000|2|25|0|0|-0.0107|0.0005|-0.0006|-0.0706|0.0077||0.27|34|0.07|18
GME211231C00080000||||65.68|65.68|28|0.00|0.0000|0|1|0|0|1.0000|0.0000|0.0241|-0.0003|0.0000||81.80|17|74.60|47
GME211231P00080000|0.20|0.20|0.20|0.35|0.20|28|-0.15|-0.4286|-11|96|1|1|-0.0090|0.0005|-0.0005|-0.0534|0.0067||0.27|24|0.14|11
GME211231C00085000||||||27||||0|0|0|1.0000|0.0000|0.0256|-0.0003|0.0000||76.00|17|68.10|61
GME211231P00085000||||0.61|0.61|27|0.00|0.0000|32|49|0|0|-0.0233|0.0010|-0.0013|-0.1333|0.0150||0.85|43|0.12|76
GME211231C00090000||||||26||||0|0|0|1.0000|0.0000|0.0271|-0.0003|0.0000||70.90|17|64.20|50
GME211231P00090000||||0.47|0.47|26|0.00|0.0000|6|52|0|0|-0.0206|0.0011|-0.0011|-0.1049|0.0136||0.35|2|0.20|15
GME211231C00095000||||||25||||0|0|0|1.0000|0.0000|0.0286|-0.0003|0.0000||66.40|17|58.25|61
GME211231P00095000|0.45|0.45|0.45|0.60|0.45|25|-0.15|-0.2500|6|49|1|1|-0.0215|0.0012|-0.0011|-0.0984|0.0141||0.55|82|0.25|91
GME211231C00100000||||57.60|57.60|24|0.00|0.0000|0|30|0|0|0.9595|0.0020|0.0280|-0.1771|0.0238||61.75|21|53.40|53
GME211231P00100000|0.65|0.65|0.47|0.78|0.49|24|-0.29|-0.3718|-33|1155|10|41|-0.0290|0.0016|-0.0015|-0.1215|0.0181||0.65|2|0.36|56
GME211231C00105000||||||23||||0|0|0|1.0000|0.0000|0.0316|-0.0004|0.0000||56.50|17|47.75|63
GME211231P00105000|0.75|0.75|0.75|0.88|0.75|23|-0.13|-0.1477|11|63|10|40|-0.0370|0.0021|-0.0019|-0.1410|0.0221||0.93|74|0.51|36
GME211231C00110000||||43.00|43.00|22|0.00|0.0000|0|2|0|0|0.9691|0.0022|0.0316|-0.1019|0.0191||54.05|36|44.05|62
GME211231P00110000|1.05|1.05|0.72|1.07|0.72|22|-0.35|-0.3271|20|364|2|3|-0.0518|0.0028|-0.0027|-0.1808|0.0290||1.05|41|0.56|72
GME211231C00115000||||35.25|35.25|21||0.0000|0|1|0|0|0.9176|0.0039|0.0303|-0.2709|0.0416||47.25|19|40.85|16
GME211231P00115000|1.48|1.48|1.00|1.44|1.10|21|-0.34|-0.2361|26|44|5|111|-0.0580|0.0034|-0.0030|-0.1782|0.0317||1.25|16|1.00|12
GME211231C00120000||||37.30|37.30|20|0.00|0.0000|-1|9|0|0|0.9607|0.0033|0.0342|-0.0989|0.0232||42.05|20|35.65|22
GME211231P00120000|1.58|1.70|1.23|1.80|1.50|20|-0.30|-0.1667|88|392|12|102|-0.0810|0.0045|-0.0042|-0.2258|0.0410||1.50|1|1.29|48
GME211231C00130000||||24.10|24.10|19|0.00|0.0000|0|90|0|0|0.9065|0.0069|0.0344|-0.1851|0.0457||33.35|39|27.25|39
GME211231P00130000|3.21|3.21|2.38|3.00|2.46|19|-0.54|-0.1800|36|448|1|43|-0.1309|0.0072|-0.0068|-0.2836|0.0581||2.66|22|2.29|30
GME211231C00135000||||||18||||0|0|0|1.0000|0.0000|0.0407|-0.0005|0.0000||28.60|34|23.70|19
GME211231P00135000|4.18|4.18|3.00|4.75|3.35|18|-1.40|-0.2947|27|54|2|16|-0.1797|0.0089|-0.0095|-0.3515|0.0717||3.45|8|3.00|41
GME211231C00136000||||||17||||0|0|0|1.0000|0.0000|0.0410|-0.0005|0.0000||27.80|39|22.95|18
GME211231P00136000||||5.38|5.38|17||0.0000|1|1|0|0|-0.2076|0.0088|-0.0111|-0.4225|0.0783||4.70|124|3.00|70
GME211231C00137000||||||16||||0|0|0|1.0000|0.0000|0.0413|-0.0005|0.0000||27.00|23|22.15|15
GME211231P00137000|4.10|4.10|4.10|4.10|4.10|16|0.00|0.0000|0|0|1|1|-0.2012|0.0095|-0.0106|-0.3772|0.0768||5.20|141|3.10|91
GME211231C00138000||||||15||0.0000|0|0|0|0|0.7764|0.0095|0.0296|-0.4289|0.0817||26.25|17|21.80|16
GME211231P00138000||||5.94|5.94|15|0.00|0.0000|1|1|0|0|-0.2385|0.0089|-0.0130|-0.4877|0.0847||4.45|90|3.30|106
GME211231C00139000||||22.75|22.75|14||0.0000|4|4|0|0|0.7632|0.0096|0.0292|-0.4493|0.0844||25.45|28|20.50|18
GME211231P00139000||||6.20|6.20|14|0.00|0.0000|2|9|0|0|-0.2479|0.0092|-0.0135|-0.4948|0.0865||4.50|89|3.50|94
GME211231C00140000|22.24|22.24|22.24|23.00|22.24|13|-0.76|-0.0330|-2|87|1|1|0.7530|0.0099|0.0289|-0.4574|0.0863||24.75|56|19.90|40
GME211231P00140000|4.85|4.85|4.00|5.25|4.45|13|-0.80|-0.1524|8|226|7|56|-0.2278|0.0107|-0.0120|-0.3880|0.0826||4.60|7|4.00|47
GME211231C00141000||||||12||||0|0|0|1.0000|0.0000|0.0425|-0.0005|0.0000||24.35|37|18.75|41
GME211231P00141000||||7.05|7.05|12||0.0000|1|4|0|0|-0.2557|0.0103|-0.0137|-0.4569|0.0879||6.00|123|3.90|88
GME211231C00142000||||||11||0.0000|0|0|0|0|0.7288|0.0103|0.0281|-0.4854|0.0906||23.15|44|18.40|19
GME211231P00142000||||7.00|7.00|11|0.00|0.0000|1|12|0|0|-0.2770|0.0099|-0.0151|-0.5124|0.0916||5.60|92|4.20|65
GME211231C00143000||||18.95|18.95|10|0.00|0.0000|0|1|0|0|0.7312|0.0114|0.0288|-0.4357|0.0902||22.30|38|17.45|29
GME211231P00143000||||6.10|6.10|10||0.0000|1|10|0|0|-0.2776|0.0108|-0.0150|-0.4714|0.0917||6.00|81|4.45|71
GME211231C00144000||||19.67|19.67|9|0.00|0.0000|4|6|0|0|0.7025|0.0105|0.0272|-0.5215|0.0947||21.75|45|17.05|20
GME211231P00144000||||8.14|8.14|9|0.00|0.0000|0|5|0|0|-0.3028|0.0100|-0.0167|-0.5517|0.0955||6.15|77|4.70|71
GME211231C00145000||||19.18|19.18|8|0.00|0.0000|0|104|0|0|0.6899|0.0105|0.0267|-0.5373|0.0965||20.85|18|16.45|19
GME211231P00145000|6.00|6.00|5.15|6.54|5.15|8|-1.39|-0.2125|26|43|1|7|-0.2876|0.0124|-0.0153|-0.4266|0.0932||6.20|18|5.05|80
GME211231C00146000||||20.00|20.00|7||0.0000|0|7|0|0|0.6833|0.0112|0.0268|-0.5146|0.0974||20.10|47|15.80|22
GME211231P00146000||||7.36|7.36|7|0.00|0.0000|2|9|0|0|-0.3121|0.0117|-0.0169|-0.4883|0.0968||7.10|75|5.25|68
GME211231C00147000||||15.75|15.75|6|0.00|0.0000|0|3|0|0|0.6864|0.0130|0.0276|-0.4393|0.0969||19.65|38|15.20|19
GME211231P00147000||||7.75|7.75|6|0.00|0.0000|1|6|0|0|-0.3246|0.0119|-0.0176|-0.4954|0.0984||7.55|112|5.55|86
GME211231C00148000||||15.95|15.95|5||0.0000|-1|0|0|0|0.6593|0.0116|0.0260|-0.5273|0.1003||18.80|37|14.55|20
GME211231P00148000||||10.38|10.38|5|0.00|0.0000|2|6|0|0|-0.3500|0.0102|-0.0196|-0.6113|0.1013||7.65|72|5.70|74
GME211231C00149000||||15.65|15.65|4|0.00|0.0000|0|7|0|0|0.6499|0.0122|0.0259|-0.5102|0.1013||18.45|41|14.15|26
GME211231P00149000|6.80|6.80|6.80|10.82|6.80|4|-4.02|-0.3715|7|33|2|2|-0.3609|0.0103|-0.0202|-0.6175|0.1024||7.70|67|6.15|81
GME211231C00150000|16.00|16.85|15.00|15.05|16.85|3|1.80|0.1196|28|476|1|18|0.6326|0.0115|0.0250|-0.5607|0.1030||16.85|54|14.10|17
GME211231P00150000|8.50|8.50|7.25|8.80|7.50|3|-1.30|-0.1477|218|531|1|21|-0.3580|0.0134|-0.0193|-0.4743|0.1021||8.15|57|6.75|123
GME211231C00152500||||13.85|13.85|2|0.00|0.0000|12|21|0|0|0.6039|0.0126|0.0242|-0.5365|0.1054||15.25|42|11.90|28
GME211231P00152500||||11.00|11.00|2|0.00|0.0000|11|27|0|0|-0.3975|0.0119|-0.0220|-0.5682|0.1055||9.25|58|7.50|76
GME211231C00155000|13.60|13.60|13.60|12.90|13.60|1|0.70|0.0543|21|280|1|1|0.5720|0.0118|0.0228|-0.5928|0.1073||14.60|57|11.10|37
GME211231P00155000|10.75|10.80|9.00|10.95|10.00|1|-0.95|-0.0868|25|153|4|15|-0.4288|0.0147|-0.0232|-0.4755|0.1073||10.70|29|9.05|64
GME211231C00157500|11.50|11.60|11.25|12.40|11.25|1|-1.15|-0.0927|1|38|2|8|0.5394|0.0128|0.0219|-0.5618|0.1085||11.95|65|10.05|43
GME211231P00157500|11.00|11.57|11.00|12.00|11.57|1|-0.43|-0.0358|0|10|1|13|-0.4653|0.0145|-0.0254|-0.4936|0.1087||12.20|39|9.75|47
GME211231C00160000|11.00|11.80|9.65|10.75|9.65|2|-1.10|-0.1023|89|436|1|59|0.5047|0.0134|0.0207|-0.5415|0.1091||10.20|14|9.40|1
GME211231P00160000|13.60|13.60|11.73|13.50|11.73|2|-1.77|-0.1311|-8|112|1|2|-0.4974|0.0138|-0.0275|-0.5246|0.1091||13.65|35|11.40|56
GME211231C00162500|9.00|10.25|9.00|10.50|10.25|3|-0.25|-0.0238|4|16|1|8|0.4821|0.0121|0.0196|-0.5967|0.1090||10.00|77|8.45|13
GME211231P00162500||||||3||||0|0|0|-1.0000|0.0000|-0.0490|0.0006|0.0000||15.40|32|12.45|25
GME211231C00165000|8.70|9.43|7.78|9.89|9.43|4|-0.46|-0.0465|41|353|1|21|0.4382|0.0134|0.0182|-0.5272|0.1078||9.95|109|7.55|35
GME211231P00165000|15.80|16.39|15.24|21.57|15.38|4|-6.19|-0.2870|0|135|1|96|-0.5563|0.0129|-0.0314|-0.5499|0.1080||16.90|14|14.00|49
GME211231C00167500|7.75|7.75|7.75|7.94|7.75|5|-0.19|-0.0239|54|59|1|1|0.4173|0.0124|0.0172|-0.5574|0.1067||9.20|76|6.85|43
GME211231P00167500|17.95|17.95|17.15|18.75|17.80|5|-0.95|-0.0507|139|139|1|142|-0.5785|0.0121|-0.0331|-0.5731|0.1070||18.80|17|15.50|56
GME211231C00170000|7.84|8.25|6.70|7.52|7.02|6|-0.50|-0.0665|63|313|1|40|0.3942|0.0119|0.0163|-0.5668|0.1052||7.35|61|6.45|42
GME211231P00170000|19.67|19.67|17.60|21.88|18.50|6|-3.38|-0.1545|0|171|2|14|-0.6316|0.0134|-0.0357|-0.4836|0.1031||20.75|19|18.30|39
GME211231C00172500|6.90|6.90|6.30|5.92|6.30|7|0.38|0.0642|10|20|1|3|0.3642|0.0118|0.0151|-0.5454|0.1027||7.25|96|5.90|58
GME211231P00172500||||||7||||0|0|0|-1.0000|0.0000|-0.0520|0.0006|0.0000||23.65|45|19.10|41
GME211231C00175000|6.70|6.70|5.80|6.60|5.80|8|-0.80|-0.1212|29|602|1|6|0.3441|0.0112|0.0143|-0.5493|0.1006||6.00|2|5.50|30
GME211231P00175000||||24.94|24.94|8||0.0000|3|64|0|0|-0.6584|0.0113|-0.0385|-0.5410|0.1004||25.60|32|21.00|18
GME211231C00180000|5.78|5.78|4.75|5.84|5.05|9|-0.79|-0.1353|162|441|5|59|0.2939|0.0106|0.0123|-0.5102|0.0942||5.25|14|4.85|5
GME211231P00180000|27.95|27.95|27.88|29.98|27.88|9|-2.10|-0.0700|6|98|1|2|-0.7225|0.0110|-0.0425|-0.4655|0.0916||29.85|41|24.95|48
GME211231C00185000|4.65|4.80|4.36|5.00|4.80|10|-0.20|-0.0400|17|149|2|16|0.2712|0.0094|0.0113|-0.5296|0.0906||4.70|55|4.05|55
GME211231P00185000|31.64|31.96|31.64|33.85|31.82|10|-2.03|-0.0600|-1|69|1|8|-0.7746|0.0101|-0.0461|-0.4069|0.0821||33.65|30|29.45|45
GME211231C00190000|4.70|4.70|3.75|4.49|3.87|11|-0.62|-0.1381|76|230|1|18|0.2443|0.0086|0.0102|-0.5213|0.0858||4.00|20|3.55|20
GME211231P00190000|36.78|36.78|36.68|39.87|36.68|11|-3.19|-0.0800|2|86|6|7|-0.7639|0.0087|-0.0474|-0.4970|0.0842||38.45|18|33.55|25
GME211231C00195000|3.90|3.90|3.40|4.20|3.54|12|-0.66|-0.1571|28|135|3|8|0.2136|0.0079|0.0089|-0.4885|0.0796||3.70|54|3.15|52
GME211231P00195000||||42.48|42.48|12|0.00|0.0000|-8|73|0|0|-0.7752|0.0078|-0.0494|-0.5216|0.0820||43.00|24|38.25|41
GME211231C00200000|3.30|3.45|2.92|3.65|3.15|13|-0.50|-0.1370|130|1226|1|60|0.1882|0.0072|0.0079|-0.4598|0.0738||3.25|12|2.95|1
GME211231P00200000||||46.76|46.76|13|0.00|0.0000|2|353|0|0|-0.8036|0.0072|-0.0521|-0.4840|0.0757||48.75|38|42.80|39
GME211231C00205000|3.05|3.05|3.05|3.25|3.05|14|-0.20|-0.0615|0|132|1|2|0.1801|0.0066|0.0075|-0.4756|0.0718||3.10|67|2.58|25
GME211231P00205000||||53.30|53.30|14|0.00|0.0000|0|17|0|0|-0.7732|0.0065|-0.0526|-0.6333|0.0824||53.60|23|47.20|17
GME211231C00210000|3.00|3.00|2.50|3.00|2.50|15|-0.50|-0.1667|1|117|1|6|0.1614|0.0060|0.0067|-0.4509|0.0669||2.83|72|2.36|62
GME211231P00210000|54.77|54.77|54.77|56.73|54.77|15|-1.96|-0.0345|1|34|2|2|-0.8363|0.0060|-0.0565|-0.4579|0.0675||59.70|35|49.70|50
GME211231C00215000|2.45|2.45|2.45|2.95|2.45|16|-0.50|-0.1695|25|115|1|2|0.1473|0.0055|0.0061|-0.4350|0.0630||2.71|79|2.21|34
GME211231P00215000||||75.80|75.80|16|0.00|0.0000|0|10|0|0|-0.6128|0.0044|-0.0518|-1.5143|0.1047||63.00|25|57.05|30
GME211231C00220000|2.33|2.33|2.17|2.58|2.17|17|-0.41|-0.1589|159|388|2|8|0.1380|0.0051|0.0057|-0.4302|0.0603||2.29|1|2.04|57
GME211231P00220000||||71.18|71.18|17|0.00|0.0000|1|25|0|0|-0.7386|0.0052|-0.0564|-0.9277|0.0889||68.60|31|61.45|29
GME211231C00225000|2.20|2.20|2.20|2.56|2.20|18|-0.36|-0.1406|23|109|7|7|0.1254|0.0047|0.0052|-0.4095|0.0564||2.36|70|1.90|43
GME211231P00225000|69.27|69.27|69.27|73.87|69.27|18|-4.60|-0.0623|0|152|1|1|-0.7856|0.0051|-0.0594|-0.7636|0.0798||71.85|19|66.05|42
GME211231C00230000||||2.28|2.28|19|0.00|0.0000|33|187|0|0|0.1276|0.0045|0.0053|-0.4403|0.0571||2.20|32|1.78|29
GME211231P00230000||||70.97|70.97|19|0.00|0.0000|0|13|0|0|-0.9672|0.0024|-0.0679|-0.1016|0.0200||77.55|30|71.25|37
GME211231C00235000||||2.10|2.10|20|0.00|0.0000|4|249|0|0|0.1179|0.0042|0.0049|-0.4238|0.0540||2.66|100|1.52|131
GME211231P00235000||||85.29|85.29|20|0.00|0.0000|0|8|0|0|-0.7684|0.0046|-0.0621|-0.9230|0.0833||83.35|27|76.00|21
GME211231C00240000|1.90|1.90|1.90|1.84|1.90|21|0.06|0.0326|2|152|1|1|0.1079|0.0039|0.0045|-0.4024|0.0507||2.19|61|1.59|48
GME211231P00240000|84.30|84.30|84.30|90.04|84.30|21|-5.74|-0.0637|-2|101|1|1|-0.8958|0.0038|-0.0680|-0.3865|0.0494||87.15|15|80.70|17
GME211231C00245000|1.95|1.97|1.95|1.81|1.97|22|0.16|0.0884|13|77|1|2|0.1074|0.0037|0.0044|-0.4179|0.0505||1.96|70|1.51|27
GME211231P00245000|86.50|86.50|86.50|75.00|86.50|22|11.50|0.1533|0|6|1|1|-0.9886|0.0010|-0.0733|-0.0392|0.0082||92.45|16|85.65|17
GME211231C00250000|1.76|1.80|1.54|1.75|1.64|23|-0.11|-0.0629|46|891|1|19|0.0901|0.0033|0.0037|-0.3596|0.0444||1.70|13|1.55|1
GME211231P00250000||||104.79|104.79|23||0.0000|0|6|0|0|-0.9037|0.0034|-0.0714|-0.3857|0.0467||97.15|20|90.70|16
GME211231C00260000|1.29|1.42|1.29|1.56|1.42|24|-0.14|-0.0897|4|169|10|11|0.0810|0.0030|0.0034|-0.3456|0.0410||1.63|65|1.30|49
GME211231P00260000||||61.45|61.45|24|0.00|0.0000|0|27|0|0|-0.9997|0.0001|-0.0783|-0.0002|0.0003||107.10|14|100.70|22
GME211231C00270000|1.32|1.37|1.29|1.42|1.29|25|-0.13|-0.0915|0|115|1|5|0.0712|0.0026|0.0029|-0.3215|0.0372||1.25|1|1.19|13
GME211231P00270000||||75.95|75.95|25|0.00|0.0000|0|26|0|0|-0.9989|0.0001|-0.0813|-0.0034|0.0010||117.10|21|110.70|16
GME211231C00280000|1.18|1.24|1.18|1.37|1.24|26|-0.13|-0.0949|27|303|2|3|0.0683|0.0024|0.0028|-0.3267|0.0360||1.27|28|1.06|14
GME211231P00280000||||85.00|85.00|26||0.0000|0|2|0|0|-0.9439|0.0022|-0.0820|-0.2648|0.0309||127.10|15|120.00|43
GME211231C00290000|1.20|1.20|1.00|1.37|1.00|27|-0.37|-0.2701|17|90|1|2|0.0608|0.0022|0.0025|-0.3049|0.0329||1.25|32|0.98|32
GME211231P00290000||||130.72|130.72|27|0.00|0.0000|0|7|0|0|-0.9705|0.0014|-0.0861|-0.1427|0.0183||136.85|15|130.00|55
GME211231C00300000|1.05|1.10|0.92|1.10|1.00|28|-0.10|-0.0909|140|573|1|74|0.0532|0.0019|0.0022|-0.2784|0.0296||1.00|4|0.91|5
GME211231P00300000||||||28||0.0000|0|0|0|0|-0.9508|0.0018|-0.0884|-0.2557|0.0278||146.85|12|139.80|28
GME211231C00310000|0.93|0.93|0.93|0.85|0.93|29|0.08|0.0941|10|63|1|1|0.0507|0.0018|0.0021|-0.2772|0.0285||1.01|4|0.81|11
GME211231P00310000||||||29||||0|0|0|-1.0000|0.0000|-0.0934|0.0011|0.0000||156.85|11|147.80|28
GME211231C00320000||||0.95|0.95|30|0.00|0.0000|12|34|0|0|0.0500|0.0017|0.0020|-0.2847|0.0282||1.00|15|0.67|14
GME211231P00320000||||||30||||0|0|0|-1.0000|0.0000|-0.0964|0.0012|0.0000||166.85|12|157.70|23
GME211231C00330000|0.87|0.87|0.87|0.88|0.87|31|-0.01|-0.0114|33|58|20|20|0.0457|0.0016|0.0019|-0.2700|0.0263||1.00|13|0.67|9
GME211231P00330000||||||31||||0|0|0|-1.0000|0.0000|-0.0994|0.0012|0.0000||176.85|11|167.65|23
GME211231C00340000|0.77|0.77|0.77|0.82|0.77|32|-0.05|-0.0610|1|15|1|1|0.0409|0.0014|0.0017|-0.2491|0.0240||1.00|34|0.52|41
GME211231P00340000||||||32||||0|0|0|-1.0000|0.0000|-0.1025|0.0012|0.0000||186.85|12|177.60|30
GME211231C00350000|0.69|0.70|0.63|0.75|0.65|33|-0.10|-0.1333|44|187|1|65|0.0369|0.0013|0.0015|-0.2318|0.0220||0.69|8|0.48|14
GME211231P00350000||||||33||||0|0|0|-1.0000|0.0000|-0.1055|0.0013|0.0000||196.85|11|187.60|23
GME211231C00360000||||0.77|0.77|34|0.00|0.0000|10|41|0|0|0.0390|0.0013|0.0016|-0.2533|0.0231||0.85|35|0.45|38
GME211231P00360000||||||34||||0|0|0|-1.0000|0.0000|-0.1085|0.0013|0.0000||206.85|12|197.55|30
GME211231C00370000|0.60|0.62|0.60|0.66|0.62|35|-0.04|-0.0606|2|9|1|2|0.0343|0.0011|0.0014|-0.2289|0.0208||0.85|34|0.45|22
GME211231P00370000||||||35||||0|0|0|-1.0000|0.0000|-0.1115|0.0013|0.0000||216.85|15|207.55|23
GME211231C00380000|0.65|0.65|0.65|0.72|0.65|36|-0.07|-0.0972|16|38|1|1|0.0331|0.0011|0.0013|-0.2267|0.0202||0.85|54|0.42|25
GME211231P00380000||||||36||||0|0|0|-1.0000|0.0000|-0.1145|0.0014|0.0000||226.85|12|217.35|32
GME211231C00390000||||0.68|0.68|37||0.0000|1|18|0|0|0.0307|0.0010|0.0012|-0.2153|0.0189||0.85|49|0.37|22
GME211231P00390000||||||37||0.0000|0|0|0|0|-0.9834|0.0007|-0.1168|-0.1139|0.0113||238.95|4|227.35|32
GME211231C00400000|0.42|0.49|0.42|0.60|0.47|38|-0.13|-0.2167|18|152|1|6|0.0251|0.0009|0.0010|-0.1798|0.0160||0.55|15|0.37|8
GME211231P00400000||||||38||||0|0|0|-1.0000|0.0000|-0.1205|0.0015|0.0000||248.80|11|237.35|22
GME211231C00410000|0.45|0.45|0.45|0.58|0.45|39|-0.13|-0.2241|2|37|2|2|0.0238|0.0008|0.0010|-0.1749|0.0153||0.55|20|0.27|36
GME211231P00410000||||||39||0.0000|0|0|0|0|-0.9910|0.0004|-0.1232|-0.0634|0.0066||258.80|4|247.30|30
GME211231C00420000|0.55|0.55|0.55|0.54|0.55|40|0.01|0.0185|2|260|1|1|0.0272|0.0009|0.0011|-0.2048|0.0172||0.55|21|0.26|16
GME211231P00420000||||||40||||0|0|0|-1.0000|0.0000|-0.1266|0.0015|0.0000||266.45|12|257.30|30
GME211231C00430000||||0.46|0.46|41||0.0000|1|33|0|0|0.0256|0.0008|0.0010|-0.1966|0.0163||0.55|22|0.20|26
GME211231P00430000||||||41||0.0000|0|0|0|0|-0.9950|0.0003|-0.1294|-0.0362|0.0040||276.45|14|267.25|34
GME211231C00440000||||0.61|0.61|42|0.00|0.0000|0|22|0|0|0.0285|0.0009|0.0011|-0.2237|0.0178||0.55|22|0.20|32
GME211231P00440000||||||42||||0|0|0|-1.0000|0.0000|-0.1326|0.0016|0.0000||286.45|14|277.25|33
GME211231C00450000|0.37|0.37|0.37|0.45|0.37|43|-0.08|-0.1778|7|42|1|2|0.0193|0.0007|0.0008|-0.1534|0.0128||0.54|36|0.20|51
GME211231P00450000||||||43||0.0000|0|0|0|0|-1.0000|0.0000|-0.1356|0.0016|0.0000||296.45|6|287.20|30
GME211231C00460000|0.39|0.39|0.39|0.40|0.39|44|-0.01|-0.0250|2|21|1|2|0.0205|0.0007|0.0008|-0.1664|0.0135||0.54|64|0.20|41
GME211231P00460000||||||44||0.0000|0|0|0|0|-1.0000|0.0000|-0.1386|0.0017|0.0000||306.45|13|297.20|33
GME211231C00470000||||0.40|0.40|45|0.00|0.0000|1|63|0|0|0.0199|0.0006|0.0008|-0.1643|0.0132||0.54|37|0.20|20
GME211231P00470000||||||45||0.0000|0|0|0|0|-1.0000|0.0000|-0.1416|0.0017|0.0000||316.45|13|307.15|36
GME211231C00480000||||0.37|0.37|46|0.00|0.0000|-1|41|0|0|0.0184|0.0006|0.0007|-0.1544|0.0123||0.54|32|0.20|12
GME211231P00480000||||||46||||0|0|0|-1.0000|0.0000|-0.1447|0.0017|0.0000||328.40|14|317.15|36
GME211231C00490000||||0.42|0.42|47|0.00|0.0000|20|139|0|0|0.0201|0.0006|0.0008|-0.1719|0.0133||0.54|39|0.20|12
GME211231P00490000||||||47||||0|0|0|-1.0000|0.0000|-0.1477|0.0018|0.0000||339.95|12|327.15|33
GME211231C00500000|0.34|0.35|0.19|0.37|0.28|48|-0.09|-0.2432|306|1751|1|122|0.0141|0.0005|0.0006|-0.1224|0.0098||0.31|1|0.22|1
GME211231P00500000||||||48||0.0000|0|0|0|0|-1.0000|0.0000|-0.1507|0.0018|0.0000||349.95|14|337.10|33
GME220107C00070000||||69.05|69.05|30|0.00|0.0000|0|1|0|0|0.9976|0.0002|0.0343|-0.0104|0.0027||91.30|17|84.20|23
GME220107P00070000|0.33|0.33|0.32|0.52|0.32|30|-0.20|-0.3846|2|377|10|12|-0.0168|0.0006|-0.0015|-0.0775|0.0146||0.48|27|0.18|55
GME220107C00075000||||||29||||0|0|0|1.0000|0.0000|0.0370|-0.0003|0.0000||88.65|13|78.70|29
GME220107P00075000||||1.20|1.20|29||0.0000|0|18|0|0|-0.0237|0.0008|-0.0022|-0.1023|0.0195||1.50|59|0.20|28
GME220107C00080000||||||28||||0|0|0|1.0000|0.0000|0.0394|-0.0003|0.0000||83.30|13|73.65|29
GME220107P00080000||||1.06|1.06|28|0.00|0.0000|3|6|0|0|-0.0318|0.0011|-0.0029|-0.1284|0.0250||1.15|99|0.30|83
GME220107C00085000||||||27||||0|0|0|1.0000|0.0000|0.0419|-0.0003|0.0000||78.45|13|68.85|29
GME220107P00085000||||1.48|1.48|27|0.00|0.0000|0|1|0|0|-0.0431|0.0014|-0.0040|-0.1634|0.0320||1.53|74|0.43|70
GME220107C00090000||||||26||||0|0|0|1.0000|0.0000|0.0444|-0.0003|0.0000||72.15|18|64.20|55
GME220107P00090000|0.75|0.75|0.75|1.40|0.75|26|-0.65|-0.4643|1|9|1|1|-0.0444|0.0016|-0.0041|-0.1513|0.0328||1.00|1|0.75|13
GME220107C00095000||||||25||||0|0|0|1.0000|0.0000|0.0468|-0.0004|0.0000||67.25|18|59.20|47
GME220107P00095000||||1.69|1.69|25|0.00|0.0000|11|18|0|0|-0.0548|0.0020|-0.0050|-0.1727|0.0388||1.95|68|0.75|67
GME220107C00100000||||48.73|48.73|24|0.00|0.0000|0|4|0|0|0.9379|0.0023|0.0437|-0.1775|0.0428||62.65|23|55.00|23
GME220107P00100000|1.58|1.58|1.58|1.70|1.58|24|-0.12|-0.0706|3|80|5|5|-0.0638|0.0024|-0.0058|-0.1832|0.0437||1.60|1|1.03|65
GME220107C00105000||||||23||0.0000|0|0|0|0|0.9164|0.0029|0.0441|-0.2249|0.0538||58.05|19|50.00|20
GME220107P00105000||||2.30|2.30|23|0.00|0.0000|3|18|0|0|-0.0782|0.0029|-0.0071|-0.2063|0.0511||2.29|56|1.22|88
GME220107C00110000||||||22||||0|0|0|1.0000|0.0000|0.0542|-0.0004|0.0000||55.55|33|45.55|31
GME220107P00110000||||2.85|2.85|22||0.0000|6|72|0|0|-0.0942|0.0034|-0.0085|-0.2272|0.0587||2.61|52|1.70|69
GME220107C00115000||||||21||0.0000|0|0|0|0|0.8890|0.0041|0.0467|-0.2427|0.0662||48.95|42|39.20|45
GME220107P00115000||||3.47|3.47|21|0.00|0.0000|7|21|0|0|-0.1173|0.0041|-0.0107|-0.2612|0.0689||3.60|51|2.33|41
GME220107C00120000||||39.89|39.89|20|0.00|0.0000|0|101|0|0|0.8746|0.0049|0.0480|-0.2425|0.0722||44.15|38|37.10|36
GME220107P00120000|3.35|3.35|3.32|3.85|3.35|20|-0.50|-0.1299|29|869|1|8|-0.1261|0.0049|-0.0113|-0.2440|0.0725||3.70|59|2.98|25
GME220107C00130000||||33.50|33.50|19|0.00|0.0000|0|15|0|0|0.7857|0.0062|0.0442|-0.3819|0.1020||35.65|41|29.10|37
GME220107P00130000|5.07|5.07|4.50|6.00|4.50|19|-1.50|-0.2500|9|173|10|15|-0.1877|0.0068|-0.0169|-0.2973|0.0942||5.25|18|4.45|46
GME220107C00135000||||20.10|20.10|18|0.00|0.0000|0|3|0|0|0.8620|0.0092|0.0550|-0.1472|0.0771||32.05|40|26.05|27
GME220107P00135000||||8.30|8.30|18|0.00|0.0000|67|98|0|0|-0.2484|0.0070|-0.0231|-0.3986|0.1108||7.05|93|5.25|55
GME220107C00136000||||||17||||0|0|0|1.0000|0.0000|0.0671|-0.0005|0.0000||30.55|24|25.75|13
GME220107P00136000||||||17||||0|0|0|0.0000|0.0000|0.0000|0.0000|0.0000||7.35|79|5.50|55
GME220107C00137000||||||16||0.0000|0|0|0|0|0.7463|0.0078|0.0443|-0.3678|0.1120||30.25|17|24.55|20
GME220107P00137000||||||16||||0|0|0|0.0000|0.0000|0.0000|0.0000|0.0000||8.10|97|5.55|82
GME220107C00138000||||||15||||0|0|0|1.0000|0.0000|0.0681|-0.0005|0.0000||29.20|38|24.40|13
GME220107P00138000||||8.90|8.90|15|0.00|0.0000||5|0|0|-0.2695|0.0075|-0.0251|-0.4019|0.1155||7.95|90|5.80|81
GME220107C00139000||||||14||||0|0|0|1.0000|0.0000|0.0685|-0.0005|0.0000||28.50|16|23.50|13
GME220107P00139000||||9.10|9.10|14||0.0000|15|15|0|0|-0.2698|0.0081|-0.0248|-0.3732|0.1156||7.95|60|6.15|65
GME220107C00140000||||27.09|27.09|13|0.00|0.0000|-2|21|0|0|0.7063|0.0073|0.0411|-0.4528|0.1204||27.60|33|22.75|20
GME220107P00140000||||8.25|8.25|13|0.00|0.0000|11|177|0|0|-0.2762|0.0084|-0.0253|-0.3677|0.1169||8.20|73|6.45|67
GME220107C00141000||||||12||||0|0|0|1.0000|0.0000|0.0695|-0.0005|0.0000||27.25|28|21.90|34
GME220107P00141000||||||12||||0|0|0|0.0000|0.0000|0.0000|0.0000|0.0000||9.35|110|6.75|84
GME220107C00142000||||||11||||0|0|0|1.0000|0.0000|0.0700|-0.0005|0.0000||26.75|38|20.90|21
GME220107P00142000||||||11||||0|0|0|0.0000|0.0000|0.0000|0.0000|0.0000||8.70|64|7.10|78
GME220107C00143000||||||10||0.0000|0|0|0|0|0.6927|0.0086|0.0421|-0.3974|0.1229||26.00|35|21.15|10
GME220107P00143000||||||10||||0|0|0|0.0000|0.0000|0.0000|0.0000|0.0000||10.00|91|7.45|58
GME220107C00144000||||||9||0.0000|0|0|0|0|0.6831|0.0088|0.0416|-0.4025|0.1246||25.15|33|20.15|23
GME220107P00144000||||||9||||0|0|0|0.0000|0.0000|0.0000|0.0000|0.0000||9.90|66|7.80|63
GME220107C00145000||||23.91|23.91|8||0.0000|-1|35|0|0|0.6737|0.0089|0.0412|-0.4067|0.1261||24.65|33|19.70|32
GME220107P00145000||||10.00|10.00|8|0.00|0.0000|10|120|0|0|-0.3234|0.0092|-0.0298|-0.3883|0.1256||10.20|96|8.20|68
GME220107C00146000||||||7||||0|0|0|1.0000|0.0000|0.0720|-0.0005|0.0000||23.85|42|18.95|33
GME220107P00146000||||10.38|10.38|7|0.00|0.0000||10|0|0|-0.3332|0.0094|-0.0307|-0.3917|0.1272||10.30|66|8.55|62
GME220107C00147000||||||6||0.0000|0|0|0|0|0.6562|0.0094|0.0407|-0.4007|0.1287||23.15|40|18.50|29
GME220107P00147000||||||6||0.0000|0|0|0|0|-0.3448|0.0092|-0.0320|-0.4079|0.1288||10.50|40|8.95|49
GME220107C00148000||||||5||||0|0|0|1.0000|0.0000|0.0730|-0.0006|0.0000||22.25|33|17.90|32
GME220107P00148000||||||5||||0|0|0|0.0000|0.0000|0.0000|0.0000|0.0000||11.65|83|9.30|80
GME220107C00149000||||||4||0.0000|0|0|0|0|0.6353|0.0094|0.0394|-0.4173|0.1314||21.75|20|17.15|28
GME220107P00149000||||14.00|14.00|4||0.0000|10|10|0|0|-0.3643|0.0095|-0.0339|-0.4110|0.1314||11.95|96|9.60|69
GME220107C00150000|19.00|19.00|19.00|16.08|19.00|3|2.92|0.1816|3|103|1|2|0.6250|0.0094|0.0388|-0.4270|0.1326||21.20|48|16.75|44
GME220107P00150000|10.15|11.75|10.15|12.20|11.75|3|-0.45|-0.0369|-8|192|1|7|-0.3722|0.0103|-0.0343|-0.3859|0.1323||11.80|60|10.20|83
GME220107C00152500||||16.50|16.50|2|0.00|0.0000||2|0|0|0.6006|0.0103|0.0381|-0.4009|0.1351||19.80|33|15.40|24
GME220107P00152500||||15.87|15.87|2|0.00|0.0000||10|0|0|-0.3989|0.0085|-0.0385|-0.4851|0.1350||13.65|85|10.55|42
GME220107C00155000||||17.00|17.00|1|0.00|0.0000|1|92|0|0|0.5766|0.0094|0.0360|-0.4549|0.1370||18.20|25|14.15|33
GME220107P00155000|13.82|14.40|13.25|15.00|14.40|1|-0.60|-0.0400|-8|1090|1|538|-0.4257|0.0103|-0.0399|-0.4147|0.1371||15.05|54|12.30|66
GME220107C00157500|15.26|15.26|15.16|14.00|15.16|1|1.16|0.0829||2|10|20|0.5470|0.0107|0.0352|-0.4085|0.1386||17.00|22|13.30|21
GME220107P00157500||||||1||||0|0|0|0.0000|0.0000|0.0000|0.0000|0.0000||17.35|26|13.20|39
GME220107C00160000|14.08|14.18|13.63|14.83|13.63|2|-1.20|-0.0809|1|103|1|21|0.5296|0.0095|0.0334|-0.4640|0.1391||15.30|34|12.65|30
GME220107P00160000||||21.19|21.19|2|0.00|0.0000|5|71|0|0|-0.4591|0.0082|-0.0458|-0.5331|0.1388||18.75|35|14.75|36
GME220107C00162500||||12.00|12.00|3|0.00|0.0000||2|0|0|0.4950|0.0107|0.0322|-0.4148|0.1395||14.80|33|11.50|34
GME220107P00162500||||||3||||0|0|0|-1.0000|0.0000|-0.0801|0.0006|0.0000||20.55|44|16.20|41
GME220107C00165000|12.95|12.95|11.10|12.70|11.10|4|-1.60|-0.1260|6|382|1|3|0.4777|0.0100|0.0308|-0.4428|0.1393||13.35|54|11.25|16
GME220107P00165000||||24.69|24.69|4|0.00|0.0000|1|34|0|0|-0.4958|0.0080|-0.0504|-0.5502|0.1395||20.65|21|17.90|39
GME220107C00167500|11.50|11.50|11.50|10.43|11.50|5|1.07|0.1026||1|10|10|0.4574|0.0097|0.0295|-0.4508|0.1387||11.85|18|10.10|19
GME220107P00167500||||||5||||0|0|0|-1.0000|0.0000|-0.0826|0.0006|0.0000||22.35|7|19.35|36
GME220107C00170000|10.48|10.48|9.65|10.00|9.65|6|-0.35|-0.0350|1|60|1|12|0.4371|0.0095|0.0282|-0.4538|0.1378||11.30|36|9.85|22
GME220107P00170000||||25.46|25.46|6|0.00|0.0000|0|38|0|0|-0.5545|0.0091|-0.0554|-0.4785|0.1382||24.20|8|20.85|37
GME220107C00172500|10.75|10.75|9.75|10.75|9.75|7|-1.00|-0.0930||0|1|6|0.4204|0.0092|0.0271|-0.4628|0.1367||10.30|32|9.25|15
GME220107P00172500||||||7||||0|0|0|-1.0000|0.0000|-0.0851|0.0006|0.0000||26.40|24|22.15|45
GME220107C00175000|10.00|10.00|10.00|9.45|10.00|8|0.55|0.0582|-1|125|1|1|0.4029|0.0089|0.0260|-0.4655|0.1354||9.95|45|8.65|53
GME220107P00175000||||31.93|31.93|8|0.00|0.0000|-1|107|0|0|-0.5626|0.0076|-0.0592|-0.5643|0.1378||29.15|21|24.45|26
GME220107C00180000|8.00|8.43|8.00|9.30|8.43|9|-0.87|-0.0935|61|162|1|5|0.3560|0.0089|0.0233|-0.4335|0.1303||8.50|26|7.70|34
GME220107P00180000|31.10|31.10|31.10|32.75|31.10|9|-1.65|-0.0504|0|162|1|1|-0.6533|0.0092|-0.0659|-0.4124|0.1291||33.95|21|28.25|37
GME220107C00185000|7.50|7.50|7.50|8.30|7.50|10|-0.80|-0.0964|5|53|1|1|0.3289|0.0083|0.0215|-0.4379|0.1265||7.70|27|6.90|28
GME220107P00185000||||39.40|39.40|10|0.00|0.0000|0|7|0|0|-0.6234|0.0072|-0.0677|-0.5545|0.1328||36.85|20|32.15|22
GME220107C00190000||||7.51|7.51|11||0.0000|3|120|0|0|0.2978|0.0079|0.0196|-0.4242|0.1212||7.00|27|6.15|59
GME220107P00190000||||42.23|42.23|11|0.00|0.0000|11|37|0|0|-0.6661|0.0073|-0.0724|-0.5066|0.1273||41.80|24|36.80|31
GME220107C00195000||||6.50|6.50|12|0.00|0.0000|1|150|0|0|0.2835|0.0073|0.0185|-0.4392|0.1185||7.05|70|5.60|62
GME220107P00195000||||49.52|49.52|12||0.0000|1|11|0|0|-0.7216|0.0073|-0.0779|-0.4270|0.1174||47.00|39|40.55|33
GME220107C00200000|5.75|6.35|5.45|6.09|5.45|13|-0.64|-0.1051|77|376|1|12|0.2640|0.0068|0.0172|-0.4360|0.1143||5.80|1|5.20|71
GME220107P00200000|48.71|48.90|48.71|50.11|48.90|13|-1.21|-0.0241|4|41|6|17|-0.7451|0.0069|-0.0819|-0.4150|0.1123||50.35|21|45.35|36
GME220107C00205000|5.16|5.16|5.16|5.00|5.16|14|0.16|0.0320|7|103|1|1|0.2359|0.0065|0.0155|-0.4078|0.1077||5.65|44|4.75|50
GME220107P00205000|53.32|53.36|53.32|57.92|53.35|14|-4.57|-0.0789|3|17|6|17|-0.7666|0.0065|-0.0857|-0.4014|0.1071||54.65|13|49.75|39
GME220107C00210000|4.80|4.80|4.80|5.37|4.80|15|-0.57|-0.1061|2|72|1|1|0.2197|0.0061|0.0144|-0.4013|0.1035||5.70|80|4.50|37
GME220107P00210000||||62.52|62.52|15||0.0000|3|31|0|0|-0.7758|0.0060|-0.0889|-0.4109|0.1047||59.65|14|54.15|38
GME220107C00215000||||5.80|5.80|16|0.00|0.0000|-3|19|0|0|0.2342|0.0056|0.0151|-0.4648|0.1073||5.30|44|4.05|39
GME220107P00215000||||75.49|75.49|16|0.00|0.0000|0|4|0|0|-0.6127|0.0044|-0.0847|-0.9254|0.1339||65.45|23|58.40|36
GME220107C00220000|4.25|4.25|4.25|4.28|4.25|17|-0.03|-0.0070|9|125|1|1|0.1935|0.0054|0.0127|-0.3905|0.0960||5.15|79|3.85|53
GME220107P00220000||||70.80|70.80|17||0.0000|0|17|0|0|-0.8015|0.0054|-0.0955|-0.4019|0.0975||69.70|22|63.45|29
GME220107C00225000|3.80|3.80|3.80|3.77|3.80|18|0.03|0.0080|1|89|1|1|0.1762|0.0050|0.0116|-0.3695|0.0905||4.35|35|3.65|31
GME220107P00225000||||80.23|80.23|18|0.00|0.0000|0|1|0|0|-0.6814|0.0046|-0.0925|-0.7733|0.1248||74.65|27|67.00|34
GME220107C00230000||||3.55|3.55|19||0.0000|0|39|0|0|0.1703|0.0048|0.0112|-0.3740|0.0886||4.30|65|3.35|59
GME220107P00230000||||77.14|77.14|19|0.00|0.0000|0|1|0|0|-0.8170|0.0048|-0.1015|-0.4060|0.0927||80.05|29|72.60|23
GME220107C00235000||||3.45|3.45|20|0.00|0.0000|0|11|0|0|0.1588|0.0045|0.0104|-0.3622|0.0847||4.85|77|3.00|102
GME220107P00235000||||87.29|87.29|20|0.00|0.0000|2|2|0|0|-0.7301|0.0045|-0.0998|-0.6809|0.1156||85.50|31|77.90|18
GME220107C00240000|3.35|3.35|3.35|3.40|3.35|21|-0.05|-0.0147|0|61|1|1|0.1523|0.0043|0.0100|-0.3613|0.0824||4.55|79|3.10|48
GME220107P00240000||||91.94|91.94|21|0.00|0.0000|3|4|0|0|-0.7392|0.0043|-0.1028|-0.6792|0.1136||90.30|33|82.45|28
GME220107C00245000||||3.45|3.45|22|0.00|0.0000|0|7|0|0|0.1514|0.0041|0.0099|-0.3741|0.0821||4.45|66|3.00|33
GME220107P00245000||||||22||||0|0|0|-1.0000|0.0000|-0.1208|0.0009|0.0000||94.70|18|87.50|17
GME220107C00250000|3.60|3.63|3.20|3.50|3.61|23|0.11|0.0314|16|112|1|6|0.1522|0.0039|0.0098|-0.3911|0.0823||3.55|75|2.88|20
GME220107P00250000||||71.60|71.60|23|0.00|0.0000|0|1|0|0|-0.9828|0.0013|-0.1220|-0.0379|0.0149||98.65|15|91.90|19
GME220107C00255000||||3.35|3.35|24|0.00|0.0000|1|9|0|0|0.1429|0.0037|0.0092|-0.3780|0.0789||3.85|83|2.72|40
GME220107P00255000||||105.79|105.79|24||0.0000|0|11|0|0|-0.8740|0.0036|-0.1175|-0.3278|0.0724||103.55|18|97.05|15
GME220107C00260000||||2.90|2.90|25||0.0000|0|51|0|0|0.1261|0.0035|0.0082|-0.3408|0.0725||3.50|78|2.56|51
GME220107P00260000||||111.95|111.95|25||0.0000|0|14|0|0|-0.8804|0.0034|-0.1204|-0.3206|0.0698||109.75|33|102.15|25
GME220107C00265000||||3.01|3.01|26||0.0000|1|11|0|0|0.1171|0.0033|0.0077|-0.3246|0.0688||3.45|48|2.23|80
GME220107P00265000||||79.40|79.40|26|0.00|0.0000|0|2|0|0|-0.9886|0.0009|-0.1299|-0.0275|0.0104||114.20|21|103.60|31
GME220107C00270000||||2.50|2.50|27|0.00|0.0000|0|95|0|0|0.1127|0.0032|0.0074|-0.3213|0.0669||3.20|48|2.25|53
GME220107P00270000||||80.41|80.41|27|0.00|0.0000|0|1|0|0|-0.9921|0.0006|-0.1326|-0.0194|0.0076||118.65|17|111.90|18
GME220107C00275000||||3.05|3.05|28|0.00|0.0000|0|4|0|0|0.1254|0.0032|0.0081|-0.3714|0.0721||3.15|51|2.10|79
GME220107P00275000||||||28||||0|0|0|-1.0000|0.0000|-0.1356|0.0010|0.0000||126.00|21|113.30|14
GME220107C00280000|2.58|2.58|2.40|2.70|2.40|29|-0.30|-0.1111|-1|55|1|2|0.1111|0.0030|0.0072|-0.3349|0.0662||2.81|36|2.12|40
GME220107P00280000||||97.55|97.55|29|0.00|0.0000|0|15|0|0|-0.9844|0.0010|-0.1370|-0.0423|0.0137||129.30|15|120.55|13
GME220107C00285000||||2.26|2.26|30|0.00|0.0000|95|102|0|0|0.1005|0.0028|0.0065|-0.3088|0.0616||3.10|55|1.98|74
GME220107P00285000||||||30||||0|0|0|-1.0000|0.0000|-0.1405|0.0011|0.0000||135.80|20|123.20|16
GME220107C00290000||||2.40|2.40|31|0.00|0.0000|1|54|0|0|0.1028|0.0027|0.0066|-0.3247|0.0626||2.66|40|2.00|30
GME220107P00290000||||||31||||0|0|0|-1.0000|0.0000|-0.1430|0.0011|0.0000||140.75|14|128.25|18
GME220107C00300000|2.11|2.31|2.11|2.30|2.31|32|0.01|0.0043|117|332|1|3|0.0918|0.0025|0.0059|-0.3018|0.0576||2.28|9|1.86|21
GME220107P00300000||||||32||||0|0|0|-1.0000|0.0000|-0.1479|0.0011|0.0000||150.60|20|137.90|20
GME220107C00310000||||1.99|1.99|33|0.00|0.0000|0|42|0|0|0.0860|0.0023|0.0056|-0.2942|0.0549||2.27|13|1.65|18
GME220107P00310000||||||33||||0|0|0|-1.0000|0.0000|-0.1529|0.0012|0.0000||161.35|16|146.85|13
GME220107C00320000|1.99|1.99|1.99|2.05|1.99|34|-0.06|-0.0293|1|10|1|1|0.0792|0.0022|0.0051|-0.2811|0.0516||2.29|14|1.65|15
GME220107P00320000||||||34||||0|0|0|-1.0000|0.0000|-0.1578|0.0012|0.0000||171.00|16|156.70|13
GME220107C00330000||||2.00|2.00|35||0.0000|1|11|0|0|0.0745|0.0020|0.0048|-0.2736|0.0492||2.07|15|1.43|21
GME220107P00330000||||||35||||0|0|0|-1.0000|0.0000|-0.1627|0.0012|0.0000||181.15|13|168.00|21
GME220107C00340000||||1.87|1.87|36|0.00|0.0000|13|22|0|0|0.0768|0.0020|0.0049|-0.2924|0.0504||2.27|21|1.17|31
GME220107P00340000||||||36||0.0000|0|0|0|0|-0.9440|0.0017|-0.1640|-0.2093|0.0394||192.30|5|178.10|21
GME220107C00350000||||1.63|1.63|37||0.0000|0|67|0|0|0.0655|0.0018|0.0042|-0.2560|0.0446||2.38|30|1.08|28
GME220107P00350000||||||37||||0|0|0|-1.0000|0.0000|-0.1726|0.0013|0.0000||202.30|18|187.70|21
GME220107C00360000||||1.62|1.62|38||0.0000|-1|57|0|0|0.0627|0.0017|0.0040|-0.2525|0.0431||2.21|29|1.08|25
GME220107P00360000||||||38||||0|0|0|-1.0000|0.0000|-0.1775|0.0013|0.0000||212.20|24|197.85|23
GME220107C00370000||||1.50|1.50|39|0.00|0.0000|6|34|0|0|0.0621|0.0016|0.0040|-0.2574|0.0428||2.22|29|1.10|46
GME220107P00370000||||||39||||0|0|0|-1.0000|0.0000|-0.1825|0.0014|0.0000||222.10|23|207.80|29
GME220107C00380000||||1.40|1.40|40||0.0000|0|184|0|0|0.0597|0.0015|0.0038|-0.2537|0.0415||1.87|13|1.12|19
GME220107P00380000||||||40||||0|0|0|-1.0000|0.0000|-0.1874|0.0014|0.0000||232.05|7|217.85|23
GME220107C00390000||||1.75|1.75|41|0.00|0.0000|0|13|0|0|0.0669|0.0016|0.0042|-0.2925|0.0453||1.79|13|1.04|22
GME220107P00390000||||||41||||0|0|0|-1.0000|0.0000|-0.1923|0.0015|0.0000||242.00|12|227.75|27
GME220107C00400000||||1.20|1.20|42|0.00|0.0000|0|57|0|0|0.0504|0.0013|0.0032|-0.2242|0.0363||1.71|23|0.96|24
GME220107P00400000||||||42||0.0000|0|0|0|0|-0.9525|0.0013|-0.1942|-0.2094|0.0346||251.90|12|237.75|23
GME220107C00410000||||1.58|1.58|43|0.00|0.0000|0|20|0|0|0.0604|0.0014|0.0038|-0.2759|0.0419||1.63|10|0.88|18
GME220107P00410000||||||43||||0|0|0|-1.0000|0.0000|-0.2022|0.0015|0.0000||261.85|6|247.70|27
GME220107C00420000||||1.05|1.05|44||0.0000|-2|29|0|0|0.0480|0.0012|0.0031|-0.2232|0.0349||1.54|14|0.80|14
GME220107P00420000||||||44||||0|0|0|-1.0000|0.0000|-0.2071|0.0016|0.0000||271.80|13|258.10|27
GME220107C00430000||||1.12|1.12|45|0.00|0.0000|0|14|0|0|0.0459|0.0012|0.0029|-0.2174|0.0337||1.47|15|0.73|15
GME220107P00430000||||||45||||0|0|0|-1.0000|0.0000|-0.2120|0.0016|0.0000||281.75|13|267.55|27
GME220107C00440000|0.95|1.00|0.95|1.15|1.00|46|-0.15|-0.1304|83|406|1|3|0.0401|0.0011|0.0026|-0.1936|0.0302||1.12|5|0.92|20
GME220107P00440000||||||46||||0|0|0|-1.0000|0.0000|-0.2170|0.0016|0.0000||289.85|12|276.80|27
GME220114C00070000||||||17||||0|0|0|1.0000|0.0000|0.0479|-0.0003|0.0000||94.85|9|84.90|17
GME220114P00070000|1.00|1.00|1.00|1.10|1.00|17|-0.10|-0.0909|1|4|1|1|-0.0262|0.0008|-0.0034|-0.0911|0.0250||2.90|10|0.35|13
GME220114C00075000||||74.45|74.45|16|0.00|0.0000|0|1|0|0|0.9866|0.0006|0.0497|-0.0398|0.0142||89.10|8|79.10|27
GME220114P00075000||||||16||||0|0|0|0.0000|0.0000|0.0000|0.0000|0.0000||3.50|17|0.40|56
GME220114C00080000||||||15||||0|0|0|1.0000|0.0000|0.0548|-0.0003|0.0000||84.10|6|74.15|23
GME220114P00080000||||1.05|1.05|15|0.00|0.0000|2|12|0|0|-0.0315|0.0011|-0.0040|-0.0914|0.0292||1.40|5|0.56|8
GME220114C00085000||||||14||||0|0|0|1.0000|0.0000|0.0582|-0.0003|0.0000||77.65|14|67.65|30
GME220114P00085000||||2.80|2.80|14|0.00|0.0000|0|1|0|0|-0.0641|0.0017|-0.0087|-0.1903|0.0517||1.99|7|0.00|0
GME220114C00090000||||||13||||0|0|0|1.0000|0.0000|0.0616|-0.0003|0.0000||73.60|15|63.60|30
GME220114P00090000||||2.02|2.02|13||0.0000|0|27|0|0|-0.0537|0.0017|-0.0069|-0.1362|0.0450||2.25|13|1.08|5
GME220114C00095000||||||12||||0|0|0|1.0000|0.0000|0.0651|-0.0004|0.0000||68.75|16|58.75|28
GME220114P00095000||||||12||0.0000|0|0|0|0|-0.0630|0.0021|-0.0081|-0.1468|0.0510||2.49|14|0.40|17
GME220114C00100000||||||11||||0|0|0|1.0000|0.0000|0.0685|-0.0004|0.0000||64.70|9|54.70|29
GME220114P00100000||||2.45|2.45|11|0.00|0.0000|-5|43|0|0|-0.0748|0.0025|-0.0096|-0.1603|0.0582||3.30|18|1.28|12
GME220114C00105000||||||10||||0|0|0|1.0000|0.0000|0.0719|-0.0004|0.0000||60.75|9|50.75|11
GME220114P00105000||||5.09|5.09|10|0.00|0.0000|0|12|0|0|-0.1204|0.0030|-0.0163|-0.2659|0.0826||3.30|10|1.57|14
GME220114C00110000||||||9||0.0000|0|0|0|0|0.8913|0.0035|0.0614|-0.1984|0.0769||54.70|7|46.35|9
GME220114P00110000||||4.00|4.00|9|0.00|0.0000|3|12|0|0|-0.1159|0.0035|-0.0150|-0.2165|0.0805||5.35|21|2.47|13
GME220114C00115000||||||8||||0|0|0|1.0000|0.0000|0.0788|-0.0004|0.0000||52.20|10|42.85|8
GME220114P00115000||||5.05|5.05|8||0.0000|0|6|0|0|-0.1325|0.0041|-0.0171|-0.2239|0.0884||8.05|13|3.15|13
GME220114C00120000||||46.00|46.00|7|0.00|0.0000|1|62|0|0|0.8031|0.0041|0.0547|-0.3716|0.1143||46.85|20|38.30|16
GME220114P00120000||||5.73|5.73|7|0.00|0.0000|0|79|0|0|-0.1633|0.0047|-0.0213|-0.2596|0.1017||5.75|10|3.90|12
GME220114C00130000||||26.91|26.91|6|0.00|0.0000|0|7|0|0|0.8985|0.0070|0.0772|-0.0904|0.0731||37.85|20|30.00|14
GME220114P00130000|6.55|6.55|6.55|7.05|6.55|6|-0.50|-0.0709|1|81|10|10|-0.2135|0.0062|-0.0276|-0.2724|0.1200||7.50|15|5.95|10
GME220114C00135000||||||5||||0|0|0|1.0000|0.0000|0.0925|-0.0005|0.0000||34.00|6|26.00|10
GME220114P00135000||||10.50|10.50|5|0.00|0.0000|0|3|0|0|-0.2642|0.0063|-0.0354|-0.3419|0.1348||9.10|13|7.05|13
GME220114C00140000|27.00|27.97|27.00|27.80|27.97|4|0.17|0.0061|-1|27|2|4|0.7035|0.0071|0.0564|-0.3394|0.1426||30.80|10|25.00|8
GME220114P00140000|10.25|10.25|10.10|10.22|10.10|4|-0.12|-0.0117|5|42|1|4|-0.2906|0.0075|-0.0381|-0.3128|0.1412||10.80|11|8.95|12
GME220114C00145000||||23.72|23.72|3|0.00|0.0000|0|20|0|0|0.6666|0.0080|0.0552|-0.3321|0.1499||27.20|13|21.45|12
GME220114P00145000||||14.50|14.50|3|0.00|0.0000|0|29|0|0|-0.3385|0.0071|-0.0461|-0.3773|0.1508||12.85|12|11.00|12
GME220114C00150000||||21.80|21.80|2|0.00|0.0000|0|37|0|0|0.6228|0.0080|0.0518|-0.3626|0.1566||23.85|11|19.10|13
GME220114P00150000||||15.95|15.95|2||0.0000|0|36|0|0|-0.3770|0.0082|-0.0506|-0.3518|0.1566||15.30|16|12.25|13
GME220114C00155000|19.90|19.90|19.90|17.43|19.90|1|2.47|0.1417|-1|29|1|1|0.5773|0.0092|0.0499|-0.3345|0.1613||21.45|23|16.95|14
GME220114P00155000|17.03|17.05|16.65|19.75|16.65|1|-3.10|-0.1570|7|22|1|3|-0.4209|0.0086|-0.0568|-0.3533|0.1612||18.40|16|16.00|12
GME220114C00160000|17.34|17.34|16.43|18.00|16.43|1|-1.57|-0.0872|1|53|1|3|0.5366|0.0087|0.0461|-0.3645|0.1638||19.05|24|14.80|8
GME220114P00160000|19.85|19.85|19.85|21.07|19.85|1|-1.22|-0.0579|0|64|1|1|-0.4643|0.0088|-0.0634|-0.3599|0.1638||21.35|19|17.95|10
GME220114C00165000|14.95|14.95|14.95|15.30|14.95|2|-0.35|-0.0229|-1|49|1|1|0.4979|0.0085|0.0430|-0.3766|0.1644||17.05|18|13.90|13
GME220114P00165000||||32.45|32.45|2|0.00|0.0000|0|7|0|0|-0.4536|0.0057|-0.0710|-0.5524|0.1633||24.80|12|20.30|13
GME220114C00170000||||14.57|14.57|3|0.00|0.0000|-8|26|0|0|0.4700|0.0078|0.0402|-0.4043|0.1640||14.20|7|11.00|8
GME220114P00170000||||29.82|29.82|3||0.0000|10|30|0|0|-0.5406|0.0083|-0.0765|-0.3769|0.1636||27.35|13|23.85|1
GME220114C00175000|12.00|12.00|12.00|13.30|12.00|4|-1.30|-0.0977|4|30|2|2|0.4250|0.0081|0.0371|-0.3794|0.1615||12.95|15|10.65|20
GME220114P00175000||||36.64|36.64|4|0.00|0.0000|0|3|0|0|-0.5221|0.0062|-0.0813|-0.5098|0.1642||31.20|14|27.35|14
GME220114C00180000||||10.20|10.20|5|0.00|0.0000|0|41|0|0|0.3851|0.0081|0.0341|-0.3632|0.1576||12.20|16|9.95|14
GME220114P00180000||||37.25|37.25|5|0.00|0.0000|20|23|0|0|-0.5747|0.0069|-0.0874|-0.4459|0.1616||36.00|10|31.05|11
GME220114C00185000|10.00|10.00|9.60|10.70|9.60|6|-1.10|-0.1028|0|29|1|2|0.3660|0.0075|0.0322|-0.3796|0.1551||10.75|16|8.65|14
GME220114P00185000||||47.02|47.02|6|0.00|0.0000|0|2|0|0|-0.5463|0.0054|-0.0911|-0.5769|0.1633||41.05|11|31.75|14
GME220114C00190000|9.55|9.55|9.55|10.44|9.55|7|-0.89|-0.0852|20|42|1|1|0.3459|0.0070|0.0303|-0.3870|0.1520||10.20|9|7.45|10
GME220114P00190000||||45.63|45.63|7|0.00|0.0000|21|32|0|0|-0.6185|0.0064|-0.0979|-0.4570|0.1571||44.15|17|39.30|15
GME220114C00195000||||8.80|8.80|8|0.00|0.0000|0|16|0|0|0.3227|0.0067|0.0283|-0.3834|0.1479||9.15|14|7.05|11
GME220114P00195000||||47.30|47.30|8||0.0000|0|8|0|0|-0.6816|0.0068|-0.1055|-0.3749|0.1471||48.60|20|40.90|13
GME220114C00200000|7.80|8.41|7.80|8.95|8.38|9|-0.57|-0.0637|57|150|1|3|0.3055|0.0064|0.0268|-0.3860|0.1445||8.50|19|7.00|13
GME220114P00200000|51.00|51.90|48.50|52.31|49.30|9|-3.01|-0.0575|1|15|3|190|-0.7024|0.0065|-0.1107|-0.3709|0.1428||52.30|17|49.30|6
GME220114C00205000||||6.73|6.73|10|0.00|0.0000|2|15|0|0|0.2679|0.0062|0.0239|-0.3476|0.1357||8.60|22|6.45|15
GME220114P00205000||||60.94|60.94|10|0.00|0.0000|0|19|0|0|-0.6432|0.0053|-0.1112|-0.5238|0.1537||57.85|20|51.65|9
GME220114C00210000||||7.32|7.32|11||0.0000|1|20|0|0|0.2547|0.0059|0.0226|-0.3493|0.1323||7.45|5|6.20|6
GME220114P00210000||||65.13|65.13|11|0.00|0.0000|0|19|0|0|-0.6600|0.0052|-0.1159|-0.5196|0.1510||62.35|9|56.20|7
GME220114C00215000|6.24|6.24|6.24|6.18|6.24|12|0.06|0.0097|0|20|1|1|0.2419|0.0056|0.0215|-0.3489|0.1287||7.75|15|5.70|10
GME220114P00215000||||||12||||0|0|0|-1.0000|0.0000|-0.1472|0.0008|0.0000||70.30|10|60.35|9
GME220114C00220000|7.91|7.92|7.90|6.60|7.90|13|1.30|0.1970|-1|24|16|20|0.2278|0.0053|0.0202|-0.3432|0.1245||7.55|34|5.30|12
GME220114P00220000||||||13||||0|0|0|-1.0000|0.0000|-0.1507|0.0008|0.0000||73.70|7|64.80|5
GME220114C00225000||||5.75|5.75|14|0.00|0.0000|1|6|0|0|0.2212|0.0051|0.0195|-0.3495|0.1224||9.45|11|4.75|16
GME220114P00225000||||61.10|61.10|14|0.00|0.0000|0|1|0|0|-0.9351|0.0037|-0.1477|-0.0868|0.0522||79.35|11|69.40|5
GME220114C00230000|5.94|7.10|5.83|5.35|7.09|15|1.74|0.3252|14|28|16|40|0.2175|0.0048|0.0191|-0.3600|0.1213||6.80|41|4.60|15
GME220114P00230000||||75.60|75.60|15|0.00|0.0000|0|1|0|0|-0.8414|0.0047|-0.1430|-0.2473|0.0997||82.35|2|74.10|14
GME220114C00235000||||8.93|8.93|16|0.00|0.0000|1|12|0|0|0.2660|0.0045|0.0221|-0.4821|0.1353||7.10|14|4.40|8
GME220114P00235000||||||16||||0|0|0|-1.0000|0.0000|-0.1609|0.0009|0.0000||88.15|7|78.15|13
GME220114C00240000|5.21|5.21|5.09|4.50|5.09|17|0.59|0.1311|0|10|2|20|0.1926|0.0044|0.0170|-0.3407|0.1128||6.25|12|3.90|16
GME220114P00240000||||||17||||0|0|0|-1.0000|0.0000|-0.1644|0.0009|0.0000||93.40|7|83.45|13
GME220114C00245000||||6.45|6.45|18|0.00|0.0000|1|29|0|0|0.2160|0.0042|0.0185|-0.4056|0.1208||5.95|10|3.25|16
GME220114P00245000||||||18||||0|0|0|-1.0000|0.0000|-0.1678|0.0009|0.0000||97.65|5|87.70|5
GME220114C00250000|5.31|5.31|5.25|4.96|5.25|19|0.29|0.0585|4|50|1|2|0.1685|0.0040|0.0149|-0.3159|0.1037||6.35|16|3.70|15
GME220114P00250000||||||19||0.0000|0|0|0|0|-0.8290|0.0040|-0.1561|-0.3204|0.1047||102.75|5|93.15|13
GME220114C00255000||||4.15|4.15|20|0.00|0.0000|0|11|0|0|0.1624|0.0038|0.0144|-0.3139|0.1013||5.50|10|3.40|12
GME220114P00255000||||||20||0.0000|0|0|0|0|-0.8376|0.0038|-0.1603|-0.3130|0.1013||107.75|8|97.80|8
GME220114C00260000||||4.02|4.02|21|0.00|0.0000|0|7|0|0|0.1565|0.0037|0.0138|-0.3115|0.0988||8.40|18|3.10|21
GME220114P00260000||||||21||0.0000|0|0|0|0|-0.8451|0.0037|-0.1644|-0.3071|0.0982||115.00|3|103.35|13
GME220114C00265000||||3.85|3.85|22|0.00|0.0000|-1|2|0|0|0.1499|0.0035|0.0132|-0.3066|0.0960||5.50|10|3.45|8
GME220114P00265000||||||22||||0|0|0|-1.0000|0.0000|-0.1815|0.0010|0.0000||119.80|3|107.65|13
GME220114C00270000|4.45|4.45|3.25|3.80|3.25|23|-0.55|-0.1447|2|2|8|11|0.1449|0.0034|0.0128|-0.3044|0.0939||5.25|16|3.25|15
GME220114P00270000||||||23||||0|0|0|-1.0000|0.0000|-0.1849|0.0010|0.0000||124.65|3|110.65|13
GME220114C00275000||||||24||||0|0|0|0.0000|0.0000|0.0000|0.0000|0.0000||4.60|7|2.70|17
GME220114P00275000||||||24||0.0000|0|0|0|0|-0.8633|0.0033|-0.1763|-0.2929|0.0903||128.50|13|114.65|13
GME220114C00280000||||4.20|4.20|25|0.00|0.0000|0|1|0|0|0.1507|0.0033|0.0131|-0.3359|0.0964||4.45|11|2.95|10
GME220114P00280000||||||25||0.0000|0|0|0|0|-0.8731|0.0031|-0.1805|-0.2775|0.0857||131.40|17|119.10|6
GME220114C00285000||||3.50|3.50|26|0.00|0.0000|0|10|0|0|0.1328|0.0031|0.0117|-0.3005|0.0885||4.30|18|2.50|20
GME220114P00285000||||||26||||0|0|0|-1.0000|0.0000|-0.1952|0.0011|0.0000||137.00|6|124.40|5
GME220114C00290000|3.27|3.27|3.26|3.42|3.26|27|-0.16|-0.0468|0|19|1|10|0.1255|0.0029|0.0110|-0.2896|0.0851||4.20|11|2.50|25
GME220114P00290000||||||27||||0|0|0|-1.0000|0.0000|-0.1986|0.0011|0.0000||141.90|8|132.00|6
GME220114C00300000||||3.15|3.15|28||0.0000|26|83|0|0|0.1193|0.0028|0.0105|-0.2874|0.0821||4.55|13|2.30|12
GME220114P00300000||||||28||||0|0|0|-1.0000|0.0000|-0.2055|0.0011|0.0000||151.65|6|140.00|4
GME220114C00310000||||2.95|2.95|29|0.00|0.0000|0|0|0|0|0.1116|0.0026|0.0098|-0.2794|0.0783||4.35|13|2.00|22
GME220114P00310000||||||29||0.0000|0|0|0|0|-0.8947|0.0025|-0.2030|-0.2612|0.0751||161.45|8|148.80|5
GME220114C00320000||||2.94|2.94|30|0.00|0.0000|20|27|0|0|0.1088|0.0025|0.0095|-0.2829|0.0769||4.15|20|2.16|11
GME220114P00320000||||||30||||0|0|0|-1.0000|0.0000|-0.2192|0.0012|0.0000||172.05|15|157.70|13
GME220114C00330000||||2.77|2.77|31|0.00|0.0000|0|8|0|0|0.1024|0.0023|0.0089|-0.2752|0.0736||3.35|7|2.15|7
GME220114P00330000||||||31||||0|0|0|-1.0000|0.0000|-0.2260|0.0013|0.0000||182.55|15|167.70|13
GME220114C00340000||||2.54|2.54|32|0.00|0.0000|0|5|0|0|0.0948|0.0022|0.0083|-0.2624|0.0695||3.20|8|2.00|6
GME220114P00340000||||||32||||0|0|0|-1.0000|0.0000|-0.2329|0.0013|0.0000||191.05|13|177.50|13
GME220114C00350000|2.70|2.70|2.70|2.24|2.70|33|0.46|0.2054|1|22|1|1|0.0968|0.0021|0.0084|-0.2770|0.0706||3.20|6|1.40|13
GME220114P00350000||||||33||||0|0|0|-1.0000|0.0000|-0.2397|0.0013|0.0000||202.15|15|187.15|1
GME220114C00360000||||2.41|2.41|34|0.00|0.0000|4|89|0|0|0.0881|0.0020|0.0076|-0.2586|0.0659||3.10|23|0.69|20
GME220114P00360000||||||34||||0|0|0|-1.0000|0.0000|-0.2466|0.0014|0.0000||210.65|12|197.10|2
GME220121C00000500||||149.10|152.00|50|||0|3|0|0|1.0000|0.0000|0.0004|0.0000|0.0000||164.20|1|152.55|27
