symbol|open|high|low|preClose|close|activeLevel|change|changeRatio|openIntChange|openInterest|latestPriceVol|volume|delta|gamma|rho|theta|vega|tradeStamptradeTime|ask|avol|bid|bvol
GME211203C00100000|83.51|83.51|83.51|82.00|83.51|14|1.51|0.0184|0|10|1|1|0.9604|0.0012|0.0050|-1.5531|0.0117||84.30|4|80.45|12
GME211203P00100000|0.08|0.09|0.03|0.08|0.06|14|-0.02|-0.2500|146|513|1|56|-0.0032|0.0002|0.0000|-0.1046|0.0013||0.07|4|0.02|17
GME211203C00110000||||135.99|135.99|13|0.00|0.0000|0|1|0|0|0.9624|0.0001|0.0085|-0.6266|0.0493||74.30|12|70.45|12
GME211203P00110000|0.09|0.25|0.09|0.17|0.25|13|0.08|0.4706|15|172|1|14|-0.0058|0.0004|-0.0001|-0.1610|0.0022||0.24|25|0.05|48
GME211203C00120000||||||12||||0|0|0|1.0000|0.0000|0.0066|-0.0004|0.0000||64.40|11|60.35|19
GME211203P00120000|0.29|0.30|0.10|0.25|0.15|12|-0.10|-0.4000|148|381|1|112|-0.0102|0.0008|-0.0001|-0.2385|0.0037||0.17|1|0.16|18
GME211203C00130000||||65.44|65.44|11|0.00|0.0000|0|1|0|0|0.8197|0.0026|0.0046|-6.6159|0.0359||54.30|12|50.25|16
GME211203P00130000|0.16|0.50|0.16|0.40|0.26|11|-0.14|-0.3500|26|976|2|34|-0.2011|0.0020|-0.0645|-0.4958|0.1688||0.30|1|0.25|10
GME211203C00140000||||55.33|55.33|10|0.00|0.0000|0|6|0|0|0.7942|0.0033|0.0049|-6.1963|0.0389||44.70|12|40.15|16
GME211203P00140000|0.69|0.77|0.35|0.50|0.36|10|-0.14|-0.2800|57|1151|77|220|-0.2286|0.0025|-0.0698|-0.4707|0.1819||0.48|1|0.36|14
GME211203C00150000||||44.80|44.80|9|0.00|0.0000|0|6|0|0|0.7651|0.0042|0.0052|-5.5775|0.0420||34.70|17|30.10|15
GME211203P00150000|1.85|1.85|0.50|0.94|0.58|9|-0.36|-0.3830|17|1198|8|622|-0.0460|0.0042|-0.0005|-0.5564|0.0131||0.64|1|0.53|15
GME211203C00155000||||27.75|27.75|8|0.00|0.0000|0|5|0|0|0.7241|0.0037|0.0831|-0.4142|0.1930||29.95|18|25.05|15
GME211203P00155000|0.73|1.61|0.65|1.30|0.74|8|-0.56|-0.4308|34|992|10|79|-0.2723|0.0040|-0.0724|-0.3503|0.1996||0.94|12|0.69|12
GME211203C00160000|20.00|20.00|20.00|28.80|20.00|7|-8.80|-0.3056|0|115|2|15|0.7670|0.0014|0.0526|-0.8884|0.1838||25.00|21|20.45|22
GME211203P00160000|1.00|2.35|0.85|1.85|1.01|7|-0.84|-0.4541|14|440|1|655|-0.0623|0.0069|-0.0007|-0.5447|0.0168||1.05|1|0.91|11
GME211203C00165000||||32.50|32.50|6|0.00|0.0000|-1|31|0|0|0.6948|0.0059|0.0052|-5.1652|0.0479||20.65|30|15.70|18
GME211203P00165000|1.61|3.55|0.98|2.60|1.37|6|-1.23|-0.4731|467|783|1|1000|-0.1009|0.0105|-0.0011|-0.7395|0.0241||1.50|1|1.29|12
GME211203C00170000|11.23|12.00|8.50|13.25|12.00|5|-1.25|-0.0943|10|50|8|46|0.8358|0.0153|0.0076|-1.0012|0.0338||16.30|38|12.45|16
GME211203P00170000|2.31|5.10|1.53|3.72|2.10|5|-1.62|-0.4355|275|934|1|1783|-0.1710|0.0159|-0.0018|-1.0112|0.0346||2.36|1|1.89|25
GME211203C00175000|9.64|10.53|6.00|9.70|10.53|4|0.83|0.0856|29|117|5|43|0.6252|0.0056|0.0898|-0.3300|0.2279||11.45|56|9.10|48
GME211203P00175000|1.95|7.25|1.95|4.95|3.17|4|-1.78|-0.3596|181|483|1|912|-0.3757|0.0059|-0.0959|-0.3123|0.2281||3.55|19|2.95|12
GME211203C00177500|10.10|10.10|4.70|7.55|8.24|3|0.69|0.0914|4|7|1|54|0.6947|0.0254|0.0065|-1.2085|0.0477||9.90|49|7.55|16
GME211203P00177500|4.40|8.60|2.87|5.85|4.00|3|-1.85|-0.3162|136|199|1|763|-0.2917|0.0242|-0.0031|-1.2179|0.0469||4.50|27|3.65|19
GME211203C00180000|8.54|11.00|3.20|7.10|7.00|2|-0.10|-0.0141|57|733|4|785|0.5965|0.0056|0.0863|-0.3410|0.2328||7.40|13|6.45|10
GME211203P00180000|5.50|10.10|3.50|6.98|4.95|2|-2.03|-0.2908|493|1768|1|1516|-0.4084|0.0063|-0.1040|-0.3062|0.2335||5.20|1|4.35|59
GME211203C00182500|7.88|8.47|3.11|6.70|5.50|1|-1.20|-0.1791|74|85|1|67|0.5652|0.0230|0.0053|-1.6860|0.0538||6.00|31|4.90|31
GME211203P00182500|5.90|11.00|4.48|8.00|6.25|1|-1.75|-0.2188|98|297|10|147|-0.4168|0.0056|-0.1106|-0.3488|0.2346||6.55|33|5.30|51
GME211203C00185000|4.90|7.95|2.08|4.90|4.20|1|-0.70|-0.1429|313|481|1|844|0.5039|0.0259|0.0048|-1.5393|0.0545||4.65|11|3.75|25
GME211203P00185000|6.43|14.03|5.65|9.80|8.65|1|-1.15|-0.1173|77|588|1|828|-0.4992|0.0287|-0.0054|-1.3840|0.0545||7.70|25|6.15|66
GME211203C00187500|3.85|6.50|1.83|3.95|3.75|2|-0.20|-0.0506|713|730|1|515|0.4390|0.0259|0.0042|-1.5030|0.0538||4.00|88|2.89|46
GME211203P00187500|7.91|15.14|7.00|10.70|9.23|2|-1.47|-0.1374|113|475|1|39|-0.4683|0.0074|-0.1170|-0.2732|0.2390||9.90|33|7.45|71
GME211203C00190000|3.95|5.18|1.50|3.70|2.90|3|-0.80|-0.2162|634|778|5|732|0.5450|0.0055|0.0792|-0.3668|0.2383||2.75|10|2.15|59
GME211203P00190000|11.24|18.00|8.00|12.00|10.30|3|-1.70|-0.1417|-109|833|4|215|-0.6772|0.0330|-0.0073|-0.9755|0.0490||11.30|23|9.20|56
GME211203C00192500|2.95|4.25|1.47|2.96|1.74|4|-1.22|-0.4122|434|502|215|478|0.3300|0.0224|0.0032|-1.4653|0.0495||2.14|1|1.67|66
GME211203P00192500|11.75|16.88|11.63|14.20|15.35|4|1.15|0.0810|-101|273|1|9|-0.5160|0.0082|-0.1177|-0.2690|0.2302||13.80|22|10.80|48
GME211203C00195000|2.37|3.40|1.00|2.40|1.60|5|-0.80|-0.3333|397|597|1|476|0.2784|0.0208|0.0027|-1.3569|0.0458||1.84|30|1.34|12
GME211203P00195000|14.00|21.77|12.00|16.71|14.00|5|-2.71|-0.1622|-61|626|1|146|-0.7896|0.0225|-0.0086|-0.9260|0.0393||16.15|11|12.75|54
GME211203C00197500|2.55|2.85|0.96|2.04|1.50|6|-0.54|-0.2647|386|490|1|443|0.2438|0.0186|0.0023|-1.3209|0.0428||1.55|33|1.01|26
GME211203P00197500|23.22|23.22|20.41|18.95|20.41|6|1.46|0.0770|38|202|8|9|-0.6440|0.0127|-0.0076|-2.7260|0.0507||18.35|12|14.75|42
GME211203C00200000|1.75|2.33|0.81|1.69|1.05|7|-0.64|-0.3787|381|1051|5|1951|0.4960|0.0054|0.0729|-0.3759|0.2398||1.10|3|0.90|8
GME211203P00200000|17.55|26.85|16.00|22.15|18.76|7|-3.39|-0.1530|-71|998|1|216|-0.5096|0.0056|-0.1300|-0.3929|0.2303||20.60|26|17.20|31
GME211203C00202500|2.00|2.00|0.79|1.48|0.79|8|-0.69|-0.4662|35|281|1|423|0.1601|0.0143|0.0015|-1.0373|0.0331||0.92|13|0.72|16
GME211203P00202500|20.05|22.43|20.05|21.91|22.43|8|0.52|0.0237|-27|184|20|22|-0.9366|0.0113|-0.0105|-0.3408|0.0170||22.85|10|19.45|23
GME211203C00205000|1.17|1.68|0.70|1.34|0.84|9|-0.50|-0.3731|206|834|5|565|0.4842|0.0051|0.0701|-0.4025|0.2396||0.83|2|0.64|11
GME211203P00205000|22.06|31.10|22.06|28.45|25.48|9|-2.97|-0.1044|-4|484|10|65|-0.7900|0.0125|-0.0093|-1.6569|0.0392||25.20|10|21.85|22
GME211203C00207500|1.29|1.35|0.61|1.10|0.69|10|-0.41|-0.3727|-5|400|1|47|0.1140|0.0109|0.0011|-0.8542|0.0263||0.75|14|0.54|40
GME211203P00207500|23.40|31.50|23.40|20.90|31.50|10|10.60|0.5072|-2|35|1|3|-0.6881|0.0096|-0.0086|-3.2481|0.0483||27.70|12|24.25|16
GME211203C00210000|1.01|1.24|0.59|1.11|0.59|11|-0.52|-0.4685|79|939|1|545|0.4641|0.0050|0.0622|-0.4394|0.2295||0.69|11|0.49|15
GME211203P00210000|28.16|35.15|27.10|30.40|28.84|11|-1.56|-0.0513|1|385|1|30|-0.9546|0.0069|-0.0111|-0.3292|0.0130||30.10|12|26.50|37
GME211203C00212500|0.95|1.05|0.53|0.92|0.57|12|-0.35|-0.3804|119|297|49|129|0.4832|0.0044|0.0669|-0.4674|0.2396||0.64|13|0.47|10
GME211203P00212500||||34.12|34.12|12|0.00|0.0000|-1|67|0|0|-0.7632|0.0095|-0.0095|-2.4994|0.0421||32.60|10|29.00|28
GME211203C00215000|0.81|1.00|0.49|0.87|0.49|13|-0.38|-0.4368|21|792|1|195|0.0932|0.0080|0.0009|-0.8685|0.0227||0.59|1|0.43|7
GME211203P00215000|31.50|35.35|31.50|34.35|35.35|13|1.00|0.0291|-1|226|1|14|-0.8184|0.0091|-0.0101|-1.9171|0.0359||35.10|21|31.50|24
GME211203C00217500|0.70|0.70|0.50|0.71|0.50|14|-0.21|-0.2958|-7|183|1|15|0.0924|0.0076|0.0009|-0.9068|0.0226||0.57|19|0.39|20
GME211203P00217500||||30.09|30.09|14|0.00|0.0000|0|74|0|0|-0.9982|0.0005|-0.0119|-0.0141|0.0008||37.55|12|34.00|16
GME211203C00220000|0.77|0.81|0.43|0.77|0.46|15|-0.31|-0.4026|-11|1378|1|297|0.4607|0.0043|0.0639|-0.4757|0.2386||0.47|1|0.36|18
GME211203P00220000|35.30|44.52|35.30|40.00|38.63|15|-1.37|-0.0343|1|213|1|17|-0.4418|0.0028|-0.1718|-0.7091|0.2372||40.00|12|36.25|27
GME211203C00222500|0.66|0.73|0.47|0.57|0.47|16|-0.10|-0.1754|-15|181|1|18|0.0505|0.0051|0.0005|-0.5289|0.0142||0.50|5|0.33|38
GME211203P00222500|47.10|47.10|45.85|34.99|45.85|16|10.86|0.3104|0|51|2|6|-0.7523|0.0072|-0.0100|-3.4598|0.0430||42.50|12|38.75|16
GME211203C00225000|0.71|0.72|0.41|0.71|0.43|17|-0.28|-0.3944|-80|656|3|106|0.0520|0.0048|0.0005|-0.5856|0.0145||0.46|6|0.33|32
GME211203P00225000||||45.20|45.20|17|0.00|0.0000|-3|125|0|0|-0.8452|0.0071|-0.0109|-1.9940|0.0324||45.00|12|41.20|21
GME211203C00227500|0.50|0.70|0.46|0.77|0.50|18|-0.27|-0.3506|3|97|2|27|0.0551|0.0048|0.0005|-0.6483|0.0152||0.44|3|0.33|2
GME211203P00227500|53.85|53.85|45.47|33.03|45.48|18|12.45|0.3769|0|26|1|5|-0.7037|0.0062|-0.0100|-4.8507|0.0472||47.50|6|43.55|25
GME211203C00230000|0.54|0.63|0.35|0.62|0.40|19|-0.22|-0.3548|192|927|1|168|0.4742|0.0036|0.0616|-0.5701|0.2393||0.42|2|0.35|2
GME211203P00230000|47.50|56.35|47.50|45.00|47.98|19|2.98|0.0662|-3|67|1|6|-0.7094|0.0060|-0.0102|-4.9227|0.0468||49.90|12|46.05|16
GME211203C00232500|0.48|0.48|0.38|0.57|0.38|20|-0.19|-0.3333|-8|93|1|8|0.0372|0.0035|0.0004|-0.4744|0.0111||0.42|15|0.31|11
GME211203P00232500||||46.88|46.88|20|0.00|0.0000|-1|34|0|0|-0.9973|0.0005|-0.0127|-0.0304|0.0011||52.40|12|48.55|17
GME211203C00235000|0.33|0.60|0.33|0.54|0.40|21|-0.14|-0.2593|-1|331|6|101|0.0464|0.0038|0.0004|-0.6250|0.0132||0.41|15|0.29|14
GME211203P00235000|51.57|61.30|50.00|54.89|52.90|21|-1.99|-0.0363|-6|371|1|48|-0.8800|0.0057|-0.0118|-1.7534|0.0273||54.80|12|51.05|24
GME211203C00237500|0.42|0.42|0.42|0.52|0.42|22|-0.10|-0.1923|0|115|1|1|0.0515|0.0038|0.0005|-0.7285|0.0144||0.41|17|0.28|14
GME211203P00237500|54.06|63.79|52.54|57.38|55.40|22|-1.98|-0.0345|-6|284|1|37|-0.8833|0.0054|-0.0119|-1.7691|0.0268||57.30|12|53.50|44
GME211203C00240000|0.50|0.60|0.31|0.50|0.35|23|-0.15|-0.3000|1|592|2|193|0.0538|0.0038|0.0005|-0.7861|0.0149||0.32|2|0.30|1
GME211203P00240000|54.95|66.50|54.95|57.50|66.50|23|9.00|0.1565|-1|101|1|5|-0.7274|0.0053|-0.0109|-5.2389|0.0452||59.65|12|55.95|22
GME211203C00245000|0.47|0.47|0.27|0.44|0.27|24|-0.17|-0.3864|-31|414|1|46|0.0458|0.0033|0.0004|-0.7100|0.0131||0.32|2|0.22|14
GME211203P00245000|60.55|60.55|60.55|62.45|60.55|24|-1.90|-0.0304|-1|68|1|1|-0.9893|0.0013|-0.0133|-0.1554|0.0039||64.65|12|60.90|16
GME211203C00250000|0.25|0.45|0.25|0.41|0.25|25|-0.16|-0.3902|-50|3342|1|1450|0.0308|0.0024|0.0003|-0.5038|0.0095||0.34|17|0.25|1
GME211203P00250000|71.49|74.50|71.49|65.43|74.50|25|9.07|0.1386|-9|123|1|3|-0.9087|0.0042|-0.0129|-1.6099|0.0223||69.65|22|65.90|21
GME211203C00260000|0.23|0.34|0.23|0.37|0.24|26|-0.13|-0.3514|10|714|2|60|0.0264|0.0020|0.0003|-0.4788|0.0084||0.28|12|0.22|1
GME211203P00260000||||75.00|75.00|26|0.00|0.0000|-1|6|0|0|-0.5213|0.0028|-0.2046|-0.7933|0.2301||79.65|12|75.85|20
GME211203C00270000|0.22|0.34|0.20|0.26|0.22|27|-0.04|-0.1538|-1|587|1|210|0.0226|0.0016|0.0002|-0.4525|0.0073||0.25|11|0.20|7
GME211203P00270000|85.99|86.50|85.99|90.50|86.50|27|-4.00|-0.0442|4|21|2|4|-0.9820|0.0014|-0.0146|-0.3559|0.0061||89.65|11|85.80|19
GME211203C00280000|0.22|0.30|0.16|0.25|0.16|28|-0.09|-0.3600|-8|572|1|67|0.4639|0.0026|0.0534|-0.7782|0.2388||0.22|1|0.19|1
GME211203P00280000||||95.00|95.00|28|0.00|0.0000|-3|10|0|0|-0.5030|0.0024|-0.2265|-0.9257|0.2304||100.00|12|95.85|11
GME211203C00290000|0.27|0.27|0.12|0.25|0.12|29|-0.13|-0.5200|200|502|1|16|0.0122|0.0009|0.0001|-0.2815|0.0043||0.19|1|0.11|14
GME211203P00290000||||||29||||0|0|0|-1.0000|0.0000|-0.3098|0.0009|0.0000||109.90|12|105.70|12
GME211203C00300000|0.17|0.22|0.09|0.17|0.13|30|-0.04|-0.2353|16|2195|1|238|0.0113|0.0008|0.0001|-0.2791|0.0041||0.12|2|0.11|31
GME211203P00300000||||111.10|111.10|30|0.00|0.0000|-1|2|0|0|-0.9999|0.0000|-0.0164|-0.0010|0.0000||119.80|12|115.90|12
GME211203C00310000|0.11|0.13|0.10|0.20|0.13|31|-0.07|-0.3500|-10|344|1|3|0.0121|0.0008|0.0001|-0.3199|0.0043||0.14|4|0.08|12
GME211203P00310000||||71.90|71.90|31|0.00|0.0000|0|4|0|0|-1.0000|0.0000|-0.0170|0.0010|0.0000||129.75|12|125.95|4
GME211203C00320000|0.10|0.12|0.10|0.17|0.12|32|-0.05|-0.2941|100|389|1|2|0.4472|0.0023|0.0456|-0.9375|0.2284||0.12|4|0.08|2
GME211203P00320000||||||32||||0|0|0|-1.0000|0.0000|-0.0175|0.0010|0.0000||139.70|12|136.05|13
GME211203C00330000|0.08|0.08|0.07|0.11|0.07|33|-0.04|-0.3636|68|348|1|4|0.0066|0.0004|0.0001|-0.1910|0.0025||0.09|2|0.07|1
GME211203P00330000||||127.27|127.27|33|0.00|0.0000|0|2|0|0|-0.9959|0.0003|-0.0180|-0.1177|0.0017||149.70|12|145.60|12
GME211203C00340000|0.08|0.08|0.07|0.11|0.07|34|-0.04|-0.3636|21|135|1|3|0.4537|0.0022|0.0444|-1.0104|0.2288||0.08|1|0.05|12
GME211203P00340000||||134.20|134.20|34|0.00|0.0000|0|1|0|0|-0.9985|0.0001|-0.0186|-0.0430|0.0007||159.65|12|155.85|13
GME211203C00350000|0.09|0.09|0.05|0.10|0.05|35|-0.05|-0.5000|226|1237|1|26|0.0048|0.0003|0.0000|-0.1531|0.0019||0.07|2|0.04|14
GME211203P00350000||||136.35|136.35|35|0.00|0.0000|0|3|0|0|-0.7376|0.0027|-0.3378|-0.5096|0.1959||169.65|12|165.95|5
GME211203C00360000||||0.09|0.09|36|0.00|0.0000|-2|159|0|0|0.0072|0.0004|0.0001|-0.2398|0.0027||0.07|5|0.04|8
GME211203P00360000||||||36||||0|0|0|-1.0000|0.0000|-0.3550|0.0011|0.0000||179.60|12|176.00|12
GME211203C00370000||||0.05|0.05|37|0.00|0.0000|-2|88|0|0|0.4561|0.0020|0.0429|-1.0911|0.2290||0.08|14|0.03|12
GME211203P00370000||||136.05|136.05|37|0.00|0.0000|0|1|0|0|-1.0000|0.0000|-0.0203|0.0011|0.0000||189.60|10|185.65|12
GME211203C00380000|0.06|0.06|0.06|0.10|0.06|38|-0.04|-0.4000|15|101|1|1|0.0049|0.0003|0.0000|-0.1727|0.0019||0.07|4|0.01|13
GME211203P00380000||||170.35|170.35|38|0.00|0.0000|0|0|0|0|-0.6331|0.0022|-0.3353|-0.8759|0.2175||200.85|12|195.85|12
GME211203C00390000|0.02|0.02|0.02|0.09|0.02|39|-0.07|-0.7778|9|91|2|2|0.0018|0.0001|0.0000|-0.0665|0.0008||0.07|7|0.00|0
GME211203P00390000||||||39||||0|0|0|-1.0000|0.0000|-0.3846|0.0012|0.0000||210.85|13|205.85|12
GME211203C00400000|0.04|0.06|0.01|0.07|0.04|40|-0.03|-0.4286|-34|2449|10|44|0.0034|0.0002|0.0000|-0.1299|0.0014||0.06|43|0.03|1
GME211203P00400000||||215.38|215.38|40|0.00|0.0000|-10|0|0|0|-0.9999|0.0000|-0.0219|-0.0020|0.0000||220.85|12|215.65|13
GME211203C00410000|0.05|0.05|0.02|0.05|0.03|41|-0.02|-0.4000|-2|1055|2|37|0.0025|0.0002|0.0000|-0.0985|0.0011||0.11|14|0.03|7
GME211203P00410000||||||41||||0|0|0|-1.0000|0.0000|-0.0225|0.0013|0.0000||229.55|12|225.20|36
GME211203C00420000|0.04|0.04|0.04|0.05|0.04|42|-0.01|-0.2000|7|231|4|4|0.4931|0.0017|0.0446|-1.1924|0.2398||0.06|1|0.01|1
GME211203P00420000||||||42||||0|0|0|-1.0000|0.0000|-0.4487|0.0013|0.0000||239.55|12|235.20|36
GME211203C00430000||||0.03|0.03|43|0.00|0.0000|21|70|0|0|0.0027|0.0002|0.0000|-0.1092|0.0011||0.23|2|0.01|6
GME211203P00430000||||||43||||0|0|0|-1.0000|0.0000|-0.0236|0.0013|0.0000||250.85|12|245.20|16
GME211203C00440000|0.08|0.08|0.08|0.05|0.08|44|0.03|0.6000|1|70|1|1|0.0053|0.0003|0.0000|-0.2261|0.0021||0.17|1|0.00|0
GME211203P00440000||||||44||||0|0|0|-1.0000|0.0000|-0.0241|0.0014|0.0000||260.70|4|255.20|16
GME211203C00450000|0.02|0.02|0.02|0.03|0.02|45|-0.01|-0.3333|5|483|1|1|0.0017|0.0001|0.0000|-0.0717|0.0007||0.11|1|0.01|20
GME211203P00450000||||||45||||0|0|0|-1.0000|0.0000|-0.0247|0.0014|0.0000||270.85|12|265.30|4
GME211203C00460000|0.11|0.11|0.03|0.02|0.05|46|0.03|1.5000|-1|59|1|5|0.0036|0.0002|0.0000|-0.1586|0.0015||0.05|1|0.01|1
GME211203P00460000||||||46||||0|0|0|-1.0000|0.0000|-0.0252|0.0014|0.0000||279.80|4|275.20|16
GME211203C00470000||||0.07|0.07|47|0.00|0.0000|-57|191|0|0|0.0048|0.0002|0.0000|-0.2200|0.0019||0.05|1|0.00|0
GME211203P00470000||||||47||||0|0|0|-1.0000|0.0000|-0.0258|0.0014|0.0000||290.85|12|285.25|10
GME211203C00480000|0.05|0.06|0.05|0.04|0.06|48|0.02|0.5000|1|91|1|2|0.0043|0.0002|0.0000|-0.1972|0.0017||0.10|1|0.00|0
GME211203P00480000||||||48||||0|0|0|-1.0000|0.0000|-0.5128|0.0015|0.0000||300.85|12|295.30|4
GME211203C00490000||||0.06|0.06|49|0.00|0.0000|16|250|0|0|0.0038|0.0002|0.0000|-0.1802|0.0015||0.04|1|0.01|1
GME211203P00490000||||||49||||0|0|0|-1.0000|0.0000|-0.5235|0.0015|0.0000||310.85|12|305.30|3
GME211203C00500000|0.05|0.05|0.01|0.05|0.01|50|-0.04|-0.8000|1|1370|1|19|0.0009|0.0001|0.0000|-0.0424|0.0004||0.05|5|0.01|4
GME211203P00500000||||||50||||0|0|0|-1.0000|0.0000|-0.0274|0.0015|0.0000||320.85|12|315.30|3
GME211203C00510000|0.04|0.04|0.01|0.05|0.02|51|-0.03|-0.6000|217|5698|2|375|0.0015|0.0001|0.0000|-0.0754|0.0007||0.03|18|0.01|25
GME211203P00510000||||||51||||0|0|0|-1.0000|0.0000|-0.0279|0.0016|0.0000||330.85|12|324.90|10
GME211210C00100000||||86.01|86.01|15|0.00|0.0000|0|1|0|0|0.9281|0.0015|0.0205|-0.7137|0.0397||85.05|13|80.80|12
GME211210P00100000|0.57|0.79|0.34|0.57|0.53|15|-0.04|-0.0702|65|210|1|26|-0.0194|0.0008|-0.0010|-0.1541|0.0136||0.60|1|0.31|66
GME211210C00110000||||76.13|76.13|14|0.00|0.0000|0|2|0|0|0.9368|0.0017|0.0237|-0.4942|0.0360||74.90|9|70.85|3
GME211210P00110000|0.85|0.85|0.79|0.71|0.79|14|0.08|0.1127|50|206|1|3|-0.0298|0.0012|-0.0015|-0.2048|0.0196||1.00|59|0.64|5
GME211210C00120000||||76.03|76.03|13|0.00|0.0000|0|1|0|0|0.8439|0.0021|0.0194|-1.4859|0.0693||65.25|9|61.30|3
GME211210P00120000|0.60|1.31|0.60|0.95|1.10|13|0.15|0.1579|2|96|1|174|-0.0456|0.0019|-0.0023|-0.2724|0.0278||1.23|53|0.81|87
GME211210C00130000||||||12||||0|0|0|1.0000|0.0000|0.0321|-0.0004|0.0000||55.80|18|50.90|15
GME211210P00130000|1.30|2.00|1.00|1.50|1.65|12|0.15|0.1000|20|431|1|68|-0.0403|0.0022|-0.0020|-0.1895|0.0251||1.65|12|1.32|16
GME211210C00140000||||56.44|56.44|11|0.00|0.0000|0|29|0|0|0.7948|0.0033|0.0220|-1.3667|0.0824||46.60|17|42.65|12
GME211210P00140000|2.30|3.20|1.75|2.49|2.38|11|-0.11|-0.0442|47|299|7|235|-0.2130|0.0032|-0.0632|-0.3099|0.1834||2.38|13|2.13|12
GME211210C00145000||||||10|||||0|0|1.0000|0.0000|0.0358|-0.0005|0.0000||42.15|27|37.45|18
GME211210P00145000|2.60|3.60|2.60|2.60|3.15|10|0.55|0.2115|||1|5|-0.0978|0.0046|-0.0049|-0.3582|0.0500||3.30|51|2.65|30
GME211210C00150000||||47.05|47.05|9|0.00|0.0000|0|19|0|0|0.7563|0.0039|0.0223|-1.3922|0.0908||37.85|34|34.05|12
GME211210P00150000|3.00|5.00|2.81|3.70|3.70|9|0.00|0.0000|51|220|1|303|-0.1256|0.0058|-0.0063|-0.4090|0.0596||3.80|17|3.45|17
GME211210C00155000||||58.70|58.70|8|0.00|0.0000|0|45|0|0|0.7225|0.0027|0.0179|-2.2949|0.0968||33.45|28|30.10|12
GME211210P00155000|4.95|6.40|4.40|4.95|4.50|8|-0.45|-0.0909|94|195|13|40|-0.1601|0.0068|-0.0081|-0.4845|0.0705||4.95|25|4.25|67
GME211210C00160000||||29.75|29.75|7|0.00|0.0000|0|204|0|0|0.7556|0.0070|0.0266|-0.7831|0.0906||29.65|41|26.40|12
GME211210P00160000|5.00|8.20|5.00|6.00|5.72|7|-0.28|-0.0467|153|386|13|189|-0.1961|0.0080|-0.0099|-0.5304|0.0802||6.20|25|5.40|91
GME211210C00165000|21.75|21.75|21.75|23.22|21.75|6|-1.47|-0.0633|2|2|1|1|0.6850|0.0054|0.1067|-0.2729|0.2242||26.00|43|22.85|18
GME211210P00165000|7.65|10.05|6.48|7.75|7.44|6|-0.31|-0.0400|18|320|9|56|-0.2445|0.0091|-0.0125|-0.6044|0.0910||7.75|14|6.75|81
GME211210C00170000|24.00|24.00|17.52|20.07|21.00|5|0.93|0.0463|11|16|2|17|0.6928|0.0093|0.0259|-0.7407|0.1019||22.65|46|19.65|22
GME211210P00170000|8.54|12.29|7.15|8.90|8.90|5|0.00|0.0000|-2|360|1|144|-0.2898|0.0106|-0.0148|-0.6163|0.0991||9.30|4|8.55|80
GME211210C00175000|19.14|19.14|13.80|18.40|15.55|4|-2.85|-0.1549|7|25|14|33|0.6258|0.0054|0.1051|-0.2878|0.2474||19.65|47|17.10|14
GME211210P00175000|9.55|15.25|9.50|11.66|11.15|4|-0.51|-0.0437|117|418|1|197|-0.3585|0.0111|-0.0185|-0.6985|0.1079||11.60|20|10.60|22
GME211210C00177500|16.27|16.27|16.26|16.27|16.26|3|-0.01|-0.0006|||1|2|0.6095|0.0106|0.0233|-0.7754|0.1108||17.70|24|15.80|16
GME211210P00177500|11.31|16.03|11.31|11.31|12.00|3|0.69|0.0610|||1|17|-0.3813|0.0109|-0.0199|-0.7389|0.1105||12.85|30|11.55|54
GME211210C00180000|14.20|18.25|11.72|14.75|15.80|2|1.05|0.0712|58|79|1|209|0.5885|0.0105|0.0226|-0.8006|0.1127||16.15|23|14.75|18
GME211210P00180000|13.00|17.50|11.63|14.30|13.50|2|-0.80|-0.0559|117|606|1|175|-0.4175|0.0115|-0.0218|-0.7357|0.1127||14.25|29|13.00|1
GME211210C00182500|15.85|15.85|10.82|15.85|14.13|1|-1.72|-0.1085|||1|37|0.5628|0.0083|0.0207|-1.0353|0.1138||15.60|45|13.45|23
GME211210P00182500|14.38|19.00|14.38|14.38|15.26|1|0.88|0.0612|||3|14|-0.4409|0.0132|-0.0227|-0.6561|0.1143||15.55|12|13.70|35
GME211210C00185000|15.95|15.95|9.20|12.60|13.25|1|0.65|0.0516|53|108|1|46|0.5358|0.0107|0.0208|-0.8196|0.1152||13.65|4|12.50|19
GME211210P00185000|14.53|20.50|14.50|17.01|18.00|1|0.99|0.0582|61|358|1|38|-0.4692|0.0118|-0.0247|-0.7470|0.1152||17.05|20|15.15|61
GME211210C00187500|15.35|15.35|9.15|11.00|12.20|2|1.20|0.1091|9|19|1|22|0.5690|0.0049|0.0937|-0.3429|0.2565||13.35|75|11.40|23
GME211210P00187500|16.10|18.80|16.10|15.45|17.90|2|2.45|0.1586|45|127|1|3|-0.5166|0.0152|-0.0265|-0.5819|0.1155||18.70|21|16.35|48
GME211210C00190000|12.50|13.20|8.50|10.75|11.25|3|0.50|0.0465|10|96|1|120|0.5584|0.0049|0.0860|-0.3727|0.2491||11.60|20|10.55|18
GME211210P00190000|20.96|23.00|19.26|21.52|19.26|3|-2.26|-0.1050|50|428|1|6|-0.4372|0.0047|-0.1479|-0.3604|0.2572||20.20|35|17.85|66
GME211210C00192500|11.15|11.65|7.78|9.50|10.65|4|1.15|0.1211|33|65|1|13|0.4545|0.0109|0.0179|-0.8005|0.1149||10.90|24|9.55|26
GME211210P00192500|18.46|21.38|18.46|22.09|20.00|4|-2.09|-0.0946|14|86|2|24|-0.5589|0.0114|-0.0300|-0.7599|0.1139||22.15|36|19.55|52
GME211210C00195000|10.22|11.43|7.00|9.70|9.45|5|-0.25|-0.0258|76|134|100|139|0.5411|0.0047|0.0828|-0.3910|0.2505||10.10|21|8.70|14
GME211210P00195000|20.40|23.13|20.40|22.97|23.13|5|0.16|0.0070|41|190|20|25|-0.4838|0.0056|-0.1560|-0.3064|0.2602||24.00|19|21.10|60
GME211210C00197500|8.80|8.99|8.18|9.50|8.99|6|-0.51|-0.0537|10|46|1|12|0.4065|0.0104|0.0161|-0.8019|0.1124||9.75|51|8.15|23
GME211210P00197500||||19.25|19.25|6|0.00|0.0000|27|104|0|0|-0.6829|0.0153|-0.0354|-0.4606|0.1032||25.80|18|22.65|44
GME211210C00200000|8.80|10.00|6.00|7.80|8.10|7|0.30|0.0385|82|634|40|195|0.3854|0.0101|0.0153|-0.8030|0.1108||8.40|3|7.65|12
GME211210P00200000|25.18|31.28|25.18|27.05|26.02|7|-1.03|-0.0381|-20|659|1|23|-0.4583|0.0041|-0.1673|-0.4178|0.2590||27.55|16|24.55|61
GME211210C00202500|8.75|8.75|6.10|7.25|7.60|8|0.35|0.0483|3|67|1|21|0.3547|0.0100|0.0141|-0.7730|0.1075||8.10|29|6.90|51
GME211210P00202500|27.95|27.95|27.95|26.32|27.95|8|1.63|0.0619|15|48|1|1|-0.5205|0.0056|-0.1600|-0.3321|0.2515||29.50|14|26.40|34
GME211210C00205000|7.30|7.30|5.28|6.79|7.00|9|0.21|0.0309|26|159|3|30|0.3386|0.0095|0.0134|-0.7803|0.1056||7.45|35|6.40|46
GME211210P00205000|27.42|32.21|26.88|31.25|29.88|9|-1.37|-0.0438|2|177|1|6|-0.6257|0.0086|-0.0360|-0.9289|0.1098||31.40|14|28.30|39
GME211210C00207500|5.55|7.35|5.10|5.55|6.55|10|1.00|0.1802|4|68|1|12|0.3110|0.0097|0.0125|-0.7184|0.1024||7.00|48|5.90|48
GME211210P00207500|29.52|32.00|29.52|28.58|32.00|10|3.42|0.1197|-5|18|1|2|-0.8429|0.0118|-0.0444|-0.2720|0.0697||33.45|17|30.25|33
GME211210C00210000|7.00|7.00|4.50|5.82|6.30|11|0.48|0.0825|10|309|1|38|0.3065|0.0090|0.0123|-0.7594|0.1018||6.60|61|5.40|75
GME211210P00210000|34.85|38.38|34.47|36.62|34.47|11|-2.15|-0.0587|-4|105|1|18|-0.6694|0.0084|-0.0388|-0.8636|0.1051||35.50|12|32.00|39
GME211210C00212500|6.00|6.00|4.40|5.55|5.75|12|0.20|0.0360|54|83|20|27|0.4707|0.0046|0.0735|-0.3993|0.2511||6.00|19|4.95|56
GME211210P00212500|33.64|33.64|33.64|32.63|33.64|12|1.01|0.0310|-1|38|1|1|-0.5728|0.0055|-0.1914|-0.3010|0.2561||37.55|12|34.25|32
GME211210C00215000|3.95|5.75|3.95|5.09|5.20|13|0.11|0.0216|6|165|1|24|0.2675|0.0083|0.0107|-0.7220|0.0950||5.25|1|4.65|45
GME211210P00215000|42.73|42.73|37.79|40.77|37.79|13|-2.98|-0.0731|-4|34|1|2|-0.7273|0.0083|-0.0421|-0.7423|0.0959||39.40|12|36.10|33
GME211210C00217500|5.45|5.45|4.28|5.55|4.50|14|-1.05|-0.1892|3|30|1|4|0.4672|0.0043|0.0715|-0.4275|0.2509||5.25|40|4.35|21
GME211210P00217500||||28.08|28.08|14|0.00|0.0000|0|25|0|0|-0.6611|0.0067|-0.2088|-0.2169|0.2389||41.85|12|38.10|47
GME211210C00220000|5.00|5.35|3.57|4.80|4.50|15|-0.30|-0.0625|47|401|1|198|0.2509|0.0077|0.0100|-0.7325|0.0922||4.80|15|4.05|14
GME211210P00220000|39.30|42.63|39.30|42.99|42.22|15|-0.77|-0.0179|0|155|1|3|-0.6421|0.0060|-0.1965|-0.2681|0.2357||43.95|12|40.60|39
GME211210C00222500|4.55|4.55|3.50|4.14|4.13|16|-0.01|-0.0024|5|63|1|31|0.2106|0.0075|0.0085|-0.6184|0.0834||4.55|21|3.75|31
GME211210P00222500||||33.35|33.35|16|0.00|0.0000|0|45|0|0|-0.8824|0.0071|-0.0499|-0.3035|0.0570||46.30|12|42.70|34
GME211210C00225000|4.28|4.60|3.20|4.05|4.20|17|0.15|0.0370|16|334|1|27|0.4412|0.0043|0.0682|-0.4254|0.2491||4.20|15|3.55|17
GME211210P00225000|47.35|47.35|47.35|47.49|47.35|17|-0.14|-0.0029|2|461|1|1|-0.7681|0.0071|-0.0462|-0.7299|0.0884||48.55|22|44.75|49
GME211210C00227500|4.25|4.25|3.22|3.65|3.35|18|-0.30|-0.0822|2|23|1|5|0.2003|0.0069|0.0081|-0.6328|0.0812||4.15|26|3.30|33
GME211210P00227500||||34.06|34.06|18|0.00|0.0000|0|35|0|0|-0.8100|0.0068|-0.2474|-0.1164|0.1772||50.80|12|47.05|29
GME211210C00230000|4.00|4.05|2.55|3.55|3.48|19|-0.07|-0.0197|9|393|1|26|0.1963|0.0066|0.0079|-0.6454|0.0802||3.80|19|3.15|22
GME211210P00230000||||41.51|41.51|19|0.00|0.0000|-1|38|0|0|-0.8703|0.0063|-0.0513|-0.3952|0.0610||53.20|11|49.25|28
GME211210C00232500|3.60|3.90|3.05|3.00|3.35|20|0.35|0.1167|-19|30|1|5|0.1788|0.0063|0.0072|-0.6060|0.0755||3.50|14|3.05|24
GME211210P00232500||||49.93|49.93|20|0.00|0.0000|1|11|0|0|-0.8933|0.0057|-0.0529|-0.3268|0.0533||55.45|11|51.65|26
GME211210C00235000|3.40|3.55|2.49|3.15|3.15|21|0.00|0.0000|-30|902|1|36|0.1722|0.0060|0.0069|-0.6023|0.0737||3.30|23|2.91|16
GME211210P00235000|57.29|57.29|57.29|45.86|57.29|21|11.43|0.2492|0|36|1|1|-0.5507|0.0037|-0.2255|-0.4615|0.2583||57.80|11|53.95|26
GME211210C00237500|2.69|2.69|2.69|2.90|2.69|22|-0.21|-0.0724|0|18|1|3|0.1637|0.0058|0.0066|-0.5837|0.0715||3.20|19|2.71|34
GME211210P00237500||||48.03|48.03|22|0.00|0.0000|1|25|0|0|-0.9001|0.0051|-0.0544|-0.3326|0.0506||60.15|11|56.20|27
GME211210C00240000|2.82|3.60|2.48|2.84|2.90|23|0.06|0.0211|20|330|3|77|0.1602|0.0056|0.0065|-0.5905|0.0706||2.90|3|2.58|40
GME211210P00240000|58.15|58.15|58.15|45.67|58.15|23|12.48|0.2733|0|33|1|1|-0.6257|0.0043|-0.2381|-0.3602|0.2474||62.60|7|58.20|42
GME211210C00245000|3.23|3.23|2.20|2.56|2.57|24|0.01|0.0039|4|172|1|8|0.1513|0.0052|0.0061|-0.5906|0.0679||2.76|27|2.35|20
GME211210P00245000||||50.19|50.19|24|0.00|0.0000|0|23|0|0|-0.7884|0.0052|-0.2670|-0.1737|0.1890||67.25|11|63.20|34
GME211210C00250000|3.15|3.20|1.90|2.35|2.14|25|-0.21|-0.0894|-1|2190|15|169|0.1359|0.0048|0.0055|-0.5555|0.0632||2.38|12|2.15|25
GME211210P00250000||||60.35|60.35|25|0.00|0.0000|1|15|0|0|-0.9098|0.0042|-0.0579|-0.3521|0.0470||72.10|12|67.85|37
GME211210C00255000|2.37|2.37|1.80|2.20|2.11|26|-0.09|-0.0409|12|65|1|17|0.1168|0.0043|0.0047|-0.4986|0.0567||2.27|18|1.93|10
GME211210P00255000||||40.40|40.40|26|0.00|0.0000|0|5|0|0|-0.9976|0.0004|-0.0628|-0.0078|0.0022||76.95|12|72.85|22
GME211210C00260000|3.10|3.10|1.65|2.20|1.89|27|-0.31|-0.1409|-16|936|1|63|0.3847|0.0035|0.0578|-0.4815|0.2412||2.12|24|1.79|33
GME211210P00260000||||69.85|69.85|27|0.00|0.0000|1|22|0|0|-0.9227|0.0035|-0.0609|-0.3308|0.0420||81.85|12|77.85|20
GME211210C00270000|2.00|2.02|1.48|1.82|1.66|28|-0.16|-0.0879|16|220|1|14|0.0968|0.0035|0.0039|-0.4669|0.0497||1.72|7|1.53|13
GME211210P00270000||||75.18|75.18|28|0.00|0.0000|0|14|0|0|-0.9267|0.0031|-0.0636|-0.3444|0.0403||91.65|12|87.55|15
GME211210C00280000|1.83|1.83|1.19|1.50|1.45|29|-0.05|-0.0333|22|226|3|33|0.3527|0.0033|0.0567|-0.4558|0.2425||1.56|16|1.31|21
GME211210P00280000||||84.53|84.53|29|0.00|0.0000|0|1|0|0|-0.6938|0.0035|-0.2812|-0.4051|0.2215||101.45|12|97.15|23
GME211210C00290000|1.45|1.47|1.22|1.49|1.22|30|-0.27|-0.1812|9|150|1|14|0.0826|0.0028|0.0033|-0.4601|0.0441||1.33|20|1.17|19
GME211210P00290000||||82.25|82.25|30|0.00|0.0000|0|7|0|0|-0.9944|0.0005|-0.0713|-0.0275|0.0046||111.30|12|107.15|13
GME211210C00300000|1.28|1.36|1.05|1.24|1.12|31|-0.12|-0.0968|-171|876|1|219|0.3356|0.0030|0.0498|-0.5083|0.2301||1.16|9|1.05|1
GME211210P00300000||||76.00|76.00|31|0.00|0.0000|0|14|0|0|-0.9990|0.0001|-0.0739|-0.0044|0.0010||121.20|26|117.00|14
GME211210C00310000|1.10|1.10|0.95|1.06|1.07|32|0.01|0.0094|3|156|100|106|0.3224|0.0030|0.0479|-0.5064|0.2264||1.07|9|0.95|10
GME211210P00310000||||83.61|83.61|32|0.00|0.0000|0|4|0|0|-0.8783|0.0029|-0.3670|-0.1542|0.1319||131.05|12|126.05|24
GME211210C00320000|1.00|1.00|0.95|0.99|0.95|33|-0.04|-0.0404|11|274|1|4|0.3151|0.0029|0.0466|-0.5136|0.2242||1.05|28|0.81|9
GME211210P00320000||||89.47|89.47|33|0.00|0.0000|0|3|0|0|-0.9999|0.0000|-0.0789|0.0002|0.0002||141.00|10|136.05|1
GME211210C00330000|0.89|0.92|0.89|1.05|0.92|34|-0.13|-0.1238|26|263|9|23|0.0490|0.0017|0.0020|-0.3336|0.0294||1.00|33|0.73|6
GME211210P00330000||||||34||||0|0|0|-1.0000|0.0000|-0.3887|0.0011|0.0000||152.10|12|146.05|13
GME211210C00340000|0.80|0.84|0.75|0.87|0.80|35|-0.07|-0.0805|2|88|1|10|0.0431|0.0015|0.0017|-0.3050|0.0265||0.80|13|0.76|1
GME211210P00340000||||||35||||0|0|0|-1.0000|0.0000|-0.0838|0.0011|0.0000||162.00|12|156.05|3
GME211210C00350000|1.05|1.05|0.68|0.76|0.71|36|-0.05|-0.0658|-501|388|1|48|0.2986|0.0026|0.0435|-0.5366|0.2190||0.72|16|0.67|1
GME211210P00350000||||||36||||0|0|0|-1.0000|0.0000|-0.0863|0.0011|0.0000||171.75|3|166.05|12
GME211210C00360000|0.62|0.68|0.62|0.63|0.68|37|0.05|0.0794|5|87|1|4|0.2969|0.0025|0.0428|-0.5496|0.2184||0.67|4|0.54|15
GME211210P00360000||||||37||||0|0|0|-1.0000|0.0000|-0.0888|0.0012|0.0000||180.70|12|176.05|12
GME211210C00370000||||0.75|0.75|38|0.00|0.0000|-3|21|0|0|0.0377|0.0013|0.0015|-0.2995|0.0238||0.67|13|0.46|55
GME211210P00370000||||||38||||0|0|0|-1.0000|0.0000|-0.0912|0.0012|0.0000||191.75|12|186.00|12
GME211210C00380000|0.62|0.62|0.62|0.52|0.62|39|0.10|0.1923|6|51|3|3|0.0298|0.0010|0.0012|-0.2432|0.0196||0.62|12|0.46|35
GME211210P00380000||||||39||||0|0|0|-1.0000|0.0000|-0.0937|0.0012|0.0000||201.65|12|195.50|12
GME211210C00390000|0.55|0.55|0.55|0.59|0.55|40|-0.04|-0.0678|3|47|2|4|0.0288|0.0010|0.0011|-0.2425|0.0191||0.57|4|0.51|1
GME211210P00390000||||||40||||0|0|0|-1.0000|0.0000|-0.0962|0.0013|0.0000||210.45|12|205.50|12
GME211210C00400000|0.72|0.72|0.45|0.57|0.48|41|-0.09|-0.1579|-207|426|1|41|0.2950|0.0023|0.0440|-0.5652|0.2253||0.48|8|0.42|6
GME211210P00400000||||||41||||0|0|0|-1.0000|0.0000|-0.5040|0.0013|0.0000||221.55|12|215.50|12
GME211210C00410000|0.49|0.49|0.49|0.38|0.49|42|0.11|0.2895|6|52|1|1|0.2819|0.0023|0.0396|-0.5881|0.2131||0.51|14|0.40|8
GME211210P00410000||||||42||||0|0|0|-1.0000|0.0000|-0.1011|0.0013|0.0000||231.50|12|225.45|12
GME211210C00420000|0.50|0.55|0.45|0.42|0.45|43|0.03|0.0714|11|169|2|4|0.0231|0.0008|0.0009|-0.2118|0.0159||0.45|6|0.37|5
GME211210P00420000||||||43||||0|0|0|-1.0000|0.0000|-0.4947|0.0014|0.0000||241.40|12|235.45|12
GME211210C00430000|0.34|0.40|0.31|0.38|0.40|44|0.02|0.0526|17|42|1|302|0.2923|0.0022|0.0427|-0.5952|0.2243||0.43|1|0.33|4
GME211210P00430000||||||44||||0|0|0|-1.0000|0.0000|-0.1060|0.0014|0.0000||251.35|12|245.45|12
GME211210C00440000|0.52|0.52|0.32|0.30|0.39|45|0.09|0.3000|0|33|1|34|0.0200|0.0007|0.0008|-0.1919|0.0140||0.45|20|0.25|8
GME211210P00440000||||||45||||0|0|0|-1.0000|0.0000|-0.1085|0.0014|0.0000||261.30|12|255.45|3
GME211210C00450000|0.24|0.35|0.23|0.31|0.35|46|0.04|0.1290|6|98|1|213|0.0187|0.0006|0.0007|-0.1835|0.0132||0.45|29|0.25|6
GME211210P00450000||||||46||||0|0|0|-1.0000|0.0000|-0.1110|0.0015|0.0000||271.25|4|265.45|1
GME211210C00460000||||0.27|0.27|47|0.00|0.0000|1|18|0|0|0.0154|0.0005|0.0006|-0.1545|0.0112||0.45|16|0.30|3
GME211210P00460000||||||47||||0|0|0|-1.0000|0.0000|-0.1134|0.0015|0.0000||281.25|12|275.45|3
GME211210C00470000|0.34|0.34|0.34|0.28|0.34|48|0.06|0.2143|3|15|1|1|0.0180|0.0006|0.0007|-0.1848|0.0128||0.45|30|0.20|1
GME211210P00470000||||||48||||0|0|0|-1.0000|0.0000|-0.1159|0.0015|0.0000||291.20|4|285.45|2
GME211210C00480000|0.40|0.40|0.40|0.25|0.40|49|0.15|0.6000|7|32|1|1|0.0201|0.0006|0.0008|-0.2104|0.0141||0.44|13|0.20|1
GME211210P00480000||||||49||||0|0|0|-1.0000|0.0000|-0.6048|0.0016|0.0000||301.15|12|295.45|3
GME211210C00490000|0.30|0.35|0.26|0.40|0.26|50|-0.14|-0.3500|4|91|1|14|0.0163|0.0005|0.0006|-0.1733|0.0118||0.42|3|0.25|1
GME211210P00490000||||||50||||0|0|0|-1.0000|0.0000|-0.1208|0.0016|0.0000||311.10|12|305.45|3
GME211210C00500000|0.38|0.38|0.19|0.38|0.28|51|-0.10|-0.2632|-12|856|1|33|0.2792|0.0019|0.0397|-0.6353|0.2194||0.35|3|0.26|2
GME211210P00500000||||||51||||0|0|0|-1.0000|0.0000|-0.6300|0.0016|0.0000||321.10|12|315.45|3
GME211210C00510000|0.55|0.55|0.11|0.37|0.30|52|-0.07|-0.1892|139|2025|1|200|0.0134|0.0004|0.0005|-0.1479|0.0100||0.30|5|0.28|1
GME211210P00510000||||||52||||0|0|0|-1.0000|0.0000|-0.6426|0.0017|0.0000||331.05|12|325.45|2
GME211217C00080000|94.56|94.56|94.56|110.26|94.56|20|-15.70|-0.1424|0|1|1|1|0.9109|0.0009|0.0227|-0.9026|0.0623||104.90|10|100.55|12
GME211217P00080000|0.47|0.47|0.32|0.30|0.35|20|0.05|0.1667|26|349|3|8|-0.0107|0.0004|-0.0010|-0.0643|0.0109||0.63|56|0.13|76
GME211217C00085000||||95.85|95.85|19|0.00|0.0000|0|1|0|0|0.9530|0.0010|0.0324|-0.3139|0.0379||100.00|10|95.80|12
GME211217P00085000|0.45|0.45|0.42|0.35|0.42|19|0.07|0.2000|1|122|1|3|-0.0687|0.0011|-0.0242|-0.1634|0.0901||0.45|1|0.32|13
GME211217C00090000||||137.00|137.00|18|0.00|0.0000|0|4|0|0|0.9016|0.0005|0.0125|-1.7707|0.0670||95.10|13|90.90|12
GME211217P00090000|0.49|0.51|0.49|0.46|0.51|18|0.05|0.1087|0|66|1|3|-0.0797|0.0012|-0.0299|-0.1709|0.1038||0.82|49|0.35|61
GME211217C00100000||||114.96|114.96|17|0.00|0.0000|0|49|0|0|0.9708|0.0010|0.1284|-0.0439|0.0453||84.90|13|80.55|13
GME211217P00100000|0.80|0.81|0.50|0.78|0.69|17|-0.09|-0.1154|126|869|10|274|-0.0010|0.0001|-0.0001|-0.0041|0.0013||0.81|12|0.63|10
GME211217C00105000||||66.05|66.05|16|0.00|0.0000|0|1|0|0|0.9983|0.0001|0.0459|-0.0066|0.0021||80.00|12|75.85|12
GME211217P00105000|0.87|0.95|0.87|0.78|0.94|16|0.16|0.2051|-2|89|1|54|-0.0019|0.0002|-0.0002|-0.0068|0.0023||1.14|68|0.74|70
GME211217C00110000||||73.25|73.25|15|0.00|0.0000|0|1|0|0|0.9544|0.0015|0.1373|-0.0599|0.0652||75.25|12|71.30|12
GME211217P00110000|0.89|1.40|0.89|0.82|1.10|15|0.28|0.3415|2|375|50|57|-0.0032|0.0003|-0.0003|-0.0109|0.0037||1.36|86|0.87|99
GME211217C00115000||||112.11|112.11|14|0.00|0.0000|0|2|0|0|0.9958|0.0004|0.0501|-0.0135|0.0047||70.45|13|65.50|12
GME211217P00115000|1.34|1.45|1.34|0.68|1.45|14|0.77|1.1324|0|148|5|17|-0.0057|0.0005|-0.0005|-0.0183|0.0063||1.45|23|1.05|89
GME211217C00120000||||64.15|64.15|13|0.00|0.0000|24|51|0|0|0.9921|0.0006|0.0519|-0.0232|0.0083||65.75|14|61.85|13
GME211217P00120000|1.37|1.43|1.37|1.34|1.43|13|0.09|0.0672|17|153|7|9|-0.0767|0.0023|-0.0227|-0.0898|0.0980||1.87|70|1.33|51
GME211217C00125000||||79.68|79.68|12|0.00|0.0000|0|35|0|0|0.9857|0.0011|0.0536|-0.0395|0.0141||61.10|19|56.75|12
GME211217P00125000|1.55|1.88|1.55|1.56|1.88|12|0.32|0.2051|-4|205|3|6|-0.0171|0.0012|-0.0015|-0.0470|0.0164||2.11|32|1.62|40
GME211217C00130000||||55.70|55.70|11|0.00|0.0000|0|10|0|0|0.8857|0.0031|0.1524|-0.1126|0.1354||56.50|23|52.15|16
GME211217P00130000|1.86|2.65|1.80|2.20|2.54|11|0.34|0.1545|9|195|20|30|-0.0279|0.0018|-0.0024|-0.0703|0.0247||2.45|19|1.99|70
GME211217C00135000||||90.47|90.47|10|0.00|0.0000|0|3|0|0|0.9613|0.0025|0.0558|-0.0895|0.0323||52.00|35|48.10|7
GME211217P00135000|2.62|2.62|2.62|2.75|2.62|10|-0.13|-0.0473|0|140|1|1|-0.1419|0.0036|-0.0457|-0.1338|0.1574||3.35|87|2.47|77
GME211217C00140000|40.15|40.15|40.15|47.75|40.15|9|-7.60|-0.1592|1|146|1|1|0.8387|0.0040|0.1514|-0.1410|0.1714||47.40|24|43.75|12
GME211217P00140000|3.26|4.39|3.00|3.21|3.25|9|0.04|0.0125|11|549|1|289|-0.0596|0.0034|-0.0052|-0.1288|0.0458||3.65|17|3.25|5
GME211217C00145000||||96.94|96.94|8|0.00|0.0000|0|57|0|0|0.9200|0.0044|0.0565|-0.1578|0.0574||43.45|48|39.40|12
GME211217P00145000|4.18|4.18|3.35|4.15|4.15|8|0.00|0.0000|16|211|2|24|-0.0870|0.0045|-0.0077|-0.1739|0.0611||4.45|13|3.90|94
GME211217C00150000||||35.85|35.85|7|0.00|0.0000|0|71|0|0|0.8873|0.0056|0.0558|-0.2043|0.0739||39.45|52|35.90|12
GME211217P00150000|4.25|6.92|4.00|5.25|5.30|7|0.05|0.0095|86|1619|1|179|-0.1179|0.0056|-0.0105|-0.2161|0.0763||5.50|21|5.10|23
GME211217C00155000||||42.74|42.74|6|0.00|0.0000|0|11|0|0|0.7514|0.0052|0.1428|-0.1842|0.2220||35.35|48|32.15|12
GME211217P00155000|4.10|8.13|4.10|6.88|8.13|6|1.25|0.1817|13|308|1|15|-0.1541|0.0068|-0.0138|-0.2577|0.0917||6.85|12|6.05|109
GME211217C00160000|25.00|25.00|25.00|38.33|25.00|5|-13.33|-0.3478|-1|97|1|1|0.7235|0.0056|0.1330|-0.1987|0.2277||31.85|67|28.55|42
GME211217P00160000|6.80|10.00|6.40|8.40|8.10|5|-0.30|-0.0357|26|650|4|259|-0.1975|0.0080|-0.0178|-0.3019|0.1073||8.20|24|7.60|62
GME211217C00165000||||34.08|34.08|4|0.00|0.0000|0|82|0|0|0.6898|0.0059|0.1281|-0.2127|0.2402||28.50|68|25.35|41
GME211217P00165000|8.60|10.85|8.60|10.05|10.30|4|0.25|0.0249|22|307|1|11|-0.2528|0.0091|-0.0229|-0.3490|0.1231||10.10|30|9.20|100
GME211217C00170000||||23.22|23.22|3|0.00|0.0000|-2|117|0|0|0.6959|0.0101|0.0468|-0.3775|0.1347||25.50|72|22.30|45
GME211217P00170000|11.28|14.80|10.85|11.92|11.50|3|-0.42|-0.0352|291|1083|1|75|-0.3069|0.0099|-0.0281|-0.3882|0.1352||12.25|29|11.20|56
GME211217C00175000|21.90|21.90|16.27|21.60|20.50|2|-1.10|-0.0509|-22|188|1|11|0.6241|0.0061|0.1248|-0.2232|0.2659||22.40|71|19.55|58
GME211217P00175000|15.80|16.43|14.45|14.30|14.45|2|0.15|0.0105|18|703|1|6|-0.3759|0.0061|-0.1220|-0.2364|0.2583||14.45|13|13.25|97
GME211217C00180000|21.00|21.00|14.24|17.51|18.70|1|1.19|0.0680|17|465|1|50|0.5824|0.0114|0.0401|-0.4194|0.1503||20.15|95|17.70|34
GME211217P00180000|15.35|20.86|15.00|17.60|18.00|1|0.40|0.0227|199|1062|1|20|-0.4109|0.0110|-0.0384|-0.4289|0.1503||17.20|12|15.60|120
GME211217C00185000|17.00|18.25|12.92|16.00|16.10|1|0.10|0.0063|13|268|1|23|0.5318|0.0115|0.0371|-0.4307|0.1536||17.55|107|15.50|30
GME211217P00185000|17.32|23.60|17.00|19.85|19.70|1|-0.15|-0.0076|1|269|1|56|-0.4375|0.0062|-0.1546|-0.2377|0.2761||20.25|19|18.05|84
GME211217C00187500||||14.09|14.09|2|0.00|0.0000|15|39|0|0|0.5127|0.0094|0.0346|-0.5306|0.1535||16.35|69|14.30|20
GME211217P00187500||||21.85|21.85|2|0.00|0.0000|15|115|0|0|-0.4731|0.0084|-0.0472|-0.5882|0.1538||21.80|13|19.45|60
GME211217C00190000|15.00|16.15|10.20|13.65|14.50|3|0.85|0.0623|83|239|10|75|0.4769|0.0114|0.0335|-0.4343|0.1539||14.95|62|13.55|38
GME211217P00190000|20.10|26.92|20.10|22.75|22.69|3|-0.06|-0.0026|3|450|2|14|-0.5286|0.0112|-0.0504|-0.4422|0.1532||23.70|55|20.85|75
GME211217C00192500|12.74|12.74|12.74|12.10|12.74|4|0.64|0.0529|20|28|1|1|0.4717|0.0090|0.0319|-0.5482|0.1532||14.45|71|12.55|25
GME211217P00192500||||24.70|24.70|4|0.00|0.0000|7|112|0|0|-0.4473|0.0047|-0.1758|-0.3167|0.2771||25.35|47|22.45|44
GME211217C00195000|13.00|13.35|11.85|11.79|12.00|5|0.21|0.0178|18|148|1|5|0.4231|0.0111|0.0299|-0.4313|0.1512||13.45|63|11.65|47
GME211217P00195000|29.90|31.30|24.50|25.08|24.50|5|-0.58|-0.0231|8|423|1|98|-0.5738|0.0109|-0.0554|-0.4404|0.1515||26.40|46|24.05|75
GME211217C00197500|12.50|13.00|10.99|10.50|10.99|6|0.49|0.0467|33|38|1|41|0.5163|0.0052|0.0952|-0.3085|0.2713||12.60|67|10.95|18
GME211217P00197500||||27.65|27.65|6|0.00|0.0000|1|93|0|0|-0.5635|0.0086|-0.0571|-0.5663|0.1516||28.80|49|25.80|47
GME211217C00200000|11.05|12.80|8.47|10.50|11.10|7|0.60|0.0571|134|1099|2|450|0.4707|0.0063|0.0928|-0.2508|0.2708||11.55|71|10.30|55
GME211217P00200000|28.60|32.77|28.10|28.61|29.00|7|0.39|0.0136|4|1921|1|10|-0.6197|0.0104|-0.0607|-0.4352|0.1472||29.95|46|27.95|61
GME211217C00202500|10.60|10.60|10.50|10.00|10.50|8|0.50|0.0500|5|18|5|8|0.5075|0.0047|0.0971|-0.3171|0.2795||11.05|62|9.65|55
GME211217P00202500||||24.10|24.10|8|0.00|0.0000|0|116|0|0|-0.7119|0.0126|-0.0675|-0.2888|0.1318||32.45|49|29.05|71
GME211217C00205000|10.00|10.05|7.47|9.40|10.00|9|0.60|0.0638|16|57|1|21|0.4926|0.0048|0.0900|-0.3286|0.2715||10.35|64|9.15|44
GME211217P00205000|36.08|36.08|33.98|33.95|33.98|9|0.03|0.0009|6|165|10|11|-0.4973|0.0046|-0.1907|-0.3463|0.2715||34.35|49|31.20|58
GME211217C00207500|10.20|10.20|7.35|9.03|9.00|10|-0.03|-0.0033|12|28|1|7|0.3662|0.0080|0.0250|-0.5554|0.1449||9.60|53|8.60|44
GME211217P00207500||||21.30|21.30|10|0.00|0.0000|0|181|0|0|-0.9153|0.0101|-0.0844|-0.0735|0.0599||36.25|49|32.80|84
GME211217C00210000|10.25|10.25|6.70|9.00|9.15|11|0.15|0.0167|323|845|1|32|0.2783|0.0094|0.0200|-0.3739|0.1292||8.75|4|8.15|19
GME211217P00210000|40.00|40.70|40.00|40.00|40.21|11|0.21|0.0053|7|226|1|6|-0.7170|0.0093|-0.0718|-0.3831|0.1303||38.25|46|35.00|63
GME211217C00212500|6.50|6.50|6.50|7.88|6.50|12|-1.38|-0.1751|1|22|1|1|0.4640|0.0048|0.0852|-0.3324|0.2704||8.55|54|7.60|34
GME211217P00212500|42.25|42.25|42.25|27.00|42.25|12|15.25|0.5648|0|59|4|4|-0.6183|0.0067|-0.0679|-0.6788|0.1474||40.30|23|36.95|35
GME211217C00215000|8.03|8.03|7.30|7.33|7.30|13|-0.03|-0.0041|3|93|1|4|0.4602|0.0046|0.0890|-0.3223|0.2782||8.10|55|7.15|52
GME211217P00215000|38.00|46.00|38.00|32.68|42.25|13|9.57|0.2928|0|99|1|4|-0.6555|0.0071|-0.0709|-0.5978|0.1423||42.30|30|39.00|35
GME211217C00217500|7.20|7.20|7.20|7.75|7.20|14|-0.55|-0.0710|18|38|1|1|0.3173|0.0072|0.0218|-0.5541|0.1377||7.65|58|6.75|39
GME211217P00217500|47.80|47.80|47.80|34.55|47.80|14|13.25|0.3835|0|23|1|1|-0.9076|0.0074|-0.0883|-0.1144|0.0637||44.45|20|41.05|32
GME211217C00220000|6.89|7.58|5.30|6.70|6.80|15|0.10|0.0149|257|1902|1|46|0.3726|0.0058|0.0792|-0.2339|0.2652||7.35|74|6.40|75
GME211217P00220000|46.55|46.55|46.55|42.02|46.55|15|4.53|0.1078|-1|445|1|1|-0.7801|0.0080|-0.0805|-0.3425|0.1144||46.55|29|42.90|83
GME211217C00222500|7.50|7.50|7.25|5.85|7.25|16|1.40|0.2393|1|67|1|2|0.4303|0.0046|0.0842|-0.3178|0.2753||6.90|55|6.05|39
GME211217P00222500|52.45|52.95|51.52|31.45|52.95|16|21.50|0.6836|0|10|1|11|-0.4880|0.0033|-0.2363|-0.4477|0.2794||48.75|25|45.00|52
GME211217C00225000|6.35|6.35|5.50|6.00|6.20|17|0.20|0.0333|6|105|1|16|0.2700|0.0067|0.0187|-0.5071|0.1277||6.55|58|5.80|28
GME211217P00225000|48.50|48.50|48.50|32.35|48.50|17|16.15|0.4992|0|31|1|2|-0.9355|0.0054|-0.0937|-0.0904|0.0487||50.30|22|47.55|53
GME211217C00227500|5.60|5.60|5.60|5.85|5.60|18|-0.25|-0.0427|-1|8|1|1|0.2573|0.0065|0.0178|-0.5015|0.1242||6.20|51|5.50|39
GME211217P00227500||||48.05|48.05|18|0.00|0.0000|17|60|0|0|-0.8133|0.0069|-0.0862|-0.3250|0.1037||53.10|24|49.40|56
GME211217C00230000|5.65|6.40|5.30|5.33|5.66|19|0.33|0.0619|-3|431|1|17|0.1600|0.0066|0.0117|-0.2824|0.0940||5.95|59|5.30|59
GME211217P00230000|54.21|54.21|54.21|49.83|54.21|19|4.38|0.0879|-10|63|1|1|-0.8353|0.0066|-0.0888|-0.2916|0.0958||55.35|22|51.90|40
GME211217C00232500|4.50|4.50|4.45|5.20|4.45|20|-0.75|-0.1442|3|80|1|3|0.2212|0.0063|0.0156|-0.4409|0.1148||5.75|47|5.00|33
GME211217P00232500||||53.30|53.30|20|0.00|0.0000|0|19|0|0|-0.8140|0.0063|-0.0886|-0.3538|0.1035||57.60|23|54.05|47
GME211217C00235000|5.70|5.70|5.14|4.79|5.14|21|0.35|0.0731|17|74|1|6|0.4100|0.0042|0.0743|-0.3638|0.2646||5.45|56|4.80|25
GME211217P00235000||||54.70|54.70|21|0.00|0.0000|43|60|0|0|-0.8482|0.0060|-0.0920|-0.2875|0.0908||59.85|14|55.95|56
GME211217C00240000|4.37|4.75|4.37|4.70|4.70|22|0.00|0.0000|-4|308|2|62|0.1159|0.0052|0.0085|-0.2282|0.0754||4.90|22|4.45|56
GME211217P00240000|65.50|65.50|65.50|65.23|65.50|22|0.27|0.0041|8|54|1|1|-0.8796|0.0052|-0.0964|-0.2394|0.0772||64.45|26|60.50|22
GME211217C00245000|4.75|4.75|4.10|4.10|4.17|23|0.07|0.0171|5|87|2|153|0.1852|0.0052|0.0129|-0.4259|0.1028||4.70|58|4.10|62
GME211217P00245000|71.40|71.40|71.40|56.01|71.40|23|15.39|0.2748|-5|49|2|5|-0.7273|0.0050|-0.0895|-0.6953|0.1279||69.15|11|65.20|28
GME211217C00250000|4.46|4.75|3.45|4.00|4.05|24|0.05|0.0125|14|1169|1|59|0.0824|0.0040|0.0061|-0.1797|0.0585||4.25|45|3.80|59
GME211217P00250000||||73.53|73.53|24|0.00|0.0000|-1|56|0|0|-0.9128|0.0041|-0.1032|-0.1905|0.0611||73.85|11|69.80|25
GME211217C00255000|3.60|3.60|3.45|3.60|3.45|25|-0.15|-0.0417|-1|355|1|2|0.1571|0.0046|0.0110|-0.3931|0.0925||4.05|56|3.55|61
GME211217P00255000||||39.75|39.75|25|0.00|0.0000|0|5|0|0|-0.9976|0.0004|-0.1116|-0.0041|0.0029||78.60|12|74.35|29
GME211217C00260000|3.55|3.65|3.20|3.59|3.65|26|0.06|0.0167|30|516|2|12|0.0593|0.0031|0.0044|-0.1412|0.0455||3.75|16|3.35|31
GME211217P00260000|78.20|78.20|78.20|72.05|78.20|26|6.15|0.0854|0|21|1|1|-0.9366|0.0032|-0.1093|-0.1508|0.0479||83.40|11|79.15|29
GME211217C00270000|3.25|3.25|2.90|3.19|3.00|27|-0.19|-0.0596|18|541|1|5|0.0463|0.0025|0.0034|-0.1189|0.0375||3.40|56|3.00|25
GME211217P00270000||||65.35|65.35|27|0.00|0.0000|0|49|0|0|-0.9497|0.0026|-0.1146|-0.1289|0.0400||93.05|10|88.85|47
GME211217C00280000|3.29|3.29|2.60|2.55|2.69|28|0.14|0.0549|7|2032|2|7|0.0356|0.0020|0.0027|-0.0985|0.0303||3.35|79|2.75|1
GME211217P00280000||||91.00|91.00|28|0.00|0.0000|0|10|0|0|-0.9618|0.0020|-0.1199|-0.1051|0.0321||102.80|25|98.45|23
GME211217C00290000|2.60|2.69|2.48|2.43|2.69|29|0.26|0.1070|3|522|8|44|0.0273|0.0015|0.0020|-0.0808|0.0243||2.70|16|2.43|36
GME211217P00290000||||68.50|68.50|29|0.00|0.0000|0|25|0|0|-0.8226|0.0035|-0.3607|-0.1923|0.1770||112.60|13|107.95|54
GME211217C00300000|2.55|2.60|2.20|2.35|2.40|30|0.05|0.0213|199|5147|20|661|0.0203|0.0012|0.0015|-0.0636|0.0189||2.35|20|2.28|7
GME211217P00300000|125.00|125.00|125.00|116.00|125.00|30|9.00|0.0776|0|20|4|5|-0.9772|0.0013|-0.1298|-0.0708|0.0209||122.40|12|117.95|13
GME211217C00310000|2.10|2.40|2.10|2.21|2.40|31|0.19|0.0860|-1|369|5|11|0.0152|0.0009|0.0011|-0.0504|0.0148||2.35|55|2.08|39
GME211217P00310000||||102.75|102.75|31|0.00|0.0000|0|3|0|0|-0.9826|0.0010|-0.1346|-0.0568|0.0165||132.30|13|127.80|19
GME211217C00320000|2.00|2.04|2.00|2.00|2.00|32|0.00|0.0000|4|407|1|44|0.1258|0.0027|0.0262|-0.1558|0.1407||2.12|20|1.92|18
GME211217P00320000||||96.00|96.00|32|0.00|0.0000|0|17|0|0|-0.9858|0.0008|-0.1392|-0.0485|0.0139||142.20|12|137.80|15
GME211217C00330000||||1.75|1.75|33|0.00|0.0000|28|213|0|0|0.0095|0.0006|0.0007|-0.0348|0.0099||2.07|54|1.77|28
GME211217P00330000||||159.50|159.50|33|0.00|0.0000|0|3|0|0|-0.8758|0.0026|-0.4263|-0.1600|0.1395||152.10|13|147.70|10
GME211217C00340000|2.00|2.00|1.70|1.53|1.70|34|0.17|0.1111|5|232|1|2|0.0078|0.0005|0.0006|-0.0297|0.0083||1.90|35|1.66|26
GME211217P00340000||||126.85|126.85|34|0.00|0.0000|0|7|0|0|-0.9914|0.0005|-0.1484|-0.0316|0.0090||161.95|12|157.45|7
GME211217C00350000|1.75|1.84|1.50|1.75|1.69|35|-0.06|-0.0343|13|990|1|38|0.0064|0.0004|0.0005|-0.0254|0.0069||1.76|36|1.55|21
GME211217P00350000||||133.85|133.85|35|0.00|0.0000|0|4|0|0|-0.8821|0.0024|-0.4825|-0.1550|0.1385||171.85|13|167.20|14
GME211217C00360000|1.50|1.60|1.50|1.58|1.60|36|0.02|0.0127|0|308|1|4|0.0980|0.0021|0.0203|-0.1410|0.1177||1.60|12|1.43|27
GME211217P00360000||||||36|||0|0|0|0|-0.8874|0.0022|-0.4982|-0.1529|0.1340||181.75|12|177.05|15
GME211217C00370000|1.45|1.45|1.45|1.97|1.45|37|-0.52|-0.2640|0|447|1|1|0.0048|0.0003|0.0004|-0.0205|0.0054||1.60|60|1.34|35
GME211217P00370000||||172.65|172.65|37|0.00|0.0000|0|3|0|0|-0.9945|0.0003|-0.1618|-0.0222|0.0060||191.70|13|187.05|15
GME211217C00380000|1.60|1.60|1.60|1.36|1.60|38|0.24|0.1765|1|169|1|1|0.0041|0.0003|0.0003|-0.0184|0.0047||1.60|96|1.27|4
GME211217P00380000||||165.60|165.60|38|0.00|0.0000|0|17|0|0|-0.9956|0.0003|-0.1662|-0.0183|0.0050||201.60|13|197.05|14
GME211217C00390000||||1.38|1.38|39|0.00|0.0000|0|192|0|0|0.0952|0.0019|0.0206|-0.1423|0.1186||1.39|18|1.15|30
GME211217P00390000||||||39|||0|0|0|0|-0.9014|0.0019|-0.5449|-0.1464|0.1217||211.60|1|206.75|12
GME211217C00400000|1.20|1.39|1.20|1.29|1.20|40|-0.09|-0.0698|16|1166|2|9|0.0807|0.0017|0.0167|-0.1305|0.1018||1.32|16|1.10|31
GME211217P00400000||||198.90|198.90|40|0.00|0.0000|0|3|0|0|-0.9965|0.0002|-0.1751|-0.0154|0.0041||221.60|12|216.75|12
GME211217C00410000||||1.22|1.22|41|0.00|0.0000|1|204|0|0|0.0839|0.0017|0.0182|-0.1318|0.1080||1.29|43|1.03|27
GME211217P00410000||||190.90|190.90|41|0.00|0.0000|0|3|0|0|-0.9969|0.0002|-0.1795|-0.0137|0.0036||232.50|12|226.75|12
GME211217C00420000|1.37|1.37|1.01|1.16|1.13|42|-0.03|-0.0259|-1|539|1|11|0.0729|0.0015|0.0150|-0.1239|0.0943||1.24|42|1.01|2
GME211217P00420000||||189.85|189.85|42|0.00|0.0000|0|16|0|0|-0.9980|0.0001|-0.1840|-0.0085|0.0024||241.25|12|236.75|12
GME211217C00430000|0.97|0.97|0.97|1.08|0.97|43|-0.11|-0.1019|0|208|7|7|0.0019|0.0001|0.0001|-0.0098|0.0024||1.24|38|0.85|24
GME211217P00430000||||244.20|244.20|43|0.00|0.0000|0|0|0|0|-0.9983|0.0001|-0.1884|-0.0071|0.0021||251.25|12|245.80|12
GME211217C00440000||||1.15|1.15|44|0.00|0.0000|4|472|0|0|0.0016|0.0001|0.0001|-0.0083|0.0020||1.04|8|0.80|22
GME211217P00440000||||||44|||0|0|0|0|-0.9378|0.0014|-0.5898|-0.1089|0.0834||261.25|1|255.75|12
GME211217C00450000|1.03|1.03|0.76|1.02|0.95|45|-0.07|-0.0686|5|684|1|4|0.0696|0.0014|0.0151|-0.1195|0.0936||0.95|1|0.73|6
GME211217P00450000||||||45|||0|0|0|0|-0.9397|0.0013|-0.6039|-0.1078|0.0814||272.25|12|265.75|12
GME211217C00460000|1.11|1.11|0.96|1.02|0.96|46|-0.06|-0.0588|-133|1136|1|4|0.0012|0.0001|0.0001|-0.0068|0.0016||1.04|30|0.68|12
GME211217P00460000||||261.60|261.60|46|0.00|0.0000|0|5|0|0|-0.9989|0.0001|-0.2016|-0.0043|0.0014||281.90|12|275.70|3
GME211217C00470000|0.90|0.90|0.83|0.84|0.83|47|-0.01|-0.0119|0|189|8|10|0.0355|0.0009|0.0024|-0.2072|0.0302||1.03|14|0.63|19
GME211217P00470000||||||47||||0|0|0|-1.0000|0.0000|-0.2060|0.0016|0.0000||291.90|12|285.70|2
GME211217C00480000|0.82|0.82|0.82|0.67|0.82|48|0.15|0.2239|7|224|1|1|0.0347|0.0009|0.0024|-0.2065|0.0296||1.03|23|0.59|33
GME211217P00480000||||264.21|264.21|48|0.00|0.0000|0|7|0|0|-0.9731|0.0008|-0.2085|-0.1576|0.0240||301.80|12|295.65|4
GME211217C00490000|1.01|1.01|0.76|0.86|0.76|49|-0.10|-0.1163|1|97|1|2|0.0322|0.0008|0.0022|-0.1949|0.0279||1.03|23|0.55|24
GME211217P00490000||||274.04|274.04|49|0.00|0.0000|0|7|0|0|-0.7882|0.0019|-0.6734|-0.4066|0.2030||311.80|12|305.65|2
GME211217C00500000|0.90|0.90|0.66|0.80|0.71|50|-0.09|-0.1125|-5|2488|1|13|0.0295|0.0008|0.0020|-0.1819|0.0259||0.76|15|0.51|7
GME211217P00500000||||290.05|290.05|50|0.00|0.0000|0|7|0|0|-0.9714|0.0008|-0.2172|-0.1743|0.0252||321.80|12|315.65|2
GME211217C00510000|0.72|0.96|0.52|0.72|0.60|51|-0.12|-0.1667|101|1366|3|103|0.2159|0.0019|0.0360|-0.4547|0.1993||0.74|15|0.53|2
GME211217P00510000||||277.97|277.97|51|0.00|0.0000|0|0|0|0|-0.9914|0.0003|-0.2229|-0.0512|0.0090||331.90|4|325.60|2
GME211223C00100000||||80.77|80.77|15|0.00|0.0000|-2|14|0|0|0.9473|0.0013|0.0531|-0.1979|0.0487||85.20|13|80.90|5
GME211223P00100000|0.90|0.90|0.88|0.80|0.88|15|0.08|0.1000|7|116|10|11|-0.0276|0.0010|-0.0035|-0.0927|0.0287||1.13|23|0.27|57
GME211223C00110000||||||14||||0|0|0|1.0000|0.0000|0.0663|-0.0004|0.0000||75.95|12|71.15|12
GME211223P00110000|0.80|1.33|0.80|1.69|1.33|14|-0.36|-0.2130|6|28|10|20|-0.1107|0.0019|-0.0439|-0.1586|0.1396||1.51|21|1.01|11
GME211223C00120000||||103.35|103.35|13|0.00|0.0000|0|1|0|0|0.8298|0.0012|0.0294|-1.2578|0.1143||66.20|10|61.30|12
GME211223P00120000||||1.15|1.15|13|0.00|0.0000|0|25|0|0|-0.0427|0.0018|-0.0053|-0.1035|0.0412||2.21|21|1.50|18
GME211223C00130000||||||12||||0|0|0|1.0000|0.0000|0.0784|-0.0005|0.0000||57.15|14|52.30|12
GME211223P00130000||||2.33|2.33|12|0.00|0.0000|4|72|0|0|-0.0867|0.0030|-0.0111|-0.1904|0.0715||3.35|30|2.84|11
GME211223C00140000||||||11||||0|0|0|1.0000|0.0000|0.0844|-0.0005|0.0000||48.75|16|44.05|12
GME211223P00140000||||3.90|3.90|11|0.00|0.0000|11|40|0|0|-0.1214|0.0041|-0.0155|-0.2255|0.0913||4.75|11|3.80|12
GME211223C00145000||||||10|||||0|0|1.0000|0.0000|0.0874|-0.0005|0.0000||44.70|18|40.55|4
GME211223P00145000||||||10|||||0|0|0.0000|0.0000|0.0000|0.0000|0.0000||5.75|13|4.25|42
GME211223C00150000||||55.90|55.90|9|0.00|0.0000|0|4|0|0|0.7412|0.0030|0.0476|-0.7894|0.1466||40.85|26|35.90|12
GME211223P00150000|4.80|7.60|4.10|6.45|6.07|9|-0.38|-0.0589|82|206|1|56|-0.1922|0.0052|-0.0252|-0.3260|0.1238||6.95|25|5.45|80
GME211223C00155000||||57.05|57.05|8|0.00|0.0000|0|10|0|0|0.7233|0.0028|0.0449|-0.9013|0.1516||36.85|24|33.00|12
GME211223P00155000|8.65|9.55|8.65|3.81|9.30|8|5.49|1.4409|0|111|8|18|-0.2296|0.0056|-0.0306|-0.3737|0.1374||8.40|13|6.75|43
GME211223C00160000||||53.80|53.80|7|0.00|0.0000|0|12|0|0|0.7057|0.0030|0.0449|-0.9071|0.1561||33.35|26|29.70|8
GME211223P00160000|10.28|11.60|8.10|9.59|9.45|7|-0.14|-0.0146|14|61|3|9|-0.2591|0.0064|-0.0342|-0.3696|0.1462||10.70|42|8.40|16
GME211223C00165000||||||6||||0|0|0|1.0000|0.0000|0.0994|-0.0006|0.0000||30.15|31|26.50|16
GME211223P00165000||||11.60|11.60|6|0.00|0.0000|12|21|0|0|-0.3204|0.0044|-0.1242|-0.2600|0.2577||12.40|38|10.25|13
GME211223C00170000||||25.94|25.94|5|0.00|0.0000|11|15|0|0|0.6635|0.0072|0.0571|-0.4237|0.1648||26.90|21|23.00|16
GME211223P00170000||||14.35|14.35|5|0.00|0.0000|2|33|0|0|-0.3442|0.0044|-0.1364|-0.2770|0.2652||14.50|17|12.20|23
GME211223C00175000||||19.00|19.00|4|0.00|0.0000|1|3|0|0|0.6381|0.0094|0.0585|-0.3395|0.1698||24.35|25|21.20|12
GME211223P00175000|13.64|17.35|13.50|16.30|16.05|4|-0.25|-0.0153|30|54|1|32|-0.3703|0.0076|-0.0502|-0.4275|0.1711||17.00|18|14.40|31
