symbol|open|high|low|preClose|close|activeLevel|change|changeRatio|openIntChange|openInterest|latestPriceVol|volume|delta|gamma|rho|theta|vega|tradeStamptradeTime|ask|avol|bid|bvol
GME211203C00100000||||83.51|83.51|9|0.00|0.0000|-1|9|0|0|0.9728|0.0012|0.0026|-1.5802|0.0056||70.25|17|66.60|25
GME211203P00100000|0.04|0.05|0.01|0.06|0.01|9|-0.05|-0.8333|21|534|1|197|-0.0024|0.0002|0.0000|-0.1203|0.0007||0.02|9|0.00|0
GME211203C00110000||||135.99|135.99|8|0.00|0.0000|0|1|0|0|0.8629|0.0025|0.0022|-9.6517|0.0195||60.25|17|56.60|25
GME211203P00110000|0.08|0.08|0.02|0.11|0.02|8|-0.09|-0.8182|27|199|5|42|-0.0017|0.0002|0.0000|-0.0723|0.0005||0.11|62|0.01|1
GME211203C00120000||||||7||||0|0|0|1.0000|0.0000|0.0033|-0.0004|0.0000||50.35|17|46.55|25
GME211203P00120000|0.04|0.11|0.03|0.19|0.05|7|-0.14|-0.7368|165|546|10|85|-0.0045|0.0006|0.0000|-0.1520|0.0012||0.11|28|0.01|101
GME211203C00130000||||65.44|65.44|6|0.00|0.0000|0|1|0|0|0.8089|0.0041|0.0024|-9.0508|0.0242||40.70|12|36.45|27
GME211203P00130000|0.14|0.18|0.02|0.29|0.02|6|-0.27|-0.9310|7|983|1|113|-0.0023|0.0004|0.0000|-0.0577|0.0006||0.06|23|0.02|43
GME211203C00140000|32.50|32.50|32.50|55.33|32.50|5|-22.83|-0.4126|0|6|4|4|0.7683|0.0053|0.0050|-4.3955|0.0383||30.80|18|26.50|56
GME211203P00140000|0.15|0.38|0.01|0.30|0.13|5|-0.17|-0.5667|17|1168|5|505|-0.0154|0.0025|-0.0001|-0.2978|0.0034||0.16|20|0.09|13
GME211203C00150000|23.50|24.00|21.00|44.80|24.00|4|-20.80|-0.4643|0|6|1|52|0.7173|0.0071|0.0025|-8.1135|0.0300||20.70|26|17.00|26
GME211203P00150000|0.20|0.59|0.15|0.65|0.23|4|-0.42|-0.6462|149|1347|2|960|-0.0771|0.0096|-0.0004|-1.0879|0.0128||0.25|3|0.20|3
GME211203C00155000||||27.75|27.75|3|0.00|0.0000|0|5|0|0|0.6814|0.0080|0.0025|-8.0130|0.0317||15.70|27|12.15|13
GME211203P00155000|0.39|0.70|0.26|0.68|0.34|3|-0.34|-0.5000|-29|963|3|314|-0.1145|0.0148|-0.0006|-1.2648|0.0172||0.36|1|0.30|3
GME211203C00160000|23.77|23.77|8.75|23.00|8.75|2|-14.25|-0.6196|2|117|1|7|0.7681|0.0214|0.0033|-2.1730|0.0271||10.80|22|7.80|41
GME211203P00160000|1.14|1.24|0.30|0.68|0.60|2|-0.08|-0.1176|108|548|1|1451|-0.3647|0.0055|-0.0894|-0.3291|0.2083||0.67|1|0.51|11
GME211203C00165000|15.40|15.40|4.18|32.50|4.35|1|-28.15|-0.8662|0|31|1|208|0.5924|0.0095|0.0022|-7.9506|0.0345||5.55|3|4.70|2
GME211203P00165000|0.62|2.20|0.40|1.20|1.36|1|0.16|0.1333|41|824|1|2224|-0.3150|0.0337|-0.0015|-1.8748|0.0316||1.48|1|1.11|2
GME211203C00170000|6.30|6.30|1.49|13.35|1.84|1|-11.51|-0.8622|13|63|1|1040|0.5000|0.0389|0.0022|-2.0444|0.0354||2.26|2|1.79|2
GME211203P00170000|1.42|4.15|0.80|1.87|3.21|1|1.34|0.7166|480|1414|1|1914|-0.5064|0.0408|-0.0025|-1.9515|0.0354||3.80|33|2.68|2
GME211203C00175000|7.05|7.05|0.40|9.00|0.55|2|-8.45|-0.9389|6|123|6|2833|0.2809|0.0382|0.0013|-1.4885|0.0299||0.63|2|0.56|3
GME211203P00175000|1.75|8.00|1.50|2.73|7.15|2|4.42|1.6190|485|968|1|718|-0.7222|0.0385|-0.0035|-1.4593|0.0298||7.20|1|5.50|23
GME211203C00177500|4.12|4.12|0.21|8.24|0.27|3|-7.97|-0.9672|34|41|9|1316|0.2364|0.0297|0.0011|-1.5981|0.0274||0.39|21|0.23|52
GME211203P00177500|2.70|9.65|2.20|3.58|9.30|3|5.72|1.5978|267|466|1|489|-0.4940|0.0074|-0.1174|-0.2749|0.2211||10.85|46|7.30|53
GME211203C00180000|4.60|5.00|0.15|5.75|0.24|4|-5.51|-0.9583|33|766|1|994|0.1229|0.0238|0.0006|-0.8690|0.0181||0.28|5|0.22|15
GME211203P00180000|5.29|13.09|2.63|4.40|11.95|4|7.55|1.7159|-355|1413|1|320|-0.9571|0.0156|-0.0047|-0.2659|0.0081||13.05|37|10.80|13
GME211203C00182500|3.75|3.90|0.12|4.40|0.14|5|-4.26|-0.9682|61|146|1|217|0.1545|0.0201|0.0014|-0.7042|0.0298||0.21|21|0.15|27
GME211203P00182500|7.75|14.00|3.89|5.41|11.87|5|6.46|1.1941|-45|252|20|99|-0.9427|0.0148|-0.0047|-0.4472|0.0102||15.55|31|12.15|29
GME211203C00185000|2.43|3.10|0.11|3.22|0.19|6|-3.03|-0.9410|314|795|1|1249|0.0381|0.0102|0.0002|-0.3379|0.0074||0.18|22|0.13|14
GME211203P00185000|9.16|17.40|4.90|7.21|17.40|6|10.19|1.4133|-47|541|1|168|-0.9574|0.0108|-0.0049|-0.3803|0.0081||18.90|52|15.65|15
GME211203C00187500|2.00|2.16|0.10|2.40|0.10|7|-2.30|-0.9583|-120|610|1|581|0.0610|0.0112|0.0003|-0.6514|0.0107||0.15|8|0.10|17
GME211203P00187500|7.14|18.40|7.14|8.59|17.65|7|9.06|1.0547|-33|442|1|25|-0.9828|0.0053|-0.0051|-0.1689|0.0038||20.00|41|17.10|50
GME211203C00190000|1.42|1.60|0.10|1.70|0.10|8|-1.60|-0.9412|-141|637|4|629|0.0458|0.0086|0.0002|-0.5398|0.0085||0.13|17|0.07|49
GME211203P00190000|11.26|22.50|8.25|11.17|21.14|8|9.97|0.8926|-67|766|1|139|-0.5600|0.0067|-0.1404|-0.2990|0.2186||23.40|53|20.70|16
GME211203C00192500|1.00|1.09|0.09|1.27|0.13|9|-1.14|-0.8976|-248|254|3|689|0.1074|0.0111|0.0010|-0.7705|0.0232||0.12|9|0.08|11
GME211203P00192500|10.85|24.24|10.85|12.49|23.32|9|10.83|0.8671|-8|265|2|21|-0.7514|0.0112|-0.0042|-4.4715|0.0281||25.90|54|22.95|27
GME211203C00195000|1.09|1.09|0.10|1.07|0.10|10|-0.97|-0.9065|-71|526|1|338|0.0233|0.0047|0.0001|-0.3211|0.0049||0.11|7|0.07|12
GME211203P00195000|15.20|28.05|12.95|14.76|27.50|10|12.74|0.8631|-69|557|1|37|-0.6040|0.0070|-0.1505|-0.2734|0.2136||28.05|51|24.85|38
GME211203C00197500|0.35|0.35|0.07|0.89|0.07|11|-0.82|-0.9213|-133|357|1|59|0.0190|0.0038|0.0001|-0.2843|0.0041||0.10|6|0.06|19
GME211203P00197500|17.15|28.95|15.00|17.43|28.95|11|11.52|0.6609|-4|198|1|57|-0.9108|0.0087|-0.0050|-1.4898|0.0143||30.80|19|27.10|99
GME211203C00200000|0.65|0.74|0.05|0.68|0.05|12|-0.63|-0.9265|599|1650|3|932|0.0153|0.0030|0.0001|-0.2444|0.0034||0.08|58|0.06|5
GME211203P00200000|18.50|32.80|18.50|19.88|31.79|12|11.91|0.5991|-271|727|1|100|-0.9933|0.0017|-0.0054|-0.1045|0.0017||33.30|49|30.00|19
GME211203C00202500|0.30|0.51|0.04|0.50|0.04|13|-0.46|-0.9200|164|445|20|107|0.4891|0.0041|0.0596|-0.4934|0.2210||0.09|6|0.05|4
GME211203P00202500|21.15|33.32|21.15|21.93|33.32|13|11.39|0.5194|-30|154|2|13|-0.5965|0.0057|-0.1601|-0.3358|0.2146||36.15|38|32.10|25
GME211203C00205000|0.88|0.88|0.05|0.55|0.06|14|-0.49|-0.8909|-141|693|11|170|0.0264|0.0038|0.0001|-0.4960|0.0054||0.06|1|0.04|14
GME211203P00205000|26.93|36.76|26.93|24.98|35.93|14|10.95|0.4384|-135|349|10|63|-0.5562|0.0047|-0.1613|-0.4207|0.2189||38.80|43|34.65|24
GME211203C00207500|0.15|0.15|0.05|0.55|0.05|15|-0.50|-0.9091|148|548|11|46|0.4750|0.0041|0.0580|-0.4984|0.2207||0.06|5|0.04|7
GME211203P00207500|38.35|38.35|35.25|25.68|37.50|15|11.82|0.4603|-2|33|1|9|-0.8596|0.0076|-0.0051|-3.2658|0.0198||41.15|22|37.15|34
GME211203C00210000|0.33|0.39|0.04|0.46|0.04|16|-0.42|-0.9130|73|1012|2|600|0.0150|0.0023|0.0001|-0.3106|0.0034||0.06|1|0.04|6
GME211203P00210000|28.88|41.38|28.55|29.77|40.97|16|11.20|0.3762|-51|334|2|145|-0.9930|0.0014|-0.0057|-0.1407|0.0017||43.40|51|39.65|27
GME211203C00212500|0.22|0.22|0.03|0.48|0.03|17|-0.45|-0.9375|47|344|1|57|0.0124|0.0019|0.0001|-0.2690|0.0029||0.06|1|0.05|2
GME211203P00212500|37.02|41.83|37.02|33.40|40.28|17|6.88|0.2060|0|67|1|7|-0.8774|0.0066|-0.0053|-3.1031|0.0180||46.15|11|42.20|21
GME211203C00215000|0.17|0.23|0.05|0.37|0.05|18|-0.32|-0.8649|0|792|1|279|0.0155|0.0021|0.0001|-0.3536|0.0034||0.05|11|0.03|13
GME211203P00215000|35.00|45.70|35.00|31.97|45.47|18|13.50|0.4223|-11|215|1|65|-0.9902|0.0015|-0.0058|-0.2201|0.0023||48.55|16|44.70|21
GME211203C00217500|0.16|0.16|0.04|0.38|0.04|19|-0.34|-0.8947|-3|180|5|157|0.0148|0.0020|0.0001|-0.3530|0.0033||0.06|5|0.05|1
GME211203P00217500|46.36|48.06|45.41|38.35|45.41|19|7.06|0.1841|-2|72|38|51|-0.9505|0.0042|-0.0057|-1.2537|0.0091||51.05|20|47.25|21
GME211203C00220000|0.17|0.20|0.02|0.36|0.05|20|-0.31|-0.8611|32|1410|1|278|0.0086|0.0013|0.0000|-0.2128|0.0021||0.07|65|0.04|3
GME211203P00220000|49.15|51.50|47.33|40.13|50.95|20|10.82|0.2696|-18|195|2|65|-0.9199|0.0050|-0.0057|-2.2016|0.0132||53.40|18|49.75|21
GME211203C00222500|0.09|0.09|0.04|0.37|0.05|21|-0.32|-0.8649|4|185|1|22|0.4978|0.0032|0.0548|-0.6346|0.2211||0.08|8|0.02|15
GME211203P00222500|44.57|48.74|44.57|45.85|48.74|21|2.89|0.0630|-6|45|1|2|-0.9430|0.0041|-0.0058|-1.5842|0.0102||56.00|10|52.25|20
GME211203C00225000|0.20|0.20|0.04|0.30|0.04|22|-0.26|-0.8667|-60|596|1|115|0.5079|0.0030|0.0543|-0.6697|0.2211||0.05|5|0.03|15
GME211203P00225000|42.95|55.58|42.95|45.20|55.58|22|10.38|0.2296|0|125|5|24|-0.9943|0.0009|-0.0061|-0.1489|0.0014||58.50|20|54.75|21
GME211203C00227500|0.14|0.14|0.03|0.50|0.03|23|-0.47|-0.9400|16|113|1|20|0.0470|0.0035|0.0004|-0.6955|0.0123||0.06|2|0.02|14
GME211203P00227500|55.10|55.10|55.10|45.48|55.10|23|9.62|0.2115|0|26|1|1|-0.9479|0.0037|-0.0060|-1.5530|0.0095||60.95|12|57.25|21
GME211203C00230000|0.24|0.24|0.02|0.24|0.02|24|-0.22|-0.9167|-39|888|7|162|0.0121|0.0014|0.0001|-0.3514|0.0028||0.04|1|0.02|14
GME211203P00230000|47.00|61.16|47.00|49.84|61.16|24|11.32|0.2271|-4|63|5|8|-0.9923|0.0010|-0.0063|-0.2202|0.0019||63.45|10|59.80|18
GME211203C00232500|0.03|0.05|0.03|0.25|0.05|25|-0.20|-0.8000|-7|86|1|2|0.5129|0.0028|0.0530|-0.7173|0.2210||0.06|4|0.03|1
GME211203P00232500||||52.32|52.32|25|0.00|0.0000|-1|33|0|0|-0.9532|0.0032|-0.0123|-0.7408|0.0123||65.95|10|62.30|20
GME211203C00235000|0.56|0.56|0.02|0.25|0.02|26|-0.23|-0.9200|-14|317|1|38|0.0099|0.0011|0.0000|-0.3063|0.0024||0.04|1|0.02|14
GME211203P00235000|53.48|66.72|53.48|53.95|66.72|26|12.77|0.2367|-31|340|1|87|-0.9946|0.0007|-0.0064|-0.1641|0.0014||68.45|21|64.80|18
GME211203C00237500|0.13|0.13|0.02|0.27|0.03|27|-0.24|-0.8889|-1|114|2|23|0.0068|0.0008|0.0000|-0.2140|0.0017||0.07|7|0.02|6
GME211203P00237500|55.98|69.25|55.98|56.45|69.25|27|12.80|0.2267|-22|262|1|88|-0.9939|0.0008|-0.0065|-0.1901|0.0015||70.95|20|67.30|19
GME211203C00240000|0.20|0.20|0.02|0.27|0.02|28|-0.25|-0.9259|64|656|1|46|0.0080|0.0009|0.0000|-0.2592|0.0019||0.04|7|0.02|13
GME211203P00240000|69.64|71.25|69.63|60.48|71.25|28|10.77|0.1781|-6|95|1|6|-0.8813|0.0044|-0.0061|-4.4498|0.0176||73.45|21|69.80|18
GME211203C00245000|0.05|0.06|0.01|0.23|0.01|29|-0.22|-0.9565|-115|299|1|41|0.0080|0.0009|0.0000|-0.2768|0.0019||0.06|8|0.01|14
GME211203P00245000|66.88|66.88|66.88|60.55|66.88|29|6.33|0.1045|-1|67|1|1|-0.6470|0.0039|-0.2161|-0.4515|0.2059||78.45|10|74.80|18
GME211203C00250000|0.06|0.12|0.01|0.14|0.02|30|-0.12|-0.8571|1181|4523|1|553|0.5273|0.0025|0.0499|-0.8249|0.2193||0.03|1|0.01|28
GME211203P00250000|75.53|75.81|75.53|70.43|75.81|30|5.38|0.0764|0|123|1|3|-0.9877|0.0011|-0.0068|-0.4491|0.0028||83.40|20|79.80|18
GME211203C00260000|0.05|0.05|0.01|0.15|0.03|31|-0.12|-0.8000|-5|709|1|153|0.0066|0.0007|0.0000|-0.2606|0.0016||0.03|7|0.02|1
GME211203P00260000|88.15|88.15|88.15|75.00|88.15|31|13.15|0.1753|0|6|1|1|-0.9358|0.0029|-0.0069|-2.7593|0.0112||93.40|10|89.80|17
GME211203C00270000|0.04|0.12|0.02|0.02|0.12|32|0.10|5.0000|20|607|3|40|0.0035|0.0004|0.0000|-0.1493|0.0009||0.06|1|0.02|4
GME211203P00270000|99.66|99.66|99.66|86.50|99.66|32|13.16|0.1521|0|21|3|4|-0.8950|0.0033|-0.0070|-5.0573|0.0161||103.40|10|99.80|18
GME211203C00280000|0.08|0.08|0.01|0.07|0.01|33|-0.06|-0.8571|46|618|2|19|0.0020|0.0002|0.0000|-0.0908|0.0006||0.02|2|0.01|6
GME211203P00280000||||95.00|95.00|33|0.00|0.0000|0|10|0|0|-0.9994|0.0001|-0.0077|-0.0266|0.0002||113.40|10|109.80|18
GME211203C00290000|0.04|0.04|0.01|0.09|0.03|34|-0.06|-0.6667|-7|495|1|14|0.0042|0.0004|0.0000|-0.2040|0.0011||0.04|20|0.01|6
GME211203P00290000||||||34||||0|0|0|-1.0000|0.0000|-0.0079|0.0009|0.0000||123.40|10|119.80|18
GME211203C00300000|0.06|0.06|0.01|0.07|0.01|35|-0.06|-0.8571|-116|2079|3|202|0.0027|0.0002|0.0000|-0.1381|0.0007||0.03|2|0.01|6
GME211203P00300000||||111.10|111.10|35|0.00|0.0000|0|2|0|0|-0.9972|0.0003|-0.0164|-0.0705|0.0011||133.40|10|129.80|18
GME211203C00310000|0.04|0.05|0.01|0.08|0.02|36|-0.06|-0.7500|-1|343|1|37|0.0025|0.0002|0.0000|-0.1386|0.0007||0.02|1|0.01|8
GME211203P00310000||||71.90|71.90|36|0.00|0.0000|0|4|0|0|-0.8987|0.0026|-0.3159|-0.1562|0.0982||143.40|10|139.80|18
GME211203C00320000|0.04|0.04|0.01|0.04|0.01|37|-0.03|-0.7500|-1|388|5|10|0.0026|0.0002|0.0000|-0.1486|0.0007||0.02|1|0.01|1
GME211203P00320000||||||37||||0|0|0|-1.0000|0.0000|-0.0175|0.0010|0.0000||153.40|10|149.80|18
GME211203C00330000||||0.06|0.06|38|0.00|0.0000|2|350|0|0|0.0060|0.0004|0.0000|-0.3612|0.0015||0.03|5|0.00|0
GME211203P00330000||||127.27|127.27|38|0.00|0.0000|-2|0|0|0|-1.0000|0.0000|-0.0090|0.0006|0.0000||163.40|10|159.80|17
GME211203C00340000|0.01|0.04|0.01|0.06|0.01|39|-0.05|-0.8333|4|139|1|5|0.0042|0.0003|0.0000|-0.2614|0.0011||0.02|8|0.00|0
GME211203P00340000||||134.20|134.20|39|0.00|0.0000|0|1|0|0|-0.9997|0.0000|-0.0186|-0.0094|0.0002||173.40|10|169.80|17
GME211203C00350000|0.01|0.03|0.01|0.04|0.01|40|-0.03|-0.7500|-10|1227|1|100|0.0013|0.0001|0.0000|-0.0841|0.0004||0.02|1|0.01|15
GME211203P00350000||||136.35|136.35|40|0.00|0.0000|-1|2|0|0|-1.0000|0.0000|-0.0096|0.0010|0.0000||183.40|10|179.80|17
GME211203C00360000|0.01|0.03|0.01|0.09|0.03|41|-0.06|-0.6667|0|159|25|83|0.0030|0.0002|0.0000|-0.2008|0.0008||0.01|2|0.00|0
GME211203P00360000||||||41||||0|0|0|-1.0000|0.0000|-0.0099|0.0011|0.0000||193.40|10|189.80|17
GME211203C00370000|0.01|0.01|0.01|0.02|0.01|42|-0.01|-0.5000|-1|87|1|1|0.0011|0.0001|0.0000|-0.0777|0.0003||0.01|1|0.00|0
GME211203P00370000||||136.05|136.05|42|0.00|0.0000|0|1|0|0|-1.0000|0.0000|-0.0101|0.0011|0.0000||203.40|10|199.80|17
GME211203C00380000|0.01|0.01|0.01|0.04|0.01|43|-0.03|-0.7500|-1|100|1|25|0.0011|0.0001|0.0000|-0.0784|0.0003||0.01|6|0.00|0
GME211203P00380000||||170.35|170.35|43|0.00|0.0000|0|0|0|0|-1.0000|0.0000|-0.0104|0.0009|0.0000||213.40|10|209.80|17
GME211203C00390000|0.04|0.04|0.04|0.02|0.04|44|0.02|1.0000|-2|89|1|1|0.6778|0.0012|0.0355|-1.4285|0.1988||0.01|1|0.00|0
GME211203P00390000|216.55|216.55|216.55|216.55|216.55|44|0.00|0.0000|0|0|1|1|-1.0000|0.0000|-0.0107|0.0012|0.0000||223.40|10|219.80|18
GME211203C00400000|0.01|0.01|0.01|0.02|0.01|45|-0.01|-0.5000|-4|2445|1|17|0.0010|0.0001|0.0000|-0.0792|0.0003||0.01|2|0.00|0
GME211203P00400000||||215.38|215.38|45|0.00|0.0000|0|0|0|0|-0.6983|0.0023|-0.3934|-0.6732|0.1932||233.40|10|229.80|18
GME211203C00410000||||0.03|0.03|46|0.00|0.0000|3|1058|0|0|0.6807|0.0011|0.0348|-1.4595|0.1980||0.01|8|0.00|0
GME211203P00410000||||||46||||0|0|0|-1.0000|0.0000|-0.4380|0.0013|0.0000||243.40|10|239.80|17
GME211203C00420000|0.01|0.02|0.01|0.01|0.02|47|0.01|1.0000|3|234|20|32|0.0010|0.0001|0.0000|-0.0779|0.0003||0.02|100|0.00|0
GME211203P00420000||||||47||||0|0|0|-1.0000|0.0000|-0.0115|0.0013|0.0000||253.40|10|249.80|17
GME211203C00430000||||0.03|0.03|48|0.00|0.0000|0|70|0|0|0.0024|0.0001|0.0000|-0.1990|0.0007||0.02|100|0.00|0
GME211203P00430000||||||48||||0|0|0|-1.0000|0.0000|-0.0118|0.0013|0.0000||263.40|10|259.80|3
GME211203C00440000||||0.08|0.08|49|0.00|0.0000|1|71|0|0|0.0053|0.0003|0.0000|-0.4480|0.0013||0.01|4|0.00|0
GME211203P00440000||||||49||||0|0|0|-1.0000|0.0000|-0.0121|0.0014|0.0000||273.40|11|269.80|12
GME211203C00450000|0.01|0.01|0.01|0.01|0.01|50|0.00|0.0000|4|487|2|4|0.6628|0.0011|0.0348|-1.4920|0.2024||0.01|100|0.00|0
GME211203P00450000||||||50||||0|0|0|-1.0000|0.0000|-0.0123|0.0014|0.0000||283.40|10|279.80|3
GME211203C00460000||||0.01|0.01|51|0.00|0.0000|4|63|0|0|0.0009|0.0001|0.0000|-0.0788|0.0003||0.01|100|0.00|0
GME211203P00460000||||||51||||0|0|0|-1.0000|0.0000|-0.0126|0.0014|0.0000||293.40|10|289.80|13
GME211203C00470000||||0.01|0.01|52|0.00|0.0000|9|200|0|0|0.0010|0.0001|0.0000|-0.0861|0.0003||0.01|100|0.00|0
GME211203P00470000||||||52||||0|0|0|-1.0000|0.0000|-0.0258|0.0014|0.0000||303.40|11|298.90|12
GME211203C00480000||||0.06|0.06|53|0.00|0.0000|0|91|0|0|0.0039|0.0002|0.0000|-0.3583|0.0010||0.01|100|0.00|0
GME211203P00480000||||||53||||0|0|0|-1.0000|0.0000|-0.0132|0.0015|0.0000||313.40|11|308.90|12
GME211203C00490000|0.01|0.01|0.01|0.06|0.01|54|-0.05|-0.8333|0|250|1|10|0.6836|0.0010|0.0325|-1.5498|0.1961||0.01|100|0.00|0
GME211203P00490000||||||54||||0|0|0|-1.0000|0.0000|-0.0134|0.0015|0.0000||323.40|11|318.90|12
GME211203C00500000|0.01|0.02|0.01|0.03|0.02|55|-0.01|-0.3333|9|1379|20|37|0.0015|0.0001|0.0000|-0.1439|0.0004||0.01|500|0.00|0
GME211203P00500000||||||55||||0|0|0|-1.0000|0.0000|-0.0274|0.0015|0.0000||333.40|11|328.90|12
GME211203C00510000|0.01|0.01|0.01|0.02|0.01|56|-0.01|-0.5000|121|5819|40|252|0.0008|0.0001|0.0000|-0.0801|0.0003||0.01|616|0.00|0
GME211203P00510000||||||56||||0|0|0|-1.0000|0.0000|-0.0140|0.0016|0.0000||343.40|10|338.90|12
GME211210C00100000||||86.01|86.01|10|0.00|0.0000|0|1|0|0|0.9031|0.0005|0.0269|-0.6621|0.1032||71.70|12|67.00|17
GME211210P00100000|0.55|1.19|0.50|0.48|1.14|10|0.66|1.3750|29|239|2|785|-0.0376|0.0015|-0.0016|-0.2835|0.0206||1.20|10|1.10|3
GME211210C00110000||||76.13|76.13|9|0.00|0.0000|0|2|0|0|0.8281|0.0019|0.0137|-2.0825|0.0640||62.10|13|57.40|24
GME211210P00110000|0.58|1.45|0.54|0.60|1.45|9|0.85|1.4167|9|215|3|197|-0.0363|0.0018|-0.0015|-0.2195|0.0200||1.50|40|1.39|4
GME211210C00120000|56.97|56.97|56.97|76.03|56.97|8|-19.06|-0.2507|0|1|1|1|0.8335|0.0031|0.0181|-1.2503|0.0627||52.65|25|47.90|28
GME211210P00120000|0.97|2.02|0.75|1.00|1.99|8|0.99|0.9900|167|263|4|734|-0.0690|0.0031|-0.0029|-0.3585|0.0333||1.98|17|1.88|5
GME211210C00130000||||||7||||0|0|0|1.0000|0.0000|0.0285|-0.0004|0.0000||43.50|11|38.85|21
GME211210P00130000|1.50|2.90|1.28|1.45|2.90|7|1.45|1.0000|0|431|1|648|-0.1078|0.0046|-0.0051|-0.4141|0.0493||3.05|26|2.76|5
GME211210C00140000|36.10|36.10|36.10|56.44|36.10|6|-20.34|-0.3604|0|29|2|4|0.7787|0.0056|0.0207|-0.9936|0.0746||34.75|27|30.30|41
GME211210P00140000|1.89|4.40|1.89|2.18|4.20|6|2.02|0.9266|142|441|1|278|-0.1508|0.0067|-0.0063|-0.5109|0.0587||4.65|44|4.15|40
GME211210C00145000|30.25|30.25|30.25|30.25|30.25|5|0.00|0.0000||0|1|1|0.7882|0.0075|0.0228|-0.7004|0.0727||30.75|33|27.40|39
GME211210P00145000|2.92|5.65|2.92|2.80|5.25|5|2.45|0.8750||15|2|135|-0.1896|0.0080|-0.0079|-0.5768|0.0680||5.70|29|5.20|27
GME211210C00150000|30.00|31.00|25.20|34.20|27.79|4|-6.41|-0.1874|1|20|50|56|0.7587|0.0090|0.0227|-0.6757|0.0783||26.95|37|23.35|46
GME211210P00150000|3.30|6.90|3.30|3.50|6.65|4|3.15|0.9000|240|460|3|702|-0.2335|0.0093|-0.0098|-0.6311|0.0769||6.90|33|6.45|5
GME211210C00155000|25.10|25.10|21.10|58.70|21.10|3|-37.60|-0.6405|0|45|1|4|0.6771|0.0033|0.0146|-2.4246|0.0901||23.55|38|20.15|45
GME211210P00155000|4.27|8.70|4.27|4.65|8.70|3|4.05|0.8710|49|244|5|152|-0.2878|0.0104|-0.0121|-0.7013|0.0856||8.55|39|8.00|14
GME211210C00160000|25.52|25.52|18.78|29.75|19.45|2|-10.30|-0.3462|0|204|1|37|0.6401|0.0090|0.0191|-0.9772|0.0939||20.40|59|16.95|51
GME211210P00160000|5.47|10.37|5.47|5.80|10.17|2|4.37|0.7534|55|441|3|276|-0.3427|0.0114|-0.0145|-0.7388|0.0923||10.55|47|9.70|38
GME211210C00165000|21.90|21.90|15.03|21.75|15.20|1|-6.55|-0.3011|1|3|1|14|0.5925|0.0093|0.0179|-1.0131|0.0974||17.55|74|14.80|65
GME211210P00165000|7.22|12.60|7.22|7.35|12.27|1|4.92|0.6694|42|362|2|229|-0.3873|0.0050|-0.1176|-0.3181|0.2305||12.80|53|11.75|34
GME211210C00170000|17.07|17.07|12.63|20.20|13.25|1|-6.95|-0.3441|5|21|1|132|0.5866|0.0051|0.0877|-0.3222|0.2345||13.70|15|12.40|68
GME211210P00170000|8.15|15.10|8.15|9.07|14.79|1|5.72|0.6307|81|441|1|288|-0.4686|0.0126|-0.0202|-0.7813|0.0998||15.00|20|14.15|4
GME211210C00175000|17.95|17.95|10.47|17.18|11.50|2|-5.68|-0.3306|48|73|1|245|0.4688|0.0127|0.0152|-0.7796|0.0998||11.50|24|10.55|51
GME211210P00175000|10.83|17.95|9.85|10.95|17.95|2|7.00|0.6393|104|522|1|152|-0.5331|0.0129|-0.0232|-0.7643|0.0998||18.50|62|15.65|76
GME211210C00177500|11.55|12.00|10.00|15.85|10.50|3|-5.35|-0.3375||27|1|117|0.4384|0.0126|0.0143|-0.7724|0.0990||10.50|23|9.20|70
GME211210P00177500|10.66|17.88|10.66|12.55|17.88|3|5.33|0.4247||234|1|84|-0.4576|0.0055|-0.1399|-0.3116|0.2388||20.10|39|16.85|64
GME211210C00180000|15.00|16.00|8.78|14.20|9.00|4|-5.20|-0.3662|227|306|1|196|0.4057|0.0127|0.0133|-0.7387|0.0974||9.55|23|8.55|73
GME211210P00180000|13.51|20.75|11.89|13.30|20.50|4|7.20|0.5414|99|705|1|126|-0.5952|0.0127|-0.0262|-0.7402|0.0973||21.50|57|19.50|44
GME211210C00182500|11.05|11.05|8.00|13.40|8.00|5|-5.40|-0.4030||66|1|50|0.3798|0.0122|0.0125|-0.7446|0.0956||8.90|33|7.80|39
GME211210P00182500|13.50|21.52|13.50|15.15|21.52|5|6.37|0.4205||205|3|29|-0.6176|0.0120|-0.0275|-0.7565|0.0958||23.50|47|20.20|52
GME211210C00185000|12.65|12.65|7.10|12.66|7.43|6|-5.23|-0.4131|24|132|10|152|0.5141|0.0052|0.0787|-0.3338|0.2400||7.75|1|7.30|21
GME211210P00185000|15.65|21.83|13.50|16.25|21.83|6|5.58|0.3434|98|456|1|33|-0.6477|0.0119|-0.0289|-0.7218|0.0933||25.40|40|22.05|70
GME211210C00187500|11.40|11.40|6.75|11.44|6.75|7|-4.69|-0.4100|45|64|1|32|0.3407|0.0110|0.0112|-0.7676|0.0921||7.35|57|6.45|74
GME211210P00187500|23.89|24.95|21.00|17.83|22.05|7|4.22|0.2367|129|256|1|7|-0.7646|0.0143|-0.0330|-0.4143|0.0773||27.25|39|23.85|65
GME211210C00190000|11.00|11.00|6.00|10.60|6.35|8|-4.25|-0.4009|103|199|5|263|0.3053|0.0110|0.0101|-0.7005|0.0880||6.55|13|6.05|36
GME211210P00190000|19.20|27.62|18.05|19.55|27.62|8|8.07|0.4128|70|498|1|63|-0.6903|0.0108|-0.0314|-0.7172|0.0885||29.10|38|25.95|57
GME211210C00192500|10.00|10.00|5.75|10.00|5.75|9|-4.25|-0.4250|23|88|2|14|0.4827|0.0051|0.0744|-0.3395|0.2399||6.20|53|5.40|61
GME211210P00192500|20.34|30.00|20.34|21.35|30.00|9|8.65|0.4052|32|118|1|2|-0.6704|0.0094|-0.1815|-0.1518|0.2179||31.25|35|28.45|29
GME211210C00195000|8.25|9.15|4.90|8.91|5.25|10|-3.66|-0.4108|116|250|2|94|0.2599|0.0101|0.0087|-0.6508|0.0814||5.50|5|5.05|33
GME211210P00195000|22.27|30.82|22.27|22.88|30.82|10|7.94|0.3470|95|285|1|34|-0.7403|0.0101|-0.0341|-0.6494|0.0814||33.10|33|30.55|30
GME211210C00197500|7.69|7.69|4.74|8.26|4.74|11|-3.52|-0.4262|60|106|1|35|0.2425|0.0096|0.0081|-0.6339|0.0785||5.10|30|4.70|35
GME211210P00197500|24.10|24.10|24.10|24.48|24.10|11|-0.38|-0.0155|15|119|1|1|-0.7622|0.0097|-0.0353|-0.6160|0.0777||35.40|40|33.05|5
GME211210C00200000|7.56|7.56|4.05|7.25|4.55|12|-2.70|-0.3724|140|774|1|530|0.2165|0.0092|0.0073|-0.5825|0.0737||4.75|18|4.40|7
GME211210P00200000|24.90|35.94|24.90|26.33|35.55|12|9.22|0.3502|21|680|1|44|-0.7814|0.0092|-0.0365|-0.5915|0.0741||37.30|43|35.20|4
GME211210C00202500|6.70|6.70|4.11|8.00|4.30|13|-3.70|-0.4625|10|77|1|14|0.2475|0.0083|0.0081|-0.7489|0.0793||4.50|72|3.80|52
GME211210P00202500|32.05|34.10|32.05|27.95|33.56|13|5.61|0.2007|0|48|12|16|-0.8041|0.0087|-0.0378|-0.5471|0.0694||39.55|20|36.15|23
GME211210C00205000|6.00|6.00|3.71|5.85|3.87|14|-1.98|-0.3385|10|169|4|50|0.1760|0.0082|0.0059|-0.5085|0.0649||4.05|18|3.55|58
GME211210P00205000|31.96|40.55|31.96|30.85|40.55|14|9.70|0.3144|-1|176|1|5|-0.7819|0.0081|-0.0424|-0.5941|0.0785||41.85|31|38.35|26
GME211210C00207500|3.99|4.00|3.25|5.72|3.25|15|-2.47|-0.4318|10|78|1|15|0.1698|0.0078|0.0057|-0.5148|0.0635||3.80|22|3.30|44
GME211210P00207500|40.40|41.49|39.38|31.10|41.49|15|10.39|0.3341|2|20|1|3|-0.7829|0.0077|-0.0383|-0.7018|0.0738||44.35|37|40.55|18
GME211210C00210000|5.15|5.30|3.20|5.15|3.43|16|-1.72|-0.3340|27|336|1|204|0.1536|0.0073|0.0052|-0.4807|0.0595||3.55|21|3.05|71
GME211210P00210000|33.23|45.05|31.95|34.54|45.05|16|10.51|0.3043|7|112|1|54|-0.8328|0.0074|-0.0404|-0.5320|0.0629||46.85|55|42.80|27
GME211210C00212500|3.50|3.50|3.00|5.00|3.00|17|-2.00|-0.4000|-3|80|2|20|0.1475|0.0069|0.0050|-0.4815|0.0579||3.40|29|2.97|11
GME211210P00212500|44.38|44.38|44.38|37.87|44.38|17|6.51|0.1719|-1|37|1|1|-0.8180|0.0070|-0.0406|-0.6197|0.0663||48.90|34|45.05|18
GME211210C00215000|4.05|4.05|2.80|4.43|3.00|18|-1.43|-0.3228|1|166|1|64|0.1316|0.0064|0.0044|-0.4413|0.0536||3.15|28|2.73|44
GME211210P00215000|48.00|48.00|43.60|37.79|47.82|18|10.03|0.2654|-2|32|1|40|-0.9106|0.0057|-0.0440|-0.2841|0.0406||51.40|39|47.35|18
GME211210C00217500|3.25|3.25|2.65|4.50|2.65|19|-1.85|-0.4111|0|30|1|14|0.1681|0.0064|0.0056|-0.6154|0.0631||3.00|29|2.54|41
GME211210P00217500|49.60|49.60|49.60|42.15|49.60|19|7.45|0.1767|2|27|10|10|-0.7935|0.0064|-0.0410|-0.7921|0.0716||53.85|21|49.65|24
GME211210C00220000|3.70|3.70|2.40|3.90|2.60|20|-1.30|-0.3333|12|413|1|151|0.1157|0.0057|0.0039|-0.4138|0.0490||2.73|14|2.46|27
GME211210P00220000|45.07|53.73|45.07|42.22|53.73|20|11.51|0.2726|1|156|1|13|-0.8281|0.0062|-0.0426|-0.6574|0.0640||56.05|32|52.00|23
GME211210C00222500|2.35|2.67|2.35|3.65|2.56|21|-1.09|-0.2986|25|88|1|9|0.4027|0.0043|0.0613|-0.3787|0.2330||2.68|35|2.26|22
GME211210P00222500|42.95|42.95|42.95|46.97|42.95|21|-4.02|-0.0856|-7|38|1|1|-0.8450|0.0059|-0.0437|-0.6040|0.0598||58.55|20|54.30|25
GME211210C00225000|3.10|3.10|2.15|3.45|2.16|22|-1.29|-0.3739|14|348|1|74|0.1289|0.0055|0.0043|-0.5065|0.0528||2.50|16|2.15|52
GME211210P00225000|51.00|58.60|51.00|47.35|57.78|22|10.43|0.2203|1|462|5|27|-0.8447|0.0057|-0.0442|-0.6279|0.0599||60.85|24|56.70|23
GME211210C00227500|2.74|2.74|2.10|3.35|2.26|23|-1.09|-0.3254|1|24|1|9|0.0977|0.0049|0.0033|-0.3833|0.0433||2.42|19|2.07|19
GME211210P00227500||||34.06|34.06|23|0.00|0.0000|0|35|0|0|-0.9994|0.0001|-0.0498|-0.0014|0.0006||63.30|20|59.05|21
GME211210C00230000|2.73|2.75|1.96|3.09|2.15|24|-0.94|-0.3042|2|395|1|170|0.1047|0.0048|0.0040|-0.3815|0.0483||2.26|46|2.01|59
GME211210P00230000|57.60|63.29|57.60|41.51|63.29|24|21.78|0.5247|0|38|23|25|-0.7010|0.0049|-0.2397|-0.2648|0.2090||65.80|37|61.40|23
GME211210C00232500|2.40|2.58|1.95|2.69|2.03|25|-0.66|-0.2454|3|33|2|13|0.1202|0.0048|0.0040|-0.5170|0.0503||2.20|41|1.82|58
GME211210P00232500||||56.09|56.09|25|0.00|0.0000|-5|6|0|0|-0.8681|0.0050|-0.0466|-0.5728|0.0537||68.10|21|63.80|25
GME211210C00235000|2.43|2.46|1.72|2.78|1.72|26|-1.06|-0.3813|-4|898|1|44|0.3916|0.0039|0.0583|-0.4095|0.2312||2.09|13|1.76|64
GME211210P00235000|61.85|67.00|61.85|58.42|65.99|26|7.57|0.1296|-1|35|7|10|-0.8364|0.0050|-0.0462|-0.7584|0.0620||70.60|29|66.15|25
GME211210C00237500|2.01|2.01|2.01|2.69|2.01|27|-0.68|-0.2528|1|19|1|1|0.1228|0.0046|0.0040|-0.5622|0.0510||2.09|76|1.65|20
GME211210P00237500|64.40|68.49|64.40|48.03|68.49|27|20.46|0.4260|0|25|7|8|-0.8383|0.0049|-0.0469|-0.7694|0.0615||73.25|25|68.55|24
GME211210C00240000|2.31|2.47|1.61|2.92|1.89|28|-1.03|-0.3527|-13|317|1|53|0.0814|0.0039|0.0027|-0.3669|0.0378||1.95|30|1.65|36
GME211210P00240000||||58.15|58.15|28|0.00|0.0000|1|34|0|0|-0.9505|0.0030|-0.0509|-0.2148|0.0257||75.35|17|70.95|25
GME211210C00245000|2.10|2.10|1.46|2.20|1.60|29|-0.60|-0.2727|-6|166|1|21|0.1020|0.0040|0.0034|-0.4955|0.0447||1.81|15|1.52|20
GME211210P00245000||||50.19|50.19|29|0.00|0.0000|0|23|0|0|-0.9979|0.0003|-0.0536|-0.0080|0.0017||80.15|22|75.75|25
GME211210C00250000|1.90|2.02|1.42|2.01|1.57|30|-0.44|-0.2189|110|2300|1|428|0.0566|0.0029|0.0019|-0.2751|0.0286||1.63|20|1.49|8
GME211210P00250000||||60.35|60.35|30|0.00|0.0000|0|15|0|0|-0.9946|0.0006|-0.0546|-0.0235|0.0039||85.15|21|80.40|23
GME211210C00255000|1.55|1.55|1.40|2.02|1.40|31|-0.62|-0.3069|-4|61|2|6|0.0847|0.0034|0.0028|-0.4446|0.0390||1.54|25|1.32|37
GME211210P00255000||||40.40|40.40|31|0.00|0.0000|0|5|0|0|-0.9999|0.0000|-0.0559|0.0005|0.0001||90.15|18|85.40|27
GME211210C00260000|1.79|1.79|1.20|1.73|1.33|32|-0.40|-0.2312|38|974|1|62|0.0473|0.0024|0.0016|-0.2497|0.0248||1.45|16|1.22|37
GME211210P00260000||||69.85|69.85|32|0.00|0.0000|0|22|0|0|-0.9939|0.0006|-0.0568|-0.0294|0.0043||95.10|13|90.30|24
GME211210C00270000|1.31|1.31|1.15|1.60|1.15|33|-0.45|-0.2813|-27|193|1|37|0.0722|0.0028|0.0024|-0.4220|0.0345||1.36|37|1.07|58
GME211210P00270000||||75.18|75.18|33|0.00|0.0000|0|14|0|0|-0.9728|0.0016|-0.0582|-0.1507|0.0157||104.85|17|100.10|17
GME211210C00280000|1.00|1.17|1.00|1.40|1.06|34|-0.34|-0.2429|16|242|1|26|0.0622|0.0024|0.0020|-0.3888|0.0306||1.26|38|1.00|39
GME211210P00280000||||84.53|84.53|34|0.00|0.0000|0|1|0|0|-0.9790|0.0013|-0.0606|-0.1240|0.0127||114.60|17|109.95|20
GME211210C00290000|1.16|1.16|0.93|1.25|1.04|35|-0.21|-0.1680|21|171|1|18|0.0515|0.0021|0.0017|-0.3367|0.0265||1.09|8|1.00|4
GME211210P00290000||||82.25|82.25|35|0.00|0.0000|0|7|0|0|-0.9993|0.0001|-0.0635|-0.0033|0.0006||124.60|23|119.85|28
GME211210C00300000|1.20|1.20|0.80|1.11|0.95|36|-0.16|-0.1441|43|919|1|351|0.0542|0.0020|0.0018|-0.3766|0.0276||1.00|55|0.93|1
GME211210P00300000||||76.00|76.00|36|0.00|0.0000|0|14|0|0|-0.9999|0.0000|-0.0658|0.0006|0.0001||134.60|22|129.75|21
GME211210C00310000|0.84|0.97|0.76|0.95|0.85|37|-0.10|-0.1053|108|264|1|21|0.0507|0.0018|0.0017|-0.3695|0.0262||0.95|7|0.75|17
GME211210P00310000||||83.61|83.61|37|0.00|0.0000|0|4|0|0|-0.9999|0.0000|-0.0679|0.0002|0.0001||144.60|11|139.65|21
GME211210C00320000|0.78|0.78|0.78|0.93|0.78|38|-0.15|-0.1613|2|276|1|1|0.0451|0.0016|0.0015|-0.3427|0.0238||0.94|20|0.75|13
GME211210P00320000||||89.47|89.47|38|0.00|0.0000|0|3|0|0|-0.9563|0.0016|-0.3950|-0.0567|0.0557||154.60|12|149.65|12
GME211210C00330000|0.87|0.87|0.81|0.72|0.81|39|0.09|0.1250|-17|246|1|2|0.0572|0.0018|0.0021|-0.4070|0.0305||0.87|8|0.69|37
GME211210P00330000||||||39||||0|0|0|-1.0000|0.0000|-0.0723|0.0011|0.0000||164.60|3|159.65|13
GME211210C00340000|0.75|0.78|0.66|0.75|0.77|40|0.02|0.0267|-1|87|5|42|0.0459|0.0015|0.0017|-0.3374|0.0257||0.84|9|0.75|5
GME211210P00340000||||||40||||0|0|0|-1.0000|0.0000|-0.0745|0.0011|0.0000||174.60|4|169.65|12
GME211210C00350000|0.49|0.78|0.49|0.69|0.69|41|0.00|0.0000|49|437|1|104|0.0386|0.0013|0.0012|-0.3288|0.0210||0.77|6|0.69|5
GME211210P00350000||||||41||||0|0|0|-1.0000|0.0000|-0.0767|0.0011|0.0000||184.60|11|179.65|20
GME211210C00360000|0.55|0.69|0.55|0.61|0.69|42|0.08|0.1311|-2|85|1|7|0.0342|0.0012|0.0011|-0.3007|0.0190||0.74|12|0.65|3
GME211210P00360000||||||42||||0|0|0|-1.0000|0.0000|-0.4536|0.0012|0.0000||194.60|12|189.65|13
GME211210C00370000|0.50|0.55|0.50|0.75|0.55|43|-0.20|-0.2667|0|21|5|8|0.0307|0.0011|0.0010|-0.2780|0.0174||0.69|10|0.63|1
GME211210P00370000||||||43||||0|0|0|-1.0000|0.0000|-0.0811|0.0012|0.0000||204.60|12|199.65|12
GME211210C00380000|0.54|0.54|0.54|0.54|0.54|44|0.00|0.0000|-1|50|1|1|0.0244|0.0009|0.0008|-0.2272|0.0144||0.66|11|0.55|5
GME211210P00380000||||||44||||0|0|0|-1.0000|0.0000|-0.0833|0.0012|0.0000||214.60|12|209.65|12
GME211210C00390000|0.40|0.60|0.40|0.49|0.60|45|0.11|0.2245|5|52|3|18|0.0311|0.0010|0.0010|-0.2992|0.0176||0.62|14|0.49|10
GME211210P00390000||||||45||||0|0|0|-1.0000|0.0000|-0.4914|0.0013|0.0000||224.60|12|219.65|12
GME211210C00400000|0.40|0.70|0.37|0.45|0.49|46|0.04|0.0889|-6|420|1|171|0.0258|0.0009|0.0008|-0.2546|0.0151||0.58|9|0.47|6
GME211210P00400000||||||46||||0|0|0|-1.0000|0.0000|-0.0877|0.0013|0.0000||234.60|12|229.65|12
GME211210C00410000|0.34|0.50|0.34|0.44|0.50|47|0.06|0.1364|7|59|2|8|0.0249|0.0008|0.0008|-0.2521|0.0146||0.57|9|0.45|1
GME211210P00410000||||||47||||0|0|0|-1.0000|0.0000|-0.1011|0.0013|0.0000||244.60|12|239.65|12
GME211210C00420000|0.31|0.55|0.31|0.40|0.51|48|0.11|0.2750|2|171|1|16|0.0241|0.0008|0.0008|-0.2493|0.0142||0.51|8|0.44|1
GME211210P00420000||||||48||||0|0|0|-1.0000|0.0000|-0.0921|0.0014|0.0000||254.60|12|249.65|29
GME211210C00430000|0.41|0.41|0.40|0.40|0.40|49|0.00|0.0000|262|304|1|2|0.0213|0.0007|0.0007|-0.2252|0.0128||0.51|11|0.35|1
GME211210P00430000||||||49||||0|0|0|-1.0000|0.0000|-0.5418|0.0014|0.0000||264.60|3|259.65|12
GME211210C00440000|0.23|0.45|0.23|0.36|0.40|50|0.04|0.1111|34|67|1|5|0.0210|0.0007|0.0007|-0.2273|0.0127||0.49|8|0.29|13
GME211210P00440000||||||50||||0|0|0|-1.0000|0.0000|-0.0964|0.0014|0.0000||274.60|3|269.65|12
GME211210C00450000|0.38|0.40|0.33|0.37|0.34|51|-0.03|-0.0811|190|288|1|14|0.0206|0.0007|0.0007|-0.2272|0.0125||0.38|2|0.28|3
GME211210P00450000||||||51||||0|0|0|-1.0000|0.0000|-0.0986|0.0015|0.0000||284.60|2|279.35|3
GME211210C00460000|0.33|0.46|0.31|0.27|0.40|52|0.13|0.4815|0|18|2|31|0.0284|0.0008|0.0010|-0.2854|0.0173||0.46|11|0.26|30
GME211210P00460000||||||52||||0|0|0|-1.0000|0.0000|-0.1008|0.0015|0.0000||294.60|4|289.35|3
GME211210C00470000|0.39|0.39|0.39|0.22|0.39|53|0.17|0.7727|7|22|1|1|0.0275|0.0008|0.0010|-0.2824|0.0169||0.46|18|0.25|1
GME211210P00470000||||||53||||0|0|0|-1.0000|0.0000|-0.5922|0.0015|0.0000||304.60|6|299.35|4
GME211210C00480000|0.26|0.46|0.26|0.25|0.32|54|0.07|0.2800|1|33|1|15|0.0208|0.0006|0.0007|-0.2432|0.0126||0.41|7|0.33|1
GME211210P00480000||||||54||||0|0|0|-1.0000|0.0000|-0.1052|0.0016|0.0000||314.60|3|309.35|3
GME211210C00490000|0.47|0.47|0.40|0.24|0.40|55|0.16|0.6667|2|93|2|4|0.0267|0.0007|0.0009|-0.2835|0.0164||0.39|7|0.25|6
GME211210P00490000||||||55||||0|0|0|-1.0000|0.0000|-0.1074|0.0016|0.0000||324.55|12|318.75|5
GME211210C00500000|0.33|0.48|0.22|0.26|0.32|56|0.06|0.2308|-6|850|3|341|0.0157|0.0005|0.0005|-0.1903|0.0099||0.33|1|0.30|1
GME211210P00500000||||||56||||0|0|0|-1.0000|0.0000|-0.1096|0.0016|0.0000||334.50|4|329.35|6
GME211210C00510000|0.27|0.43|0.18|0.18|0.26|57|0.08|0.4444|1|2026|2|332|0.0148|0.0005|0.0005|-0.1814|0.0093||0.26|23|0.23|5
GME211210P00510000||||||57||||0|0|0|-1.0000|0.0000|-0.1118|0.0017|0.0000||344.55|10|339.35|3
GME211217C00080000||||94.56|94.56|17|0.00|0.0000|1|2|0|0|0.9144|0.0012|0.0255|-0.6302|0.0555||91.20|5|86.75|19
GME211217P00080000|0.50|1.01|0.50|0.35|1.00|17|0.65|1.8571|1|350|10|157|-0.0916|0.0012|-0.0351|-0.2137|0.1063||1.03|24|0.95|10
GME211217C00085000||||95.85|95.85|16|0.00|0.0000|0|1|0|0|0.9011|0.0013|0.0261|-0.7021|0.0618||86.40|5|81.85|12
GME211217P00085000|0.50|0.97|0.40|0.43|0.96|16|0.53|1.2326|-1|121|1|13|-0.0275|0.0009|-0.0023|-0.1441|0.0218||1.20|79|1.00|23
GME211217C00090000||||137.00|137.00|15|0.00|0.0000|0|4|0|0|0.8964|0.0006|0.0112|-1.7468|0.0639||81.55|6|77.15|22
GME211217P00090000|0.62|1.15|0.62|0.53|1.05|15|0.52|0.9811|2|68|9|30|-0.0246|0.0010|-0.0020|-0.1154|0.0198||1.21|38|1.05|29
GME211217C00100000||||79.69|79.69|14|0.00|0.0000|1|50|0|0|0.9975|0.0002|0.0409|-0.0088|0.0026||71.90|18|67.55|21
GME211217P00100000|0.71|1.44|0.68|0.76|1.42|14|0.66|0.8684|-205|664|7|841|-0.0028|0.0003|-0.0002|-0.0098|0.0030||1.42|93|1.40|1
GME211217C00105000||||66.05|66.05|13|0.00|0.0000|0|1|0|0|0.9952|0.0004|0.0428|-0.0155|0.0048||67.15|22|62.95|17
GME211217P00105000|1.00|1.37|0.85|0.86|1.37|13|0.51|0.5930|51|140|1|8|-0.0051|0.0004|-0.0004|-0.0160|0.0050||1.71|44|1.45|117
GME211217C00110000||||73.25|73.25|12|0.00|0.0000|0|1|0|0|0.9924|0.0007|0.0446|-0.0222|0.0072||62.40|20|58.00|21
GME211217P00110000|0.35|1.81|0.35|1.02|1.79|12|0.77|0.7549|-21|354|4|109|-0.0107|0.0009|-0.0009|-0.0295|0.0101||1.98|39|1.68|75
GME211217C00115000||||112.11|112.11|11|0.00|0.0000|0|2|0|0|0.9877|0.0010|0.0463|-0.0328|0.0110||57.75|20|53.45|18
GME211217P00115000|1.17|1.87|1.15|1.21|1.61|11|0.40|0.3306|14|162|4|33|-0.0154|0.0012|-0.0012|-0.0413|0.0133||2.36|40|1.93|54
GME211217C00120000|51.08|51.08|51.08|64.15|51.08|10|-13.07|-0.2037|0|51|1|1|0.8852|0.0034|0.1406|-0.1041|0.1253||53.20|21|48.75|25
GME211217P00120000|1.56|2.65|1.56|1.39|2.60|10|1.21|0.8705|5|158|1|42|-0.0254|0.0019|-0.0019|-0.0622|0.0204||2.75|48|2.47|71
GME211217C00125000||||79.68|79.68|9|0.00|0.0000|0|35|0|0|0.8577|0.0039|0.1393|-0.1223|0.1454||48.80|26|44.30|26
GME211217P00125000|2.35|3.15|1.80|1.88|3.05|9|1.17|0.6223|2|207|1|22|-0.0465|0.0030|-0.0038|-0.0994|0.0346||3.40|60|3.00|56
GME211217C00130000||||55.70|55.70|8|0.00|0.0000|0|10|0|0|0.9431|0.0038|0.0491|-0.1155|0.0393||44.50|27|39.95|42
GME211217P00130000|2.09|4.10|2.05|2.21|4.10|8|1.89|0.8552|11|206|4|130|-0.0630|0.0039|-0.0048|-0.1293|0.0425||4.20|57|3.80|21
GME211217C00135000||||90.47|90.47|7|0.00|0.0000|0|3|0|0|0.9137|0.0052|0.0489|-0.1594|0.0541||40.40|28|36.55|35
GME211217P00135000|3.25|4.80|3.25|2.72|4.80|7|2.08|0.7647|9|149|4|55|-0.0904|0.0053|-0.0069|-0.1682|0.0560||5.10|53|4.50|63
GME211217C00140000|39.35|39.35|34.60|44.07|34.60|6|-9.47|-0.2149|2|148|1|2|0.8800|0.0067|0.0484|-0.1997|0.0688||36.45|39|33.00|49
GME211217P00140000|3.32|6.35|3.32|3.50|6.35|6|2.85|0.8143|264|813|1|101|-0.1334|0.0067|-0.0109|-0.2152|0.0765||6.40|60|5.75|35
GME211217C00145000||||96.94|96.94|5|0.00|0.0000|0|57|0|0|0.8350|0.0082|0.0469|-0.2499|0.0854||32.75|39|29.35|39
GME211217P00145000|5.49|7.45|5.49|4.02|7.45|5|3.43|0.8532|23|234|1|83|-0.1724|0.0082|-0.0133|-0.2664|0.0878||7.80|61|7.05|59
GME211217C00150000|32.04|32.04|27.83|35.91|27.83|4|-8.08|-0.2250|0|71|1|28|0.7819|0.0097|0.0447|-0.2987|0.1013||29.40|57|25.85|44
GME211217P00150000|4.30|9.40|4.15|5.05|9.00|4|3.95|0.7822|223|1842|1|417|-0.2239|0.0096|-0.0174|-0.3106|0.1028||9.30|51|8.70|9
GME211217C00155000|28.00|28.00|24.30|30.10|24.44|3|-5.66|-0.1880|1|12|1|6|0.7237|0.0111|0.0421|-0.3366|0.1150||25.35|30|23.80|50
GME211217P00155000|5.75|10.65|5.75|6.54|10.65|3|4.11|0.6284|0|308|1|185|-0.2840|0.0106|-0.0238|-0.3382|0.1203||11.35|56|9.50|142
GME211217C00160000|26.47|26.47|21.08|29.27|21.61|2|-7.66|-0.2617|-1|96|1|40|0.6617|0.0122|0.0391|-0.3654|0.1257||23.30|60|20.00|48
GME211217P00160000|7.30|13.00|7.30|7.75|13.00|2|5.25|0.6774|390|1040|9|120|-0.3437|0.0115|-0.0291|-0.3673|0.1306||13.55|59|12.60|42
GME211217C00165000|20.00|20.70|18.45|24.60|18.55|1|-6.05|-0.2459|0|82|1|5|0.5956|0.0127|0.0356|-0.3928|0.1332||20.70|52|18.00|42
GME211217P00165000|8.93|15.50|8.93|9.77|15.00|1|5.23|0.5353|3|310|1|31|-0.4050|0.0124|-0.0324|-0.4029|0.1332||16.10|113|14.95|56
GME211217C00170000|19.90|19.90|16.00|23.22|17.15|1|-6.07|-0.2614|0|117|1|55|0.5650|0.0068|0.1060|-0.2152|0.2543||17.70|57|15.70|44
GME211217P00170000|11.88|18.80|11.70|11.75|17.91|1|6.16|0.5243|-17|1066|1|125|-0.4683|0.0126|-0.0379|-0.4185|0.1367||18.45|40|17.50|19
GME211217C00175000|17.40|17.40|13.85|20.50|14.65|2|-5.85|-0.2854|-5|183|1|68|0.4662|0.0130|0.0284|-0.4050|0.1366||16.10|78|13.50|53
GME211217P00175000|13.36|21.02|13.36|14.33|19.50|2|5.17|0.3608|17|720|40|530|-0.5306|0.0126|-0.0434|-0.4174|0.1367||21.45|42|20.05|44
GME211217C00180000|14.00|14.45|11.96|17.98|12.80|3|-5.18|-0.2881|-23|442|1|25|0.4053|0.0126|0.0249|-0.3965|0.1333||13.75|105|11.75|89
GME211217P00180000|15.88|24.08|15.88|17.10|24.08|3|6.98|0.4082|12|1074|1|109|-0.5856|0.0120|-0.0519|-0.3948|0.1384||25.10|76|21.60|90
GME211217C00185000|15.60|15.60|10.40|15.00|11.24|4|-3.76|-0.2507|2|270|1|27|0.3489|0.0120|0.0216|-0.3803|0.1272||12.25|96|10.25|73
GME211217P00185000|22.25|25.30|22.25|19.25|24.81|4|5.56|0.2888|-14|255|1|9|-0.6471|0.0118|-0.0542|-0.3886|0.1277||28.55|53|25.10|88
GME211217C00187500|14.08|14.08|10.53|15.87|10.60|5|-5.27|-0.3321|0|39|2|5|0.5094|0.0050|0.0890|-0.3014|0.2577||10.95|55|9.60|64
GME211217P00187500|26.55|26.55|26.55|19.77|26.55|5|6.78|0.3429|1|116|1|3|-0.6475|0.0105|-0.0556|-0.4366|0.1276||30.55|49|26.80|67
GME211217C00190000|13.45|13.45|8.80|13.83|10.29|6|-3.54|-0.2560|15|254|1|36|0.2979|0.0112|0.0186|-0.3585|0.1191||10.25|67|9.20|45
GME211217P00190000|20.42|31.40|20.42|22.61|30.50|6|7.89|0.3490|-4|446|1|30|-0.6962|0.0110|-0.0592|-0.3699|0.1202||32.35|68|28.80|81
GME211217C00192500|11.38|11.95|8.61|12.50|8.80|7|-3.70|-0.2960|2|30|3|7|0.3655|0.0083|0.0214|-0.5656|0.1293||9.90|117|8.15|72
GME211217P00192500||||24.00|24.00|7|0.00|0.0000|-1|111|0|0|-0.6656|0.0092|-0.0590|-0.4789|0.1251||34.15|48|30.70|56
GME211217C00195000|11.07|11.07|7.75|11.09|7.95|8|-3.14|-0.2831|-1|147|1|62|0.2535|0.0102|0.0159|-0.3347|0.1100||9.00|81|7.95|95
GME211217P00195000|27.94|34.43|27.94|25.45|34.37|8|8.92|0.3505|50|473|1|101|-0.7408|0.0101|-0.0639|-0.3451|0.1113||36.10|46|32.65|75
GME211217C00197500|9.62|9.62|7.50|10.80|8.53|9|-2.27|-0.2102|3|41|1|18|0.3444|0.0077|0.0201|-0.5865|0.1266||8.00|1|7.35|76
GME211217P00197500|32.65|34.08|32.65|27.65|34.08|9|6.43|0.2325|0|93|5|6|-0.5778|0.0059|-0.2067|-0.2434|0.2529||38.20|53|34.65|46
GME211217C00200000|9.90|9.90|6.70|10.05|7.55|10|-2.50|-0.2488|902|2001|1|711|0.2159|0.0092|0.0136|-0.3106|0.1007||7.75|41|7.00|76
GME211217P00200000|32.40|37.00|32.40|29.20|37.00|10|7.80|0.2671|-2|1919|1|12|-0.7774|0.0092|-0.0682|-0.3229|0.1025||40.15|54|36.70|77
GME211217C00202500|7.85|7.85|7.48|9.79|7.48|11|-2.31|-0.2360|18|36|1|5|0.2666|0.0081|0.0162|-0.4440|0.1129||7.65|100|6.50|72
GME211217P00202500|34.54|39.87|34.54|30.45|39.87|11|9.42|0.3094|1|117|2|3|-0.7639|0.0085|-0.0686|-0.3735|0.1059||42.30|45|38.75|48
GME211217C00205000|9.80|9.80|6.20|8.75|6.25|12|-2.50|-0.2857|-4|53|1|26|0.2848|0.0074|0.0169|-0.5176|0.1167||7.25|124|6.00|54
GME211217P00205000|36.55|39.63|36.55|33.98|39.63|12|5.65|0.1663|0|165|1|4|-0.8090|0.0082|-0.0722|-0.2998|0.0936||44.45|37|40.85|44
GME211217C00207500|6.15|6.15|6.15|8.90|6.15|13|-2.75|-0.3090|4|32|1|1|0.4185|0.0050|0.0760|-0.2888|0.2524||6.80|82|5.60|77
GME211217P00207500|41.74|41.74|41.74|21.30|41.74|13|20.44|0.9596|0|181|34|34|-0.9949|0.0011|-0.0849|-0.0057|0.0050||46.40|38|43.00|46
GME211217C00210000|5.92|6.80|5.45|7.50|5.60|14|-1.90|-0.2533|-30|815|4|51|0.1478|0.0073|0.0094|-0.2449|0.0794||6.15|34|5.45|49
GME211217P00210000|45.16|48.15|45.16|36.95|48.10|14|11.15|0.3018|-11|215|5|41|-0.8470|0.0073|-0.0766|-0.2545|0.0812||48.80|53|45.20|62
GME211217C00212500|5.95|6.20|5.65|6.50|5.65|15|-0.85|-0.1308|0|22|1|4|0.1897|0.0070|0.0117|-0.3485|0.0932||5.85|33|5.00|74
GME211217P00212500||||42.25|42.25|15|0.00|0.0000|0|59|0|0|-0.6497|0.0056|-0.2408|-0.2302|0.2394||51.00|43|47.40|32
GME211217C00215000|6.25|6.25|4.40|6.90|5.33|16|-1.57|-0.2275|4|97|1|17|0.1948|0.0067|0.0119|-0.3769|0.0947||5.50|24|4.85|58
GME211217P00215000|49.03|49.03|46.65|42.25|48.24|16|5.99|0.1418|2|101|2|11|-0.5868|0.0046|-0.2388|-0.3132|0.2516||52.95|31|49.60|50
GME211217C00217500|4.80|5.10|4.80|7.20|5.10|17|-2.10|-0.2917|1|39|1|2|0.2090|0.0064|0.0127|-0.4286|0.0989||5.50|107|4.45|85
GME211217P00217500|50.51|54.90|50.50|47.80|54.90|17|7.10|0.1485|0|23|1|35|-0.6952|0.0057|-0.2552|-0.2012|0.2263||55.35|49|51.85|50
GME211217C00220000|5.35|5.49|4.20|6.50|5.05|18|-1.45|-0.2231|1|1903|1|71|0.1003|0.0055|0.0064|-0.1883|0.0604||5.10|43|4.40|77
GME211217P00220000|54.10|55.68|52.62|46.55|55.68|18|9.13|0.1961|1|446|1|24|-0.8927|0.0056|-0.0836|-0.2024|0.0635||58.55|46|54.15|64
GME211217C00222500||||6.60|6.60|19|0.00|0.0000|2|69|0|0|0.1810|0.0060|0.0110|-0.3881|0.0905||5.05|88|4.25|35
GME211217P00222500||||49.15|49.15|19|0.00|0.0000|11|21|0|0|-0.7919|0.0059|-0.0790|-0.4603|0.0985||60.65|34|56.45|21
GME211217C00225000|4.75|5.00|4.20|5.80|5.00|20|-0.80|-0.1379|-7|98|1|21|0.2214|0.0057|0.0131|-0.5151|0.1022||4.80|95|3.90|70
GME211217P00225000||||49.64|49.64|20|0.00|0.0000|-1|30|0|0|-0.8297|0.0057|-0.0821|-0.3732|0.0871||63.05|22|58.75|21
GME211217C00227500||||5.60|5.60|21|0.00|0.0000|0|8|0|0|0.1567|0.0055|0.0096|-0.3507|0.0825||4.25|2|3.75|72
GME211217P00227500||||51.86|51.86|21|0.00|0.0000|0|60|0|0|-0.8266|0.0055|-0.0885|-0.3698|0.0910||65.80|48|61.05|26
GME211217C00230000|6.00|6.00|3.70|5.09|3.90|22|-1.19|-0.2338|11|442|1|46|0.0712|0.0041|0.0046|-0.1498|0.0467||4.25|29|3.75|34
GME211217P00230000||||54.21|54.21|22|0.00|0.0000|1|64|0|0|-0.9175|0.0044|-0.0952|-0.1642|0.0540||67.55|20|63.40|35
GME211217C00232500|4.35|4.35|3.80|4.45|4.04|23|-0.41|-0.0921|0|80|6|9|0.1288|0.0049|0.0080|-0.2981|0.0722||4.25|108|3.45|72
GME211217P00232500||||53.30|53.30|23|0.00|0.0000|0|19|0|0|-0.9143|0.0043|-0.0901|-0.1886|0.0538||70.10|32|65.70|27
GME211217C00235000|4.25|4.25|3.40|5.14|3.69|24|-1.45|-0.2821|0|74|1|4|0.1770|0.0051|0.0106|-0.4444|0.0893||4.10|78|3.35|54
GME211217P00235000||||54.70|54.70|24|0.00|0.0000|0|60|0|0|-0.7583|0.0050|-0.2926|-0.1833|0.2016||72.35|37|68.05|27
GME211217C00240000|3.80|3.80|3.21|4.35|3.40|25|-0.95|-0.2184|48|356|1|56|0.0477|0.0030|0.0031|-0.1103|0.0342||3.70|15|3.25|40
GME211217P00240000||||65.50|65.50|25|0.00|0.0000|0|54|0|0|-0.9474|0.0031|-0.0953|-0.1217|0.0369||77.40|25|72.80|28
GME211217C00245000|3.25|3.40|3.17|3.98|3.30|26|-0.68|-0.1709|143|230|1|5|0.3216|0.0041|0.0586|-0.2934|0.2315||3.45|20|3.00|64
GME211217P00245000||||71.40|71.40|26|0.00|0.0000|-2|47|0|0|-0.8123|0.0046|-0.0897|-0.5277|0.0926||82.40|39|77.55|28
GME211217C00250000|4.20|4.20|2.88|3.70|3.20|27|-0.50|-0.1351|-24|1145|1|120|0.0322|0.0021|0.0021|-0.0813|0.0248||3.25|10|2.96|6
GME211217P00250000|84.85|84.85|84.85|73.53|84.85|27|11.32|0.1540|0|56|1|1|-0.9648|0.0023|-0.1005|-0.0884|0.0267||86.75|22|82.25|36
GME211217C00255000|2.84|3.05|2.84|3.60|2.98|28|-0.62|-0.1722|0|355|1|6|0.1399|0.0040|0.0083|-0.4124|0.0765||3.25|70|2.60|95
GME211217P00255000||||39.75|39.75|28|0.00|0.0000|0|5|0|0|-0.9999|0.0000|-0.1048|0.0006|0.0002||91.70|24|87.05|34
GME211217C00260000|2.55|2.94|2.55|3.40|2.90|29|-0.50|-0.1471|3|519|1|4|0.0216|0.0015|0.0014|-0.0589|0.0178||3.15|70|2.50|66
GME211217P00260000|90.26|90.26|89.25|78.20|89.25|29|11.05|0.1413|0|21|10|11|-0.9761|0.0016|-0.1053|-0.0645|0.0194||96.70|33|91.85|36
GME211217C00270000|2.41|2.45|2.41|2.82|2.45|30|-0.37|-0.1312|34|575|5|6|0.0155|0.0011|0.0010|-0.0453|0.0134||2.82|38|2.31|54
GME211217P00270000||||65.35|65.35|30|0.00|0.0000|0|49|0|0|-0.9789|0.0014|-0.1169|-0.0575|0.0180||106.50|13|101.55|42
GME211217C00280000|2.50|2.50|2.25|2.63|2.25|31|-0.38|-0.1445|-3|2029|2|10|0.1430|0.0034|0.0292|-0.1433|0.1459||2.58|15|2.14|63
GME211217P00280000||||91.00|91.00|31|0.00|0.0000|0|10|0|0|-0.9870|0.0009|-0.1142|-0.0395|0.0115||116.50|39|111.25|25
GME211217C00290000|2.00|2.27|2.00|2.57|2.09|32|-0.48|-0.1868|1|523|1|6|0.1304|0.0031|0.0266|-0.1372|0.1370||2.40|47|2.02|65
GME211217P00290000||||68.50|68.50|32|0.00|0.0000|0|25|0|0|-0.9897|0.0007|-0.1185|-0.0333|0.0094||126.40|18|121.05|18
GME211217C00300000|2.05|2.32|1.84|2.15|2.00|33|-0.15|-0.0698|560|5707|1|199|0.1181|0.0028|0.0241|-0.1299|0.1278||2.22|44|2.00|11
GME211217P00300000|126.50|126.50|126.50|125.00|126.50|33|1.50|0.0120|0|20|1|1|-0.9910|0.0006|-0.1309|-0.0286|0.0086||136.25|18|130.85|16
GME211217C00310000|1.80|1.80|1.80|2.03|1.80|34|-0.23|-0.1133|-2|367|1|1|0.0043|0.0003|0.0003|-0.0159|0.0044||2.07|17|1.77|40
GME211217P00310000||||102.75|102.75|34|0.00|0.0000|0|3|0|0|-0.8851|0.0027|-0.4267|-0.1313|0.1253||145.85|18|140.65|19
GME211217C00320000|1.78|1.87|1.76|1.73|1.76|35|0.03|0.0173|41|448|1|6|0.0033|0.0003|0.0002|-0.0126|0.0034||1.94|11|1.67|27
GME211217P00320000||||96.00|96.00|35|0.00|0.0000|0|17|0|0|-0.9958|0.0003|-0.1312|-0.0150|0.0042||155.85|19|150.55|34
GME211217C00330000|1.74|1.74|1.69|1.75|1.69|36|-0.06|-0.0343|0|213|1|2|0.0909|0.0022|0.0186|-0.1124|0.1057||1.81|7|1.51|53
GME211217P00330000||||159.50|159.50|36|0.00|0.0000|0|3|0|0|-0.9968|0.0002|-0.1354|-0.0117|0.0033||165.65|18|160.40|37
GME211217C00340000|1.51|1.51|1.51|1.60|1.51|37|-0.09|-0.0563|0|232|1|1|0.0021|0.0002|0.0001|-0.0085|0.0022||1.73|16|1.46|37
GME211217P00340000||||126.85|126.85|37|0.00|0.0000|0|7|0|0|-0.9975|0.0002|-0.1396|-0.0091|0.0026||175.65|32|170.30|34
GME211217C00350000|1.50|1.60|1.30|1.40|1.60|38|0.20|0.1429|23|1013|1|39|0.0023|0.0002|0.0002|-0.0093|0.0025||1.63|11|1.39|30
GME211217P00350000||||133.85|133.85|38|0.00|0.0000|0|4|0|0|-0.9980|0.0002|-0.1437|-0.0077|0.0022||185.65|16|180.20|33
GME211217C00360000|1.30|1.43|1.25|1.37|1.43|39|0.06|0.0438|-4|304|1|12|0.0014|0.0001|0.0001|-0.0065|0.0016||1.55|13|1.29|44
GME211217P00360000||||||39|||0|0|0|0|-0.9983|0.0001|-0.1478|-0.0066|0.0019||195.65|24|190.10|27
GME211217C00370000|1.24|1.40|1.24|1.45|1.40|40|-0.05|-0.0345|0|447|3|13|0.0017|0.0001|0.0001|-0.0076|0.0020||1.53|65|1.25|39
GME211217P00370000||||172.65|172.65|40|0.00|0.0000|0|3|0|0|-0.9979|0.0001|-0.1620|-0.0077|0.0023||205.65|23|200.00|29
GME211217C00380000||||1.20|1.20|41|0.00|0.0000|-1|168|0|0|0.0011|0.0001|0.0001|-0.0052|0.0012||1.53|106|1.20|37
GME211217P00380000|208.83|208.83|208.83|165.60|208.83|41|43.23|0.2611|0|17|1|1|-0.9988|0.0001|-0.1561|-0.0045|0.0014||215.65|17|209.95|28
GME211217C00390000|1.18|1.18|1.18|1.18|1.18|42|0.00|0.0000|1|193|1|2|0.0010|0.0001|0.0001|-0.0047|0.0011||1.37|51|1.13|45
GME211217P00390000||||||42|||0|0|0|0|-0.9989|0.0001|-0.1602|-0.0040|0.0012||225.65|12|219.90|20
GME211217C00400000|1.12|1.24|0.90|1.08|1.23|43|0.15|0.1389|19|1185|1|131|0.0008|0.0001|0.0000|-0.0038|0.0009||1.25|9|1.15|4
GME211217P00400000||||198.90|198.90|43|0.00|0.0000|0|3|0|0|-0.9990|0.0001|-0.1643|-0.0036|0.0011||235.65|5|229.85|31
GME211217C00410000|0.90|1.00|0.90|1.00|0.99|44|-0.01|-0.0100|1|205|1|26|0.0006|0.0000|0.0000|-0.0032|0.0007||1.22|19|1.05|28
GME211217P00410000||||190.90|190.90|44|0.00|0.0000|0|3|0|0|-0.9991|0.0001|-0.1684|-0.0031|0.0010||245.65|12|239.80|12
GME211217C00420000|1.00|1.07|1.00|0.95|1.03|45|0.08|0.0842|3|542|1|12|0.0005|0.0000|0.0000|-0.0029|0.0007||1.13|7|1.01|5
GME211217P00420000||||189.85|189.85|45|0.00|0.0000|0|16|0|0|-0.9995|0.0000|-0.1726|-0.0011|0.0006||255.20|19|249.75|28
GME211217C00430000|0.99|0.99|0.97|0.97|0.97|46|0.00|0.0000|0|208|1|11|0.0004|0.0000|0.0000|-0.0023|0.0005||1.13|44|0.95|7
GME211217P00430000||||244.20|244.20|46|0.00|0.0000|0|0|0|0|-0.9450|0.0013|-0.6131|-0.0881|0.0719||265.20|5|259.75|12
GME211217C00440000||||1.15|1.15|47|0.00|0.0000|0|472|0|0|0.0004|0.0000|0.0000|-0.0022|0.0005||1.13|53|0.76|74
GME211217P00440000||||||47|||0|0|0|0|-0.9997|0.0000|-0.1808|-0.0002|0.0004||275.20|4|269.70|12
GME211217C00450000|0.60|0.75|0.60|0.79|0.75|48|-0.04|-0.0506|2|686|2|6|0.0003|0.0000|0.0000|-0.0018|0.0004||1.07|15|0.89|1
GME211217P00450000||||||48|||0|0|0|0|-0.9997|0.0000|-0.1849|-0.0001|0.0004||285.20|12|279.70|12
GME211217C00460000|0.74|0.95|0.74|0.76|0.91|49|0.15|0.1974|2|1138|1|28|0.0003|0.0000|0.0000|-0.0018|0.0004||1.00|11|0.80|15
GME211217P00460000||||261.60|261.60|49|0.00|0.0000|0|5|0|0|-0.9519|0.0011|-0.6581|-0.0815|0.0646||295.20|13|289.70|29
GME211217C00470000|0.65|0.66|0.65|0.78|0.66|50|-0.12|-0.1538|1|190|1|3|0.0250|0.0007|0.0015|-0.1537|0.0201||0.99|15|0.67|35
GME211217P00470000||||||50||||0|0|0|-1.0000|0.0000|-0.1931|0.0016|0.0000||305.20|3|299.65|12
GME211217C00480000||||0.60|0.60|51|0.00|0.0000|16|240|0|0|0.0274|0.0008|0.0016|-0.1716|0.0217||0.97|14|0.62|49
GME211217P00480000||||264.21|264.21|51|0.00|0.0000|0|7|0|0|-0.9862|0.0005|-0.1964|-0.0840|0.0121||315.20|4|309.65|12
GME211217C00490000|0.66|0.78|0.52|0.52|0.78|52|0.26|0.5000|8|105|6|12|0.0327|0.0009|0.0019|-0.2093|0.0251||0.96|26|0.59|25
GME211217P00490000||||274.04|274.04|52|0.00|0.0000|0|7|0|0|-0.9816|0.0006|-0.2003|-0.1150|0.0155||325.20|3|319.65|12
GME211217C00500000|0.70|0.80|0.60|0.50|0.75|53|0.25|0.5000|-47|2441|1|10|0.0276|0.0008|0.0016|-0.1788|0.0218||0.89|13|0.75|9
GME211217P00500000||||290.05|290.05|53|0.00|0.0000|0|7|0|0|-0.7799|0.0020|-0.6908|-0.4196|0.1914||335.20|3|329.60|9
GME211217C00510000|0.61|0.80|0.42|0.53|0.70|54|0.17|0.3208|25|1391|5|331|0.0291|0.0008|0.0017|-0.1922|0.0228||0.80|8|0.64|1
GME211217P00510000||||277.97|277.97|54|0.00|0.0000|0|0|0|0|-0.9965|0.0002|-0.2094|-0.0212|0.0036||345.20|12|339.60|14
GME211223C00100000|71.00|71.00|71.00|80.77|71.00|10|-9.77|-0.1210|0|14|1|1|0.9283|0.0019|0.0490|-0.2333|0.0556||72.15|19|68.05|18
GME211223P00100000|1.13|1.89|1.01|0.88|1.82|10|0.94|1.0682|8|124|1|203|-0.0504|0.0017|-0.0058|-0.1516|0.0422||2.04|12|1.54|13
GME211223C00110000||||||9||||0|0|0|1.0000|0.0000|0.0633|-0.0004|0.0000||62.80|13|58.35|24
GME211223P00110000|1.52|2.30|1.43|1.33|2.30|9|0.97|0.7293|9|37|1|20|-0.0605|0.0023|-0.0068|-0.1500|0.0488||2.81|14|2.15|7
GME211223C00120000||||103.35|103.35|8|0.00|0.0000|0|1|0|0|0.8354|0.0010|0.0211|-1.4870|0.1008||53.85|15|49.25|24
GME211223P00120000|2.80|3.20|2.61|1.15|3.20|8|2.05|1.7826|0|25|1|3|-0.1037|0.0034|-0.0124|-0.2175|0.0750||3.75|10|3.05|8
GME211223C00130000||||||7||||0|0|0|1.0000|0.0000|0.0784|-0.0005|0.0000||45.45|13|40.75|30
GME211223P00130000|3.71|4.75|3.64|2.69|4.75|7|2.06|0.7658|70|142|1|8|-0.1132|0.0046|-0.0125|-0.1892|0.0780||5.75|41|4.55|22
GME211223C00140000||||||6||||0|0|0|1.0000|0.0000|0.0805|-0.0005|0.0000||37.70|17|33.00|21
GME211223P00140000|6.50|6.50|6.50|4.40|6.50|6|2.10|0.4773|2|42|1|1|-0.1997|0.0061|-0.0229|-0.3058|0.1138||7.90|18|6.70|12
GME211223C00145000||||||5||||0|0|0|1.0000|0.0000|0.0834|-0.0005|0.0000||34.15|18|29.45|30
GME211223P00145000||||||5||||0|0|0|0.0000|0.0000|0.0000|0.0000|0.0000||9.40|14|8.10|9
GME211223C00150000|28.10|28.10|28.10|55.90|28.10|4|-27.80|-0.4973|0|4|14|17|0.7153|0.0069|0.0552|-0.3783|0.1413||30.85|23|26.15|28
GME211223P00150000|6.60|9.65|6.60|6.07|9.50|4|3.43|0.5651|-6|200|5|130|-0.2778|0.0073|-0.0339|-0.3484|0.1396||11.25|37|9.45|16
GME211223C00155000|29.20|29.20|29.20|57.05|29.20|3|-27.85|-0.4882|0|10|1|1|0.6671|0.0061|0.0475|-0.5126|0.1478||27.95|24|23.95|21
GME211223P00155000|9.85|11.65|9.85|9.30|11.17|3|1.87|0.2011|16|127|17|124|-0.3183|0.0080|-0.0390|-0.3626|0.1485||13.20|22|11.55|8
GME211223C00160000|23.28|23.31|23.00|53.80|23.00|2|-30.80|-0.5725|0|12|1|3|0.6345|0.0074|0.0500|-0.4331|0.1565||25.15|35|20.75|23
GME211223P00160000|11.83|13.48|11.83|9.45|13.48|2|4.03|0.4265|1|62|3|23|-0.3627|0.0083|-0.0429|-0.4039|0.1526||15.30|20|13.65|15
GME211223C00165000|20.45|21.50|20.25|20.45|20.25|1|-0.20|-0.0098|0|0|1|3|0.5968|0.0074|0.0451|-0.4802|0.1576||22.65|28|18.45|18
GME211223P00165000|13.81|17.00|13.81|11.60|17.00|1|5.40|0.4655|0|21|2|20|-0.4071|0.0089|-0.0484|-0.4049|0.1578||18.05|23|15.85|16
GME211223C00170000|18.25|19.95|18.00|25.94|18.50|1|-7.44|-0.2868|0|15|1|18|0.5489|0.0088|0.0434|-0.4232|0.1610||19.20|16|17.10|24
GME211223P00170000|16.83|18.51|16.05|14.35|18.51|1|4.16|0.2899|0|33|6|60|-0.4504|0.0087|-0.0545|-0.4283|0.1610||20.90|20|18.65|1
GME211223C00175000|23.00|23.00|15.75|19.00|15.75|2|-3.25|-0.1711|0|3|4|34|0.5187|0.0078|0.0402|-0.4865|0.1621||18.35|49|14.55|53
GME211223P00175000|16.28|23.20|16.28|15.02|22.50|2|7.48|0.4980|-6|48|2|38|-0.4935|0.0089|-0.0602|-0.4263|0.1624||24.45|36|22.15|6
