symbol|open|high|low|preClose|close|activeLevel|change|changeRatio|openIntChange|openInterest|latestPriceVol|volume|delta|gamma|rho|theta|vega|tradeStamptradeTime|ask|avol|bid|bvol
GME211203C00100000|83.51|83.51|83.51|82.00|83.51|13|1.51|0.0184|0|10|1|1|0.9844|0.0007|0.0027|-1.0589|0.0037||84.55|1|78.75|15
GME211203P00100000|0.08|0.09|0.02|0.08|0.06|13|-0.02|-0.2500|146|513|8|146|-0.0001|0.0000|0.0000|-0.0064|0.0000||0.07|1|0.06|10
GME211203C00110000||||135.99|135.99|12|0.00|0.0000|0|1|0|0|0.8898|0.0020|0.0023|-8.8704|0.0179||74.75|10|68.65|25
GME211203P00110000|0.09|0.25|0.07|0.17|0.11|12|-0.06|-0.3529|15|172|2|55|-0.0004|0.0000|0.0000|-0.0175|0.0001||0.17|1|0.06|77
GME211203C00120000||||||11||||0|0|0|1.0000|0.0000|0.0033|-0.0004|0.0000||64.85|1|58.70|25
GME211203P00120000|0.29|0.30|0.10|0.25|0.19|11|-0.06|-0.2400|148|381|5|468|-0.0010|0.0001|0.0000|-0.0426|0.0003||0.30|11|0.11|15
GME211203C00130000||||65.44|65.44|10|0.00|0.0000|0|1|0|0|0.8527|0.0032|0.0027|-8.1956|0.0219||55.15|1|48.70|25
GME211203P00130000|0.16|0.50|0.16|0.40|0.29|10|-0.11|-0.2750|26|976|11|132|-0.0025|0.0003|0.0000|-0.0839|0.0007||0.39|11|0.23|10
GME211203C00140000||||55.33|55.33|9|0.00|0.0000|0|6|0|0|0.7830|0.0034|0.0047|-6.3879|0.0395||45.25|1|38.45|26
GME211203P00140000|0.69|0.77|0.28|0.50|0.30|9|-0.20|-0.4000|57|1151|1|350|-0.0034|0.0006|0.0000|-0.0910|0.0010||0.47|2|0.29|38
GME211203C00150000||||44.80|44.80|8|0.00|0.0000|0|6|0|0|0.7929|0.0056|0.0029|-7.3437|0.0272||35.55|11|28.75|16
GME211203P00150000|1.85|1.85|0.42|0.94|0.65|8|-0.29|-0.3085|17|1198|1|850|-0.0141|0.0022|-0.0001|-0.2890|0.0034||0.65|1|0.43|17
GME211203C00155000||||27.75|27.75|7|0.00|0.0000|0|5|0|0|0.9599|0.0051|0.0040|-0.7285|0.0082||30.70|1|23.50|26
GME211203P00155000|0.73|1.61|0.50|1.30|0.68|7|-0.62|-0.4769|34|992|1|165|-0.0183|0.0032|-0.0001|-0.3145|0.0043||0.96|10|0.50|22
GME211203C00160000|20.00|23.00|20.00|28.80|23.00|6|-5.80|-0.2014|0|115|3|42|0.9390|0.0079|0.0041|-0.9206|0.0115||23.95|10|20.35|11
GME211203P00160000|1.00|2.35|0.68|1.85|0.68|6|-1.17|-0.6324|14|440|2|876|-0.3031|0.0048|-0.0778|-0.3276|0.2073||1.04|1|0.73|17
GME211203C00165000||||32.50|32.50|5|0.00|0.0000|-1|31|0|0|0.6973|0.0080|0.0028|-7.6555|0.0332||19.45|11|15.55|11
GME211203P00165000|1.61|3.55|0.94|2.60|1.20|5|-1.40|-0.5385|467|783|1|1673|-0.0584|0.0103|-0.0003|-0.6584|0.0111||1.69|12|1.02|7
GME211203C00170000|11.23|13.59|8.50|13.25|13.35|4|0.10|0.0075|10|50|1|49|0.8686|0.0194|0.0040|-1.1691|0.0203||13.50|1|11.55|12
GME211203P00170000|2.31|5.10|1.45|3.72|1.87|4|-1.85|-0.4973|275|934|2|2343|-0.1212|0.0192|-0.0006|-1.0556|0.0191||1.93|1|1.54|23
GME211203C00175000|9.64|10.53|6.00|9.70|9.00|3|-0.70|-0.0722|29|117|1|51|0.7682|0.0323|0.0036|-1.4423|0.0290||11.65|12|8.15|4
GME211203P00175000|1.95|7.25|1.95|4.95|2.73|3|-2.22|-0.4485|181|483|3|1370|-0.2289|0.0325|-0.0012|-1.4113|0.0288||2.96|1|2.50|5
GME211203C00177500|10.10|10.10|4.70|7.55|8.24|2|0.69|0.0914|4|7|1|54|0.6556|0.0332|0.0031|-2.0438|0.0350||9.25|12|5.15|11
GME211203P00177500|4.40|8.60|2.87|5.85|3.58|2|-2.27|-0.3880|136|199|1|1010|-0.4089|0.0067|-0.1014|-0.2868|0.2306||3.70|4|2.96|25
GME211203C00180000|8.54|11.00|3.20|7.10|5.75|1|-1.35|-0.1901|57|733|1|913|0.5779|0.0428|0.0028|-1.7901|0.0372||6.70|1|5.50|2
GME211203P00180000|5.50|10.10|3.35|6.98|4.40|1|-2.58|-0.3696|493|1768|1|1800|-0.4196|0.0446|-0.0022|-1.7140|0.0371||4.80|1|3.60|3
GME211203C00182500|7.88|8.47|3.11|6.70|4.40|1|-2.30|-0.3433|74|85|1|148|0.4845|0.0314|0.0046|-1.2645|0.0536||5.20|13|3.70|13
GME211203P00182500|5.90|11.00|4.40|8.00|5.41|1|-2.59|-0.3238|98|297|1|211|-0.5356|0.0476|-0.0028|-1.6570|0.0378||6.20|10|4.55|8
GME211203C00185000|4.90|7.95|2.08|4.90|3.22|2|-1.68|-0.3429|313|481|1|2001|0.3570|0.0427|0.0017|-1.6279|0.0355||3.50|2|3.15|5
GME211203P00185000|6.43|14.03|5.35|9.80|7.21|2|-2.59|-0.2643|77|588|2|935|-0.6385|0.0417|-0.0033|-1.6824|0.0356||7.90|11|5.50|13
GME211203C00187500|3.85|6.50|1.83|3.95|2.40|3|-1.55|-0.3924|713|730|1|603|0.2604|0.0370|0.0013|-1.4243|0.0309||2.90|5|2.20|2
GME211203P00187500|7.91|15.14|7.00|10.70|8.59|3|-2.11|-0.1972|113|475|1|74|-0.7458|0.0376|-0.0039|-1.3675|0.0305||10.15|11|7.20|11
GME211203C00190000|3.95|5.18|1.40|3.70|1.70|4|-2.00|-0.5405|634|778|1|1638|0.1775|0.0299|0.0009|-1.1309|0.0247||1.99|2|1.51|8
GME211203P00190000|11.24|18.00|8.00|12.00|11.17|4|-0.83|-0.0692|-109|833|2|417|-0.4821|0.0063|-0.1258|-0.3236|0.2365||12.10|11|8.95|5
GME211203C00192500|2.95|4.25|1.14|2.96|1.27|5|-1.69|-0.5709|434|502|1|545|0.2090|0.0228|0.0020|-0.9040|0.0386||1.66|11|1.40|1
GME211203P00192500|11.75|16.88|11.63|14.20|12.49|5|-1.71|-0.1204|-101|273|30|94|-0.8783|0.0227|-0.0047|-0.9000|0.0192||14.50|11|10.85|5
GME211203C00195000|2.37|3.40|0.92|2.40|1.07|6|-1.33|-0.5542|397|597|1|707|0.0893|0.0171|0.0004|-0.7629|0.0153||1.27|6|0.91|8
GME211203P00195000|14.00|21.77|12.00|16.71|14.76|6|-1.95|-0.1167|-61|626|3|204|-0.5218|0.0067|-0.1351|-0.3028|0.2364||16.60|11|12.95|10
GME211203C00197500|2.55|2.85|0.71|2.04|0.89|7|-1.15|-0.5637|386|490|3|553|0.0652|0.0128|0.0003|-0.6301|0.0121||1.17|30|0.90|1
GME211203P00197500|23.22|23.22|17.43|18.95|17.43|7|-1.52|-0.0802|38|202|1|20|-0.9119|0.0145|-0.0050|-0.8819|0.0152||18.95|11|15.10|11
GME211203C00200000|1.75|2.33|0.57|1.69|0.68|8|-1.01|-0.5976|381|1051|2|3075|0.0439|0.0092|0.0002|-0.4697|0.0088||0.85|1|0.63|1
GME211203P00200000|17.55|26.85|16.00|22.15|19.88|8|-2.27|-0.1025|-71|998|9|370|-0.9243|0.0119|-0.0051|-0.8530|0.0136||21.25|11|17.50|20
GME211203C00202500|2.00|2.00|0.50|1.48|0.50|9|-0.98|-0.6622|35|281|1|499|0.4466|0.0062|0.0678|-0.3239|0.2346||0.76|14|0.52|24
GME211203P00202500|20.05|22.46|20.05|21.91|21.93|9|0.02|0.0009|-27|184|5|49|-0.5292|0.0055|-0.1475|-0.3695|0.2361||23.65|11|20.00|10
GME211203C00205000|1.17|1.68|0.48|1.34|0.55|10|-0.79|-0.5896|206|834|1|712|0.0272|0.0056|0.0001|-0.3540|0.0060||0.68|10|0.47|8
GME211203P00205000|22.06|31.10|22.06|28.45|24.98|10|-3.47|-0.1220|-4|484|2|177|-0.5008|0.0045|-0.1509|-0.4551|0.2368||26.15|22|22.45|1
GME211203C00207500|1.29|1.35|0.46|1.10|0.55|11|-0.55|-0.5000|-5|400|50|290|0.4550|0.0053|0.0662|-0.3838|0.2353||0.62|10|0.42|12
GME211203P00207500|23.40|31.50|23.40|20.90|25.68|11|4.78|0.2287|-2|35|1|4|-0.7874|0.0105|-0.0047|-4.0265|0.0276||28.65|11|24.45|12
GME211203C00210000|1.01|1.24|0.40|1.11|0.46|12|-0.65|-0.5856|79|939|1|770|0.0179|0.0036|0.0001|-0.2732|0.0042||0.52|1|0.39|1
GME211203P00210000|28.16|35.15|27.06|30.40|29.77|12|-0.63|-0.0207|1|385|10|59|-0.9519|0.0065|-0.0055|-0.7737|0.0095||31.10|11|26.95|11
GME211203C00212500|0.95|1.05|0.38|0.92|0.48|13|-0.44|-0.4783|119|297|1|281|0.0170|0.0032|0.0001|-0.2790|0.0040||0.54|10|0.35|16
GME211203P00212500|33.40|33.40|33.40|34.12|33.40|13|-0.72|-0.0211|-1|67|2|2|-0.9183|0.0077|-0.0054|-1.4898|0.0144||33.60|11|29.40|11
GME211203C00215000|0.81|1.00|0.36|0.87|0.37|14|-0.50|-0.5747|21|792|1|274|0.0115|0.0023|0.0001|-0.1993|0.0029||0.43|1|0.32|3
GME211203P00215000|31.50|35.35|31.50|34.35|31.97|14|-2.38|-0.0693|-1|226|1|26|-0.8927|0.0079|-0.0054|-2.1697|0.0176||36.10|21|31.90|11
GME211203C00217500|0.70|0.70|0.38|0.71|0.38|15|-0.33|-0.4648|-7|183|1|25|0.0108|0.0020|0.0001|-0.2001|0.0027||0.49|15|0.30|5
GME211203P00217500|38.35|38.35|38.35|30.09|38.35|15|8.26|0.2745|0|74|2|2|-0.9291|0.0063|-0.0056|-1.4533|0.0129||38.60|11|34.40|11
GME211203C00220000|0.77|0.81|0.30|0.77|0.36|16|-0.41|-0.5325|-11|1378|1|435|0.0093|0.0017|0.0000|-0.1819|0.0024||0.36|1|0.35|1
GME211203P00220000|35.30|44.52|35.30|40.00|40.13|16|0.13|0.0033|1|213|1|18|-0.9531|0.0049|-0.0058|-0.9857|0.0093||41.10|22|36.90|11
GME211203C00222500|0.66|0.73|0.32|0.57|0.37|17|-0.20|-0.3509|-15|181|1|27|0.4511|0.0041|0.0613|-0.4853|0.2350||0.42|10|0.26|7
GME211203P00222500|47.10|47.10|45.85|34.99|45.85|17|10.86|0.3104|0|51|2|6|-0.8775|0.0068|-0.0055|-3.0116|0.0193||43.60|11|39.40|11
GME211203C00225000|0.71|0.72|0.30|0.71|0.30|18|-0.41|-0.5775|-80|656|1|154|0.4440|0.0041|0.0605|-0.4866|0.2344||0.40|16|0.21|23
GME211203P00225000||||45.20|45.20|18|0.00|0.0000|-3|125|0|0|-0.9562|0.0042|-0.0060|-1.0193|0.0088||45.90|11|41.90|11
GME211203C00227500|0.50|0.70|0.46|0.77|0.50|19|-0.27|-0.3506|3|97|2|27|0.0566|0.0046|0.0005|-0.7048|0.0153||0.33|1|0.21|10
GME211203P00227500|53.85|53.85|45.47|33.03|45.48|19|12.45|0.3769|0|26|1|5|-0.9675|0.0034|-0.0061|-0.7820|0.0069||48.40|12|44.25|1
GME211203C00230000|0.54|0.63|0.22|0.62|0.24|20|-0.38|-0.6129|192|927|1|322|0.0042|0.0008|0.0000|-0.0986|0.0012||0.23|1|0.19|20
GME211203P00230000|47.50|56.35|46.57|45.00|49.84|20|4.84|0.1076|-3|67|1|8|-0.9689|0.0031|-0.0062|-0.7799|0.0067||50.90|12|46.75|2
GME211203C00232500|0.48|0.48|0.25|0.57|0.25|21|-0.32|-0.5614|-8|93|2|22|0.4431|0.0038|0.0588|-0.5281|0.2344||0.34|8|0.19|10
GME211203P00232500|49.07|52.32|49.07|46.88|52.32|21|5.44|0.1160|-1|34|1|2|-0.9022|0.0053|-0.0118|-1.4006|0.0232||53.40|11|49.35|11
GME211203C00235000|0.33|0.60|0.23|0.54|0.25|22|-0.29|-0.5370|-1|331|6|135|0.0039|0.0007|0.0000|-0.1013|0.0011||0.32|7|0.19|1
GME211203P00235000|51.57|61.30|50.00|54.89|53.95|22|-0.94|-0.0171|-6|371|1|60|-0.9906|0.0013|-0.0064|-0.2455|0.0024||55.90|21|51.85|11
GME211203C00237500|0.42|0.42|0.25|0.52|0.27|23|-0.25|-0.4808|0|115|1|24|0.0040|0.0007|0.0000|-0.1071|0.0011||0.25|2|0.14|10
GME211203P00237500|54.06|63.79|52.54|57.38|56.45|23|-0.93|-0.0162|-6|284|1|49|-0.9910|0.0012|-0.0065|-0.2435|0.0023||58.35|11|54.35|21
GME211203C00240000|0.50|0.60|0.23|0.50|0.27|24|-0.23|-0.4600|1|592|1|244|0.0038|0.0006|0.0000|-0.1048|0.0011||0.30|3|0.20|5
GME211203P00240000|54.95|66.50|54.95|57.50|60.48|24|2.98|0.0518|-1|101|1|10|-0.9608|0.0031|-0.0064|-1.1680|0.0081||60.85|21|56.85|22
GME211203C00245000|0.47|0.47|0.19|0.44|0.23|25|-0.21|-0.4773|-31|414|2|275|0.0027|0.0004|0.0000|-0.0812|0.0008||0.20|1|0.08|40
GME211203P00245000|60.55|60.55|60.55|62.45|60.55|25|-1.90|-0.0304|-1|68|1|1|-0.6007|0.0038|-0.2074|-0.5026|0.2292||65.85|11|61.85|11
GME211203C00250000|0.25|0.45|0.14|0.41|0.14|26|-0.27|-0.6585|-50|3342|2|1826|0.4339|0.0033|0.0553|-0.5958|0.2335||0.17|3|0.09|1
GME211203P00250000|71.49|74.50|67.82|65.43|70.43|26|5.00|0.0764|-9|123|1|7|-0.9669|0.0024|-0.0067|-1.1138|0.0070||70.85|21|66.85|11
GME211203C00260000|0.23|0.34|0.12|0.37|0.15|27|-0.22|-0.5946|10|714|1|262|0.0012|0.0002|0.0000|-0.0404|0.0004||0.14|1|0.12|4
GME211203P00260000||||75.00|75.00|27|0.00|0.0000|-1|6|0|0|-0.9965|0.0004|-0.0071|-0.1236|0.0010||80.85|12|75.25|26
GME211203C00270000|0.22|0.34|0.02|0.26|0.02|28|-0.24|-0.9231|-1|587|1|292|0.0001|0.0000|0.0000|-0.0020|0.0000||0.21|17|0.04|2
GME211203P00270000|85.99|86.50|85.99|90.50|86.50|28|-4.00|-0.0442|4|21|2|4|-0.9985|0.0002|-0.0074|-0.0585|0.0005||90.85|12|85.30|1
GME211203C00280000|0.22|0.30|0.07|0.25|0.07|29|-0.18|-0.7200|-8|572|1|90|0.0003|0.0000|0.0000|-0.0116|0.0001||0.10|129|0.06|80
GME211203P00280000||||95.00|95.00|29|0.00|0.0000|-3|10|0|0|-0.9973|0.0003|-0.0077|-0.1134|0.0008||101.70|11|95.30|10
GME211203C00290000|0.27|0.27|0.08|0.25|0.09|30|-0.16|-0.6400|200|502|1|27|0.0004|0.0001|0.0000|-0.0161|0.0001||0.10|10|0.03|1
GME211203P00290000||||||30||||0|0|0|-1.0000|0.0000|-0.0079|0.0009|0.0000||111.50|10|105.35|1
GME211203C00300000|0.17|0.22|0.05|0.17|0.07|31|-0.10|-0.5882|16|2195|1|698|0.0002|0.0000|0.0000|-0.0104|0.0001||0.07|1|0.05|2
GME211203P00300000||||111.10|111.10|31|0.00|0.0000|-1|2|0|0|-0.9925|0.0006|-0.0164|-0.1866|0.0028||121.55|10|115.40|1
GME211203C00310000|0.11|0.13|0.05|0.20|0.08|32|-0.12|-0.6000|-10|344|1|6|0.0005|0.0001|0.0000|-0.0242|0.0002||0.12|1|0.04|2
GME211203P00310000||||71.90|71.90|32|0.00|0.0000|0|4|0|0|-0.8658|0.0029|-0.3097|-0.2045|0.1283||131.50|10|125.35|10
GME211203C00320000|0.10|0.12|0.04|0.17|0.04|33|-0.13|-0.7647|100|389|1|6|0.0001|0.0000|0.0000|-0.0040|0.0000||0.08|14|0.05|1
GME211203P00320000||||||33||||0|0|0|-1.0000|0.0000|-0.0175|0.0010|0.0000||141.40|1|135.35|10
GME211203C00330000|0.08|0.08|0.03|0.11|0.06|34|-0.05|-0.4545|68|348|1|36|0.0001|0.0000|0.0000|-0.0071|0.0000||0.20|19|0.01|1
GME211203P00330000||||127.27|127.27|34|0.00|0.0000|0|2|0|0|-1.0000|0.0000|-0.0090|-0.0016|0.0000||151.45|10|145.40|11
GME211203C00340000|0.08|0.08|0.06|0.11|0.06|35|-0.05|-0.4545|21|135|2|8|0.0001|0.0000|0.0000|-0.0068|0.0000||0.05|1|0.00|0
GME211203P00340000||||134.20|134.20|35|0.00|0.0000|0|1|0|0|-0.9989|0.0001|-0.0186|-0.0329|0.0005||161.35|1|155.50|1
GME211203C00350000|0.09|0.09|0.03|0.10|0.04|36|-0.06|-0.6000|226|1237|1|33|0.0001|0.0000|0.0000|-0.0035|0.0000||0.05|2|0.04|2
GME211203P00350000||||136.35|136.35|36|0.00|0.0000|0|3|0|0|-1.0000|0.0000|-0.0096|0.0006|0.0000||171.35|1|165.45|11
GME211203C00360000||||0.09|0.09|37|0.00|0.0000|-2|159|0|0|0.0002|0.0000|0.0000|-0.0117|0.0001||0.07|1|0.01|3
GME211203P00360000||||||37||||0|0|0|-1.0000|0.0000|-0.0099|0.0011|0.0000||181.30|1|175.45|11
GME211203C00370000|0.02|0.02|0.02|0.05|0.02|38|-0.03|-0.6000|-2|88|1|1|0.0000|0.0000|0.0000|-0.0011|0.0000||0.16|10|0.02|10
GME211203P00370000||||136.05|136.05|38|0.00|0.0000|0|1|0|0|-1.0000|0.0000|-0.0101|0.0011|0.0000||191.30|1|185.50|1
GME211203C00380000|0.06|0.06|0.04|0.10|0.04|39|-0.06|-0.6000|15|101|1|2|0.0000|0.0000|0.0000|-0.0031|0.0000||0.19|19|0.01|1
GME211203P00380000||||170.35|170.35|39|0.00|0.0000|0|0|0|0|-1.0000|0.0000|-0.0104|-0.0004|0.0000||201.30|1|195.50|1
GME211203C00390000|0.02|0.02|0.02|0.09|0.02|40|-0.07|-0.7778|9|91|2|2|0.4500|0.0020|0.0446|-1.0295|0.2349||0.04|1|0.01|9
GME211203P00390000||||||40||||0|0|0|-1.0000|0.0000|-0.0107|0.0012|0.0000||211.30|1|205.50|1
GME211203C00400000|0.04|0.06|0.01|0.07|0.02|41|-0.05|-0.7143|-34|2449|5|54|0.0000|0.0000|0.0000|-0.0010|0.0000||0.04|1|0.01|11
GME211203P00400000||||215.38|215.38|41|0.00|0.0000|-10|0|0|0|-0.6710|0.0022|-0.3883|-0.7481|0.2147||221.30|1|215.50|1
GME211203C00410000|0.05|0.05|0.02|0.05|0.03|42|-0.02|-0.4000|-2|1055|5|43|0.4780|0.0018|0.0441|-1.1333|0.2364||0.04|1|0.01|1
GME211203P00410000||||||42||||0|0|0|-1.0000|0.0000|-0.4380|0.0013|0.0000||231.30|1|225.50|11
GME211203C00420000|0.04|0.04|0.01|0.05|0.01|43|-0.04|-0.8000|7|231|9|14|0.0000|0.0000|0.0000|-0.0003|0.0000||0.06|1|0.01|2
GME211203P00420000||||||43||||0|0|0|-1.0000|0.0000|-0.0115|0.0013|0.0000||241.30|1|235.50|11
GME211203C00430000||||0.03|0.03|44|0.00|0.0000|21|70|0|0|0.0000|0.0000|0.0000|-0.0017|0.0000||0.20|11|0.01|6
GME211203P00430000||||||44||||0|0|0|-1.0000|0.0000|-0.0118|0.0013|0.0000||251.30|1|245.50|11
GME211203C00440000|0.08|0.08|0.08|0.05|0.08|45|0.03|0.6000|1|70|1|1|0.0001|0.0000|0.0000|-0.0078|0.0000||0.02|1|0.01|11
GME211203P00440000||||||45||||0|0|0|-1.0000|0.0000|-0.0121|0.0014|0.0000||261.30|1|255.50|11
GME211203C00450000|0.02|0.02|0.01|0.03|0.01|46|-0.02|-0.6667|5|483|9|15|0.4512|0.0018|0.0423|-1.1339|0.2350||0.06|1|0.01|15
GME211203P00450000||||||46||||0|0|0|-1.0000|0.0000|-0.0123|0.0014|0.0000||271.30|1|265.55|1
GME211203C00460000|0.11|0.11|0.01|0.02|0.01|47|-0.01|-0.5000|-1|59|1|7|0.0000|0.0000|0.0000|-0.0003|0.0000||0.05|1|0.01|1
GME211203P00460000||||||47||||0|0|0|-1.0000|0.0000|-0.0126|0.0014|0.0000||281.30|1|275.50|10
GME211203C00470000|0.01|0.01|0.01|0.07|0.01|48|-0.06|-0.8571|-57|191|9|9|0.0000|0.0000|0.0000|-0.0003|0.0000||0.05|1|0.01|1
GME211203P00470000||||||48||||0|0|0|-1.0000|0.0000|-0.0258|0.0014|0.0000||291.30|1|285.50|10
GME211203C00480000|0.05|0.06|0.05|0.04|0.06|49|0.02|0.5000|1|91|1|2|0.0001|0.0000|0.0000|-0.0045|0.0000||0.17|2|0.00|0
GME211203P00480000||||||49||||0|0|0|-1.0000|0.0000|-0.0132|0.0015|0.0000||301.30|1|295.50|10
GME211203C00490000||||0.06|0.06|50|0.00|0.0000|16|250|0|0|0.5498|0.0014|0.0411|-1.4188|0.2349||0.03|2|0.01|1
GME211203P00490000||||||50||||0|0|0|-1.0000|0.0000|-0.0134|0.0015|0.0000||311.30|1|305.50|10
GME211203C00500000|0.05|0.05|0.01|0.05|0.03|51|-0.02|-0.4000|1|1370|1|22|0.0000|0.0000|0.0000|-0.0014|0.0000||0.03|4|0.01|4
GME211203P00500000||||||51||||0|0|0|-1.0000|0.0000|-0.0274|0.0015|0.0000||321.30|1|315.50|10
GME211203C00510000|0.04|0.10|0.01|0.05|0.02|52|-0.03|-0.6000|217|5698|5|594|0.0000|0.0000|0.0000|-0.0007|0.0000||0.02|11|0.01|11
GME211203P00510000||||||52||||0|0|0|-1.0000|0.0000|-0.0140|0.0016|0.0000||331.30|1|325.50|10
GME211210C00100000||||86.01|86.01|14|0.00|0.0000|0|1|0|0|0.8635|0.0010|0.0584|-0.5130|0.1410||84.60|11|79.15|26
GME211210P00100000|0.57|0.79|0.34|0.57|0.48|14|-0.09|-0.1579|65|210|1|87|-0.0142|0.0007|-0.0006|-0.1197|0.0097||0.60|15|0.38|1
GME211210C00110000||||76.13|76.13|13|0.00|0.0000|0|2|0|0|0.9143|0.0020|0.0199|-0.7750|0.0421||74.90|10|69.40|10
GME211210P00110000|0.85|0.85|0.60|0.71|0.60|13|-0.11|-0.1549|50|206|1|21|-0.0198|0.0010|-0.0009|-0.1416|0.0129||0.58|1|0.42|15
GME211210C00120000||||76.03|76.03|12|0.00|0.0000|0|1|0|0|0.8376|0.0022|0.0170|-1.6981|0.0660||65.10|1|59.80|1
GME211210P00120000|0.60|1.31|0.60|0.95|1.00|12|0.05|0.0526|2|96|4|178|-0.0348|0.0017|-0.0015|-0.2134|0.0207||1.13|15|0.80|1
GME211210C00130000||||||11||||0|0|0|1.0000|0.0000|0.0285|-0.0004|0.0000||55.55|10|50.25|1
GME211210P00130000|1.30|2.00|1.00|1.50|1.45|11|-0.05|-0.0333|20|431|1|82|-0.0634|0.0029|-0.0032|-0.2977|0.0355||1.61|14|1.20|36
GME211210C00140000||||56.44|56.44|10|0.00|0.0000|0|29|0|0|0.7844|0.0034|0.0191|-1.5668|0.0787||46.20|10|41.15|1
GME211210P00140000|2.30|3.20|1.75|2.49|2.18|10|-0.31|-0.1245|47|299|1|410|-0.0862|0.0042|-0.0038|-0.3675|0.0423||2.27|1|1.89|27
GME211210C00145000||||||9|||||0|0|1.0000|0.0000|0.0318|-0.0005|0.0000||41.45|10|37.05|15
GME211210P00145000|2.60|3.60|2.60|2.60|2.80|9|0.20|0.0769|||1|18|-0.1113|0.0052|-0.0049|-0.4321|0.0510||3.00|10|2.70|1
GME211210C00150000|37.50|37.50|34.20|47.05|34.20|8|-12.85|-0.2731|0|19|1|2|0.8760|0.0063|0.0275|-0.4166|0.0550||37.15|11|32.85|11
GME211210P00150000|3.00|5.00|2.81|3.70|3.50|8|-0.20|-0.0541|51|220|60|617|-0.1403|0.0063|-0.0062|-0.4919|0.0599||3.85|11|3.30|16
GME211210C00155000||||58.70|58.70|7|0.00|0.0000|0|45|0|0|0.7146|0.0029|0.0160|-2.4571|0.0913||33.00|11|28.90|11
GME211210P00155000|4.95|6.40|4.10|4.95|4.65|7|-0.30|-0.0606|94|195|1|77|-0.1808|0.0075|-0.0080|-0.5794|0.0707||5.00|21|4.20|20
GME211210C00160000||||29.75|29.75|6|0.00|0.0000|0|204|0|0|0.7433|0.0075|0.0232|-0.8640|0.0866||29.10|11|25.60|11
GME211210P00160000|5.00|8.20|5.00|6.00|5.80|6|-0.20|-0.0333|153|386|2|229|-0.2231|0.0087|-0.0099|-0.6421|0.0802||6.25|22|5.35|28
GME211210C00165000|21.75|21.75|21.75|23.22|21.75|5|-1.47|-0.0633|2|2|1|1|0.7499|0.0109|0.0252|-0.5816|0.0854||25.50|11|22.05|11
GME211210P00165000|7.65|10.05|6.48|7.75|7.35|5|-0.40|-0.0516|18|320|1|120|-0.3307|0.0044|-0.1051|-0.3225|0.2336||7.90|22|6.70|39
GME211210C00170000|24.00|24.00|17.52|20.07|20.20|4|0.13|0.0065|11|16|1|20|0.6448|0.0046|0.1005|-0.3298|0.2400||22.15|11|19.05|11
GME211210P00170000|8.54|12.29|7.15|8.90|9.07|4|0.17|0.0191|-2|360|1|301|-0.3272|0.0107|-0.0148|-0.7593|0.0970||9.65|15|8.15|1
GME211210C00175000|19.14|19.20|13.80|18.40|17.18|3|-1.22|-0.0663|7|25|1|69|0.6147|0.0114|0.0208|-0.8026|0.1028||17.95|1|16.20|11
GME211210P00175000|9.55|15.25|9.50|11.66|10.95|3|-0.71|-0.0609|117|418|1|405|-0.3845|0.0116|-0.0175|-0.7866|0.1027||11.70|4|10.40|42
GME211210C00177500|16.27|16.27|15.85|16.27|15.85|2|-0.42|-0.0258|||10|27|0.5851|0.0116|0.0199|-0.8180|0.1048||17.60|1|14.90|12
GME211210P00177500|11.31|16.03|11.00|11.31|12.55|2|1.24|0.1096|||7|252|-0.3917|0.0047|-0.1272|-0.3397|0.2476||12.85|13|11.55|29
GME211210C00180000|14.20|18.25|11.72|14.75|14.20|1|-0.55|-0.0373|58|79|1|355|0.5549|0.0121|0.0191|-0.8055|0.1062||15.85|1|14.25|10
GME211210P00180000|13.00|17.50|11.63|14.30|13.30|1|-1.00|-0.0699|117|606|1|470|-0.4451|0.0121|-0.0204|-0.8083|0.1062||14.10|14|12.75|32
GME211210C00182500|15.85|15.85|10.82|15.85|13.40|1|-2.45|-0.1546|||1|83|0.5257|0.0119|0.0181|-0.8339|0.1070||14.95|13|12.65|13
GME211210P00182500|14.38|19.00|14.17|14.38|15.15|1|0.77|0.0535|||6|211|-0.4736|0.0117|-0.0219|-0.8454|0.1070||15.70|5|13.70|13
GME211210C00185000|15.95|15.95|9.20|12.60|12.66|2|0.06|0.0048|53|108|3|107|0.5738|0.0048|0.0919|-0.3515|0.2527||13.55|13|11.65|13
GME211210P00185000|14.53|20.50|14.50|17.01|16.25|2|-0.76|-0.0447|61|358|1|149|-0.5042|0.0120|-0.0234|-0.8299|0.1072||17.35|14|15.25|13
GME211210C00187500|15.35|15.35|9.15|11.00|11.44|3|0.44|0.0400|9|19|1|78|0.4687|0.0117|0.0162|-0.8438|0.1069||12.35|6|10.50|14
GME211210P00187500|16.10|18.90|16.10|15.45|17.83|3|2.38|0.1540|45|127|5|141|-0.5324|0.0118|-0.0249|-0.8345|0.1069||18.90|14|16.40|14
GME211210C00190000|12.50|13.20|8.50|10.75|10.60|4|-0.15|-0.0140|10|96|1|186|0.4418|0.0115|0.0154|-0.8448|0.1061||11.35|4|9.85|7
GME211210P00190000|20.96|23.00|17.84|21.52|19.55|4|-1.97|-0.0915|50|428|1|103|-0.5589|0.0116|-0.0263|-0.8399|0.1061||20.30|12|18.05|4
GME211210C00192500|11.15|11.65|7.78|9.50|10.00|5|0.50|0.0526|33|65|1|57|0.5416|0.0047|0.0874|-0.3619|0.2557||10.55|8|8.65|14
GME211210P00192500|18.46|21.45|18.46|22.09|21.35|5|-0.74|-0.0335|14|86|5|60|-0.4599|0.0048|-0.1550|-0.3576|0.2558||22.10|12|19.55|5
GME211210C00195000|10.22|11.43|7.00|9.70|8.91|6|-0.79|-0.0814|76|134|1|221|0.3888|0.0112|0.0136|-0.8238|0.1030||9.20|1|8.40|1
GME211210P00195000|20.40|23.92|20.40|22.97|22.88|6|-0.09|-0.0039|41|190|9|135|-0.6113|0.0112|-0.0291|-0.8224|0.1030||23.75|12|22.00|2
GME211210C00197500|8.80|9.30|7.50|9.50|8.26|7|-1.24|-0.1305|10|46|1|64|0.3652|0.0108|0.0128|-0.8156|0.1011||8.65|13|7.40|38
GME211210P00197500|24.85|24.85|24.48|19.25|24.48|7|5.23|0.2717|27|104|5|15|-0.6382|0.0110|-0.0306|-0.7988|0.1007||25.70|11|23.25|10
GME211210C00200000|8.80|10.00|6.00|7.80|7.25|8|-0.55|-0.0705|82|634|1|299|0.3361|0.0107|0.0119|-0.7751|0.0981||7.70|1|7.05|10
GME211210P00200000|25.18|31.28|24.10|27.05|26.33|8|-0.72|-0.0266|-20|659|2|44|-0.6613|0.0106|-0.0319|-0.7858|0.0983||27.45|11|25.05|4
GME211210C00202500|8.75|8.75|6.10|7.25|8.00|9|0.75|0.1034|3|67|1|22|0.3364|0.0097|0.0117|-0.8590|0.0981||7.35|8|5.85|17
GME211210P00202500|27.95|27.95|27.95|26.32|27.95|9|1.63|0.0619|15|48|1|1|-0.6881|0.0104|-0.0333|-0.7497|0.0951||29.35|11|26.70|10
GME211210C00205000|7.30|7.44|5.28|6.79|5.85|10|-0.94|-0.1384|26|159|1|44|0.2871|0.0101|0.0102|-0.7170|0.0916||6.75|8|5.70|30
GME211210P00205000|27.42|32.21|26.88|31.25|30.85|10|-0.40|-0.0128|2|177|1|10|-0.6770|0.0092|-0.0379|-0.7753|0.1023||31.40|11|28.30|10
GME211210C00207500|5.55|7.35|5.10|5.55|5.72|11|0.17|0.0306|4|68|1|18|0.2746|0.0096|0.0098|-0.7269|0.0896||6.25|11|5.05|17
GME211210P00207500|29.52|32.00|29.52|28.58|31.10|11|2.52|0.0882|-5|18|1|3|-0.7459|0.0099|-0.0364|-0.6465|0.0862||33.40|11|30.35|11
GME211210C00210000|7.00|7.00|4.50|5.82|5.15|12|-0.67|-0.1151|10|309|1|69|0.2533|0.0092|0.0090|-0.6954|0.0860||5.80|10|4.85|24
GME211210P00210000|34.85|38.38|34.47|36.62|34.54|12|-2.08|-0.0568|-4|105|2|20|-0.7339|0.0090|-0.0366|-0.7471|0.0882||35.90|21|32.30|11
GME211210C00212500|6.00|6.00|4.40|5.55|5.00|13|-0.55|-0.0991|54|83|1|34|0.2420|0.0087|0.0086|-0.6982|0.0839||5.40|12|4.30|20
GME211210P00212500|33.64|37.87|33.64|32.63|37.87|13|5.24|0.1606|-1|38|2|3|-0.7255|0.0083|-0.0370|-0.8376|0.0896||38.00|11|34.45|11
GME211210C00215000|3.95|5.75|3.95|5.09|4.43|14|-0.66|-0.1297|6|165|1|41|0.2211|0.0084|0.0079|-0.6577|0.0798||4.75|1|4.40|1
GME211210P00215000|42.73|42.73|37.79|40.77|37.79|14|-2.98|-0.0731|-4|34|1|2|-0.7874|0.0084|-0.0395|-0.6233|0.0780||39.80|11|36.55|11
GME211210C00217500|5.45|5.45|4.28|5.55|4.50|15|-1.05|-0.1892|3|30|1|4|0.2163|0.0079|0.0077|-0.6780|0.0788||4.70|11|3.70|38
GME211210P00217500|42.22|42.22|42.15|28.08|42.15|15|14.07|0.5011|0|25|1|3|-0.7525|0.0077|-0.0390|-0.8135|0.0850||42.30|21|38.70|11
GME211210C00220000|5.00|5.35|3.57|4.80|3.90|16|-0.90|-0.1875|47|401|1|246|0.1951|0.0076|0.0070|-0.6266|0.0741||4.40|8|3.65|18
GME211210P00220000|39.30|42.63|39.30|42.99|42.22|16|-0.77|-0.0179|0|155|1|3|-0.8131|0.0076|-0.0415|-0.5926|0.0722||44.60|11|40.90|11
GME211210C00222500|4.55|4.55|3.50|4.14|3.65|17|-0.49|-0.1184|5|63|50|93|0.4300|0.0045|0.0713|-0.3763|0.2532||4.15|17|3.40|15
GME211210P00222500|46.47|46.97|46.47|33.35|46.97|17|13.62|0.4084|0|45|6|10|-0.7672|0.0070|-0.0407|-0.8300|0.0822||46.85|11|42.40|11
GME211210C00225000|4.28|4.60|3.20|4.05|3.45|18|-0.60|-0.1481|16|334|4|37|0.1727|0.0069|0.0062|-0.5949|0.0687||3.90|28|3.00|25
GME211210P00225000|47.35|47.35|47.35|47.49|47.35|18|-0.14|-0.0029|2|461|1|1|-0.8189|0.0069|-0.0429|-0.6300|0.0708||49.25|11|44.60|22
GME211210C00227500|4.25|4.25|3.22|3.65|3.35|19|-0.30|-0.0822|2|23|1|5|0.1655|0.0065|0.0059|-0.5913|0.0669||3.70|21|2.99|29
GME211210P00227500||||34.06|34.06|19|0.00|0.0000|0|35|0|0|-0.9931|0.0012|-0.0496|-0.0190|0.0052||51.55|11|47.10|21
GME211210C00230000|4.00|4.05|2.55|3.55|3.09|20|-0.46|-0.1296|9|393|4|67|0.1714|0.0063|0.0068|-0.5726|0.0725||3.25|1|2.83|16
GME211210P00230000||||41.51|41.51|20|0.00|0.0000|-1|38|0|0|-0.6415|0.0050|-0.2265|-0.3052|0.2408||53.90|11|49.60|21
GME211210C00232500|3.60|3.90|2.69|3.00|2.69|21|-0.31|-0.1033|-19|30|1|9|0.1385|0.0059|0.0050|-0.5205|0.0594||3.30|16|2.57|18
GME211210P00232500|56.09|56.09|56.09|49.93|56.09|21|6.16|0.1234|1|11|5|5|-0.8025|0.0060|-0.0441|-0.7974|0.0747||56.25|11|52.10|21
GME211210C00235000|3.40|3.55|2.49|3.15|2.78|22|-0.37|-0.1175|-30|902|1|41|0.4048|0.0041|0.0664|-0.3952|0.2498||3.05|1|2.44|28
GME211210P00235000|57.29|58.42|57.29|45.86|58.42|22|12.56|0.2739|0|36|5|6|-0.8096|0.0058|-0.0449|-0.7910|0.0730||58.70|11|54.60|11
GME211210C00237500|2.69|2.69|2.69|2.90|2.69|23|-0.21|-0.0724|0|18|1|3|0.1321|0.0054|0.0047|-0.5319|0.0575||2.99|32|2.34|32
GME211210P00237500||||48.03|48.03|23|0.00|0.0000|1|25|0|0|-0.9256|0.0044|-0.0493|-0.2794|0.0378||61.10|11|56.90|11
GME211210C00240000|2.82|3.60|2.47|2.84|2.92|24|0.08|0.0282|20|330|3|107|0.1360|0.0052|0.0048|-0.5693|0.0586||2.88|36|2.14|71
GME211210P00240000|58.15|58.15|58.15|45.67|58.15|24|12.48|0.2733|0|33|1|1|-0.9041|0.0047|-0.0491|-0.3830|0.0458||63.45|11|59.35|10
GME211210C00245000|3.23|3.23|2.20|2.56|2.20|25|-0.36|-0.1406|4|172|5|17|0.1094|0.0046|0.0039|-0.4747|0.0503||2.50|1|1.99|30
GME211210P00245000||||50.19|50.19|25|0.00|0.0000|0|23|0|0|-0.9899|0.0012|-0.0533|-0.0377|0.0072||68.15|11|64.20|1
GME211210C00250000|3.15|3.20|1.90|2.35|2.01|26|-0.34|-0.1447|-1|2190|1|311|0.0989|0.0042|0.0035|-0.4506|0.0468||2.25|9|1.99|1
GME211210P00250000||||60.35|60.35|26|0.00|0.0000|1|15|0|0|-0.9816|0.0017|-0.0541|-0.0751|0.0122||72.80|11|68.80|1
GME211210C00255000|2.37|2.37|1.80|2.20|2.02|27|-0.18|-0.0818|12|65|4|25|0.0955|0.0039|0.0034|-0.4586|0.0456||2.14|14|1.65|21
GME211210P00255000||||40.40|40.40|27|0.00|0.0000|0|5|0|0|-0.9992|0.0001|-0.0559|-0.0026|0.0008||77.80|21|73.50|10
GME211210C00260000|3.10|3.10|1.65|2.20|1.73|28|-0.47|-0.2136|-16|936|2|101|0.0830|0.0035|0.0030|-0.4143|0.0411||1.99|12|1.52|21
GME211210P00260000||||69.85|69.85|28|0.00|0.0000|1|22|0|0|-0.9818|0.0015|-0.0563|-0.0830|0.0120||82.80|11|77.35|1
GME211210C00270000|2.00|2.02|1.48|1.82|1.60|29|-0.22|-0.1209|16|220|40|61|0.0737|0.0031|0.0026|-0.3992|0.0375||1.74|9|1.43|2
GME211210P00270000||||75.18|75.18|29|0.00|0.0000|0|14|0|0|-0.9479|0.0026|-0.0573|-0.2753|0.0287||92.75|11|87.00|11
GME211210C00280000|1.83|1.83|1.19|1.50|1.40|30|-0.10|-0.0667|22|226|1|34|0.0631|0.0026|0.0023|-0.3671|0.0333||1.69|20|1.36|1
GME211210P00280000||||84.53|84.53|30|0.00|0.0000|0|1|0|0|-0.9591|0.0021|-0.0599|-0.2315|0.0236||102.60|1|96.80|1
GME211210C00290000|1.45|1.47|1.22|1.49|1.25|31|-0.24|-0.1611|9|150|10|34|0.0551|0.0023|0.0020|-0.3416|0.0299||1.59|27|1.05|10
GME211210P00290000||||82.25|82.25|31|0.00|0.0000|0|7|0|0|-0.9973|0.0003|-0.0635|-0.0147|0.0023||112.45|10|106.60|10
GME211210C00300000|1.28|1.36|1.05|1.24|1.11|32|-0.13|-0.1048|-171|876|2|353|0.0480|0.0020|0.0017|-0.3155|0.0268||1.16|1|1.05|10
GME211210P00300000||||76.00|76.00|32|0.00|0.0000|0|14|0|0|-0.9996|0.0001|-0.0657|-0.0013|0.0004||122.35|10|116.45|1
GME211210C00310000|1.10|1.10|0.95|1.06|0.95|33|-0.11|-0.1038|3|156|1|120|0.0408|0.0017|0.0015|-0.2820|0.0235||1.11|1|0.95|9
GME211210P00310000||||83.61|83.61|33|0.00|0.0000|0|4|0|0|-0.9994|0.0001|-0.0679|-0.0026|0.0005||132.25|10|126.55|1
GME211210C00320000|1.00|1.00|0.90|0.99|0.93|34|-0.06|-0.0606|11|274|1|15|0.0384|0.0016|0.0014|-0.2799|0.0224||1.01|10|0.81|10
GME211210P00320000||||89.47|89.47|34|0.00|0.0000|0|3|0|0|-0.9341|0.0021|-0.3901|-0.0845|0.0826||142.15|1|136.25|1
GME211210C00330000|0.89|0.92|0.72|1.05|0.72|35|-0.33|-0.3143|26|263|1|25|0.0399|0.0015|0.0016|-0.2715|0.0245||1.00|37|0.56|39
GME211210P00330000||||||35||||0|0|0|-1.0000|0.0000|-0.0723|0.0011|0.0000||152.05|1|146.15|1
GME211210C00340000|0.80|0.84|0.75|0.87|0.75|36|-0.12|-0.1379|2|88|2|14|0.0397|0.0014|0.0016|-0.2829|0.0244||0.79|5|0.48|21
GME211210P00340000||||||36||||0|0|0|-1.0000|0.0000|-0.0745|0.0011|0.0000||161.95|1|156.10|1
GME211210C00350000|1.05|1.05|0.64|0.76|0.69|37|-0.07|-0.0921|-501|388|10|62|0.0272|0.0011|0.0010|-0.2245|0.0169||0.72|10|0.47|11
GME211210P00350000||||||37||||0|0|0|-1.0000|0.0000|-0.0767|0.0011|0.0000||171.90|1|166.05|10
GME211210C00360000|0.62|0.68|0.61|0.63|0.61|38|-0.02|-0.0317|5|87|1|5|0.0239|0.0010|0.0008|-0.2041|0.0151||0.69|7|0.45|3
GME211210P00360000||||||38||||0|0|0|-1.0000|0.0000|-0.4536|0.0012|0.0000||181.85|1|176.00|10
GME211210C00370000||||0.75|0.75|39|0.00|0.0000|-3|21|0|0|0.0274|0.0010|0.0010|-0.2437|0.0170||0.66|26|0.49|1
GME211210P00370000||||||39||||0|0|0|-1.0000|0.0000|-0.0811|0.0012|0.0000||191.75|1|185.95|10
GME211210C00380000|0.62|0.62|0.54|0.52|0.54|40|0.02|0.0385|6|51|1|4|0.0204|0.0008|0.0007|-0.1861|0.0132||0.62|27|0.32|27
GME211210P00380000||||||40||||0|0|0|-1.0000|0.0000|-0.0833|0.0012|0.0000||201.70|1|195.95|1
GME211210C00390000|0.55|0.55|0.49|0.59|0.49|41|-0.10|-0.1695|3|47|1|5|0.0183|0.0007|0.0006|-0.1722|0.0121||0.55|15|0.29|12
GME211210P00390000||||||41||||0|0|0|-1.0000|0.0000|-0.4914|0.0013|0.0000||211.65|1|205.90|20
GME211210C00400000|0.72|0.72|0.38|0.57|0.45|42|-0.12|-0.2105|-207|426|3|102|0.0166|0.0007|0.0006|-0.1608|0.0111||0.47|10|0.29|9
GME211210P00400000||||||42||||0|0|0|-1.0000|0.0000|-0.0877|0.0013|0.0000||221.60|1|215.90|20
GME211210C00410000|0.49|0.49|0.36|0.38|0.44|43|0.06|0.1579|6|52|2|12|0.0159|0.0006|0.0006|-0.1584|0.0107||0.44|1|0.22|3
GME211210P00410000||||||43||||0|0|0|-1.0000|0.0000|-0.1011|0.0013|0.0000||231.60|10|225.90|10
GME211210C00420000|0.50|0.55|0.34|0.42|0.40|44|-0.02|-0.0476|11|169|3|11|0.0143|0.0006|0.0005|-0.1464|0.0098||0.44|16|0.33|4
GME211210P00420000||||||44||||0|0|0|-1.0000|0.0000|-0.0921|0.0014|0.0000||241.60|1|235.90|10
GME211210C00430000|0.34|0.40|0.31|0.38|0.40|45|0.02|0.0526|17|42|1|302|0.0140|0.0005|0.0005|-0.1467|0.0096||0.43|1|0.33|2
GME211210P00430000||||||45||||0|0|0|-1.0000|0.0000|-0.5418|0.0014|0.0000||251.50|10|245.90|1
GME211210C00440000|0.52|0.52|0.32|0.30|0.36|46|0.06|0.2000|0|33|4|38|0.0125|0.0005|0.0004|-0.1344|0.0087||0.43|16|0.29|1
GME211210P00440000||||||46||||0|0|0|-1.0000|0.0000|-0.0964|0.0014|0.0000||261.50|10|255.95|1
GME211210C00450000|0.24|0.37|0.23|0.31|0.37|47|0.06|0.1935|6|98|2|216|0.0126|0.0005|0.0004|-0.1378|0.0087||0.37|16|0.27|2
GME211210P00450000||||||47||||0|0|0|-1.0000|0.0000|-0.0986|0.0015|0.0000||271.40|1|265.90|1
GME211210C00460000|0.30|0.30|0.27|0.27|0.27|48|0.00|0.0000|1|18|1|4|0.0142|0.0005|0.0006|-0.1415|0.0103||0.37|33|0.14|13
GME211210P00460000||||||48||||0|0|0|-1.0000|0.0000|-0.1008|0.0015|0.0000||281.50|10|275.90|1
GME211210C00470000|0.34|0.34|0.21|0.28|0.22|49|-0.06|-0.2143|3|15|6|9|0.0119|0.0004|0.0005|-0.1210|0.0088||0.37|36|0.13|14
GME211210P00470000||||||49||||0|0|0|-1.0000|0.0000|-0.5922|0.0015|0.0000||291.45|10|285.90|1
GME211210C00480000|0.40|0.40|0.25|0.25|0.25|50|0.00|0.0000|7|32|3|4|0.0085|0.0003|0.0003|-0.0986|0.0062||0.37|37|0.10|15
GME211210P00480000||||||50||||0|0|0|-1.0000|0.0000|-0.1052|0.0016|0.0000||301.35|1|295.90|1
GME211210C00490000|0.30|0.35|0.24|0.40|0.24|51|-0.16|-0.4000|4|91|1|17|0.0123|0.0004|0.0005|-0.1307|0.0091||0.30|7|0.09|29
GME211210P00490000||||||51||||0|0|0|-1.0000|0.0000|-0.1074|0.0016|0.0000||311.40|10|305.80|20
GME211210C00500000|0.38|0.38|0.19|0.38|0.26|52|-0.12|-0.3158|-12|856|4|72|0.0082|0.0003|0.0003|-0.0996|0.0060||0.25|10|0.18|3
GME211210P00500000||||||52||||0|0|0|-1.0000|0.0000|-0.1096|0.0016|0.0000||321.30|1|315.80|20
GME211210C00510000|0.55|0.55|0.11|0.37|0.18|53|-0.19|-0.5135|139|2025|4|260|0.0061|0.0002|0.0002|-0.0744|0.0046||0.25|20|0.18|4
GME211210P00510000||||||53||||0|0|0|-1.0000|0.0000|-0.1118|0.0017|0.0000||331.35|10|325.80|10
GME211217C00080000|94.56|94.56|94.56|110.26|94.56|20|-15.70|-0.1424|0|1|1|1|0.9082|0.0009|0.0224|-0.9081|0.0627||104.45|11|99.20|16
GME211217P00080000|0.47|0.47|0.32|0.30|0.35|20|0.05|0.1667|26|349|3|8|-0.0659|0.0010|-0.0248|-0.1564|0.0887||0.52|13|0.16|36
GME211217C00085000||||95.85|95.85|19|0.00|0.0000|0|1|0|0|0.9720|0.0008|0.0346|-0.1641|0.0244||99.55|10|94.10|25
GME211217P00085000|0.45|0.45|0.42|0.35|0.43|19|0.08|0.2286|1|122|2|5|-0.0118|0.0005|-0.0010|-0.0680|0.0113||0.45|1|0.32|1
GME211217C00090000||||137.00|137.00|18|0.00|0.0000|0|4|0|0|0.9030|0.0005|0.0117|-1.7831|0.0652||94.65|10|89.20|26
GME211217P00090000|0.49|0.53|0.49|0.46|0.53|18|0.07|0.1522|0|66|1|5|-0.0150|0.0006|-0.0013|-0.0804|0.0139||0.67|22|0.39|10
GME211217C00100000|79.94|79.94|79.69|114.96|79.69|17|-35.27|-0.3068|0|49|1|2|0.9992|0.0001|0.0410|-0.0035|0.0010||84.90|11|79.45|11
GME211217P00100000|0.80|0.81|0.50|0.78|0.76|17|-0.02|-0.0256|126|869|6|486|-0.0009|0.0001|-0.0001|-0.0038|0.0012||0.81|10|0.59|2
GME211217C00105000||||66.05|66.05|16|0.00|0.0000|0|1|0|0|0.9984|0.0002|0.0430|-0.0065|0.0019||80.00|1|74.55|1
GME211217P00105000|0.87|0.95|0.86|0.78|0.86|16|0.08|0.1026|-2|89|2|56|-0.0017|0.0002|-0.0001|-0.0065|0.0020||0.98|11|0.66|10
GME211217C00110000||||73.25|73.25|15|0.00|0.0000|0|1|0|0|0.9974|0.0002|0.0450|-0.0093|0.0029||75.15|11|69.80|1
GME211217P00110000|0.89|1.40|0.89|0.82|1.02|15|0.20|0.2439|2|375|1|259|-0.0040|0.0003|-0.0003|-0.0134|0.0046||1.17|10|0.79|19
GME211217C00115000||||112.11|112.11|14|0.00|0.0000|0|2|0|0|0.9957|0.0004|0.0469|-0.0141|0.0046||70.30|1|65.05|1
GME211217P00115000|1.34|1.45|1.21|0.68|1.21|14|0.53|0.7794|0|148|1|19|-0.0059|0.0005|-0.0005|-0.0191|0.0062||1.40|10|0.97|20
GME211217C00120000||||64.15|64.15|13|0.00|0.0000|24|51|0|0|0.9201|0.0024|0.1495|-0.0854|0.1028||65.55|1|60.30|11
GME211217P00120000|1.37|1.55|1.37|1.34|1.39|13|0.05|0.0373|17|153|3|14|-0.0101|0.0008|-0.0008|-0.0304|0.0099||1.66|10|1.18|27
GME211217C00125000||||79.68|79.68|12|0.00|0.0000|0|35|0|0|0.8983|0.0029|0.1496|-0.1035|0.1230||60.80|11|55.70|1
GME211217P00125000|1.55|1.88|1.55|1.56|1.88|12|0.32|0.2051|-4|205|3|6|-0.0210|0.0014|-0.0018|-0.0551|0.0192||2.06|11|1.48|41
GME211217C00130000||||55.70|55.70|11|0.00|0.0000|0|10|0|0|0.9753|0.0018|0.0514|-0.0628|0.0213||56.20|11|51.00|1
GME211217P00130000|1.86|2.65|1.80|2.20|2.21|11|0.01|0.0045|9|195|1|45|-0.0287|0.0020|-0.0023|-0.0734|0.0242||2.52|23|1.85|41
GME211217C00135000||||90.47|90.47|10|0.00|0.0000|0|3|0|0|0.9596|0.0027|0.0522|-0.0944|0.0319||51.65|10|46.65|1
GME211217P00135000|2.62|2.72|2.62|2.75|2.72|10|-0.03|-0.0109|0|140|1|12|-0.0434|0.0028|-0.0035|-0.1018|0.0339||2.99|11|2.30|37
GME211217C00140000|40.15|44.07|40.15|47.75|44.07|9|-3.68|-0.0771|1|146|1|2|0.9410|0.0037|0.0528|-0.1259|0.0433||46.95|11|42.50|11
GME211217P00140000|3.26|4.39|3.00|3.21|3.50|9|0.29|0.0903|11|549|5|320|-0.0704|0.0039|-0.0061|-0.1442|0.0513||3.65|11|2.96|47
GME211217C00145000||||96.94|96.94|8|0.00|0.0000|0|57|0|0|0.9122|0.0049|0.0525|-0.1718|0.0587||42.70|11|38.55|11
GME211217P00145000|4.18|4.18|3.35|4.15|4.02|8|-0.13|-0.0313|16|211|1|26|-0.0949|0.0050|-0.0077|-0.1886|0.0622||4.65|14|3.75|3
GME211217C00150000|35.91|35.91|35.91|35.85|35.91|7|0.06|0.0017|0|71|1|1|0.8762|0.0063|0.0515|-0.2219|0.0752||38.65|11|34.45|11
GME211217P00150000|4.25|6.92|4.00|5.25|5.05|7|-0.20|-0.0381|86|1619|100|361|-0.1290|0.0063|-0.0106|-0.2341|0.0775||5.60|11|4.75|16
GME211217C00155000|35.95|35.95|30.10|42.74|30.10|6|-12.64|-0.2957|0|11|1|2|0.8360|0.0077|0.0502|-0.2666|0.0910||34.75|11|31.15|11
GME211217P00155000|4.10|8.13|4.10|6.88|6.54|6|-0.34|-0.0494|13|308|2|26|-0.1752|0.0075|-0.0155|-0.2757|0.0981||6.95|14|5.90|35
GME211217C00160000|25.00|29.27|25.00|38.33|29.27|5|-9.06|-0.2364|-1|97|2|4|0.7894|0.0090|0.0483|-0.3090|0.1063||31.10|11|27.85|11
GME211217P00160000|6.80|10.00|6.40|8.40|7.75|5|-0.65|-0.0774|26|650|19|1061|-0.2221|0.0087|-0.0198|-0.3183|0.1132||8.45|14|7.35|22
GME211217C00165000|24.60|24.60|24.60|34.08|24.60|4|-9.48|-0.2782|0|82|1|1|0.7335|0.0101|0.0455|-0.3568|0.1209||27.80|11|24.65|11
GME211217P00165000|8.60|10.85|8.60|10.05|9.77|4|-0.28|-0.0279|22|307|1|13|-0.2703|0.0099|-0.0227|-0.3683|0.1218||10.35|24|9.00|27
GME211217C00170000||||23.22|23.22|3|0.00|0.0000|-2|117|0|0|0.6420|0.0060|0.1256|-0.2186|0.2583||24.65|13|21.65|13
GME211217P00170000|11.28|14.80|10.85|11.92|11.75|3|-0.17|-0.0143|291|1083|1|121|-0.3276|0.0107|-0.0278|-0.4070|0.1329||12.25|14|11.20|1
GME211217C00175000|21.90|21.90|16.27|21.60|20.50|2|-1.10|-0.0509|-22|188|1|11|0.6159|0.0117|0.0392|-0.4168|0.1406||21.85|24|19.00|13
GME211217P00175000|15.80|16.43|12.98|14.30|14.33|2|0.03|0.0021|18|703|1|27|-0.3854|0.0113|-0.0329|-0.4297|0.1407||14.75|26|13.10|15
GME211217C00180000|21.00|21.00|14.24|17.51|17.98|1|0.47|0.0268|17|465|1|52|0.5551|0.0120|0.0357|-0.4329|0.1454||18.90|11|16.55|17
GME211217P00180000|15.35|20.86|15.00|17.60|17.10|1|-0.50|-0.0284|199|1062|1|50|-0.4439|0.0114|-0.0410|-0.4285|0.1501||17.20|14|15.35|17
GME211217C00185000|17.00|18.25|12.92|16.00|15.00|1|-1.00|-0.0625|13|268|1|31|0.4952|0.0121|0.0322|-0.4391|0.1468||15.85|1|14.35|26
GME211217P00185000|17.32|23.60|17.00|19.85|19.25|1|-0.60|-0.0302|1|269|1|64|-0.5033|0.0119|-0.0438|-0.4470|0.1468||20.10|16|17.90|16
GME211217C00187500|15.87|15.87|15.87|14.09|15.87|2|1.78|0.1263|15|39|1|2|0.5668|0.0046|0.1036|-0.3183|0.2721||15.45|13|13.35|16
GME211217P00187500|20.48|20.48|19.77|21.85|19.77|2|-2.08|-0.0952|15|115|1|2|-0.5157|0.0101|-0.0463|-0.5235|0.1467||21.80|16|19.65|1
GME211217C00190000|15.00|16.15|10.20|13.65|13.83|3|0.18|0.0132|83|239|1|108|0.4378|0.0119|0.0287|-0.4365|0.1450||14.45|13|12.40|16
GME211217P00190000|20.10|26.92|20.10|22.75|22.61|3|-0.14|-0.0062|3|450|1|18|-0.5590|0.0116|-0.0493|-0.4471|0.1452||23.50|16|21.20|12
GME211217C00192500|12.74|12.74|12.50|12.10|12.50|4|0.40|0.0331|20|28|1|2|0.4458|0.0094|0.0282|-0.5548|0.1455||13.50|13|11.50|16
GME211217P00192500|24.00|24.00|24.00|24.70|24.00|4|-0.70|-0.0283|7|112|1|1|-0.5535|0.0093|-0.0509|-0.5570|0.1455||25.05|14|22.80|10
GME211217C00195000|13.00|13.35|11.09|11.79|11.09|5|-0.70|-0.0594|18|148|1|8|0.3846|0.0114|0.0253|-0.4278|0.1406||12.65|13|10.75|16
GME211217P00195000|29.90|31.30|23.65|25.08|25.45|5|0.37|0.0148|8|423|1|146|-0.6116|0.0112|-0.0546|-0.4375|0.1410||26.85|14|24.45|12
GME211217C00197500|12.50|13.00|10.39|10.50|10.80|6|0.30|0.0286|33|38|1|49|0.4026|0.0092|0.0257|-0.5435|0.1424||11.70|3|10.15|16
GME211217P00197500||||27.65|27.65|6|0.00|0.0000|1|93|0|0|-0.4852|0.0049|-0.1891|-0.3058|0.2758||28.65|12|26.15|11
GME211217C00200000|11.05|12.80|8.47|10.50|10.05|7|-0.45|-0.0429|134|1099|2|1520|0.3366|0.0107|0.0223|-0.4146|0.1343||10.80|1|9.55|21
GME211217P00200000|28.60|32.77|28.10|28.61|29.20|7|0.59|0.0206|4|1921|1|21|-0.6582|0.0105|-0.0596|-0.4262|0.1351||30.45|12|27.90|1
GME211217C00202500|10.60|10.80|9.79|10.00|9.79|8|-0.21|-0.0210|5|18|1|31|0.3681|0.0087|0.0235|-0.5455|0.1387||10.05|18|8.80|25
GME211217P00202500|30.45|30.45|30.45|24.10|30.45|8|6.35|0.2635|0|116|1|1|-0.6403|0.0090|-0.0601|-0.5202|0.1377||32.25|12|29.20|12
GME211217C00205000|10.00|10.05|7.47|9.40|8.75|9|-0.65|-0.0691|16|57|1|24|0.3441|0.0087|0.0221|-0.5216|0.1355||9.40|19|7.95|30
GME211217P00205000|36.08|36.08|33.98|33.95|33.98|9|0.03|0.0009|6|165|10|11|-0.6365|0.0081|-0.0612|-0.5781|0.1382||34.20|12|31.45|10
GME211217C00207500|10.20|10.20|7.35|9.03|8.90|10|-0.13|-0.0144|12|28|1|8|0.4770|0.0047|0.0909|-0.3153|0.2755||8.80|20|7.65|39
GME211217P00207500||||21.30|21.30|10|0.00|0.0000|0|181|0|0|-0.9549|0.0068|-0.0820|-0.0436|0.0349||36.10|11|33.05|12
GME211217C00210000|10.25|10.25|6.70|9.00|7.50|11|-1.50|-0.1667|323|845|1|69|0.2478|0.0093|0.0166|-0.3592|0.1164||8.25|1|7.35|23
GME211217P00210000|40.00|40.70|36.95|40.00|36.95|11|-3.05|-0.0763|7|226|1|18|-0.7472|0.0092|-0.0694|-0.3690|0.1176||38.30|11|35.00|12
GME211217C00212500|6.50|6.50|6.50|7.88|6.50|12|-1.38|-0.1751|1|22|1|1|0.2816|0.0082|0.0184|-0.4646|0.1242||7.90|22|6.75|40
GME211217P00212500|42.25|42.25|42.25|27.00|42.25|12|15.25|0.5648|0|59|4|4|-0.5027|0.0040|-0.2198|-0.3780|0.2760||40.20|11|37.05|12
GME211217C00215000|8.03|8.03|6.90|7.33|6.90|13|-0.43|-0.0587|3|93|1|6|0.2818|0.0077|0.0182|-0.4945|0.1243||7.45|25|6.35|41
GME211217P00215000|38.00|46.00|38.00|32.68|42.25|13|9.57|0.2928|0|99|1|4|-0.5333|0.0043|-0.2252|-0.3424|0.2750||42.45|11|39.05|12
GME211217C00217500|7.20|7.20|7.20|7.75|7.20|14|-0.55|-0.0710|18|38|1|1|0.2805|0.0073|0.0180|-0.5196|0.1240||7.00|24|6.00|40
GME211217P00217500|47.80|47.80|47.80|34.55|47.80|14|13.25|0.3835|0|23|1|1|-0.4992|0.0036|-0.2292|-0.4114|0.2760||44.35|11|41.10|12
GME211217C00220000|6.89|7.58|5.30|6.70|6.50|15|-0.20|-0.0299|257|1902|1|69|0.1791|0.0076|0.0121|-0.2999|0.0963||6.65|26|5.70|53
GME211217P00220000|46.55|46.55|46.55|42.02|46.55|15|4.53|0.1078|-1|445|1|1|-0.8132|0.0076|-0.0778|-0.3155|0.0988||46.55|11|43.25|12
GME211217C00222500|7.50|7.50|6.60|5.85|6.60|16|0.75|0.1282|1|67|1|4|0.2581|0.0068|0.0166|-0.5100|0.1189||6.25|20|5.40|29
GME211217P00222500|52.45|52.95|48.85|31.45|49.15|16|17.70|0.5628|0|10|2|15|-0.7165|0.0066|-0.0735|-0.5823|0.1246||48.90|11|45.40|12
GME211217C00225000|6.35|6.35|5.50|6.00|5.80|17|-0.20|-0.0333|6|105|1|19|0.2375|0.0067|0.0154|-0.4769|0.1138||5.95|21|5.05|40
GME211217P00225000|48.50|49.64|48.50|32.35|49.64|17|17.29|0.5345|0|31|2|4|-0.7552|0.0066|-0.0767|-0.4959|0.1157||51.05|11|47.60|12
GME211217C00227500|5.60|5.60|5.60|5.85|5.60|18|-0.25|-0.0427|-1|8|1|1|0.2286|0.0065|0.0148|-0.4734|0.1114||5.70|26|4.80|37
GME211217P00227500|51.86|51.86|51.86|48.05|51.86|18|3.81|0.0793|17|60|2|2|-0.7549|0.0063|-0.0830|-0.4860|0.1195||53.35|11|49.80|12
GME211217C00230000|5.65|6.40|4.85|5.33|5.09|19|-0.24|-0.0450|-3|431|1|59|0.1322|0.0060|0.0090|-0.2524|0.0788||5.40|1|4.65|37
GME211217P00230000|54.21|54.21|54.21|49.83|54.21|19|4.38|0.0879|-10|63|1|1|-0.8541|0.0062|-0.0903|-0.2649|0.0870||55.60|11|52.05|12
GME211217C00232500|4.50|4.50|4.45|5.20|4.45|20|-0.75|-0.1442|3|80|1|3|0.1950|0.0061|0.0127|-0.4188|0.1015||5.20|28|4.35|34
GME211217P00232500||||53.30|53.30|20|0.00|0.0000|0|19|0|0|-0.8528|0.0059|-0.0857|-0.2976|0.0848||57.75|11|54.40|12
GME211217C00235000|5.70|5.70|5.14|4.79|5.14|21|0.35|0.0731|17|74|1|6|0.2065|0.0058|0.0133|-0.4671|0.1050||5.00|23|4.25|16
GME211217P00235000||||54.70|54.70|21|0.00|0.0000|43|60|0|0|-0.6968|0.0052|-0.2769|-0.2199|0.2417||60.30|11|56.70|12
GME211217C00240000|4.37|4.78|4.21|4.70|4.35|22|-0.35|-0.0745|-4|308|1|85|0.0929|0.0047|0.0063|-0.1975|0.0612||4.65|29|3.80|38
GME211217P00240000|65.50|65.50|65.50|65.23|65.50|22|0.27|0.0041|8|54|1|1|-0.9000|0.0048|-0.0918|-0.2136|0.0646||65.15|21|61.05|12
GME211217C00245000|4.75|4.75|3.95|4.10|3.98|23|-0.12|-0.0293|5|87|1|162|0.3709|0.0041|0.0712|-0.3313|0.2614||4.30|20|3.50|29
GME211217P00245000|71.40|71.40|71.40|56.01|71.40|23|15.39|0.2748|-5|49|2|5|-0.7548|0.0050|-0.0856|-0.6601|0.1158||69.85|11|65.70|12
GME211217C00250000|4.46|4.75|3.45|4.00|3.70|24|-0.30|-0.0750|14|1169|3|123|0.0661|0.0036|0.0045|-0.1549|0.0473||4.05|30|3.40|22
GME211217P00250000||||73.53|73.53|24|0.00|0.0000|-1|56|0|0|-0.9295|0.0037|-0.0979|-0.1652|0.0497||74.65|21|70.40|12
GME211217C00255000|3.60|3.60|3.41|3.60|3.60|25|0.00|0.0000|-1|355|1|6|0.1481|0.0045|0.0096|-0.4001|0.0851||3.80|27|3.10|30
GME211217P00255000||||39.75|39.75|25|0.00|0.0000|0|5|0|0|-0.9989|0.0002|-0.1047|-0.0016|0.0014||79.40|11|75.10|22
GME211217C00260000|3.55|3.85|3.20|3.59|3.40|26|-0.19|-0.0529|30|516|1|36|0.0463|0.0027|0.0032|-0.1183|0.0357||3.50|10|3.00|43
GME211217P00260000|78.20|78.20|78.20|72.05|78.20|26|6.15|0.0854|0|21|1|1|-0.9501|0.0028|-0.1034|-0.1271|0.0379||84.25|21|80.10|10
GME211217C00270000|3.25|3.25|2.74|3.19|2.82|27|-0.37|-0.1160|18|541|1|283|0.0340|0.0020|0.0023|-0.0940|0.0278||3.15|10|2.71|19
GME211217P00270000||||65.35|65.35|27|0.00|0.0000|0|49|0|0|-0.9570|0.0023|-0.1152|-0.1119|0.0348||93.95|21|89.80|10
GME211217C00280000|3.29|3.29|2.57|2.55|2.63|28|0.08|0.0314|7|2032|1|210|0.1856|0.0037|0.0400|-0.1817|0.1850||2.86|24|2.39|27
GME211217P00280000||||91.00|91.00|28|0.00|0.0000|0|10|0|0|-0.9721|0.0016|-0.1131|-0.0823|0.0236||103.70|11|99.50|10
GME211217C00290000|2.60|2.69|2.48|2.43|2.57|29|0.14|0.0576|3|522|1|45|0.1697|0.0034|0.0366|-0.1752|0.1749||2.59|10|2.15|32
GME211217P00290000||||68.50|68.50|29|0.00|0.0000|0|25|0|0|-0.9775|0.0013|-0.1176|-0.0705|0.0197||113.55|1|107.85|11
GME211217C00300000|2.55|2.60|2.04|2.35|2.15|30|-0.20|-0.0851|199|5147|2|782|0.1543|0.0032|0.0334|-0.1671|0.1644||2.35|9|2.02|5
GME211217P00300000|125.00|125.00|125.00|116.00|125.00|30|9.00|0.0776|0|20|4|5|-0.9807|0.0011|-0.1301|-0.0603|0.0179||123.40|11|117.60|11
GME211217C00310000|2.10|2.40|2.03|2.21|2.03|31|-0.18|-0.0814|-1|369|1|16|0.0103|0.0007|0.0007|-0.0365|0.0101||2.21|22|1.80|30
GME211217P00310000||||102.75|102.75|31|0.00|0.0000|0|3|0|0|-0.8510|0.0030|-0.4180|-0.1686|0.1606||133.30|1|127.45|20
GME211217C00320000|2.00|2.04|1.73|2.00|1.73|32|-0.27|-0.1350|4|407|1|46|0.0079|0.0005|0.0006|-0.0295|0.0080||2.06|36|1.65|36
GME211217P00320000||||96.00|96.00|32|0.00|0.0000|0|17|0|0|-0.9904|0.0006|-0.1308|-0.0349|0.0095||143.20|1|137.45|11
GME211217C00330000||||1.75|1.75|33|0.00|0.0000|28|213|0|0|0.1198|0.0026|0.0260|-0.1470|0.1382||1.75|1|1.46|35
GME211217P00330000||||159.50|159.50|33|0.00|0.0000|0|3|0|0|-0.9926|0.0005|-0.1351|-0.0280|0.0076||153.10|1|147.30|10
GME211217C00340000|2.00|2.00|1.60|1.53|1.60|34|0.07|0.0458|5|232|2|4|0.0050|0.0003|0.0003|-0.0203|0.0053||1.73|10|1.37|15
GME211217P00340000||||126.85|126.85|34|0.00|0.0000|0|7|0|0|-0.9942|0.0004|-0.1393|-0.0226|0.0061||163.00|1|157.20|11
GME211217C00350000|1.75|1.84|1.40|1.75|1.40|35|-0.35|-0.2000|13|990|1|47|0.0053|0.0003|0.0004|-0.0212|0.0058||1.63|10|1.23|25
GME211217P00350000||||133.85|133.85|35|0.00|0.0000|0|4|0|0|-0.9952|0.0003|-0.1435|-0.0193|0.0052||172.90|1|167.10|11
GME211217C00360000|1.50|1.60|1.37|1.58|1.37|36|-0.21|-0.1329|0|308|4|8|0.0035|0.0002|0.0002|-0.0154|0.0039||1.51|10|1.13|25
GME211217P00360000||||||36|||0|0|0|0|-0.9959|0.0003|-0.1477|-0.0168|0.0044||182.80|1|177.00|10
GME211217C00370000|1.45|1.45|1.45|1.97|1.45|37|-0.52|-0.2640|0|447|1|1|0.0040|0.0003|0.0003|-0.0171|0.0045||1.47|38|1.04|38
GME211217P00370000||||172.65|172.65|37|0.00|0.0000|0|3|0|0|-0.9954|0.0003|-0.1618|-0.0184|0.0051||192.70|1|186.90|11
GME211217C00380000|1.60|1.60|1.20|1.36|1.20|38|-0.16|-0.1176|1|169|1|2|0.0026|0.0002|0.0002|-0.0121|0.0029||1.46|43|0.99|37
GME211217P00380000||||165.60|165.60|38|0.00|0.0000|0|17|0|0|-0.9971|0.0002|-0.1560|-0.0123|0.0032||202.60|1|196.80|11
GME211217C00390000|1.18|1.18|1.18|1.38|1.18|39|-0.20|-0.1449|0|192|1|1|0.0023|0.0002|0.0002|-0.0111|0.0026||1.46|35|1.00|3
GME211217P00390000||||||39|||0|0|0|0|-0.9975|0.0002|-0.1601|-0.0110|0.0029||212.55|1|206.70|10
GME211217C00400000|1.20|1.39|1.01|1.29|1.08|40|-0.21|-0.1628|16|1166|10|84|0.0018|0.0001|0.0001|-0.0091|0.0021||1.46|33|1.00|3
GME211217P00400000||||198.90|198.90|40|0.00|0.0000|0|3|0|0|-0.9977|0.0001|-0.1642|-0.0101|0.0026||222.45|1|216.55|11
GME211217C00410000|1.00|1.00|1.00|1.22|1.00|41|-0.22|-0.1803|1|204|1|1|0.0015|0.0001|0.0001|-0.0076|0.0018||1.11|10|0.76|26
GME211217P00410000||||190.90|190.90|41|0.00|0.0000|0|3|0|0|-0.9980|0.0001|-0.1683|-0.0088|0.0023||232.40|10|226.50|1
GME211217C00420000|1.37|1.37|0.90|1.16|0.95|42|-0.21|-0.1810|-1|539|1|15|0.0013|0.0001|0.0001|-0.0068|0.0016||1.10|36|0.59|72
GME211217P00420000||||189.85|189.85|42|0.00|0.0000|0|16|0|0|-0.9988|0.0001|-0.1725|-0.0048|0.0014||242.30|1|236.45|11
GME211217C00430000|0.97|0.97|0.97|1.08|0.97|43|-0.11|-0.1019|0|208|7|7|0.0011|0.0001|0.0001|-0.0061|0.0014||1.04|18|0.59|24
GME211217P00430000||||244.20|244.20|43|0.00|0.0000|0|0|0|0|-0.9281|0.0015|-0.6089|-0.1166|0.0948||252.25|1|246.40|10
GME211217C00440000||||1.15|1.15|44|0.00|0.0000|4|472|0|0|0.0010|0.0001|0.0001|-0.0053|0.0012||0.90|10|0.59|5
GME211217P00440000||||||44|||0|0|0|0|-0.9992|0.0001|-0.1808|-0.0028|0.0010||262.20|1|256.35|10
GME211217C00450000|1.03|1.03|0.76|1.02|0.79|45|-0.23|-0.2255|5|684|1|9|0.0008|0.0001|0.0001|-0.0043|0.0010||0.80|6|0.55|3
GME211217P00450000||||||45|||0|0|0|0|-0.9993|0.0000|-0.1849|-0.0024|0.0009||272.15|1|266.40|1
GME211217C00460000|1.11|1.11|0.68|1.02|0.76|46|-0.26|-0.2549|-133|1136|1|12|0.0007|0.0001|0.0001|-0.0043|0.0009||0.90|35|0.60|1
GME211217P00460000||||261.60|261.60|46|0.00|0.0000|0|5|0|0|-0.9372|0.0013|-0.6544|-0.1082|0.0854||282.10|10|276.15|1
GME211217C00470000|0.90|0.90|0.78|0.84|0.78|47|-0.06|-0.0714|0|189|1|11|0.0268|0.0008|0.0017|-0.1657|0.0228||0.85|24|0.46|22
GME211217P00470000||||||47||||0|0|0|-1.0000|0.0000|-0.1931|0.0016|0.0000||292.05|1|286.10|11
GME211217C00480000|0.82|0.82|0.60|0.67|0.60|48|-0.07|-0.1045|7|224|10|17|0.0215|0.0007|0.0014|-0.1349|0.0189||0.68|3|0.44|4
GME211217P00480000||||264.21|264.21|48|0.00|0.0000|0|7|0|0|-0.9796|0.0006|-0.1959|-0.1268|0.0182||302.00|10|296.10|11
GME211217C00490000|1.01|1.01|0.52|0.86|0.52|49|-0.34|-0.3953|1|97|6|9|0.0189|0.0006|0.0012|-0.1206|0.0169||0.65|4|0.39|14
GME211217P00490000||||274.04|274.04|49|0.00|0.0000|0|7|0|0|-0.9813|0.0006|-0.2002|-0.1180|0.0168||311.95|1|306.05|20
GME211217C00500000|0.90|0.90|0.48|0.80|0.50|50|-0.30|-0.3750|-5|2488|13|103|0.0180|0.0006|0.0012|-0.1173|0.0163||0.79|15|0.50|8
GME211217P00500000||||290.05|290.05|50|0.00|0.0000|0|7|0|0|-0.7564|0.0019|-0.6848|-0.4756|0.2168||321.90|1|316.05|10
GME211217C00510000|0.72|0.96|0.44|0.72|0.53|51|-0.19|-0.2639|101|1366|1|171|0.0186|0.0006|0.0012|-0.1232|0.0167||0.74|17|0.44|5
GME211217P00510000||||277.97|277.97|51|0.00|0.0000|0|0|0|0|-0.9941|0.0002|-0.2092|-0.0371|0.0062||331.85|1|326.00|10
GME211223C00100000||||80.77|80.77|14|0.00|0.0000|-2|14|0|0|0.9765|0.0009|0.0547|-0.0788|0.0242||85.15|11|79.70|1
GME211223P00100000|0.90|0.90|0.88|0.80|0.88|14|0.08|0.1000|7|116|10|11|-0.0262|0.0010|-0.0031|-0.0884|0.0265||1.29|13|0.45|11
GME211223C00110000||||||13||||0|0|0|1.0000|0.0000|0.0633|-0.0004|0.0000||75.55|10|70.15|1
GME211223P00110000|0.80|1.33|0.80|1.69|1.33|13|-0.36|-0.2130|6|28|10|20|-0.0407|0.0015|-0.0049|-0.1196|0.0381||1.25|1|0.88|10
GME211223C00120000||||103.35|103.35|12|0.00|0.0000|0|1|0|0|0.8276|0.0012|0.0276|-1.3224|0.1112||65.95|10|60.70|1
GME211223P00120000||||1.15|1.15|12|0.00|0.0000|0|25|0|0|-0.0455|0.0020|-0.0056|-0.1050|0.0427||2.20|11|1.40|10
GME211223C00130000||||||11||||0|0|0|1.0000|0.0000|0.0784|-0.0005|0.0000||56.80|10|51.60|1
GME211223P00130000|2.84|2.84|2.69|2.33|2.69|11|0.36|0.1545|4|72|1|111|-0.0879|0.0032|-0.0105|-0.1894|0.0695||3.35|13|2.14|11
GME211223C00140000||||||10||||0|0|0|1.0000|0.0000|0.0805|-0.0005|0.0000||47.80|10|43.15|10
GME211223P00140000|4.10|4.40|4.10|3.90|4.40|10|0.50|0.1282|11|40|1|2|-0.1369|0.0045|-0.0165|-0.2568|0.0955||4.80|11|3.50|1
GME211223C00145000||||||9|||||0|0|1.0000|0.0000|0.0834|-0.0005|0.0000||43.95|20|39.25|1
GME211223P00145000||||||9|||||0|0|0.0000|0.0000|0.0000|0.0000|0.0000||5.80|11|4.20|16
GME211223C00150000||||55.90|55.90|8|0.00|0.0000|0|4|0|0|0.7320|0.0031|0.0463|-0.7991|0.1468||39.95|11|35.30|1
GME211223P00150000|4.80|7.60|4.10|6.45|6.07|8|-0.38|-0.0589|82|206|1|56|-0.1939|0.0058|-0.0247|-0.2951|0.1225||7.00|11|5.25|15
GME211223C00155000||||57.05|57.05|7|0.00|0.0000|0|10|0|0|0.7145|0.0030|0.0422|-0.9300|0.1480||36.25|1|31.70|21
GME211223P00155000|8.65|9.55|8.65|3.81|9.30|7|5.49|1.4409|0|111|8|18|-0.2457|0.0059|-0.0323|-0.3788|0.1403||8.55|21|6.80|11
GME211223C00160000||||53.80|53.80|6|0.00|0.0000|0|12|0|0|0.6972|0.0030|0.0437|-0.9123|0.1556||32.70|1|28.35|21
GME211223P00160000|10.28|11.60|8.10|9.59|9.45|6|-0.14|-0.0146|14|61|3|9|-0.2679|0.0070|-0.0330|-0.3671|0.1434||10.20|11|8.30|10
GME211223C00165000||||||5||||0|0|0|1.0000|0.0000|0.0949|-0.0006|0.0000||29.45|2|25.35|21
GME211223P00165000||||11.60|11.60|5|0.00|0.0000|12|21|0|0|-0.3097|0.0074|-0.0386|-0.3986|0.1536||12.20|1|10.15|10
GME211223C00170000||||25.94|25.94|4|0.00|0.0000|11|15|0|0|0.6468|0.0074|0.0528|-0.4438|0.1618||26.45|21|22.45|10
GME211223P00170000||||14.35|14.35|4|0.00|0.0000|2|33|0|0|-0.3525|0.0076|-0.0447|-0.4341|0.1617||14.35|1|11.55|20
GME211223C00175000||||19.00|19.00|3|0.00|0.0000|1|3|0|0|0.6098|0.0098|0.0529|-0.3575|0.1671||23.50|1|19.80|20
GME211223P00175000|13.64|17.35|13.50|16.30|15.02|3|-1.28|-0.0785|30|54|9|42|-0.3925|0.0086|-0.0493|-0.4096|0.1674||16.85|21|13.80|1
