symbol|open|high|low|preClose|close|activeLevel|change|changeRatio|openIntChange|openInterest|latestPriceVol|volume|delta|gamma|rho|theta|vega|tradeStamptradeTime|ask|avol|bid|bvol
GME211210C00100000|67.07|72.35|67.00|65.54|70.90|10|5.36|0.0818|1|2|44|215|0.9516|0.0017|0.0124|-0.6011|0.0199||72.00|14|69.00|10
GME211210P00100000|1.49|2.05|1.22|1.45|1.23|10|-0.22|-0.1517|481|720|1|2720|-0.0449|0.0016|-0.0012|-0.5471|0.0187||1.24|25|1.20|2
GME211210C00110000||||76.13|76.13|9|0.00|0.0000|0|2|0|0|0.8292|0.0020|0.0088|-3.1677|0.0502||62.05|15|59.15|3
GME211210P00110000|1.65|2.30|1.55|1.80|1.55|9|-0.25|-0.1389|89|304|1|746|-0.0603|0.0023|-0.0016|-0.6211|0.0237||1.60|2|1.46|20
GME211210C00120000|51.40|51.40|51.40|56.97|51.40|8|-5.57|-0.0978|0|1|1|1|0.9182|0.0033|0.0143|-0.6969|0.0299||53.10|15|49.60|2
GME211210P00120000|2.50|2.90|1.86|2.43|1.86|8|-0.57|-0.2346|529|792|1|1113|-0.0807|0.0033|-0.0021|-0.6843|0.0296||2.03|1|1.86|1
GME211210C00130000|38.97|43.65|38.97|38.97|41.19|7|2.22|0.0570|0|0|1|11|0.9076|0.0045|0.0154|-0.6032|0.0328||43.40|16|40.50|10
GME211210P00130000|3.25|3.85|2.40|3.10|2.59|7|-0.51|-0.1645|414|845|1|725|-0.1128|0.0048|-0.0029|-0.7684|0.0378||2.92|22|2.36|16
GME211210C00140000|30.25|34.35|30.25|29.50|34.35|6|4.85|0.1644|5|34|1|17|0.8093|0.0064|0.0141|-1.1551|0.0538||33.40|4|31.10|10
GME211210P00140000|4.70|5.50|3.35|4.30|3.40|6|-0.90|-0.2093|290|731|1|984|-0.1605|0.0068|-0.0042|-0.8753|0.0482||3.75|7|3.30|13
GME211210C00145000|28.00|29.62|25.50|24.75|29.62|5|4.87|0.1968|8|8|1|17|0.7837|0.0076|0.0141|-1.1325|0.0580||30.30|17|27.05|10
GME211210P00145000|5.25|6.55|4.15|5.20|4.20|5|-1.00|-0.1923|108|123|1|407|-0.1972|0.0082|-0.0051|-0.9410|0.0548||4.50|12|4.00|8
GME211210C00150000|25.89|26.40|22.00|24.62|24.00|4|-0.62|-0.0252|53|73|1|42|0.7366|0.0086|0.0135|-1.2397|0.0645||25.30|24|23.60|14
GME211210P00150000|6.90|8.20|4.99|6.25|5.30|4|-0.95|-0.1520|435|895|1|874|-0.2399|0.0094|-0.0063|-1.0300|0.0615||5.65|9|4.85|97
GME211210C00155000|21.89|23.00|21.80|23.55|21.80|3|-1.75|-0.0743|13|58|6|9|0.6978|0.0099|0.0132|-1.2352|0.0690||23.55|38|19.80|14
GME211210P00155000|8.20|9.73|6.25|8.00|6.35|3|-1.65|-0.2063|127|371|1|402|-0.2938|0.0109|-0.0077|-1.0920|0.0680||6.75|20|6.35|1
GME211210C00160000|18.50|19.60|15.00|21.00|18.09|2|-2.91|-0.1386|50|254|1|37|0.6463|0.0111|0.0125|-1.2470|0.0735||19.05|31|16.60|14
GME211210P00160000|10.40|11.85|7.45|9.45|8.10|2|-1.35|-0.1429|56|497|1|797|-0.3464|0.0122|-0.0091|-1.1197|0.0730||8.25|1|7.80|12
GME211210C00165000|16.50|16.85|12.35|18.15|14.46|1|-3.69|-0.2033|57|60|1|197|0.5875|0.0120|0.0116|-1.2621|0.0770||14.55|10|13.65|23
GME211210P00165000|12.95|14.18|9.35|10.85|10.05|1|-0.80|-0.0737|22|384|1|611|-0.4113|0.0130|-0.0109|-1.1643|0.0770||10.10|1|9.85|15
GME211210C00170000|12.80|14.60|10.00|14.85|11.60|1|-3.25|-0.2189|156|177|1|676|0.5228|0.0131|0.0105|-1.2069|0.0788||11.80|9|11.05|9
GME211210P00170000|15.35|17.00|11.40|13.48|11.75|1|-1.73|-0.1283|154|595|7|387|-0.4808|0.0142|-0.0127|-1.1194|0.0788||12.50|1|11.90|23
GME211210C00175000|10.15|11.91|8.30|13.46|9.09|2|-4.37|-0.3247|199|272|1|392|0.4559|0.0134|0.0093|-1.1758|0.0784||9.40|11|8.80|4
GME211210P00175000|18.75|19.50|14.40|16.00|14.85|2|-1.15|-0.0719|-4|518|1|202|-0.5477|0.0138|-0.0147|-1.1375|0.0784||15.60|16|13.95|47
GME211210C00177500|12.00|12.00|7.50|12.00|8.00|3|-4.00|-0.3333|20|47|1|191|0.4209|0.0135|0.0086|-1.1347|0.0774||8.60|57|7.70|10
GME211210P00177500|20.35|20.35|16.05|22.55|16.86|3|-5.69|-0.2523|32|266|1|50|-0.5747|0.0131|-0.0156|-1.1718|0.0775||17.70|23|15.30|48
GME211210C00180000|8.40|10.00|6.50|11.20|7.39|4|-3.81|-0.3402|98|404|1|619|0.3932|0.0130|0.0081|-1.1412|0.0761||7.85|75|7.00|5
GME211210P00180000|21.67|23.10|17.55|19.50|18.26|4|-1.24|-0.0636|-75|630|1|77|-0.6199|0.0138|-0.0168|-1.0481|0.0753||18.80|14|17.15|11
GME211210C00182500|7.53|8.70|6.00|9.20|6.90|5|-2.30|-0.2500|82|148|3|137|0.3686|0.0124|0.0076|-1.1495|0.0746||6.80|52|6.10|15
GME211210P00182500|21.20|23.00|19.50|26.97|20.00|5|-6.97|-0.2584|27|232|1|24|-0.6377|0.0127|-0.0175|-1.1060|0.0742||20.75|18|18.60|15
GME211210C00185000|7.00|8.00|5.30|9.00|5.74|6|-3.26|-0.3622|114|246|2|598|0.3331|0.0123|0.0069|-1.0709|0.0719||5.95|23|5.40|29
GME211210P00185000|24.00|26.95|21.36|22.22|21.36|6|-0.86|-0.0387|13|469|1|125|-0.6746|0.0127|-0.0186|-1.0241|0.0712||22.40|17|20.15|49
GME211210C00187500|5.05|7.05|4.70|8.15|5.10|7|-3.05|-0.3742|18|82|1|109|0.3059|0.0119|0.0064|-1.0349|0.0694||5.40|72|4.70|18
GME211210P00187500|24.95|28.00|24.95|29.08|28.00|7|-1.08|-0.0371|3|259|3|7|-0.6187|0.0092|-0.0182|-1.5753|0.0754||24.85|12|22.10|12
GME211210C00190000|6.42|6.71|4.25|8.00|4.55|8|-3.45|-0.4313|151|350|1|441|0.2822|0.0113|0.0059|-1.0065|0.0668||4.65|11|4.30|15
GME211210P00190000|27.48|30.38|25.16|29.43|25.16|8|-4.27|-0.1451|14|512|1|32|-0.7272|0.0116|-0.0203|-0.9533|0.0657||26.15|12|24.15|27
GME211210C00192500|5.25|5.85|4.05|6.25|4.10|9|-2.15|-0.3440|0|88|1|71|0.2575|0.0108|0.0054|-0.9603|0.0638||4.20|27|3.75|14
GME211210P00192500|30.60|30.60|27.83|35.21|27.83|9|-7.38|-0.2096|4|122|2|7|-0.7327|0.0107|-0.0208|-1.0152|0.0651||28.15|12|25.75|22
GME211210C00195000|6.25|6.25|3.50|6.43|3.60|10|-2.83|-0.4401|42|292|1|262|0.2309|0.0104|0.0048|-0.8940|0.0602||3.70|25|3.40|2
GME211210P00195000|31.53|33.73|27.93|35.56|28.29|10|-7.27|-0.2044|18|303|1|13|-0.8068|0.0106|-0.0226|-0.7116|0.0541||30.65|20|27.80|22
GME211210C00197500|4.90|4.90|3.24|6.00|3.35|11|-2.65|-0.4417|21|127|1|103|0.2183|0.0097|0.0046|-0.8943|0.0583||3.40|29|3.05|29
GME211210P00197500|34.54|34.54|31.95|36.83|33.48|11|-3.35|-0.0910|1|120|4|15|-0.7337|0.0091|-0.0216|-1.1823|0.0649||33.15|20|29.40|19
GME211210C00200000|4.30|5.20|2.84|5.67|2.88|12|-2.79|-0.4921|954|1728|1|2054|0.1951|0.0092|0.0041|-0.8276|0.0546||2.98|5|2.80|5
GME211210P00200000|36.41|39.35|33.64|43.50|33.81|12|-9.69|-0.2228|19|699|3|35|-0.8019|0.0091|-0.0232|-0.8523|0.0549||35.65|20|31.45|15
GME211210C00202500|4.30|4.35|2.59|5.15|2.65|13|-2.50|-0.4854|17|94|1|104|0.1847|0.0086|0.0039|-0.8240|0.0528||2.76|24|2.53|6
GME211210P00202500|35.84|35.84|35.84|45.70|35.84|13|-9.86|-0.2158|-13|35|2|2|-0.8227|0.0086|-0.0240|-0.7889|0.0513||38.15|20|33.55|14
GME211210C00205000|3.50|3.85|2.36|4.74|2.42|14|-2.32|-0.4895|69|238|1|321|0.1695|0.0081|0.0036|-0.7863|0.0500||2.53|30|2.32|8
GME211210P00205000|41.48|41.48|41.48|38.52|41.48|14|2.96|0.0768|4|180|1|1|-0.7425|0.0077|-0.0229|-1.3573|0.0638||40.05|17|35.55|24
GME211210C00207500|3.00|3.35|2.30|4.00|2.30|15|-1.70|-0.4250|4|82|2|39|0.1554|0.0076|0.0033|-0.7543|0.0471||2.41|51|2.14|18
GME211210P00207500|42.18|42.53|42.18|49.37|42.53|15|-6.84|-0.1385|6|26|5|6|-0.7808|0.0076|-0.0240|-1.1501|0.0584||42.50|16|38.05|23
GME211210C00210000|2.99|3.21|2.00|4.02|2.06|16|-1.96|-0.4876|23|359|4|350|0.1455|0.0072|0.0031|-0.7288|0.0452||2.11|13|1.95|12
GME211210P00210000|44.42|46.60|42.55|47.00|46.60|16|-0.40|-0.0085|29|141|2|29|-0.7506|0.0070|-0.0238|-1.4369|0.0628||44.85|16|40.55|15
GME211210C00212500|2.92|2.96|1.88|3.05|1.88|17|-1.17|-0.3836|8|88|1|34|0.1385|0.0068|0.0029|-0.7221|0.0437||1.97|10|1.79|16
GME211210P00212500|48.25|48.25|48.25|44.38|48.25|17|3.87|0.0872|1|38|1|1|-0.7733|0.0068|-0.0246|-1.3243|0.0596||47.35|20|42.65|22
GME211210C00215000|3.35|3.35|1.73|3.50|1.73|18|-1.77|-0.5057|50|216|1|220|0.1309|0.0064|0.0028|-0.7086|0.0421||1.82|10|1.64|23
GME211210P00215000|52.12|52.12|52.12|50.45|52.12|18|1.67|0.0331|41|73|1|1|-0.7495|0.0064|-0.0245|-1.5779|0.0629||49.45|18|45.15|22
GME211210C00217500|3.20|3.20|1.63|2.86|1.70|19|-1.16|-0.4056|5|35|1|14|0.1196|0.0060|0.0025|-0.6669|0.0395||1.71|16|1.53|22
GME211210P00217500|53.30|53.30|53.30|49.60|53.30|19|3.70|0.0746|10|37|1|1|-0.7804|0.0063|-0.0254|-1.3825|0.0585||51.95|20|47.65|22
GME211210C00220000|2.95|2.95|1.50|3.00|1.54|20|-1.46|-0.4867|8|421|22|741|0.1100|0.0056|0.0023|-0.6319|0.0372||1.63|18|1.50|100
GME211210P00220000|54.50|54.85|54.32|55.33|54.32|20|-1.01|-0.0183|9|165|2|5|-0.8191|0.0061|-0.0265|-1.1283|0.0521||54.45|18|50.15|15
GME211210C00222500|2.64|2.64|1.47|2.00|1.50|21|-0.50|-0.2500|4|92|1|85|0.1057|0.0053|0.0022|-0.6285|0.0362||1.54|18|1.40|15
GME211210P00222500||||42.95|42.95|21|0.00|0.0000|1|39|0|0|-0.9972|0.0005|-0.0304|-0.0132|0.0017||56.90|3|52.05|18
GME211210C00225000|2.60|2.60|1.27|2.70|1.39|22|-1.31|-0.4852|124|472|1|237|0.0936|0.0049|0.0020|-0.5726|0.0330||1.42|12|1.31|12
GME211210P00225000|54.45|61.85|54.45|63.55|61.85|22|-1.70|-0.0268|15|477|1|2|-0.7718|0.0056|-0.0264|-1.6255|0.0597||59.30|10|54.55|18
GME211210C00227500|2.19|2.19|1.22|2.10|1.22|23|-0.88|-0.4190|11|35|1|20|0.0890|0.0046|0.0019|-0.5578|0.0318||1.41|22|1.22|28
GME211210P00227500||||34.06|34.06|23|0.00|0.0000|0|35|0|0|-1.0000|0.0000|-0.0312|0.0006|0.0000||61.80|10|56.60|4
GME211210C00230000|2.02|2.02|1.15|2.40|1.23|24|-1.17|-0.4875|75|470|1|245|0.0866|0.0044|0.0018|-0.5600|0.0312||1.26|1|1.21|5
GME211210P00230000||||63.29|63.29|24|0.00|0.0000|-18|20|0|0|-0.8583|0.0052|-0.0286|-0.9724|0.0444||64.00|2|59.10|4
GME211210C00232500|1.97|1.97|1.19|1.90|1.19|25|-0.71|-0.3737|22|55|1|24|0.0875|0.0043|0.0018|-0.5852|0.0315||1.30|19|1.06|26
GME211210P00232500||||68.97|68.97|25|0.00|0.0000|-1|5|0|0|-0.7860|0.0052|-0.0277|-1.6377|0.0577||66.80|10|61.60|4
GME211210C00235000|2.04|2.04|1.09|2.11|1.19|26|-0.92|-0.4360|-34|864|1|123|0.0823|0.0041|0.0017|-0.5643|0.0300||1.24|30|1.04|28
GME211210P00235000||||74.05|74.05|26|0.00|0.0000|-3|32|0|0|-0.7439|0.0049|-0.0274|-2.1095|0.0637||69.00|2|64.10|4
GME211210C00237500|1.67|1.67|1.17|2.00|1.17|27|-0.83|-0.4150|1|20|1|8|0.0784|0.0039|0.0016|-0.5537|0.0289||1.21|20|1.04|21
GME211210P00237500||||76.45|76.45|27|0.00|0.0000|-1|24|0|0|-0.7482|0.0048|-0.0278|-2.1184|0.0631||71.50|2|66.55|6
GME211210C00240000|1.58|1.67|0.96|1.91|0.99|28|-0.92|-0.4817|-15|302|2|170|0.0703|0.0036|0.0015|-0.5043|0.0267||1.15|19|0.97|25
GME211210P00240000|74.06|74.06|71.95|79.00|71.95|28|-7.05|-0.0892|-3|31|1|3|-0.9082|0.0040|-0.0310|-0.6726|0.0326||74.00|2|68.90|4
GME211210C00245000|1.42|1.45|0.90|1.80|0.99|29|-0.81|-0.4500|16|182|1|147|0.0679|0.0034|0.0014|-0.5123|0.0260||1.00|14|0.92|17
GME211210P00245000||||50.19|50.19|29|0.00|0.0000|0|23|0|0|-0.9999|0.0000|-0.0336|0.0001|0.0001||78.85|2|73.90|4
GME211210C00250000|1.50|1.60|0.81|1.71|0.91|30|-0.80|-0.4678|563|2863|1|2241|0.0616|0.0031|0.0013|-0.4853|0.0241||0.93|19|0.90|50
GME211210P00250000|83.20|83.20|80.84|60.35|80.84|30|20.49|0.3395|0|15|1|3|-0.9574|0.0025|-0.0333|-0.3286|0.0179||83.70|15|78.90|7
GME211210C00255000|1.33|1.33|0.58|1.61|0.92|31|-0.69|-0.4286|12|73|1|260|0.0607|0.0029|0.0013|-0.4998|0.0238||0.89|23|0.80|23
GME211210P00255000||||40.40|40.40|31|0.00|0.0000|0|5|0|0|-1.0000|0.0000|-0.0349|0.0008|0.0000||88.50|5|82.80|4
GME211210C00260000|1.45|1.45|0.73|1.44|0.83|32|-0.61|-0.4236|-82|892|1|1293|0.0550|0.0026|0.0011|-0.4696|0.0220||0.81|3|0.80|1
GME211210P00260000||||69.85|69.85|32|0.00|0.0000|0|22|0|0|-0.9994|0.0001|-0.0356|-0.0039|0.0004||93.50|5|88.90|4
GME211210C00270000|0.88|1.15|0.64|1.30|0.80|33|-0.50|-0.3846|-13|180|1|313|0.0508|0.0023|0.0011|-0.4674|0.0207||0.79|20|0.71|2
GME211210P00270000||||103.46|103.46|33|0.00|0.0000|1|15|0|0|-0.8780|0.0034|-0.0346|-1.1955|0.0400||103.50|16|97.75|16
GME211210C00280000|1.14|1.14|0.57|1.08|0.69|34|-0.39|-0.3611|17|259|2|76|0.0429|0.0020|0.0009|-0.4203|0.0180||0.67|15|0.60|12
GME211210P00280000||||112.20|112.20|34|0.00|0.0000|5|6|0|0|-0.9147|0.0028|-0.0366|-0.8667|0.0309||113.55|15|107.70|15
GME211210C00290000|1.09|1.09|0.54|1.10|0.61|35|-0.49|-0.4455|384|555|1|70|0.0376|0.0017|0.0008|-0.3900|0.0162||0.63|22|0.49|22
GME211210P00290000||||82.25|82.25|35|0.00|0.0000|0|7|0|0|-1.0000|0.0000|-0.0397|0.0008|0.0000||123.35|16|117.70|38
GME211210C00300000|0.90|0.95|0.43|1.00|0.51|36|-0.49|-0.4900|291|1210|1|1000|0.0332|0.0015|0.0007|-0.3620|0.0146||0.52|4|0.50|2
GME211210P00300000||||76.00|76.00|36|0.00|0.0000|0|14|0|0|-1.0000|0.0000|-0.0411|0.0010|0.0000||133.40|16|127.70|42
GME211210C00310000|0.93|0.93|0.45|1.00|0.45|37|-0.55|-0.5500|19|283|1|121|0.0283|0.0013|0.0006|-0.3240|0.0128||0.51|16|0.36|16
GME211210P00310000||||83.61|83.61|37|0.00|0.0000|0|4|0|0|-1.0000|0.0000|-0.0425|0.0006|0.0000||143.35|16|137.70|38
GME211210C00320000|1.10|1.10|0.41|0.90|0.41|38|-0.49|-0.5444|1|277|1|100|0.0256|0.0012|0.0005|-0.3055|0.0118||0.50|22|0.39|5
GME211210P00320000||||89.47|89.47|38|0.00|0.0000|0|3|0|0|-1.0000|0.0000|-0.0438|0.0010|0.0000||153.20|16|147.65|41
GME211210C00330000|0.73|0.73|0.41|0.80|0.41|39|-0.39|-0.4875|3|249|10|268|0.0247|0.0011|0.0005|-0.3080|0.0114||0.48|22|0.40|10
GME211210P00330000||||||39||||0|0|0|-1.0000|0.0000|-0.0452|0.0011|0.0000||163.95|15|157.65|38
GME211210C00340000|0.75|0.78|0.34|0.82|0.40|40|-0.42|-0.5122|44|131|1|68|0.0232|0.0010|0.0005|-0.3011|0.0108||0.39|19|0.30|15
GME211210P00340000||||||40||||0|0|0|-1.0000|0.0000|-0.0466|0.0011|0.0000||173.15|17|167.65|16
GME211210C00350000|0.65|0.79|0.33|0.77|0.33|41|-0.44|-0.5714|62|499|1|310|0.0198|0.0009|0.0004|-0.2661|0.0095||0.35|15|0.30|1
GME211210P00350000||||||41||||0|0|0|-1.0000|0.0000|-0.0479|0.0011|0.0000||183.10|17|177.65|17
GME211210C00360000|0.61|0.61|0.29|0.77|0.32|42|-0.45|-0.5844|4|89|1|86|0.0188|0.0008|0.0004|-0.2616|0.0091||0.35|15|0.25|14
GME211210P00360000||||||42||||0|0|0|-1.0000|0.0000|-0.0493|0.0012|0.0000||194.20|15|187.70|39
GME211210C00370000|0.30|0.34|0.29|0.73|0.29|43|-0.44|-0.6027|17|38|1|10|0.0168|0.0007|0.0003|-0.2405|0.0082||0.30|18|0.24|18
GME211210P00370000||||||43||||0|0|0|-1.0000|0.0000|-0.0507|0.0012|0.0000||203.00|16|197.70|42
GME211210C00380000|0.70|0.70|0.24|0.66|0.25|44|-0.41|-0.6212|7|57|1|23|0.0146|0.0006|0.0003|-0.2154|0.0073||0.25|5|0.22|2
GME211210P00380000||||||44||||0|0|0|-1.0000|0.0000|-0.0521|0.0012|0.0000||212.95|16|207.70|42
GME211210C00390000|0.56|0.56|0.26|0.60|0.26|45|-0.34|-0.5667|27|79|1|116|0.0150|0.0006|0.0003|-0.2275|0.0075||0.25|20|0.17|6
GME211210P00390000||||||45||||0|0|0|-1.0000|0.0000|-0.0534|0.0013|0.0000||222.90|16|217.75|15
GME211210C00400000|0.54|0.54|0.20|0.54|0.20|46|-0.34|-0.6296|108|528|1|171|0.0119|0.0005|0.0002|-0.1858|0.0061||0.21|14|0.17|17
GME211210P00400000|230.14|230.14|230.14|230.14|230.14|46|0.00|0.0000|0|0|1|1|-1.0000|0.0000|-0.0548|0.0013|0.0000||232.75|16|227.65|35
GME211210C00410000|0.29|0.29|0.22|0.53|0.22|47|-0.31|-0.5849|11|70|1|60|0.0126|0.0005|0.0003|-0.2014|0.0064||0.19|12|0.16|1
GME211210P00410000||||||47||||0|0|0|-1.0000|0.0000|-0.0562|0.0013|0.0000||242.85|16|237.35|38
GME211210C00420000|0.48|0.48|0.20|0.49|0.20|48|-0.29|-0.5918|7|178|1|91|0.0115|0.0005|0.0002|-0.1880|0.0059||0.17|7|0.13|14
GME211210P00420000||||||48||||0|0|0|-1.0000|0.0000|-0.0575|0.0014|0.0000||254.00|16|247.40|37
GME211210C00430000|0.98|0.98|0.13|0.50|0.13|49|-0.37|-0.7400|2|306|1|10|0.0080|0.0004|0.0002|-0.1336|0.0043||0.28|7|0.12|6
GME211210P00430000||||||49||||0|0|0|-1.0000|0.0000|-0.0589|0.0014|0.0000||263.95|3|257.40|27
GME211210C00440000|0.35|0.42|0.14|0.44|0.14|50|-0.30|-0.6818|13|80|2|18|0.0097|0.0004|0.0002|-0.1667|0.0051||0.15|6|0.01|1
GME211210P00440000||||||50||||0|0|0|-1.0000|0.0000|-0.0603|0.0014|0.0000||275.05|4|267.40|27
GME211210C00450000|0.47|0.47|0.14|0.40|0.14|51|-0.26|-0.6500|8|296|1|588|0.0091|0.0004|0.0002|-0.1594|0.0049||0.16|22|0.11|2
GME211210P00450000||||||51||||0|0|0|-1.0000|0.0000|-0.0616|0.0015|0.0000||283.90|3|277.40|27
GME211210C00460000|0.36|0.36|0.12|0.40|0.14|52|-0.26|-0.6500|48|66|5|119|0.0077|0.0003|0.0002|-0.1373|0.0042||0.20|1|0.11|1
GME211210P00460000||||||52||||0|0|0|-1.0000|0.0000|-0.0630|0.0015|0.0000||293.85|3|287.40|27
GME211210C00470000|0.35|0.35|0.12|0.37|0.12|53|-0.25|-0.6757|1|23|100|311|0.0070|0.0003|0.0001|-0.1272|0.0039||0.66|16|0.01|1
GME211210P00470000||||||53||||0|0|0|-1.0000|0.0000|-0.0644|0.0015|0.0000||304.95|4|297.15|28
GME211210C00480000|0.31|0.48|0.10|0.40|0.10|54|-0.30|-0.7500|40|73|10|133|0.0059|0.0003|0.0001|-0.1099|0.0033||0.20|1|0.08|5
GME211210P00480000||||||54||||0|0|0|-1.0000|0.0000|-0.0658|0.0016|0.0000||314.70|3|307.15|27
GME211210C00490000|0.50|0.50|0.15|0.35|0.15|55|-0.20|-0.5714|8|101|15|59|0.0082|0.0003|0.0002|-0.1539|0.0044||0.17|4|0.08|1
GME211210P00490000||||||55||||0|0|0|-1.0000|0.0000|-0.0671|0.0016|0.0000||324.70|3|317.15|27
GME211210C00500000|0.35|0.35|0.09|0.38|0.09|56|-0.29|-0.7632|43|893|1|154|0.0058|0.0002|0.0001|-0.1109|0.0033||0.10|21|0.09|1
GME211210P00500000||||||56||||0|0|0|-1.0000|0.0000|-0.0685|0.0016|0.0000||334.95|3|327.15|28
GME211210C00510000|0.30|0.34|0.09|0.35|0.11|57|-0.24|-0.6857|329|2355|1|1020|0.0056|0.0002|0.0001|-0.1096|0.0032||0.11|5|0.09|6
GME211210P00510000||||||57||||0|0|0|-1.0000|0.0000|-0.0699|0.0017|0.0000||344.65|3|337.15|27
GME211217C00080000||||94.56|94.56|17|0.00|0.0000|0|2|0|0|0.9257|0.0012|0.0205|-0.6651|0.0430||92.55|4|88.90|3
GME211217P00080000|1.30|1.60|1.00|1.28|1.40|17|0.12|0.0938|256|606|2|466|-0.0349|0.0010|-0.0024|-0.2572|0.0236||1.47|1|1.28|12
GME211217C00085000||||95.85|95.85|16|0.00|0.0000|0|1|0|0|0.8912|0.0013|0.0181|-1.1181|0.0572||87.70|1|83.95|5
GME211217P00085000|1.75|1.77|1.39|1.39|1.39|16|0.00|0.0000|-1|120|1|13|-0.0373|0.0011|-0.0025|-0.2521|0.0250||1.65|1|1.39|15
GME211217C00090000||||137.00|137.00|15|0.00|0.0000|0|4|0|0|0.8827|0.0007|0.0102|-2.1926|0.0602||82.90|5|79.15|12
GME211217P00090000|1.88|1.98|1.52|1.47|1.52|15|0.05|0.0340|73|141|1|47|-0.0430|0.0013|-0.0029|-0.2674|0.0280||1.92|21|1.51|9
GME211217C00100000|67.18|67.18|67.18|79.69|67.18|14|-12.51|-0.1570|0|50|3|3|0.9990|0.0001|0.0328|-0.0043|0.0010||73.10|4|69.50|4
GME211217P00100000|2.04|2.41|1.83|1.90|1.86|14|-0.04|-0.0211|387|1051|2|619|-0.0011|0.0001|-0.0001|-0.0047|0.0012||1.93|10|1.81|4
GME211217C00105000||||66.05|66.05|13|0.00|0.0000|0|1|0|0|0.9978|0.0002|0.0344|-0.0086|0.0021||68.45|17|64.65|12
GME211217P00105000|2.50|2.55|2.01|2.36|2.06|13|-0.30|-0.1271|13|153|1|30|-0.0023|0.0002|-0.0001|-0.0088|0.0022||2.43|8|1.95|18
GME211217C00110000||||73.25|73.25|12|0.00|0.0000|0|1|0|0|0.9961|0.0004|0.0359|-0.0138|0.0035||63.45|11|59.90|8
GME211217P00110000|2.64|3.20|2.22|2.50|2.37|12|-0.13|-0.0520|0|354|3|148|-0.0045|0.0005|-0.0003|-0.0159|0.0041||2.49|7|2.19|5
GME211217C00115000||||112.11|112.11|11|0.00|0.0000|0|2|0|0|0.9933|0.0007|0.0374|-0.0216|0.0057||58.75|10|55.20|8
GME211217P00115000|3.30|3.45|2.62|2.87|2.62|11|-0.25|-0.0871|18|180|2|53|-0.0089|0.0008|-0.0005|-0.0286|0.0074||2.96|9|2.44|11
GME211217C00120000|52.20|52.20|52.20|44.77|52.20|10|7.43|0.1660|5|56|2|2|0.9872|0.0012|0.0387|-0.0375|0.0101||54.15|8|50.60|12
GME211217P00120000|3.60|3.95|2.83|3.25|3.05|10|-0.20|-0.0615|170|328|10|313|-0.0166|0.0015|-0.0010|-0.0483|0.0126||3.20|6|2.78|9
GME211217C00125000|47.70|47.70|47.70|79.68|47.70|9|-31.98|-0.4014|0|35|2|2|0.9745|0.0022|0.0396|-0.0678|0.0182||49.60|17|46.15|13
GME211217P00125000|4.70|4.90|3.11|4.41|3.35|9|-1.06|-0.2404|148|355|1|712|-0.0302|0.0024|-0.0018|-0.0801|0.0209||3.70|11|3.30|1
GME211217C00130000|39.61|39.61|39.61|43.52|39.61|8|-3.91|-0.0898|0|10|1|1|0.9567|0.0034|0.0402|-0.1033|0.0281||45.25|8|41.70|12
GME211217P00130000|5.00|5.55|3.70|5.00|4.06|8|-0.94|-0.1880|129|335|1|131|-0.0474|0.0035|-0.0028|-0.1151|0.0303||4.40|27|3.75|91
GME211217C00135000|35.61|35.61|35.61|36.02|35.61|7|-0.41|-0.0114|0|3|1|1|0.9312|0.0049|0.0403|-0.1496|0.0406||40.95|17|37.45|20
GME211217P00135000|5.78|6.34|4.55|6.65|4.75|7|-1.90|-0.2857|2|151|3|22|-0.0727|0.0050|-0.0044|-0.1591|0.0424||5.20|26|4.30|94
GME211217C00140000|33.50|33.50|33.50|34.60|33.50|6|-1.10|-0.0318|1|149|1|1|0.8986|0.0067|0.0399|-0.1973|0.0543||36.85|18|33.50|10
GME211217P00140000|7.35|8.13|5.22|6.90|5.60|6|-1.30|-0.1884|102|915|1|329|-0.1084|0.0067|-0.0065|-0.2140|0.0570||6.05|27|5.15|89
GME211217C00145000||||27.00|27.00|5|0.00|0.0000|2|59|0|0|0.8517|0.0086|0.0387|-0.2593|0.0709||33.00|18|29.45|17
GME211217P00145000|8.40|9.49|6.22|8.20|6.64|5|-1.56|-0.1902|18|252|1|86|-0.1593|0.0087|-0.0097|-0.2812|0.0742||7.05|26|6.20|116
GME211217C00150000||||27.40|27.40|4|0.00|0.0000|11|82|0|0|0.7955|0.0105|0.0368|-0.3203|0.0870||29.30|42|26.05|18
GME211217P00150000|10.75|11.40|7.20|9.15|8.00|4|-1.15|-0.1257|40|1882|1|903|-0.2095|0.0104|-0.0128|-0.3331|0.0882||8.20|13|7.75|7
GME211217C00155000|24.92|24.92|24.92|20.20|24.92|3|4.72|0.2337|14|26|4|4|0.7336|0.0122|0.0346|-0.3684|0.1007||25.75|54|22.80|12
GME211217P00155000|12.65|12.90|8.95|12.49|9.40|3|-3.09|-0.2474|97|405|1|59|-0.2702|0.0120|-0.0167|-0.3800|0.1014||9.75|20|9.10|90
GME211217C00160000|22.03|22.32|19.65|22.85|21.45|2|-1.40|-0.0613|41|137|1|13|0.6650|0.0136|0.0319|-0.4057|0.1116||22.35|52|19.75|21
GME211217P00160000|13.30|15.25|11.00|14.25|11.30|2|-2.95|-0.2070|6|1046|1|101|-0.3382|0.0133|-0.0210|-0.4202|0.1121||11.65|17|10.95|88
GME211217C00165000|19.10|19.35|16.35|19.49|18.30|1|-1.19|-0.0611|-3|79|1|34|0.5856|0.0144|0.0283|-0.4394|0.1192||19.35|57|16.95|21
GME211217P00165000|16.10|17.75|12.60|15.80|13.51|1|-2.29|-0.1449|43|353|1|289|-0.4097|0.0140|-0.0257|-0.4503|0.1191||14.00|2|13.00|92
GME211217C00170000|17.25|17.45|14.45|19.50|15.36|1|-4.14|-0.2123|18|135|1|101|0.5182|0.0145|0.0253|-0.4562|0.1221||15.90|48|14.60|5
GME211217P00170000|19.15|20.45|15.40|17.60|15.65|1|-1.95|-0.1108|26|1092|1|93|-0.4806|0.0141|-0.0306|-0.4674|0.1221||16.90|55|15.25|87
GME211217C00175000|14.32|16.15|12.00|15.96|12.99|2|-2.97|-0.1861|25|208|1|60|0.4462|0.0145|0.0221|-0.4488|0.1211||13.10|2|12.40|16
GME211217P00175000|21.55|23.50|17.50|19.30|18.97|2|-0.33|-0.0171|65|785|4|248|-0.5502|0.0141|-0.0354|-0.4628|0.1213||19.95|48|17.65|84
GME211217C00180000|12.68|13.50|9.50|14.75|11.00|3|-3.75|-0.2542|61|503|2|793|0.3790|0.0139|0.0189|-0.4336|0.1166||11.20|10|10.40|90
GME211217P00180000|24.32|26.18|20.90|23.68|21.74|3|-1.94|-0.0819|54|1128|1|25|-0.6168|0.0136|-0.0401|-0.4451|0.1170||22.60|17|20.85|77
GME211217C00185000|10.90|12.00|8.88|12.22|9.60|4|-2.62|-0.2144|14|284|1|94|0.3126|0.0129|0.0157|-0.4046|0.1083||9.90|33|9.00|4
GME211217P00185000|28.90|29.62|25.00|27.75|25.00|4|-2.75|-0.0991|-9|246|1|23|-0.6781|0.0128|-0.0447|-0.4179|0.1099||25.95|13|23.60|79
GME211217C00187500|9.22|9.40|9.22|8.62|9.25|5|0.63|0.0731|3|42|1|5|0.3786|0.0093|0.0179|-0.6467|0.1165||9.45|93|8.25|30
GME211217P00187500|27.07|27.07|27.07|34.50|27.07|5|-7.43|-0.2154|0|116|1|1|-0.6298|0.0096|-0.0440|-0.6164|0.1157||27.65|14|25.35|63
GME211217C00190000|10.50|10.50|7.65|11.00|8.48|6|-2.52|-0.2291|19|273|1|69|0.2632|0.0118|0.0133|-0.3763|0.1000||8.75|89|7.65|44
GME211217P00190000|32.80|32.80|28.60|32.96|29.00|6|-3.96|-0.1201|-15|431|1|48|-0.7305|0.0117|-0.0489|-0.3894|0.1012||29.50|7|27.15|77
GME211217C00192500|8.45|10.60|7.35|8.20|7.35|7|-0.85|-0.1037|9|39|1|11|0.3293|0.0092|0.0158|-0.5939|0.1109||8.10|80|7.10|11
GME211217P00192500||||38.40|38.40|7|0.00|0.0000|2|113|0|0|-0.5774|0.0066|-0.0448|-0.9670|0.1199||32.20|11|29.15|25
GME211217C00195000|8.00|8.35|6.65|8.75|7.00|8|-1.75|-0.2000|11|158|6|20|0.2171|0.0105|0.0110|-0.3423|0.0900||7.10|23|6.55|31
GME211217P00195000|36.78|36.78|31.75|36.79|31.75|8|-5.04|-0.1370|-32|441|1|45|-0.7771|0.0105|-0.0528|-0.3543|0.0914||33.40|10|31.25|67
GME211217C00197500|7.80|7.80|6.30|8.05|6.90|9|-1.15|-0.1429|-4|37|1|4|0.3043|0.0084|0.0146|-0.6047|0.1072||7.05|85|6.10|21
GME211217P00197500||||42.50|42.50|9|0.00|0.0000|0|93|0|0|-0.6001|0.0064|-0.0474|-0.9774|0.1184||36.30|14|32.95|24
GME211217C00200000|7.80|8.05|5.55|8.80|6.00|10|-2.80|-0.3182|716|2717|1|678|0.1790|0.0092|0.0091|-0.3090|0.0801||6.10|7|5.65|52
GME211217P00200000|39.83|39.83|35.75|40.50|38.53|10|-1.97|-0.0486|0|1919|1|51|-0.8144|0.0092|-0.0563|-0.3229|0.0820||38.30|22|35.00|25
GME211217C00202500|6.70|6.70|5.40|6.50|5.85|11|-0.65|-0.1000|-1|35|1|11|0.2697|0.0080|0.0130|-0.5712|0.1013||6.10|72|5.30|32
GME211217P00202500|38.80|38.80|38.80|39.87|38.80|11|-1.07|-0.0268|3|120|1|1|-0.7389|0.0080|-0.0540|-0.5490|0.0994||40.40|21|37.05|25
GME211217C00205000|6.65|6.80|4.89|6.70|5.25|12|-1.45|-0.2164|11|64|2|45|0.2506|0.0077|0.0121|-0.5446|0.0975||5.40|16|5.00|39
GME211217P00205000|44.49|44.49|42.73|44.80|44.45|12|-0.35|-0.0078|-2|163|1|12|-0.6866|0.0069|-0.0529|-0.7552|0.1086||41.75|4|39.20|58
GME211217C00207500|6.10|6.10|4.58|5.50|5.65|13|0.15|0.0273|-1|31|1|7|0.2535|0.0073|0.0122|-0.5835|0.0981||5.40|71|4.70|31
GME211217P00207500|44.50|46.65|43.07|50.60|43.07|13|-7.53|-0.1488|35|216|1|6|-0.7624|0.0075|-0.0567|-0.5332|0.0947||44.70|18|41.35|25
GME211217C00210000|5.30|6.00|4.45|7.10|4.60|14|-2.50|-0.3521|-18|797|1|126|0.1132|0.0068|0.0058|-0.2268|0.0588||4.75|8|4.45|12
GME211217P00210000|48.25|51.30|43.75|49.35|45.20|14|-4.15|-0.0841|-7|208|1|92|-0.8820|0.0068|-0.0630|-0.2373|0.0606||46.50|12|44.75|5
GME211217C00212500|5.50|5.50|4.35|5.15|4.58|15|-0.57|-0.1107|-8|14|1|25|0.2194|0.0069|0.0106|-0.5288|0.0906||4.75|34|4.20|12
GME211217P00212500||||42.25|42.25|15|0.00|0.0000|0|59|0|0|-0.8743|0.0066|-0.0635|-0.2682|0.0633||49.15|16|45.75|22
GME211217C00215000|5.10|5.23|4.10|4.55|4.10|16|-0.45|-0.0989|6|103|2|22|0.2030|0.0066|0.0099|-0.5006|0.0866||4.45|37|3.95|14
GME211217P00215000|52.75|54.30|51.43|55.04|54.30|16|-0.74|-0.0134|3|104|6|27|-0.7108|0.0060|-0.0575|-0.8058|0.1045||51.40|17|48.05|16
GME211217C00217500||||5.10|5.10|17|0.00|0.0000|1|40|0|0|0.2227|0.0063|0.0106|-0.5868|0.0914||4.25|57|3.75|14
GME211217P00217500|55.40|56.80|55.00|54.90|56.80|17|1.90|0.0346|32|55|6|9|-0.7126|0.0059|-0.0584|-0.8252|0.1045||53.65|15|50.30|16
GME211217C00220000|4.65|4.80|3.50|5.43|3.70|18|-1.73|-0.3186|-24|1879|1|150|0.0706|0.0047|0.0036|-0.1612|0.0414||3.85|7|3.60|9
GME211217P00220000|59.00|59.00|59.00|54.49|59.00|18|4.51|0.0828|-22|424|1|1|-0.9234|0.0049|-0.0684|-0.1756|0.0441||56.00|15|52.60|16
GME211217C00222500|3.50|3.90|3.30|4.60|3.90|19|-0.70|-0.1522|1|70|1|22|0.1844|0.0059|0.0089|-0.5022|0.0814||3.70|6|3.45|9
GME211217P00222500||||49.15|49.15|19|0.00|0.0000|0|21|0|0|-0.8298|0.0059|-0.0648|-0.4530|0.0776||58.30|14|55.00|12
GME211217C00225000|4.25|4.50|3.20|4.50|3.74|20|-0.76|-0.1689|30|128|1|36|0.1792|0.0057|0.0087|-0.5001|0.0802||3.60|5|3.30|12
GME211217P00225000||||49.64|49.64|20|0.00|0.0000|0|30|0|0|-0.8662|0.0055|-0.0673|-0.3543|0.0661||60.65|14|57.35|12
GME211217C00227500|3.45|3.60|3.45|4.50|3.60|21|-0.90|-0.2000|1|9|1|2|0.1724|0.0055|0.0083|-0.4940|0.0783||3.55|23|3.15|26
GME211217P00227500||||51.86|51.86|21|0.00|0.0000|0|60|0|0|-0.9680|0.0028|-0.0731|-0.0771|0.0220||63.00|17|59.70|13
GME211217C00230000|3.80|3.90|3.05|4.80|3.20|22|-1.60|-0.3333|-6|436|1|19|0.0464|0.0033|0.0024|-0.1193|0.0298||3.35|8|3.05|9
GME211217P00230000||||64.00|64.00|22|0.00|0.0000|-1|63|0|0|-0.9506|0.0034|-0.0731|-0.1266|0.0313||65.35|12|62.05|14
GME211217C00232500||||3.80|3.80|23|0.00|0.0000|6|86|0|0|0.1701|0.0051|0.0081|-0.5195|0.0774||3.35|36|2.95|18
GME211217P00232500||||53.30|53.30|23|0.00|0.0000|0|19|0|0|-0.9741|0.0023|-0.0751|-0.0664|0.0184||67.70|17|64.45|13
GME211217C00235000|3.08|3.20|2.87|3.95|3.17|24|-0.78|-0.1975|4|78|1|14|0.1528|0.0049|0.0074|-0.4701|0.0723||3.15|9|2.83|8
GME211217P00235000||||68.76|68.76|24|0.00|0.0000|1|61|0|0|-0.8419|0.0049|-0.0697|-0.4901|0.0738||70.10|17|66.80|14
GME211217C00240000|3.05|3.50|2.75|3.45|2.89|25|-0.56|-0.1623|-35|321|3|85|0.0281|0.0022|0.0015|-0.0797|0.0197||3.00|28|2.66|26
GME211217P00240000|74.27|74.27|73.45|65.50|73.45|25|7.95|0.1214|0|54|1|2|-0.9689|0.0023|-0.0773|-0.0882|0.0214||75.25|4|71.60|13
GME211217C00245000|3.60|3.60|2.46|3.05|2.74|26|-0.31|-0.1016|-34|196|10|25|0.1307|0.0043|0.0063|-0.4386|0.0649||2.94|27|2.51|10
GME211217P00245000|78.25|78.25|78.00|83.35|78.00|26|-5.35|-0.0642|-9|38|1|2|-0.8677|0.0043|-0.0742|-0.4440|0.0655||80.10|4|76.40|13
GME211217C00250000|2.80|3.15|2.39|3.43|2.46|27|-0.97|-0.2828|99|1244|1|179|0.0175|0.0014|0.0009|-0.0543|0.0133||2.55|2|2.41|7
GME211217P00250000|85.24|85.24|85.24|84.85|85.24|27|0.39|0.0046|-1|55|1|1|-0.9804|0.0015|-0.0812|-0.0600|0.0146||84.95|4|81.25|13
GME211217C00255000|2.25|2.72|2.25|3.21|2.45|28|-0.76|-0.2368|4|359|1|6|0.1172|0.0038|0.0057|-0.4247|0.0603||2.46|3|2.26|11
GME211217P00255000||||39.75|39.75|28|0.00|0.0000|0|5|0|0|-1.0000|0.0000|-0.0838|0.0008|0.0000||89.70|4|86.10|13
GME211217C00260000|2.57|2.81|2.12|2.85|2.37|29|-0.48|-0.1684|4|523|4|72|0.0107|0.0009|0.0006|-0.0359|0.0087||2.46|29|2.13|24
GME211217P00260000||||89.25|89.25|29|0.00|0.0000|0|21|0|0|-0.9883|0.0010|-0.0849|-0.0387|0.0094||94.70|4|91.00|13
GME211217C00270000|2.98|2.98|1.93|2.71|2.10|30|-0.61|-0.2251|-3|572|12|105|0.0071|0.0006|0.0004|-0.0256|0.0060||2.31|12|1.98|7
GME211217P00270000|107.95|107.95|100.87|65.35|102.35|30|37.00|0.5662|0|49|8|34|-0.9917|0.0007|-0.0883|-0.0292|0.0070||104.50|4|100.80|16
GME211217C00280000|2.08|2.15|1.73|2.70|1.98|31|-0.72|-0.2667|-3|2026|1|44|0.0049|0.0004|0.0003|-0.0189|0.0044||2.12|11|1.84|7
GME211217P00280000||||91.00|91.00|31|0.00|0.0000|0|10|0|0|-0.9944|0.0005|-0.0918|-0.0207|0.0049||114.50|10|110.65|13
GME211217C00290000|2.00|2.07|1.70|2.15|1.87|32|-0.28|-0.1302|2|525|1|11|0.0034|0.0003|0.0002|-0.0138|0.0031||1.96|14|1.72|14
GME211217P00290000|127.73|127.73|127.73|68.50|127.73|32|59.23|0.8647|0|25|2|2|-0.9957|0.0004|-0.0951|-0.0166|0.0039||124.50|10|120.50|6
GME211217C00300000|3.27|3.27|1.60|2.29|1.75|33|-0.54|-0.2358|24|5731|1|562|0.0023|0.0002|0.0001|-0.0097|0.0022||1.83|5|1.65|5
GME211217P00300000||||126.50|126.50|33|0.00|0.0000|0|20|0|0|-0.9973|0.0002|-0.0985|-0.0107|0.0026||134.85|10|130.35|13
GME211217C00310000|3.06|3.06|1.50|1.97|1.55|34|-0.42|-0.2132|1|368|1|70|0.0014|0.0001|0.0001|-0.0064|0.0014||1.75|8|1.51|13
GME211217P00310000||||102.75|102.75|34|0.00|0.0000|0|3|0|0|-0.9981|0.0002|-0.1018|-0.0078|0.0019||144.75|10|140.25|13
GME211217C00320000|1.48|1.71|1.48|1.80|1.52|35|-0.28|-0.1556|0|448|1|16|0.0010|0.0001|0.0001|-0.0049|0.0011||1.67|14|1.39|39
GME211217P00320000||||96.00|96.00|35|0.00|0.0000|0|17|0|0|-0.9986|0.0001|-0.1051|-0.0055|0.0014||154.70|10|150.20|13
GME211217C00330000|1.90|1.90|1.35|1.81|1.44|36|-0.37|-0.2044|0|213|1|26|0.0008|0.0001|0.0000|-0.0038|0.0008||1.52|4|1.39|19
GME211217P00330000||||159.50|159.50|36|0.00|0.0000|0|3|0|0|-0.9990|0.0001|-0.1084|-0.0038|0.0010||164.60|10|160.10|6
GME211217C00340000|1.40|1.52|1.40|1.81|1.41|37|-0.40|-0.2210|0|232|1|15|0.0006|0.0001|0.0000|-0.0030|0.0006||1.51|6|1.32|15
GME211217P00340000||||126.85|126.85|37|0.00|0.0000|0|7|0|0|-0.9993|0.0001|-0.1117|-0.0026|0.0008||173.60|13|170.05|13
GME211217C00350000|1.45|1.51|1.18|1.64|1.27|38|-0.37|-0.2256|-9|1004|3|729|0.0004|0.0000|0.0000|-0.0024|0.0005||1.43|14|1.25|16
GME211217P00350000||||133.85|133.85|38|0.00|0.0000|0|4|0|0|-0.9994|0.0001|-0.1150|-0.0019|0.0006||184.50|10|179.95|13
GME211217C00360000|1.24|1.49|1.05|1.34|1.15|39|-0.19|-0.1418|11|315|1|11|0.0004|0.0000|0.0000|-0.0020|0.0004||1.40|17|1.15|18
GME211217P00360000||||||39|||0|0|0|0|-0.9995|0.0000|-0.1183|-0.0013|0.0005||194.45|10|189.90|13
GME211217C00370000|1.15|1.43|1.15|1.49|1.43|40|-0.06|-0.0403|-1|446|1|4|0.0003|0.0000|0.0000|-0.0018|0.0003||1.33|23|1.15|22
GME211217P00370000||||172.65|172.65|40|0.00|0.0000|0|3|0|0|-0.9996|0.0000|-0.1216|-0.0009|0.0004||203.60|15|199.85|4
GME211217C00380000|1.05|1.22|1.05|1.25|1.22|41|-0.03|-0.0240|0|168|1|36|0.0003|0.0000|0.0000|-0.0015|0.0003||1.30|17|1.20|5
GME211217P00380000||||208.83|208.83|41|0.00|0.0000|-1|16|0|0|-0.9997|0.0000|-0.1249|-0.0005|0.0003||214.30|10|209.80|12
GME211217C00390000|1.25|1.25|1.15|1.50|1.17|42|-0.33|-0.2200|1|194|1|39|0.0002|0.0000|0.0000|-0.0014|0.0003||1.17|3|1.15|4
GME211217P00390000||||||42|||0|0|0|0|-0.9997|0.0000|-0.1282|-0.0003|0.0003||224.25|10|219.75|12
GME211217C00400000|1.28|1.28|1.00|1.36|1.07|43|-0.29|-0.2132|91|1276|1|102|0.0002|0.0000|0.0000|-0.0010|0.0002||1.08|1|1.06|6
GME211217P00400000||||238.75|238.75|43|0.00|0.0000|0|3|0|0|-0.9998|0.0000|-0.1315|0.0000|0.0003||234.20|10|229.70|12
GME211217C00410000|1.12|1.12|0.95|1.14|1.10|44|-0.04|-0.0351|21|226|3|6|0.0001|0.0000|0.0000|-0.0008|0.0002||1.09|7|0.87|20
GME211217P00410000||||190.90|190.90|44|0.00|0.0000|0|3|0|0|-0.9998|0.0000|-0.1348|0.0001|0.0002||243.45|12|239.65|12
GME211217C00420000|0.93|1.00|0.92|1.08|0.92|45|-0.16|-0.1481|0|542|1|8|0.0001|0.0000|0.0000|-0.0007|0.0001||1.09|20|0.85|28
GME211217P00420000||||189.85|189.85|45|0.00|0.0000|0|16|0|0|-0.9999|0.0000|-0.1381|0.0008|0.0001||253.40|9|249.65|10
GME211217C00430000|0.91|1.04|0.90|0.97|1.04|46|0.07|0.0722|5|213|1|7|0.0001|0.0000|0.0000|-0.0006|0.0001||1.07|7|0.78|20
GME211217P00430000||||244.20|244.20|46|0.00|0.0000|0|0|0|0|-0.9999|0.0000|-0.1414|0.0009|0.0001||264.10|20|259.10|1
GME211217C00440000|0.80|0.80|0.80|1.15|0.80|47|-0.35|-0.3043|0|472|2|2|0.0001|0.0000|0.0000|-0.0005|0.0001||0.96|5|0.75|1
GME211217P00440000||||||47|||0|0|0|0|-0.9999|0.0000|-0.1446|0.0011|0.0001||274.05|10|269.05|3
GME211217C00450000|0.90|0.91|0.84|0.89|0.84|48|-0.05|-0.0562|-3|683|1|84|0.0001|0.0000|0.0000|-0.0004|0.0001||0.96|5|0.68|1
GME211217P00450000||||||48|||0|0|0|0|-1.0000|0.0000|-0.1479|0.0012|0.0001||284.00|12|279.00|2
GME211217C00460000|0.73|0.90|0.73|1.00|0.90|49|-0.10|-0.1000|1|1139|3|16|0.0001|0.0000|0.0000|-0.0004|0.0001||0.89|12|0.66|7
GME211217P00460000||||261.60|261.60|49|0.00|0.0000|0|5|0|0|-1.0000|0.0000|-0.1512|0.0013|0.0001||293.95|10|289.00|3
GME211217C00470000||||1.00|1.00|50|0.00|0.0000|0|190|0|0|0.0377|0.0010|0.0017|-0.2913|0.0252||0.84|7|0.64|28
GME211217P00470000||||||50||||0|0|0|-1.0000|0.0000|-0.1545|0.0016|0.0000||303.95|12|298.95|2
GME211217C00480000|0.80|0.80|0.80|0.87|0.80|51|-0.07|-0.0805|3|243|1|2|0.0315|0.0008|0.0015|-0.2472|0.0217||0.83|7|0.65|2
GME211217P00480000||||264.21|264.21|51|0.00|0.0000|0|7|0|0|-0.9942|0.0003|-0.1575|-0.0428|0.0050||313.90|10|309.20|12
GME211217C00490000|0.80|0.80|0.80|1.00|0.80|52|-0.20|-0.2000|47|152|1|1|0.0311|0.0008|0.0014|-0.2485|0.0215||0.80|1|0.57|19
GME211217P00490000||||274.04|274.04|52|0.00|0.0000|0|7|0|0|-0.9918|0.0003|-0.1607|-0.0629|0.0069||323.85|12|319.15|12
GME211217C00500000|0.75|0.89|0.61|0.81|0.75|53|-0.06|-0.0741|-5|2436|1|34|0.0293|0.0008|0.0014|-0.2377|0.0204||0.72|6|0.60|1
GME211217P00500000||||290.05|290.05|53|0.00|0.0000|0|7|0|0|-0.9822|0.0006|-0.1635|-0.1415|0.0134||333.85|20|328.90|12
GME211217C00510000|0.85|0.85|0.49|0.88|0.65|54|-0.23|-0.2614|163|1554|1|281|0.0269|0.0007|0.0013|-0.2219|0.0191||0.65|14|0.59|3
GME211217P00510000||||277.97|277.97|54|0.00|0.0000|0|0|0|0|-0.9953|0.0002|-0.1674|-0.0362|0.0042||343.80|10|338.90|12
GME211223C00100000||||71.00|71.00|10|0.00|0.0000|-1|13|0|0|0.9573|0.0016|0.0452|-0.1435|0.0340||73.45|13|69.70|16
GME211223P00100000|2.10|2.68|2.06|1.97|2.06|10|0.09|0.0457|190|314|1|150|-0.0594|0.0018|-0.0059|-0.2130|0.0444||2.50|2|1.93|2
GME211223C00110000||||||9||||0|0|0|1.0000|0.0000|0.0542|-0.0004|0.0000||64.05|4|60.30|2
GME211223P00110000|3.30|3.35|2.57|2.76|2.57|9|-0.19|-0.0688|68|105|3|475|-0.0791|0.0025|-0.0078|-0.2399|0.0553||3.35|11|2.44|12
GME211223C00120000|48.67|49.37|48.67|103.35|49.37|8|-53.98|-0.5223|0|1|1|2|0.8966|0.0035|0.0491|-0.2589|0.0674||54.80|6|51.25|12
GME211223P00120000|4.05|5.25|4.05|4.64|4.10|8|-0.54|-0.1164|12|37|1|5|-0.1207|0.0035|-0.0120|-0.3196|0.0752||4.40|8|3.20|15
GME211223C00130000|40.47|41.20|40.47|40.47|41.20|7|0.73|0.0180|0|0|1|2|0.9230|0.0043|0.0571|-0.1346|0.0542||46.20|11|42.65|15
GME211223P00130000|5.72|7.20|5.25|6.15|5.25|7|-0.90|-0.1463|-6|136|2|11|-0.1586|0.0046|-0.0157|-0.3526|0.0908||5.90|15|4.40|19
GME211223C00140000||||||6||||0|0|0|1.0000|0.0000|0.0690|-0.0005|0.0000||38.20|7|34.70|5
GME211223P00140000|8.38|8.50|7.23|9.55|7.23|6|-2.32|-0.2429|0|42|1|18|-0.2150|0.0059|-0.0214|-0.4021|0.1097||8.05|16|6.30|16
GME211223C00145000||||||5||||0|0|0|1.0000|0.0000|0.0715|-0.0005|0.0000||34.60|7|31.00|10
GME211223P00145000|10.00|10.40|8.25|11.64|8.30|5|-3.34|-0.2869|11|11|1|8|-0.2470|0.0066|-0.0246|-0.4186|0.1185||9.15|1|7.65|18
GME211223C00150000||||28.10|28.10|4|0.00|0.0000|17|21|0|0|0.7187|0.0077|0.0462|-0.4133|0.1263||31.10|7|27.80|16
GME211223P00150000|12.00|12.50|10.00|11.00|10.32|4|-0.68|-0.0618|-45|155|5|17|-0.2877|0.0071|-0.0290|-0.4579|0.1280||10.15|1|9.10|19
GME211223C00155000||||29.20|29.20|3|0.00|0.0000|1|11|0|0|0.6653|0.0065|0.0411|-0.5665|0.1367||27.85|19|24.55|9
GME211223P00155000|14.70|14.70|13.30|14.47|13.30|3|-1.17|-0.0809|-49|78|1|2|-0.3308|0.0071|-0.0341|-0.5137|0.1361||12.65|12|10.80|17
GME211223C00160000|22.77|22.77|22.77|25.00|22.77|2|-2.23|-0.0892|7|19|1|1|0.6322|0.0082|0.0415|-0.4807|0.1414||24.75|19|21.70|12
GME211223P00160000|15.25|16.90|13.20|15.00|13.20|2|-1.80|-0.1200|4|66|2|53|-0.3670|0.0084|-0.0371|-0.4664|0.1413||14.70|12|12.80|26
GME211223C00165000|21.88|21.88|18.60|21.20|20.00|1|-1.20|-0.0566|16|16|3|49|0.5886|0.0086|0.0392|-0.4914|0.1460||22.05|16|19.45|7
GME211223P00165000|19.20|19.20|15.65|21.87|15.77|1|-6.10|-0.2789|263|284|2|42|-0.4115|0.0086|-0.0421|-0.4864|0.1460||17.20|13|15.05|18
GME211223C00170000|19.05|19.50|16.50|22.00|18.44|1|-3.56|-0.1618|15|30|1|70|0.5477|0.0083|0.0366|-0.5227|0.1487||19.35|16|17.10|4
GME211223P00170000|23.70|23.70|18.15|19.50|18.63|1|-0.87|-0.0446|28|61|1|25|-0.4548|0.0087|-0.0471|-0.5018|0.1488||19.90|17|17.45|17
GME211223C00175000|19.30|19.30|14.70|16.30|16.30|2|0.00|0.0000|16|19|1|50|0.5035|0.0084|0.0339|-0.5251|0.1494||17.35|18|14.90|4
GME211223P00175000|23.86|24.52|21.54|27.16|21.54|2|-5.62|-0.2069|-1|47|1|17|-0.4972|0.0087|-0.0521|-0.5070|0.1497||22.05|11|20.50|10
