symbol|open|high|low|preClose|close|activeLevel|change|changeRatio|openIntChange|openInterest|latestPriceVol|volume|delta|gamma|rho|theta|vega|tradeStamptradeTime|ask|avol|bid|bvol
GME211203C00100000||||83.51|83.51|11|0.00|0.0000|-1|9|0|0|0.9802|0.0009|0.0026|-1.2615|0.0044||80.40|12|75.10|24
GME211203P00100000|0.04|0.04|0.01|0.06|0.01|11|-0.05|-0.8333|21|534|1|4|-0.0002|0.0000|0.0000|-0.0121|0.0001||0.03|10|0.01|9
GME211203C00110000||||135.99|135.99|10|0.00|0.0000|0|1|0|0|0.8789|0.0022|0.0022|-9.2109|0.0186||70.35|12|65.40|12
GME211203P00110000||||0.11|0.11|10|0.00|0.0000|27|199|0|0|-0.0007|0.0001|0.0000|-0.0319|0.0002||0.11|14|0.01|15
GME211203C00120000||||||9||||0|0|0|1.0000|0.0000|0.0033|-0.0004|0.0000||60.65|12|55.35|17
GME211203P00120000|0.04|0.04|0.04|0.19|0.04|9|-0.15|-0.7895|165|546|1|1|-0.0020|0.0003|0.0000|-0.0774|0.0006||0.20|41|0.04|20
GME211203C00130000||||65.44|65.44|8|0.00|0.0000|0|1|0|0|0.8352|0.0036|0.0026|-8.5773|0.0229||51.05|13|45.35|8
GME211203P00130000|0.14|0.14|0.14|0.29|0.14|8|-0.15|-0.5172|7|983|2|2|-0.0050|0.0007|0.0000|-0.1546|0.0013||0.22|4|0.03|31
GME211203C00140000||||55.33|55.33|7|0.00|0.0000|0|6|0|0|0.7649|0.0036|0.0046|-6.4937|0.0401||41.55|12|35.50|4
GME211203P00140000|0.15|0.24|0.15|0.30|0.19|7|-0.11|-0.3667|17|1168|2|83|-0.0079|0.0013|0.0000|-0.1878|0.0020||0.25|21|0.13|35
GME211203C00150000||||44.80|44.80|6|0.00|0.0000|0|6|0|0|0.7626|0.0062|0.0027|-7.7133|0.0285||31.35|12|25.45|4
GME211203P00150000|0.20|0.42|0.20|0.65|0.36|6|-0.29|-0.4462|149|1347|1|175|-0.0307|0.0044|-0.0002|-0.5429|0.0064||0.36|2|0.32|3
GME211203C00155000||||27.75|27.75|5|0.00|0.0000|0|5|0|0|0.9250|0.0086|0.0039|-1.1603|0.0131||26.45|14|20.70|13
GME211203P00155000|0.39|0.52|0.33|0.68|0.44|5|-0.24|-0.3529|-29|963|1|30|-0.0431|0.0067|-0.0002|-0.6221|0.0084||0.59|7|0.30|33
GME211203C00160000|23.77|23.77|23.77|23.00|23.77|4|0.77|0.0335|2|117|3|3|0.8857|0.0130|0.0038|-1.4330|0.0178||21.60|31|16.20|14
GME211203P00160000|1.14|1.14|0.35|0.68|0.60|4|-0.08|-0.1176|108|548|10|46|-0.3285|0.0051|-0.0827|-0.3294|0.2085||0.78|14|0.38|75
GME211203C00165000|15.40|15.40|15.40|32.50|15.40|3|-17.10|-0.5262|0|31|1|1|0.6545|0.0087|0.0025|-7.8548|0.0340||16.90|18|11.40|14
GME211203P00165000|0.62|1.00|0.40|1.20|0.88|3|-0.32|-0.2667|41|824|1|50|-0.1404|0.0204|-0.0007|-1.2214|0.0206||1.14|14|0.80|10
GME211203C00170000||||13.35|13.35|2|0.00|0.0000|13|63|0|0|0.7307|0.0310|0.0033|-1.7564|0.0304||10.25|17|7.20|14
GME211203P00170000|1.42|1.54|0.80|1.87|1.54|2|-0.33|-0.1765|480|1414|3|43|-0.2515|0.0313|-0.0013|-1.6226|0.0294||1.60|1|0.98|1
GME211203C00175000|7.05|7.05|4.71|9.00|4.71|1|-4.29|-0.4767|6|123|5|11|0.5713|0.0427|0.0026|-1.8034|0.0362||5.70|10|4.15|26
GME211203P00175000|1.75|2.80|1.50|2.73|2.56|1|-0.17|-0.0623|485|968|4|348|-0.4280|0.0433|-0.0021|-1.7769|0.0362||2.75|10|2.20|1
GME211203C00177500|4.12|4.12|4.12|8.24|4.12|1|-4.12|-0.5000|34|41|1|1|0.4719|0.0369|0.0022|-2.1461|0.0367||4.10|11|2.90|1
GME211203P00177500|2.70|4.00|2.20|3.58|3.75|1|0.17|0.0475|267|466|1|62|-0.4445|0.0071|-0.1082|-0.2833|0.2278||4.50|39|2.87|10
GME211203C00180000|4.60|5.00|2.20|5.75|2.34|2|-3.41|-0.5930|33|766|5|33|0.3538|0.0418|0.0017|-1.6526|0.0343||2.87|23|2.00|1
GME211203P00180000|5.29|5.50|2.63|4.40|5.50|2|1.10|0.2500|-355|1413|1|34|-0.6530|0.0433|-0.0033|-1.5733|0.0341||5.55|14|4.15|21
GME211203C00182500|3.75|3.90|1.39|4.40|1.39|3|-3.01|-0.6841|61|146|5|18|0.3259|0.0292|0.0030|-1.1105|0.0471||1.80|10|1.00|59
GME211203P00182500|7.75|7.75|3.89|5.41|4.65|3|-0.76|-0.1405|-45|252|2|12|-0.7631|0.0381|-0.0039|-1.2505|0.0285||7.75|26|4.95|8
GME211203C00185000|2.43|3.10|0.85|3.22|0.85|4|-2.37|-0.7360|314|795|1|202|0.1585|0.0286|0.0007|-1.0237|0.0223||1.10|5|0.75|3
GME211203P00185000|9.16|9.16|4.90|7.21|8.55|4|1.34|0.1859|-47|541|1|4|-0.8341|0.0286|-0.0043|-1.0848|0.0230||9.95|12|7.05|21
GME211203C00187500|2.00|2.16|0.55|2.40|0.55|5|-1.85|-0.7708|-120|610|1|30|0.1078|0.0217|0.0005|-0.7902|0.0171||0.82|14|0.50|3
GME211203P00187500|7.14|7.14|7.14|8.59|7.14|5|-1.45|-0.1688|-33|442|3|3|-0.8987|0.0214|-0.0047|-0.7340|0.0164||12.55|12|8.40|14
GME211203C00190000|1.42|1.60|0.37|1.70|0.51|6|-1.19|-0.7000|-141|637|5|255|0.0635|0.0147|0.0003|-0.5257|0.0115||0.48|1|0.38|1
GME211203P00190000|11.26|12.00|8.25|11.17|12.00|6|0.83|0.0743|-67|766|1|30|-0.5150|0.0065|-0.1321|-0.3144|0.2299||14.75|14|11.00|20
GME211203C00192500|1.00|1.09|0.34|1.27|0.37|7|-0.90|-0.7087|-248|254|1|25|0.1102|0.0154|0.0010|-0.5754|0.0246||0.49|24|0.27|1
GME211203P00192500|10.85|13.39|10.85|12.49|13.39|7|0.90|0.0721|-8|265|1|13|-0.9602|0.0099|-0.0051|-0.3711|0.0079||17.15|17|14.45|12
GME211203C00195000|1.09|1.09|0.23|1.07|0.26|8|-0.81|-0.7570|-71|526|1|68|0.0268|0.0067|0.0001|-0.2837|0.0057||0.31|2|0.24|1
GME211203P00195000|15.20|15.84|12.95|14.76|15.84|8|1.08|0.0732|-69|557|1|4|-0.5567|0.0068|-0.1418|-0.2916|0.2277||19.80|31|14.25|73
GME211203C00197500|0.35|0.35|0.25|0.89|0.25|9|-0.64|-0.7191|-133|357|1|2|0.0207|0.0052|0.0001|-0.2399|0.0046||0.29|7|0.17|31
GME211203P00197500|17.15|17.15|15.00|17.43|15.00|9|-2.43|-0.1394|-4|198|1|2|-0.9661|0.0070|-0.0053|-0.4034|0.0070||22.10|35|16.75|95
GME211203C00200000|0.65|0.74|0.17|0.68|0.19|10|-0.49|-0.7206|599|1650|1|111|0.0131|0.0034|0.0001|-0.1652|0.0031||0.24|1|0.22|1
GME211203P00200000|18.50|18.50|18.50|19.88|18.50|10|-1.38|-0.0694|-271|727|1|1|-0.9693|0.0060|-0.0053|-0.4022|0.0064||24.75|36|19.50|30
GME211203C00202500|0.30|0.51|0.19|0.50|0.19|11|-0.31|-0.6200|164|445|1|7|0.4145|0.0063|0.0617|-0.3102|0.2247||0.22|8|0.16|12
GME211203P00202500|21.15|21.15|21.15|21.93|21.15|11|-0.78|-0.0356|-30|154|1|1|-0.5578|0.0056|-0.1530|-0.3562|0.2276||27.05|27|21.70|136
GME211203C00205000|0.88|0.88|0.14|0.55|0.14|12|-0.41|-0.7455|-141|693|1|42|0.0085|0.0021|0.0000|-0.1267|0.0021||0.17|1|0.13|12
GME211203P00205000||||24.98|24.98|12|0.00|0.0000|-135|349|0|0|-0.5242|0.0046|-0.1553|-0.4413|0.2296||29.55|26|24.15|136
GME211203C00207500|0.15|0.15|0.15|0.55|0.15|13|-0.40|-0.7273|148|548|3|3|0.4276|0.0054|0.0609|-0.3691|0.2262||0.18|5|0.13|12
GME211203P00207500||||25.68|25.68|13|0.00|0.0000|-2|33|0|0|-0.8406|0.0090|-0.0050|-3.2657|0.0224||32.20|12|26.40|114
GME211203C00210000|0.33|0.39|0.17|0.46|0.17|14|-0.29|-0.6304|73|1012|1|141|0.0059|0.0014|0.0000|-0.1001|0.0015||0.14|1|0.13|153
GME211203P00210000|28.88|28.88|28.55|29.77|28.55|14|-1.22|-0.0410|-51|334|1|2|-0.9784|0.0034|-0.0057|-0.3882|0.0048||34.45|28|29.50|129
GME211203C00212500|0.22|0.22|0.12|0.48|0.12|15|-0.36|-0.7500|47|344|1|4|0.0059|0.0013|0.0000|-0.1086|0.0016||0.17|7|0.11|12
GME211203P00212500||||33.40|33.40|15|0.00|0.0000|0|67|0|0|-0.9514|0.0053|-0.0056|-0.9657|0.0093||37.10|12|31.40|124
GME211203C00215000|0.17|0.20|0.15|0.37|0.15|16|-0.22|-0.5946|0|792|1|4|0.0038|0.0009|0.0000|-0.0732|0.0010||0.13|1|0.10|12
GME211203P00215000|35.00|35.00|35.00|31.97|35.00|16|3.03|0.0948|-11|215|1|1|-0.9284|0.0060|-0.0056|-1.5601|0.0126||39.70|21|33.85|143
GME211203C00217500|0.16|0.16|0.10|0.38|0.10|17|-0.28|-0.7368|-3|180|2|105|0.0036|0.0008|0.0000|-0.0726|0.0010||0.14|1|0.08|14
GME211203P00217500||||38.35|38.35|17|0.00|0.0000|-2|72|0|0|-0.9567|0.0044|-0.0058|-0.9578|0.0085||42.05|12|36.35|130
GME211203C00220000|0.17|0.20|0.11|0.36|0.13|18|-0.23|-0.6389|32|1410|1|86|0.0033|0.0007|0.0000|-0.0712|0.0009||0.13|1|0.12|2
GME211203P00220000||||40.13|40.13|18|0.00|0.0000|-18|195|0|0|-0.9735|0.0031|-0.0059|-0.5990|0.0057||44.45|17|39.30|130
GME211203C00222500|0.09|0.09|0.09|0.37|0.09|19|-0.28|-0.7568|4|185|1|1|0.4295|0.0042|0.0572|-0.4677|0.2264||0.12|1|0.07|12
GME211203P00222500|44.57|44.57|44.57|45.85|44.57|19|-1.28|-0.0279|-6|45|1|1|-0.9096|0.0056|-0.0057|-2.3472|0.0150||47.40|20|41.35|121
GME211203C00225000|0.20|0.20|0.14|0.30|0.14|20|-0.16|-0.5333|-60|596|1|24|0.4226|0.0042|0.0564|-0.4684|0.2257||0.12|1|0.07|11
GME211203P00225000|42.95|42.95|42.95|45.20|42.95|20|-2.25|-0.0498|0|125|1|1|-0.9742|0.0028|-0.0060|-0.6413|0.0055||49.50|27|43.85|139
GME211203C00227500|0.14|0.14|0.14|0.50|0.14|21|-0.36|-0.7200|16|113|1|1|0.0363|0.0033|0.0003|-0.4794|0.0104||0.11|1|0.05|12
GME211203P00227500||||45.48|45.48|21|0.00|0.0000|0|26|0|0|-0.9816|0.0022|-0.0061|-0.4708|0.0042||52.00|17|46.35|112
GME211203C00230000|0.24|0.24|0.08|0.24|0.15|22|-0.09|-0.3750|-39|888|2|9|0.0015|0.0003|0.0000|-0.0384|0.0005||0.11|6|0.06|10
GME211203P00230000|47.00|47.00|47.00|49.84|47.00|22|-2.84|-0.0570|-4|63|1|1|-0.9821|0.0020|-0.0062|-0.4756|0.0041||54.50|19|48.90|127
GME211203C00232500||||0.25|0.25|23|0.00|0.0000|-7|86|0|0|0.4234|0.0039|0.0550|-0.5088|0.2258||0.34|93|0.05|27
GME211203P00232500||||52.32|52.32|23|0.00|0.0000|-1|33|0|0|-0.9272|0.0044|-0.0121|-1.0903|0.0181||57.00|4|51.40|113
GME211203C00235000|0.56|0.56|0.07|0.25|0.07|24|-0.18|-0.7200|-14|317|1|4|0.0015|0.0003|0.0000|-0.0422|0.0005||0.09|1|0.06|4
GME211203P00235000|53.48|54.95|53.48|53.95|54.95|24|1.00|0.0185|-31|340|1|7|-0.9956|0.0007|-0.0064|-0.1221|0.0012||59.50|12|54.00|122
GME211203C00237500|0.13|0.13|0.13|0.27|0.13|25|-0.14|-0.5185|-1|114|2|2|0.0016|0.0003|0.0000|-0.0463|0.0005||0.09|9|0.04|12
GME211203P00237500|55.98|57.45|55.98|56.45|57.45|25|1.00|0.0177|-22|262|1|7|-0.9957|0.0006|-0.0065|-0.1234|0.0012||62.15|21|56.45|60
GME211203C00240000|0.20|0.20|0.10|0.27|0.10|26|-0.17|-0.6296|64|656|1|2|0.0016|0.0003|0.0000|-0.0462|0.0005||0.11|24|0.05|3
GME211203P00240000||||60.48|60.48|26|0.00|0.0000|-6|95|0|0|-0.9744|0.0022|-0.0065|-0.7982|0.0055||64.45|4|58.85|113
GME211203C00245000||||0.23|0.23|27|0.00|0.0000|-115|299|0|0|0.0011|0.0002|0.0000|-0.0357|0.0004||0.08|5|0.03|12
GME211203P00245000||||60.55|60.55|27|0.00|0.0000|-1|67|0|0|-0.6204|0.0039|-0.2112|-0.4813|0.2195||69.45|3|64.05|109
GME211203C00250000|0.06|0.12|0.05|0.14|0.07|28|-0.07|-0.5000|1181|4523|6|28|0.4166|0.0034|0.0520|-0.5741|0.2250||0.07|3|0.04|3
GME211203P00250000||||70.43|70.43|28|0.00|0.0000|0|123|0|0|-0.9778|0.0018|-0.0067|-0.7756|0.0049||74.70|20|69.10|120
GME211203C00260000||||0.15|0.15|29|0.00|0.0000|-5|709|0|0|0.0005|0.0001|0.0000|-0.0170|0.0002||0.06|3|0.02|3
GME211203P00260000||||75.00|75.00|29|0.00|0.0000|0|6|0|0|-0.9982|0.0002|-0.0071|-0.0641|0.0005||84.50|12|79.20|37
GME211203C00270000|0.04|0.06|0.04|0.02|0.06|30|0.04|2.0000|20|607|1|2|0.0000|0.0000|0.0000|-0.0006|0.0000||0.08|4|0.01|18
GME211203P00270000||||86.50|86.50|30|0.00|0.0000|0|21|0|0|-0.9993|0.0001|-0.0074|-0.0285|0.0002||94.50|12|89.50|86
GME211203C00280000|0.08|0.08|0.02|0.07|0.04|31|-0.03|-0.4286|46|618|2|6|0.0001|0.0000|0.0000|-0.0049|0.0000||0.05|14|0.03|1
GME211203P00280000||||95.00|95.00|31|0.00|0.0000|0|10|0|0|-0.9985|0.0002|-0.0077|-0.0634|0.0004||104.55|12|99.45|36
GME211203C00290000||||0.09|0.09|32|0.00|0.0000|-7|495|0|0|0.0002|0.0000|0.0000|-0.0075|0.0001||0.07|1|0.03|1
GME211203P00290000||||||32||||0|0|0|-1.0000|0.0000|-0.0079|0.0009|0.0000||114.55|4|109.50|43
GME211203C00300000|0.06|0.06|0.02|0.07|0.02|33|-0.05|-0.7143|-116|2079|1|27|0.0001|0.0000|0.0000|-0.0048|0.0000||0.05|1|0.02|4
GME211203P00300000||||111.10|111.10|33|0.00|0.0000|0|2|0|0|-0.9950|0.0004|-0.0164|-0.1258|0.0019||124.80|12|119.55|27
GME211203C00310000|0.04|0.04|0.04|0.08|0.04|34|-0.04|-0.5000|-1|343|2|2|0.0002|0.0000|0.0000|-0.0122|0.0001||0.06|4|0.00|0
GME211203P00310000||||71.90|71.90|34|0.00|0.0000|0|4|0|0|-0.8805|0.0028|-0.3125|-0.1832|0.1150||134.80|5|129.55|27
GME211203C00320000||||0.04|0.04|35|0.00|0.0000|-1|388|0|0|0.0000|0.0000|0.0000|-0.0018|0.0000||0.07|15|0.01|1
GME211203P00320000||||||35||||0|0|0|-1.0000|0.0000|-0.0175|0.0010|0.0000||144.45|12|139.60|27
GME211203C00330000||||0.06|0.06|36|0.00|0.0000|2|350|0|0|0.0001|0.0000|0.0000|-0.0035|0.0000||0.04|2|0.00|1
GME211203P00330000||||127.27|127.27|36|0.00|0.0000|-2|0|0|0|-1.0000|0.0000|-0.0090|-0.0001|0.0000||154.60|12|149.60|12
GME211203C00340000|0.01|0.01|0.01|0.06|0.01|37|-0.05|-0.8333|4|139|1|1|0.0001|0.0000|0.0000|-0.0034|0.0000||0.03|5|0.00|0
GME211203P00340000||||134.20|134.20|37|0.00|0.0000|0|1|0|0|-0.9993|0.0001|-0.0186|-0.0200|0.0003||164.85|4|159.60|27
GME211203C00350000|0.01|0.03|0.01|0.04|0.03|38|-0.01|-0.2500|-10|1227|1|2|0.0000|0.0000|0.0000|-0.0017|0.0000||0.06|1|0.01|25
GME211203P00350000||||136.35|136.35|38|0.00|0.0000|-1|2|0|0|-1.0000|0.0000|-0.0096|0.0009|0.0000||174.45|12|169.60|27
GME211203C00360000||||0.09|0.09|39|0.00|0.0000|0|159|0|0|0.0001|0.0000|0.0000|-0.0065|0.0000||0.03|4|0.01|1
GME211203P00360000||||||39||||0|0|0|-1.0000|0.0000|-0.0099|0.0011|0.0000||184.55|3|179.60|12
GME211203C00370000||||0.02|0.02|40|0.00|0.0000|-1|87|0|0|0.0000|0.0000|0.0000|-0.0005|0.0000||0.02|1|0.00|0
GME211203P00370000||||136.05|136.05|40|0.00|0.0000|0|1|0|0|-1.0000|0.0000|-0.0101|0.0011|0.0000||194.45|12|189.60|27
GME211203C00380000||||0.04|0.04|41|0.00|0.0000|-1|100|0|0|0.0000|0.0000|0.0000|-0.0016|0.0000||0.11|14|0.00|1
GME211203P00380000||||170.35|170.35|41|0.00|0.0000|0|0|0|0|-1.0000|0.0000|-0.0104|0.0004|0.0000||204.80|5|199.60|27
GME211203C00390000|0.04|0.04|0.04|0.02|0.04|42|0.02|1.0000|-2|89|1|1|0.4398|0.0020|0.0426|-0.9967|0.2274||0.05|2|0.00|9
GME211203P00390000||||||42||||0|0|0|-1.0000|0.0000|-0.0107|0.0012|0.0000||214.75|12|209.65|27
GME211203C00400000|0.01|0.01|0.01|0.02|0.01|43|-0.01|-0.5000|-4|2445|2|2|0.0000|0.0000|0.0000|-0.0005|0.0000||0.01|1|0.00|11
GME211203P00400000||||215.38|215.38|43|0.00|0.0000|0|0|0|0|-0.6826|0.0023|-0.3905|-0.7161|0.2055||224.40|12|219.65|27
GME211203C00410000||||0.03|0.03|44|0.00|0.0000|3|1058|0|0|0.4686|0.0018|0.0423|-1.0994|0.2293||0.01|8|0.00|1
GME211203P00410000||||||44||||0|0|0|-1.0000|0.0000|-0.4380|0.0013|0.0000||234.80|3|229.65|15
GME211203C00420000|0.01|0.01|0.01|0.01|0.01|45|0.00|0.0000|3|234|2|2|0.0000|0.0000|0.0000|-0.0001|0.0000||0.01|3|0.00|2
GME211203P00420000||||||45||||0|0|0|-1.0000|0.0000|-0.0115|0.0013|0.0000||244.65|12|239.65|27
GME211203C00430000||||0.03|0.03|46|0.00|0.0000|0|70|0|0|0.0000|0.0000|0.0000|-0.0009|0.0000||0.02|100|0.00|6
GME211203P00430000||||||46||||0|0|0|-1.0000|0.0000|-0.0118|0.0013|0.0000||255.70|13|249.65|27
GME211203C00440000||||0.08|0.08|47|0.00|0.0000|1|71|0|0|0.0001|0.0000|0.0000|-0.0047|0.0000||0.02|100|0.00|11
GME211203P00440000||||||47||||0|0|0|-1.0000|0.0000|-0.0121|0.0014|0.0000||265.95|12|259.65|27
GME211203C00450000||||0.01|0.01|48|0.00|0.0000|4|487|0|0|0.4419|0.0018|0.0406|-1.0983|0.2276||0.01|100|0.00|15
GME211203P00450000||||||48||||0|0|0|-1.0000|0.0000|-0.0123|0.0014|0.0000||276.00|12|269.65|16
GME211203C00460000||||0.01|0.01|49|0.00|0.0000|4|63|0|0|0.0000|0.0000|0.0000|-0.0001|0.0000||0.01|100|0.00|1
GME211203P00460000||||||49||||0|0|0|-1.0000|0.0000|-0.0126|0.0014|0.0000||286.10|12|279.65|27
GME211203C00470000||||0.01|0.01|50|0.00|0.0000|9|200|0|0|0.0000|0.0000|0.0000|-0.0001|0.0000||0.01|100|0.00|1
GME211203P00470000||||||50||||0|0|0|-1.0000|0.0000|-0.0258|0.0014|0.0000||296.05|12|289.65|27
GME211203C00480000||||0.06|0.06|51|0.00|0.0000|0|91|0|0|0.0000|0.0000|0.0000|-0.0027|0.0000||0.01|100|0.00|0
GME211203P00480000||||||51||||0|0|0|-1.0000|0.0000|-0.0132|0.0015|0.0000||305.95|12|299.65|27
GME211203C00490000|0.01|0.01|0.01|0.06|0.01|52|-0.05|-0.8333|0|250|1|1|0.5424|0.0015|0.0397|-1.3815|0.2287||0.01|100|0.00|0
GME211203P00490000||||||52||||0|0|0|-1.0000|0.0000|-0.0134|0.0015|0.0000||316.30|10|309.65|27
GME211203C00500000|0.01|0.01|0.01|0.03|0.01|53|-0.02|-0.6667|9|1379|1|7|0.0000|0.0000|0.0000|-0.0008|0.0000||0.01|1|0.00|0
GME211203P00500000||||||53||||0|0|0|-1.0000|0.0000|-0.0274|0.0015|0.0000||326.30|11|319.65|27
GME211203C00510000|0.01|0.01|0.01|0.02|0.01|54|-0.01|-0.5000|121|5819|6|48|0.0000|0.0000|0.0000|-0.0004|0.0000||0.01|94|0.00|11
GME211203P00510000||||||54||||0|0|0|-1.0000|0.0000|-0.0140|0.0016|0.0000||336.25|4|329.65|3
GME211210C00100000||||86.01|86.01|12|0.00|0.0000|0|1|0|0|0.8581|0.0011|0.0572|-0.5117|0.1407||80.05|7|75.50|19
GME211210P00100000|0.55|0.61|0.50|0.48|0.61|12|0.13|0.2708|29|239|1|33|-0.0182|0.0009|-0.0008|-0.1437|0.0117||0.67|41|0.50|3
GME211210C00110000||||76.13|76.13|11|0.00|0.0000|0|2|0|0|0.9035|0.0022|0.0194|-0.8223|0.0447||70.50|10|65.55|12
GME211210P00110000|0.58|0.73|0.54|0.60|0.73|11|0.13|0.2167|9|215|1|25|-0.0258|0.0013|-0.0011|-0.1718|0.0157||1.05|59|0.50|15
GME211210C00120000||||76.03|76.03|10|0.00|0.0000|0|1|0|0|0.8257|0.0024|0.0165|-1.7266|0.0672||60.90|12|56.15|12
GME211210P00120000|0.97|0.97|0.75|1.00|0.75|10|-0.25|-0.2500|167|263|1|9|-0.0448|0.0022|-0.0019|-0.2549|0.0247||0.99|33|0.61|58
GME211210C00130000||||||9||||0|0|0|1.0000|0.0000|0.0285|-0.0004|0.0000||51.50|16|45.65|12
GME211210P00130000|1.50|1.50|1.50|1.45|1.50|9|0.05|0.0345|0|431|1|1|-0.0800|0.0036|-0.0039|-0.3456|0.0412||1.46|33|1.00|19
GME211210C00140000||||56.44|56.44|8|0.00|0.0000|0|29|0|0|0.7650|0.0037|0.0184|-1.5957|0.0801||42.20|18|37.70|23
GME211210P00140000|1.89|1.89|1.89|2.18|1.89|8|-0.29|-0.1330|142|441|1|2|-0.1103|0.0052|-0.0047|-0.4279|0.0492||2.42|39|1.72|20
GME211210C00145000||||||7||||0|0|0|1.0000|0.0000|0.0318|-0.0005|0.0000||37.90|26|33.15|34
GME211210P00145000||||2.80|2.80|7|0.00|0.0000||15|0|0|-0.1409|0.0063|-0.0061|-0.4949|0.0584||3.10|39|2.34|1
GME211210C00150000|30.00|31.00|30.00|34.20|31.00|6|-3.20|-0.0936|1|20|1|2|0.8400|0.0077|0.0261|-0.4810|0.0635||31.80|11|29.35|23
GME211210P00150000|3.30|3.50|3.30|3.50|3.50|6|0.00|0.0000|240|460|1|11|-0.1759|0.0075|-0.0076|-0.5547|0.0676||4.00|20|3.15|1
GME211210C00155000||||58.70|58.70|5|0.00|0.0000|0|45|0|0|0.6991|0.0031|0.0154|-2.4468|0.0909||29.45|36|25.45|38
GME211210P00155000|4.27|4.27|4.27|4.65|4.27|5|-0.38|-0.0817|49|244|3|3|-0.2225|0.0087|-0.0097|-0.6375|0.0778||5.40|43|4.15|55
GME211210C00160000|25.52|25.52|25.52|29.75|25.52|4|-4.23|-0.1422|0|204|3|3|0.7025|0.0083|0.0216|-0.9023|0.0905||25.65|38|22.10|38
GME211210P00160000|5.47|5.47|5.47|5.80|5.47|4|-0.33|-0.0569|55|441|3|3|-0.2739|0.0100|-0.0119|-0.6949|0.0868||6.80|33|5.00|141
GME211210C00165000|21.90|21.90|21.90|21.75|21.90|3|0.15|0.0069|1|3|1|1|0.6899|0.0124|0.0228|-0.6273|0.0922||22.20|36|18.65|38
GME211210P00165000|7.22|7.24|7.22|7.35|7.24|3|-0.11|-0.0150|42|362|8|16|-0.3542|0.0047|-0.1103|-0.3215|0.2330||8.60|50|5.30|172
GME211210C00170000||||20.20|20.20|2|0.00|0.0000|5|21|0|0|0.6206|0.0048|0.0951|-0.3275|0.2383||19.15|41|16.15|10
GME211210P00170000|8.15|9.97|8.15|9.07|9.32|2|0.25|0.0276|81|441|8|24|-0.3850|0.0117|-0.0170|-0.7814|0.0998||10.55|18|8.95|58
GME211210C00175000|17.95|17.95|17.95|17.18|17.95|1|0.77|0.0448|48|73|1|1|0.5540|0.0121|0.0184|-0.8061|0.1032||16.55|62|13.50|11
GME211210P00175000|10.83|12.60|9.85|10.95|12.40|1|1.45|0.1324|104|522|1|6|-0.4463|0.0123|-0.0199|-0.7907|0.1032||13.15|42|11.75|12
GME211210C00177500||||15.85|15.85|1|0.00|0.0000||27|0|0|0.5236|0.0122|0.0175|-0.8119|0.1040||15.25|44|12.20|30
GME211210P00177500|10.66|13.45|10.66|12.55|13.45|1|0.90|0.0717||234|1|8|-0.4165|0.0049|-0.1328|-0.3352|0.2443||14.00|1|12.90|13
GME211210C00180000|15.00|16.00|13.70|14.20|13.70|2|-0.50|-0.0352|227|306|1|4|0.4873|0.0126|0.0164|-0.7884|0.1040||12.95|12|11.25|26
GME211210P00180000|13.51|15.20|11.89|13.30|15.20|2|1.90|0.1429|99|705|1|15|-0.5086|0.0125|-0.0229|-0.7927|0.1042||15.60|14|14.15|11
GME211210C00182500||||13.40|13.40|3|0.00|0.0000||66|0|0|0.4635|0.0122|0.0156|-0.8085|0.1038||13.05|66|10.20|10
GME211210P00182500|13.50|14.68|13.50|15.15|14.68|3|-0.47|-0.0310||205|1|2|-0.5349|0.0120|-0.0243|-0.8200|0.1038||17.40|39|13.50|84
GME211210C00185000|12.65|12.65|10.75|12.66|10.75|4|-1.91|-0.1509|24|132|2|5|0.5488|0.0049|0.0863|-0.3449|0.2480||12.05|94|9.35|21
GME211210P00185000|15.65|15.65|13.50|16.25|15.62|4|-0.63|-0.0388|98|456|1|4|-0.5701|0.0122|-0.0260|-0.7925|0.1024||19.00|38|16.20|67
GME211210C00187500|11.40|11.40|11.40|11.44|11.40|5|-0.04|-0.0035|45|64|1|1|0.4080|0.0118|0.0139|-0.8003|0.1014||11.05|67|8.15|32
GME211210P00187500||||17.83|17.83|5|0.00|0.0000|129|256|0|0|-0.5972|0.0119|-0.0274|-0.7879|0.1009||20.80|37|16.90|85
GME211210C00190000|11.00|11.00|9.00|10.60|9.00|6|-1.60|-0.1509|103|199|1|17|0.3824|0.0115|0.0130|-0.7933|0.0996||10.35|82|7.65|22
GME211210P00190000|19.20|19.20|18.05|19.55|19.00|6|-0.55|-0.0281|70|498|3|13|-0.6185|0.0115|-0.0286|-0.7883|0.0996||22.15|16|19.40|57
GME211210C00192500|10.00|10.00|8.94|10.00|8.94|7|-1.06|-0.1060|23|88|1|4|0.5168|0.0049|0.0818|-0.3532|0.2496||9.50|89|6.95|18
GME211210P00192500|20.34|20.34|20.34|21.35|20.34|7|-1.01|-0.0473|32|118|1|1|-0.4849|0.0049|-0.1607|-0.3489|0.2497||24.25|37|19.90|61
GME211210C00195000|8.25|9.15|7.00|8.91|7.60|8|-1.31|-0.1470|116|250|1|5|0.3319|0.0109|0.0114|-0.7579|0.0948||8.00|59|6.50|12
GME211210P00195000|22.27|22.27|22.27|22.88|22.27|8|-0.61|-0.0267|95|285|1|1|-0.6682|0.0109|-0.0314|-0.7565|0.0948||25.95|26|21.75|64
GME211210C00197500|7.69|7.69|7.05|8.26|7.05|9|-1.21|-0.1465|60|106|1|2|0.3071|0.0104|0.0105|-0.7394|0.0916||8.00|80|5.90|10
GME211210P00197500|24.10|24.10|24.10|24.48|24.10|9|-0.38|-0.0155|15|119|1|1|-0.6970|0.0106|-0.0329|-0.7220|0.0911||27.90|38|23.60|57
GME211210C00200000|7.56|7.56|5.75|7.25|5.85|10|-1.40|-0.1931|140|774|1|28|0.2790|0.0102|0.0096|-0.6925|0.0876||6.30|12|5.50|1
GME211210P00200000|24.90|25.18|24.90|26.33|25.18|10|-1.15|-0.0437|21|680|2|3|-0.7150|0.0102|-0.0340|-0.7084|0.0887||29.85|40|25.55|83
GME211210C00202500|6.70|6.70|6.70|8.00|6.70|11|-1.30|-0.1625|10|77|1|2|0.2873|0.0093|0.0098|-0.7795|0.0890||5.95|14|4.70|28
GME211210P00202500||||27.95|27.95|11|0.00|0.0000|0|48|0|0|-0.7404|0.0098|-0.0354|-0.6673|0.0846||31.80|28|27.65|40
GME211210C00205000|6.00|6.00|5.14|5.85|5.14|12|-0.71|-0.1214|10|169|1|5|0.2366|0.0094|0.0082|-0.6307|0.0806||5.35|11|4.30|1
GME211210P00205000|31.96|31.96|31.96|30.85|31.96|12|1.11|0.0360|-1|176|1|1|-0.7237|0.0088|-0.0400|-0.7018|0.0926||34.00|36|29.65|51
GME211210C00207500||||5.72|5.72|13|0.00|0.0000|10|78|0|0|0.2269|0.0089|0.0079|-0.6384|0.0787||5.30|45|4.00|20
GME211210P00207500||||31.10|31.10|13|0.00|0.0000|2|20|0|0|-0.7949|0.0091|-0.0383|-0.5569|0.0742||36.10|34|31.80|45
GME211210C00210000|5.15|5.30|3.95|5.15|3.95|14|-1.20|-0.2330|27|336|1|12|0.2077|0.0085|0.0072|-0.6046|0.0748||4.60|18|3.80|4
GME211210P00210000|33.23|35.96|31.95|34.54|35.96|14|1.42|0.0411|7|112|1|3|-0.7788|0.0084|-0.0384|-0.6567|0.0776||38.30|36|33.95|49
GME211210C00212500||||5.00|5.00|15|0.00|0.0000|-3|80|0|0|0.1987|0.0080|0.0069|-0.6059|0.0728||4.20|11|3.40|12
GME211210P00212500||||37.87|37.87|15|0.00|0.0000|-1|37|0|0|-0.7671|0.0078|-0.0386|-0.7464|0.0799||40.55|36|36.10|38
GME211210C00215000|4.05|4.05|3.85|4.43|3.85|16|-0.58|-0.1309|1|166|1|3|0.1798|0.0076|0.0063|-0.5643|0.0685||4.15|59|3.15|12
GME211210P00215000||||37.79|37.79|16|0.00|0.0000|-2|32|0|0|-0.8289|0.0076|-0.0411|-0.5302|0.0664||43.00|33|38.35|24
GME211210C00217500||||4.50|4.50|17|0.00|0.0000|0|30|0|0|0.1772|0.0072|0.0062|-0.5837|0.0679||3.50|1|3.00|21
GME211210P00217500||||42.15|42.15|17|0.00|0.0000|2|27|0|0|-0.7908|0.0072|-0.0405|-0.7189|0.0751||45.25|34|40.60|29
GME211210C00220000|3.70|3.70|2.90|3.90|3.00|18|-0.90|-0.2308|12|413|1|17|0.1559|0.0068|0.0054|-0.5271|0.0624||3.15|1|2.94|1
GME211210P00220000|45.07|45.07|45.07|42.22|45.07|18|2.85|0.0675|1|156|1|1|-0.8502|0.0068|-0.0430|-0.4991|0.0608||47.30|32|42.85|33
GME211210C00222500||||3.65|3.65|19|0.00|0.0000|25|88|0|0|0.4069|0.0045|0.0660|-0.3611|0.2430||3.30|1|2.66|10
GME211210P00222500|42.95|42.95|42.95|46.97|42.95|19|-4.02|-0.0856|-7|38|1|1|-0.8023|0.0066|-0.0420|-0.7332|0.0726||49.70|12|45.15|29
GME211210C00225000|3.10|3.10|2.92|3.45|2.92|20|-0.53|-0.1536|14|348|1|3|0.1392|0.0061|0.0049|-0.5012|0.0579||3.30|1|2.33|23
GME211210P00225000||||47.35|47.35|20|0.00|0.0000|1|462|0|0|-0.8526|0.0062|-0.0442|-0.5354|0.0602||52.15|24|47.45|33
GME211210C00227500|2.74|2.74|2.74|3.35|2.74|21|-0.61|-0.1821|1|24|1|1|0.1319|0.0058|0.0046|-0.4926|0.0557||3.15|39|2.29|3
GME211210P00227500||||34.06|34.06|21|0.00|0.0000|0|35|0|0|-0.9973|0.0005|-0.0498|-0.0075|0.0022||54.65|25|49.80|31
GME211210C00230000|2.73|2.75|2.55|3.09|2.75|22|-0.34|-0.1100|2|395|1|4|0.1406|0.0057|0.0055|-0.4881|0.0618||2.75|32|2.30|1
GME211210P00230000||||41.51|41.51|22|0.00|0.0000|0|38|0|0|-0.6671|0.0050|-0.2323|-0.2884|0.2276||56.95|12|52.15|25
GME211210C00232500||||2.69|2.69|23|0.00|0.0000|3|33|0|0|0.1101|0.0051|0.0039|-0.4307|0.0491||2.75|54|1.99|20
GME211210P00232500||||56.09|56.09|23|0.00|0.0000|-5|6|0|0|-0.8342|0.0056|-0.0453|-0.6931|0.0649||59.45|25|54.60|36
GME211210C00235000||||2.78|2.78|24|0.00|0.0000|-4|898|0|0|0.3834|0.0042|0.0616|-0.3783|0.2391||2.75|92|1.99|7
GME211210P00235000||||58.42|58.42|24|0.00|0.0000|-1|35|0|0|-0.8386|0.0054|-0.0460|-0.6921|0.0639||61.90|13|57.10|21
GME211210C00237500||||2.69|2.69|25|0.00|0.0000|1|19|0|0|0.1060|0.0047|0.0037|-0.4424|0.0478||3.90|65|1.04|94
GME211210P00237500||||48.03|48.03|25|0.00|0.0000|0|25|0|0|-0.9461|0.0035|-0.0501|-0.2111|0.0286||64.00|14|59.20|27
GME211210C00240000|2.31|2.47|2.26|2.92|2.40|26|-0.52|-0.1781|-13|317|1|4|0.1105|0.0047|0.0038|-0.4782|0.0493||2.25|16|1.85|1
GME211210P00240000||||58.15|58.15|26|0.00|0.0000|1|34|0|0|-0.9265|0.0040|-0.0500|-0.3046|0.0364||66.70|20|61.75|15
GME211210C00245000|2.10|2.10|2.10|2.20|2.10|27|-0.10|-0.0455|-6|166|1|1|0.0871|0.0040|0.0031|-0.3903|0.0414||2.10|25|1.57|10
GME211210P00245000||||50.19|50.19|27|0.00|0.0000|0|23|0|0|-0.9946|0.0007|-0.0535|-0.0206|0.0040||71.30|29|66.35|27
GME211210C00250000|1.90|2.02|1.60|2.01|1.76|28|-0.25|-0.1244|110|2300|1|11|0.0776|0.0036|0.0027|-0.3647|0.0379||1.87|16|1.57|1
GME211210P00250000||||60.35|60.35|28|0.00|0.0000|0|15|0|0|-0.9887|0.0011|-0.0544|-0.0474|0.0077||76.25|6|71.25|12
GME211210C00255000||||2.02|2.02|29|0.00|0.0000|-4|61|0|0|0.0766|0.0034|0.0027|-0.3776|0.0376||1.77|14|1.20|32
GME211210P00255000||||40.40|40.40|29|0.00|0.0000|0|5|0|0|-0.9997|0.0001|-0.0559|-0.0004|0.0003||81.25|22|76.25|14
GME211210C00260000|1.79|1.79|1.49|1.73|1.50|30|-0.23|-0.1329|38|974|5|10|0.0661|0.0031|0.0023|-0.3381|0.0335||1.69|40|1.20|23
GME211210P00260000||||69.85|69.85|30|0.00|0.0000|0|22|0|0|-0.9883|0.0011|-0.0566|-0.0548|0.0080||86.00|14|80.90|17
GME211210C00270000||||1.60|1.60|31|0.00|0.0000|-27|193|0|0|0.0582|0.0026|0.0020|-0.3226|0.0303||1.51|44|1.01|42
GME211210P00270000||||75.18|75.18|31|0.00|0.0000|0|14|0|0|-0.9600|0.0021|-0.0578|-0.2160|0.0225||95.85|23|90.65|8
GME211210C00280000|1.00|1.00|1.00|1.40|1.00|32|-0.40|-0.2857|16|242|1|1|0.0506|0.0023|0.0018|-0.2994|0.0272||1.26|14|0.81|16
GME211210P00280000||||84.53|84.53|32|0.00|0.0000|0|1|0|0|-0.9688|0.0017|-0.0603|-0.1799|0.0184||105.75|13|100.45|17
GME211210C00290000|1.16|1.16|1.16|1.25|1.16|33|-0.09|-0.0720|21|171|2|2|0.0436|0.0019|0.0015|-0.2750|0.0241||1.12|17|0.77|16
GME211210P00290000||||82.25|82.25|33|0.00|0.0000|0|7|0|0|-0.9984|0.0002|-0.0635|-0.0082|0.0013||115.70|16|110.30|21
GME211210C00300000|1.20|1.20|0.80|1.11|0.84|34|-0.27|-0.2432|43|919|17|27|0.0385|0.0017|0.0013|-0.2566|0.0218||0.99|12|0.85|1
GME211210P00300000||||76.00|76.00|34|0.00|0.0000|0|14|0|0|-0.9998|0.0000|-0.0657|-0.0001|0.0002||125.45|4|120.20|3
GME211210C00310000||||0.95|0.95|35|0.00|0.0000|108|264|0|0|0.0326|0.0015|0.0011|-0.2284|0.0191||0.94|24|0.40|78
GME211210P00310000||||83.61|83.61|35|0.00|0.0000|0|4|0|0|-0.9997|0.0000|-0.0679|-0.0009|0.0003||135.45|12|130.30|5
GME211210C00320000||||0.93|0.93|36|0.00|0.0000|2|276|0|0|0.0310|0.0013|0.0011|-0.2278|0.0183||0.94|62|0.35|122
GME211210P00320000||||89.47|89.47|36|0.00|0.0000|0|3|0|0|-0.9443|0.0019|-0.3924|-0.0718|0.0703||145.45|12|140.30|12
GME211210C00330000||||0.72|0.72|37|0.00|0.0000|-17|246|0|0|0.0326|0.0013|0.0013|-0.2236|0.0202||0.94|78|0.35|84
GME211210P00330000||||||37||||0|0|0|-1.0000|0.0000|-0.0723|0.0011|0.0000||155.45|12|150.30|15
GME211210C00340000|0.75|0.75|0.75|0.75|0.75|38|0.00|0.0000|-1|87|5|5|0.0328|0.0013|0.0013|-0.2347|0.0203||0.94|70|0.35|37
GME211210P00340000||||||38||||0|0|0|-1.0000|0.0000|-0.0745|0.0011|0.0000||165.45|12|160.30|15
GME211210C00350000|0.49|0.49|0.49|0.69|0.49|39|-0.20|-0.2899|49|437|10|10|0.0220|0.0009|0.0008|-0.1823|0.0137||0.69|56|0.50|1
GME211210P00350000||||||39||||0|0|0|-1.0000|0.0000|-0.0767|0.0011|0.0000||175.45|12|170.30|13
GME211210C00360000|0.55|0.55|0.55|0.61|0.55|40|-0.06|-0.0984|-2|85|2|2|0.0192|0.0008|0.0007|-0.1652|0.0122||0.67|35|0.27|64
GME211210P00360000||||||40||||0|0|0|-1.0000|0.0000|-0.4536|0.0012|0.0000||185.10|12|180.30|12
GME211210C00370000||||0.75|0.75|41|0.00|0.0000|0|21|0|0|0.0222|0.0009|0.0008|-0.1983|0.0138||0.54|20|0.41|1
GME211210P00370000||||||41||||0|0|0|-1.0000|0.0000|-0.0811|0.0012|0.0000||195.05|4|190.30|14
GME211210C00380000||||0.54|0.54|42|0.00|0.0000|-1|50|0|0|0.0163|0.0007|0.0006|-0.1491|0.0106||0.54|47|0.27|21
GME211210P00380000||||||42||||0|0|0|-1.0000|0.0000|-0.0833|0.0012|0.0000||205.00|4|200.30|14
GME211210C00390000||||0.49|0.49|43|0.00|0.0000|5|52|0|0|0.0148|0.0006|0.0005|-0.1395|0.0098||0.40|1|0.26|2
GME211210P00390000||||||43||||0|0|0|-1.0000|0.0000|-0.4914|0.0013|0.0000||215.00|12|210.30|12
GME211210C00400000|0.40|0.40|0.40|0.45|0.40|44|-0.05|-0.1111|-6|420|3|8|0.0134|0.0006|0.0005|-0.1302|0.0090||0.40|10|0.23|8
GME211210P00400000||||||44||||0|0|0|-1.0000|0.0000|-0.0877|0.0013|0.0000||225.45|4|220.30|6
GME211210C00410000||||0.44|0.44|45|0.00|0.0000|7|59|0|0|0.0129|0.0005|0.0004|-0.1286|0.0087||0.34|1|0.31|1
GME211210P00410000||||||45||||0|0|0|-1.0000|0.0000|-0.1011|0.0013|0.0000||235.40|12|230.30|13
GME211210C00420000|0.31|0.31|0.31|0.40|0.31|46|-0.09|-0.2250|2|171|1|1|0.0116|0.0005|0.0004|-0.1187|0.0079||0.34|8|0.20|14
GME211210P00420000||||||46||||0|0|0|-1.0000|0.0000|-0.0921|0.0014|0.0000||245.40|12|240.30|12
GME211210C00430000||||0.40|0.40|47|0.00|0.0000|262|304|0|0|0.0114|0.0005|0.0004|-0.1193|0.0078||0.34|2|0.17|28
GME211210P00430000||||||47||||0|0|0|-1.0000|0.0000|-0.5418|0.0014|0.0000||255.40|12|250.30|20
GME211210C00440000||||0.36|0.36|48|0.00|0.0000|34|67|0|0|0.0101|0.0004|0.0003|-0.1078|0.0070||0.34|2|0.17|16
GME211210P00440000||||||48||||0|0|0|-1.0000|0.0000|-0.0964|0.0014|0.0000||265.80|12|260.30|20
GME211210C00450000||||0.37|0.37|49|0.00|0.0000|190|288|0|0|0.0103|0.0004|0.0004|-0.1124|0.0071||0.34|5|0.13|42
GME211210P00450000||||||49||||0|0|0|-1.0000|0.0000|-0.0986|0.0015|0.0000||275.75|3|270.05|16
GME211210C00460000|0.33|0.33|0.32|0.27|0.32|50|0.05|0.1852|0|18|1|11|0.0117|0.0004|0.0004|-0.1165|0.0085||0.33|2|0.13|16
GME211210P00460000||||||50||||0|0|0|-1.0000|0.0000|-0.1008|0.0015|0.0000||285.70|3|279.45|10
GME211210C00470000||||0.22|0.22|51|0.00|0.0000|7|22|0|0|0.0098|0.0004|0.0004|-0.0991|0.0072||0.33|12|0.09|61
GME211210P00470000||||||51||||0|0|0|-1.0000|0.0000|-0.5922|0.0015|0.0000||295.70|12|289.60|23
GME211210C00480000||||0.25|0.25|52|0.00|0.0000|1|33|0|0|0.0069|0.0003|0.0002|-0.0796|0.0050||0.32|13|0.09|23
GME211210P00480000||||||52||||0|0|0|-1.0000|0.0000|-0.1052|0.0016|0.0000||305.80|10|299.80|3
GME211210C00490000||||0.24|0.24|53|0.00|0.0000|2|93|0|0|0.0102|0.0004|0.0004|-0.1079|0.0075||0.29|5|0.25|1
GME211210P00490000||||||53||||0|0|0|-1.0000|0.0000|-0.1074|0.0016|0.0000||315.75|10|309.80|3
GME211210C00500000|0.33|0.33|0.25|0.26|0.25|54|-0.01|-0.0385|-6|850|3|6|0.0067|0.0003|0.0002|-0.0808|0.0049||0.29|5|0.09|1
GME211210P00500000||||||54||||0|0|0|-1.0000|0.0000|-0.1096|0.0016|0.0000||325.70|10|319.60|15
GME211210C00510000|0.27|0.30|0.21|0.18|0.23|55|0.05|0.2778|1|2026|2|36|0.0048|0.0002|0.0002|-0.0589|0.0036||0.23|319|0.18|4
GME211210P00510000||||||55||||0|0|0|-1.0000|0.0000|-0.1118|0.0017|0.0000||335.85|12|329.80|10
GME211217C00080000||||94.56|94.56|19|0.00|0.0000|1|2|0|0|0.9032|0.0010|0.0221|-0.9174|0.0633||99.85|3|95.60|12
GME211217P00080000||||0.35|0.35|19|0.00|0.0000|1|350|0|0|-0.0713|0.0011|-0.0262|-0.1613|0.0915||0.66|21|0.05|157
GME211217C00085000||||95.85|95.85|18|0.00|0.0000|0|1|0|0|0.9677|0.0009|0.0342|-0.1798|0.0267||95.00|3|90.45|12
GME211217P00085000||||0.43|0.43|18|0.00|0.0000|-1|121|0|0|-0.0145|0.0006|-0.0012|-0.0787|0.0131||0.50|6|0.05|170
GME211217C00090000||||137.00|137.00|17|0.00|0.0000|0|4|0|0|0.9003|0.0005|0.0115|-1.7680|0.0647||90.15|3|85.55|12
GME211217P00090000||||0.53|0.53|17|0.00|0.0000|2|68|0|0|-0.0183|0.0007|-0.0015|-0.0930|0.0161||1.03|74|0.09|203
GME211217C00100000||||79.69|79.69|16|0.00|0.0000|1|50|0|0|0.9987|0.0001|0.0410|-0.0052|0.0015||80.50|12|75.60|3
GME211217P00100000|0.71|0.75|0.71|0.76|0.75|16|-0.01|-0.0132|-205|664|27|32|-0.0015|0.0001|-0.0001|-0.0057|0.0018||0.84|37|0.51|44
GME211217C00105000||||66.05|66.05|15|0.00|0.0000|0|1|0|0|0.9973|0.0002|0.0429|-0.0097|0.0030||75.70|12|70.70|12
GME211217P00105000|1.00|1.00|1.00|0.86|1.00|15|0.14|0.1628|51|140|2|3|-0.0028|0.0002|-0.0002|-0.0097|0.0030||1.52|77|0.70|1
GME211217C00110000||||73.25|73.25|14|0.00|0.0000|0|1|0|0|0.9959|0.0004|0.0449|-0.0136|0.0043||70.85|10|65.90|12
GME211217P00110000|0.35|0.35|0.35|1.02|0.35|14|-0.67|-0.6569|-21|354|1|1|-0.0062|0.0005|-0.0005|-0.0189|0.0065||1.81|97|0.50|139
GME211217C00115000||||112.11|112.11|13|0.00|0.0000|0|2|0|0|0.9932|0.0006|0.0467|-0.0205|0.0068||66.10|10|60.70|7
GME211217P00115000||||1.21|1.21|13|0.00|0.0000|14|162|0|0|-0.0092|0.0007|-0.0007|-0.0274|0.0089||1.45|4|0.45|178
GME211217C00120000||||64.15|64.15|12|0.00|0.0000|0|51|0|0|0.9065|0.0028|0.1459|-0.0933|0.1123||61.35|18|56.45|29
GME211217P00120000||||1.39|1.39|12|0.00|0.0000|5|158|0|0|-0.0152|0.0012|-0.0012|-0.0418|0.0137||2.37|95|1.00|75
GME211217C00125000||||79.68|79.68|11|0.00|0.0000|0|35|0|0|0.8823|0.0033|0.1455|-0.1116|0.1326||56.70|13|52.00|12
GME211217P00125000|2.35|2.35|2.35|1.88|2.35|11|0.47|0.2500|2|207|1|1|-0.0297|0.0020|-0.0025|-0.0717|0.0249||2.78|126|1.10|114
GME211217C00130000||||55.70|55.70|10|0.00|0.0000|0|10|0|0|0.9643|0.0025|0.0506|-0.0826|0.0281||52.25|7|47.45|30
GME211217P00130000||||2.21|2.21|10|0.00|0.0000|11|206|0|0|-0.0406|0.0027|-0.0032|-0.0947|0.0312||2.25|1|1.65|119
GME211217C00135000||||90.47|90.47|9|0.00|0.0000|0|3|0|0|0.9436|0.0036|0.0511|-0.1198|0.0406||47.80|26|43.15|36
GME211217P00135000||||2.72|2.72|9|0.00|0.0000|9|149|0|0|-0.0600|0.0037|-0.0047|-0.1280|0.0426||3.80|108|1.40|147
GME211217C00140000||||44.07|44.07|8|0.00|0.0000|2|148|0|0|0.9192|0.0048|0.0512|-0.1557|0.0536||43.35|30|38.75|53
GME211217P00140000||||3.50|3.50|8|0.00|0.0000|264|813|0|0|-0.0934|0.0050|-0.0079|-0.1735|0.0616||4.40|123|1.90|229
GME211217C00145000||||96.94|96.94|7|0.00|0.0000|0|57|0|0|0.8816|0.0063|0.0502|-0.2071|0.0707||39.15|26|35.00|37
GME211217P00145000||||4.02|4.02|7|0.00|0.0000|23|234|0|0|-0.1259|0.0064|-0.0100|-0.2241|0.0739||4.85|66|2.73|213
GME211217C00150000||||35.91|35.91|6|0.00|0.0000|0|71|0|0|0.8380|0.0078|0.0487|-0.2582|0.0876||35.15|61|31.00|46
GME211217P00150000|4.30|4.93|4.30|5.05|4.93|6|-0.12|-0.0238|223|1842|1|4|-0.1650|0.0077|-0.0132|-0.2682|0.0888||5.85|10|4.10|147
GME211217C00155000||||30.10|30.10|5|0.00|0.0000|1|12|0|0|0.7928|0.0091|0.0470|-0.2995|0.1022||31.45|60|27.65|43
GME211217P00155000|5.75|5.75|5.75|6.54|5.75|5|-0.79|-0.1208|0|308|1|2|-0.2174|0.0088|-0.0188|-0.3053|0.1086||7.25|10|5.45|154
GME211217C00160000||||29.27|29.27|4|0.00|0.0000|-1|96|0|0|0.7393|0.0104|0.0446|-0.3377|0.1162||27.95|72|24.50|32
GME211217P00160000|7.30|7.30|7.30|7.75|7.30|4|-0.45|-0.0581|390|1040|1|1|-0.2702|0.0099|-0.0236|-0.3435|0.1222||9.20|53|6.70|178
GME211217C00165000||||24.60|24.60|3|0.00|0.0000|0|82|0|0|0.6782|0.0113|0.0415|-0.3782|0.1282||24.75|72|21.50|40
GME211217P00165000|8.93|8.93|8.93|9.77|8.93|3|-0.84|-0.0860|3|310|1|1|-0.3244|0.0111|-0.0266|-0.3890|0.1286||11.10|56|7.75|186
GME211217C00170000||||23.22|23.22|2|0.00|0.0000|0|117|0|0|0.6101|0.0064|0.1173|-0.2183|0.2579||22.05|75|18.70|54
GME211217P00170000|11.88|12.19|11.70|11.75|12.18|2|0.43|0.0366|-17|1066|1|5|-0.3852|0.0116|-0.0320|-0.4186|0.1367||13.25|20|11.10|162
GME211217C00175000||||20.50|20.50|1|0.00|0.0000|-5|183|0|0|0.5536|0.0124|0.0347|-0.4191|0.1414||19.45|77|16.05|59
GME211217P00175000|13.36|13.36|13.36|14.33|13.36|1|-0.97|-0.0677|17|720|1|1|-0.4458|0.0121|-0.0374|-0.4316|0.1413||15.65|21|12.00|184
GME211217C00180000||||17.98|17.98|1|0.00|0.0000|-23|442|0|0|0.4917|0.0125|0.0311|-0.4245|0.1426||17.15|102|13.90|81
GME211217P00180000|15.88|17.27|15.88|17.10|17.27|1|0.17|0.0099|12|1074|1|5|-0.5038|0.0118|-0.0457|-0.4205|0.1473||18.40|1|16.15|194
GME211217C00185000|15.60|15.60|14.47|15.00|14.47|2|-0.53|-0.0353|2|270|2|3|0.4323|0.0123|0.0275|-0.4205|0.1406||15.00|114|12.00|73
GME211217P00185000||||19.25|19.25|2|0.00|0.0000|-14|255|0|0|-0.5651|0.0120|-0.0484|-0.4285|0.1408||21.65|15|17.90|148
GME211217C00187500|14.08|14.08|14.08|15.87|14.08|3|-1.79|-0.1128|0|39|1|1|0.5427|0.0048|0.0973|-0.3119|0.2666||14.10|79|10.95|65
GME211217P00187500||||19.77|19.77|3|0.00|0.0000|1|116|0|0|-0.5683|0.0103|-0.0502|-0.5015|0.1406||23.40|53|19.05|133
GME211217C00190000|13.45|13.45|13.45|13.83|13.45|4|-0.38|-0.0275|15|254|1|1|0.3767|0.0118|0.0242|-0.4087|0.1358||13.35|120|10.45|46
GME211217P00190000|20.42|20.42|20.42|22.61|20.42|4|-2.19|-0.0969|-4|446|1|1|-0.6188|0.0115|-0.0537|-0.4195|0.1363||25.05|54|20.70|161
GME211217C00192500|11.38|11.95|11.38|12.50|11.95|5|-0.55|-0.0440|2|30|2|3|0.3972|0.0094|0.0246|-0.5259|0.1379||12.55|81|9.65|24
GME211217P00192500||||24.00|24.00|5|0.00|0.0000|-1|111|0|0|-0.6018|0.0094|-0.0544|-0.5282|0.1380||26.95|57|22.50|91
GME211217C00195000|11.07|11.07|11.07|11.09|11.07|6|-0.02|-0.0018|-1|147|2|2|0.3266|0.0111|0.0211|-0.3922|0.1290||11.75|80|9.00|44
GME211217P00195000||||25.45|25.45|6|0.00|0.0000|50|473|0|0|-0.6686|0.0109|-0.0588|-0.4023|0.1297||28.85|50|24.30|126
GME211217C00197500|9.62|9.62|9.62|10.80|9.62|7|-1.18|-0.1093|3|41|8|8|0.3554|0.0091|0.0222|-0.5082|0.1332||11.10|81|8.55|16
GME211217P00197500||||27.65|27.65|7|0.00|0.0000|0|93|0|0|-0.5109|0.0050|-0.1958|-0.2972|0.2681||30.75|56|26.10|92
GME211217C00200000|9.90|9.90|8.80|10.05|9.02|8|-1.03|-0.1025|902|2001|1|7|0.2826|0.0102|0.0183|-0.3731|0.1209||9.30|58|8.10|1
GME211217P00200000||||29.20|29.20|8|0.00|0.0000|-2|1919|0|0|-0.7114|0.0101|-0.0636|-0.3851|0.1221||32.30|21|28.15|100
GME211217C00202500|7.85|7.85|7.85|9.79|7.85|9|-1.94|-0.1982|18|36|1|1|0.3237|0.0085|0.0202|-0.5052|0.1285||9.30|100|7.35|17
GME211217P00202500||||30.45|30.45|9|0.00|0.0000|1|117|0|0|-0.6860|0.0087|-0.0635|-0.4794|0.1269||34.80|40|30.10|87
GME211217C00205000|9.80|9.80|9.80|8.75|9.80|10|1.05|0.1200|-4|53|1|1|0.3000|0.0084|0.0189|-0.4788|0.1243||9.30|121|6.85|21
GME211217P00205000||||33.98|33.98|10|0.00|0.0000|0|165|0|0|-0.6780|0.0080|-0.0643|-0.5365|0.1282||36.35|24|32.10|82
GME211217C00207500||||8.90|8.90|11|0.00|0.0000|4|32|0|0|0.4522|0.0049|0.0844|-0.3047|0.2662||9.00|109|5.95|91
GME211217P00207500||||21.30|21.30|11|0.00|0.0000|0|181|0|0|-0.9817|0.0033|-0.0840|-0.0196|0.0160||38.45|15|34.15|84
GME211217C00210000||||7.50|7.50|12|0.00|0.0000|-30|815|0|0|0.2018|0.0085|0.0132|-0.3107|0.1007||8.45|131|5.90|81
GME211217P00210000||||36.95|36.95|12|0.00|0.0000|-11|215|0|0|-0.7929|0.0085|-0.0728|-0.3205|0.1022||40.75|33|36.25|88
GME211217C00212500|5.95|5.95|5.95|6.50|5.95|13|-0.55|-0.0846|0|22|2|2|0.2404|0.0078|0.0153|-0.4161|0.1113||8.05|98|5.75|3
GME211217P00212500||||42.25|42.25|13|0.00|0.0000|0|59|0|0|-0.5234|0.0041|-0.2252|-0.3666|0.2677||42.70|20|38.35|65
GME211217C00215000||||6.90|6.90|14|0.00|0.0000|4|97|0|0|0.2430|0.0073|0.0154|-0.4454|0.1119||7.00|74|5.30|44
GME211217P00215000||||42.25|42.25|14|0.00|0.0000|2|101|0|0|-0.5560|0.0044|-0.2311|-0.3305|0.2655||45.15|42|40.45|80
GME211217C00217500||||7.20|7.20|15|0.00|0.0000|1|39|0|0|0.2417|0.0070|0.0152|-0.4668|0.1114||7.00|112|5.00|30
GME211217P00217500||||47.80|47.80|15|0.00|0.0000|0|23|0|0|-0.5182|0.0037|-0.2342|-0.3992|0.2679||47.10|23|42.65|59
GME211217C00220000|5.35|5.35|5.35|6.50|5.35|16|-1.15|-0.1769|1|1903|1|1|0.1421|0.0067|0.0094|-0.2505|0.0804||6.90|155|5.00|1
GME211217P00220000||||46.55|46.55|16|0.00|0.0000|1|446|0|0|-0.8503|0.0068|-0.0806|-0.2657|0.0833||49.45|43|44.85|96
GME211217C00222500||||6.60|6.60|17|0.00|0.0000|2|69|0|0|0.2237|0.0065|0.0141|-0.4584|0.1069||6.85|116|4.55|12
GME211217P00222500||||49.15|49.15|17|0.00|0.0000|11|21|0|0|-0.7498|0.0063|-0.0760|-0.5311|0.1137||51.65|19|47.10|53
GME211217C00225000||||5.80|5.80|18|0.00|0.0000|-7|98|0|0|0.2022|0.0063|0.0128|-0.4216|0.1006||5.30|13|4.30|14
GME211217P00225000||||49.64|49.64|18|0.00|0.0000|-1|30|0|0|-0.7885|0.0063|-0.0791|-0.4437|0.1035||53.85|7|49.35|56
GME211217C00227500||||5.60|5.60|19|0.00|0.0000|0|8|0|0|0.1963|0.0061|0.0124|-0.4208|0.0990||5.30|75|4.10|7
GME211217P00227500||||51.86|51.86|19|0.00|0.0000|0|60|0|0|-0.7869|0.0060|-0.0855|-0.4365|0.1074||56.15|19|51.65|60
GME211217C00230000|6.00|6.00|6.00|5.09|6.00|20|0.91|0.1788|11|442|2|2|0.1031|0.0052|0.0068|-0.2057|0.0642||5.30|104|4.00|10
GME211217P00230000||||54.21|54.21|20|0.00|0.0000|1|64|0|0|-0.8839|0.0054|-0.0927|-0.2195|0.0722||58.80|27|53.95|38
GME211217C00232500|4.35|4.35|4.35|4.45|4.35|21|-0.10|-0.0225|0|80|1|1|0.1649|0.0056|0.0105|-0.3662|0.0887||5.30|97|3.65|42
GME211217P00232500||||53.30|53.30|21|0.00|0.0000|0|19|0|0|-0.8816|0.0052|-0.0878|-0.2487|0.0709||60.90|23|56.25|34
GME211217C00235000|4.25|4.25|4.25|5.14|4.25|22|-0.89|-0.1732|0|74|1|1|0.1774|0.0055|0.0112|-0.4136|0.0930||5.30|119|3.60|14
GME211217P00235000||||54.70|54.70|22|0.00|0.0000|0|60|0|0|-0.7235|0.0051|-0.2838|-0.2045|0.2249||63.40|15|58.55|53
GME211217C00240000|3.80|3.80|3.80|4.35|3.80|23|-0.55|-0.1264|48|356|1|1|0.0696|0.0039|0.0046|-0.1541|0.0477||4.70|104|3.35|50
GME211217P00240000||||65.50|65.50|23|0.00|0.0000|0|54|0|0|-0.9228|0.0041|-0.0935|-0.1710|0.0517||68.35|12|63.50|51
GME211217C00245000||||3.98|3.98|24|0.00|0.0000|143|230|0|0|0.3498|0.0041|0.0657|-0.3154|0.2489||4.70|151|3.15|16
GME211217P00245000||||71.40|71.40|24|0.00|0.0000|-2|47|0|0|-0.7801|0.0048|-0.0874|-0.6035|0.1059||73.35|28|68.25|35
GME211217C00250000|4.20|4.20|3.36|3.70|3.65|25|-0.05|-0.0135|-24|1145|1|10|0.0494|0.0029|0.0033|-0.1198|0.0366||3.80|24|2.97|14
GME211217P00250000||||73.53|73.53|25|0.00|0.0000|0|56|0|0|-0.9467|0.0030|-0.0992|-0.1288|0.0388||77.70|14|72.75|11
GME211217C00255000|2.84|2.84|2.84|3.60|2.84|26|-0.76|-0.2111|0|355|1|1|0.1260|0.0041|0.0080|-0.3481|0.0740||3.80|99|2.82|14
GME211217P00255000||||39.75|39.75|26|0.00|0.0000|0|5|0|0|-0.9996|0.0001|-0.1048|-0.0001|0.0005||82.70|29|77.50|28
GME211217C00260000||||3.40|3.40|27|0.00|0.0000|3|519|0|0|0.0340|0.0021|0.0023|-0.0895|0.0270||3.80|109|2.60|16
GME211217P00260000||||78.20|78.20|27|0.00|0.0000|0|21|0|0|-0.9629|0.0022|-0.1044|-0.0969|0.0290||87.70|24|82.25|51
GME211217C00270000||||2.82|2.82|28|0.00|0.0000|34|575|0|0|0.0247|0.0016|0.0017|-0.0701|0.0207||3.05|1|2.38|14
GME211217P00270000||||65.35|65.35|28|0.00|0.0000|0|49|0|0|-0.9678|0.0019|-0.1161|-0.0857|0.0267||97.10|25|91.90|51
GME211217C00280000||||2.63|2.63|29|0.00|0.0000|-3|2029|0|0|0.1668|0.0036|0.0351|-0.1650|0.1680||3.35|108|2.10|58
GME211217P00280000||||91.00|91.00|29|0.00|0.0000|0|10|0|0|-0.9800|0.0013|-0.1137|-0.0599|0.0173||107.10|28|101.60|21
GME211217C00290000||||2.57|2.57|30|0.00|0.0000|1|523|0|0|0.1523|0.0033|0.0321|-0.1586|0.1583||2.82|77|2.04|12
GME211217P00290000||||68.50|68.50|30|0.00|0.0000|0|25|0|0|-0.9836|0.0010|-0.1181|-0.0521|0.0146||117.10|21|111.45|11
GME211217C00300000|2.05|2.16|2.00|2.15|2.00|31|-0.15|-0.0698|560|5707|1|5|0.1382|0.0030|0.0292|-0.1508|0.1483||2.37|63|1.86|16
GME211217P00300000||||125.00|125.00|31|0.00|0.0000|0|20|0|0|-0.9859|0.0009|-0.1305|-0.0446|0.0133||126.95|13|121.20|11
GME211217C00310000||||2.03|2.03|32|0.00|0.0000|-2|367|0|0|0.0072|0.0005|0.0005|-0.0260|0.0072||2.37|97|1.80|1
GME211217P00310000||||102.75|102.75|32|0.00|0.0000|0|3|0|0|-0.8661|0.0029|-0.4220|-0.1522|0.1451||136.75|13|131.05|15
GME211217C00320000||||1.73|1.73|33|0.00|0.0000|41|448|0|0|0.0055|0.0004|0.0004|-0.0209|0.0057||2.37|109|1.58|9
GME211217P00320000||||96.00|96.00|33|0.00|0.0000|0|17|0|0|-0.9932|0.0005|-0.1310|-0.0248|0.0068||146.55|13|140.90|21
GME211217C00330000||||1.75|1.75|34|0.00|0.0000|0|213|0|0|0.1069|0.0024|0.0226|-0.1317|0.1238||2.37|160|1.00|174
GME211217P00330000||||159.50|159.50|34|0.00|0.0000|0|3|0|0|-0.9947|0.0004|-0.1353|-0.0197|0.0054||156.40|13|150.80|17
GME211217C00340000||||1.60|1.60|35|0.00|0.0000|0|232|0|0|0.0035|0.0003|0.0002|-0.0143|0.0037||2.37|177|1.00|169
GME211217P00340000||||126.85|126.85|35|0.00|0.0000|0|7|0|0|-0.9959|0.0003|-0.1394|-0.0157|0.0043||166.25|19|160.65|19
GME211217C00350000|1.50|1.50|1.50|1.40|1.50|36|0.10|0.0714|23|1013|1|1|0.0038|0.0003|0.0003|-0.0151|0.0041||1.96|105|1.00|100
GME211217P00350000||||133.85|133.85|36|0.00|0.0000|0|4|0|0|-0.9966|0.0002|-0.1436|-0.0134|0.0037||176.25|14|170.60|18
GME211217C00360000||||1.37|1.37|37|0.00|0.0000|-4|304|0|0|0.0024|0.0002|0.0002|-0.0108|0.0027||1.96|153|0.83|128
GME211217P00360000||||||37|||0|0|0|0|-0.9971|0.0002|-0.1477|-0.0116|0.0031||186.25|13|180.50|18
GME211217C00370000||||1.45|1.45|38|0.00|0.0000|0|447|0|0|0.0028|0.0002|0.0002|-0.0122|0.0032||1.96|155|0.81|144
GME211217P00370000||||172.65|172.65|38|0.00|0.0000|0|3|0|0|-0.9967|0.0002|-0.1619|-0.0130|0.0037||196.25|12|190.45|12
GME211217C00380000||||1.20|1.20|39|0.00|0.0000|-1|168|0|0|0.0018|0.0001|0.0001|-0.0083|0.0020||1.96|123|0.81|72
GME211217P00380000||||165.60|165.60|39|0.00|0.0000|0|17|0|0|-0.9980|0.0001|-0.1560|-0.0083|0.0023||205.95|12|200.40|12
GME211217C00390000||||1.18|1.18|40|0.00|0.0000|1|193|0|0|0.0016|0.0001|0.0001|-0.0078|0.0018||1.96|135|1.00|3
GME211217P00390000||||||40|||0|0|0|0|-0.9982|0.0001|-0.1601|-0.0074|0.0020||215.95|4|210.35|13
GME211217C00400000||||1.08|1.08|41|0.00|0.0000|19|1185|0|0|0.0013|0.0001|0.0001|-0.0064|0.0015||1.13|14|1.00|3
GME211217P00400000||||198.90|198.90|41|0.00|0.0000|0|3|0|0|-0.9984|0.0001|-0.1643|-0.0068|0.0019||225.95|4|220.25|20
GME211217C00410000||||1.00|1.00|42|0.00|0.0000|1|205|0|0|0.0010|0.0001|0.0001|-0.0053|0.0012||1.13|35|0.55|143
GME211217P00410000||||190.90|190.90|42|0.00|0.0000|0|3|0|0|-0.9986|0.0001|-0.1684|-0.0059|0.0016||235.60|12|230.20|47
GME211217C00420000||||0.95|0.95|43|0.00|0.0000|3|542|0|0|0.0009|0.0001|0.0001|-0.0048|0.0011||1.13|64|0.55|128
GME211217P00420000||||189.85|189.85|43|0.00|0.0000|0|16|0|0|-0.9992|0.0001|-0.1725|-0.0028|0.0010||246.00|18|240.20|24
GME211217C00430000||||0.97|0.97|44|0.00|0.0000|0|208|0|0|0.0008|0.0001|0.0001|-0.0042|0.0010||1.13|68|0.55|70
GME211217P00430000||||244.20|244.20|44|0.00|0.0000|0|0|0|0|-0.9357|0.0014|-0.6108|-0.1039|0.0846||256.00|12|250.15|22
GME211217C00440000||||1.15|1.15|45|0.00|0.0000|0|472|0|0|0.0007|0.0000|0.0000|-0.0037|0.0008||1.13|41|0.55|22
GME211217P00440000||||||45|||0|0|0|0|-0.9995|0.0000|-0.1808|-0.0015|0.0007||266.00|12|260.15|22
GME211217C00450000|0.60|0.60|0.60|0.79|0.60|46|-0.19|-0.2405|2|686|1|1|0.0005|0.0000|0.0000|-0.0030|0.0007||1.13|42|0.41|85
GME211217P00450000||||||46|||0|0|0|0|-0.9995|0.0000|-0.1849|-0.0012|0.0006||276.00|12|270.15|18
GME211217C00460000||||0.76|0.76|47|0.00|0.0000|2|1138|0|0|0.0005|0.0000|0.0000|-0.0030|0.0007||1.13|81|0.41|72
GME211217P00460000||||261.60|261.60|47|0.00|0.0000|0|5|0|0|-0.9438|0.0012|-0.6561|-0.0962|0.0761||286.00|12|280.15|12
GME211217C00470000||||0.78|0.78|48|0.00|0.0000|1|190|0|0|0.0230|0.0007|0.0014|-0.1416|0.0195||1.13|67|0.37|92
GME211217P00470000||||||48||||0|0|0|-1.0000|0.0000|-0.1931|0.0016|0.0000||296.95|6|290.10|9
GME211217C00480000||||0.60|0.60|49|0.00|0.0000|16|240|0|0|0.0181|0.0006|0.0011|-0.1132|0.0159||1.13|44|0.37|40
GME211217P00480000||||264.21|264.21|49|0.00|0.0000|0|7|0|0|-0.9826|0.0006|-0.1962|-0.1069|0.0153||306.00|12|300.10|4
GME211217C00490000||||0.52|0.52|50|0.00|0.0000|8|105|0|0|0.0160|0.0005|0.0010|-0.1018|0.0143||1.13|75|0.37|33
GME211217P00490000||||274.04|274.04|50|0.00|0.0000|0|7|0|0|-0.9841|0.0005|-0.2004|-0.0993|0.0142||316.65|12|310.10|7
GME211217C00500000||||0.50|0.50|51|0.00|0.0000|-47|2441|0|0|0.0153|0.0005|0.0010|-0.0990|0.0138||1.11|69|0.50|25
GME211217P00500000||||290.05|290.05|51|0.00|0.0000|0|7|0|0|-0.7664|0.0020|-0.6874|-0.4515|0.2059||326.00|12|320.10|12
GME211217C00510000|0.61|0.61|0.51|0.53|0.55|52|0.02|0.0377|25|1391|1|4|0.0158|0.0005|0.0010|-0.1045|0.0142||0.54|33|0.30|20
GME211217P00510000||||277.97|277.97|52|0.00|0.0000|0|0|0|0|-0.9953|0.0002|-0.2093|-0.0290|0.0049||336.00|6|329.95|4
GME211223C00100000||||80.77|80.77|12|0.00|0.0000|0|14|0|0|0.9712|0.0011|0.0542|-0.0908|0.0279||80.80|11|75.50|14
GME211223P00100000||||0.88|0.88|12|0.00|0.0000|8|124|0|0|-0.0318|0.0012|-0.0037|-0.1010|0.0302||1.74|48|0.25|50
GME211223C00110000||||||11||||0|0|0|1.0000|0.0000|0.0633|-0.0004|0.0000||71.20|12|65.85|12
GME211223P00110000||||1.33|1.33|11|0.00|0.0000|9|37|0|0|-0.0493|0.0018|-0.0058|-0.1356|0.0432||2.22|34|0.68|20
GME211223C00120000||||103.35|103.35|10|0.00|0.0000|0|1|0|0|0.8214|0.0012|0.0270|-1.3140|0.1105||61.80|18|56.15|13
GME211223P00120000||||1.15|1.15|10|0.00|0.0000|0|25|0|0|-0.0569|0.0024|-0.0068|-0.1218|0.0495||2.92|33|1.08|31
GME211223C00130000||||||9||||0|0|0|1.0000|0.0000|0.0784|-0.0005|0.0000||52.90|8|47.40|14
GME211223P00130000||||2.69|2.69|9|0.00|0.0000|70|142|0|0|-0.1059|0.0038|-0.0123|-0.2110|0.0774||3.90|42|1.34|50
GME211223C00140000||||||8||||0|0|0|1.0000|0.0000|0.0805|-0.0005|0.0000||44.20|20|38.65|18
GME211223P00140000||||4.40|4.40|8|0.00|0.0000|2|42|0|0|-0.1615|0.0051|-0.0191|-0.2787|0.1036||5.35|25|2.78|25
GME211223C00145000||||||7||||0|0|0|1.0000|0.0000|0.0834|-0.0005|0.0000||40.40|18|35.40|13
GME211223P00145000||||||7||||0|0|0|0.0000|0.0000|0.0000|0.0000|0.0000||6.35|36|3.25|40
GME211223C00150000||||55.90|55.90|6|0.00|0.0000|0|4|0|0|0.7156|0.0033|0.0446|-0.7994|0.1469||36.45|27|30.80|25
GME211223P00150000||||6.07|6.07|6|0.00|0.0000|-6|200|0|0|-0.2257|0.0065|-0.0281|-0.3135|0.1301||7.50|37|4.50|93
GME211223C00155000||||57.05|57.05|5|0.00|0.0000|0|10|0|0|0.6988|0.0031|0.0406|-0.9262|0.1474||32.85|25|27.90|23
GME211223P00155000||||9.30|9.30|5|0.00|0.0000|16|127|0|0|-0.2778|0.0065|-0.0358|-0.3920|0.1452||8.90|18|5.85|46
GME211223C00160000||||53.80|53.80|4|0.00|0.0000|0|12|0|0|0.6811|0.0032|0.0420|-0.9066|0.1546||29.50|28|24.55|29
GME211223P00160000||||9.45|9.45|4|0.00|0.0000|1|62|0|0|-0.3059|0.0077|-0.0370|-0.3798|0.1484||10.65|24|7.40|49
GME211223C00165000||||||3||||0|0|0|1.0000|0.0000|0.0949|-0.0006|0.0000||26.60|28|22.25|13
GME211223P00165000||||11.60|11.60|3|0.00|0.0000|0|21|0|0|-0.3495|0.0080|-0.0427|-0.4065|0.1567||12.80|19|9.25|45
GME211223C00170000||||25.94|25.94|2|0.00|0.0000|0|15|0|0|0.6073|0.0079|0.0488|-0.4460|0.1627||23.95|30|19.20|22
GME211223P00170000||||14.35|14.35|2|0.00|0.0000|0|33|0|0|-0.3927|0.0081|-0.0488|-0.4366|0.1627||15.05|16|11.35|31
GME211223C00175000|23.00|23.00|22.00|19.00|22.00|1|3.00|0.1579|0|3|1|2|0.5577|0.0104|0.0475|-0.3573|0.1670||21.00|36|17.15|15
GME211223P00175000|16.28|16.28|16.28|15.02|16.28|1|1.26|0.0839|-6|48|1|1|-0.4407|0.0091|-0.0542|-0.4078|0.1667||17.75|27|13.85|34
