symbol|open|high|low|preClose|close|activeLevel|change|changeRatio|openIntChange|openInterest|latestPriceVol|volume|delta|gamma|rho|theta|vega|tradeStamptradeTime|ask|avol|bid|bvol
GME211210C00100000|67.07|72.35|67.07|65.54|72.35|9|6.81|0.1039|1|2|5|10|0.8493|0.0019|0.0083|-2.9326|0.0450||71.95|12|66.50|3
GME211210P00100000|1.49|2.05|1.23|1.45|1.85|9|0.40|0.2759|481|720|7|1416|-0.0698|0.0021|-0.0019|-0.8531|0.0258||1.90|5|1.81|5
GME211210C00110000||||76.13|76.13|8|0.00|0.0000|0|2|0|0|0.8235|0.0023|0.0090|-2.9270|0.0499||62.30|13|57.30|15
GME211210P00110000|1.65|2.30|1.65|1.80|2.06|8|0.26|0.1444|89|304|1|271|-0.0887|0.0029|-0.0024|-0.9018|0.0309||2.20|10|2.03|43
GME211210C00120000||||56.97|56.97|7|0.00|0.0000|0|1|0|0|0.8462|0.0038|0.0122|-1.4800|0.0456||53.20|16|47.50|16
GME211210P00120000|2.50|2.90|2.03|2.43|2.60|7|0.17|0.0700|529|792|1|779|-0.1185|0.0039|-0.0031|-0.9980|0.0382||2.87|2|2.53|22
GME211210C00130000|38.97|43.65|38.97|38.97|41.19|6|2.22|0.0570|0|0|1|11|1.0000|0.0000|0.0178|-0.0004|0.0000||44.15|12|38.05|16
GME211210P00130000|3.25|3.85|2.88|3.10|3.40|6|0.30|0.0968|414|845|1|372|-0.1520|0.0055|-0.0040|-1.0143|0.0453||3.80|11|3.25|69
GME211210C00140000|30.25|30.25|30.25|29.50|30.25|5|0.75|0.0254|5|34|10|10|0.8500|0.0084|0.0155|-0.6490|0.0449||35.45|17|30.20|15
GME211210P00140000|4.70|5.50|3.70|4.30|4.43|5|0.13|0.0302|290|731|3|387|-0.2157|0.0074|-0.0056|-1.1637|0.0563||5.10|1|4.55|48
GME211210C00145000|28.00|28.00|25.50|24.75|25.99|4|1.24|0.0501|8|8|10|13|0.8180|0.0106|0.0154|-0.6578|0.0509||31.25|19|26.35|8
GME211210P00145000|5.25|6.55|4.98|5.20|5.80|4|0.60|0.1154|108|123|8|113|-0.2556|0.0084|-0.0067|-1.2317|0.0619||6.10|1|5.50|61
GME211210C00150000|25.89|26.40|24.66|24.62|24.66|3|0.04|0.0016|53|73|1|16|0.7155|0.0106|0.0133|-1.0870|0.0653||27.00|36|22.40|18
GME211210P00150000|6.90|8.20|5.75|6.25|6.45|3|0.20|0.0320|435|895|1|445|-0.2992|0.0096|-0.0078|-1.2624|0.0668||7.35|12|6.50|58
GME211210C00155000|21.89|23.00|21.89|23.55|23.00|2|-0.55|-0.0234|13|58|1|3|0.6638|0.0125|0.0127|-1.0627|0.0702||23.50|41|19.10|22
GME211210P00155000|8.20|9.73|7.55|8.00|8.32|2|0.32|0.0400|127|371|1|201|-0.3530|0.0102|-0.0093|-1.3587|0.0715||9.05|24|8.15|54
GME211210C00160000|18.50|19.60|15.05|21.00|19.60|1|-1.40|-0.0667|50|254|1|16|0.5965|0.0135|0.0116|-1.1136|0.0745||18.60|29|16.15|20
GME211210P00160000|10.40|11.85|8.50|9.45|9.65|1|0.20|0.0212|56|497|1|289|-0.4073|0.0106|-0.0109|-1.4200|0.0747||10.85|17|9.60|68
GME211210C00165000|16.50|16.50|12.35|18.15|15.40|1|-2.75|-0.1515|57|60|1|72|0.5263|0.0142|0.0104|-1.1182|0.0766||15.70|56|14.00|1
GME211210P00165000|12.95|14.18|10.30|10.85|11.55|1|0.70|0.0645|22|384|1|246|-0.4648|0.0116|-0.0124|-1.3630|0.0765||12.70|6|11.45|86
GME211210C00170000|12.80|14.60|10.10|14.85|12.66|2|-2.19|-0.1475|156|177|4|265|0.4687|0.0127|0.0092|-1.2473|0.0765||12.30|36|11.20|1
GME211210P00170000|15.35|17.00|12.10|13.48|13.70|2|0.22|0.0163|154|595|1|209|-0.5220|0.0116|-0.0141|-1.3639|0.0767||15.10|3|14.40|14
GME211210C00175000|10.15|11.91|8.55|13.46|9.50|3|-3.96|-0.2942|199|272|1|140|0.4057|0.0126|0.0080|-1.1931|0.0746||10.00|36|9.25|1
GME211210P00175000|18.75|19.06|15.38|16.00|17.85|3|1.85|0.1156|-4|518|1|76|-0.5673|0.0108|-0.0156|-1.4337|0.0757||18.60|11|16.00|79
GME211210C00177500|12.00|12.00|7.90|12.00|9.20|4|-2.80|-0.2333|20|47|1|127|0.3519|0.0137|0.0071|-1.0070|0.0714||9.60|70|7.70|36
GME211210P00177500|20.35|20.35|16.80|22.55|18.57|4|-3.98|-0.1765|32|266|5|23|-0.5934|0.0107|-0.0164|-1.4053|0.0747||20.20|17|17.35|52
GME211210C00180000|8.40|10.00|7.00|11.20|7.40|5|-3.80|-0.3393|98|404|1|241|0.3526|0.0118|0.0070|-1.1653|0.0715||8.10|34|7.10|17
GME211210P00180000|21.67|23.10|18.48|19.50|19.95|5|0.45|0.0231|-75|630|2|36|-0.5962|0.0096|-0.0170|-1.5686|0.0745||22.05|26|18.95|77
GME211210C00182500|7.53|8.70|6.46|9.20|6.92|6|-2.28|-0.2478|82|148|1|46|0.3099|0.0121|0.0063|-1.0323|0.0679||7.85|88|6.35|46
GME211210P00182500|21.20|23.00|21.20|26.97|21.60|6|-5.37|-0.1991|27|232|5|10|-0.6213|0.0096|-0.0177|-1.5143|0.0732||23.85|20|19.85|72
GME211210C00185000|7.00|8.00|5.50|9.00|6.30|7|-2.70|-0.3000|114|246|6|390|0.2922|0.0113|0.0059|-1.0406|0.0661||6.60|40|6.00|2
GME211210P00185000|24.00|26.95|22.09|22.22|22.09|7|-0.13|-0.0059|13|469|1|11|-0.6132|0.0084|-0.0181|-1.7395|0.0737||25.70|15|21.95|55
GME211210C00187500|5.05|7.00|5.05|8.15|5.67|8|-2.48|-0.3043|18|82|1|42|0.2596|0.0110|0.0053|-0.9525|0.0624||5.95|41|5.15|16
GME211210P00187500|24.95|26.55|24.95|29.08|26.55|8|-2.53|-0.0870|3|259|1|4|-0.6591|0.0091|-0.0191|-1.4837|0.0706||27.60|19|22.85|77
GME211210C00190000|6.42|6.71|4.40|8.00|5.60|9|-2.40|-0.3000|151|350|2|199|0.2466|0.0103|0.0050|-0.9627|0.0607||5.45|49|4.60|23
GME211210P00190000|27.48|30.38|26.60|29.43|27.21|9|-2.22|-0.0754|14|512|1|13|-0.6958|0.0092|-0.0201|-1.3234|0.0673||29.45|16|25.35|63
GME211210C00192500|5.25|5.85|4.10|6.25|5.50|10|-0.75|-0.1200|0|88|1|33|0.2084|0.0100|0.0043|-0.8261|0.0552||5.00|67|4.10|32
GME211210P00192500|30.60|30.60|27.83|35.21|27.83|10|-7.38|-0.2096|4|122|2|7|-0.6881|0.0084|-0.0204|-1.4819|0.0681||31.50|16|26.95|67
GME211210C00195000|6.25|6.25|3.70|6.43|4.10|11|-2.33|-0.3624|42|292|1|115|0.2028|0.0093|0.0041|-0.8561|0.0543||4.30|42|3.75|8
GME211210P00195000|31.53|31.53|31.53|35.56|31.53|11|-4.03|-0.1133|18|303|4|8|-0.7207|0.0085|-0.0213|-1.3343|0.0647||33.60|15|28.85|58
GME211210C00197500|4.90|4.90|3.55|6.00|3.65|12|-2.35|-0.3917|21|127|3|68|0.1701|0.0088|0.0035|-0.7320|0.0487||3.80|27|3.35|14
GME211210P00197500|34.54|34.54|31.95|36.83|33.48|12|-3.35|-0.0910|1|120|4|15|-0.7363|0.0082|-0.0219|-1.3051|0.0629||35.75|15|31.15|68
GME211210C00200000|4.30|5.20|3.00|5.67|3.30|13|-2.37|-0.4180|954|1728|1|1125|0.1752|0.0082|0.0036|-0.8069|0.0497||3.45|26|3.10|2
GME211210P00200000|36.41|39.35|35.85|43.50|37.86|13|-5.64|-0.1297|19|699|2|21|-0.7092|0.0074|-0.0219|-1.5926|0.0660||37.95|16|33.65|12
GME211210C00202500|4.30|4.35|2.81|5.15|3.30|14|-1.85|-0.3592|17|94|1|65|0.1509|0.0077|0.0031|-0.7120|0.0451||3.15|36|2.74|28
GME211210P00202500||||45.70|45.70|14|0.00|0.0000|-13|35|0|0|-0.6440|0.0061|-0.0214|-2.2920|0.0717||40.25|17|35.75|12
GME211210C00205000|3.50|3.85|2.50|4.74|2.81|15|-1.93|-0.4072|69|238|1|88|0.1401|0.0072|0.0029|-0.6878|0.0429||2.89|33|2.52|10
GME211210P00205000||||38.52|38.52|15|0.00|0.0000|4|180|0|0|-0.8003|0.0074|-0.0241|-1.0579|0.0538||42.40|12|37.40|23
GME211210C00207500|3.00|3.35|2.38|4.00|2.38|16|-1.62|-0.4050|4|82|1|25|0.1253|0.0067|0.0026|-0.6345|0.0397||2.64|31|2.30|14
GME211210P00207500|42.18|42.53|42.18|49.37|42.53|16|-6.84|-0.1385|6|26|5|6|-0.7719|0.0069|-0.0240|-1.3163|0.0582||44.85|18|39.90|17
GME211210C00210000|2.99|3.21|2.11|4.02|2.30|17|-1.72|-0.4279|23|359|1|173|0.1158|0.0063|0.0024|-0.6074|0.0375||2.37|25|2.15|1
GME211210P00210000|44.42|45.25|42.55|47.00|44.96|17|-2.04|-0.0434|29|141|5|27|-0.7768|0.0067|-0.0244|-1.3369|0.0575||46.85|13|42.40|22
GME211210C00212500|2.92|2.96|2.25|3.05|2.25|18|-0.80|-0.2623|8|88|1|9|0.1091|0.0059|0.0022|-0.5935|0.0360||2.22|34|1.98|19
GME211210P00212500|48.25|48.25|48.25|44.38|48.25|18|3.87|0.0872|1|38|1|1|-0.7654|0.0063|-0.0246|-1.4857|0.0591||49.15|13|44.90|16
GME211210C00215000|3.35|3.35|1.93|3.50|2.07|19|-1.43|-0.4086|50|216|1|41|0.1046|0.0057|0.0022|-0.5807|0.0351||2.17|39|1.84|15
GME211210P00215000||||50.45|50.45|19|0.00|0.0000|41|73|0|0|-0.7675|0.0062|-0.0250|-1.5039|0.0592||51.65|13|47.40|28
GME211210C00217500|3.20|3.20|1.98|2.86|2.25|20|-0.61|-0.2133|5|35|1|6|0.0948|0.0052|0.0020|-0.5500|0.0325||2.07|32|1.71|17
GME211210P00217500|53.30|53.30|53.30|49.60|53.30|20|3.70|0.0746|10|37|1|1|-0.7707|0.0059|-0.0254|-1.5532|0.0583||53.80|13|49.45|12
GME211210C00220000|2.95|2.95|1.73|3.00|1.80|21|-1.20|-0.4000|8|421|1|338|0.0944|0.0050|0.0019|-0.5684|0.0324||1.83|35|1.62|13
GME211210P00220000|54.50|54.50|54.50|55.33|54.50|21|-0.83|-0.0150|9|165|2|2|-0.7819|0.0058|-0.0260|-1.5085|0.0567||56.30|12|51.85|23
GME211210C00222500|2.64|2.64|1.60|2.00|1.60|22|-0.40|-0.2000|4|92|1|20|0.0866|0.0047|0.0018|-0.5352|0.0304||1.72|31|1.48|34
GME211210P00222500||||42.95|42.95|22|0.00|0.0000|1|39|0|0|-0.9989|0.0002|-0.0305|-0.0053|0.0007||58.80|1|54.35|25
GME211210C00225000|2.60|2.60|1.59|2.70|1.60|23|-1.10|-0.4074|124|472|2|92|0.0891|0.0046|0.0018|-0.5639|0.0312||1.61|28|1.42|31
GME211210P00225000|54.45|54.45|54.45|63.55|54.45|23|-9.10|-0.1432|15|477|1|1|-0.9229|0.0043|-0.0292|-0.4808|0.0280||61.20|2|56.85|29
GME211210C00227500|2.19|2.19|1.54|2.10|1.66|24|-0.44|-0.2095|11|35|1|10|0.0852|0.0043|0.0017|-0.5620|0.0300||1.60|30|1.36|15
GME211210P00227500||||34.06|34.06|24|0.00|0.0000|0|35|0|0|-1.0000|0.0000|-0.0312|0.0007|0.0000||63.70|10|59.10|13
GME211210C00230000|2.02|2.02|1.36|2.40|1.41|25|-0.99|-0.4125|75|470|1|126|0.0742|0.0040|0.0015|-0.4989|0.0270||1.42|16|1.29|9
GME211210P00230000||||63.29|63.29|25|0.00|0.0000|-18|20|0|0|-0.8303|0.0051|-0.0282|-1.2587|0.0486||66.20|2|61.60|13
GME211210C00232500|1.97|1.97|1.35|1.90|1.35|26|-0.55|-0.2895|22|55|1|6|0.0654|0.0036|0.0013|-0.4487|0.0245||1.42|31|1.24|13
GME211210P00232500||||68.97|68.97|26|0.00|0.0000|-1|5|0|0|-0.7746|0.0049|-0.0277|-1.8211|0.0578||68.70|10|64.10|3
GME211210C00235000|2.04|2.04|1.29|2.11|1.29|27|-0.82|-0.3886|-34|864|1|51|0.0709|0.0037|0.0015|-0.4979|0.0263||1.39|30|1.17|7
GME211210P00235000||||74.05|74.05|27|0.00|0.0000|-3|32|0|0|-0.7338|0.0047|-0.0274|-2.2819|0.0636||71.20|10|66.45|13
GME211210C00237500|1.67|1.67|1.26|2.00|1.35|28|-0.65|-0.3250|1|20|1|3|0.0622|0.0033|0.0013|-0.4492|0.0236||1.34|27|1.12|19
GME211210P00237500||||76.45|76.45|28|0.00|0.0000|-1|24|0|0|-0.7423|0.0046|-0.0280|-2.2594|0.0621||73.75|2|68.75|5
GME211210C00240000|1.58|1.67|1.16|1.91|1.16|29|-0.75|-0.3927|-15|302|1|83|0.0567|0.0031|0.0012|-0.4184|0.0219||1.28|25|1.10|6
GME211210P00240000|74.06|74.06|74.06|79.00|74.06|29|-4.94|-0.0625|-3|31|1|1|-0.8221|0.0046|-0.0295|-1.4766|0.0501||76.25|4|71.25|13
GME211210C00245000|1.42|1.45|1.06|1.80|1.06|30|-0.74|-0.4111|16|182|2|67|0.0561|0.0030|0.0012|-0.4303|0.0219||1.13|28|1.00|3
GME211210P00245000||||50.19|50.19|30|0.00|0.0000|0|23|0|0|-1.0000|0.0000|-0.0336|0.0005|0.0000||80.70|13|75.70|13
GME211210C00250000|1.50|1.60|0.97|1.71|1.00|31|-0.71|-0.4152|563|2863|1|1390|0.0544|0.0028|0.0011|-0.4403|0.0212||1.01|30|1.00|1
GME211210P00250000|83.20|83.20|83.20|60.35|83.20|31|22.85|0.3786|0|15|2|2|-0.9998|0.0000|-0.0342|-0.0008|0.0002||85.70|12|80.60|4
GME211210C00255000|1.33|1.33|0.94|1.61|0.96|32|-0.65|-0.4037|12|73|1|126|0.0477|0.0025|0.0010|-0.4004|0.0191||0.93|8|0.92|1
GME211210P00255000||||40.40|40.40|32|0.00|0.0000|0|5|0|0|-1.0000|0.0000|-0.0349|0.0008|0.0000||90.70|12|85.50|3
GME211210C00260000|1.45|1.45|0.84|1.44|0.95|33|-0.49|-0.3403|-82|892|1|1198|0.0465|0.0023|0.0009|-0.4058|0.0187||0.94|13|0.80|11
GME211210P00260000||||69.85|69.85|33|0.00|0.0000|0|22|0|0|-0.9997|0.0000|-0.0356|-0.0014|0.0002||96.25|4|90.60|13
GME211210C00270000|0.88|1.15|0.76|1.30|0.77|34|-0.53|-0.4077|-13|180|1|265|0.0397|0.0020|0.0008|-0.3705|0.0165||0.81|15|0.69|5
GME211210P00270000||||103.46|103.46|34|0.00|0.0000|1|15|0|0|-0.8483|0.0035|-0.0342|-1.5559|0.0452||105.55|13|100.40|4
GME211210C00280000|1.14|1.14|0.75|1.08|0.75|35|-0.33|-0.3056|17|259|1|27|0.0378|0.0018|0.0008|-0.3760|0.0158||0.71|14|0.56|19
GME211210P00280000||||112.20|112.20|35|0.00|0.0000|5|6|0|0|-0.8753|0.0032|-0.0360|-1.3318|0.0395||115.95|12|110.35|12
GME211210C00290000|1.09|1.09|0.61|1.10|0.64|36|-0.46|-0.4182|384|555|6|30|0.0316|0.0015|0.0006|-0.3311|0.0137||0.65|12|0.55|6
GME211210P00290000||||82.25|82.25|36|0.00|0.0000|0|7|0|0|-1.0000|0.0000|-0.0397|0.0009|0.0000||125.55|12|120.35|12
GME211210C00300000|0.90|0.95|0.55|1.00|0.55|37|-0.45|-0.4500|291|1210|1|401|0.0297|0.0014|0.0006|-0.3284|0.0130||0.58|8|0.50|10
GME211210P00300000||||76.00|76.00|37|0.00|0.0000|0|14|0|0|-1.0000|0.0000|-0.0411|0.0010|0.0000||135.45|15|130.30|41
GME211210C00310000|0.93|0.93|0.47|1.00|0.47|38|-0.53|-0.5300|19|283|2|23|0.0263|0.0012|0.0005|-0.3037|0.0117||0.53|10|0.45|8
GME211210P00310000||||83.61|83.61|38|0.00|0.0000|0|4|0|0|-1.0000|0.0000|-0.0425|0.0008|0.0000||145.85|12|140.30|12
GME211210C00320000|1.10|1.10|0.49|0.90|0.49|39|-0.41|-0.4556|1|277|1|19|0.0243|0.0011|0.0005|-0.2935|0.0110||0.72|25|0.30|22
GME211210P00320000||||89.47|89.47|39|0.00|0.0000|0|3|0|0|-1.0000|0.0000|-0.0438|0.0010|0.0000||155.25|13|150.25|28
GME211210C00330000|0.73|0.73|0.45|0.80|0.45|40|-0.35|-0.4375|3|249|2|84|0.0221|0.0010|0.0004|-0.2777|0.0101||0.51|12|0.45|5
GME211210P00330000||||||40||||0|0|0|-1.0000|0.0000|-0.0452|0.0011|0.0000||165.70|12|160.25|12
GME211210C00340000|0.75|0.78|0.46|0.82|0.49|41|-0.33|-0.4024|44|131|5|60|0.0203|0.0009|0.0004|-0.2645|0.0094||0.59|30|0.30|26
GME211210P00340000||||||41||||0|0|0|-1.0000|0.0000|-0.0466|0.0011|0.0000||175.60|12|170.25|12
GME211210C00350000|0.65|0.79|0.38|0.77|0.41|42|-0.36|-0.4675|62|499|2|203|0.0172|0.0008|0.0003|-0.2314|0.0082||0.47|23|0.37|1
GME211210P00350000||||||42||||0|0|0|-1.0000|0.0000|-0.0479|0.0011|0.0000||185.40|12|180.25|12
GME211210C00360000|0.61|0.61|0.35|0.77|0.35|43|-0.42|-0.5455|4|89|2|69|0.0179|0.0008|0.0004|-0.2497|0.0085||0.40|27|0.33|1
GME211210P00360000||||||43||||0|0|0|-1.0000|0.0000|-0.0493|0.0012|0.0000||195.35|12|190.25|12
GME211210C00370000||||0.73|0.73|44|0.00|0.0000|17|38|0|0|0.0277|0.0010|0.0005|-0.4026|0.0123||0.32|6|0.30|2
GME211210P00370000||||||44||||0|0|0|-1.0000|0.0000|-0.0507|0.0012|0.0000||205.40|12|200.30|12
GME211210C00380000|0.70|0.70|0.30|0.66|0.30|45|-0.36|-0.5455|7|57|1|3|0.0251|0.0009|0.0005|-0.3754|0.0114||0.29|11|0.26|8
GME211210P00380000||||||45||||0|0|0|-1.0000|0.0000|-0.0521|0.0012|0.0000||215.30|12|210.30|12
GME211210C00390000|0.56|0.56|0.32|0.60|0.33|46|-0.27|-0.4500|27|79|1|112|0.0137|0.0006|0.0003|-0.2076|0.0068||0.27|9|0.24|8
GME211210P00390000||||||46||||0|0|0|-1.0000|0.0000|-0.0534|0.0013|0.0000||225.10|15|220.30|12
GME211210C00400000|0.54|0.54|0.20|0.54|0.25|47|-0.29|-0.5370|108|528|1|72|0.0090|0.0004|0.0002|-0.1405|0.0047||0.25|9|0.22|13
GME211210P00400000||||||47||||0|0|0|0.0000|0.0000|0.0000|0.0000|0.0000||235.35|12|230.10|28
GME211210C00410000|0.29|0.29|0.23|0.53|0.23|48|-0.30|-0.5660|11|70|1|39|0.0111|0.0005|0.0002|-0.1779|0.0057||0.24|6|0.21|12
GME211210P00410000||||||48||||0|0|0|-1.0000|0.0000|-0.0562|0.0013|0.0000||245.30|12|240.30|12
GME211210C00420000|0.48|0.48|0.21|0.49|0.23|49|-0.26|-0.5306|7|178|2|57|0.0106|0.0005|0.0002|-0.1739|0.0054||0.22|9|0.19|14
GME211210P00420000||||||49||||0|0|0|0.0000|0.0000|0.0000|0.0000|0.0000||255.30|12|250.30|12
GME211210C00430000|0.98|0.98|0.20|0.50|0.20|50|-0.30|-0.6000|2|306|1|6|0.0087|0.0004|0.0002|-0.1452|0.0046||0.35|12|0.20|1
GME211210P00430000||||||50||||0|0|0|-1.0000|0.0000|-0.0589|0.0014|0.0000||266.75|12|260.10|10
GME211210C00440000|0.35|0.42|0.30|0.44|0.30|51|-0.14|-0.3182|13|80|3|6|0.0121|0.0005|0.0002|-0.2068|0.0061||0.21|5|0.15|5
GME211210P00440000||||||51||||0|0|0|-1.0000|0.0000|-0.0603|0.0014|0.0000||275.95|4|270.10|12
GME211210C00450000|0.47|0.47|0.18|0.40|0.22|52|-0.18|-0.4500|8|296|6|40|0.0099|0.0004|0.0002|-0.1727|0.0051||0.20|7|0.18|8
GME211210P00450000||||||52||||0|0|0|-1.0000|0.0000|-0.0616|0.0015|0.0000||286.30|1|280.10|25
GME211210C00460000|0.36|0.36|0.12|0.40|0.12|53|-0.28|-0.7000|48|66|1|103|0.0062|0.0003|0.0001|-0.1097|0.0034||0.26|13|0.01|1
GME211210P00460000||||||53||||0|0|0|-1.0000|0.0000|-0.0630|0.0015|0.0000||296.25|3|290.15|12
GME211210C00470000|0.35|0.35|0.19|0.37|0.19|54|-0.18|-0.4865|1|23|5|210|0.0079|0.0003|0.0002|-0.1438|0.0042||0.35|16|0.16|1
GME211210P00470000||||||54||||0|0|0|-1.0000|0.0000|-0.0644|0.0015|0.0000||306.25|4|300.15|25
GME211210C00480000|0.31|0.48|0.15|0.40|0.40|55|0.00|0.0000|40|73|3|16|0.0146|0.0005|0.0003|-0.2721|0.0072||0.32|2|0.05|16
GME211210P00480000||||||55||||0|0|0|-1.0000|0.0000|-0.0658|0.0016|0.0000||316.20|4|310.15|25
GME211210C00490000|0.50|0.50|0.18|0.35|0.18|56|-0.17|-0.4857|8|101|1|39|0.0077|0.0003|0.0002|-0.1456|0.0041||0.27|1|0.08|1
GME211210P00490000||||||56||||0|0|0|-1.0000|0.0000|-0.0671|0.0016|0.0000||326.20|4|320.15|25
GME211210C00500000|0.35|0.35|0.16|0.38|0.18|57|-0.20|-0.5263|43|893|1|87|0.0080|0.0003|0.0002|-0.1533|0.0043||0.20|1|0.16|4
GME211210P00500000||||||57||||0|0|0|-1.0000|0.0000|-0.0685|0.0016|0.0000||336.15|4|330.15|25
GME211210C00510000|0.30|0.34|0.14|0.35|0.17|58|-0.18|-0.5143|329|2355|2|434|0.0073|0.0003|0.0001|-0.1411|0.0039||0.18|1|0.15|43
GME211210P00510000||||||58||||0|0|0|-1.0000|0.0000|-0.0699|0.0017|0.0000||346.15|4|340.15|25
GME211217C00080000||||94.56|94.56|16|0.00|0.0000|0|2|0|0|0.9436|0.0013|0.0223|-0.4281|0.0339||90.05|2|86.50|2
GME211217P00080000|1.30|1.60|1.00|1.28|1.53|16|0.25|0.1953|256|606|2|282|-0.0432|0.0011|-0.0029|-0.3079|0.0273||1.65|5|1.42|18
GME211217C00085000||||95.85|95.85|15|0.00|0.0000|0|1|0|0|0.8925|0.0015|0.0190|-0.9807|0.0552||85.20|2|81.85|13
GME211217P00085000|1.75|1.77|1.52|1.39|1.77|15|0.38|0.2734|-1|120|5|7|-0.0469|0.0013|-0.0031|-0.3060|0.0292||1.98|21|1.60|1
GME211217C00090000||||137.00|137.00|14|0.00|0.0000|0|4|0|0|0.8796|0.0008|0.0101|-2.1786|0.0598||80.40|2|76.85|12
GME211217P00090000|1.88|1.88|1.57|1.47|1.82|14|0.35|0.2381|73|141|1|36|-0.0565|0.0016|-0.0037|-0.3439|0.0339||2.18|51|1.69|22
GME211217C00100000||||79.69|79.69|13|0.00|0.0000|0|50|0|0|0.9984|0.0002|0.0328|-0.0066|0.0016||70.85|2|67.25|12
GME211217P00100000|2.04|2.38|1.85|1.90|2.28|13|0.38|0.2000|387|1051|2|329|-0.0019|0.0002|-0.0001|-0.0073|0.0018||2.41|1|2.25|3
GME211217C00105000||||66.05|66.05|12|0.00|0.0000|0|1|0|0|0.9965|0.0004|0.0343|-0.0129|0.0032||66.10|16|62.50|15
GME211217P00105000|2.50|2.55|2.45|2.36|2.55|12|0.19|0.0805|13|153|4|6|-0.0037|0.0004|-0.0002|-0.0132|0.0033||2.78|14|2.30|57
GME211217C00110000||||73.25|73.25|11|0.00|0.0000|0|1|0|0|0.9940|0.0006|0.0358|-0.0198|0.0051||61.45|13|57.70|15
GME211217P00110000|2.64|2.88|2.58|2.50|2.81|11|0.31|0.1240|0|354|4|50|-0.0072|0.0007|-0.0004|-0.0233|0.0059||3.10|25|2.56|65
GME211217C00115000||||112.11|112.11|10|0.00|0.0000|0|2|0|0|0.9894|0.0011|0.0372|-0.0314|0.0084||56.85|13|53.20|12
GME211217P00115000|3.30|3.45|3.07|2.87|3.30|10|0.43|0.1498|18|180|1|18|-0.0136|0.0013|-0.0008|-0.0403|0.0104||3.50|24|3.00|50
GME211217C00120000||||44.77|44.77|9|0.00|0.0000|5|56|0|0|0.9803|0.0018|0.0383|-0.0526|0.0143||52.30|13|48.85|12
GME211217P00120000|3.60|3.95|3.50|3.25|3.80|9|0.55|0.1692|170|328|1|35|-0.0239|0.0021|-0.0014|-0.0642|0.0168||4.00|24|3.40|68
GME211217C00125000||||79.68|79.68|8|0.00|0.0000|0|35|0|0|0.9627|0.0031|0.0389|-0.0904|0.0243||47.95|16|44.30|3
GME211217P00125000|4.70|4.90|3.75|4.41|4.20|8|-0.21|-0.0476|148|355|1|405|-0.0420|0.0033|-0.0024|-0.1025|0.0267||4.40|1|4.10|11
GME211217C00130000||||43.52|43.52|7|0.00|0.0000|0|10|0|0|0.9401|0.0045|0.0393|-0.1302|0.0355||43.65|7|40.25|12
GME211217P00130000|5.00|5.55|4.66|5.00|4.87|7|-0.13|-0.0260|129|335|1|66|-0.0662|0.0047|-0.0039|-0.1456|0.0383||5.35|21|4.50|100
GME211217C00135000||||36.02|36.02|6|0.00|0.0000|0|3|0|0|0.9056|0.0064|0.0389|-0.1849|0.0502||39.50|13|36.25|12
GME211217P00135000|5.78|5.78|5.78|6.65|5.78|6|-0.87|-0.1308|2|151|2|2|-0.0987|0.0065|-0.0058|-0.1947|0.0518||6.45|61|5.15|110
GME211217C00140000|33.50|33.50|33.50|34.60|33.50|5|-1.10|-0.0318|1|149|1|1|0.8643|0.0084|0.0381|-0.2358|0.0650||35.55|35|32.60|10
GME211217P00140000|7.35|8.13|5.90|6.90|7.35|5|0.45|0.0652|102|915|4|244|-0.1429|0.0084|-0.0084|-0.2525|0.0673||7.35|20|6.30|108
GME211217C00145000||||27.00|27.00|4|0.00|0.0000|2|59|0|0|0.8083|0.0104|0.0363|-0.2975|0.0814||31.80|22|28.95|4
GME211217P00145000|8.40|9.49|7.70|8.20|8.60|4|0.40|0.0488|18|252|2|32|-0.1989|0.0103|-0.0118|-0.3155|0.0832||8.75|30|7.65|94
GME211217C00150000||||27.40|27.40|3|0.00|0.0000|11|82|0|0|0.7437|0.0122|0.0340|-0.3536|0.0960||28.25|22|25.45|10
GME211217P00150000|10.75|11.40|8.35|9.15|9.66|3|0.51|0.0557|40|1882|1|406|-0.2605|0.0120|-0.0156|-0.3656|0.0968||10.35|22|8.95|125
GME211217C00155000|24.92|24.92|24.92|20.20|24.92|2|4.72|0.2337|14|26|4|4|0.6743|0.0138|0.0313|-0.3931|0.1074||24.95|23|21.95|9
GME211217P00155000|12.65|12.65|10.55|12.49|11.30|2|-1.19|-0.0953|97|405|2|17|-0.3283|0.0135|-0.0198|-0.4039|0.1078||12.15|26|10.70|117
GME211217C00160000|22.03|22.32|22.00|22.85|22.00|1|-0.85|-0.0372|41|137|1|10|0.5998|0.0149|0.0283|-0.4186|0.1152||21.95|57|19.55|18
GME211217P00160000|13.30|15.25|12.10|14.25|13.80|1|-0.45|-0.0316|6|1046|1|54|-0.4013|0.0144|-0.0245|-0.4323|0.1153||14.25|14|12.75|116
GME211217C00165000|19.10|19.35|16.99|19.49|18.90|1|-0.59|-0.0303|-3|79|1|11|0.5238|0.0151|0.0249|-0.4378|0.1187||19.20|49|16.60|15
GME211217P00165000|16.10|17.75|13.60|15.80|15.73|1|-0.07|-0.0044|43|353|2|135|-0.4752|0.0147|-0.0293|-0.4488|0.1187||16.55|23|15.00|88
GME211217C00170000|17.25|17.45|15.50|19.50|15.73|2|-3.77|-0.1933|18|135|1|75|0.4511|0.0148|0.0217|-0.4410|0.1181||16.65|70|14.10|18
GME211217P00170000|19.15|20.45|16.00|17.60|18.61|2|1.01|0.0574|26|1092|1|31|-0.5460|0.0145|-0.0342|-0.4522|0.1182||19.45|19|17.50|93
GME211217C00175000|14.32|16.15|13.50|15.96|13.55|3|-2.41|-0.1510|25|208|7|30|0.3802|0.0144|0.0184|-0.4207|0.1135||14.25|85|12.20|20
GME211217P00175000|21.55|23.50|18.92|19.30|21.50|3|2.20|0.1140|65|785|1|103|-0.6144|0.0140|-0.0389|-0.4351|0.1140||22.35|19|20.50|56
GME211217C00180000|12.68|13.50|10.40|14.75|11.60|4|-3.15|-0.2136|61|503|10|299|0.3166|0.0134|0.0155|-0.3948|0.1062||11.60|1|10.55|1
GME211217P00180000|24.32|26.10|23.42|23.68|23.96|4|0.28|0.0118|54|1128|1|7|-0.6780|0.0132|-0.0435|-0.4067|0.1069||25.20|9|22.65|53
GME211217C00185000|10.90|12.00|10.19|12.22|10.65|5|-1.57|-0.1285|14|284|2|8|0.2602|0.0121|0.0128|-0.3616|0.0968||11.10|93|8.70|82
GME211217P00185000|28.90|29.54|25.52|27.75|25.54|5|-2.21|-0.0796|-9|246|1|11|-0.7348|0.0120|-0.0478|-0.3716|0.0977||28.80|3|26.05|17
GME211217C00187500|9.22|9.40|9.22|8.62|9.40|6|0.78|0.0905|3|42|2|3|0.3196|0.0096|0.0150|-0.5525|0.1066||10.10|77|8.45|25
GME211217P00187500||||34.50|34.50|6|0.00|0.0000|0|116|0|0|-0.5708|0.0066|-0.0435|-0.9788|0.1171||30.80|1|27.85|64
GME211217C00190000|10.50|10.50|7.71|11.00|8.50|7|-2.50|-0.2273|19|273|2|20|0.2117|0.0108|0.0105|-0.3248|0.0863||9.00|59|7.85|35
GME211217P00190000|32.80|32.80|31.00|32.96|31.13|7|-1.83|-0.0555|-15|431|2|34|-0.7816|0.0107|-0.0517|-0.3381|0.0879||32.50|5|29.65|15
GME211217C00192500|8.45|10.60|7.70|8.20|7.70|8|-0.50|-0.0610|9|39|1|7|0.2779|0.0091|0.0132|-0.5162|0.1000||8.90|97|7.25|42
GME211217P00192500||||38.40|38.40|8|0.00|0.0000|2|113|0|0|-0.5936|0.0063|-0.0461|-0.9888|0.1157||34.95|4|31.55|13
GME211217C00195000|8.00|8.35|7.10|8.75|7.20|9|-1.55|-0.1771|11|158|1|9|0.1717|0.0094|0.0085|-0.2886|0.0759||8.25|98|6.80|36
GME211217P00195000|36.78|36.78|34.80|36.79|34.80|9|-1.99|-0.0541|-32|441|1|27|-0.8223|0.0094|-0.0553|-0.3006|0.0776||36.45|9|34.35|22
GME211217C00197500|7.80|7.80|7.80|8.05|7.80|10|-0.25|-0.0311|-4|37|1|1|0.2679|0.0081|0.0126|-0.5567|0.0982||8.00|74|6.25|27
GME211217P00197500||||42.50|42.50|10|0.00|0.0000|0|93|0|0|-0.6137|0.0061|-0.0486|-1.0002|0.1141||38.70|4|35.50|18
GME211217C00200000|7.80|8.05|5.60|8.80|6.25|11|-2.55|-0.2898|716|2717|1|501|0.1395|0.0080|0.0069|-0.2554|0.0662||6.60|16|6.00|6
GME211217P00200000|39.83|39.83|35.75|40.50|38.83|11|-1.67|-0.0412|0|1919|2|50|-0.8539|0.0081|-0.0585|-0.2690|0.0683||40.85|6|37.55|10
GME211217C00202500|6.70|6.70|5.40|6.50|6.00|12|-0.50|-0.0769|-1|35|1|7|0.2084|0.0078|0.0100|-0.4426|0.0855||6.60|58|5.40|58
GME211217P00202500||||39.87|39.87|12|0.00|0.0000|3|120|0|0|-0.7192|0.0071|-0.0537|-0.6633|0.1005||43.20|12|39.65|16
GME211217C00205000|6.65|6.80|6.00|6.70|6.05|13|-0.65|-0.0970|11|64|1|12|0.2255|0.0073|0.0106|-0.5158|0.0895||6.25|46|5.05|27
GME211217P00205000|44.49|44.49|42.73|44.80|42.73|13|-2.07|-0.0462|-2|163|1|11|-0.7179|0.0068|-0.0546|-0.7003|0.1007||45.05|12|41.80|25
GME211217C00207500|6.10|6.10|5.20|5.50|5.50|14|0.00|0.0000|-1|31|1|5|0.2030|0.0070|0.0096|-0.4724|0.0842||5.80|52|4.75|19
GME211217P00207500|44.50|44.50|44.50|50.60|44.50|14|-6.10|-0.1206|35|216|3|3|-0.6523|0.0057|-0.0535|-0.9991|0.1102||46.80|11|43.95|34
GME211217C00210000|5.30|6.00|4.70|7.10|4.70|15|-2.40|-0.3380|-18|797|1|77|0.0849|0.0056|0.0043|-0.1788|0.0464||5.10|21|4.50|24
GME211217P00210000|48.25|51.30|45.75|49.35|48.10|15|-1.25|-0.0253|-7|208|2|57|-0.9107|0.0057|-0.0646|-0.1884|0.0481||49.10|11|46.15|32
GME211217C00212500|5.50|5.50|4.70|5.15|5.25|16|0.10|0.0194|-8|14|1|7|0.1779|0.0065|0.0085|-0.4375|0.0777||5.05|40|4.25|32
GME211217P00212500||||42.25|42.25|16|0.00|0.0000|0|59|0|0|-0.9023|0.0057|-0.0650|-0.2176|0.0514||51.25|7|48.40|10
GME211217C00215000|5.10|5.23|4.44|4.55|4.50|17|-0.05|-0.0110|6|103|1|12|0.1868|0.0062|0.0088|-0.4829|0.0801||4.90|57|4.00|51
GME211217P00215000|52.75|53.00|51.43|55.04|53.00|17|-2.04|-0.0371|3|104|1|21|-0.7530|0.0060|-0.0595|-0.6871|0.0941||53.95|12|50.65|21
GME211217C00217500||||5.10|5.10|18|0.00|0.0000|1|40|0|0|0.1817|0.0060|0.0086|-0.4848|0.0787||4.70|53|3.85|23
GME211217P00217500|55.40|55.40|55.00|54.90|55.00|18|0.10|0.0018|32|55|1|3|-0.7392|0.0057|-0.0599|-0.7651|0.0969||56.40|13|52.90|17
GME211217C00220000|4.65|4.80|3.83|5.43|3.83|19|-1.60|-0.2947|-24|1879|1|30|0.0512|0.0038|0.0026|-0.1221|0.0314||4.40|49|3.75|1
GME211217P00220000|59.00|59.00|59.00|54.49|59.00|19|4.51|0.0828|-22|424|1|1|-0.9436|0.0040|-0.0695|-0.1346|0.0339||58.55|12|55.20|26
GME211217C00222500||||4.60|4.60|20|0.00|0.0000|1|70|0|0|0.1653|0.0055|0.0078|-0.4642|0.0741||3.85|1|3.45|17
GME211217P00222500||||49.15|49.15|20|0.00|0.0000|0|21|0|0|-0.8556|0.0054|-0.0663|-0.3954|0.0678||60.80|12|57.50|13
GME211217C00225000|4.25|4.50|3.60|4.50|3.65|21|-0.85|-0.1889|30|128|1|25|0.1438|0.0053|0.0068|-0.4074|0.0676||3.85|20|3.25|69
GME211217P00225000||||49.64|49.64|21|0.00|0.0000|0|30|0|0|-0.8898|0.0049|-0.0686|-0.3005|0.0561||63.50|13|59.85|13
GME211217C00227500|3.45|3.45|3.45|4.50|3.45|22|-1.05|-0.2333|1|9|1|1|0.1329|0.0050|0.0063|-0.3842|0.0640||3.80|28|3.15|22
GME211217P00227500||||51.86|51.86|22|0.00|0.0000|0|60|0|0|-0.9788|0.0020|-0.0737|-0.0529|0.0152||65.90|13|62.20|13
GME211217C00230000|3.80|3.90|3.32|4.80|3.71|23|-1.09|-0.2271|-6|436|1|5|0.0331|0.0026|0.0017|-0.0880|0.0220||3.80|85|3.05|21
GME211217P00230000||||64.00|64.00|23|0.00|0.0000|-1|63|0|0|-0.9645|0.0027|-0.0738|-0.0941|0.0233||68.10|13|64.55|13
GME211217C00232500||||3.80|3.80|24|0.00|0.0000|6|86|0|0|0.1384|0.0048|0.0065|-0.4265|0.0658||3.80|62|2.95|14
GME211217P00232500||||53.30|53.30|24|0.00|0.0000|0|19|0|0|-0.9567|0.0029|-0.0743|-0.1199|0.0274||70.45|13|66.95|13
GME211217C00235000|3.08|3.20|3.08|3.95|3.20|25|-0.75|-0.1899|4|78|1|9|0.1408|0.0047|0.0066|-0.4471|0.0666||3.30|19|2.83|18
GME211217P00235000||||68.76|68.76|25|0.00|0.0000|1|61|0|0|-0.8183|0.0048|-0.0690|-0.6000|0.0787||72.75|13|69.30|17
GME211217C00240000|3.05|3.50|2.75|3.45|2.75|26|-0.70|-0.2029|-35|321|4|61|0.0194|0.0016|0.0010|-0.0569|0.0141||3.20|46|2.64|16
GME211217P00240000||||65.50|65.50|26|0.00|0.0000|0|54|0|0|-0.9774|0.0018|-0.0778|-0.0655|0.0160||77.70|11|74.10|17
GME211217C00245000|3.60|3.60|2.46|3.05|2.46|27|-0.59|-0.1934|-34|196|1|10|0.1173|0.0040|0.0055|-0.4019|0.0587||3.05|60|2.49|27
GME211217P00245000|78.25|78.25|78.25|83.35|78.25|27|-5.10|-0.0612|-9|38|1|1|-0.8337|0.0044|-0.0730|-0.5954|0.0744||82.65|6|78.90|18
GME211217C00250000|2.80|3.15|2.48|3.43|2.55|28|-0.88|-0.2566|99|1244|1|68|0.0119|0.0011|0.0006|-0.0378|0.0092||2.79|33|2.36|17
GME211217P00250000|85.24|85.24|85.24|84.85|85.24|28|0.39|0.0046|-1|55|1|1|-0.9866|0.0012|-0.0815|-0.0421|0.0103||87.35|1|83.75|17
GME211217C00255000|2.25|2.72|2.25|3.21|2.72|29|-0.49|-0.1526|4|359|1|2|0.0997|0.0035|0.0047|-0.3664|0.0522||2.69|26|2.22|6
GME211217P00255000||||39.75|39.75|29|0.00|0.0000|0|5|0|0|-1.0000|0.0000|-0.0838|0.0009|0.0000||92.35|10|88.65|17
GME211217C00260000|2.57|2.81|2.19|2.85|2.39|30|-0.46|-0.1614|4|523|1|36|0.0071|0.0007|0.0004|-0.0244|0.0059||2.60|29|2.12|7
GME211217P00260000||||89.25|89.25|30|0.00|0.0000|0|21|0|0|-0.9918|0.0007|-0.0851|-0.0272|0.0066||97.15|1|93.50|17
GME211217C00270000|2.98|2.98|2.00|2.71|2.00|31|-0.71|-0.2620|-3|572|5|38|0.0046|0.0004|0.0002|-0.0171|0.0040||2.25|35|1.94|6
GME211217P00270000||||65.35|65.35|31|0.00|0.0000|0|49|0|0|-0.9944|0.0005|-0.0885|-0.0196|0.0047||107.15|10|103.30|16
GME211217C00280000|2.08|2.15|1.90|2.70|2.10|32|-0.60|-0.2222|-3|2026|1|7|0.0032|0.0003|0.0002|-0.0125|0.0029||2.05|12|1.79|5
GME211217P00280000||||91.00|91.00|32|0.00|0.0000|0|10|0|0|-0.9963|0.0004|-0.0919|-0.0136|0.0033||117.15|13|113.10|16
GME211217C00290000|2.00|2.07|1.70|2.15|1.80|33|-0.35|-0.1628|2|525|1|9|0.0022|0.0002|0.0001|-0.0090|0.0020||2.02|31|1.64|11
GME211217P00290000||||68.50|68.50|33|0.00|0.0000|0|25|0|0|-0.9972|0.0003|-0.0952|-0.0108|0.0026||126.70|13|123.00|13
GME211217C00300000|3.27|3.27|1.61|2.29|1.81|34|-0.48|-0.2096|24|5731|2|304|0.0014|0.0001|0.0001|-0.0063|0.0014||1.80|6|1.60|1
GME211217P00300000||||126.50|126.50|34|0.00|0.0000|0|20|0|0|-0.9982|0.0002|-0.0985|-0.0067|0.0017||136.70|12|132.85|2
GME211217C00310000|3.06|3.06|1.68|1.97|1.68|35|-0.29|-0.1472|1|368|4|40|0.0009|0.0001|0.0000|-0.0042|0.0009||1.76|21|1.41|16
GME211217P00310000||||102.75|102.75|35|0.00|0.0000|0|3|0|0|-0.9987|0.0001|-0.1019|-0.0047|0.0012||146.40|13|142.75|2
GME211217C00320000|1.48|1.71|1.48|1.80|1.71|36|-0.09|-0.0500|0|448|10|12|0.0007|0.0001|0.0000|-0.0031|0.0007||1.76|36|1.31|21
GME211217P00320000||||96.00|96.00|36|0.00|0.0000|0|17|0|0|-0.9991|0.0001|-0.1052|-0.0032|0.0009||156.40|13|152.65|13
GME211217C00330000|1.90|1.90|1.37|1.81|1.49|37|-0.32|-0.1768|0|213|1|4|0.0005|0.0001|0.0000|-0.0024|0.0005||1.69|20|1.25|18
GME211217P00330000||||159.50|159.50|37|0.00|0.0000|0|3|0|0|-0.9994|0.0001|-0.1085|-0.0021|0.0007||166.35|13|162.60|13
GME211217C00340000|1.40|1.40|1.40|1.81|1.40|38|-0.41|-0.2265|0|232|2|2|0.0004|0.0000|0.0000|-0.0019|0.0004||1.52|10|1.19|10
GME211217P00340000||||126.85|126.85|38|0.00|0.0000|0|7|0|0|-0.9995|0.0000|-0.1118|-0.0012|0.0005||176.35|12|172.50|16
GME211217C00350000|1.45|1.51|1.25|1.64|1.25|39|-0.39|-0.2378|-9|1004|1|533|0.0003|0.0000|0.0000|-0.0015|0.0003||1.48|5|1.18|1
GME211217P00350000||||133.85|133.85|39|0.00|0.0000|0|4|0|0|-0.9996|0.0000|-0.1150|-0.0008|0.0004||186.35|1|182.45|15
GME211217C00360000|1.24|1.24|1.05|1.34|1.05|40|-0.29|-0.2164|11|315|1|2|0.0002|0.0000|0.0000|-0.0013|0.0003||1.48|18|1.05|18
GME211217P00360000||||||40|||0|0|0|0|-0.9997|0.0000|-0.1183|-0.0004|0.0003||196.40|12|192.40|12
GME211217C00370000|1.15|1.17|1.15|1.49|1.17|41|-0.32|-0.2148|-1|446|1|2|0.0002|0.0000|0.0000|-0.0011|0.0002||1.43|31|0.90|97
GME211217P00370000||||172.65|172.65|41|0.00|0.0000|0|3|0|0|-0.9998|0.0000|-0.1216|-0.0002|0.0003||206.45|16|202.35|12
GME211217C00380000|1.05|1.05|1.05|1.25|1.05|42|-0.20|-0.1600|0|168|4|4|0.0002|0.0000|0.0000|-0.0010|0.0002||1.42|29|0.90|50
GME211217P00380000||||208.83|208.83|42|0.00|0.0000|-1|16|0|0|-0.9998|0.0000|-0.1249|0.0001|0.0002||216.35|2|212.30|12
GME211217C00390000|1.25|1.25|1.20|1.50|1.20|43|-0.30|-0.2000|1|194|5|15|0.0001|0.0000|0.0000|-0.0009|0.0002||1.27|12|0.90|15
GME211217P00390000||||||43|||0|0|0|0|-0.9998|0.0000|-0.1282|0.0003|0.0002||226.35|2|222.25|12
GME211217C00400000|1.28|1.28|1.07|1.36|1.10|44|-0.26|-0.1912|91|1276|1|47|0.0001|0.0000|0.0000|-0.0007|0.0001||1.15|1|1.05|1
GME211217P00400000||||238.75|238.75|44|0.00|0.0000|0|3|0|0|-0.9999|0.0000|-0.1315|0.0004|0.0002||236.25|2|232.20|12
GME211217C00410000|1.12|1.12|1.12|1.14|1.12|45|-0.02|-0.0175|21|226|1|1|0.0001|0.0000|0.0000|-0.0005|0.0001||1.22|35|0.72|78
GME211217P00410000||||190.90|190.90|45|0.00|0.0000|0|3|0|0|-0.9999|0.0000|-0.1348|0.0006|0.0001||246.25|16|242.15|12
GME211217C00420000|0.93|1.00|0.92|1.08|1.00|46|-0.08|-0.0741|0|542|2|5|0.0001|0.0000|0.0000|-0.0004|0.0001||1.22|60|0.85|1
GME211217P00420000||||189.85|189.85|46|0.00|0.0000|0|16|0|0|-0.9999|0.0000|-0.1381|0.0010|0.0001||256.25|16|252.10|12
GME211217C00430000|0.91|0.91|0.91|0.97|0.91|47|-0.06|-0.0619|5|213|2|2|0.0001|0.0000|0.0000|-0.0004|0.0001||1.22|39|0.54|99
GME211217P00430000||||244.20|244.20|47|0.00|0.0000|0|0|0|0|-1.0000|0.0000|-0.1414|0.0011|0.0001||266.50|12|262.05|12
GME211217C00440000||||1.15|1.15|48|0.00|0.0000|0|472|0|0|0.0000|0.0000|0.0000|-0.0003|0.0001||1.11|14|0.74|1
GME211217P00440000||||||48|||0|0|0|0|-1.0000|0.0000|-0.1447|0.0013|0.0000||276.60|12|272.05|12
GME211217C00450000|0.90|0.90|0.87|0.89|0.87|49|-0.02|-0.0225|-3|683|29|30|0.0000|0.0000|0.0000|-0.0002|0.0000||1.04|12|0.65|1
GME211217P00450000||||||49|||0|0|0|0|-1.0000|0.0000|-0.1479|0.0013|0.0000||286.60|12|282.00|1
GME211217C00460000|0.73|0.73|0.73|1.00|0.73|50|-0.27|-0.2700|1|1139|1|1|0.0000|0.0000|0.0000|-0.0002|0.0000||1.04|18|0.52|31
GME211217P00460000||||261.60|261.60|50|0.00|0.0000|0|5|0|0|-1.0000|0.0000|-0.1512|0.0014|0.0000||296.55|12|292.00|1
GME211217C00470000||||1.00|1.00|51|0.00|0.0000|0|190|0|0|0.0320|0.0009|0.0015|-0.2460|0.0215||1.01|12|0.50|81
GME211217P00470000||||||51||||0|0|0|-1.0000|0.0000|-0.1545|0.0016|0.0000||306.50|12|301.95|12
GME211217C00480000||||0.87|0.87|52|0.00|0.0000|3|243|0|0|0.0284|0.0008|0.0013|-0.2216|0.0195||1.01|13|0.50|39
GME211217P00480000||||264.21|264.21|52|0.00|0.0000|0|7|0|0|-0.9950|0.0002|-0.1576|-0.0368|0.0044||316.45|12|311.95|12
GME211217C00490000|0.80|0.80|0.80|1.00|0.80|53|-0.20|-0.2000|47|152|1|1|0.0263|0.0007|0.0012|-0.2084|0.0183||0.80|1|0.50|72
GME211217P00490000||||274.04|274.04|53|0.00|0.0000|0|7|0|0|-0.9928|0.0003|-0.1607|-0.0550|0.0060||326.45|12|321.90|12
GME211217C00500000|0.75|0.89|0.61|0.81|0.77|54|-0.04|-0.0494|-5|2436|5|13|0.0257|0.0007|0.0012|-0.2076|0.0180||0.79|14|0.74|5
GME211217P00500000||||290.05|290.05|54|0.00|0.0000|0|7|0|0|-0.9918|0.0003|-0.1640|-0.0633|0.0067||336.40|12|331.90|12
GME211217C00510000|0.85|0.85|0.49|0.88|0.72|55|-0.16|-0.1818|163|1554|5|145|0.0218|0.0006|0.0010|-0.1785|0.0156||0.74|10|0.70|5
GME211217P00510000||||277.97|277.97|55|0.00|0.0000|0|0|0|0|-0.9960|0.0002|-0.1675|-0.0306|0.0036||346.40|12|341.85|12
GME211223C00100000||||71.00|71.00|9|0.00|0.0000|-1|13|0|0|0.9058|0.0022|0.0396|-0.3596|0.0617||71.10|13|67.45|12
GME211223P00100000|2.10|2.68|2.10|1.97|2.36|9|0.39|0.1980|190|314|1|52|-0.0742|0.0021|-0.0074|-0.2616|0.0516||2.59|2|2.37|4
GME211223C00110000||||||8||||0|0|0|1.0000|0.0000|0.0542|-0.0004|0.0000||61.90|13|57.50|13
GME211223P00110000||||2.76|2.76|8|0.00|0.0000|68|105|0|0|-0.0954|0.0028|-0.0093|-0.2827|0.0623||3.65|3|3.00|17
GME211223C00120000||||103.35|103.35|7|0.00|0.0000|0|1|0|0|0.8239|0.0011|0.0189|-1.6682|0.0951||53.05|11|48.75|16
GME211223P00120000|4.05|5.25|4.05|4.64|4.10|7|-0.54|-0.1164|12|37|1|4|-0.1365|0.0038|-0.0135|-0.3508|0.0804||5.05|12|3.85|23
GME211223C00130000||||||6||||0|0|0|1.0000|0.0000|0.0641|-0.0005|0.0000||44.70|13|40.55|15
GME211223P00130000|5.72|7.20|5.72|6.15|6.07|6|-0.08|-0.0130|-6|136|4|9|-0.1895|0.0048|-0.0189|-0.4238|0.0996||6.70|5|5.10|43
GME211223C00140000||||||5||||0|0|0|1.0000|0.0000|0.0690|-0.0005|0.0000||36.95|13|33.50|3
GME211223P00140000|8.38|8.50|8.20|9.55|8.20|5|-1.35|-0.1414|0|42|1|12|-0.2507|0.0058|-0.0253|-0.4827|0.1170||8.95|4|7.55|25
GME211223C00145000||||||4||||0|0|0|1.0000|0.0000|0.0715|-0.0005|0.0000||33.40|16|30.00|14
GME211223P00145000|10.00|10.00|9.98|11.64|9.98|4|-1.66|-0.1426|11|11|1|2|-0.2975|0.0059|-0.0308|-0.5634|0.1265||10.50|4|8.75|29
GME211223C00150000||||28.10|28.10|3|0.00|0.0000|17|21|0|0|0.7092|0.0092|0.0465|-0.3534|0.1260||30.05|15|26.75|9
GME211223P00150000|12.00|12.50|10.00|11.00|11.00|3|0.00|0.0000|-45|155|2|10|-0.3193|0.0068|-0.0325|-0.5184|0.1313||12.20|4|10.35|33
GME211223C00155000||||29.20|29.20|2|0.00|0.0000|1|11|0|0|0.6358|0.0076|0.0396|-0.5176|0.1372||26.95|18|24.05|4
GME211223P00155000|14.70|14.70|14.70|14.47|14.70|2|0.23|0.0159|-49|78|1|1|-0.3653|0.0068|-0.0380|-0.5808|0.1373||14.55|6|12.05|16
GME211223C00160000||||25.00|25.00|1|0.00|0.0000|7|19|0|0|0.6029|0.0083|0.0389|-0.4964|0.1417||24.10|18|20.75|15
GME211223P00160000|15.25|16.85|14.45|15.00|15.50|1|0.50|0.0333|4|66|1|33|-0.3960|0.0076|-0.0408|-0.5431|0.1416||16.70|13|14.85|20
GME211223C00165000|21.88|21.88|21.60|21.20|21.60|1|0.40|0.0189|16|16|4|8|0.5487|0.0090|0.0359|-0.4868|0.1446||21.55|20|18.65|11
GME211223P00165000|19.20|19.20|16.80|21.87|18.20|1|-3.67|-0.1678|263|284|1|10|-0.4416|0.0076|-0.0461|-0.5673|0.1441||19.20|15|17.25|18
GME211223C00170000|19.05|19.50|17.00|22.00|19.50|2|-2.50|-0.1136|15|30|9|37|0.5159|0.0088|0.0341|-0.5036|0.1465||19.20|21|16.20|19
GME211223P00170000|23.70|23.70|23.70|19.50|23.70|2|4.20|0.2154|28|61|1|1|-0.4573|0.0066|-0.0504|-0.6601|0.1458||22.10|14|19.95|15
GME211223C00175000|19.30|19.30|14.70|16.30|17.50|3|1.20|0.0736|16|19|1|23|0.4757|0.0086|0.0317|-0.5099|0.1463||17.15|19|14.70|15
GME211223P00175000|23.86|23.86|21.55|27.16|21.55|3|-5.61|-0.2066|-1|47|1|2|-0.5193|0.0083|-0.0545|-0.5289|0.1464||25.25|8|22.05|19
