symbol|open|high|low|preClose|close|activeLevel|change|changeRatio|openIntChange|openInterest|latestPriceVol|volume|delta|gamma|rho|theta|vega|tradeStamptradeTime|ask|avol|bid|bvol
GME211203C00100000|83.51|83.51|83.51|82.00|83.51|13|1.51|0.0184|0|10|1|1|0.9210|0.0016|0.0045|-3.3610|0.0196||82.30|13|77.85|12
GME211203P00100000|0.08|0.09|0.02|0.08|0.02|13|-0.06|-0.7500|146|513|1|57|-0.0015|0.0001|0.0000|-0.0436|0.0006||0.05|1|0.02|37
GME211203C00110000||||135.99|135.99|12|0.00|0.0000|0|1|0|0|0.9618|0.0001|0.0083|-0.6204|0.0488||72.40|12|68.30|12
GME211203P00110000|0.09|0.25|0.07|0.17|0.08|12|-0.09|-0.5294|15|172|1|29|-0.0054|0.0004|-0.0001|-0.1404|0.0021||0.10|1|0.06|61
GME211203C00120000||||||11||||0|0|0|1.0000|0.0000|0.0066|-0.0004|0.0000||62.60|12|58.20|7
GME211203P00120000|0.29|0.30|0.10|0.25|0.12|11|-0.13|-0.5200|148|381|1|132|-0.0137|0.0010|-0.0001|-0.3016|0.0047||0.63|93|0.14|84
GME211203C00130000||||65.44|65.44|10|0.00|0.0000|0|1|0|0|0.8017|0.0026|0.0043|-7.3803|0.0371||53.00|16|48.35|12
GME211203P00130000|0.16|0.50|0.16|0.40|0.25|10|-0.15|-0.3750|26|976|1|39|-0.0268|0.0020|-0.0003|-0.4914|0.0082||0.43|23|0.21|89
GME211203C00140000||||55.33|55.33|9|0.00|0.0000|0|6|0|0|0.7726|0.0033|0.0046|-6.9165|0.0402||43.40|20|37.95|13
GME211203P00140000|0.69|0.77|0.28|0.50|0.40|9|-0.10|-0.2000|57|1151|1|274|-0.2388|0.0026|-0.0718|-0.4717|0.1823||0.55|55|0.30|57
GME211203C00150000||||44.80|44.80|8|0.00|0.0000|0|6|0|0|0.7388|0.0042|0.0048|-6.2498|0.0433||33.95|33|28.60|11
GME211203P00150000|1.85|1.85|0.42|0.94|0.56|8|-0.38|-0.4043|17|1198|1|672|-0.0680|0.0057|-0.0007|-0.7526|0.0175||0.64|1|0.48|1
GME211203C00155000||||27.75|27.75|7|0.00|0.0000|0|5|0|0|0.8244|0.0081|0.0066|-2.0653|0.0344||29.35|36|23.85|10
GME211203P00155000|0.73|1.61|0.50|1.30|0.69|7|-0.61|-0.4692|34|992|1|103|-0.0921|0.0078|-0.0010|-0.8730|0.0220||1.04|24|0.47|133
GME211203C00160000|20.00|20.00|20.00|28.80|20.00|6|-8.80|-0.3056|0|115|2|15|0.9257|0.0093|0.0080|-0.5296|0.0187||24.75|53|19.25|9
GME211203P00160000|1.00|2.35|0.72|1.85|1.05|6|-0.80|-0.4324|14|440|1|677|-0.3137|0.0042|-0.0840|-0.3796|0.2086||1.30|3|0.77|80
GME211203C00165000||||32.50|32.50|5|0.00|0.0000|-1|31|0|0|0.6635|0.0056|0.0047|-5.9657|0.0486||20.25|51|14.80|12
GME211203P00165000|1.61|3.55|0.94|2.60|1.59|5|-1.01|-0.3885|467|783|1|1270|-0.1784|0.0146|-0.0019|-1.1667|0.0348||1.76|23|1.17|110
GME211203C00170000|11.23|12.00|8.50|13.25|12.00|4|-1.25|-0.0943|10|50|8|46|0.7221|0.0176|0.0064|-1.5988|0.0447||14.80|59|11.00|10
GME211203P00170000|2.31|5.10|1.45|3.72|2.50|4|-1.22|-0.3280|275|934|1|1890|-0.2420|0.0201|-0.0025|-1.2154|0.0416||2.69|21|2.05|64
GME211203C00175000|9.64|10.53|6.00|9.70|10.53|3|0.83|0.0856|29|117|5|43|0.6617|0.0278|0.0061|-1.2032|0.0487||10.00|59|7.55|12
GME211203P00175000|1.95|7.25|1.95|4.95|3.90|3|-1.05|-0.2121|181|483|1|1179|-0.3466|0.0262|-0.0036|-1.2992|0.0492||4.15|9|3.50|8
GME211203C00177500|10.10|10.10|4.70|7.55|8.24|2|0.69|0.0914|4|7|1|54|0.5995|0.0330|0.0056|-1.1315|0.0515||9.30|62|6.00|10
GME211203P00177500|4.40|8.60|2.87|5.85|5.00|2|-0.85|-0.1453|136|199|1|840|-0.4137|0.0060|-0.1055|-0.3230|0.2291||5.20|23|3.90|92
GME211203C00180000|8.54|11.00|3.20|7.10|6.18|1|-0.92|-0.1296|57|733|3|845|0.5134|0.0290|0.0048|-1.3684|0.0531||5.60|15|4.65|12
GME211203P00180000|5.50|10.10|3.35|6.98|5.70|1|-1.28|-0.1834|493|1768|1|1596|-0.4341|0.0066|-0.1089|-0.3022|0.2314||6.00|1|5.05|95
GME211203C00182500|7.88|8.47|3.11|6.70|4.90|1|-1.80|-0.2687|74|85|1|85|0.4451|0.0276|0.0041|-1.4153|0.0526||4.40|36|3.35|40
GME211203P00182500|5.90|11.00|4.40|8.00|6.20|1|-1.80|-0.2250|98|297|1|168|-0.5443|0.0244|-0.0058|-1.6116|0.0528||7.80|24|6.20|56
GME211203C00185000|4.90|7.95|2.08|4.90|2.80|2|-2.10|-0.4286|313|481|1|1285|0.3765|0.0269|0.0035|-1.3395|0.0506||3.10|22|2.50|13
GME211203P00185000|6.43|14.03|5.35|9.80|7.42|2|-2.38|-0.2429|77|588|1|843|-0.5833|0.0206|-0.0063|-1.8509|0.0520||9.35|26|7.45|67
GME211203C00187500|3.85|6.50|1.83|3.95|2.79|3|-1.16|-0.2937|713|730|2|569|0.3238|0.0242|0.0030|-1.3360|0.0479||3.05|89|1.80|12
GME211203P00187500|7.91|15.14|7.00|10.70|10.00|3|-0.70|-0.0654|113|475|1|42|-0.6524|0.0219|-0.0071|-1.5590|0.0492||11.15|20|8.15|66
GME211203C00190000|3.95|5.18|1.50|3.70|1.57|4|-2.13|-0.5757|634|778|2|972|0.2518|0.0230|0.0024|-1.1045|0.0425||1.80|2|1.40|10
GME211203P00190000|11.24|18.00|8.00|12.00|11.15|4|-0.85|-0.0708|-109|833|1|234|-0.4941|0.0064|-0.1277|-0.3168|0.2346||13.15|19|10.40|91
GME211203C00192500|2.95|4.25|1.47|2.96|1.48|5|-1.48|-0.5000|434|502|1|497|0.1982|0.0203|0.0019|-0.9540|0.0371||1.35|1|1.18|1
GME211203P00192500|11.75|16.88|11.63|14.20|11.71|5|-2.49|-0.1754|-101|273|1|10|-0.6638|0.0150|-0.0075|-2.2217|0.0486||15.65|12|12.90|42
GME211203C00195000|2.37|3.40|1.00|2.40|1.04|6|-1.36|-0.5667|397|597|1|540|0.1670|0.0174|0.0016|-0.8991|0.0333||1.00|1|0.80|15
GME211203P00195000|14.00|21.77|12.00|16.71|13.44|6|-3.27|-0.1957|-61|626|1|164|-0.8628|0.0171|-0.0094|-0.7030|0.0292||17.85|7|15.15|66
GME211203C00197500|2.55|2.85|0.74|2.04|0.74|7|-1.30|-0.6373|386|490|1|464|0.1404|0.0149|0.0013|-0.8342|0.0297||0.86|5|0.63|31
GME211203P00197500|23.22|23.22|17.51|18.95|17.51|7|-1.44|-0.0760|38|202|1|10|-0.6935|0.0123|-0.0081|-2.5126|0.0468||20.15|7|17.65|31
GME211203C00200000|1.75|2.33|0.60|1.69|0.64|8|-1.05|-0.6213|381|1051|1|2442|0.4576|0.0060|0.0681|-0.3345|0.2333||0.71|18|0.57|2
GME211203P00200000|17.55|26.85|16.00|22.15|21.10|8|-1.05|-0.0474|-71|998|1|222|-0.9038|0.0122|-0.0100|-0.5981|0.0228||22.65|10|20.15|29
GME211203C00202500|2.00|2.00|0.70|1.48|0.70|9|-0.78|-0.5270|35|281|9|468|0.0966|0.0108|0.0009|-0.6764|0.0228||0.73|48|0.45|36
GME211203P00202500|20.05|22.43|20.05|21.91|21.55|9|-0.36|-0.0164|-27|184|1|23|-0.4629|0.0038|-0.1492|-0.5387|0.2336||25.00|8|22.65|28
GME211203C00205000|1.17|1.68|0.48|1.34|0.49|10|-0.85|-0.6343|206|834|1|599|0.0790|0.0091|0.0007|-0.5930|0.0196||0.55|24|0.42|18
GME211203P00205000|22.06|31.10|22.06|28.45|24.86|10|-3.59|-0.1262|-4|484|1|67|-0.7837|0.0108|-0.0093|-1.9984|0.0391||27.50|22|25.15|19
GME211203C00207500|1.29|1.35|0.50|1.10|0.51|11|-0.59|-0.5364|-5|400|1|130|0.0731|0.0081|0.0007|-0.5933|0.0185||0.53|11|0.39|17
GME211203P00207500|23.40|31.50|23.40|20.90|25.68|11|4.78|0.2287|-2|35|1|4|-0.7097|0.0088|-0.0089|-3.3279|0.0456||29.85|12|25.75|31
GME211203C00210000|1.01|1.24|0.40|1.11|0.42|12|-0.69|-0.6216|79|939|3|643|0.0600|0.0069|0.0006|-0.5147|0.0159||0.49|2|0.37|14
GME211203P00210000|28.16|35.15|27.06|30.40|27.06|12|-3.34|-0.1099|1|385|1|32|-0.8518|0.0093|-0.0101|-1.4453|0.0308||32.30|12|28.25|25
GME211203C00212500|0.95|1.05|0.38|0.92|0.38|13|-0.54|-0.5870|119|297|1|142|0.4403|0.0049|0.0626|-0.4057|0.2320||0.48|23|0.28|42
GME211203P00212500||||34.12|34.12|13|0.00|0.0000|-1|67|0|0|-0.8920|0.0081|-0.0106|-1.0628|0.0247||34.80|12|30.75|22
GME211203C00215000|0.81|1.00|0.38|0.87|0.38|14|-0.49|-0.5632|21|792|1|207|0.0463|0.0052|0.0004|-0.4484|0.0129||0.47|1|0.28|45
GME211203P00215000|31.50|35.35|31.50|34.35|31.97|14|-2.38|-0.0693|-1|226|1|26|-0.8112|0.0082|-0.0101|-2.2250|0.0360||37.30|7|33.25|13
GME211203C00217500|0.70|0.70|0.38|0.71|0.38|15|-0.33|-0.4648|-7|183|1|18|0.0468|0.0050|0.0004|-0.4824|0.0130||0.44|7|0.28|37
GME211203P00217500||||30.09|30.09|15|0.00|0.0000|0|74|0|0|-0.9959|0.0010|-0.0119|-0.0384|0.0016||39.75|12|35.50|24
GME211203C00220000|0.77|0.81|0.37|0.77|0.39|16|-0.38|-0.4935|-11|1378|13|392|0.0455|0.0046|0.0004|-0.4951|0.0127||0.43|6|0.28|38
GME211203P00220000|35.30|44.52|35.30|40.00|38.63|16|-1.37|-0.0343|1|213|1|17|-0.8740|0.0070|-0.0109|-1.5247|0.0276||42.25|12|38.00|26
GME211203C00222500|0.66|0.73|0.32|0.57|0.32|17|-0.25|-0.4386|-15|181|4|23|0.4438|0.0042|0.0600|-0.4789|0.2323||0.40|3|0.28|8
GME211203P00222500|47.10|47.10|45.85|34.99|45.85|17|10.86|0.3104|0|51|2|6|-0.8357|0.0070|-0.0107|-2.1978|0.0330||44.75|12|40.50|16
GME211203C00225000|0.71|0.72|0.34|0.71|0.34|18|-0.37|-0.5211|-80|656|1|118|0.0385|0.0038|0.0004|-0.4586|0.0111||0.38|1|0.27|16
GME211203P00225000||||45.20|45.20|18|0.00|0.0000|-3|125|0|0|-0.8309|0.0067|-0.0108|-2.3849|0.0336||47.25|8|42.45|55
GME211203C00227500|0.50|0.70|0.46|0.77|0.50|19|-0.27|-0.3506|3|97|2|27|0.0421|0.0038|0.0004|-0.5288|0.0120||0.38|14|0.25|38
GME211203P00227500|53.85|53.85|45.47|33.03|45.48|19|12.45|0.3769|0|26|1|5|-0.9059|0.0056|-0.0116|-1.2639|0.0223||49.70|12|44.95|52
GME211203C00230000|0.54|0.63|0.35|0.62|0.35|20|-0.27|-0.4355|192|927|2|182|0.0347|0.0033|0.0003|-0.4499|0.0102||0.35|1|0.25|16
GME211203P00230000|47.50|56.35|46.57|45.00|49.84|20|4.84|0.1076|-3|67|1|8|-0.9077|0.0053|-0.0118|-1.2915|0.0220||52.20|12|47.45|53
GME211203C00232500|0.48|0.48|0.38|0.57|0.38|21|-0.19|-0.3333|-8|93|1|9|0.0326|0.0030|0.0003|-0.4392|0.0097||0.35|12|0.24|26
GME211203P00232500|49.07|52.32|49.07|46.88|52.32|21|5.44|0.1160|-1|34|1|2|-0.9990|0.0002|-0.0127|-0.0117|0.0004||54.70|12|49.95|52
GME211203C00235000|0.33|0.60|0.30|0.54|0.30|22|-0.24|-0.4444|-1|331|1|105|0.0371|0.0031|0.0003|-0.5240|0.0108||0.34|36|0.23|16
GME211203P00235000|51.57|61.30|50.00|54.89|51.68|22|-3.21|-0.0585|-6|371|4|56|-0.9280|0.0044|-0.0122|-1.0649|0.0183||57.20|8|52.45|56
GME211203C00237500|0.42|0.42|0.42|0.52|0.42|23|-0.10|-0.1923|0|115|1|1|0.0337|0.0029|0.0003|-0.4918|0.0100||0.34|36|0.21|35
GME211203P00237500|54.06|63.79|52.54|57.38|54.18|23|-3.20|-0.0558|-6|284|4|45|-0.9291|0.0042|-0.0124|-1.0851|0.0181||59.70|12|54.95|58
GME211203C00240000|0.50|0.60|0.30|0.50|0.30|24|-0.20|-0.4000|1|592|1|206|0.0283|0.0025|0.0003|-0.4238|0.0086||0.33|23|0.21|15
GME211203P00240000|54.95|66.50|54.95|57.50|57.87|24|0.37|0.0064|-1|101|3|9|-0.9179|0.0044|-0.0124|-1.3196|0.0202||62.20|9|57.45|58
GME211203C00245000|0.47|0.47|0.27|0.44|0.27|25|-0.17|-0.3864|-31|414|1|46|0.0225|0.0020|0.0002|-0.3575|0.0071||0.29|8|0.19|12
GME211203P00245000|60.55|60.55|60.55|62.45|60.55|25|-1.90|-0.0304|-1|68|1|1|-0.6069|0.0038|-0.2086|-0.4960|0.2262||67.20|8|62.45|54
GME211203C00250000|0.25|0.45|0.19|0.41|0.26|26|-0.15|-0.3659|-50|3342|1|1532|0.0224|0.0019|0.0002|-0.3773|0.0071||0.27|6|0.18|5
GME211203P00250000|71.49|74.50|67.82|65.43|67.82|26|2.39|0.0365|-9|123|3|6|-0.9243|0.0037|-0.0130|-1.3680|0.0190||72.20|23|67.45|58
GME211203C00260000|0.23|0.34|0.22|0.37|0.22|27|-0.15|-0.4054|10|714|1|222|0.0196|0.0015|0.0002|-0.3661|0.0063||0.22|19|0.13|15
GME211203P00260000||||75.00|75.00|27|0.00|0.0000|-1|6|0|0|-0.9719|0.0019|-0.0140|-0.5327|0.0086||82.20|6|77.45|42
GME211203C00270000|0.22|0.34|0.17|0.26|0.17|28|-0.09|-0.3462|-1|587|1|275|0.0179|0.0013|0.0002|-0.3662|0.0059||0.19|6|0.11|1
GME211203P00270000|85.99|86.50|85.99|90.50|86.50|28|-4.00|-0.0442|4|21|2|4|-0.9817|0.0013|-0.0146|-0.3747|0.0060||92.10|8|87.40|39
GME211203C00280000|0.22|0.30|0.16|0.25|0.16|29|-0.09|-0.3600|-8|572|3|76|0.0160|0.0011|0.0001|-0.3554|0.0053||0.17|5|0.08|15
GME211203P00280000||||95.00|95.00|29|0.00|0.0000|-3|10|0|0|-0.9745|0.0015|-0.0151|-0.5735|0.0079||102.05|8|97.45|42
GME211203C00290000|0.27|0.27|0.11|0.25|0.11|30|-0.14|-0.5600|200|502|2|20|0.0114|0.0008|0.0001|-0.2706|0.0040||0.13|2|0.07|8
GME211203P00290000||||||30||||0|0|0|-1.0000|0.0000|-0.3098|0.0009|0.0000||112.10|10|107.50|27
GME211203C00300000|0.17|0.22|0.08|0.17|0.08|31|-0.09|-0.5294|16|2195|1|296|0.0084|0.0006|0.0001|-0.2113|0.0031||0.10|1|0.09|1
GME211203P00300000||||111.10|111.10|31|0.00|0.0000|-1|2|0|0|-1.0000|0.0000|-0.0164|0.0000|0.0000||122.00|12|117.60|27
GME211203C00310000|0.11|0.13|0.10|0.20|0.13|32|-0.07|-0.3500|-10|344|1|3|0.0116|0.0007|0.0001|-0.3118|0.0040||0.09|3|0.05|6
GME211203P00310000||||71.90|71.90|32|0.00|0.0000|0|4|0|0|-0.8706|0.0029|-0.3106|-0.1975|0.1240||131.95|12|127.65|27
GME211203C00320000|0.10|0.12|0.08|0.17|0.08|33|-0.09|-0.5294|100|389|2|5|0.0076|0.0005|0.0001|-0.2148|0.0028||0.08|2|0.04|4
GME211203P00320000||||||33||||0|0|0|-1.0000|0.0000|-0.0175|0.0010|0.0000||141.95|6|137.65|15
GME211203C00330000|0.08|0.08|0.07|0.11|0.07|34|-0.04|-0.3636|68|348|1|6|0.0067|0.0004|0.0001|-0.1984|0.0025||0.08|7|0.05|3
GME211203P00330000||||127.27|127.27|34|0.00|0.0000|0|2|0|0|-0.9971|0.0002|-0.0181|-0.0842|0.0012||152.45|12|147.70|27
GME211203C00340000|0.08|0.08|0.07|0.11|0.07|35|-0.04|-0.3636|21|135|1|3|0.0063|0.0004|0.0001|-0.1953|0.0024||0.07|3|0.02|14
GME211203P00340000||||134.20|134.20|35|0.00|0.0000|0|1|0|0|-0.9990|0.0001|-0.0186|-0.0283|0.0004||161.90|8|157.70|37
GME211203C00350000|0.09|0.09|0.05|0.10|0.05|36|-0.05|-0.5000|226|1237|1|27|0.0048|0.0003|0.0000|-0.1524|0.0018||0.06|2|0.04|2
GME211203P00350000||||136.35|136.35|36|0.00|0.0000|0|3|0|0|-1.0000|0.0000|-0.0192|0.0009|0.0000||171.95|12|167.70|12
GME211203C00360000||||0.09|0.09|37|0.00|0.0000|-2|159|0|0|0.0072|0.0004|0.0001|-0.2409|0.0027||0.06|4|0.02|11
GME211203P00360000||||||37||||0|0|0|-1.0000|0.0000|-0.0197|0.0011|0.0000||181.90|6|177.55|27
GME211203C00370000||||0.05|0.05|38|0.00|0.0000|-2|88|0|0|0.0044|0.0003|0.0000|-0.1535|0.0017||0.21|17|0.01|14
GME211203P00370000||||136.05|136.05|38|0.00|0.0000|0|1|0|0|-0.9998|0.0000|-0.0203|-0.0050|0.0001||192.40|13|187.75|12
GME211203C00380000|0.06|0.06|0.06|0.10|0.06|39|-0.04|-0.4000|15|101|1|1|0.0050|0.0003|0.0000|-0.1785|0.0019||0.07|11|0.01|14
GME211203P00380000||||170.35|170.35|39|0.00|0.0000|0|0|0|0|-0.9996|0.0000|-0.0208|-0.0120|0.0002||202.00|6|197.75|39
GME211203C00390000|0.02|0.02|0.02|0.09|0.02|40|-0.07|-0.7778|9|91|2|2|0.0019|0.0001|0.0000|-0.0703|0.0008||0.06|2|0.01|14
GME211203P00390000||||||40||||0|0|0|-1.0000|0.0000|-0.0214|0.0012|0.0000||211.90|13|207.75|27
GME211203C00400000|0.04|0.06|0.01|0.07|0.02|41|-0.05|-0.7143|-34|2449|1|46|0.0017|0.0001|0.0000|-0.0641|0.0007||0.06|43|0.02|1
GME211203P00400000||||215.38|215.38|41|0.00|0.0000|-10|0|0|0|-0.9999|0.0000|-0.0219|-0.0008|0.0000||221.90|13|217.75|27
GME211203C00410000|0.05|0.05|0.02|0.05|0.03|42|-0.02|-0.4000|-2|1055|2|37|0.0026|0.0002|0.0000|-0.1001|0.0011||0.07|6|0.03|5
GME211203P00410000||||||42||||0|0|0|-1.0000|0.0000|-0.4380|0.0013|0.0000||231.90|12|227.75|27
GME211203C00420000|0.04|0.04|0.04|0.05|0.04|43|-0.01|-0.2000|7|231|4|4|0.0032|0.0002|0.0000|-0.1283|0.0013||0.06|1|0.01|1
GME211203P00420000||||||43||||0|0|0|-1.0000|0.0000|-0.0230|0.0013|0.0000||241.90|5|237.75|39
GME211203C00430000||||0.03|0.03|44|0.00|0.0000|21|70|0|0|0.0024|0.0001|0.0000|-0.0986|0.0010||0.10|2|0.01|6
GME211203P00430000||||||44||||0|0|0|-1.0000|0.0000|-0.0236|0.0013|0.0000||253.60|4|247.65|27
GME211203C00440000|0.08|0.08|0.08|0.05|0.08|45|0.03|0.6000|1|70|1|1|0.0054|0.0003|0.0000|-0.2282|0.0021||0.09|1|0.01|11
GME211203P00440000||||||45||||0|0|0|-1.0000|0.0000|-0.0241|0.0014|0.0000||263.10|12|257.65|27
GME211203C00450000|0.02|0.02|0.01|0.03|0.01|46|-0.02|-0.6667|5|483|5|6|0.0010|0.0001|0.0000|-0.0412|0.0004||0.11|1|0.01|15
GME211203P00450000||||||46||||0|0|0|-1.0000|0.0000|-0.0247|0.0014|0.0000||274.15|12|267.65|27
GME211203C00460000|0.11|0.11|0.01|0.02|0.01|47|-0.01|-0.5000|-1|59|1|6|0.0009|0.0001|0.0000|-0.0403|0.0004||0.05|1|0.01|1
GME211203P00460000||||||47||||0|0|0|-1.0000|0.0000|-0.0252|0.0014|0.0000||282.80|12|277.65|27
GME211203C00470000||||0.07|0.07|48|0.00|0.0000|-57|191|0|0|0.0045|0.0002|0.0000|-0.2060|0.0018||0.05|1|0.00|0
GME211203P00470000||||||48||||0|0|0|-1.0000|0.0000|-0.0258|0.0014|0.0000||293.55|12|287.65|27
GME211203C00480000|0.05|0.06|0.05|0.04|0.06|49|0.02|0.5000|1|91|1|2|0.0039|0.0002|0.0000|-0.1823|0.0016||0.10|1|0.00|0
GME211203P00480000||||||49||||0|0|0|-1.0000|0.0000|-0.5128|0.0015|0.0000||304.15|12|297.65|27
GME211203C00490000||||0.06|0.06|50|0.00|0.0000|16|250|0|0|0.0039|0.0002|0.0000|-0.1824|0.0015||0.04|1|0.01|1
GME211203P00490000||||||50||||0|0|0|-1.0000|0.0000|-0.5235|0.0015|0.0000||314.15|12|307.65|27
GME211203C00500000|0.05|0.05|0.01|0.05|0.01|51|-0.04|-0.8000|1|1370|1|19|0.0009|0.0001|0.0000|-0.0406|0.0004||0.05|5|0.01|4
GME211203P00500000||||||51||||0|0|0|-1.0000|0.0000|-0.0274|0.0015|0.0000||322.75|3|317.65|15
GME211203C00510000|0.04|0.04|0.01|0.05|0.01|52|-0.04|-0.8000|217|5698|9|444|0.0007|0.0000|0.0000|-0.0329|0.0003||0.02|24|0.01|6
GME211203P00510000||||||52||||0|0|0|-1.0000|0.0000|-0.0279|0.0016|0.0000||332.75|12|327.65|27
GME211210C00100000||||86.01|86.01|14|0.00|0.0000|0|1|0|0|0.8661|0.0009|0.0515|-0.5653|0.1379||81.70|6|78.20|12
GME211210P00100000|0.57|0.79|0.34|0.57|0.49|14|-0.08|-0.1404|65|210|5|46|-0.0189|0.0008|-0.0009|-0.1410|0.0130||0.58|17|0.38|1
GME211210C00110000||||76.13|76.13|13|0.00|0.0000|0|2|0|0|0.8858|0.0021|0.0204|-1.0072|0.0546||71.90|12|68.50|5
GME211210P00110000|0.85|0.85|0.64|0.71|0.69|13|-0.02|-0.0282|50|206|1|10|-0.0281|0.0013|-0.0014|-0.1793|0.0182||0.93|56|0.44|152
GME211210C00120000||||76.03|76.03|12|0.00|0.0000|0|1|0|0|0.8249|0.0021|0.0177|-1.7640|0.0729||62.30|12|58.35|12
GME211210P00120000|0.60|1.31|0.60|0.95|1.10|12|0.15|0.1579|2|96|1|174|-0.0452|0.0020|-0.0022|-0.2469|0.0269||1.21|22|0.73|133
GME211210C00130000||||||11||||0|0|0|1.0000|0.0000|0.0321|-0.0004|0.0000||52.85|29|49.00|12
GME211210P00130000|1.30|2.00|1.00|1.50|1.50|11|0.00|0.0000|20|431|1|71|-0.0781|0.0032|-0.0039|-0.3668|0.0412||1.65|13|1.30|50
GME211210C00140000||||56.44|56.44|10|0.00|0.0000|0|29|0|0|0.7698|0.0032|0.0201|-1.6116|0.0858||43.70|46|40.25|12
GME211210P00140000|2.30|3.20|1.75|2.49|2.38|10|-0.11|-0.0442|47|299|2|258|-0.1104|0.0046|-0.0055|-0.4253|0.0533||2.55|10|2.11|61
GME211210C00145000||||||9|||||0|0|1.0000|0.0000|0.0358|-0.0005|0.0000||39.30|46|35.75|13
GME211210P00145000|2.60|3.60|2.60|2.60|3.00|9|0.40|0.1538|||1|8|-0.1454|0.0055|-0.0073|-0.5232|0.0645||3.25|11|2.78|25
GME211210C00150000|37.50|37.50|37.50|47.05|37.50|8|-9.55|-0.2030|0|19|1|1|0.7763|0.0056|0.0251|-0.8907|0.0845||35.05|47|31.85|12
GME211210P00150000|3.00|5.00|2.81|3.70|3.66|8|-0.04|-0.0108|51|220|1|406|-0.1719|0.0065|-0.0086|-0.5533|0.0720||4.05|21|3.40|93
GME211210C00155000||||58.70|58.70|7|0.00|0.0000|0|45|0|0|0.7134|0.0027|0.0170|-2.3849|0.0962||31.00|50|28.20|12
GME211210P00155000|4.95|6.40|4.10|4.95|4.45|7|-0.50|-0.1010|94|195|9|66|-0.1935|0.0079|-0.0096|-0.5328|0.0775||5.20|26|4.20|114
GME211210C00160000||||29.75|29.75|6|0.00|0.0000|0|204|0|0|0.7387|0.0081|0.0261|-0.7233|0.0919||27.15|26|24.45|10
GME211210P00160000|5.00|8.20|5.00|6.00|5.60|6|-0.40|-0.0667|153|386|9|221|-0.2521|0.0085|-0.0127|-0.6647|0.0902||6.65|40|5.40|128
GME211210C00165000|21.75|21.75|21.75|23.22|21.75|5|-1.47|-0.0633|2|2|1|1|0.7544|0.0125|0.0288|-0.4416|0.0889||23.65|30|21.00|19
GME211210P00165000|7.65|10.05|6.48|7.75|7.60|5|-0.15|-0.0194|18|320|1|62|-0.3380|0.0045|-0.1068|-0.3231|0.2335||8.30|13|6.90|111
GME211210C00170000|24.00|24.00|17.52|20.07|21.00|4|0.93|0.0463|11|16|2|17|0.6445|0.0040|0.0941|-0.3814|0.2379||20.45|47|18.15|15
GME211210P00170000|8.54|12.29|7.15|8.90|9.15|4|0.25|0.0281|-2|360|1|166|-0.3472|0.0104|-0.0177|-0.7270|0.1045||10.00|2|9.30|52
GME211210C00175000|19.14|19.20|13.80|18.40|19.20|3|0.80|0.0435|7|25|4|37|0.5941|0.0105|0.0221|-0.7994|0.1096||17.60|52|15.20|24
GME211210P00175000|9.55|15.25|9.50|11.66|10.35|3|-1.31|-0.1123|117|418|1|204|-0.4021|0.0125|-0.0203|-0.6646|0.1093||12.55|14|11.20|103
GME211210C00177500|16.27|16.27|16.26|16.27|16.26|2|-0.01|-0.0006|||1|2|0.5682|0.0100|0.0211|-0.8615|0.1111||15.85|30|14.05|14
GME211210P00177500|11.31|16.03|11.00|11.31|13.23|2|1.92|0.1698|||3|39|-0.3978|0.0047|-0.1295|-0.3451|0.2464||13.75|7|12.70|40
GME211210C00180000|14.20|18.25|11.72|14.75|14.45|1|-0.30|-0.0203|58|79|1|263|0.5389|0.0111|0.0204|-0.7893|0.1122||14.30|2|13.05|20
GME211210P00180000|13.00|17.50|11.63|14.30|14.30|1|0.00|0.0000|117|606|1|209|-0.4630|0.0117|-0.0239|-0.7505|0.1122||15.10|22|13.95|41
GME211210C00182500|15.85|15.85|10.82|15.85|13.00|1|-2.85|-0.1798|||1|41|0.5083|0.0117|0.0195|-0.7579|0.1127||13.85|79|11.85|32
GME211210P00182500|14.38|19.00|14.17|14.38|14.63|1|0.25|0.0174|||1|17|-0.5023|0.0137|-0.0255|-0.6469|0.1127||16.50|15|14.40|68
GME211210C00185000|15.95|15.95|9.20|12.60|12.23|2|-0.37|-0.0294|53|108|1|61|0.5671|0.0048|0.0900|-0.3530|0.2512||12.00|26|10.70|36
GME211210P00185000|14.53|20.50|14.50|17.01|15.00|2|-2.01|-0.1182|61|358|1|39|-0.5013|0.0095|-0.0271|-0.9262|0.1127||17.95|12|16.40|64
GME211210C00187500|15.35|15.35|9.15|11.00|12.20|3|1.20|0.1091|9|19|1|22|0.5676|0.0043|0.0873|-0.3874|0.2512||11.80|44|9.90|14
GME211210P00187500|16.10|18.80|16.10|15.45|17.90|3|2.45|0.1586|45|127|1|3|-0.5540|0.0121|-0.0289|-0.7171|0.1117||19.55|7|18.45|3
GME211210C00190000|12.50|13.20|8.50|10.75|9.90|4|-0.85|-0.0791|10|96|2|129|0.4298|0.0112|0.0166|-0.7688|0.1110||10.45|63|9.15|23
GME211210P00190000|20.96|23.00|17.84|21.52|19.28|4|-2.24|-0.1041|50|428|1|15|-0.5610|0.0104|-0.0301|-0.8283|0.1114||21.15|11|18.90|79
GME211210C00192500|11.15|11.65|7.78|9.50|9.00|5|-0.50|-0.0526|33|65|1|26|0.5316|0.0049|0.0858|-0.3539|0.2540||9.75|67|8.35|23
GME211210P00192500|18.46|21.38|18.46|22.09|21.00|5|-1.09|-0.0493|14|86|2|26|-0.5942|0.0108|-0.0318|-0.7730|0.1096||22.80|9|20.60|56
GME211210C00195000|10.22|11.43|7.00|9.70|9.61|6|-0.09|-0.0093|76|134|31|189|0.4036|0.0096|0.0154|-0.8640|0.1095||9.15|62|7.30|48
GME211210P00195000|20.40|23.30|20.40|22.97|23.30|6|0.33|0.0144|41|190|1|34|-0.6001|0.0097|-0.0328|-0.8525|0.1092||24.65|20|22.30|73
GME211210C00197500|8.80|9.30|8.18|9.50|9.05|7|-0.45|-0.0474|10|46|1|19|0.3590|0.0103|0.0140|-0.7535|0.1056||8.50|60|7.00|10
GME211210P00197500||||19.25|19.25|7|0.00|0.0000|27|104|0|0|-0.8313|0.0151|-0.0416|-0.2325|0.0711||26.70|17|24.10|46
GME211210C00200000|8.80|10.00|6.00|7.80|7.57|8|-0.23|-0.0295|82|634|1|246|0.3497|0.0096|0.0135|-0.7934|0.1046||7.05|1|6.45|1
GME211210P00200000|25.18|31.28|24.10|27.05|26.00|8|-1.05|-0.0388|-20|659|3|29|-0.4897|0.0046|-0.1707|-0.3788|0.2547||28.65|30|25.95|74
GME211210C00202500|8.75|8.75|6.10|7.25|8.00|9|0.75|0.1034|3|67|1|22|0.3158|0.0097|0.0124|-0.7226|0.1005||6.90|46|5.85|34
GME211210P00202500|27.95|27.95|27.95|26.32|27.95|9|1.63|0.0619|15|48|1|1|-0.7192|0.0107|-0.0387|-0.5920|0.0953||30.50|14|27.85|50
GME211210C00205000|7.30|7.44|5.28|6.79|6.99|10|0.20|0.0295|26|159|1|38|0.3201|0.0088|0.0124|-0.8043|0.1011||6.70|61|5.35|24
GME211210P00205000|27.42|32.21|26.88|31.25|28.67|10|-2.58|-0.0826|2|177|1|7|-0.6852|0.0090|-0.0384|-0.7809|0.1003||32.60|13|29.85|57
GME211210C00207500|5.55|7.35|5.10|5.55|6.84|11|1.29|0.2324|4|68|1|13|0.2860|0.0089|0.0112|-0.7195|0.0961||5.85|17|5.00|10
GME211210P00207500|29.52|32.00|29.52|28.58|31.10|11|2.52|0.0882|-5|18|1|3|-0.6992|0.0086|-0.0395|-0.7812|0.0984||34.75|11|31.85|24
GME211210C00210000|7.00|7.00|4.50|5.82|6.30|12|0.48|0.0825|10|309|1|50|0.2679|0.0086|0.0105|-0.7011|0.0931||5.50|23|4.55|10
GME211210P00210000|34.85|38.38|34.47|36.62|34.47|12|-2.15|-0.0587|-4|105|1|18|-0.7066|0.0082|-0.0405|-0.8041|0.0972||36.85|11|33.90|14
GME211210C00212500|6.00|6.00|4.40|5.55|4.80|13|-0.75|-0.1351|54|83|2|29|0.2508|0.0083|0.0099|-0.6762|0.0900||5.30|57|4.20|10
GME211210P00212500|33.64|33.64|33.64|32.63|33.64|13|1.01|0.0310|-1|38|1|1|-0.6788|0.0072|-0.2063|-0.1928|0.2288||38.80|3|36.05|14
GME211210C00215000|3.95|5.75|3.95|5.09|5.50|14|0.41|0.0806|6|165|4|31|0.2377|0.0079|0.0093|-0.6696|0.0874||5.15|65|3.85|10
GME211210P00215000|42.73|42.73|37.79|40.77|37.79|14|-2.98|-0.0731|-4|34|1|2|-0.8334|0.0082|-0.0462|-0.4219|0.0706||40.90|12|38.20|32
GME211210C00217500|5.45|5.45|4.28|5.55|4.50|15|-1.05|-0.1892|3|30|1|4|0.2097|0.0077|0.0083|-0.5974|0.0814||4.85|69|3.60|10
GME211210P00217500||||28.08|28.08|15|0.00|0.0000|0|25|0|0|-0.9156|0.0065|-0.0501|-0.2028|0.0437||43.20|4|40.35|24
GME211210C00220000|5.00|5.35|3.57|4.80|3.75|16|-1.05|-0.2188|47|401|1|218|0.2041|0.0073|0.0081|-0.6093|0.0801||4.10|36|3.35|13
GME211210P00220000|39.30|42.63|39.30|42.99|42.22|16|-0.77|-0.0179|0|155|1|3|-0.8618|0.0072|-0.0486|-0.3759|0.0624||45.70|12|42.55|24
GME211210C00222500|4.55|4.55|3.50|4.14|3.75|17|-0.39|-0.0942|5|63|11|43|0.1904|0.0070|0.0075|-0.5860|0.0768||4.10|70|3.20|18
GME211210P00222500|46.47|46.97|46.47|33.35|46.97|17|13.62|0.4084|0|45|6|10|-0.7968|0.0070|-0.0469|-0.6358|0.0799||48.00|11|44.80|13
GME211210C00225000|4.28|4.60|3.20|4.05|4.20|18|0.15|0.0370|16|334|1|27|0.2028|0.0067|0.0079|-0.6632|0.0798||4.10|111|3.00|21
GME211210P00225000|47.35|47.35|47.35|47.49|47.35|18|-0.14|-0.0029|2|461|1|1|-0.7756|0.0066|-0.0468|-0.7548|0.0847||50.30|4|47.05|13
GME211210C00227500|4.25|4.25|3.22|3.65|3.35|19|-0.30|-0.0822|2|23|1|5|0.1618|0.0064|0.0064|-0.5251|0.0692||3.80|62|2.82|10
GME211210P00227500||||34.06|34.06|19|0.00|0.0000|0|35|0|0|-0.8361|0.0064|-0.2534|-0.1037|0.1579||52.70|11|49.35|27
GME211210C00230000|4.00|4.05|2.55|3.55|3.41|20|-0.14|-0.0394|9|393|2|28|0.1623|0.0061|0.0064|-0.5493|0.0694||3.45|52|2.65|25
GME211210P00230000||||41.51|41.51|20|0.00|0.0000|-1|38|0|0|-0.8937|0.0056|-0.0524|-0.3359|0.0519||55.05|11|51.65|13
GME211210C00232500|3.60|3.90|2.79|3.00|2.80|21|-0.20|-0.0667|-19|30|1|7|0.1556|0.0058|0.0062|-0.5436|0.0675||3.00|13|2.50|14
GME211210P00232500||||49.93|49.93|21|0.00|0.0000|1|11|0|0|-0.9175|0.0049|-0.0539|-0.2633|0.0430||57.40|11|54.00|17
GME211210C00235000|3.40|3.55|2.49|3.15|3.15|22|0.00|0.0000|-30|902|1|36|0.1473|0.0056|0.0058|-0.5287|0.0651||2.85|3|2.41|24
GME211210P00235000|57.29|57.29|57.29|45.86|57.29|22|11.43|0.2492|0|36|1|1|-0.8767|0.0054|-0.0530|-0.4299|0.0576||59.75|11|56.20|41
GME211210C00237500|2.69|2.69|2.69|2.90|2.69|23|-0.21|-0.0724|0|18|1|3|0.1503|0.0054|0.0059|-0.5599|0.0660||2.86|28|2.21|23
GME211210P00237500||||48.03|48.03|23|0.00|0.0000|1|25|0|0|-0.9191|0.0045|-0.0553|-0.2781|0.0424||62.25|11|58.60|42
GME211210C00240000|2.82|3.60|2.47|2.84|2.47|24|-0.37|-0.1303|20|330|6|88|0.1362|0.0051|0.0054|-0.5161|0.0618||2.94|102|2.15|52
GME211210P00240000|58.15|58.15|58.15|45.67|58.15|24|12.48|0.2733|0|33|1|1|-0.8964|0.0047|-0.0550|-0.3785|0.0509||64.55|11|60.90|32
GME211210C00245000|3.23|3.23|2.20|2.56|2.59|25|0.03|0.0117|4|172|1|9|0.1222|0.0047|0.0048|-0.4859|0.0573||2.50|35|1.96|43
GME211210P00245000||||50.19|50.19|25|0.00|0.0000|0|23|0|0|-0.9877|0.0013|-0.0599|-0.0416|0.0090||69.40|12|65.65|31
GME211210C00250000|3.15|3.20|1.90|2.35|2.10|26|-0.25|-0.1064|-1|2190|3|218|0.1186|0.0044|0.0047|-0.4988|0.0561||2.24|18|1.87|1
GME211210P00250000||||60.35|60.35|26|0.00|0.0000|1|15|0|0|-0.9254|0.0037|-0.0586|-0.2987|0.0399||74.20|11|70.35|35
GME211210C00255000|2.37|2.37|1.80|2.20|2.00|27|-0.20|-0.0909|12|65|2|19|0.1116|0.0041|0.0044|-0.4913|0.0537||2.14|32|1.66|31
GME211210P00255000||||40.40|40.40|27|0.00|0.0000|0|5|0|0|-0.9988|0.0002|-0.0628|-0.0036|0.0011||79.20|12|75.25|31
GME211210C00260000|3.10|3.10|1.65|2.20|1.69|28|-0.51|-0.2318|-16|936|2|80|0.0917|0.0036|0.0036|-0.4150|0.0466||2.00|74|1.65|2
GME211210P00260000||||69.85|69.85|28|0.00|0.0000|1|22|0|0|-0.9374|0.0031|-0.0616|-0.2745|0.0348||83.90|12|80.05|30
GME211210C00270000|2.00|2.02|1.48|1.82|1.66|29|-0.16|-0.0879|16|220|1|14|0.0791|0.0031|0.0031|-0.3878|0.0417||1.67|12|1.37|13
GME211210P00270000||||75.18|75.18|29|0.00|0.0000|0|14|0|0|-0.9400|0.0027|-0.0642|-0.2873|0.0336||93.65|12|89.90|17
GME211210C00280000|1.83|1.83|1.19|1.50|1.45|30|-0.05|-0.0333|22|226|3|33|0.3581|0.0032|0.0553|-0.4710|0.2385||1.45|12|1.22|10
GME211210P00280000||||84.53|84.53|30|0.00|0.0000|0|1|0|0|-0.9519|0.0022|-0.0671|-0.2467|0.0283||103.65|12|99.70|13
GME211210C00290000|1.45|1.47|1.22|1.49|1.22|31|-0.27|-0.1812|9|150|6|22|0.0678|0.0025|0.0027|-0.3813|0.0370||1.45|40|1.09|11
GME211210P00290000||||82.25|82.25|31|0.00|0.0000|0|7|0|0|-0.9961|0.0004|-0.0713|-0.0191|0.0033||113.30|12|109.50|13
GME211210C00300000|1.28|1.36|1.05|1.24|1.10|32|-0.14|-0.1129|-171|876|4|234|0.0605|0.0022|0.0024|-0.3605|0.0339||1.12|11|1.05|10
GME211210P00300000||||76.00|76.00|32|0.00|0.0000|0|14|0|0|-0.9994|0.0001|-0.0739|-0.0024|0.0006||123.20|12|119.40|13
GME211210C00310000|1.10|1.10|0.95|1.06|0.96|33|-0.10|-0.0943|3|156|3|116|0.0533|0.0020|0.0021|-0.3335|0.0307||1.01|1|0.95|10
GME211210P00310000||||83.61|83.61|33|0.00|0.0000|0|4|0|0|-0.8895|0.0027|-0.3696|-0.1408|0.1205||133.20|5|129.30|2
GME211210C00320000|1.00|1.00|0.93|0.99|0.93|34|-0.06|-0.0606|11|274|1|6|0.0442|0.0017|0.0017|-0.2893|0.0264||1.01|28|0.81|12
GME211210P00320000||||89.47|89.47|34|0.00|0.0000|0|3|0|0|-0.9999|0.0000|-0.0789|0.0006|0.0001||143.20|4|139.20|5
GME211210C00330000|0.89|0.92|0.89|1.05|0.92|35|-0.13|-0.1238|26|263|9|23|0.0480|0.0017|0.0019|-0.3308|0.0282||1.00|53|0.67|11
GME211210P00330000||||||35||||0|0|0|-1.0000|0.0000|-0.0814|0.0011|0.0000||154.05|10|149.10|14
GME211210C00340000|0.80|0.84|0.75|0.87|0.75|36|-0.12|-0.1379|2|88|2|14|0.0365|0.0014|0.0014|-0.2598|0.0226||0.83|20|0.63|4
GME211210P00340000||||||36||||0|0|0|-1.0000|0.0000|-0.0838|0.0011|0.0000||163.95|12|159.10|9
GME211210C00350000|1.05|1.05|0.68|0.76|0.70|37|-0.06|-0.0789|-501|388|1|49|0.0374|0.0013|0.0015|-0.2779|0.0231||0.72|18|0.67|1
GME211210P00350000||||||37||||0|0|0|-1.0000|0.0000|-0.0863|0.0011|0.0000||173.85|2|169.05|14
GME211210C00360000|0.62|0.68|0.62|0.63|0.68|38|0.05|0.0794|5|87|1|4|0.0356|0.0012|0.0014|-0.2745|0.0222||0.67|3|0.61|1
GME211210P00360000||||||38||||0|0|0|-1.0000|0.0000|-0.0888|0.0012|0.0000||183.80|12|179.05|8
GME211210C00370000||||0.75|0.75|39|0.00|0.0000|-3|21|0|0|0.0371|0.0012|0.0014|-0.2966|0.0229||0.66|22|0.46|6
GME211210P00370000||||||39||||0|0|0|-1.0000|0.0000|-0.0912|0.0012|0.0000||193.75|2|189.00|14
GME211210C00380000|0.62|0.62|0.62|0.52|0.62|40|0.10|0.1923|6|51|3|3|0.0315|0.0011|0.0012|-0.2595|0.0200||0.62|24|0.43|6
GME211210P00380000||||||40||||0|0|0|-1.0000|0.0000|-0.0937|0.0012|0.0000||203.70|12|199.00|10
GME211210C00390000|0.55|0.55|0.55|0.59|0.55|41|-0.04|-0.0678|3|47|2|4|0.0282|0.0010|0.0011|-0.2390|0.0183||0.50|12|0.39|3
GME211210P00390000||||||41||||0|0|0|-1.0000|0.0000|-0.0962|0.0013|0.0000||213.65|12|208.85|12
GME211210C00400000|0.72|0.72|0.38|0.57|0.38|42|-0.19|-0.3333|-207|426|7|62|0.0226|0.0008|0.0009|-0.1962|0.0152||0.48|13|0.36|9
GME211210P00400000||||||42||||0|0|0|-1.0000|0.0000|-0.5040|0.0013|0.0000||223.60|2|218.90|12
GME211210C00410000|0.49|0.49|0.36|0.38|0.36|43|-0.02|-0.0526|6|52|1|2|0.0199|0.0007|0.0008|-0.1768|0.0136||0.40|3|0.33|7
GME211210P00410000||||||43||||0|0|0|-1.0000|0.0000|-0.1011|0.0013|0.0000||233.55|12|228.85|12
GME211210C00420000|0.50|0.55|0.45|0.42|0.45|44|0.03|0.0714|11|169|1|5|0.0229|0.0008|0.0009|-0.2101|0.0154||0.44|1|0.31|5
GME211210P00420000||||||44||||0|0|0|-1.0000|0.0000|-0.1036|0.0014|0.0000||243.50|12|238.85|12
GME211210C00430000|0.34|0.40|0.31|0.38|0.40|45|0.02|0.0526|17|42|1|302|0.2911|0.0022|0.0414|-0.5902|0.2190||0.43|1|0.33|2
GME211210P00430000||||||45||||0|0|0|-1.0000|0.0000|-0.1060|0.0014|0.0000||253.60|10|248.85|2
GME211210C00440000|0.52|0.52|0.32|0.30|0.36|46|0.06|0.2000|0|33|4|38|0.0170|0.0006|0.0007|-0.1632|0.0119||0.44|2|0.24|2
GME211210P00440000||||||46||||0|0|0|-1.0000|0.0000|-0.1085|0.0014|0.0000||263.55|10|258.85|2
GME211210C00450000|0.24|0.37|0.23|0.31|0.37|47|0.06|0.1935|6|98|1|214|0.0154|0.0006|0.0006|-0.1510|0.0110||0.44|2|0.27|3
GME211210P00450000||||||47||||0|0|0|-1.0000|0.0000|-0.1110|0.0015|0.0000||273.50|12|268.80|2
GME211210C00460000||||0.27|0.27|48|0.00|0.0000|1|18|0|0|0.0144|0.0005|0.0006|-0.1440|0.0103||0.43|14|0.30|3
GME211210P00460000||||||48||||0|0|0|-1.0000|0.0000|-0.1134|0.0015|0.0000||283.50|10|278.80|2
GME211210C00470000|0.34|0.34|0.34|0.28|0.34|49|0.06|0.2143|3|15|1|1|0.0146|0.0005|0.0006|-0.1494|0.0105||0.43|35|0.20|1
GME211210P00470000||||||49||||0|0|0|-1.0000|0.0000|-0.5922|0.0015|0.0000||293.45|12|288.80|2
GME211210C00480000|0.40|0.40|0.40|0.25|0.40|50|0.15|0.6000|7|32|1|1|0.0189|0.0006|0.0007|-0.1970|0.0130||0.41|16|0.20|1
GME211210P00480000||||||50||||0|0|0|-1.0000|0.0000|-0.1184|0.0016|0.0000||303.45|10|298.80|2
GME211210C00490000|0.30|0.35|0.24|0.40|0.24|51|-0.16|-0.4000|4|91|2|16|0.0125|0.0004|0.0005|-0.1328|0.0092||0.31|2|0.20|1
GME211210P00490000||||||51||||0|0|0|-1.0000|0.0000|-0.1208|0.0016|0.0000||313.40|3|308.80|2
GME211210C00500000|0.38|0.38|0.19|0.38|0.24|52|-0.14|-0.3684|-12|856|1|36|0.0123|0.0004|0.0005|-0.1332|0.0090||0.26|11|0.18|3
GME211210P00500000||||||52||||0|0|0|-1.0000|0.0000|-0.1233|0.0016|0.0000||323.40|12|318.80|4
GME211210C00510000|0.55|0.55|0.11|0.37|0.22|53|-0.15|-0.4054|139|2025|1|230|0.0118|0.0004|0.0005|-0.1294|0.0087||0.25|11|0.18|1
GME211210P00510000||||||53||||0|0|0|-1.0000|0.0000|-0.6426|0.0017|0.0000||333.35|4|328.80|2
GME211217C00080000|94.56|94.56|94.56|110.26|94.56|20|-15.70|-0.1424|0|1|1|1|0.9066|0.0010|0.0223|-0.9111|0.0629||101.60|5|98.15|12
GME211217P00080000|0.47|0.47|0.32|0.30|0.35|20|0.05|0.1667|26|349|3|8|-0.0110|0.0004|-0.0010|-0.0631|0.0109||0.50|30|0.25|19
GME211217C00085000||||95.85|95.85|19|0.00|0.0000|0|1|0|0|0.9707|0.0008|0.0345|-0.1689|0.0251||96.75|2|92.40|12
GME211217P00085000|0.45|0.45|0.42|0.35|0.42|19|0.07|0.2000|1|122|1|3|-0.0152|0.0006|-0.0014|-0.0818|0.0144||0.45|1|0.32|18
GME211217C00090000||||137.00|137.00|18|0.00|0.0000|0|4|0|0|0.9053|0.0005|0.0111|-1.7946|0.0635||91.75|13|88.40|12
GME211217P00090000|0.49|0.51|0.49|0.46|0.51|18|0.05|0.1087|0|66|1|3|-0.0169|0.0007|-0.0015|-0.0840|0.0158||0.71|52|0.35|120
GME211217C00100000|79.94|79.94|79.94|114.96|79.94|17|-35.02|-0.3046|0|49|1|1|0.9987|0.0001|0.0437|-0.0050|0.0016||81.75|17|78.75|12
GME211217P00100000|0.80|0.81|0.50|0.78|0.74|17|-0.04|-0.0513|126|869|4|278|-0.0015|0.0001|-0.0001|-0.0055|0.0018||0.86|12|0.75|1
GME211217C00105000||||66.05|66.05|16|0.00|0.0000|0|1|0|0|0.9975|0.0002|0.0458|-0.0089|0.0029||77.10|14|73.40|4
GME211217P00105000|0.87|0.95|0.87|0.78|0.94|16|0.16|0.2051|-2|89|1|54|-0.0026|0.0002|-0.0002|-0.0091|0.0030||1.10|59|0.72|114
GME211217C00110000||||73.25|73.25|15|0.00|0.0000|0|1|0|0|0.9963|0.0003|0.0479|-0.0124|0.0042||72.30|13|68.85|10
GME211217P00110000|0.89|1.40|0.89|0.82|1.10|15|0.28|0.3415|2|375|50|57|-0.0046|0.0004|-0.0004|-0.0149|0.0051||1.18|13|0.87|109
GME211217C00115000||||112.11|112.11|14|0.00|0.0000|0|2|0|0|0.9938|0.0005|0.0499|-0.0186|0.0066||67.50|14|63.80|13
GME211217P00115000|1.34|1.45|1.34|0.68|1.45|14|0.77|1.1324|0|148|5|17|-0.0082|0.0006|-0.0007|-0.0246|0.0085||1.38|16|1.04|110
GME211217C00120000||||64.15|64.15|13|0.00|0.0000|24|51|0|0|0.9892|0.0009|0.0517|-0.0299|0.0108||62.75|13|59.40|8
GME211217P00120000|1.37|1.43|1.37|1.34|1.43|13|0.09|0.0672|17|153|7|9|-0.0136|0.0010|-0.0011|-0.0375|0.0131||1.78|25|1.28|112
GME211217C00125000||||79.68|79.68|12|0.00|0.0000|0|35|0|0|0.8935|0.0030|0.1484|-0.1060|0.1260||58.10|16|54.55|12
GME211217P00125000|1.55|1.88|1.55|1.56|1.88|12|0.32|0.2051|-4|205|3|6|-0.0234|0.0016|-0.0020|-0.0599|0.0208||1.98|13|1.53|112
GME211217C00130000||||55.70|55.70|11|0.00|0.0000|0|10|0|0|0.8726|0.0035|0.1490|-0.1189|0.1430||53.60|50|50.10|13
GME211217P00130000|1.86|2.65|1.80|2.20|2.17|11|-0.03|-0.0136|9|195|1|34|-0.0361|0.0023|-0.0031|-0.0850|0.0298||2.43|24|1.90|108
GME211217C00135000||||90.47|90.47|10|0.00|0.0000|0|3|0|0|0.9503|0.0031|0.0549|-0.1070|0.0386||49.10|51|45.80|12
GME211217P00135000|2.62|2.62|2.62|2.75|2.62|10|-0.13|-0.0473|0|140|1|1|-0.0530|0.0032|-0.0045|-0.1147|0.0407||3.05|14|2.38|102
GME211217C00140000|40.15|40.15|40.15|47.75|40.15|9|-7.60|-0.1592|1|146|1|1|0.8221|0.0044|0.1470|-0.1468|0.1786||44.70|28|41.45|12
GME211217P00140000|3.26|4.39|3.00|3.21|3.23|9|0.02|0.0062|11|549|1|315|-0.0771|0.0043|-0.0066|-0.1532|0.0544||3.70|4|3.05|128
GME211217C00145000||||96.94|96.94|8|0.00|0.0000|0|57|0|0|0.8977|0.0054|0.0547|-0.1846|0.0672||40.55|25|37.50|7
GME211217P00145000|4.18|4.18|3.35|4.15|4.02|8|-0.13|-0.0313|16|211|1|26|-0.1097|0.0055|-0.0095|-0.2010|0.0707||4.75|16|3.85|128
GME211217C00150000||||35.85|35.85|7|0.00|0.0000|0|71|0|0|0.8592|0.0067|0.0535|-0.2327|0.0842||36.60|47|33.65|6
GME211217P00150000|4.25|6.92|4.00|5.25|5.45|7|0.20|0.0381|86|1619|1|207|-0.1460|0.0067|-0.0127|-0.2444|0.0863||5.80|10|5.25|51
GME211217C00155000|35.95|35.95|35.95|42.74|35.95|6|-6.79|-0.1589|0|11|1|1|0.7303|0.0055|0.1373|-0.1879|0.2266||32.85|82|30.20|14
GME211217P00155000|4.10|8.13|4.10|6.88|8.13|6|1.25|0.1817|13|308|1|15|-0.1878|0.0079|-0.0165|-0.2853|0.1015||7.25|14|6.00|165
GME211217C00160000|25.00|27.70|25.00|38.33|27.70|5|-10.63|-0.2773|-1|97|1|2|0.7689|0.0093|0.0498|-0.3127|0.1147||28.70|55|27.05|16
GME211217P00160000|6.80|10.00|6.40|8.40|7.27|5|-1.13|-0.1345|26|650|1|751|-0.2366|0.0091|-0.0209|-0.3268|0.1162||8.95|24|8.30|1
GME211217C00165000||||34.08|34.08|4|0.00|0.0000|0|82|0|0|0.7126|0.0102|0.0468|-0.3552|0.1284||26.05|75|23.80|4
GME211217P00165000|8.60|10.85|8.60|10.05|9.36|4|-0.69|-0.0687|22|307|1|12|-0.2907|0.0100|-0.0260|-0.3661|0.1291||10.75|15|9.25|146
GME211217C00170000||||23.22|23.22|3|0.00|0.0000|-2|117|0|0|0.6543|0.0109|0.0434|-0.3893|0.1389||23.05|88|20.75|20
GME211217P00170000|11.28|14.80|10.85|11.92|12.26|3|0.34|0.0285|291|1083|1|78|-0.3477|0.0107|-0.0314|-0.3996|0.1392||12.80|25|11.85|76
GME211217C00175000|21.90|21.90|16.27|21.60|20.50|2|-1.10|-0.0509|-22|188|1|11|0.5995|0.0063|0.1183|-0.2224|0.2650||20.35|86|18.30|4
GME211217P00175000|15.80|16.43|12.98|14.30|13.10|2|-1.20|-0.0839|18|703|2|22|-0.4047|0.0112|-0.0368|-0.4179|0.1460||15.30|22|13.50|193
GME211217C00180000|21.00|21.00|14.24|17.51|19.00|1|1.49|0.0851|17|465|1|51|0.5366|0.0118|0.0365|-0.4176|0.1497||17.90|112|16.05|4
GME211217P00180000|15.35|20.86|15.00|17.60|15.28|1|-2.32|-0.1318|199|1062|1|23|-0.4625|0.0115|-0.0425|-0.4271|0.1496||17.95|15|16.30|100
GME211217C00185000|17.00|18.25|12.92|16.00|15.52|1|-0.48|-0.0300|13|268|1|29|0.4810|0.0118|0.0330|-0.4214|0.1503||15.80|108|14.05|10
GME211217P00185000|17.32|23.60|17.00|19.85|18.00|1|-1.85|-0.0932|1|269|3|61|-0.4622|0.0063|-0.1611|-0.2344|0.2723||21.05|26|18.85|123
GME211217C00187500|15.87|15.87|15.87|14.09|15.87|2|1.78|0.1263|15|39|1|2|0.4695|0.0100|0.0315|-0.4930|0.1499||14.85|81|12.90|4
GME211217P00187500|20.48|20.48|19.77|21.85|19.77|2|-2.08|-0.0952|15|115|1|2|-0.5167|0.0089|-0.0505|-0.5554|0.1502||22.70|17|20.35|115
GME211217C00190000|15.00|16.15|10.20|13.65|15.30|3|1.65|0.1209|83|239|3|103|0.4234|0.0115|0.0292|-0.4162|0.1475||13.90|113|12.10|23
GME211217P00190000|20.10|26.92|20.10|22.75|22.18|3|-0.57|-0.0251|3|450|2|16|-0.5731|0.0113|-0.0539|-0.4264|0.1478||24.30|17|21.95|130
GME211217C00192500|12.74|12.74|12.74|12.10|12.74|4|0.64|0.0529|20|28|1|1|0.4289|0.0095|0.0288|-0.5067|0.1479||12.95|74|11.15|18
GME211217P00192500||||24.70|24.70|4|0.00|0.0000|7|112|0|0|-0.5484|0.0083|-0.0549|-0.5902|0.1492||25.85|10|23.60|84
GME211217C00195000|13.00|13.35|11.85|11.79|12.00|5|0.21|0.0178|18|148|1|5|0.3725|0.0110|0.0259|-0.4065|0.1425||12.20|86|10.35|42
GME211217P00195000|29.90|31.30|23.65|25.08|24.90|5|-0.18|-0.0072|8|423|1|124|-0.6234|0.0108|-0.0594|-0.4159|0.1430||27.75|20|25.30|112
GME211217C00197500|12.50|13.00|10.99|10.50|10.99|6|0.49|0.0467|33|38|1|41|0.3879|0.0092|0.0263|-0.4961|0.1445||11.45|77|9.85|10
GME211217P00197500||||27.65|27.65|6|0.00|0.0000|1|93|0|0|-0.5883|0.0082|-0.0594|-0.5742|0.1466||29.50|15|27.00|86
GME211217C00200000|11.05|12.80|8.47|10.50|10.14|7|-0.36|-0.0343|134|1099|2|1070|0.3290|0.0104|0.0230|-0.3946|0.1364||10.70|92|9.30|35
GME211217P00200000|28.60|32.77|28.10|28.61|29.00|7|0.39|0.0136|4|1921|1|10|-0.6677|0.0102|-0.0645|-0.4044|0.1368||31.30|12|28.85|115
GME211217C00202500|10.60|10.80|9.79|10.00|9.79|8|-0.21|-0.0210|5|18|1|31|0.4838|0.0050|0.0920|-0.3026|0.2733||10.15|92|8.70|38
GME211217P00202500||||24.10|24.10|8|0.00|0.0000|0|116|0|0|-0.7671|0.0116|-0.0719|-0.2523|0.1152||33.30|14|30.70|103
GME211217C00205000|10.00|10.05|7.47|9.40|9.18|9|-0.22|-0.0234|16|57|1|22|0.3465|0.0082|0.0234|-0.5173|0.1392||9.60|93|8.50|1
GME211217P00205000|36.08|36.08|33.98|33.95|33.98|9|0.03|0.0009|6|165|10|11|-0.6254|0.0075|-0.0652|-0.5989|0.1430||35.20|15|32.65|91
GME211217C00207500|10.20|10.20|7.35|9.03|8.90|10|-0.13|-0.0144|12|28|1|8|0.3225|0.0082|0.0219|-0.4934|0.1352||9.00|87|7.60|7
GME211217P00207500||||21.30|21.30|10|0.00|0.0000|0|181|0|0|-0.9532|0.0066|-0.0874|-0.0449|0.0369||37.15|10|34.60|80
GME211217C00210000|10.25|10.25|6.70|9.00|8.62|11|-0.38|-0.0422|323|845|1|35|0.2419|0.0090|0.0171|-0.3403|0.1176||8.55|98|7.15|7
GME211217P00210000|40.00|40.70|40.00|40.00|40.21|11|0.21|0.0053|7|226|1|6|-0.7530|0.0089|-0.0746|-0.3497|0.1189||39.45|19|36.60|85
GME211217C00212500|6.50|6.50|6.50|7.88|6.50|12|-1.38|-0.1751|1|22|1|1|0.2672|0.0081|0.0185|-0.4170|0.1241||8.10|88|6.70|7
GME211217P00212500|42.25|42.25|42.25|27.00|42.25|12|15.25|0.5648|0|59|4|4|-0.4957|0.0038|-0.2215|-0.3973|0.2735||41.30|11|38.65|64
GME211217C00215000|8.03|8.03|7.30|7.33|7.30|13|-0.03|-0.0041|3|93|1|4|0.4503|0.0045|0.0846|-0.3258|0.2714||7.60|26|6.30|40
GME211217P00215000|38.00|46.00|38.00|32.68|42.25|13|9.57|0.2928|0|99|1|4|-0.5608|0.0047|-0.2282|-0.3092|0.2704||43.35|12|40.75|72
GME211217C00217500|7.20|7.20|7.20|7.75|7.20|14|-0.55|-0.0710|18|38|1|1|0.2672|0.0072|0.0182|-0.4689|0.1239||7.30|89|5.95|11
GME211217P00217500|47.80|47.80|47.80|34.55|47.80|14|13.25|0.3835|0|23|1|1|-0.6431|0.0059|-0.0728|-0.7335|0.1405||45.95|15|42.85|46
GME211217C00220000|6.89|7.58|5.30|6.70|5.65|15|-1.05|-0.1567|257|1902|4|56|0.3497|0.0058|0.0731|-0.2240|0.2539||6.65|88|5.70|18
GME211217P00220000|46.55|46.55|46.55|42.02|46.55|15|4.53|0.1078|-1|445|1|1|-0.8159|0.0074|-0.0834|-0.3000|0.1003||47.60|7|45.00|82
GME211217C00222500|7.50|7.50|6.60|5.85|6.60|16|0.75|0.1282|1|67|1|4|0.2669|0.0066|0.0179|-0.5152|0.1238||6.40|82|5.35|51
GME211217P00222500|52.45|52.95|48.85|31.45|49.15|16|17.70|0.5628|0|10|2|15|-0.6508|0.0056|-0.0757|-0.7705|0.1394||50.25|20|47.20|53
GME211217C00225000|6.35|6.35|5.50|6.00|5.80|17|-0.20|-0.0333|6|105|1|19|0.2360|0.0065|0.0161|-0.4552|0.1161||6.25|93|5.10|53
GME211217P00225000|48.50|48.50|48.50|32.35|48.50|17|16.15|0.4992|0|31|1|2|-0.9571|0.0040|-0.0954|-0.0636|0.0344||52.10|12|49.35|24
GME211217C00227500|5.60|5.60|5.60|5.85|5.60|18|-0.25|-0.0427|-1|8|1|1|0.2179|0.0063|0.0149|-0.4274|0.1109||6.05|117|4.90|8
GME211217P00227500||||48.05|48.05|18|0.00|0.0000|17|60|0|0|-0.9241|0.0051|-0.0941|-0.1239|0.0538||54.50|12|51.55|57
GME211217C00230000|5.65|6.40|5.05|5.33|5.05|19|-0.28|-0.0525|-3|431|1|28|0.1316|0.0059|0.0094|-0.2414|0.0804||5.20|40|4.65|44
GME211217P00230000|54.21|54.21|54.21|49.83|54.21|19|4.38|0.0879|-10|63|1|1|-0.8639|0.0059|-0.0911|-0.2504|0.0823||56.65|3|53.80|45
GME211217C00232500|4.50|4.50|4.45|5.20|4.45|20|-0.75|-0.1442|3|80|1|3|0.1853|0.0059|0.0128|-0.3771|0.1006||5.15|49|4.45|34
GME211217P00232500||||53.30|53.30|20|0.00|0.0000|0|19|0|0|-0.9140|0.0050|-0.0956|-0.1543|0.0592||59.20|11|56.05|28
GME211217C00235000|5.70|5.70|5.14|4.79|5.14|21|0.35|0.0731|17|74|1|6|0.1977|0.0057|0.0135|-0.4235|0.1047||4.90|48|4.25|22
GME211217P00235000||||54.70|54.70|21|0.00|0.0000|43|60|0|0|-0.6525|0.0047|-0.2717|-0.2734|0.2533||61.85|12|58.35|23
GME211217C00240000|4.37|4.78|4.37|4.70|4.78|22|0.08|0.0170|-4|308|1|65|0.0935|0.0046|0.0067|-0.1905|0.0629||4.60|79|3.90|28
GME211217P00240000|65.50|65.50|65.50|65.23|65.50|22|0.27|0.0041|8|54|1|1|-0.8993|0.0047|-0.0980|-0.2061|0.0665||66.15|11|62.95|22
GME211217C00245000|4.75|4.75|4.10|4.10|4.44|23|0.34|0.0829|5|87|1|154|0.1650|0.0050|0.0113|-0.3873|0.0935||4.50|75|3.65|37
GME211217P00245000|71.40|71.40|71.40|56.01|71.40|23|15.39|0.2748|-5|49|2|5|-0.7783|0.0050|-0.0928|-0.5531|0.1120||71.05|11|67.60|16
GME211217C00250000|4.46|4.75|3.45|4.00|3.50|24|-0.50|-0.1250|14|1169|10|101|0.0674|0.0035|0.0049|-0.1510|0.0492||3.80|40|3.40|15
GME211217P00250000||||73.53|73.53|24|0.00|0.0000|-1|56|0|0|-0.9281|0.0036|-0.1044|-0.1609|0.0516||75.85|12|72.30|22
GME211217C00255000|3.60|3.60|3.45|3.60|3.45|25|-0.15|-0.0417|-1|355|1|2|0.1394|0.0043|0.0096|-0.3551|0.0836||3.75|70|3.15|39
GME211217P00255000||||39.75|39.75|25|0.00|0.0000|0|5|0|0|-0.9988|0.0002|-0.1117|-0.0016|0.0015||80.75|11|77.00|53
GME211217C00260000|3.55|3.85|3.20|3.59|3.39|26|-0.20|-0.0557|30|516|1|31|0.0480|0.0027|0.0035|-0.1167|0.0376||3.70|107|3.00|1
GME211217P00260000|78.20|78.20|78.20|72.05|78.20|26|6.15|0.0854|0|21|1|1|-0.9484|0.0028|-0.1102|-0.1253|0.0399||85.70|11|81.80|14
GME211217C00270000|3.25|3.25|2.86|3.19|2.90|27|-0.29|-0.0909|18|541|1|25|0.0357|0.0021|0.0026|-0.0940|0.0296||2.99|32|2.68|21
GME211217P00270000||||65.35|65.35|27|0.00|0.0000|0|49|0|0|-0.9606|0.0022|-0.1155|-0.1032|0.0321||95.25|12|91.40|28
GME211217C00280000|3.29|3.29|2.60|2.55|2.75|28|0.20|0.0784|7|2032|1|9|0.1796|0.0037|0.0384|-0.1764|0.1797||2.99|134|2.42|5
GME211217P00280000||||91.00|91.00|28|0.00|0.0000|0|10|0|0|-0.9703|0.0017|-0.1206|-0.0831|0.0254||104.95|11|101.05|15
GME211217C00290000|2.60|2.69|2.48|2.43|2.57|29|0.14|0.0576|3|522|1|45|0.1640|0.0034|0.0351|-0.1698|0.1695||2.55|47|2.23|2
GME211217P00290000||||68.50|68.50|29|0.00|0.0000|0|25|0|0|-0.9758|0.0014|-0.1254|-0.0721|0.0214||114.90|12|110.80|13
GME211217C00300000|2.55|2.60|2.15|2.35|2.15|30|-0.20|-0.0851|199|5147|1|750|0.1492|0.0031|0.0320|-0.1619|0.1593||2.33|38|2.04|13
GME211217P00300000|125.00|125.00|125.00|116.00|125.00|30|9.00|0.0776|0|20|4|5|-0.9825|0.0010|-0.1302|-0.0550|0.0163||124.85|13|120.50|25
GME211217C00310000|2.10|2.40|2.10|2.21|2.40|31|0.19|0.0860|-1|369|5|11|0.0115|0.0007|0.0008|-0.0385|0.0113||2.33|124|1.87|5
GME211217P00310000||||102.75|102.75|31|0.00|0.0000|0|3|0|0|-0.9862|0.0008|-0.1349|-0.0453|0.0132||134.85|12|130.35|49
GME211217C00320000|2.00|2.04|1.92|2.00|1.92|32|-0.08|-0.0400|4|407|1|45|0.0090|0.0006|0.0007|-0.0315|0.0091||2.14|112|1.74|7
GME211217P00320000||||96.00|96.00|32|0.00|0.0000|0|17|0|0|-0.9892|0.0007|-0.1395|-0.0371|0.0107||144.20|5|140.15|49
GME211217C00330000||||1.75|1.75|33|0.00|0.0000|28|213|0|0|0.1156|0.0025|0.0249|-0.1421|0.1336||1.93|59|1.61|2
GME211217P00330000||||159.50|159.50|33|0.00|0.0000|0|3|0|0|-0.9915|0.0005|-0.1440|-0.0302|0.0087||154.10|12|150.05|50
GME211217C00340000|2.00|2.00|1.70|1.53|1.70|34|0.17|0.1111|5|232|1|2|0.0058|0.0004|0.0004|-0.0223|0.0062||1.75|18|1.49|10
GME211217P00340000||||126.85|126.85|34|0.00|0.0000|0|7|0|0|-0.9933|0.0004|-0.1485|-0.0247|0.0071||164.10|12|159.90|50
GME211217C00350000|1.75|1.84|1.50|1.75|1.55|35|-0.20|-0.1143|13|990|1|41|0.0048|0.0003|0.0003|-0.0191|0.0052||1.65|20|1.39|14
GME211217P00350000||||133.85|133.85|35|0.00|0.0000|0|4|0|0|-0.9944|0.0004|-0.1530|-0.0214|0.0061||173.90|7|169.80|50
GME211217C00360000|1.50|1.60|1.37|1.58|1.37|36|-0.21|-0.1329|0|308|4|8|0.0042|0.0003|0.0003|-0.0175|0.0047||1.60|62|1.30|23
GME211217P00360000||||||36|||0|0|0|0|-0.8961|0.0022|-0.5005|-0.1411|0.1237||183.90|12|179.70|24
GME211217C00370000|1.45|1.45|1.45|1.97|1.45|37|-0.52|-0.2640|0|447|1|1|0.0036|0.0002|0.0003|-0.0154|0.0040||1.58|116|1.21|24
GME211217P00370000||||172.65|172.65|37|0.00|0.0000|0|3|0|0|-0.9959|0.0003|-0.1619|-0.0165|0.0046||193.90|12|189.60|50
GME211217C00380000|1.60|1.60|1.60|1.36|1.60|38|0.24|0.1765|1|169|1|1|0.0031|0.0002|0.0002|-0.0139|0.0036||1.58|127|1.20|1
GME211217P00380000||||165.60|165.60|38|0.00|0.0000|0|17|0|0|-0.9965|0.0002|-0.1663|-0.0141|0.0039||203.60|11|199.55|25
GME211217C00390000||||1.38|1.38|39|0.00|0.0000|0|192|0|0|0.0028|0.0002|0.0002|-0.0128|0.0032||1.31|44|1.05|5
GME211217P00390000||||||39|||0|0|0|0|-0.9969|0.0002|-0.1707|-0.0129|0.0035||213.60|1|209.45|18
GME211217C00400000|1.20|1.39|1.06|1.29|1.06|40|-0.23|-0.1783|16|1166|25|34|0.0022|0.0001|0.0002|-0.0106|0.0026||1.21|13|1.00|4
GME211217P00400000||||198.90|198.90|40|0.00|0.0000|0|3|0|0|-0.9972|0.0002|-0.1751|-0.0119|0.0032||223.60|13|219.40|13
GME211217C00410000||||1.22|1.22|41|0.00|0.0000|1|204|0|0|0.0018|0.0001|0.0001|-0.0089|0.0022||1.21|88|0.91|5
GME211217P00410000||||190.90|190.90|41|0.00|0.0000|0|3|0|0|-0.9976|0.0002|-0.1795|-0.0105|0.0029||233.60|12|229.35|24
GME211217C00420000|1.37|1.37|0.95|1.16|0.95|42|-0.21|-0.1810|-1|539|1|13|0.0016|0.0001|0.0001|-0.0081|0.0020||1.13|105|0.85|2
GME211217P00420000||||189.85|189.85|42|0.00|0.0000|0|16|0|0|-0.9985|0.0001|-0.1840|-0.0059|0.0018||243.40|12|239.30|13
GME211217C00430000|0.97|0.97|0.97|1.08|0.97|43|-0.11|-0.1019|0|208|7|7|0.0014|0.0001|0.0001|-0.0073|0.0018||1.13|68|0.68|64
GME211217P00430000||||244.20|244.20|43|0.00|0.0000|0|0|0|0|-0.9987|0.0001|-0.1884|-0.0052|0.0016||253.40|1|249.25|10
GME211217C00440000||||1.15|1.15|44|0.00|0.0000|4|472|0|0|0.0012|0.0001|0.0001|-0.0064|0.0015||1.02|21|0.66|27
GME211217P00440000||||||44|||0|0|0|0|-0.9990|0.0001|-0.1928|-0.0038|0.0013||263.40|1|259.20|10
GME211217C00450000|1.03|1.03|0.76|1.02|0.90|45|-0.12|-0.1176|5|684|2|6|0.0010|0.0001|0.0001|-0.0053|0.0012||0.95|25|0.59|51
GME211217P00450000||||||45|||0|0|0|0|-0.9991|0.0001|-0.1972|-0.0033|0.0012||274.20|1|269.15|20
GME211217C00460000|1.11|1.11|0.96|1.02|0.96|46|-0.06|-0.0588|-133|1136|1|4|0.0010|0.0001|0.0001|-0.0053|0.0012||0.95|48|0.60|1
GME211217P00460000||||261.60|261.60|46|0.00|0.0000|0|5|0|0|-0.9992|0.0001|-0.2016|-0.0029|0.0011||284.15|12|279.15|10
GME211217C00470000|0.90|0.90|0.78|0.84|0.78|47|-0.06|-0.0714|0|189|1|11|0.0303|0.0008|0.0020|-0.1758|0.0258||0.95|67|0.51|48
GME211217P00470000||||||47||||0|0|0|-1.0000|0.0000|-0.2060|0.0016|0.0000||294.15|10|289.15|2
GME211217C00480000|0.82|0.82|0.82|0.67|0.82|48|0.15|0.2239|7|224|1|1|0.0330|0.0009|0.0022|-0.1959|0.0277||0.71|13|0.48|20
GME211217P00480000||||264.21|264.21|48|0.00|0.0000|0|7|0|0|-0.9765|0.0007|-0.2088|-0.1371|0.0209||304.10|10|299.15|3
GME211217C00490000|1.01|1.01|0.76|0.86|0.76|49|-0.10|-0.1163|1|97|1|2|0.0309|0.0008|0.0021|-0.1865|0.0263||0.67|15|0.44|12
GME211217P00490000||||274.04|274.04|49|0.00|0.0000|0|7|0|0|-0.9784|0.0006|-0.2133|-0.1282|0.0195||314.05|10|309.10|2
GME211217C00500000|0.90|0.90|0.53|0.80|0.53|50|-0.27|-0.3375|-5|2488|50|66|0.0257|0.0007|0.0017|-0.1577|0.0226||0.64|7|0.40|28
GME211217P00500000||||290.05|290.05|50|0.00|0.0000|0|7|0|0|-0.9677|0.0008|-0.2170|-0.1970|0.0273||324.00|10|319.10|2
GME211217C00510000|0.72|0.96|0.49|0.72|0.50|51|-0.22|-0.3056|101|1366|2|133|0.0223|0.0006|0.0015|-0.1388|0.0200||0.60|4|0.45|5
GME211217P00510000||||277.97|277.97|51|0.00|0.0000|0|0|0|0|-0.9928|0.0003|-0.2230|-0.0426|0.0075||333.95|10|329.10|2
GME211223C00100000||||80.77|80.77|14|0.00|0.0000|-2|14|0|0|0.9727|0.0010|0.0569|-0.0866|0.0278||82.25|12|78.40|12
GME211223P00100000|0.90|0.90|0.88|0.80|0.88|14|0.08|0.1000|7|116|10|11|-0.0287|0.0011|-0.0036|-0.0909|0.0289||1.13|39|0.46|64
GME211223C00110000||||||13||||0|0|0|1.0000|0.0000|0.0663|-0.0004|0.0000||72.60|12|68.35|4
GME211223P00110000|0.80|1.33|0.80|1.69|1.33|13|-0.36|-0.2130|6|28|10|20|-0.1140|0.0021|-0.0439|-0.1532|0.1396||1.25|1|0.94|37
GME211223C00120000||||103.35|103.35|12|0.00|0.0000|0|1|0|0|0.8296|0.0011|0.0273|-1.3105|0.1119||63.20|16|59.15|12
GME211223P00120000||||1.15|1.15|12|0.00|0.0000|0|25|0|0|-0.0459|0.0021|-0.0056|-0.1025|0.0425||2.19|27|1.50|25
GME211223C00130000||||||11||||0|0|0|1.0000|0.0000|0.0784|-0.0005|0.0000||54.15|15|50.15|12
GME211223P00130000|2.84|2.84|2.69|2.33|2.69|11|0.36|0.1545|4|72|1|111|-0.0928|0.0034|-0.0115|-0.1866|0.0734||3.10|12|2.33|46
GME211223C00140000||||||10||||0|0|0|1.0000|0.0000|0.0844|-0.0005|0.0000||45.65|32|41.70|12
GME211223P00140000|4.10|4.10|4.10|3.90|4.10|10|0.20|0.0513|11|40|1|1|-0.1477|0.0046|-0.0186|-0.2618|0.1020||4.65|10|3.75|30
GME211223C00145000||||||9|||||0|0|1.0000|0.0000|0.0874|-0.0005|0.0000||41.50|31|37.85|4
GME211223P00145000||||||9|||||0|0|0.0000|0.0000|0.0000|0.0000|0.0000||5.80|10|4.75|29
GME211223C00150000||||55.90|55.90|8|0.00|0.0000|0|4|0|0|0.7269|0.0030|0.0448|-0.8349|0.1469||37.70|12|34.25|8
GME211223P00150000|4.80|7.60|4.10|6.45|6.07|8|-0.38|-0.0589|82|206|1|56|-0.2083|0.0059|-0.0265|-0.3147|0.1267||7.00|10|5.85|73
GME211223C00155000||||57.05|57.05|7|0.00|0.0000|0|10|0|0|0.7096|0.0031|0.0441|-0.8737|0.1514||34.10|45|30.80|10
GME211223P00155000|8.65|9.55|8.65|3.81|9.30|7|5.49|1.4409|0|111|8|18|-0.2589|0.0060|-0.0341|-0.3977|0.1430||8.65|13|7.20|34
GME211223C00160000||||53.80|53.80|6|0.00|0.0000|0|12|0|0|0.6906|0.0032|0.0439|-0.8791|0.1557||30.70|25|27.75|4
GME211223P00160000|10.28|11.60|8.10|9.59|9.45|6|-0.14|-0.0146|14|61|3|9|-0.2771|0.0073|-0.0355|-0.3485|0.1480||10.50|15|8.80|40
GME211223C00165000||||||5||||0|0|0|1.0000|0.0000|0.0994|-0.0006|0.0000||27.60|40|24.75|3
GME211223P00165000||||11.60|11.60|5|0.00|0.0000|12|21|0|0|-0.3192|0.0077|-0.0414|-0.3763|0.1580||12.55|13|10.65|38
GME211223C00170000||||25.94|25.94|4|0.00|0.0000|11|15|0|0|0.6362|0.0080|0.0548|-0.4016|0.1659||24.75|35|22.20|4
GME211223P00170000||||14.35|14.35|4|0.00|0.0000|2|33|0|0|-0.3627|0.0078|-0.0477|-0.4080|0.1659||14.65|11|12.75|36
GME211223C00175000||||19.00|19.00|3|0.00|0.0000|1|3|0|0|0.5958|0.0107|0.0545|-0.3186|0.1712||22.15|36|19.45|7
GME211223P00175000|13.64|17.35|13.50|16.30|16.05|3|-0.25|-0.0153|30|54|1|32|-0.4067|0.0084|-0.0536|-0.4050|0.1714||17.50|17|15.10|38
