symbol|open|high|low|preClose|close|activeLevel|change|changeRatio|openIntChange|openInterest|latestPriceVol|volume|delta|gamma|rho|theta|vega|tradeStamptradeTime|ask|avol|bid|bvol
GME211203C00100000|83.51|83.51|83.51|82.00|83.51|13|1.51|0.0184|0|10|1|1|0.9225|0.0016|0.0045|-3.3301|0.0194||82.30|8|77.90|41
GME211203P00100000|0.08|0.09|0.02|0.08|0.05|13|-0.03|-0.3750|146|513|1|58|-0.0013|0.0001|0.0000|-0.0406|0.0006||0.05|1|0.02|39
GME211203C00110000||||135.99|135.99|12|0.00|0.0000|0|1|0|0|0.9619|0.0001|0.0084|-0.6211|0.0489||72.00|12|67.90|41
GME211203P00110000|0.09|0.25|0.07|0.17|0.08|12|-0.09|-0.5294|15|172|1|29|-0.0050|0.0004|-0.0001|-0.1321|0.0019||0.10|1|0.06|26
GME211203C00120000||||||11||||0|0|0|1.0000|0.0000|0.0066|-0.0004|0.0000||62.00|12|57.85|42
GME211203P00120000|0.29|0.30|0.10|0.25|0.22|11|-0.03|-0.1200|148|381|2|134|-0.0081|0.0007|-0.0001|-0.1785|0.0030||0.33|34|0.18|28
GME211203C00130000||||65.44|65.44|10|0.00|0.0000|0|1|0|0|0.8037|0.0026|0.0043|-7.3661|0.0371||52.45|29|47.85|52
GME211203P00130000|0.16|0.50|0.16|0.40|0.27|10|-0.13|-0.3250|26|976|1|53|-0.0173|0.0015|-0.0002|-0.3146|0.0057||0.35|10|0.26|6
GME211203C00140000||||55.33|55.33|9|0.00|0.0000|0|6|0|0|0.7756|0.0032|0.0046|-6.8995|0.0401||42.35|18|37.75|43
GME211203P00140000|0.69|0.77|0.28|0.50|0.34|9|-0.16|-0.3200|57|1151|1|292|-0.2363|0.0027|-0.0691|-0.4439|0.1817||0.43|50|0.31|47
GME211203C00150000||||44.80|44.80|8|0.00|0.0000|0|6|0|0|0.7427|0.0042|0.0048|-6.2334|0.0432||32.75|23|27.90|16
GME211203P00150000|1.85|1.85|0.42|0.94|0.55|8|-0.39|-0.4149|17|1198|50|739|-0.0655|0.0055|-0.0007|-0.7331|0.0170||0.64|1|0.47|15
GME211203C00155000||||27.75|27.75|7|0.00|0.0000|0|5|0|0|0.8270|0.0080|0.0066|-2.0494|0.0342||28.35|16|22.75|38
GME211203P00155000|0.73|1.61|0.50|1.30|0.74|7|-0.56|-0.4308|34|992|2|111|-0.0611|0.0065|-0.0006|-0.5639|0.0162||1.01|43|0.59|87
GME211203C00160000|20.00|21.50|20.00|28.80|21.50|6|-7.30|-0.2535|0|115|1|20|0.9340|0.0085|0.0081|-0.4862|0.0172||23.65|48|19.80|68
GME211203P00160000|1.00|2.35|0.72|1.85|0.94|6|-0.91|-0.4919|14|440|2|726|-0.3119|0.0042|-0.0837|-0.3795|0.2086||1.05|1|0.83|67
GME211203C00165000||||32.50|32.50|5|0.00|0.0000|-1|31|0|0|0.6678|0.0055|0.0048|-5.9611|0.0486||19.50|32|14.60|48
GME211203P00165000|1.61|3.55|0.94|2.60|1.40|5|-1.20|-0.4615|467|783|1|1370|-0.1652|0.0138|-0.0017|-1.1165|0.0333||1.50|15|1.27|34
GME211203C00170000|11.23|12.00|8.50|13.25|12.00|4|-1.25|-0.0943|10|50|8|46|0.7667|0.0186|0.0069|-1.2563|0.0410||14.00|38|10.20|74
GME211203P00170000|2.31|5.10|1.45|3.72|2.33|4|-1.39|-0.3737|275|934|1|1910|-0.2333|0.0196|-0.0024|-1.1941|0.0409||2.45|13|2.02|14
GME211203C00175000|9.64|10.53|6.00|9.70|10.53|3|0.83|0.0856|29|117|5|43|0.6871|0.0268|0.0063|-1.1714|0.0474||9.95|45|7.10|95
GME211203P00175000|1.95|7.25|1.95|4.95|3.40|3|-1.55|-0.3131|181|483|1|1254|-0.3226|0.0253|-0.0034|-1.2696|0.0480||3.70|26|3.10|30
GME211203C00177500|10.10|10.10|4.70|7.55|8.24|2|0.69|0.0914|4|7|1|54|0.6102|0.0327|0.0057|-1.1252|0.0512||7.85|30|6.45|25
GME211203P00177500|4.40|8.60|2.87|5.85|4.35|2|-1.50|-0.2564|136|199|3|910|-0.4110|0.0060|-0.1050|-0.3233|0.2293||4.65|27|4.10|3
GME211203C00180000|8.54|11.00|3.20|7.10|5.00|1|-2.10|-0.2958|57|733|1|850|0.5403|0.0288|0.0050|-1.3693|0.0531||6.20|25|5.20|29
GME211203P00180000|5.50|10.10|3.35|6.98|5.45|1|-1.53|-0.2192|493|1768|1|1667|-0.4312|0.0065|-0.1084|-0.3025|0.2317||5.85|53|4.85|31
GME211203C00182500|7.88|8.47|3.11|6.70|4.15|1|-2.55|-0.3806|74|85|1|90|0.4708|0.0276|0.0044|-1.4324|0.0533||4.90|30|3.95|57
GME211203P00182500|5.90|11.00|4.40|8.00|6.50|1|-1.50|-0.1875|98|297|1|180|-0.5217|0.0244|-0.0056|-1.6277|0.0533||7.15|26|5.95|51
GME211203C00185000|4.90|7.95|2.08|4.90|3.35|2|-1.55|-0.3163|313|481|1|1742|0.3900|0.0268|0.0036|-1.3730|0.0512||3.45|5|3.25|8
GME211203P00185000|6.43|14.03|5.35|9.80|7.50|2|-2.30|-0.2347|77|588|1|856|-0.5642|0.0206|-0.0061|-1.8775|0.0527||9.05|56|7.35|48
GME211203C00187500|3.85|6.50|1.83|3.95|2.27|3|-1.68|-0.4253|713|730|1|572|0.3466|0.0247|0.0033|-1.3791|0.0494||2.90|25|1.77|197
GME211203P00187500|7.91|15.14|7.00|10.70|10.10|3|-0.60|-0.0561|113|475|2|48|-0.6319|0.0222|-0.0069|-1.5988|0.0505||10.00|11|8.95|53
GME211203C00190000|3.95|5.18|1.40|3.70|1.87|4|-1.83|-0.4946|634|778|7|1204|0.2737|0.0239|0.0026|-1.1584|0.0446||2.22|25|1.68|31
GME211203P00190000|11.24|18.00|8.00|12.00|11.55|4|-0.45|-0.0375|-109|833|1|249|-0.4913|0.0064|-0.1272|-0.3175|0.2352||12.25|15|10.95|20
GME211203C00192500|2.95|4.25|1.14|2.96|1.40|5|-1.56|-0.5270|434|502|7|517|0.2176|0.0214|0.0021|-1.0133|0.0394||1.69|25|1.04|148
GME211203P00192500|11.75|16.88|11.63|14.20|15.80|5|1.60|0.1127|-101|273|1|23|-0.6535|0.0151|-0.0074|-2.2561|0.0494||14.45|12|13.00|4
GME211203C00195000|2.37|3.40|0.92|2.40|1.10|6|-1.30|-0.5417|397|597|1|545|0.1747|0.0179|0.0017|-0.9279|0.0344||1.33|22|1.10|19
GME211203P00195000|14.00|21.77|12.00|16.71|13.44|6|-3.27|-0.1957|-61|626|1|164|-0.8551|0.0177|-0.0093|-0.7313|0.0304||16.70|16|14.75|43
GME211203C00197500|2.55|2.85|0.71|2.04|0.92|7|-1.12|-0.5490|386|490|10|494|0.1493|0.0158|0.0014|-0.8564|0.0311||1.11|23|0.88|18
GME211203P00197500|23.22|23.22|17.51|18.95|18.15|7|-0.80|-0.0422|38|202|3|13|-0.6820|0.0124|-0.0080|-2.5660|0.0478||19.15|33|17.00|44
GME211203C00200000|1.75|2.33|0.57|1.69|0.82|8|-0.87|-0.5148|381|1051|5|2520|0.4608|0.0060|0.0686|-0.3365|0.2341||0.90|2|0.76|15
GME211203P00200000|17.55|26.85|16.00|22.15|22.02|8|-0.13|-0.0059|-71|998|48|270|-0.8951|0.0129|-0.0100|-0.6393|0.0243||21.65|27|19.20|37
GME211203C00202500|2.00|2.00|0.50|1.48|0.67|9|-0.81|-0.5473|35|281|2|476|0.1155|0.0116|0.0011|-0.8161|0.0260||0.82|16|0.66|12
GME211203P00202500|20.05|22.43|20.05|21.91|21.55|9|-0.36|-0.0164|-27|184|1|23|-0.4610|0.0037|-0.1489|-0.5399|0.2341||24.05|22|21.55|39
GME211203C00205000|1.17|1.68|0.48|1.34|0.55|10|-0.79|-0.5896|206|834|1|632|0.0937|0.0101|0.0009|-0.6943|0.0224||0.72|9|0.59|14
GME211203P00205000|22.06|31.10|22.06|28.45|26.87|10|-1.58|-0.0555|-4|484|1|68|-0.7789|0.0109|-0.0092|-2.0285|0.0396||26.55|26|23.85|40
GME211203C00207500|1.29|1.35|0.46|1.10|0.51|11|-0.59|-0.5364|-5|400|1|171|0.0768|0.0084|0.0007|-0.6172|0.0192||0.71|32|0.51|27
GME211203P00207500|23.40|31.50|23.40|20.90|25.68|11|4.78|0.2287|-2|35|1|4|-0.7054|0.0088|-0.0088|-3.3597|0.0460||29.05|25|26.35|26
GME211203C00210000|1.01|1.24|0.40|1.11|0.53|12|-0.58|-0.5225|79|939|3|659|0.0655|0.0074|0.0006|-0.5538|0.0171||0.58|2|0.49|12
GME211203P00210000|28.16|35.15|27.06|30.40|31.77|12|1.37|0.0451|1|385|1|33|-0.8472|0.0094|-0.0101|-1.4785|0.0315||31.55|31|28.85|34
GME211203C00212500|0.95|1.05|0.38|0.92|0.51|13|-0.41|-0.4457|119|297|1|143|0.4499|0.0048|0.0633|-0.4213|0.2334||0.59|20|0.42|42
GME211203P00212500|33.40|33.40|33.40|34.12|33.40|13|-0.72|-0.0211|-1|67|2|2|-0.8856|0.0084|-0.0106|-1.1126|0.0259||34.05|26|31.35|24
GME211203C00215000|0.81|1.00|0.36|0.87|0.36|14|-0.51|-0.5862|21|792|5|227|0.0487|0.0054|0.0005|-0.4677|0.0135||0.52|2|0.40|21
GME211203P00215000|31.50|35.35|31.50|34.35|31.97|14|-2.38|-0.0693|-1|226|1|26|-0.8072|0.0083|-0.0101|-2.2599|0.0366||36.55|30|33.85|34
GME211203C00217500|0.70|0.70|0.38|0.71|0.38|15|-0.33|-0.4648|-7|183|1|18|0.0610|0.0058|0.0006|-0.6274|0.0162||0.50|1|0.38|12
GME211203P00217500|38.35|38.35|38.35|30.09|38.35|15|8.26|0.2745|0|74|2|2|-0.9954|0.0011|-0.0119|-0.0426|0.0018||39.05|27|36.20|26
GME211203C00220000|0.77|0.81|0.35|0.77|0.37|16|-0.40|-0.5195|-11|1378|1|399|0.0500|0.0050|0.0005|-0.5363|0.0138||0.43|5|0.33|63
GME211203P00220000|35.30|44.52|35.30|40.00|38.63|16|-1.37|-0.0343|1|213|1|17|-0.8674|0.0072|-0.0108|-1.5881|0.0287||41.55|30|38.70|38
GME211203C00222500|0.66|0.73|0.32|0.57|0.32|17|-0.25|-0.4386|-15|181|4|23|0.4457|0.0042|0.0604|-0.4803|0.2330||0.40|2|0.32|31
GME211203P00222500|47.10|47.10|45.85|34.99|45.85|17|10.86|0.3104|0|51|2|6|-0.8326|0.0070|-0.0107|-2.2298|0.0335||44.05|17|41.20|14
GME211203C00225000|0.71|0.72|0.34|0.71|0.34|18|-0.37|-0.5211|-80|656|1|118|0.0402|0.0039|0.0004|-0.4762|0.0115||0.40|1|0.31|16
GME211203P00225000||||45.20|45.20|18|0.00|0.0000|-3|125|0|0|-0.8280|0.0067|-0.0108|-2.4173|0.0340||46.55|24|43.50|36
GME211203C00227500|0.50|0.70|0.46|0.77|0.50|19|-0.27|-0.3506|3|97|2|27|0.0458|0.0041|0.0004|-0.5685|0.0129||0.40|3|0.29|25
GME211203P00227500|53.85|53.85|45.47|33.03|45.48|19|12.45|0.3769|0|26|1|5|-0.9007|0.0058|-0.0116|-1.3224|0.0234||49.05|28|45.95|27
GME211203C00230000|0.54|0.63|0.27|0.62|0.31|20|-0.31|-0.5000|192|927|1|202|0.0474|0.0040|0.0004|-0.6169|0.0132||0.35|3|0.28|22
GME211203P00230000|47.50|56.35|46.57|45.00|49.84|20|4.84|0.1076|-3|67|1|8|-0.9027|0.0055|-0.0117|-1.3498|0.0230||51.55|21|48.45|17
GME211203C00232500|0.48|0.48|0.32|0.57|0.32|21|-0.25|-0.4386|-8|93|10|19|0.0339|0.0031|0.0003|-0.4552|0.0101||0.36|1|0.27|25
GME211203P00232500|49.07|52.32|49.07|46.88|52.32|21|5.44|0.1160|-1|34|1|2|-0.9988|0.0003|-0.0127|-0.0143|0.0005||54.05|28|50.95|20
GME211203C00235000|0.33|0.60|0.23|0.54|0.27|22|-0.27|-0.5000|-1|331|1|119|0.0385|0.0032|0.0004|-0.5414|0.0112||0.30|1|0.27|16
GME211203P00235000|51.57|61.30|50.00|54.89|51.68|22|-3.21|-0.0585|-6|371|4|56|-0.9238|0.0046|-0.0122|-1.1177|0.0192||56.55|24|53.45|35
GME211203C00237500|0.42|0.42|0.42|0.52|0.42|23|-0.10|-0.1923|0|115|1|1|0.0468|0.0035|0.0004|-0.6915|0.0131||0.35|11|0.25|16
GME211203P00237500|54.06|63.79|52.54|57.38|54.18|23|-3.20|-0.0558|-6|284|4|45|-0.9251|0.0044|-0.0123|-1.1377|0.0189||59.05|21|55.90|22
GME211203C00240000|0.50|0.60|0.25|0.50|0.29|24|-0.21|-0.4200|1|592|1|220|0.0376|0.0030|0.0004|-0.5656|0.0110||0.29|1|0.22|32
GME211203P00240000|54.95|66.50|54.95|57.50|60.48|24|2.98|0.0518|-1|101|1|10|-0.9138|0.0045|-0.0124|-1.3760|0.0211||61.55|27|58.30|23
GME211203C00245000|0.47|0.47|0.19|0.44|0.25|25|-0.19|-0.4318|-31|414|1|75|0.0333|0.0026|0.0003|-0.5311|0.0099||0.30|12|0.25|176
GME211203P00245000|60.55|60.55|60.55|62.45|60.55|25|-1.90|-0.0304|-1|68|1|1|-0.6052|0.0038|-0.2083|-0.4978|0.2270||66.55|13|63.05|15
GME211203C00250000|0.25|0.45|0.17|0.41|0.21|26|-0.20|-0.4878|-50|3342|4|1639|0.0247|0.0020|0.0002|-0.4161|0.0077||0.22|50|0.18|56
GME211203P00250000|71.49|74.50|67.82|65.43|70.43|26|5.00|0.0764|-9|123|1|7|-0.9226|0.0038|-0.0130|-1.3940|0.0194||71.55|23|68.05|45
GME211203C00260000|0.23|0.34|0.15|0.37|0.15|27|-0.22|-0.5946|10|714|1|224|0.0203|0.0016|0.0002|-0.3791|0.0065||0.16|3|0.11|30
GME211203P00260000||||75.00|75.00|27|0.00|0.0000|-1|6|0|0|-0.9710|0.0020|-0.0140|-0.5477|0.0088||81.55|13|78.00|12
GME211203C00270000|0.22|0.34|0.15|0.26|0.15|28|-0.11|-0.4231|-1|587|1|276|0.0185|0.0014|0.0002|-0.3786|0.0061||0.21|20|0.08|34
GME211203P00270000|85.99|86.50|85.99|90.50|86.50|28|-4.00|-0.0442|4|21|2|4|-0.9807|0.0014|-0.0146|-0.3927|0.0063||91.55|20|88.00|13
GME211203C00280000|0.22|0.30|0.11|0.25|0.11|29|-0.14|-0.5600|-8|572|1|78|0.0171|0.0012|0.0002|-0.3777|0.0057||0.16|13|0.10|2
GME211203P00280000||||95.00|95.00|29|0.00|0.0000|-3|10|0|0|-0.9734|0.0016|-0.0151|-0.5960|0.0082||102.40|17|98.10|13
GME211203C00290000|0.27|0.27|0.09|0.25|0.09|30|-0.16|-0.6400|200|502|1|22|0.0122|0.0009|0.0001|-0.2883|0.0043||0.12|7|0.09|1
GME211203P00290000||||||30||||0|0|0|-1.0000|0.0000|-0.3098|0.0009|0.0000||112.35|18|108.00|13
GME211203C00300000|0.17|0.22|0.07|0.17|0.07|31|-0.10|-0.5882|16|2195|2|305|0.0090|0.0007|0.0001|-0.2255|0.0033||0.07|3|0.06|6
GME211203P00300000||||111.10|111.10|31|0.00|0.0000|-1|2|0|0|-1.0000|0.0000|-0.0164|-0.0002|0.0000||122.30|17|118.05|12
GME211203C00310000|0.11|0.13|0.10|0.20|0.13|32|-0.07|-0.3500|-10|344|1|3|0.0123|0.0008|0.0001|-0.3298|0.0043||0.08|2|0.05|6
GME211203P00310000||||71.90|71.90|32|0.00|0.0000|0|4|0|0|-0.8692|0.0029|-0.3104|-0.1995|0.1252||132.25|17|128.10|12
GME211203C00320000|0.10|0.12|0.08|0.17|0.08|33|-0.09|-0.5294|100|389|2|5|0.0078|0.0005|0.0001|-0.2194|0.0029||0.08|3|0.04|12
GME211203P00320000||||||33||||0|0|0|-1.0000|0.0000|-0.0175|0.0010|0.0000||142.20|17|138.10|12
GME211203C00330000|0.08|0.08|0.07|0.11|0.07|34|-0.04|-0.3636|68|348|1|6|0.0072|0.0005|0.0001|-0.2105|0.0027||0.06|1|0.05|3
GME211203P00330000||||127.27|127.27|34|0.00|0.0000|0|2|0|0|-0.9970|0.0002|-0.0181|-0.0875|0.0012||152.20|17|148.15|12
GME211203C00340000|0.08|0.08|0.07|0.11|0.07|35|-0.04|-0.3636|21|135|1|3|0.0065|0.0004|0.0001|-0.1993|0.0024||0.07|4|0.03|4
GME211203P00340000||||134.20|134.20|35|0.00|0.0000|0|1|0|0|-0.9990|0.0001|-0.0186|-0.0291|0.0004||162.15|17|158.15|12
GME211203C00350000|0.09|0.09|0.04|0.10|0.04|36|-0.06|-0.6000|226|1237|1|29|0.0050|0.0003|0.0000|-0.1602|0.0019||0.06|1|0.04|1
GME211203P00350000||||136.35|136.35|36|0.00|0.0000|0|3|0|0|-1.0000|0.0000|-0.0192|0.0008|0.0000||172.15|18|168.20|12
GME211203C00360000||||0.09|0.09|37|0.00|0.0000|-2|159|0|0|0.0076|0.0004|0.0001|-0.2537|0.0028||0.07|7|0.02|15
GME211203P00360000||||||37||||0|0|0|-1.0000|0.0000|-0.0197|0.0011|0.0000||182.15|18|178.20|12
GME211203C00370000||||0.05|0.05|38|0.00|0.0000|-2|88|0|0|0.0047|0.0003|0.0000|-0.1609|0.0018||0.07|7|0.02|6
GME211203P00370000||||136.05|136.05|38|0.00|0.0000|0|1|0|0|-0.9998|0.0000|-0.0203|-0.0057|0.0001||192.10|12|188.20|12
GME211203C00380000|0.06|0.06|0.06|0.10|0.06|39|-0.04|-0.4000|15|101|1|1|0.0051|0.0003|0.0000|-0.1819|0.0020||0.07|14|0.01|10
GME211203P00380000||||170.35|170.35|39|0.00|0.0000|0|0|0|0|-0.9996|0.0000|-0.0208|-0.0125|0.0002||202.10|17|198.20|12
GME211203C00390000|0.02|0.02|0.02|0.09|0.02|40|-0.07|-0.7778|9|91|2|2|0.0020|0.0001|0.0000|-0.0719|0.0008||0.07|7|0.00|0
GME211203P00390000||||||40||||0|0|0|-1.0000|0.0000|-0.0214|0.0012|0.0000||212.10|17|208.20|12
GME211203C00400000|0.04|0.06|0.01|0.07|0.02|41|-0.05|-0.7143|-34|2449|1|46|0.0018|0.0001|0.0000|-0.0683|0.0008||0.05|1|0.01|11
GME211203P00400000||||215.38|215.38|41|0.00|0.0000|-10|0|0|0|-0.9999|0.0000|-0.0219|-0.0009|0.0000||222.10|18|218.20|12
GME211203C00410000|0.05|0.05|0.02|0.05|0.03|42|-0.02|-0.4000|-2|1055|2|37|0.0026|0.0002|0.0000|-0.1031|0.0011||0.04|1|0.03|5
GME211203P00410000||||||42||||0|0|0|-1.0000|0.0000|-0.4380|0.0013|0.0000||232.10|18|228.20|12
GME211203C00420000|0.04|0.04|0.04|0.05|0.04|43|-0.01|-0.2000|7|231|4|4|0.0034|0.0002|0.0000|-0.1352|0.0014||0.06|1|0.01|1
GME211203P00420000||||||43||||0|0|0|-1.0000|0.0000|-0.0230|0.0013|0.0000||242.10|17|238.25|12
GME211203C00430000||||0.03|0.03|44|0.00|0.0000|21|70|0|0|0.0024|0.0001|0.0000|-0.1005|0.0010||0.10|2|0.01|6
GME211203P00430000||||||44||||0|0|0|-1.0000|0.0000|-0.0236|0.0013|0.0000||252.10|12|248.20|12
GME211203C00440000|0.08|0.08|0.08|0.05|0.08|45|0.03|0.6000|1|70|1|1|0.0055|0.0003|0.0000|-0.2318|0.0021||0.09|1|0.01|11
GME211203P00440000||||||45||||0|0|0|-1.0000|0.0000|-0.0241|0.0014|0.0000||262.10|12|258.10|12
GME211203C00450000|0.02|0.02|0.01|0.03|0.01|46|-0.02|-0.6667|5|483|5|6|0.0010|0.0001|0.0000|-0.0421|0.0004||0.11|1|0.01|15
GME211203P00450000||||||46||||0|0|0|-1.0000|0.0000|-0.0247|0.0014|0.0000||272.10|12|268.20|12
GME211203C00460000|0.11|0.11|0.01|0.02|0.01|47|-0.01|-0.5000|-1|59|1|6|0.0009|0.0001|0.0000|-0.0412|0.0004||0.05|1|0.01|1
GME211203P00460000||||||47||||0|0|0|-1.0000|0.0000|-0.0252|0.0014|0.0000||282.10|10|277.75|12
GME211203C00470000||||0.07|0.07|48|0.00|0.0000|-57|191|0|0|0.0046|0.0002|0.0000|-0.2091|0.0018||0.05|1|0.00|0
GME211203P00470000||||||48||||0|0|0|-1.0000|0.0000|-0.0258|0.0014|0.0000||292.10|12|288.10|12
GME211203C00480000|0.05|0.06|0.05|0.04|0.06|49|0.02|0.5000|1|91|1|2|0.0041|0.0002|0.0000|-0.1892|0.0016||0.10|1|0.00|0
GME211203P00480000||||||49||||0|0|0|-1.0000|0.0000|-0.5128|0.0015|0.0000||302.10|12|297.30|12
GME211203C00490000||||0.06|0.06|50|0.00|0.0000|16|250|0|0|0.0039|0.0002|0.0000|-0.1862|0.0016||0.04|1|0.01|1
GME211203P00490000||||||50||||0|0|0|-1.0000|0.0000|-0.5235|0.0015|0.0000||312.30|10|307.00|12
GME211203C00500000|0.05|0.05|0.01|0.05|0.01|51|-0.04|-0.8000|1|1370|1|19|0.0009|0.0001|0.0000|-0.0414|0.0004||0.05|5|0.01|4
GME211203P00500000||||||51||||0|0|0|-1.0000|0.0000|-0.0274|0.0015|0.0000||322.30|10|317.00|12
GME211203C00510000|0.04|0.10|0.01|0.05|0.01|52|-0.04|-0.8000|217|5698|10|500|0.0007|0.0000|0.0000|-0.0336|0.0003||0.02|24|0.01|101
GME211203P00510000||||||52||||0|0|0|-1.0000|0.0000|-0.0279|0.0016|0.0000||332.30|10|326.95|1
GME211210C00100000||||86.01|86.01|14|0.00|0.0000|0|1|0|0|0.8665|0.0009|0.0516|-0.5656|0.1380||82.35|9|78.70|13
GME211210P00100000|0.57|0.79|0.34|0.57|0.48|14|-0.09|-0.1579|65|210|1|47|-0.0186|0.0008|-0.0009|-0.1395|0.0129||0.49|1|0.38|1
GME211210C00110000||||76.13|76.13|13|0.00|0.0000|0|2|0|0|0.8877|0.0020|0.0205|-1.0004|0.0542||72.65|11|68.90|13
GME211210P00110000|0.85|0.85|0.64|0.71|0.69|13|-0.02|-0.0282|50|206|1|10|-0.0276|0.0013|-0.0014|-0.1767|0.0180||0.93|34|0.44|81
GME211210C00120000||||76.03|76.03|12|0.00|0.0000|0|1|0|0|0.8256|0.0021|0.0177|-1.7628|0.0728||63.00|12|59.30|12
GME211210P00120000|0.60|1.31|0.60|0.95|1.10|12|0.15|0.1579|2|96|1|174|-0.0436|0.0020|-0.0022|-0.2410|0.0263||1.20|27|0.73|72
GME211210C00130000||||||11||||0|0|0|1.0000|0.0000|0.0321|-0.0004|0.0000||53.50|21|49.95|15
GME211210P00130000|1.30|2.00|1.00|1.50|1.42|11|-0.08|-0.0533|20|431|3|81|-0.0627|0.0029|-0.0031|-0.2890|0.0350||1.64|24|1.28|25
GME211210C00140000||||56.44|56.44|10|0.00|0.0000|0|29|0|0|0.7728|0.0031|0.0202|-1.6083|0.0857||43.90|14|40.80|32
GME211210P00140000|2.30|3.20|1.75|2.49|2.40|10|-0.09|-0.0361|47|299|5|272|-0.1083|0.0046|-0.0054|-0.4207|0.0527||2.68|74|2.09|68
GME211210C00145000||||||9|||||0|0|1.0000|0.0000|0.0358|-0.0005|0.0000||39.50|16|36.40|35
GME211210P00145000|2.60|3.60|2.60|2.60|2.90|9|0.30|0.1154|||1|9|-0.1245|0.0054|-0.0062|-0.4352|0.0583||3.05|30|2.72|32
GME211210C00150000|37.50|37.50|34.20|47.05|34.20|8|-12.85|-0.2731|0|19|1|2|0.7814|0.0055|0.0253|-0.8835|0.0838||34.95|19|32.30|40
GME211210P00150000|3.00|5.00|2.81|3.70|3.70|8|0.00|0.0000|51|220|1|469|-0.1660|0.0063|-0.0083|-0.5436|0.0708||3.90|32|3.50|53
GME211210C00155000||||58.70|58.70|7|0.00|0.0000|0|45|0|0|0.7146|0.0027|0.0171|-2.3861|0.0962||31.30|29|28.30|37
GME211210P00155000|4.95|6.40|4.10|4.95|4.55|7|-0.40|-0.0808|94|195|1|74|-0.1863|0.0076|-0.0093|-0.5232|0.0761||4.80|1|4.45|61
GME211210C00160000||||29.75|29.75|6|0.00|0.0000|0|204|0|0|0.7197|0.0067|0.0245|-0.9354|0.0957||27.15|20|24.60|40
GME211210P00160000|5.00|8.20|5.00|6.00|6.00|6|0.00|0.0000|153|386|1|226|-0.2484|0.0084|-0.0126|-0.6610|0.0897||6.55|74|5.65|65
GME211210C00165000|21.75|21.75|21.75|23.22|21.75|5|-1.47|-0.0633|2|2|1|1|0.7092|0.0097|0.0260|-0.6764|0.0971||23.50|11|21.15|44
GME211210P00165000|7.65|10.05|6.48|7.75|7.50|5|-0.25|-0.0323|18|320|1|90|-0.3360|0.0045|-0.1064|-0.3232|0.2336||8.10|65|7.20|43
GME211210C00170000|24.00|24.00|17.52|20.07|21.00|4|0.93|0.0463|11|16|2|17|0.6462|0.0039|0.0945|-0.3816|0.2381||20.30|11|18.00|47
GME211210P00170000|8.54|12.29|7.15|8.90|9.67|4|0.77|0.0865|-2|360|17|196|-0.3400|0.0103|-0.0174|-0.7241|0.1040||10.00|15|8.95|55
GME211210C00175000|19.14|19.20|13.80|18.40|19.20|3|0.80|0.0435|7|25|4|37|0.6015|0.0088|0.0218|-0.9450|0.1096||17.50|12|15.30|22
GME211210P00175000|9.55|15.25|9.50|11.66|11.53|3|-0.13|-0.0111|117|418|1|206|-0.3906|0.0123|-0.0198|-0.6628|0.1090||12.00|35|11.05|39
GME211210C00177500|16.27|16.27|16.26|16.27|16.26|2|-0.01|-0.0006|||1|2|0.5726|0.0099|0.0213|-0.8619|0.1111||16.35|22|14.40|38
GME211210P00177500|11.31|16.03|11.00|11.31|12.70|2|1.39|0.1229|||1|41|-0.3958|0.0047|-0.1290|-0.3454|0.2467||13.20|27|12.20|19
GME211210C00180000|14.20|18.25|11.72|14.75|14.00|1|-0.75|-0.0508|58|79|1|270|0.5438|0.0111|0.0206|-0.7902|0.1123||14.90|26|13.70|29
GME211210P00180000|13.00|17.50|11.63|14.30|14.44|1|0.14|0.0098|117|606|2|220|-0.4579|0.0116|-0.0237|-0.7514|0.1124||14.90|65|13.30|45
GME211210C00182500|15.85|15.85|10.82|15.85|12.75|1|-3.10|-0.1956|||1|45|0.5191|0.0116|0.0200|-0.7612|0.1132||13.85|61|11.70|75
GME211210P00182500|14.38|19.00|14.17|14.38|15.75|1|1.37|0.0953|||4|27|-0.4897|0.0136|-0.0249|-0.6501|0.1133||16.10|38|14.55|41
GME211210C00185000|15.95|15.95|9.20|12.60|12.23|2|-0.37|-0.0294|53|108|1|61|0.5728|0.0046|0.0900|-0.3642|0.2512||12.75|36|11.15|45
GME211210P00185000|14.53|20.50|14.50|17.01|17.50|2|0.49|0.0288|61|358|2|41|-0.4924|0.0095|-0.0267|-0.9308|0.1133||17.85|61|15.90|54
GME211210C00187500|15.35|15.35|9.15|11.00|12.20|3|1.20|0.1091|9|19|1|22|0.5695|0.0043|0.0877|-0.3880|0.2516||11.75|37|10.15|30
GME211210P00187500|16.10|18.90|16.10|15.45|18.90|3|3.45|0.2233|45|127|2|5|-0.5428|0.0121|-0.0284|-0.7233|0.1127||19.05|40|17.55|27
GME211210C00190000|12.50|13.20|8.50|10.75|9.25|4|-1.50|-0.1395|10|96|1|130|0.4385|0.0111|0.0170|-0.7750|0.1119||10.65|23|8.95|78
GME211210P00190000|20.96|23.00|17.84|21.52|20.25|4|-1.27|-0.0590|50|428|1|16|-0.5513|0.0104|-0.0296|-0.8355|0.1124||21.05|57|19.10|44
GME211210C00192500|11.15|11.65|7.78|9.50|8.85|5|-0.65|-0.0684|33|65|1|27|0.5337|0.0048|0.0863|-0.3546|0.2545||9.75|34|9.00|2
GME211210P00192500|18.46|21.38|18.46|22.09|21.00|5|-1.09|-0.0493|14|86|2|26|-0.5895|0.0108|-0.0316|-0.7771|0.1101||22.80|28|20.75|29
GME211210C00195000|10.22|11.43|7.00|9.70|8.50|6|-1.20|-0.1237|76|134|1|191|0.4103|0.0096|0.0157|-0.8709|0.1104||8.95|17|8.10|28
GME211210P00195000|20.40|23.92|20.40|22.97|23.90|6|0.93|0.0405|41|190|1|83|-0.5910|0.0097|-0.0324|-0.8618|0.1103||24.55|40|22.35|44
GME211210C00197500|8.80|9.30|7.50|9.50|7.50|7|-2.00|-0.2105|10|46|1|20|0.3636|0.0103|0.0142|-0.7586|0.1063||8.25|12|7.05|68
GME211210P00197500||||19.25|19.25|7|0.00|0.0000|27|104|0|0|-0.8246|0.0155|-0.0413|-0.2390|0.0731||26.40|37|24.20|27
GME211210C00200000|8.80|10.00|6.00|7.80|7.00|8|-0.80|-0.1026|82|634|1|250|0.3540|0.0096|0.0137|-0.7988|0.1053||7.60|22|6.70|62
GME211210P00200000|25.18|31.28|24.10|27.05|28.01|8|0.96|0.0355|-20|659|10|40|-0.4876|0.0045|-0.1702|-0.3797|0.2553||28.30|42|26.15|42
GME211210C00202500|8.75|8.75|6.10|7.25|8.00|9|0.75|0.1034|3|67|1|22|0.3201|0.0098|0.0125|-0.7285|0.1013||7.00|7|5.85|71
GME211210P00202500|27.95|27.95|27.95|26.32|27.95|9|1.63|0.0619|15|48|1|1|-0.7109|0.0108|-0.0383|-0.6030|0.0971||30.30|36|27.95|14
GME211210C00205000|7.30|7.44|5.28|6.79|5.86|10|-0.93|-0.1370|26|159|2|41|0.3240|0.0089|0.0125|-0.8103|0.1018||6.50|28|5.60|42
GME211210P00205000|27.42|32.21|26.88|31.25|28.67|10|-2.58|-0.0826|2|177|1|7|-0.6768|0.0090|-0.0380|-0.7936|0.1020||32.30|32|29.95|33
GME211210C00207500|5.55|7.35|5.10|5.55|5.30|11|-0.25|-0.0450|4|68|1|14|0.2930|0.0090|0.0115|-0.7309|0.0977||6.10|28|4.95|88
GME211210P00207500|29.52|32.00|29.52|28.58|31.10|11|2.52|0.0882|-5|18|1|3|-0.7790|0.0102|-0.0422|-0.4816|0.0843||34.35|32|32.00|14
GME211210C00210000|7.00|7.00|4.50|5.82|5.00|12|-0.82|-0.1409|10|309|1|51|0.2760|0.0087|0.0109|-0.7152|0.0949||5.65|46|4.60|96
GME211210P00210000|34.85|38.38|34.47|36.62|34.47|12|-2.15|-0.0587|-4|105|1|18|-0.6990|0.0082|-0.0401|-0.8178|0.0989||36.50|38|34.10|9
GME211210C00212500|6.00|6.00|4.40|5.55|4.70|13|-0.85|-0.1532|54|83|1|30|0.2565|0.0084|0.0101|-0.6870|0.0915||5.30|47|4.10|105
GME211210P00212500|33.64|37.87|33.64|32.63|37.87|13|5.24|0.1606|-1|38|2|3|-0.6756|0.0072|-0.2056|-0.1941|0.2303||38.65|32|36.20|7
GME211210C00215000|3.95|5.75|3.95|5.09|4.35|14|-0.74|-0.1454|6|165|1|33|0.2451|0.0080|0.0097|-0.6844|0.0893||4.80|29|4.05|69
GME211210P00215000|42.73|42.73|37.79|40.77|37.79|14|-2.98|-0.0731|-4|34|1|2|-0.8256|0.0084|-0.0459|-0.4366|0.0730||40.80|36|38.35|12
GME211210C00217500|5.45|5.45|4.28|5.55|4.50|15|-1.05|-0.1892|3|30|1|4|0.2158|0.0078|0.0086|-0.6101|0.0831||4.75|38|3.75|75
GME211210P00217500|42.22|42.22|42.22|28.08|42.22|15|14.14|0.5036|0|25|2|2|-0.9094|0.0069|-0.0498|-0.2150|0.0464||43.05|36|40.55|12
GME211210C00220000|5.00|5.35|3.57|4.80|3.80|16|-1.00|-0.2083|47|401|1|221|0.2073|0.0074|0.0082|-0.6165|0.0810||4.20|15|3.65|5
GME211210P00220000|39.30|42.63|39.30|42.99|42.22|16|-0.77|-0.0179|0|155|1|3|-0.8562|0.0073|-0.0484|-0.3880|0.0644||45.25|36|42.80|9
GME211210C00222500|4.55|4.55|3.50|4.14|3.75|17|-0.39|-0.0942|5|63|11|43|0.1935|0.0071|0.0077|-0.5932|0.0777||3.90|11|3.25|69
GME211210P00222500|46.47|46.97|46.47|33.35|46.97|17|13.62|0.4084|0|45|6|10|-0.7937|0.0070|-0.0467|-0.6430|0.0808||47.55|33|44.70|25
GME211210C00225000|4.28|4.60|3.20|4.05|3.39|18|-0.66|-0.1630|16|334|1|29|0.2080|0.0068|0.0082|-0.6762|0.0814||3.70|7|3.25|5
GME211210P00225000|47.35|47.35|47.35|47.49|47.35|18|-0.14|-0.0029|2|461|1|1|-0.8584|0.0066|-0.0497|-0.4212|0.0637||49.85|33|47.00|40
GME211210C00227500|4.25|4.25|3.22|3.65|3.35|19|-0.30|-0.0822|2|23|1|5|0.1677|0.0065|0.0067|-0.5404|0.0713||3.60|17|3.05|17
GME211210P00227500||||34.06|34.06|19|0.00|0.0000|0|35|0|0|-0.8333|0.0064|-0.2527|-0.1051|0.1600||52.15|33|49.25|17
GME211210C00230000|4.00|4.05|2.55|3.55|3.05|20|-0.50|-0.1408|9|393|1|35|0.1680|0.0062|0.0067|-0.5646|0.0713||3.45|27|2.93|13
GME211210P00230000||||41.51|41.51|20|0.00|0.0000|-1|38|0|0|-0.8912|0.0056|-0.0523|-0.3423|0.0528||54.50|33|51.60|17
GME211210C00232500|3.60|3.90|2.69|3.00|2.69|21|-0.31|-0.1033|-19|30|1|9|0.1611|0.0059|0.0064|-0.5589|0.0694||3.25|36|2.55|63
GME211210P00232500|56.09|56.09|56.09|49.93|56.09|21|6.16|0.1234|1|11|5|5|-0.9154|0.0050|-0.0538|-0.2692|0.0439||56.85|31|53.65|28
GME211210C00235000|3.40|3.55|2.49|3.15|2.74|22|-0.41|-0.1302|-30|902|3|40|0.1498|0.0056|0.0059|-0.5359|0.0660||3.05|26|2.54|59
GME211210P00235000|57.29|58.42|57.29|45.86|58.42|22|12.56|0.2739|0|36|5|6|-0.8716|0.0055|-0.0528|-0.4444|0.0596||59.20|13|56.00|30
GME211210C00237500|2.69|2.69|2.69|2.90|2.69|23|-0.21|-0.0724|0|18|1|3|0.1545|0.0055|0.0061|-0.5728|0.0675||2.97|16|2.31|63
GME211210P00237500||||48.03|48.03|23|0.00|0.0000|1|25|0|0|-0.9171|0.0046|-0.0552|-0.2840|0.0433||61.60|13|58.30|29
GME211210C00240000|2.82|3.60|2.47|2.84|2.48|24|-0.36|-0.1268|20|330|1|89|0.1398|0.0052|0.0056|-0.5273|0.0631||2.85|24|2.15|95
GME211210P00240000|58.15|58.15|58.15|45.67|58.15|24|12.48|0.2733|0|33|1|1|-0.8920|0.0049|-0.0548|-0.3923|0.0527||63.95|27|60.90|18
GME211210C00245000|3.23|3.23|2.20|2.56|2.22|25|-0.34|-0.1328|4|172|1|11|0.1255|0.0048|0.0050|-0.4968|0.0586||2.50|34|1.97|99
GME211210P00245000||||50.19|50.19|25|0.00|0.0000|0|23|0|0|-0.9864|0.0014|-0.0598|-0.0457|0.0099||68.75|32|65.45|29
GME211210C00250000|3.15|3.20|1.90|2.35|2.15|26|-0.20|-0.0851|-1|2190|1|234|0.1227|0.0045|0.0049|-0.5136|0.0577||2.25|18|1.91|43
GME211210P00250000||||60.35|60.35|26|0.00|0.0000|1|15|0|0|-0.9237|0.0037|-0.0585|-0.3044|0.0406||73.55|32|70.40|15
GME211210C00255000|2.37|2.37|1.80|2.20|2.00|27|-0.20|-0.0909|12|65|2|19|0.1154|0.0042|0.0046|-0.5059|0.0553||2.18|12|1.66|73
GME211210P00255000||||40.40|40.40|27|0.00|0.0000|0|5|0|0|-0.9986|0.0002|-0.0628|-0.0042|0.0013||78.45|12|75.10|27
GME211210C00260000|3.10|3.10|1.65|2.20|1.65|28|-0.55|-0.2500|-16|936|1|81|0.0942|0.0037|0.0038|-0.4250|0.0477||1.97|15|1.63|27
GME211210P00260000||||69.85|69.85|28|0.00|0.0000|1|22|0|0|-0.9349|0.0031|-0.0615|-0.2840|0.0360||83.35|25|80.10|15
GME211210C00270000|2.00|2.02|1.48|1.82|1.66|29|-0.16|-0.0879|16|220|1|14|0.0926|0.0033|0.0036|-0.4583|0.0470||1.72|17|1.37|41
GME211210P00270000||||75.18|75.18|29|0.00|0.0000|0|14|0|0|-0.9375|0.0028|-0.0641|-0.2984|0.0349||93.15|24|89.85|15
GME211210C00280000|1.83|1.83|1.19|1.50|1.45|30|-0.05|-0.0333|22|226|3|33|0.3597|0.0032|0.0556|-0.4730|0.2395||1.56|18|1.21|60
GME211210P00280000||||84.53|84.53|30|0.00|0.0000|0|1|0|0|-0.9509|0.0023|-0.0671|-0.2514|0.0288||103.00|19|99.70|14
GME211210C00290000|1.45|1.47|1.22|1.49|1.25|31|-0.24|-0.1611|9|150|1|23|0.0689|0.0025|0.0027|-0.3871|0.0376||1.36|11|1.20|12
GME211210P00290000||||82.25|82.25|31|0.00|0.0000|0|7|0|0|-0.9958|0.0004|-0.0713|-0.0209|0.0036||112.85|24|109.50|15
GME211210C00300000|1.28|1.36|1.05|1.24|1.16|32|-0.08|-0.0645|-171|876|1|278|0.0615|0.0022|0.0024|-0.3659|0.0344||1.19|1|1.15|59
GME211210P00300000||||76.00|76.00|32|0.00|0.0000|0|14|0|0|-0.9993|0.0001|-0.0739|-0.0026|0.0006||122.75|15|119.35|15
GME211210C00310000|1.10|1.10|0.95|1.06|0.96|33|-0.10|-0.0943|3|156|3|116|0.0548|0.0020|0.0022|-0.3426|0.0315||1.01|1|0.97|1
GME211210P00310000||||83.61|83.61|33|0.00|0.0000|0|4|0|0|-0.8882|0.0027|-0.3693|-0.1424|0.1218||132.60|12|128.60|12
GME211210C00320000|1.00|1.00|0.93|0.99|0.93|34|-0.06|-0.0606|11|274|1|6|0.0517|0.0018|0.0020|-0.3394|0.0301||1.00|16|0.82|9
GME211210P00320000||||89.47|89.47|34|0.00|0.0000|0|3|0|0|-0.9999|0.0000|-0.0789|0.0005|0.0001||142.50|6|138.50|12
GME211210C00330000|0.89|0.92|0.89|1.05|0.92|35|-0.13|-0.1238|26|263|9|23|0.0496|0.0017|0.0019|-0.3411|0.0291||1.00|56|0.67|52
GME211210P00330000||||||35||||0|0|0|-1.0000|0.0000|-0.0814|0.0011|0.0000||152.45|12|148.45|12
GME211210C00340000|0.80|0.84|0.75|0.87|0.75|36|-0.12|-0.1379|2|88|2|14|0.0416|0.0015|0.0016|-0.2975|0.0253||0.83|5|0.67|4
GME211210P00340000||||||36||||0|0|0|-1.0000|0.0000|-0.0838|0.0011|0.0000||162.35|7|158.20|11
GME211210C00350000|1.05|1.05|0.68|0.76|0.70|37|-0.06|-0.0789|-501|388|1|49|0.0378|0.0013|0.0015|-0.2810|0.0233||0.72|17|0.67|1
GME211210P00350000||||||37||||0|0|0|-1.0000|0.0000|-0.0863|0.0011|0.0000||172.40|1|168.35|12
GME211210C00360000|0.62|0.68|0.62|0.63|0.68|38|0.05|0.0794|5|87|1|4|0.0366|0.0013|0.0014|-0.2819|0.0228||0.70|7|0.61|1
GME211210P00360000||||||38||||0|0|0|-1.0000|0.0000|-0.0888|0.0012|0.0000||182.20|12|178.10|11
GME211210C00370000||||0.75|0.75|39|0.00|0.0000|-3|21|0|0|0.0382|0.0013|0.0015|-0.3057|0.0236||0.67|17|0.46|29
GME211210P00370000||||||39||||0|0|0|-1.0000|0.0000|-0.0912|0.0012|0.0000||192.15|7|187.95|12
GME211210C00380000|0.62|0.62|0.62|0.52|0.62|40|0.10|0.1923|6|51|3|3|0.0320|0.0011|0.0012|-0.2634|0.0203||0.62|16|0.42|32
GME211210P00380000||||||40||||0|0|0|-1.0000|0.0000|-0.0937|0.0012|0.0000||202.10|6|198.25|12
GME211210C00390000|0.55|0.55|0.55|0.59|0.55|41|-0.04|-0.0678|3|47|2|4|0.0291|0.0010|0.0011|-0.2467|0.0189||0.50|11|0.38|42
GME211210P00390000||||||41||||0|0|0|-1.0000|0.0000|-0.0962|0.0013|0.0000||212.05|7|207.90|12
GME211210C00400000|0.72|0.72|0.38|0.57|0.44|42|-0.13|-0.2281|-207|426|1|66|0.0234|0.0008|0.0009|-0.2029|0.0157||0.43|10|0.38|11
GME211210P00400000||||||42||||0|0|0|-1.0000|0.0000|-0.5040|0.0013|0.0000||222.00|6|218.00|9
GME211210C00410000|0.49|0.49|0.36|0.38|0.36|43|-0.02|-0.0526|6|52|1|2|0.0204|0.0007|0.0008|-0.1813|0.0140||0.40|3|0.32|9
GME211210P00410000||||||43||||0|0|0|-1.0000|0.0000|-0.1011|0.0013|0.0000||232.00|4|228.10|12
GME211210C00420000|0.50|0.55|0.45|0.42|0.45|44|0.03|0.0714|11|169|1|5|0.0235|0.0008|0.0009|-0.2158|0.0158||0.41|5|0.28|23
GME211210P00420000||||||44||||0|0|0|-1.0000|0.0000|-0.1036|0.0014|0.0000||241.95|12|238.10|12
GME211210C00430000|0.34|0.40|0.31|0.38|0.40|45|0.02|0.0526|17|42|1|302|0.2922|0.0022|0.0416|-0.5928|0.2200||0.41|16|0.33|2
GME211210P00430000||||||45||||0|0|0|-1.0000|0.0000|-0.1060|0.0014|0.0000||252.05|20|247.80|12
GME211210C00440000|0.52|0.52|0.32|0.30|0.36|46|0.06|0.2000|0|33|4|38|0.0173|0.0006|0.0007|-0.1661|0.0121||0.41|17|0.24|2
GME211210P00440000||||||46||||0|0|0|-1.0000|0.0000|-0.1085|0.0014|0.0000||262.00|12|257.80|2
GME211210C00450000|0.24|0.37|0.23|0.31|0.37|47|0.06|0.1935|6|98|1|214|0.0192|0.0006|0.0007|-0.1889|0.0133||0.41|27|0.27|3
GME211210P00450000||||||47||||0|0|0|-1.0000|0.0000|-0.1110|0.0015|0.0000||271.95|12|267.65|20
GME211210C00460000||||0.27|0.27|48|0.00|0.0000|1|18|0|0|0.0149|0.0005|0.0006|-0.1489|0.0107||0.41|14|0.30|3
GME211210P00460000||||||48||||0|0|0|-1.0000|0.0000|-0.1134|0.0015|0.0000||281.95|12|277.65|20
GME211210C00470000|0.34|0.34|0.34|0.28|0.34|49|0.06|0.2143|3|15|1|1|0.0174|0.0006|0.0007|-0.1785|0.0122||0.41|27|0.20|1
GME211210P00470000||||||49||||0|0|0|-1.0000|0.0000|-0.5922|0.0015|0.0000||291.90|12|287.80|2
GME211210C00480000|0.40|0.40|0.40|0.25|0.40|50|0.15|0.6000|7|32|1|1|0.0194|0.0006|0.0007|-0.2030|0.0134||0.41|36|0.20|1
GME211210P00480000||||||50||||0|0|0|-1.0000|0.0000|-0.1184|0.0016|0.0000||301.90|12|297.80|2
GME211210C00490000|0.30|0.35|0.24|0.40|0.24|51|-0.16|-0.4000|4|91|2|16|0.0129|0.0005|0.0005|-0.1373|0.0095||0.31|2|0.20|1
GME211210P00490000||||||51||||0|0|0|-1.0000|0.0000|-0.1208|0.0016|0.0000||311.85|12|307.65|10
GME211210C00500000|0.38|0.38|0.19|0.38|0.25|52|-0.13|-0.3421|-12|856|1|37|0.0127|0.0004|0.0005|-0.1377|0.0093||0.26|11|0.18|3
GME211210P00500000||||||52||||0|0|0|-1.0000|0.0000|-0.1233|0.0016|0.0000||321.85|12|317.60|20
GME211210C00510000|0.55|0.55|0.11|0.37|0.22|53|-0.15|-0.4054|139|2025|1|231|0.0122|0.0004|0.0005|-0.1337|0.0090||0.22|2|0.21|5
GME211210P00510000||||||53||||0|0|0|-1.0000|0.0000|-0.6426|0.0017|0.0000||331.80|12|327.60|10
GME211217C00080000|94.56|94.56|94.56|110.26|94.56|20|-15.70|-0.1424|0|1|1|1|0.9069|0.0010|0.0223|-0.9105|0.0628||102.30|10|98.70|13
GME211217P00080000|0.47|0.47|0.32|0.30|0.35|20|0.05|0.1667|26|349|3|8|-0.0109|0.0004|-0.0010|-0.0625|0.0108||0.50|14|0.24|21
GME211217C00085000||||95.85|95.85|19|0.00|0.0000|0|1|0|0|0.9715|0.0008|0.0345|-0.1661|0.0247||97.50|1|93.70|12
GME211217P00085000|0.45|0.45|0.42|0.35|0.42|19|0.07|0.2000|1|122|1|3|-0.0134|0.0005|-0.0012|-0.0717|0.0130||0.45|1|0.32|1
GME211217C00090000||||137.00|137.00|18|0.00|0.0000|0|4|0|0|0.9058|0.0005|0.0111|-1.7974|0.0636||92.35|8|88.75|13
GME211217P00090000|0.49|0.53|0.49|0.46|0.53|18|0.07|0.1522|0|66|1|5|-0.0163|0.0006|-0.0015|-0.0818|0.0154||0.67|47|0.40|46
GME211217C00100000|79.94|79.94|79.69|114.96|79.69|17|-35.27|-0.3068|0|49|1|2|0.9988|0.0001|0.0437|-0.0049|0.0015||82.20|12|78.95|38
GME211217P00100000|0.80|0.81|0.50|0.78|0.72|17|-0.06|-0.0769|126|869|100|479|-0.0014|0.0001|-0.0001|-0.0051|0.0017||0.85|50|0.60|56
GME211217C00105000||||66.05|66.05|16|0.00|0.0000|0|1|0|0|0.9976|0.0002|0.0458|-0.0087|0.0028||77.75|9|74.15|8
GME211217P00105000|0.87|0.95|0.87|0.78|0.94|16|0.16|0.2051|-2|89|1|54|-0.0025|0.0002|-0.0002|-0.0088|0.0030||1.01|52|0.71|53
GME211217C00110000||||73.25|73.25|15|0.00|0.0000|0|1|0|0|0.9965|0.0003|0.0479|-0.0118|0.0040||73.00|12|69.35|13
GME211217P00110000|0.89|1.40|0.89|0.82|1.03|15|0.21|0.2561|2|375|100|257|-0.0043|0.0004|-0.0004|-0.0140|0.0048||1.18|57|0.87|64
GME211217C00115000||||112.11|112.11|14|0.00|0.0000|0|2|0|0|0.9943|0.0005|0.0499|-0.0175|0.0062||68.10|12|64.55|14
GME211217P00115000|1.34|1.45|1.34|0.68|1.45|14|0.77|1.1324|0|148|5|17|-0.0077|0.0006|-0.0006|-0.0232|0.0080||1.37|23|1.04|75
GME211217C00120000||||64.15|64.15|13|0.00|0.0000|24|51|0|0|0.9895|0.0008|0.0517|-0.0291|0.0105||63.35|20|59.85|29
GME211217P00120000|1.37|1.55|1.37|1.34|1.45|13|0.11|0.0821|17|153|1|11|-0.0128|0.0010|-0.0011|-0.0358|0.0125||1.65|64|1.28|70
GME211217C00125000||||79.68|79.68|12|0.00|0.0000|0|35|0|0|0.8948|0.0030|0.1487|-0.1053|0.1252||58.70|23|55.25|26
GME211217P00125000|1.55|1.88|1.55|1.56|1.88|12|0.32|0.2051|-4|205|3|6|-0.0220|0.0015|-0.0019|-0.0571|0.0199||2.06|61|1.53|100
GME211217C00130000||||55.70|55.70|11|0.00|0.0000|0|10|0|0|0.8742|0.0034|0.1494|-0.1182|0.1422||53.95|18|50.70|29
GME211217P00130000|1.86|2.65|1.80|2.20|2.17|11|-0.03|-0.0136|9|195|1|34|-0.0350|0.0022|-0.0030|-0.0832|0.0292||2.52|65|1.90|103
GME211217C00135000||||90.47|90.47|10|0.00|0.0000|0|3|0|0|0.9517|0.0030|0.0550|-0.1049|0.0379||49.25|16|46.30|41
GME211217P00135000|2.62|2.62|2.62|2.75|2.62|10|-0.13|-0.0473|0|140|1|1|-0.0501|0.0030|-0.0043|-0.1102|0.0391||3.10|64|2.38|102
GME211217C00140000|40.15|40.15|40.15|47.75|40.15|9|-7.60|-0.1592|1|146|1|1|0.8241|0.0043|0.1475|-0.1462|0.1778||44.85|16|42.00|66
GME211217P00140000|3.26|4.39|3.00|3.21|3.23|9|0.02|0.0062|11|549|1|315|-0.0732|0.0041|-0.0063|-0.1480|0.0526||3.85|77|3.10|45
GME211217C00145000||||96.94|96.94|8|0.00|0.0000|0|57|0|0|0.9000|0.0053|0.0549|-0.1819|0.0663||40.65|12|37.85|49
GME211217P00145000|4.18|4.18|3.35|4.15|4.02|8|-0.13|-0.0313|16|211|1|26|-0.1047|0.0053|-0.0091|-0.1954|0.0687||4.85|100|3.85|133
GME211217C00150000||||35.85|35.85|7|0.00|0.0000|0|71|0|0|0.8654|0.0065|0.0540|-0.2269|0.0821||36.75|16|33.95|52
GME211217P00150000|4.25|6.92|4.00|5.25|5.30|7|0.05|0.0095|86|1619|1|223|-0.1399|0.0065|-0.0123|-0.2386|0.0842||5.50|40|5.00|64
GME211217C00155000|35.95|35.95|30.10|42.74|30.10|6|-12.64|-0.2957|0|11|1|2|0.7327|0.0055|0.1379|-0.1875|0.2261||32.75|39|30.55|60
GME211217P00155000|4.10|8.13|4.10|6.88|8.13|6|1.25|0.1817|13|308|1|15|-0.1805|0.0077|-0.0159|-0.2798|0.0995||7.30|102|6.25|84
GME211217C00160000|25.00|27.70|25.00|38.33|27.70|5|-10.63|-0.2773|-1|97|1|2|0.7729|0.0092|0.0501|-0.3104|0.1138||29.30|43|26.75|83
GME211217P00160000|6.80|10.00|6.40|8.40|8.29|5|-0.11|-0.0131|26|650|55|955|-0.2282|0.0089|-0.0203|-0.3220|0.1145||8.50|42|7.85|45
GME211217C00165000|24.60|24.60|24.60|34.08|24.60|4|-9.48|-0.2782|0|82|1|1|0.7170|0.0101|0.0471|-0.3535|0.1278||26.10|41|23.55|83
GME211217P00165000|8.60|10.85|8.60|10.05|9.36|4|-0.69|-0.0687|22|307|1|12|-0.2864|0.0099|-0.0256|-0.3643|0.1285||10.65|92|9.45|100
GME211217C00170000||||23.22|23.22|3|0.00|0.0000|-2|117|0|0|0.6591|0.0108|0.0438|-0.3882|0.1385||23.25|49|20.60|91
GME211217P00170000|11.28|14.80|10.85|11.92|12.50|3|0.58|0.0487|291|1083|3|87|-0.3378|0.0105|-0.0306|-0.3973|0.1384||12.80|95|11.55|63
GME211217C00175000|21.90|21.90|16.27|21.60|20.50|2|-1.10|-0.0509|-22|188|1|11|0.6023|0.0063|0.1190|-0.2226|0.2651||20.30|10|18.10|96
GME211217P00175000|15.80|16.43|12.98|14.30|13.10|2|-1.20|-0.0839|18|703|2|22|-0.3998|0.0112|-0.0365|-0.4176|0.1459||15.15|71|13.80|69
GME211217C00180000|21.00|21.00|14.24|17.51|19.00|1|1.49|0.0851|17|465|1|51|0.5475|0.0117|0.0373|-0.4185|0.1500||18.20|71|15.90|111
GME211217P00180000|15.35|20.86|15.00|17.60|17.69|1|0.09|0.0051|199|1062|1|30|-0.4518|0.0114|-0.0417|-0.4280|0.1500||17.90|107|16.35|18
GME211217C00185000|17.00|18.25|12.92|16.00|15.00|1|-1.00|-0.0625|13|268|1|30|0.4891|0.0117|0.0336|-0.4233|0.1510||15.70|63|13.95|115
GME211217P00185000|17.32|23.60|17.00|19.85|18.00|1|-1.85|-0.0932|1|269|3|61|-0.4594|0.0063|-0.1604|-0.2348|0.2728||20.85|84|18.80|71
GME211217C00187500|15.87|15.87|15.87|14.09|15.87|2|1.78|0.1263|15|39|1|2|0.4739|0.0100|0.0319|-0.4946|0.1503||14.80|63|12.75|88
GME211217P00187500|20.48|20.48|19.77|21.85|19.77|2|-2.08|-0.0952|15|115|1|2|-0.5084|0.0089|-0.0498|-0.5587|0.1510||22.40|71|20.30|54
GME211217C00190000|15.00|16.15|10.20|13.65|15.30|3|1.65|0.1209|83|239|3|103|0.4341|0.0115|0.0301|-0.4204|0.1490||13.75|60|11.85|125
GME211217P00190000|20.10|26.92|20.10|22.75|22.18|3|-0.57|-0.0251|3|450|2|16|-0.5626|0.0113|-0.0531|-0.4306|0.1492||24.00|66|21.95|50
GME211217C00192500|12.74|12.74|12.74|12.10|12.74|4|0.64|0.0529|20|28|1|1|0.4377|0.0095|0.0295|-0.5112|0.1492||12.85|46|11.10|81
GME211217P00192500||||24.70|24.70|4|0.00|0.0000|7|112|0|0|-0.5591|0.0093|-0.0548|-0.5221|0.1494||25.70|70|23.65|31
GME211217C00195000|13.00|13.35|11.09|11.79|11.09|5|-0.70|-0.0594|18|148|1|8|0.3827|0.0110|0.0267|-0.4120|0.1445||12.00|55|10.30|109
GME211217P00195000|29.90|31.30|23.65|25.08|26.10|5|1.02|0.0407|8|423|1|136|-0.6134|0.0109|-0.0586|-0.4214|0.1449||27.20|68|25.55|50
GME211217C00197500|12.50|13.00|10.39|10.50|10.39|6|-0.11|-0.0105|33|38|1|42|0.3943|0.0093|0.0268|-0.5003|0.1457||11.20|47|9.75|81
GME211217P00197500||||27.65|27.65|6|0.00|0.0000|1|93|0|0|-0.5847|0.0082|-0.0591|-0.5768|0.1473||29.25|68|27.30|15
GME211217C00200000|11.05|12.80|8.47|10.50|10.00|7|-0.50|-0.0476|134|1099|1|1284|0.3362|0.0104|0.0236|-0.3996|0.1381||10.15|72|9.50|55
GME211217P00200000|28.60|32.77|28.10|28.61|29.00|7|0.39|0.0136|4|1921|1|10|-0.6582|0.0102|-0.0638|-0.4110|0.1390||30.75|59|29.05|13
GME211217C00202500|10.60|10.80|9.79|10.00|9.79|8|-0.21|-0.0210|5|18|1|31|0.4860|0.0049|0.0926|-0.3034|0.2740||9.80|43|8.50|89
GME211217P00202500||||24.10|24.10|8|0.00|0.0000|0|116|0|0|-0.7563|0.0118|-0.0710|-0.2600|0.1187||33.00|67|30.90|30
GME211217C00205000|10.00|10.05|7.47|9.40|8.50|9|-0.90|-0.0957|16|57|1|23|0.3522|0.0082|0.0238|-0.5224|0.1406||9.25|47|8.00|89
GME211217P00205000|36.08|36.08|33.98|33.95|33.98|9|0.03|0.0009|6|165|10|11|-0.6202|0.0075|-0.0648|-0.6037|0.1441||35.00|64|32.75|36
GME211217C00207500|10.20|10.20|7.35|9.03|8.90|10|-0.13|-0.0144|12|28|1|8|0.3261|0.0082|0.0221|-0.4968|0.1361||8.85|68|7.50|100
GME211217P00207500||||21.30|21.30|10|0.00|0.0000|0|181|0|0|-0.9468|0.0072|-0.0869|-0.0501|0.0410||37.00|67|34.80|10
GME211217C00210000|10.25|10.25|6.70|9.00|7.70|11|-1.30|-0.1444|323|845|2|37|0.2503|0.0091|0.0178|-0.3484|0.1204||8.15|48|7.05|124
GME211217P00210000|40.00|40.70|40.00|40.00|40.21|11|0.21|0.0053|7|226|1|6|-0.7447|0.0090|-0.0740|-0.3578|0.1217||39.00|52|36.75|10
GME211217C00212500|6.50|6.50|6.50|7.88|6.50|12|-1.38|-0.1751|1|22|1|1|0.2729|0.0082|0.0190|-0.4229|0.1258||7.90|69|6.65|97
GME211217P00212500|42.25|42.25|42.25|27.00|42.25|12|15.25|0.5648|0|59|4|4|-0.4940|0.0038|-0.2210|-0.3983|0.2742||41.10|52|38.80|12
GME211217C00215000|8.03|8.03|6.90|7.33|6.90|13|-0.43|-0.0587|3|93|1|5|0.4523|0.0045|0.0852|-0.3268|0.2722||7.30|44|6.25|88
GME211217P00215000|38.00|46.00|38.00|32.68|42.25|13|9.57|0.2928|0|99|1|4|-0.5587|0.0047|-0.2276|-0.3102|0.2712||43.20|55|40.85|15
GME211217C00217500|7.20|7.20|7.20|7.75|7.20|14|-0.55|-0.0710|18|38|1|1|0.2704|0.0072|0.0184|-0.4728|0.1250||7.10|83|5.95|90
GME211217P00217500|47.80|47.80|47.80|34.55|47.80|14|13.25|0.3835|0|23|1|1|-0.6405|0.0059|-0.0726|-0.7371|0.1412||45.35|50|42.95|11
GME211217C00220000|6.89|7.58|5.30|6.70|6.00|15|-0.70|-0.1045|257|1902|1|60|0.3522|0.0058|0.0738|-0.2251|0.2552||6.55|42|5.65|114
GME211217P00220000|46.55|46.55|46.55|42.02|46.55|15|4.53|0.1078|-1|445|1|1|-0.8090|0.0075|-0.0828|-0.3085|0.1031||47.50|51|45.15|7
GME211217C00222500|7.50|7.50|6.60|5.85|6.60|16|0.75|0.1282|1|67|1|4|0.2730|0.0066|0.0184|-0.5238|0.1259||6.20|20|5.35|69
GME211217P00222500|52.45|52.95|48.85|31.45|49.15|16|17.70|0.5628|0|10|2|15|-0.7368|0.0067|-0.0797|-0.4967|0.1236||49.70|45|47.35|10
GME211217C00225000|6.35|6.35|5.50|6.00|5.80|17|-0.20|-0.0333|6|105|1|19|0.2421|0.0066|0.0166|-0.4640|0.1183||6.05|62|5.10|102
GME211217P00225000|48.50|48.50|48.50|32.35|48.50|17|16.15|0.4992|0|31|1|2|-0.8109|0.0068|-0.0853|-0.3362|0.1025||51.95|51|49.10|33
GME211217C00227500|5.60|5.60|5.60|5.85|5.60|18|-0.25|-0.0427|-1|8|1|1|0.2439|0.0063|0.0166|-0.4889|0.1188||5.90|84|4.85|74
GME211217P00227500||||48.05|48.05|18|0.00|0.0000|17|60|0|0|-0.9193|0.0053|-0.0937|-0.1305|0.0567||54.20|47|51.80|7
GME211217C00230000|5.65|6.40|4.85|5.33|4.85|19|-0.48|-0.0901|-3|431|1|29|0.1371|0.0060|0.0099|-0.2496|0.0831||5.30|28|4.70|85
GME211217P00230000|54.21|54.21|54.21|49.83|54.21|19|4.38|0.0879|-10|63|1|1|-0.8583|0.0061|-0.0907|-0.2587|0.0850||56.45|47|54.05|7
GME211217C00232500|4.50|4.50|4.45|5.20|4.45|20|-0.75|-0.1442|3|80|1|3|0.1908|0.0060|0.0133|-0.3860|0.1030||5.10|11|4.45|59
GME211217P00232500||||53.30|53.30|20|0.00|0.0000|0|19|0|0|-0.9105|0.0051|-0.0954|-0.1596|0.0612||58.75|47|56.15|11
GME211217C00235000|5.70|5.70|5.14|4.79|5.14|21|0.35|0.0731|17|74|1|6|0.2191|0.0057|0.0148|-0.4794|0.1116||4.85|10|4.30|39
GME211217P00235000||||54.70|54.70|21|0.00|0.0000|43|60|0|0|-0.6504|0.0047|-0.2712|-0.2747|0.2545||61.05|46|57.95|50
GME211217C00240000|4.37|4.78|4.37|4.70|4.78|22|0.08|0.0170|-4|308|1|65|0.0979|0.0047|0.0071|-0.1980|0.0654||4.55|13|3.90|75
GME211217P00240000|65.50|65.50|65.50|65.23|65.50|22|0.27|0.0041|8|54|1|1|-0.8972|0.0048|-0.0978|-0.2097|0.0676||65.70|47|62.65|16
GME211217C00245000|4.75|4.75|4.10|4.10|4.44|23|0.34|0.0829|5|87|1|154|0.1908|0.0050|0.0129|-0.4585|0.1028||4.50|91|3.60|89
GME211217P00245000|71.40|71.40|71.40|56.01|71.40|23|15.39|0.2748|-5|49|2|5|-0.7736|0.0050|-0.0924|-0.5625|0.1140||70.40|48|67.30|47
GME211217C00250000|4.46|4.75|3.45|4.00|3.60|24|-0.40|-0.1000|14|1169|1|106|0.0708|0.0036|0.0051|-0.1575|0.0513||3.95|44|3.40|88
GME211217P00250000||||73.53|73.53|24|0.00|0.0000|-1|56|0|0|-0.9265|0.0037|-0.1043|-0.1641|0.0526||75.15|43|72.00|42
GME211217C00255000|3.60|3.60|3.41|3.60|3.41|25|-0.19|-0.0528|-1|355|1|3|0.1592|0.0045|0.0109|-0.4104|0.0918||3.70|18|3.15|89
GME211217P00255000||||39.75|39.75|25|0.00|0.0000|0|5|0|0|-0.9986|0.0002|-0.1117|-0.0020|0.0017||79.95|45|76.75|12
GME211217C00260000|3.55|3.85|3.20|3.59|3.25|26|-0.34|-0.0947|30|516|2|33|0.0491|0.0027|0.0036|-0.1193|0.0384||3.60|64|3.05|51
GME211217P00260000|78.20|78.20|78.20|72.05|78.20|26|6.15|0.0854|0|21|1|1|-0.9457|0.0029|-0.1100|-0.1311|0.0417||84.75|27|81.50|17
GME211217C00270000|3.25|3.25|2.85|3.19|2.86|27|-0.33|-0.1034|18|541|100|226|0.0377|0.0021|0.0028|-0.0986|0.0311||3.10|38|2.62|97
GME211217P00270000||||65.35|65.35|27|0.00|0.0000|0|49|0|0|-0.9585|0.0023|-0.1153|-0.1081|0.0336||94.45|45|91.15|42
GME211217C00280000|3.29|3.29|2.57|2.55|2.57|28|0.02|0.0078|7|2032|100|209|0.1812|0.0037|0.0389|-0.1778|0.1811||2.79|9|2.36|76
GME211217P00280000||||91.00|91.00|28|0.00|0.0000|0|10|0|0|-0.9696|0.0017|-0.1205|-0.0851|0.0260||104.25|45|100.95|19
GME211217C00290000|2.60|2.69|2.48|2.43|2.57|29|0.14|0.0576|3|522|1|45|0.1657|0.0034|0.0355|-0.1713|0.1711||2.55|13|2.14|73
GME211217P00290000||||68.50|68.50|29|0.00|0.0000|0|25|0|0|-0.9752|0.0014|-0.1253|-0.0738|0.0219||114.05|25|110.70|5
GME211217C00300000|2.55|2.60|2.04|2.35|2.17|30|-0.18|-0.0766|199|5147|1|757|0.1506|0.0032|0.0324|-0.1633|0.1607||2.20|2|2.05|19
GME211217P00300000|125.00|125.00|125.00|116.00|125.00|30|9.00|0.0776|0|20|4|5|-0.9815|0.0011|-0.1301|-0.0580|0.0172||123.90|26|120.40|10
GME211217C00310000|2.10|2.40|2.10|2.21|2.40|31|0.19|0.0860|-1|369|5|11|0.0122|0.0008|0.0009|-0.0408|0.0120||2.18|17|1.83|69
GME211217P00310000||||102.75|102.75|31|0.00|0.0000|0|3|0|0|-0.9859|0.0009|-0.1349|-0.0465|0.0136||133.75|20|130.30|10
GME211217C00320000|2.00|2.04|1.73|2.00|1.73|32|-0.27|-0.1350|4|407|1|46|0.0092|0.0006|0.0007|-0.0324|0.0094||2.09|58|1.75|27
GME211217P00320000||||96.00|96.00|32|0.00|0.0000|0|17|0|0|-0.9886|0.0007|-0.1394|-0.0393|0.0113||143.65|26|140.30|15
GME211217C00330000||||1.75|1.75|33|0.00|0.0000|28|213|0|0|0.1167|0.0025|0.0252|-0.1434|0.1348||1.88|18|1.56|67
GME211217P00330000||||159.50|159.50|33|0.00|0.0000|0|3|0|0|-0.9913|0.0005|-0.1440|-0.0311|0.0089||153.50|22|149.80|21
GME211217C00340000|2.00|2.00|1.70|1.53|1.70|34|0.17|0.1111|5|232|1|2|0.0062|0.0004|0.0005|-0.0236|0.0066||1.75|14|1.45|22
GME211217P00340000||||126.85|126.85|34|0.00|0.0000|0|7|0|0|-0.9931|0.0004|-0.1485|-0.0254|0.0073||163.45|25|159.80|15
GME211217C00350000|1.75|1.84|1.50|1.75|1.55|35|-0.20|-0.1143|13|990|1|41|0.0051|0.0003|0.0004|-0.0203|0.0055||1.65|18|1.42|5
GME211217P00350000||||133.85|133.85|35|0.00|0.0000|0|4|0|0|-0.9940|0.0004|-0.1530|-0.0228|0.0064||173.35|15|169.65|15
GME211217C00360000|1.50|1.60|1.37|1.58|1.37|36|-0.21|-0.1329|0|308|4|8|0.0044|0.0003|0.0003|-0.0183|0.0049||1.60|48|1.29|29
GME211217P00360000||||||36|||0|0|0|0|-0.8952|0.0022|-0.5003|-0.1424|0.1248||183.20|18|179.40|14
GME211217C00370000|1.45|1.45|1.45|1.97|1.45|37|-0.52|-0.2640|0|447|1|1|0.0038|0.0002|0.0003|-0.0164|0.0043||1.58|61|1.18|64
GME211217P00370000||||172.65|172.65|37|0.00|0.0000|0|3|0|0|-0.9956|0.0003|-0.1619|-0.0176|0.0049||193.15|14|189.40|14
GME211217C00380000|1.60|1.60|1.60|1.36|1.60|38|0.24|0.1765|1|169|1|1|0.0033|0.0002|0.0002|-0.0147|0.0038||1.58|109|1.20|1
GME211217P00380000||||165.60|165.60|38|0.00|0.0000|0|17|0|0|-0.9964|0.0002|-0.1663|-0.0146|0.0040||203.05|12|199.40|12
GME211217C00390000|1.18|1.18|1.18|1.38|1.18|39|-0.20|-0.1449|0|192|1|1|0.0029|0.0002|0.0002|-0.0135|0.0034||1.30|17|1.02|67
GME211217P00390000||||||39|||0|0|0|0|-0.9967|0.0002|-0.1707|-0.0137|0.0037||212.95|3|209.40|12
GME211217C00400000|1.20|1.39|1.01|1.29|1.11|40|-0.18|-0.1395|16|1166|1|56|0.0023|0.0001|0.0002|-0.0109|0.0027||1.21|15|1.00|5
GME211217P00400000||||198.90|198.90|40|0.00|0.0000|0|3|0|0|-0.9972|0.0002|-0.1751|-0.0121|0.0033||222.90|6|219.40|12
GME211217C00410000|1.00|1.00|1.00|1.22|1.00|41|-0.22|-0.1803|1|204|1|1|0.0020|0.0001|0.0001|-0.0095|0.0024||1.12|17|0.88|68
GME211217P00410000||||190.90|190.90|41|0.00|0.0000|0|3|0|0|-0.9974|0.0002|-0.1795|-0.0112|0.0030||232.85|8|229.10|7
GME211217C00420000|1.37|1.37|0.95|1.16|0.95|42|-0.21|-0.1810|-1|539|1|13|0.0017|0.0001|0.0001|-0.0084|0.0020||1.11|50|0.81|60
GME211217P00420000||||189.85|189.85|42|0.00|0.0000|0|16|0|0|-0.9985|0.0001|-0.1840|-0.0062|0.0019||242.75|13|239.10|12
GME211217C00430000|0.97|0.97|0.97|1.08|0.97|43|-0.11|-0.1019|0|208|7|7|0.0015|0.0001|0.0001|-0.0077|0.0019||1.11|68|0.68|82
GME211217P00430000||||244.20|244.20|43|0.00|0.0000|0|0|0|0|-0.9987|0.0001|-0.1884|-0.0054|0.0017||252.75|12|248.35|10
GME211217C00440000||||1.15|1.15|44|0.00|0.0000|4|472|0|0|0.0013|0.0001|0.0001|-0.0066|0.0016||1.02|18|0.66|26
GME211217P00440000||||||44|||0|0|0|0|-0.9989|0.0001|-0.1928|-0.0041|0.0014||262.75|12|258.30|10
GME211217C00450000|1.03|1.03|0.76|1.02|0.79|45|-0.23|-0.2255|5|684|1|7|0.0010|0.0001|0.0001|-0.0056|0.0013||0.95|25|0.63|28
GME211217P00450000||||||45|||0|0|0|0|-0.9991|0.0001|-0.1972|-0.0035|0.0012||272.70|12|268.25|12
GME211217C00460000|1.11|1.11|0.68|1.02|0.80|46|-0.22|-0.2157|-133|1136|2|8|0.0010|0.0001|0.0001|-0.0054|0.0013||0.95|41|0.60|25
GME211217P00460000||||261.60|261.60|46|0.00|0.0000|0|5|0|0|-0.9992|0.0001|-0.2016|-0.0031|0.0011||282.65|12|278.20|12
GME211217C00470000|0.90|0.90|0.78|0.84|0.78|47|-0.06|-0.0714|0|189|1|11|0.0331|0.0009|0.0022|-0.1924|0.0279||0.95|66|0.52|32
GME211217P00470000||||||47||||0|0|0|-1.0000|0.0000|-0.2060|0.0016|0.0000||292.60|12|288.15|2
GME211217C00480000|0.82|0.82|0.82|0.67|0.82|48|0.15|0.2239|7|224|1|1|0.0334|0.0009|0.0022|-0.1982|0.0281||0.72|5|0.50|9
GME211217P00480000||||264.21|264.21|48|0.00|0.0000|0|7|0|0|-0.9758|0.0007|-0.2088|-0.1410|0.0215||302.60|12|298.10|2
GME211217C00490000|1.01|1.01|0.76|0.86|0.76|49|-0.10|-0.1163|1|97|1|2|0.0315|0.0008|0.0021|-0.1905|0.0268||0.68|8|0.46|14
GME211217P00490000||||274.04|274.04|49|0.00|0.0000|0|7|0|0|-0.9778|0.0007|-0.2133|-0.1319|0.0200||312.55|3|308.10|2
GME211217C00500000|0.90|0.90|0.52|0.80|0.52|50|-0.28|-0.3500|-5|2488|1|67|0.0238|0.0007|0.0016|-0.1460|0.0213||0.65|11|0.42|16
GME211217P00500000||||290.05|290.05|50|0.00|0.0000|0|7|0|0|-0.9673|0.0008|-0.2170|-0.1993|0.0276||322.50|12|318.05|2
GME211217C00510000|0.72|0.96|0.49|0.72|0.52|51|-0.20|-0.2778|101|1366|1|145|0.0222|0.0006|0.0015|-0.1383|0.0200||0.63|20|0.38|19
GME211217P00510000||||277.97|277.97|51|0.00|0.0000|0|0|0|0|-0.9925|0.0003|-0.2230|-0.0442|0.0078||332.45|12|328.05|2
GME211223C00100000||||80.77|80.77|14|0.00|0.0000|-2|14|0|0|0.9736|0.0010|0.0570|-0.0845|0.0272||82.55|6|79.30|12
GME211223P00100000|0.90|0.90|0.88|0.80|0.88|14|0.08|0.1000|7|116|10|11|-0.0277|0.0010|-0.0035|-0.0887|0.0283||1.13|20|0.46|18
GME211223C00110000||||||13||||0|0|0|1.0000|0.0000|0.0663|-0.0004|0.0000||73.25|8|69.65|7
GME211223P00110000|0.80|1.33|0.80|1.69|1.33|13|-0.36|-0.2130|6|28|10|20|-0.1131|0.0020|-0.0436|-0.1528|0.1391||1.25|1|0.94|18
GME211223C00120000||||103.35|103.35|12|0.00|0.0000|0|1|0|0|0.8306|0.0011|0.0274|-1.3122|0.1121||63.80|10|60.30|15
GME211223P00120000||||1.15|1.15|12|0.00|0.0000|0|25|0|0|-0.0440|0.0020|-0.0054|-0.0996|0.0413||2.19|26|1.50|14
GME211223C00130000||||||11||||0|0|0|1.0000|0.0000|0.0784|-0.0005|0.0000||54.45|4|51.30|15
GME211223P00130000|2.84|2.84|2.69|2.33|2.69|11|0.36|0.1545|4|72|1|111|-0.0902|0.0033|-0.0112|-0.1835|0.0722||3.35|21|2.33|15
GME211223C00140000||||||10||||0|0|0|1.0000|0.0000|0.0844|-0.0005|0.0000||45.90|4|42.80|16
GME211223P00140000|4.10|4.40|4.10|3.90|4.40|10|0.50|0.1282|11|40|1|2|-0.1345|0.0046|-0.0168|-0.2338|0.0961||4.95|30|3.80|12
GME211223C00145000||||||9|||||0|0|1.0000|0.0000|0.0874|-0.0005|0.0000||41.90|7|38.75|26
GME211223P00145000||||||9|||||0|0|0.0000|0.0000|0.0000|0.0000|0.0000||5.95|21|4.75|20
GME211223C00150000||||55.90|55.90|8|0.00|0.0000|0|4|0|0|0.7297|0.0030|0.0451|-0.8350|0.1469||38.15|10|35.05|19
GME211223P00150000|4.80|7.60|4.10|6.45|6.07|8|-0.38|-0.0589|82|206|1|56|-0.1925|0.0060|-0.0243|-0.2833|0.1215||7.00|16|5.90|62
GME211223C00155000||||57.05|57.05|7|0.00|0.0000|0|10|0|0|0.7142|0.0028|0.0427|-0.9400|0.1509||34.45|16|31.45|27
GME211223P00155000|8.65|9.55|8.65|3.81|9.30|7|5.49|1.4409|0|111|8|18|-0.2464|0.0061|-0.0321|-0.3677|0.1400||8.65|42|7.10|24
GME211223C00160000||||53.80|53.80|6|0.00|0.0000|0|12|0|0|0.6968|0.0029|0.0428|-0.9431|0.1551||31.05|11|28.10|38
GME211223P00160000|10.28|11.60|8.10|9.59|9.45|6|-0.14|-0.0146|14|61|3|9|-0.2747|0.0073|-0.0352|-0.3477|0.1477||10.35|25|8.80|30
GME211223C00165000||||||5||||0|0|0|1.0000|0.0000|0.0994|-0.0006|0.0000||28.05|18|25.00|33
GME211223P00165000||||11.60|11.60|5|0.00|0.0000|12|21|0|0|-0.3139|0.0076|-0.0408|-0.3751|0.1575||12.30|22|10.60|26
GME211223C00170000||||25.94|25.94|4|0.00|0.0000|11|15|0|0|0.6392|0.0068|0.0534|-0.4666|0.1663||24.95|9|22.25|33
GME211223P00170000||||14.35|14.35|4|0.00|0.0000|2|33|0|0|-0.3574|0.0078|-0.0472|-0.4075|0.1657||14.55|22|12.75|15
GME211223C00175000||||19.00|19.00|3|0.00|0.0000|1|3|0|0|0.6014|0.0089|0.0535|-0.3796|0.1714||22.30|10|19.75|32
GME211223P00175000|13.64|17.35|13.50|16.30|16.05|3|-0.25|-0.0153|30|54|1|32|-0.4027|0.0084|-0.0531|-0.4050|0.1714||17.05|26|15.00|27
