symbol|open|high|low|preClose|close|activeLevel|change|changeRatio|openIntChange|openInterest|latestPriceVol|volume|delta|gamma|rho|theta|vega|tradeStamptradeTime|ask|avol|bid|bvol
GME220311C00020000||||||48||||0|0|0|1.0000|0.0000|0.0000|0.0000|0.0000||89.20|9|84.20|8
GME220311P00020000||||0.01|0.01|48|||0|68|0|0|0.0000|0.0000|0.0000|-0.0001|0.0000||0.01|1|0.00|0
GME220311C00025000||||||47||||0|0|0|1.0000|0.0000|0.0001|0.0000|0.0000||84.85|12|76.00|12
GME220311P00025000||||0.01|0.01|47|||0|118|0|0|0.0000|0.0000|0.0000|-0.0001|0.0000||0.02|100|0.00|0
GME220311C00030000||||||46||||0|0|0|1.0000|0.0000|0.0004|0.0000|0.0000||79.85|12|72.00|12
GME220311P00030000||||0.02|0.02|46|||0|61|0|0|0.0000|0.0000|0.0000|-0.0002|0.0000||0.02|100|0.00|0
GME220311C00035000||||||45||||0|0|0|1.0000|0.0000|0.0006|0.0000|0.0000||74.20|12|67.85|12
GME220311P00035000||||0.03|0.03|45|||0|13|0|0|0.0000|0.0000|0.0000|-0.0003|0.0000||0.01|1|0.00|0
GME220311C00040000||||||44||||0|0|0|0.9999|0.0000|0.0009|0.0000|0.0000||69.20|12|64.10|12
GME220311P00040000|0.01|0.01|0.01|0.01|0.01|44|||4|1105|4|18|-0.0001|0.0000|0.0000|-0.0006|0.0000||0.02|58|0.00|0
GME220311C00045000||||||43||||0|0|0|0.9998|0.0000|0.0014|-0.0002|0.0001||64.20|12|59.00|12
GME220311P00045000|0.01|0.01|0.01|0.03|0.01|43|-0.02|-0.6667|0|122|1|11|-0.0002|0.0000|0.0000|-0.0015|0.0001||0.02|9|0.00|0
GME220311C00050000||||||42||||0|0|0|0.9995|0.0001|0.0019|-0.0017|0.0001||59.40|12|52.85|12
GME220311P00050000|0.03|0.04|0.03|0.03|0.04|42|0.01|0.3333|0|90|2|8|-0.0005|0.0001|0.0000|-0.0030|0.0001||0.08|13|0.00|0
GME220311C00055000||||||41||||0|0|0|0.9991|0.0001|0.0024|-0.0035|0.0002||54.20|3|49.20|12
GME220311P00055000|0.04|0.04|0.01|0.06|0.01|41|-0.05|-0.8333|5|227|16|25|-0.0008|0.0001|0.0000|-0.0048|0.0002||0.03|3|0.01|10
GME220311C00060000||||||40||||0|0|0|0.9987|0.0002|0.0029|-0.0057|0.0003||49.30|12|42.70|12
GME220311P00060000|0.09|0.09|0.02|0.05|0.02|40|-0.03|-0.6000|29|228|5|42|-0.0013|0.0002|0.0000|-0.0069|0.0003||0.02|1|0.01|11
GME220311C00065000|42.00|42.00|42.00|31.85|42.00|39|10.15|0.3187|0|1|1|1|0.9980|0.0004|0.0034|-0.0085|0.0004||43.20|12|37.65|15
GME220311P00065000|0.04|0.04|0.03|0.09|0.03|39|-0.06|-0.6667|4|111|1|5|-0.0020|0.0004|0.0000|-0.0095|0.0004||0.07|7|0.01|7
GME220311C00068000||||||38|||||0|0|0.9975|0.0005|0.0035|-0.0105|0.0005||41.20|12|34.60|12
GME220311P00068000||||||38|||||0|0|-0.0025|0.0005|0.0000|-0.0115|0.0005||0.07|8|0.02|12
GME220311C00069000||||||37|||||0|0|0.9972|0.0006|0.0035|-0.0112|0.0005||40.85|12|33.00|12
GME220311P00069000||||||37|||||0|0|-0.0027|0.0006|0.0000|-0.0122|0.0005||0.07|10|0.02|15
GME220311C00070000||||53.00|53.00|36|||-2|0|0|0|0.9970|0.0006|0.0036|-0.0121|0.0005||39.25|12|32.80|12
GME220311P00070000|0.03|0.08|0.03|0.11|0.06|36|-0.05|-0.4545|20|991|1|33|-0.0030|0.0006|0.0000|-0.0130|0.0005||0.06|1|0.05|1
GME220311C00071000||||||35|||||0|0|0.9967|0.0007|0.0036|-0.0129|0.0006||38.20|12|31.60|12
GME220311P00071000|0.07|0.07|0.07|0.07|0.07|35|0.00|0.0000||9|9|9|-0.0032|0.0007|0.0000|-0.0139|0.0006||0.07|8|0.03|8
GME220311C00072000||||||34|||||0|0|0.9964|0.0008|0.0036|-0.0139|0.0006||37.20|12|30.50|12
GME220311P00072000||||||34|||||0|0|-0.0035|0.0008|0.0000|-0.0148|0.0006||0.07|9|0.03|8
GME220311C00073000||||||33|||||0|0|0.9961|0.0008|0.0036|-0.0149|0.0007||36.20|11|31.25|11
GME220311P00073000|0.06|0.06|0.06|0.06|0.06|33|0.00|0.0000||1|1|1|-0.0039|0.0008|0.0000|-0.0158|0.0007||0.07|8|0.03|10
GME220311C00074000||||||32|||||0|0|0.9958|0.0009|0.0037|-0.0160|0.0007||35.85|12|28.00|12
GME220311P00074000||||||32|||||0|0|-0.0042|0.0009|0.0000|-0.0169|0.0007||0.07|8|0.04|10
GME220311C00075000||||||31||||0|0|0|0.9954|0.0010|0.0037|-0.0172|0.0008||34.25|12|27.40|12
GME220311P00075000|0.09|0.09|0.05|0.16|0.05|31|-0.11|-0.6875|31|439|5|65|-0.0046|0.0010|0.0000|-0.0180|0.0008||0.07|4|0.02|10
GME220311C00076000||||||30||||0|0|0|0.9949|0.0012|0.0036|-0.0186|0.0009||33.15|8|27.90|5
GME220311P00076000||||0.12|0.12|30|||0|50|0|0|-0.0050|0.0012|0.0000|-0.0193|0.0009||0.07|6|0.04|4
GME220311C00077000||||||29||||0|0|0|0.9944|0.0013|0.0037|-0.0200|0.0010||32.20|5|27.25|5
GME220311P00077000|0.10|0.10|0.07|0.32|0.07|29|-0.25|-0.7813|2|4|1|3|-0.0055|0.0013|0.0000|-0.0208|0.0010||0.07|9|0.04|15
GME220311C00078000||||||28||||0|0|0|0.9939|0.0015|0.0037|-0.0217|0.0010||31.20|7|26.05|5
GME220311P00078000||||0.13|0.13|28|||0|10|0|0|-0.0061|0.0015|0.0000|-0.0224|0.0010||0.08|5|0.04|14
GME220311C00079000||||||27||||0|0|0|0.9932|0.0017|0.0037|-0.0235|0.0011||30.20|5|25.25|5
GME220311P00079000|0.09|0.09|0.09|0.26|0.09|27|-0.17|-0.6538|0|141|1|1|-0.0068|0.0017|0.0000|-0.0242|0.0011||0.08|6|0.01|8
GME220311C00080000||||18.75|18.75|26|||0|14|0|0|0.9925|0.0019|0.0036|-0.0256|0.0013||29.20|5|23.95|5
GME220311P00080000|0.81|0.81|0.07|0.20|0.08|26|-0.12|-0.6000|-53|1277|1|286|-0.0075|0.0019|0.0000|-0.0262|0.0013||0.09|6|0.05|8
GME220311C00081000||||||25||||0|0|0|0.9916|0.0022|0.0036|-0.0280|0.0014||28.20|19|23.30|17
GME220311P00081000|0.15|0.15|0.08|0.18|0.08|25|-0.10|-0.5556|72|103|16|101|-0.0084|0.0022|0.0000|-0.0286|0.0014||0.09|7|0.05|7
GME220311C00082000||||||24||||0|0|0|0.9906|0.0025|0.0036|-0.0308|0.0015||27.20|20|22.30|17
GME220311P00082000|0.23|0.23|0.10|0.25|0.10|24|-0.15|-0.6000|13|60|3|38|-0.0094|0.0025|0.0000|-0.0314|0.0015||0.21|15|0.01|16
GME220311C00083000||||||23||||0|0|0|0.9893|0.0029|0.0036|-0.0343|0.0017||26.20|19|21.30|17
GME220311P00083000|0.13|0.15|0.10|0.25|0.11|23|-0.14|-0.5600|-6|51|3|38|-0.0106|0.0029|0.0000|-0.0348|0.0017||0.11|8|0.06|15
GME220311C00084000||||||22||||0|0|0|0.9878|0.0033|0.0036|-0.0384|0.0019||25.25|7|20.10|17
GME220311P00084000|0.12|0.16|0.11|0.30|0.12|22|-0.18|-0.6000|0|44|3|9|-0.0122|0.0033|0.0000|-0.0390|0.0019||0.15|11|0.07|19
GME220311C00085000||||40.92|40.92|21|||0|14|0|0|0.9860|0.0039|0.0036|-0.0436|0.0022||24.25|5|19.35|5
GME220311P00085000|0.28|0.28|0.13|0.32|0.13|21|-0.19|-0.5938|254|616|1|381|-0.0140|0.0039|0.0000|-0.0442|0.0022||0.23|23|0.03|103
GME220311C00086000||||||20||||0|0|0|0.9836|0.0046|0.0036|-0.0503|0.0025||23.25|8|18.35|8
GME220311P00086000|0.51|0.51|0.14|0.55|0.14|20|-0.41|-0.7455|4|108|1|9|-0.0164|0.0046|-0.0001|-0.0508|0.0025||0.24|23|0.04|100
GME220311C00087000||||||19||||0|0|0|0.9806|0.0055|0.0036|-0.0588|0.0029||22.30|9|17.35|17
GME220311P00087000|0.25|0.25|0.13|0.43|0.13|19|-0.30|-0.6977|8|63|1|13|-0.0194|0.0055|-0.0001|-0.0593|0.0029||0.28|30|0.03|28
GME220311C00088000||||17.25|17.25|18|||0|5|0|0|0.9768|0.0067|0.0036|-0.0700|0.0034||21.35|6|16.20|5
GME220311P00088000|0.20|0.20|0.19|0.45|0.19|18|-0.26|-0.5778|-1|162|1|3|-0.0232|0.0067|-0.0001|-0.0704|0.0034||0.28|23|0.04|18
GME220311C00089000||||10.94|10.94|17|||0|2|0|0|0.9718|0.0081|0.0036|-0.0847|0.0039||20.35|7|15.40|17
GME220311P00089000|0.29|0.29|0.18|0.54|0.18|17|-0.36|-0.6667|0|94|1|4|-0.0282|0.0081|-0.0001|-0.0851|0.0039||0.27|16|0.08|20
GME220311C00090000|14.94|17.70|14.94|18.70|16.90|16|-1.80|-0.0963|-3|19|1|5|0.9654|0.0099|0.0036|-0.1040|0.0047||16.50|12|14.30|17
GME220311P00090000|0.68|0.68|0.20|0.60|0.21|16|-0.39|-0.6500|337|1392|1|769|-0.0346|0.0099|-0.0001|-0.1044|0.0047||0.25|2|0.20|3
GME220311C00091000||||||15||||0|0|0|0.9571|0.0122|0.0035|-0.1297|0.0056||16.55|6|13.10|5
GME220311P00091000|0.48|0.48|0.23|0.69|0.23|15|-0.46|-0.6667|-2|104|5|10|-0.0429|0.0122|-0.0002|-0.1301|0.0056||0.34|18|0.16|62
GME220311C00092000|15.40|15.40|15.30|15.40|15.30|14|-0.10|-0.0065|2|2|1|2|0.9464|0.0150|0.0035|-0.1637|0.0067||15.55|10|12.05|15
GME220311P00092000|0.57|0.57|0.25|0.85|0.29|14|-0.56|-0.6588|3|73|1|8|-0.0536|0.0150|-0.0002|-0.1640|0.0067||0.42|38|0.19|43
GME220311C00093000|12.50|13.65|12.00|11.00|13.65|13|2.65|0.2409|0|7|1|3|0.9326|0.0184|0.0034|-0.2087|0.0080||15.35|7|11.30|17
GME220311P00093000|0.55|0.65|0.30|1.03|0.32|13|-0.71|-0.6893|-5|76|5|14|-0.0674|0.0184|-0.0002|-0.2089|0.0080||0.43|25|0.24|28
GME220311C00094000||||||12||||0|0|0|0.9150|0.0225|0.0034|-0.2677|0.0095||15.50|13|10.65|17
GME220311P00094000|0.20|0.85|0.20|1.33|0.40|12|-0.93|-0.6992|-23|116|2|66|-0.0850|0.0225|-0.0003|-0.2680|0.0095||0.53|69|0.28|63
GME220311C00095000|11.00|12.50|11.00|11.00|12.50|11|1.50|0.1364|0|33|1|2|0.8928|0.0273|0.0033|-0.3443|0.0113||11.70|12|9.90|17
GME220311P00095000|1.00|1.05|0.36|1.35|0.51|11|-0.84|-0.6222|124|1266|1|298|-0.1072|0.0273|-0.0004|-0.3445|0.0113||0.51|10|0.37|26
GME220311C00096000|10.00|10.00|10.00|13.00|10.00|10|-3.00|-0.2308|0|19|1|1|0.8652|0.0328|0.0032|-0.4415|0.0133||10.65|12|8.90|17
GME220311P00096000|1.00|1.01|0.45|1.20|0.50|10|-0.70|-0.5833|-11|166|3|24|-0.1348|0.0328|-0.0005|-0.4417|0.0133||0.68|18|0.50|14
GME220311C00097000|9.52|10.60|9.27|8.60|10.60|9|2.00|0.2326|-3|5|1|6|0.8315|0.0388|0.0031|-0.5609|0.0155||9.70|12|8.05|17
GME220311P00097000|1.09|1.36|0.47|1.70|0.72|9|-0.98|-0.5765|1|105|1|19|-0.1685|0.0388|-0.0006|-0.5611|0.0155||0.81|13|0.62|10
GME220311C00098000|7.53|10.45|7.53|6.95|9.40|8|2.45|0.3525|-4|17|1|6|0.7912|0.0451|0.0029|-0.7005|0.0176||8.70|12|7.20|17
GME220311P00098000|1.43|1.64|0.55|2.02|0.84|8|-1.18|-0.5842|16|264|1|58|-0.2088|0.0451|-0.0007|-0.7007|0.0176||0.96|11|0.84|16
GME220311C00099000|7.75|10.00|7.75|6.69|10.00|7|3.31|0.4948|-1|52|1|23|0.7441|0.0513|0.0027|-0.8527|0.0198||7.70|10|6.60|14
GME220311P00099000|1.02|1.92|0.67|2.25|1.06|7|-1.19|-0.5289|27|170|4|104|-0.2559|0.0513|-0.0009|-0.8528|0.0198||1.13|15|0.91|10
GME220311C00100000|7.59|9.40|6.10|5.85|6.40|6|0.55|0.0940|-51|1411|2|226|0.6905|0.0570|0.0025|-1.0029|0.0217||6.80|10|5.85|16
GME220311P00100000|1.05|2.36|0.78|2.77|1.29|6|-1.48|-0.5343|-78|2844|1|2976|-0.3095|0.0570|-0.0011|-1.0030|0.0217||1.37|16|1.20|25
GME220311C00101000|7.11|8.40|5.45|5.35|8.00|5|2.65|0.4953|-7|96|2|23|0.6313|0.0616|0.0023|-1.1310|0.0232||6.50|12|5.00|20
GME220311P00101000|2.09|2.52|1.04|3.21|1.31|5|-1.90|-0.5919|34|130|2|60|-0.3687|0.0616|-0.0013|-1.1311|0.0232||1.65|12|1.32|5
GME220311C00102000|6.65|7.40|5.00|6.15|5.52|4|-0.63|-0.1024|-1|66|2|18|0.5680|0.0648|0.0021|-1.2150|0.0242||5.55|12|4.30|18
GME220311P00102000|2.33|2.65|1.18|3.50|1.79|4|-1.71|-0.4886|7|90|1|19|-0.4320|0.0648|-0.0015|-1.2151|0.0242||2.02|13|1.58|12
GME220311C00103000|5.65|6.75|4.00|5.20|4.41|3|-0.79|-0.1519|6|101|5|138|0.5024|0.0661|0.0018|-1.2384|0.0245||4.80|12|3.70|46
GME220311P00103000|3.00|3.70|1.49|4.11|1.80|3|-2.31|-0.5620|18|102|1|246|-0.4976|0.0661|-0.0017|-1.2384|0.0245||2.39|16|1.88|20
GME220311C00104000|5.05|6.10|3.70|3.60|3.75|2|0.15|0.0417|23|124|1|244|0.4368|0.0655|0.0016|-1.1965|0.0242||4.20|11|3.30|45
GME220311P00104000|3.34|4.00|1.53|4.61|2.50|2|-2.11|-0.4577|59|227|23|320|-0.5632|0.0655|-0.0019|-1.1965|0.0242||2.89|15|2.30|12
GME220311C00105000|4.40|5.31|3.10|3.30|3.26|1|-0.04|-0.0121|-55|314|1|486|0.3736|0.0630|0.0014|-1.0984|0.0233||3.45|10|3.10|12
GME220311P00105000|3.55|4.45|1.85|5.00|3.00|1|-2.00|-0.4000|0|420|1|262|-0.6264|0.0630|-0.0021|-1.0984|0.0233||3.25|13|2.72|12
GME220311C00106000|4.95|4.95|2.70|3.00|2.70|1|-0.30|-0.1000|17|100|10|238|0.3149|0.0588|0.0012|-0.9636|0.0218||2.98|10|2.48|15
GME220311P00106000|4.15|5.25|2.15|5.70|3.50|1|-2.20|-0.3860|46|183|1|116|-0.6851|0.0588|-0.0023|-0.9636|0.0218||3.95|14|3.15|12
GME220311C00107000|3.15|4.10|2.06|2.77|2.34|2|-0.43|-0.1552|246|546|1|609|0.2619|0.0536|0.0010|-0.8144|0.0200||2.50|1|1.92|15
GME220311P00107000|5.65|5.65|2.58|6.00|4.15|2|-1.85|-0.3083|8|57|1|48|-0.7381|0.0536|-0.0024|-0.8144|0.0200||4.45|13|3.55|12
GME220311C00108000|3.15|3.65|1.90|2.34|1.90|3|-0.44|-0.1880|34|146|2|208|0.2157|0.0477|0.0008|-0.6692|0.0180||2.16|1|1.73|14
GME220311P00108000|3.95|4.88|3.00|7.00|4.88|3|-2.12|-0.3029|27|126|4|143|-0.7843|0.0477|-0.0025|-0.6691|0.0180||5.30|14|4.35|10
GME220311C00109000|2.84|3.20|1.51|2.05|1.68|4|-0.37|-0.1805|100|189|1|318|0.1763|0.0417|0.0006|-0.5396|0.0159||1.92|37|1.45|14
GME220311P00109000|4.50|4.50|3.75|6.14|4.35|4|-1.79|-0.2915|-2|78|32|91|-0.8237|0.0417|-0.0026|-0.5396|0.0159||5.95|16|5.00|10
GME220311C00110000|3.00|3.00|1.22|1.80|1.40|5|-0.40|-0.2222|346|1096|10|1977|0.1435|0.0359|0.0005|-0.4307|0.0139||1.46|1|1.30|2
GME220311P00110000|7.07|7.35|4.20|8.70|6.25|5|-2.45|-0.2816|-8|291|1|23|-0.8565|0.0359|-0.0026|-0.4306|0.0139||6.80|16|5.70|12
GME220311C00111000|2.05|2.30|1.00|1.81|1.15|6|-0.66|-0.3646|124|225|3|223|0.1167|0.0306|0.0004|-0.3427|0.0120||1.33|2|1.00|16
GME220311P00111000|5.40|6.80|5.40|9.15|6.80|6|-2.35|-0.2568|1|73|1|14|-0.8833|0.0306|-0.0026|-0.3425|0.0120||7.65|14|6.50|12
GME220311C00112000|1.90|1.91|0.91|1.43|1.01|7|-0.42|-0.2937|316|599|4|617|0.0950|0.0259|0.0003|-0.2734|0.0104||1.16|83|0.81|17
GME220311P00112000|5.61|7.60|5.50|10.00|7.60|7|-2.40|-0.2400|-2|123|1|6|-0.9050|0.0259|-0.0026|-0.2733|0.0104||8.40|16|7.15|12
GME220311C00113000|1.45|1.65|0.75|1.25|0.84|8|-0.41|-0.3280|48|177|1|147|0.0777|0.0218|0.0003|-0.2196|0.0089||0.99|20|0.69|21
GME220311P00113000|8.50|8.50|8.50|8.45|8.50|8|0.05|0.0059|-1|56|1|1|-0.9223|0.0218|-0.0026|-0.2195|0.0089||9.25|15|7.85|12
GME220311C00114000|1.74|1.74|0.74|1.15|0.74|9|-0.41|-0.3565|21|105|1|62|0.0639|0.0184|0.0002|-0.1782|0.0077||0.84|20|0.58|13
GME220311P00114000|9.75|9.75|8.07|12.00|8.85|9|-3.15|-0.2625|0|60|8|19|-0.9361|0.0184|-0.0026|-0.1780|0.0077||10.20|14|8.80|12
GME220311C00115000|1.35|1.35|0.51|1.08|0.62|10|-0.46|-0.4259|212|1298|2|1416|0.0530|0.0155|0.0002|-0.1464|0.0066||0.69|20|0.55|2
GME220311P00115000|11.40|11.77|9.04|11.40|10.60|10|-0.80|-0.0702|-30|298|1|48|-0.9470|0.0155|-0.0026|-0.1461|0.0066||11.15|14|9.90|12
GME220311C00116000|1.08|1.25|0.45|0.95|0.58|11|-0.37|-0.3895|27|300|1|269|0.0444|0.0131|0.0002|-0.1217|0.0057||0.57|68|0.48|1
GME220311P00116000|9.50|9.50|9.41|12.50|9.41|11|-3.09|-0.2472|0|32|1|2|-0.9557|0.0131|-0.0025|-0.1215|0.0057||12.05|13|10.70|12
GME220311C00117000|0.95|0.95|0.39|0.80|0.43|12|-0.37|-0.4625|8|185|1|88|0.0375|0.0112|0.0001|-0.1025|0.0050||0.52|20|0.41|1
GME220311P00117000|13.33|13.33|13.33|13.67|13.33|12|-0.34|-0.0249|0|47|2|3|-0.9625|0.0112|-0.0025|-0.1023|0.0050||13.05|26|11.70|12
GME220311C00118000|0.80|1.01|0.36|0.75|0.40|13|-0.35|-0.4667|-14|550|1|94|0.0320|0.0096|0.0001|-0.0875|0.0044||0.44|10|0.30|13
GME220311P00118000||||17.43|17.43|13|||0|65|0|0|-0.9680|0.0096|-0.0024|-0.0872|0.0044||14.05|15|12.15|1
GME220311C00119000|0.75|0.85|0.30|0.68|0.31|14|-0.37|-0.5441|70|169|1|198|0.0276|0.0082|0.0001|-0.0756|0.0039||0.40|20|0.27|11
GME220311P00119000||||18.80|18.80|14|||0|44|0|0|-0.9725|0.0083|-0.0024|-0.0753|0.0039||15.05|13|13.05|12
GME220311C00120000|0.66|0.82|0.24|0.62|0.30|15|-0.32|-0.5161|412|1903|1|1542|0.0240|0.0071|0.0001|-0.0660|0.0034||0.35|20|0.30|1
GME220311P00120000|16.00|16.00|12.00|17.44|14.60|15|-2.84|-0.1628|-2|187|11|98|-0.9761|0.0072|-0.0023|-0.0657|0.0034||15.90|13|14.60|12
GME220311C00121000|0.80|0.96|0.28|0.60|0.28|16|-0.32|-0.5333|-6|225|1|80|0.0210|0.0062|0.0001|-0.0582|0.0031||0.31|20|0.20|21
GME220311P00121000||||17.50|17.50|16|||0|35|0|0|-0.9790|0.0062|-0.0023|-0.0579|0.0031||16.75|13|15.05|3
GME220311C00122000|0.88|0.88|0.21|0.65|0.21|17|-0.44|-0.6769|33|179|15|58|0.0186|0.0055|0.0001|-0.0518|0.0028||0.28|22|0.17|31
GME220311P00122000||||18.56|18.56|17|||0|35|0|0|-0.9815|0.0055|-0.0022|-0.0515|0.0028||17.70|13|15.50|13
GME220311C00123000|0.54|0.54|0.18|0.50|0.18|18|-0.32|-0.6400|-45|166|1|135|0.0165|0.0048|0.0001|-0.0464|0.0025||0.28|31|0.17|12
GME220311P00123000||||20.35|20.35|18|||0|29|0|0|-0.9835|0.0048|-0.0022|-0.0462|0.0025||18.70|13|16.50|13
GME220311C00124000|0.52|0.52|0.17|0.86|0.20|19|-0.66|-0.7674|-48|100|5|141|0.0148|0.0043|0.0001|-0.0420|0.0023||0.28|37|0.16|10
GME220311P00124000||||21.31|21.31|19|||0|30|0|0|-0.9853|0.0043|-0.0022|-0.0417|0.0023||19.70|13|17.50|13
GME220311C00125000|0.49|0.50|0.14|0.42|0.16|20|-0.26|-0.6190|607|1694|4|1500|0.0133|0.0038|0.0000|-0.0381|0.0021||0.16|48|0.13|20
GME220311P00125000|19.35|20.10|18.24|20.89|20.10|20|-0.79|-0.0378|-2|74|1|3|-0.9867|0.0038|-0.0021|-0.0379|0.0021||20.70|13|18.45|16
GME220311C00126000|0.46|0.46|0.15|0.37|0.15|21|-0.22|-0.5946|-12|197|14|77|0.0121|0.0034|0.0000|-0.0349|0.0019||0.21|6|0.13|6
GME220311P00126000||||19.35|19.35|21|||0|7|0|0|-0.9880|0.0034|-0.0021|-0.0346|0.0019||21.70|13|19.25|13
GME220311C00127000|0.34|0.40|0.20|0.36|0.20|22|-0.16|-0.4444|17|87|1|19|0.0110|0.0031|0.0000|-0.0320|0.0017||0.17|1|0.12|10
GME220311P00127000|19.55|19.55|19.55|26.69|19.55|22|-7.14|-0.2675|-1|11|1|1|-0.9891|0.0031|-0.0020|-0.0318|0.0017||22.70|13|17.15|18
GME220311C00128000|0.35|0.35|0.12|0.34|0.17|23|-0.17|-0.5000|84|188|1|153|0.0100|0.0028|0.0000|-0.0295|0.0016||0.18|7|0.10|3
GME220311P00128000|20.51|20.87|20.51|29.80|20.87|23|-8.93|-0.2997|-5|56|12|13|-0.9901|0.0028|-0.0020|-0.0293|0.0016||23.45|10|18.95|20
GME220311C00129000|0.20|0.21|0.15|0.30|0.15|24|-0.15|-0.5000|4|94|4|29|0.0092|0.0025|0.0000|-0.0273|0.0015||0.17|6|0.08|17
GME220311P00129000||||16.20|16.20|24|||0|6|0|0|-0.9909|0.0025|-0.0020|-0.0271|0.0015||24.75|13|19.95|14
GME220311C00130000|0.35|0.35|0.10|0.31|0.11|25|-0.20|-0.6452|31|1500|1|587|0.0084|0.0023|0.0000|-0.0254|0.0014||0.13|1|0.11|1
GME220311P00130000|22.70|22.70|22.00|23.24|22.00|25|-1.24|-0.0534|0|67|1|3|-0.9916|0.0023|-0.0019|-0.0251|0.0014||25.55|13|22.00|14
GME220311C00131000|0.14|0.17|0.12|0.28|0.12|26|-0.16|-0.5714|-18|124|10|31|0.0078|0.0021|0.0000|-0.0236|0.0013||0.15|4|0.03|21
GME220311P00131000||||13.30|13.30|26|||0|6|0|0|-0.9923|0.0021|-0.0019|-0.0234|0.0013||27.00|12|21.95|27
GME220311C00132000|0.24|0.24|0.10|0.27|0.10|27|-0.17|-0.6296|-150|365|2|479|0.0072|0.0019|0.0000|-0.0220|0.0012||0.15|7|0.09|5
GME220311P00132000||||29.77|29.77|27|||0|10|0|0|-0.9929|0.0019|-0.0019|-0.0218|0.0012||28.20|5|23.00|37
GME220311C00133000|0.24|0.24|0.09|0.28|0.11|28|-0.17|-0.6071|2|169|1|94|0.0067|0.0018|0.0000|-0.0206|0.0011||0.13|6|0.09|6
GME220311P00133000||||34.70|34.70|28|||0|6|0|0|-0.9934|0.0018|-0.0018|-0.0204|0.0011||29.00|5|23.95|37
GME220311C00134000||||0.44|0.44|29|||0|72|0|0|0.0062|0.0016|0.0000|-0.0193|0.0010||0.13|5|0.08|4
GME220311P00134000||||33.25|33.25|29|||0|7|0|0|-0.9939|0.0016|-0.0018|-0.0191|0.0010||29.90|6|24.90|27
GME220311C00135000|0.40|0.40|0.08|0.21|0.08|30|-0.13|-0.6190|8|1219|22|271|0.0057|0.0015|0.0000|-0.0181|0.0010||0.11|4|0.02|16
GME220311P00135000|29.72|29.72|27.88|27.65|27.88|30|0.23|0.0083|-6|57|5|6|-0.9943|0.0015|-0.0018|-0.0179|0.0010||31.05|6|25.95|40
GME220311C00136000|0.23|0.23|0.09|0.38|0.09|31|-0.29|-0.7632|5|60|1|10|0.0054|0.0014|0.0000|-0.0171|0.0009||0.16|26|0.00|0
GME220311P00136000||||22.09|22.09|31|||0|1|0|0|-0.9947|0.0014|-0.0017|-0.0169|0.0009||34.00|12|26.90|27
GME220311C00137000|0.10|0.10|0.08|0.21|0.08|32|-0.13|-0.6190|4|45|1|18|0.0050|0.0013|0.0000|-0.0161|0.0009||0.16|24|0.00|0
GME220311P00137000|31.15|31.15|31.15|37.13|31.15|32|-5.98|-0.1611|-4|6|3|5|-0.9951|0.0013|-0.0017|-0.0159|0.0009||33.00|5|27.90|37
GME220311C00138000|0.21|0.21|0.08|0.21|0.08|33|-0.13|-0.6190|17|136|1|22|0.0047|0.0012|0.0000|-0.0152|0.0008||0.12|11|0.07|10
GME220311P00138000||||30.80|30.80|33|||0|3|0|0|-0.9954|0.0012|-0.0017|-0.0150|0.0008||34.00|8|28.90|27
GME220311C00139000|0.18|0.18|0.08|0.38|0.08|34|-0.30|-0.7895|71|119|1|119|0.0044|0.0011|0.0000|-0.0143|0.0008||0.11|10|0.07|11
GME220311P00139000||||28.55|28.55|34|||0|11|0|0|-0.9957|0.0011|-0.0017|-0.0141|0.0008||35.05|5|29.90|37
GME220311C00140000|0.20|0.21|0.07|0.20|0.08|35|-0.12|-0.6000|777|2064|1|1990|0.0041|0.0010|0.0000|-0.0136|0.0007||0.08|42|0.07|8
GME220311P00140000|35.92|35.92|35.02|39.18|35.25|35|-3.93|-0.1003|-3|39|1|4|-0.9960|0.0010|-0.0016|-0.0134|0.0007||36.00|5|31.25|38
GME220311C00141000|0.10|0.10|0.10|0.18|0.10|36|-0.08|-0.4444|23|85|2|24|0.0039|0.0010|0.0000|-0.0129|0.0007||0.10|4|0.07|4
GME220311P00141000||||30.00|30.00|36|||0|1|0|0|-0.9962|0.0010|-0.0016|-0.0127|0.0007||36.85|8|31.95|41
GME220311C00142000|0.10|0.10|0.07|0.34|0.08|37|-0.26|-0.7647|33|88|1|45|0.0036|0.0009|0.0000|-0.0122|0.0007||0.14|24|0.00|0
GME220311P00142000||||29.75|29.75|37|||0|2|0|0|-0.9964|0.0009|-0.0016|-0.0120|0.0006||37.85|5|32.85|41
GME220311C00143000|0.10|0.10|0.08|0.16|0.08|38|-0.08|-0.5000|-2|34|1|3|0.0034|0.0008|0.0000|-0.0116|0.0006||0.10|8|0.06|9
GME220311P00143000||||||38||||0|0|0|-0.9966|0.0008|-0.0016|-0.0114|0.0006||42.00|12|33.85|27
GME220311C00144000|0.18|0.18|0.07|0.37|0.07|39|-0.30|-0.8108|1|17|1|3|0.0032|0.0008|0.0000|-0.0110|0.0006||0.10|6|0.06|6
GME220311P00144000||||||39||||0|0|0|-0.9968|0.0008|-0.0015|-0.0108|0.0006||42.00|12|34.85|27
GME220311C00145000|0.17|0.18|0.07|0.14|0.08|40|-0.06|-0.4286|6|558|2|68|0.0031|0.0007|0.0000|-0.0105|0.0006||0.10|10|0.06|10
GME220311P00145000|38.87|40.95|38.87|27.11|40.95|40|13.84|0.5105|-1|14|1|2|-0.9970|0.0007|-0.0015|-0.0103|0.0005||40.95|5|35.85|38
GME220311C00146000|0.15|0.16|0.15|0.14|0.15|41|0.01|0.0714|0|42|1|4|0.0029|0.0007|0.0000|-0.0100|0.0005||0.10|15|0.06|8
GME220311P00146000||||||41||||0|0|0|-0.9972|0.0007|-0.0015|-0.0098|0.0005||45.00|12|36.85|27
GME220311C00147000|0.10|0.10|0.07|0.29|0.07|42|-0.22|-0.7586|-11|50|2|52|0.0027|0.0006|0.0000|-0.0095|0.0005||0.13|25|0.00|0
GME220311P00147000||||29.77|29.77|42|||0|5|0|0|-0.9973|0.0007|-0.0014|-0.0093|0.0005||42.85|5|37.85|41
GME220311C00148000|0.10|0.10|0.10|0.15|0.10|43|-0.05|-0.3333|1|10|1|1|0.0026|0.0006|0.0000|-0.0091|0.0005||0.15|14|0.00|0
GME220311P00148000||||||43||||0|0|0|-0.9975|0.0006|-0.0014|-0.0089|0.0005||46.00|12|38.85|27
GME220311C00149000|0.06|0.06|0.06|0.17|0.06|44|-0.11|-0.6471|0|70|1|1|0.0025|0.0006|0.0000|-0.0087|0.0005||0.14|14|0.00|0
GME220311P00149000||||||44||||0|0|0|-0.9976|0.0006|-0.0014|-0.0085|0.0004||46.20|12|39.85|27
GME220311C00150000|0.25|0.25|0.05|0.14|0.08|45|-0.06|-0.4286|1020|2865|11|2379|0.0023|0.0005|0.0000|-0.0083|0.0004||0.08|3|0.04|1
GME220311P00150000|44.30|44.61|44.19|42.49|44.19|45|1.70|0.0400|-2|29|1|7|-0.9977|0.0005|-0.0014|-0.0081|0.0004||46.00|12|41.30|27
GME220311C00152500|0.15|0.15|0.05|0.12|0.06|46|-0.06|-0.5000|53|172|2|57|0.0021|0.0005|0.0000|-0.0075|0.0004||0.08|9|0.05|12
GME220311P00152500||||53.79|53.79|46|||0|1|0|0|-0.9980|0.0005|-0.0013|-0.0073|0.0004||51.00|12|43.35|27
GME220311C00155000|0.14|0.14|0.05|0.12|0.05|47|-0.07|-0.5833|43|351|1|185|0.0018|0.0004|0.0000|-0.0067|0.0003||0.12|25|0.00|0
GME220311P00155000|49.25|49.25|48.83|51.88|48.83|47|-3.05|-0.0588|-2|14|1|3|-0.9982|0.0004|-0.0013|-0.0066|0.0003||52.75|12|45.85|27
GME220311C00157500|0.04|0.10|0.04|0.20|0.10|48|-0.10|-0.5000|70|83|70|71|0.0016|0.0004|0.0000|-0.0061|0.0003||0.07|4|0.02|3
GME220311P00157500||||44.46|44.46|48|||0|1|0|0|-0.9984|0.0004|-0.0012|-0.0059|0.0003||56.05|12|48.35|27
GME220311C00160000|0.12|0.12|0.05|0.11|0.05|49|-0.06|-0.5455|15|712|4|156|0.0015|0.0003|0.0000|-0.0055|0.0003||0.07|4|0.02|4
GME220311P00160000|54.78|54.79|52.92|55.93|52.92|49|-3.01|-0.0538|-14|18|1|28|-0.9986|0.0003|-0.0012|-0.0054|0.0003||56.00|13|50.85|32
GME220311C00162500|0.10|0.10|0.04|0.09|0.04|50|-0.05|-0.5556|9|52|1|22|0.0013|0.0003|0.0000|-0.0051|0.0003||0.08|1|0.03|4
GME220311P00162500||||||50||||0|0|0|-0.9988|0.0003|-0.0011|-0.0049|0.0002||61.95|12|53.35|27
GME220311C00165000|0.06|0.06|0.04|0.12|0.05|51|-0.07|-0.5833|1|974|1|20|0.0012|0.0003|0.0000|-0.0046|0.0002||0.06|1|0.04|2
GME220311P00165000|59.56|59.56|59.56|60.01|59.56|51|-0.45|-0.0075|0|15|1|1|-0.9989|0.0003|-0.0011|-0.0045|0.0002||62.70|12|55.85|27
GME220311C00170000|0.06|0.08|0.03|0.08|0.04|52|-0.04|-0.5000|-7|1566|2|36|0.0010|0.0002|0.0000|-0.0039|0.0002||0.05|2|0.02|4
GME220311P00170000||||66.32|66.32|52|||0|24|0|0|-0.9991|0.0002|-0.0010|-0.0038|0.0002||67.10|9|60.85|27
GME220311C00175000|0.04|0.08|0.03|0.07|0.04|50|-0.03|-0.4286|-24|818|1|53|0.0008|0.0002|0.0000|-0.0034|0.0002||0.08|3|0.02|2
GME220311P00175000|69.85|70.15|69.85|71.24|70.15|50|-1.09|-0.0153|-1|8|1|4|-0.9993|0.0002|-0.0009|-0.0033|0.0001||72.75|12|67.15|12
GME220311C00180000|0.08|0.08|0.03|0.07|0.04|56|-0.03|-0.4286|-4|1675|2|24|0.0007|0.0001|0.0000|-0.0029|0.0001||0.05|5|0.02|4
GME220311P00180000|74.87|74.87|74.71|72.55|74.71|56|2.16|0.0298|0|37|13|14|-0.9994|0.0001|-0.0008|-0.0029|0.0001||75.80|11|70.85|29
GME220311C00185000|0.07|0.07|0.02|0.05|0.05|57|0.00|0.0000|-23|366|3|119|0.0006|0.0001|0.0000|-0.0025|0.0001||0.07|3|0.02|21
GME220311P00185000||||80.00|80.00|57|||0|13|0|0|-0.9995|0.0001|-0.0008|-0.0025|0.0001||82.70|12|75.85|27
GME220311C00190000|0.05|0.07|0.02|0.06|0.03|58|-0.03|-0.5000|3|320|6|39|0.0005|0.0001|0.0000|-0.0022|0.0001||0.05|2|0.00|0
GME220311P00190000||||87.64|87.64|58|||0|25|0|0|-0.9996|0.0001|-0.0007|-0.0022|0.0001||87.70|12|80.85|27
GME220311C00195000|0.05|0.05|0.03|0.04|0.03|59|-0.01|-0.2500|0|919|10|11|0.0005|0.0001|0.0000|-0.0020|0.0001||0.05|9|0.00|0
GME220311P00195000|88.03|88.03|88.03|83.90|88.03|59|4.13|0.0492|0|3|3|3|-0.9996|0.0001|-0.0007|-0.0020|0.0001||92.75|12|85.85|27
GME220311C00200000|0.07|0.08|0.02|0.07|0.04|60|-0.03|-0.4286|-16|2122|5|294|0.0004|0.0001|0.0000|-0.0018|0.0001||0.04|9|0.01|1
GME220311P00200000||||96.12|96.12|60|||0|30|0|0|-0.9997|0.0001|-0.0006|-0.0018|0.0001||97.60|12|90.85|27
GME220311C00205000|0.04|0.05|0.04|0.06|0.04|65|-0.02|-0.3333|10|292|1|14|0.0004|0.0001|0.0000|-0.0016|0.0001||0.04|9|0.01|3
GME220311P00205000|100.40|100.40|100.40|98.10|100.40|65|2.30|0.0234|-3|12|10|10|-0.9998|0.0001|-0.0005|-0.0017|0.0001||102.60|12|95.85|27
GME220311C00210000|0.03|0.05|0.03|0.05|0.03|66|-0.02|-0.4000|-7|640|1|16|0.0003|0.0001|0.0000|-0.0014|0.0001||0.04|9|0.03|18
GME220311P00210000|105.35|105.41|105.35|89.12|105.41|66|16.29|0.1828|-2|4|1|2|-0.9998|0.0001|-0.0004|-0.0016|0.0000||107.55|12|100.85|27
GME220311C00215000||||0.07|0.07|67|||0|1157|0|0|0.0003|0.0000|0.0000|-0.0013|0.0001||0.04|9|0.00|0
GME220311P00215000||||94.53|94.53|67|||0|1|0|0|-0.9998|0.0001|-0.0004|-0.0015|0.0000||113.65|4|105.85|27
GME220311C00220000|0.01|0.05|0.01|0.05|0.03|50|-0.02|-0.4000|0|216|1|6|0.0003|0.0000|0.0000|-0.0012|0.0001||0.03|4|0.00|0
GME220311P00220000|115.60|115.60|113.18|108.38|113.18|50|4.80|0.0443|-9|8|2|14|-0.9999|0.0000|-0.0003|-0.0014|0.0000||115.65|13|110.85|26
GME220311C00225000|0.02|0.02|0.02|0.03|0.02|50|-0.01|-0.3333|-1|61|1|1|0.0002|0.0000|0.0000|-0.0011|0.0000||0.04|9|0.01|5
GME220311P00225000||||||50||||0|0|0|-0.9999|0.0000|-0.0002|-0.0013|0.0000||123.65|4|115.85|27
GME220311C00230000|0.01|0.01|0.01|0.06|0.01|50|-0.05|-0.8333|0|110|1|1|0.0002|0.0000|0.0000|-0.0010|0.0000||0.04|9|0.01|6
GME220311P00230000|125.28|125.28|125.28|110.80|125.28|50|14.48|0.1307|-1|0|1|1|-0.9999|0.0000|-0.0002|-0.0013|0.0000||129.40|12|120.85|27
GME220311C00235000||||0.05|0.05|50|||0|56|0|0|0.0002|0.0000|0.0000|-0.0009|0.0000||0.04|9|0.01|4
GME220311P00235000||||||50||||0|0|0|-0.9999|0.0000|-0.0002|-0.0012|0.0000||134.40|12|125.85|27
GME220311C00240000|0.02|0.02|0.01|0.06|0.02|50|-0.04|-0.6667|101|219|1|112|0.0002|0.0000|0.0000|-0.0008|0.0000||0.02|8|0.01|100
GME220311P00240000||||136.50|136.50|50|||0|2|0|0|-0.9999|0.0000|-0.0002|-0.0012|0.0000||139.40|12|130.85|27
GME220311C00245000|0.04|0.04|0.04|0.04|0.04|50|||9|95|5|10|0.0002|0.0000|0.0000|-0.0008|0.0000||0.09|4|0.00|0
GME220311P00245000||||||50||||0|0|0|-1.0000|0.0000|0.0000|-0.0012|0.0000||144.40|12|135.85|27
GME220311C00250000|0.05|0.05|0.01|0.04|0.02|50|-0.02|-0.5000|-33|431|1|60|0.0001|0.0000|0.0000|-0.0007|0.0000||0.02|10|0.00|0
GME220311P00250000||||||50||||0|0|0|-1.0000|0.0000|0.0000|-0.0012|0.0000||147.70|12|140.85|27
GME220311C00255000|0.01|0.03|0.01|0.02|0.02|50|0.00|0.0000|4|134|1|14|0.0001|0.0000|0.0000|-0.0007|0.0000||0.02|10|0.00|0
GME220311P00255000||||||50||||0|0|0|-1.0000|0.0000|0.0000|-0.0012|0.0000||154.45|12|145.85|27
GME220311C00260000|0.03|0.03|0.01|0.03|0.01|50|-0.02|-0.6667|-10|2160|10|25|0.0001|0.0000|0.0000|-0.0006|0.0000||0.02|10|0.00|0
GME220311P00260000||||||50||||0|0|0|-1.0000|0.0000|0.0000|-0.0012|0.0000||159.45|12|150.85|27
GME220311C00265000|0.04|0.04|0.01|0.02|0.01|50|-0.01|-0.5000|144|5127|12|712|0.0001|0.0000|0.0000|-0.0006|0.0000||0.02|172|0.01|48
GME220311P00265000||||||50||||0|0|0|-1.0000|0.0000|0.0000|-0.0012|0.0000||162.65|12|155.85|27
GME220318C00010000||||90.80|90.80|46|||0|0|0|0|1.0000|0.0000|0.0000|-0.0097|0.0000||98.40|4|93.45|8
GME220318P00010000||||0.02|0.02|46|||0|716|0|0|-0.0001|0.0000|0.0000|-0.0015|0.0001||0.02|110|0.00|0
GME220318C00020000||||104.01|104.01|45|||0|0|0|0|1.0000|0.0000|0.0000|-0.0097|0.0000||88.40|4|82.95|8
GME220318P00020000|0.02|0.02|0.02|0.04|0.02|45|-0.02|-0.5000|4|2157|4|4|-0.0005|0.0000|0.0000|-0.0046|0.0003||0.02|40|0.00|0
GME220318C00030000||||91.17|91.17|44|||0|0|0|0|0.9994|0.0001|0.0006|-0.0111|0.0003||78.50|12|72.15|16
GME220318P00030000|0.04|0.04|0.03|0.05|0.03|44|-0.02|-0.4000|57|1043|1|121|-0.0015|0.0001|0.0000|-0.0105|0.0007||0.04|1|0.01|2
GME220318C00040000||||||43||||0|0|0|0.9972|0.0003|0.0022|-0.0211|0.0012||68.90|12|61.60|25
GME220318P00040000|0.07|0.08|0.04|0.12|0.05|43|-0.07|-0.5833|-19|821|2|29|-0.0036|0.0003|-0.0001|-0.0207|0.0016||0.13|2|0.05|2
GME220318C00050000||||72.00|72.00|42|||0|3|0|0|0.9926|0.0007|0.0041|-0.0381|0.0030||58.45|1|52.50|15
GME220318P00050000|0.13|0.14|0.12|0.21|0.12|42|-0.09|-0.4286|21|1079|3|38|-0.0081|0.0007|-0.0002|-0.0377|0.0034||0.12|1|0.10|2
GME220318C00055000||||59.00|59.00|41|||0|4|0|0|0.9886|0.0011|0.0053|-0.0508|0.0044||53.50|5|47.35|20
GME220318P00055000|0.21|0.23|0.16|0.16|0.16|41|0.00|0.0000|0|160|1|3|-0.0121|0.0010|-0.0003|-0.0503|0.0048||0.28|123|0.03|3
GME220318C00060000||||36.90|36.90|40|||0|14|0|0|0.9826|0.0016|0.0065|-0.0679|0.0064||48.55|12|43.30|1
GME220318P00060000|0.50|0.50|0.11|0.40|0.23|40|-0.17|-0.4250|-20|875|1|63|-0.0181|0.0016|-0.0005|-0.0674|0.0068||0.35|21|0.16|104
GME220318C00065000||||49.94|49.94|39|||0|38|0|0|0.9733|0.0024|0.0078|-0.0914|0.0093||43.65|5|39.10|5
GME220318P00065000|0.45|0.45|0.32|0.50|0.35|39|-0.15|-0.3000|17|465|8|89|-0.0273|0.0024|-0.0007|-0.0909|0.0097||0.36|1|0.19|173
GME220318C00068000||||||38|||||0|0|0.9653|0.0031|0.0086|-0.1096|0.0116||41.25|12|34.80|20
GME220318P00068000||||||38|||||0|0|-0.0352|0.0031|-0.0009|-0.1091|0.0119||0.79|27|0.34|15
GME220318C00069000||||||37|||||0|0|0.9621|0.0034|0.0089|-0.1166|0.0125||40.30|12|33.00|25
GME220318P00069000||||||37|||||0|0|-0.0384|0.0034|-0.0010|-0.1160|0.0128||0.87|46|0.19|60
GME220318C00070000|35.57|35.57|35.57|29.55|35.57|36|6.02|0.2037|-1|45|1|1|0.9586|0.0037|0.0091|-0.1239|0.0135||38.80|12|34.35|1
GME220318P00070000|0.65|0.65|0.44|0.85|0.46|36|-0.39|-0.4588|-129|777|1|253|-0.0419|0.0036|-0.0011|-0.1234|0.0138||0.51|1|0.34|37
GME220318C00071000||||||35|||||0|0|0.9548|0.0040|0.0094|-0.1318|0.0145||38.35|12|31.10|10
GME220318P00071000||||||35|||||0|0|-0.0456|0.0040|-0.0012|-0.1313|0.0148||0.95|46|0.28|60
GME220318C00072000||||||34|||||0|0|0.9506|0.0043|0.0097|-0.1402|0.0156||37.40|12|30.15|10
GME220318P00072000||||||34|||||0|0|-0.0498|0.0043|-0.0013|-0.1397|0.0158||0.69|13|0.27|27
GME220318C00073000||||||33|||||0|0|0.9461|0.0047|0.0099|-0.1491|0.0167||36.45|12|29.20|10
GME220318P00073000||||||33|||||0|0|-0.0543|0.0047|-0.0014|-0.1486|0.0170||1.05|58|0.29|72
GME220318C00074000||||||32|||||0|0|0.9411|0.0051|0.0102|-0.1586|0.0179||34.95|18|28.80|13
GME220318P00074000|0.70|0.70|0.70|0.70|0.70|32|0.00|0.0000||4|2|4|-0.0593|0.0051|-0.0015|-0.1581|0.0182||1.03|60|0.34|73
GME220318C00075000||||37.98|37.98|31|||0|24|0|0|0.9356|0.0055|0.0104|-0.1687|0.0193||34.00|6|29.80|10
GME220318P00075000|0.90|0.95|0.65|1.17|0.67|31|-0.50|-0.4274|53|610|1|169|-0.0647|0.0055|-0.0016|-0.1681|0.0195||0.76|5|0.53|92
GME220318C00076000||||||30|||||0|0|0.9297|0.0060|0.0107|-0.1793|0.0206||33.05|13|26.45|3
GME220318P00076000||||||30|||||0|0|-0.0706|0.0059|-0.0018|-0.1787|0.0209||0.83|5|0.61|21
GME220318C00077000||||||29|||||0|0|0.9232|0.0064|0.0109|-0.1905|0.0221||32.15|13|25.50|23
GME220318P00077000||||||29|||||0|0|-0.0771|0.0064|-0.0020|-0.1899|0.0223||1.01|23|0.48|43
GME220318C00078000||||||28|||||0|0|0.9161|0.0070|0.0111|-0.2023|0.0236||31.20|13|24.60|24
GME220318P00078000||||||28|||||0|0|-0.0841|0.0069|-0.0021|-0.2017|0.0238||0.99|5|0.54|41
GME220318C00079000||||||27|||||0|0|0.9085|0.0075|0.0113|-0.2146|0.0253||30.25|13|23.70|3
GME220318P00079000|1.03|1.03|1.03|1.03|1.03|27|0.00|0.0000||110|20|110|-0.0917|0.0074|-0.0023|-0.2140|0.0254||1.11|47|0.84|40
GME220318C00080000||||24.50|24.50|26|||0|60|0|0|0.9002|0.0080|0.0115|-0.2275|0.0269||29.35|17|25.20|4
GME220318P00080000|1.41|1.41|1.01|1.74|1.05|26|-0.69|-0.3966|21|1376|1|93|-0.1000|0.0080|-0.0026|-0.2269|0.0271||1.14|1|1.02|10
GME220318C00081000||||||25|||||0|0|0.8912|0.0086|0.0117|-0.2408|0.0287||28.45|18|23.80|7
GME220318P00081000||||||25|||||0|0|-0.1089|0.0086|-0.0028|-0.2403|0.0288||1.61|68|0.80|78
GME220318C00082000||||||24|||||0|0|0.8816|0.0092|0.0118|-0.2546|0.0305||27.55|18|23.50|10
GME220318P00082000||||||24|||||0|0|-0.1185|0.0092|-0.0030|-0.2541|0.0306||1.57|62|1.08|49
GME220318C00083000||||||23|||||0|0|0.8713|0.0099|0.0119|-0.2689|0.0324||26.65|14|22.60|10
GME220318P00083000||||||23|||||0|0|-0.1288|0.0098|-0.0033|-0.2683|0.0325||1.50|5|1.26|20
GME220318C00084000||||||22|||||0|0|0.8602|0.0105|0.0120|-0.2834|0.0342||25.75|17|21.75|10
GME220318P00084000||||||22|||||0|0|-0.1398|0.0105|-0.0036|-0.2828|0.0344||1.73|15|1.38|21
GME220318C00085000|23.21|23.21|23.21|16.55|23.21|21|6.66|0.4024|0|65|1|1|0.8484|0.0112|0.0121|-0.2982|0.0362||24.90|20|21.00|16
GME220318P00085000|2.00|2.16|1.51|2.43|1.65|21|-0.78|-0.3210|419|772|1|631|-0.1515|0.0111|-0.0039|-0.2976|0.0363||1.81|5|1.49|15
GME220318C00086000|22.50|22.50|22.50|22.50|22.50|20|0.00|0.0000||1|1|1|0.8359|0.0119|0.0122|-0.3131|0.0381||24.05|24|20.20|11
GME220318P00086000|2.42|2.42|2.30|2.42|2.30|20|-0.12|-0.0496||55|9|55|-0.1641|0.0118|-0.0042|-0.3126|0.0382||1.97|5|1.56|68
GME220318C00087000||||||19|||||0|0|0.8226|0.0125|0.0122|-0.3281|0.0401||23.20|17|19.30|10
GME220318P00087000|2.01|2.15|2.00|2.01|2.00|19|-0.01|-0.0050||114|4|115|-0.1773|0.0125|-0.0046|-0.3276|0.0402||2.23|15|1.71|37
GME220318C00088000||||||18|||||0|0|0.8085|0.0132|0.0122|-0.3431|0.0420||22.35|28|18.45|10
GME220318P00088000||||||18|||||0|0|-0.1913|0.0132|-0.0050|-0.3425|0.0421||2.36|5|1.85|27
GME220318C00089000||||||17|||||0|0|0.7938|0.0139|0.0122|-0.3579|0.0440||21.55|48|17.80|11
GME220318P00089000|2.01|2.01|2.01|2.01|2.01|17|0.00|0.0000||1|1|1|-0.2060|0.0139|-0.0054|-0.3573|0.0441||2.58|5|2.03|27
GME220318C00090000|18.27|19.30|17.05|16.94|18.00|16|1.06|0.0626|1|475|4|20|0.7783|0.0146|0.0121|-0.3724|0.0459||18.75|17|17.10|12
GME220318P00090000|2.65|3.22|2.24|3.94|2.75|16|-1.19|-0.3020|32|1131|2|551|-0.2214|0.0145|-0.0058|-0.3719|0.0460||2.82|4|2.40|15
GME220318C00091000||||||15|||||0|0|0.7622|0.0152|0.0121|-0.3866|0.0478||19.90|52|16.40|11
GME220318P00091000|3.16|3.16|2.56|3.16|2.56|15|-0.60|-0.1899||2|1|2|-0.2375|0.0152|-0.0062|-0.3860|0.0478||3.00|5|2.32|41
GME220318C00092000||||||14|||||0|0|0.7454|0.0159|0.0120|-0.4002|0.0495||19.15|20|15.55|12
GME220318P00092000|3.40|3.60|3.40|3.40|3.60|14|0.20|0.0588||3|1|3|-0.2543|0.0158|-0.0067|-0.3996|0.0496||3.35|20|2.97|10
GME220318C00093000||||||13|||||0|0|0.7281|0.0165|0.0119|-0.4132|0.0513||18.35|20|14.90|12
GME220318P00093000|3.55|3.55|3.55|3.55|3.55|13|0.00|0.0000||20|20|20|-0.2716|0.0164|-0.0071|-0.4126|0.0513||3.65|21|3.00|29
GME220318C00094000||||||12|||||0|0|0.7101|0.0170|0.0117|-0.4255|0.0529||17.55|15|14.15|14
GME220318P00094000||||||12|||||0|0|-0.2895|0.0170|-0.0076|-0.4249|0.0529||3.95|5|3.00|46
GME220318C00095000|14.70|17.00|14.05|16.89|17.00|11|0.11|0.0065|-9|102|1|12|0.6917|0.0176|0.0116|-0.4369|0.0544||14.50|1|13.60|12
GME220318P00095000|3.30|4.64|3.30|5.40|4.05|11|-1.35|-0.2500|23|822|3|576|-0.3079|0.0175|-0.0081|-0.4364|0.0544||4.35|21|3.70|27
GME220318C00096000||||||10|||||0|0|0.6729|0.0181|0.0114|-0.4474|0.0558||16.10|15|12.85|16
GME220318P00096000||||||10|||||0|0|-0.3267|0.0180|-0.0087|-0.4469|0.0558||4.65|5|3.80|26
GME220318C00097000||||||9|||||0|0|0.6536|0.0185|0.0112|-0.4569|0.0570||13.30|2|12.20|13
GME220318P00097000|4.19|4.56|4.04|4.19|4.56|9|0.37|0.0883||7|4|8|-0.3459|0.0185|-0.0092|-0.4564|0.0571||5.00|21|4.40|22
GME220318C00098000||||||8|||||0|0|0.6341|0.0189|0.0110|-0.4654|0.0582||14.75|25|11.70|18
GME220318P00098000|5.29|5.29|5.29|5.29|5.29|8|0.00|0.0000||20|20|20|-0.3654|0.0189|-0.0097|-0.4648|0.0582||5.25|5|4.75|23
GME220318C00099000||||||7|||||0|0|0.6143|0.0193|0.0108|-0.4727|0.0591||14.10|16|11.00|13
GME220318P00099000|6.00|6.00|6.00|6.00|6.00|7|0.00|0.0000||1|1|1|-0.3852|0.0192|-0.0103|-0.4721|0.0591||5.80|21|5.00|27
GME220318C00100000|10.70|13.30|10.35|10.64|10.87|6|0.23|0.0216|-8|1440|1|98|0.5943|0.0195|0.0105|-0.4788|0.0600||11.55|12|10.70|10
GME220318P00100000|7.45|7.45|4.94|7.55|6.00|6|-1.55|-0.2053|34|7274|2|321|-0.4051|0.0195|-0.0109|-0.4782|0.0600||6.25|22|5.55|10
GME220318C00101000||||||5|||||0|0|0.5743|0.0198|0.0102|-0.4837|0.0606||12.80|24|9.95|12
GME220318P00101000|6.69|6.69|6.69|6.69|6.69|5|0.00|0.0000||3|1|3|-0.4251|0.0198|-0.0115|-0.4831|0.0606||6.60|22|5.85|29
GME220318C00102000||||||4|||||0|0|0.5542|0.0200|0.0100|-0.4874|0.0611||11.35|19|9.40|12
GME220318P00102000|8.00|8.00|6.10|8.00|6.47|4|-1.53|-0.1913||27|1|27|-0.4452|0.0199|-0.0120|-0.4868|0.0611||7.10|26|6.15|27
GME220318C00103000|9.90|10.20|9.54|9.90|10.20|3|0.30|0.0303||10|5|10|0.5341|0.0201|0.0097|-0.4898|0.0615||11.50|43|8.90|12
GME220318P00103000|6.65|6.65|6.65|6.65|6.65|3|0.00|0.0000||1|1|1|-0.4652|0.0201|-0.0126|-0.4892|0.0615||7.70|16|6.70|20
GME220318C00104000|9.06|9.12|9.06|9.06|9.12|2|0.06|0.0066||10|4|10|0.5142|0.0202|0.0094|-0.4911|0.0617||11.10|33|8.45|11
GME220318P00104000||||||2|||||0|0|-0.4852|0.0201|-0.0132|-0.4905|0.0617||8.25|16|7.10|15
GME220318C00105000|8.90|10.50|8.20|8.40|8.50|1|0.10|0.0119|-4|526|1|81|0.4944|0.0202|0.0091|-0.4911|0.0617||8.95|13|8.00|12
GME220318P00105000|9.19|9.19|7.35|9.19|8.25|1|-0.94|-0.1023|-33|650|1|119|-0.5050|0.0201|-0.0138|-0.4905|0.0617||8.75|17|7.60|17
GME220318C00106000|8.56|8.70|8.00|8.48|8.00|1|-0.48|-0.0566|38|64|1|56|0.4748|0.0201|0.0088|-0.4900|0.0616||8.55|13|7.50|13
GME220318P00106000|9.40|9.50|7.94|9.47|8.34|1|-1.13|-0.1193|12|175|4|124|-0.5245|0.0201|-0.0144|-0.4894|0.0616||9.25|15|8.10|50
GME220318C00107000|9.05|9.50|7.75|7.69|7.75|2|0.06|0.0078|9|49|2|12|0.4555|0.0200|0.0085|-0.4878|0.0613||8.25|17|7.15|11
GME220318P00107000|8.75|8.80|8.40|9.46|8.80|2|-0.66|-0.0698|2|103|1|11|-0.5438|0.0200|-0.0150|-0.4872|0.0613||9.80|20|8.75|34
GME220318C00108000|8.30|8.80|7.45|7.99|7.45|3|-0.54|-0.0676|12|37|1|28|0.4366|0.0199|0.0082|-0.4846|0.0609||7.65|12|6.75|12
GME220318P00108000|9.25|10.25|8.50|14.05|10.25|3|-3.80|-0.2705|4|32|1|28|-0.5627|0.0199|-0.0156|-0.4839|0.0609||10.45|12|9.75|10
GME220318C00109000|6.60|8.30|6.60|8.90|6.90|4|-2.00|-0.2247|3|108|1|11|0.4180|0.0197|0.0079|-0.4803|0.0604||8.35|92|6.35|14
GME220318P00109000|10.29|10.29|10.29|12.88|10.29|4|-2.59|-0.2011|0|124|6|6|-0.5812|0.0197|-0.0161|-0.4797|0.0604||11.15|12|9.90|14
GME220318C00110000|7.45|8.20|6.12|6.35|6.50|5|0.15|0.0236|160|1356|3|446|0.3999|0.0194|0.0076|-0.4752|0.0597||6.70|1|6.00|11
GME220318P00110000|12.51|12.51|9.92|12.25|10.37|5|-1.88|-0.1535|2|534|1|20|-0.5993|0.0194|-0.0167|-0.4746|0.0597||11.65|4|10.80|10
GME220318C00111000|6.25|7.40|6.25|7.68|7.40|6|-0.28|-0.0365|-1|87|1|3|0.3822|0.0192|0.0073|-0.4693|0.0590||6.45|11|5.65|11
GME220318P00111000|11.28|11.28|11.28|11.50|11.28|6|-0.22|-0.0191|11|47|12|12|-0.6170|0.0191|-0.0173|-0.4686|0.0589||12.65|24|11.20|12
GME220318C00112000|6.68|6.68|5.70|5.82|5.70|7|-0.12|-0.0206|4|74|1|5|0.3651|0.0189|0.0070|-0.4625|0.0581||6.10|11|5.40|11
GME220318P00112000|11.01|11.70|11.00|15.10|11.70|7|-3.40|-0.2252|2|57|1|11|-0.6341|0.0188|-0.0179|-0.4619|0.0581||13.10|13|11.95|10
GME220318C00113000|5.00|7.00|5.00|6.00|7.00|8|1.00|0.1667|15|80|1|28|0.3484|0.0185|0.0067|-0.4552|0.0572||5.70|10|5.05|22
GME220318P00113000|14.50|14.50|11.40|13.45|12.43|8|-1.02|-0.0758|10|616|1|11|-0.6507|0.0185|-0.0184|-0.4545|0.0572||13.70|14|12.30|23
GME220318C00114000|5.00|6.15|5.00|5.54|6.15|9|0.61|0.1101|-1|79|1|2|0.3323|0.0181|0.0064|-0.4472|0.0561||5.45|21|4.85|20
GME220318P00114000||||13.20|13.20|9|||0|41|0|0|-0.6668|0.0181|-0.0189|-0.4466|0.0561||14.40|13|13.30|10
GME220318C00115000|5.35|6.10|4.55|5.03|5.00|10|-0.03|-0.0060|72|711|1|280|0.3168|0.0177|0.0061|-0.4388|0.0550||5.10|32|4.75|2
GME220318P00115000|14.60|14.60|13.60|15.60|14.57|10|-1.03|-0.0660|9|390|8|14|-0.6823|0.0177|-0.0195|-0.4381|0.0550||15.15|16|14.00|10
GME220318C00116000|4.55|5.70|4.50|5.80|4.50|11|-1.30|-0.2241|0|84|1|5|0.3019|0.0173|0.0059|-0.4299|0.0539||4.85|23|4.20|22
GME220318P00116000|15.00|15.00|13.35|18.29|13.35|11|-4.94|-0.2701|16|63|6|17|-0.6972|0.0173|-0.0200|-0.4292|0.0539||15.90|19|14.45|29
GME220318C00117000|4.30|4.65|4.30|4.60|4.33|12|-0.27|-0.0587|11|79|1|14|0.2876|0.0169|0.0056|-0.4207|0.0527||4.55|22|3.95|12
GME220318P00117000|13.91|13.91|13.90|22.21|13.90|12|-8.31|-0.3742|12|55|1|14|-0.7115|0.0169|-0.0205|-0.4200|0.0527||16.75|16|15.45|10
GME220318C00118000|4.60|5.18|3.97|6.10|4.00|13|-2.10|-0.3443|9|100|6|30|0.2738|0.0164|0.0054|-0.4112|0.0514||4.40|16|3.65|15
GME220318P00118000|14.65|14.65|14.60|22.90|14.60|13|-8.30|-0.3624|28|67|9|31|-0.7253|0.0164|-0.0210|-0.4105|0.0514||17.55|16|16.10|11
GME220318C00119000|4.16|5.00|3.85|5.10|3.85|14|-1.25|-0.2451|3|103|1|5|0.2607|0.0160|0.0051|-0.4015|0.0502||4.00|2|3.40|25
GME220318P00119000||||14.13|14.13|14|||0|119|0|0|-0.7384|0.0160|-0.0215|-0.4008|0.0501||18.15|14|16.90|11
GME220318C00120000|4.00|4.74|3.30|3.90|3.50|15|-0.40|-0.1026|32|2612|1|539|0.2481|0.0155|0.0049|-0.3917|0.0489||3.60|1|3.40|1
GME220318P00120000|18.42|18.42|18.42|20.00|18.42|15|-1.58|-0.0790|-8|1402|8|8|-0.7509|0.0155|-0.0220|-0.3910|0.0489||19.00|16|17.80|10
GME220318C00121000|3.50|4.14|3.40|4.15|3.90|16|-0.25|-0.0602|13|103|3|33|0.2362|0.0150|0.0046|-0.3819|0.0476||3.60|4|3.15|21
GME220318P00121000||||17.70|17.70|16|||0|80|0|0|-0.7629|0.0150|-0.0224|-0.3811|0.0476||19.80|17|18.55|10
GME220318C00122000|3.10|4.10|3.10|3.55|3.10|17|-0.45|-0.1268|-63|64|14|99|0.2248|0.0146|0.0044|-0.3720|0.0463||3.40|4|3.10|2
GME220318P00122000||||15.67|15.67|17|||0|46|0|0|-0.7743|0.0146|-0.0229|-0.3712|0.0463||20.65|17|18.95|27
GME220318C00123000|3.33|3.91|3.05|4.63|3.10|18|-1.53|-0.3305|12|118|1|22|0.2140|0.0141|0.0042|-0.3622|0.0450||3.25|14|2.83|20
GME220318P00123000||||25.95|25.95|18|||0|6|0|0|-0.7851|0.0141|-0.0233|-0.3613|0.0450||21.50|17|19.25|23
GME220318C00124000|3.00|3.50|2.90|3.40|3.37|19|-0.03|-0.0088|9|55|6|18|0.2037|0.0136|0.0040|-0.3524|0.0437||2.99|1|2.60|22
GME220318P00124000||||17.00|17.00|19|||0|2|0|0|-0.7954|0.0136|-0.0238|-0.3516|0.0436||22.40|14|19.80|25
GME220318C00125000|3.15|3.50|2.70|3.00|2.75|20|-0.25|-0.0833|3|949|4|187|0.1939|0.0132|0.0038|-0.3428|0.0424||2.88|6|2.54|22
GME220318P00125000|21.24|21.24|19.90|22.61|19.90|20|-2.71|-0.1199|1|274|1|5|-0.8051|0.0132|-0.0242|-0.3419|0.0424||23.15|15|20.40|32
GME220318C00126000|2.87|3.15|2.63|3.25|2.98|21|-0.27|-0.0831|5|45|3|18|0.1847|0.0127|0.0037|-0.3333|0.0411||2.73|10|2.34|15
GME220318P00126000||||17.35|17.35|21|||0|20|0|0|-0.8143|0.0127|-0.0246|-0.3324|0.0411||24.10|15|21.40|25
GME220318C00127000|3.00|3.15|2.48|3.00|3.14|22|0.14|0.0467|7|65|1|36|0.1760|0.0123|0.0035|-0.3240|0.0399||2.59|6|2.21|22
GME220318P00127000||||19.62|19.62|22|||0|16|0|0|-0.8231|0.0123|-0.0250|-0.3231|0.0399||24.95|17|22.40|25
GME220318C00128000|2.54|3.00|2.40|3.00|2.70|23|-0.30|-0.1000|8|38|1|15|0.1677|0.0119|0.0033|-0.3150|0.0387||2.51|5|2.11|20
GME220318P00128000||||14.24|14.24|23|||0|2|0|0|-0.8313|0.0118|-0.0254|-0.3140|0.0387||25.95|25|23.40|26
GME220318C00129000|2.40|2.82|2.24|2.00|2.50|24|0.50|0.2500|0|37|1|18|0.1599|0.0114|0.0032|-0.3061|0.0375||2.51|15|1.96|21
GME220318P00129000||||26.35|26.35|24|||0|30|0|0|-0.8391|0.0114|-0.0258|-0.3052|0.0375||26.85|17|24.40|26
GME220318C00130000|3.00|3.00|2.01|2.43|2.01|25|-0.42|-0.1728|307|2167|1|888|0.1526|0.0110|0.0030|-0.2975|0.0363||2.21|4|1.95|10
GME220318P00130000|26.58|26.59|25.20|26.24|25.20|25|-1.04|-0.0396|-1|217|1|5|-0.8465|0.0110|-0.0262|-0.2965|0.0363||27.65|14|25.40|25
GME220318C00131000|2.43|2.45|1.95|2.99|2.45|26|-0.54|-0.1806|7|100|1|13|0.1456|0.0106|0.0029|-0.2892|0.0352||2.10|14|1.79|21
GME220318P00131000||||18.55|18.55|26|||0|7|0|0|-0.8534|0.0106|-0.0265|-0.2882|0.0352||28.50|17|26.40|23
GME220318C00132000|2.03|2.24|1.90|2.25|2.24|27|-0.01|-0.0044|4|70|2|11|0.1391|0.0102|0.0028|-0.2811|0.0341||2.01|6|1.66|21
GME220318P00132000|27.09|27.09|27.09|27.09|27.09|27|0.00|0.0000|12|12|12|12|-0.8600|0.0102|-0.0269|-0.2801|0.0341||29.50|22|27.40|23
GME220318C00133000|1.83|2.21|1.83|2.00|2.11|28|0.11|0.0550|4|44|5|20|0.1329|0.0099|0.0027|-0.2733|0.0331||1.85|2|1.59|22
GME220318P00133000||||32.98|32.98|28|||0|1|0|0|-0.8661|0.0099|-0.0272|-0.2723|0.0331||30.50|22|28.40|21
GME220318C00134000|2.15|2.15|1.78|2.09|1.78|29|-0.31|-0.1483|0|51|1|10|0.1271|0.0095|0.0025|-0.2658|0.0321||1.70|1|1.55|20
GME220318P00134000||||20.80|20.80|29|||0|20|0|0|-0.8720|0.0095|-0.0276|-0.2647|0.0321||31.25|17|29.40|23
GME220318C00135000|2.10|2.41|1.57|2.01|1.63|30|-0.38|-0.1891|17|661|1|149|0.1216|0.0092|0.0024|-0.2585|0.0311||1.79|72|1.46|20
GME220318P00135000|31.24|31.24|29.80|37.27|29.80|30|-7.47|-0.2004|5|161|5|8|-0.8774|0.0092|-0.0279|-0.2574|0.0311||32.15|17|30.40|21
GME220318C00136000|1.75|2.00|1.75|2.70|1.96|31|-0.74|-0.2741|3|23|2|4|0.1164|0.0088|0.0023|-0.2515|0.0301||1.72|21|1.37|32
GME220318P00136000||||||31||||0|0|0|-0.8826|0.0088|-0.0283|-0.2504|0.0301||33.15|21|31.40|20
GME220318C00137000|2.00|2.00|1.45|1.81|1.45|32|-0.36|-0.1989|7|65|5|8|0.1115|0.0085|0.0022|-0.2448|0.0292||1.67|23|1.37|15
GME220318P00137000||||22.15|22.15|32|||0|11|0|0|-0.8875|0.0085|-0.0286|-0.2437|0.0292||34.15|22|32.40|22
GME220318C00138000|1.62|1.62|1.46|2.47|1.46|33|-1.01|-0.4089|1|62|1|2|0.1070|0.0082|0.0021|-0.2384|0.0284||1.67|68|1.28|33
GME220318P00138000|33.71|33.71|33.71|21.83|33.71|33|11.88|0.5442|5|22|3|5|-0.8921|0.0082|-0.0289|-0.2372|0.0283||35.15|24|33.40|21
GME220318C00139000|1.69|1.69|1.67|2.41|1.67|34|-0.74|-0.3071|5|21|1|8|0.1026|0.0079|0.0021|-0.2322|0.0275||1.53|20|1.23|20
GME220318P00139000|35.41|35.41|35.41|24.50|35.41|34|10.91|0.4453|2|22|1|2|-0.8964|0.0079|-0.0292|-0.2310|0.0275||35.90|17|34.40|20
GME220318C00140000|1.70|1.80|1.25|1.65|1.25|35|-0.40|-0.2424|44|1806|1|214|0.0985|0.0076|0.0020|-0.2262|0.0267||1.38|5|1.20|20
GME220318P00140000||||40.68|40.68|35|||0|170|0|0|-0.9005|0.0076|-0.0295|-0.2250|0.0267||36.90|23|35.40|20
GME220318C00145000|1.42|1.42|0.99|1.35|1.15|36|-0.20|-0.1481|-31|355|1|131|0.0813|0.0064|0.0016|-0.2000|0.0231||1.15|15|0.93|67
GME220318P00145000|38.90|41.10|38.90|38.78|41.10|36|2.32|0.0598|-1|126|1|2|-0.9177|0.0064|-0.0310|-0.1986|0.0231||41.80|14|40.40|10
GME220318C00150000|1.25|1.32|0.85|1.21|0.88|37|-0.33|-0.2727|-224|5297|1|728|0.0683|0.0054|0.0014|-0.1786|0.0202||0.90|6|0.65|47
GME220318P00150000|45.22|45.77|44.93|51.72|44.93|37|-6.79|-0.1313|18|220|1|24|-0.9307|0.0054|-0.0324|-0.1771|0.0202||46.45|17|43.95|11
GME220318C00155000|0.97|1.00|0.74|1.03|0.74|38|-0.29|-0.2816|40|546|1|111|0.0582|0.0046|0.0012|-0.1609|0.0178||0.81|4|0.70|1
GME220318P00155000|49.26|49.26|48.70|57.13|48.70|38|-8.43|-0.1476|0|93|1|2|-0.9408|0.0046|-0.0337|-0.1593|0.0178||51.45|17|47.45|5
GME220318C00160000|0.97|0.97|0.65|1.01|0.65|39|-0.36|-0.3564|50|2587|1|102|0.0503|0.0040|0.0010|-0.1462|0.0159||0.72|1|0.65|2
GME220318P00160000|54.65|54.65|53.55|56.57|53.55|39|-3.02|-0.0534|1|104|1|2|-0.9487|0.0040|-0.0350|-0.1444|0.0159||56.35|5|54.00|8
GME220318C00165000|0.72|0.85|0.55|0.78|0.55|40|-0.23|-0.2949|8|310|1|106|0.0439|0.0035|0.0009|-0.1337|0.0142||0.65|7|0.42|89
GME220318P00165000|59.27|59.27|59.27|69.20|59.27|40|-9.93|-0.1435|0|35|1|1|-0.9551|0.0035|-0.0363|-0.1318|0.0142||61.45|13|57.25|11
GME220318C00170000|0.72|0.72|0.54|0.75|0.58|41|-0.17|-0.2267|8|844|1|60|0.0387|0.0031|0.0008|-0.1229|0.0128||0.56|10|0.37|17
GME220318P00170000|63.53|63.95|63.53|66.52|63.95|41|-2.57|-0.0386|-1|49|2|3|-0.9603|0.0031|-0.0375|-0.1208|0.0128||66.35|10|62.90|9
GME220318C00175000|0.70|0.70|0.43|0.61|0.43|42|-0.18|-0.2951|12|539|1|48|0.0343|0.0027|0.0007|-0.1134|0.0116||0.55|17|0.33|22
GME220318P00175000|70.85|70.85|69.00|71.48|69.00|42|-2.48|-0.0347|3|31|1|4|-0.9647|0.0027|-0.0386|-0.1112|0.0116||71.45|12|67.15|5
GME220318C00180000|0.64|0.66|0.40|0.55|0.40|43|-0.15|-0.2727|-12|1428|1|233|0.0307|0.0024|0.0006|-0.1051|0.0106||0.45|1|0.29|20
GME220318P00180000|71.45|71.45|71.45|68.27|71.45|43|3.18|0.0466|0|84|1|1|-0.9683|0.0024|-0.0399|-0.1027|0.0105||76.25|8|72.05|5
GME220318C00185000|0.71|0.71|0.40|0.52|0.40|44|-0.12|-0.2308|-1|293|1|8|0.0276|0.0021|0.0006|-0.0976|0.0097||0.48|19|0.25|18
GME220318P00185000||||80.50|80.50|44|||0|40|0|0|-0.9714|0.0021|-0.0410|-0.0951|0.0096||81.30|12|77.00|5
GME220318C00190000|0.44|0.44|0.35|0.51|0.39|45|-0.12|-0.2353|-1|422|1|4|0.0249|0.0019|0.0005|-0.0910|0.0089||0.39|9|0.30|10
GME220318P00190000||||88.09|88.09|45|||0|82|0|0|-0.9741|0.0019|-0.0422|-0.0883|0.0089||86.10|5|81.95|9
GME220318C00195000|0.40|0.40|0.29|0.40|0.29|46|-0.11|-0.2750|0|470|1|37|0.0226|0.0017|0.0005|-0.0849|0.0082||0.44|24|0.17|127
GME220318P00195000||||79.50|79.50|46|||0|7|0|0|-0.9764|0.0017|-0.0433|-0.0821|0.0082||91.35|12|86.80|1
GME220318C00200000|0.42|0.48|0.25|0.44|0.25|47|-0.19|-0.4318|-8|4282|11|311|0.0206|0.0016|0.0004|-0.0795|0.0075||0.28|8|0.25|10
GME220318P00200000||||96.30|96.30|47|||0|144|0|0|-0.9784|0.0016|-0.0444|-0.0765|0.0075||96.15|9|91.90|5
GME220318C00210000|0.32|0.32|0.25|0.39|0.28|48|-0.11|-0.2821|19|665|1|58|0.0173|0.0013|0.0003|-0.0701|0.0065||0.29|2|0.11|123
GME220318P00210000||||109.60|109.60|48|||0|62|0|0|-0.9817|0.0013|-0.0466|-0.0668|0.0065||106.05|6|101.90|10
GME220318C00220000|0.33|0.33|0.24|0.36|0.25|49|-0.11|-0.3056|25|918|19|45|0.0147|0.0011|0.0003|-0.0622|0.0056||0.29|7|0.13|19
GME220318P00220000|113.38|113.38|113.38|99.65|113.38|49|13.73|0.1378|4|20|2|4|-0.9843|0.0011|-0.0486|-0.0586|0.0056||116.45|5|111.80|5
GME220318C00230000|0.41|0.41|0.19|0.25|0.20|50|-0.05|-0.2000|3|552|1|14|0.0126|0.0009|0.0002|-0.0556|0.0049||0.23|2|0.05|123
GME220318P00230000||||120.87|120.87|50|||0|25|0|0|-0.9864|0.0009|-0.0506|-0.0517|0.0049||126.10|12|121.75|1
GME220318C00240000|0.21|0.22|0.18|0.26|0.18|51|-0.08|-0.3077|17|236|1|35|0.0110|0.0008|0.0002|-0.0500|0.0044||0.20|7|0.06|106
GME220318P00240000||||136.80|136.80|51|||0|16|0|0|-0.9880|0.0008|-0.0523|-0.0458|0.0044||136.05|6|131.75|5
GME220318C00250000|0.24|0.24|0.11|0.20|0.15|52|-0.05|-0.2500|24|1760|1|253|0.0096|0.0007|0.0002|-0.0451|0.0039||0.15|12|0.11|6
GME220318P00250000||||144.33|144.33|52|||0|15|0|0|-0.9894|0.0007|-0.0540|-0.0407|0.0039||146.15|12|141.75|5
GME220318C00260000|0.20|0.20|0.10|0.29|0.14|53|-0.15|-0.5172|3|263|1|41|0.0085|0.0006|0.0002|-0.0410|0.0035||0.20|13|0.10|11
GME220318P00260000||||154.35|154.35|53|||0|15|0|0|-0.9905|0.0006|-0.0552|-0.0363|0.0035||156.95|5|151.75|9
GME220318C00270000|0.17|0.17|0.14|0.16|0.14|54|-0.02|-0.1250|-5|180|1|11|0.0075|0.0005|0.0001|-0.0374|0.0031||0.17|16|0.06|9
GME220318P00270000||||||54||||0|0|0|-0.9915|0.0005|-0.0564|-0.0324|0.0031||168.10|12|161.65|1
GME220318C00280000|0.14|0.16|0.13|0.20|0.14|56|-0.06|-0.3000|49|170|3|66|0.0067|0.0005|0.0001|-0.0343|0.0028||0.12|4|0.06|4
GME220318P00280000||||||56||||0|0|0|-0.9923|0.0005|-0.0572|-0.0290|0.0028||178.25|12|171.60|1
GME220318C00290000|0.14|0.14|0.10|0.16|0.10|57|-0.06|-0.3750|3|171|1|6|0.0060|0.0004|0.0001|-0.0315|0.0026||0.14|5|0.07|4
GME220318P00290000||||178.79|178.79|57|||0|1|0|0|-0.9930|0.0004|-0.0580|-0.0261|0.0026||188.15|12|181.60|15
GME220318C00300000|0.13|0.15|0.07|0.14|0.07|58|-0.07|-0.5000|-18|1458|1|230|0.0055|0.0004|0.0001|-0.0291|0.0023||0.11|12|0.07|61
GME220318P00300000||||189.84|189.84|58|||0|2|0|0|-0.9936|0.0004|-0.0584|-0.0234|0.0024||198.15|12|191.15|27
GME220318C00310000|0.13|0.13|0.10|0.13|0.10|59|-0.03|-0.2308|10|168|1|22|0.0050|0.0003|0.0001|-0.0270|0.0021||0.12|2|0.04|3
GME220318P00310000||||||59||||0|0|0|-0.9941|0.0004|-0.0586|-0.0210|0.0022||208.10|12|201.55|15
GME220318C00320000|0.13|0.15|0.07|0.13|0.07|60|-0.06|-0.4615|586|4564|30|872|0.0045|0.0003|0.0001|-0.0250|0.0020||0.07|300|0.05|5
GME220318P00320000||||213.80|213.80|60|||0|1|0|0|-0.9945|0.0003|-0.0586|-0.0189|0.0020||217.75|12|211.55|1
GME220325C00020000||||||32||||0|0|0|0.9999|0.0000|0.0000|-0.0176|0.0000||88.95|12|81.60|25
GME220325P00020000||||0.03|0.03|32|||0|37|0|0|-0.0016|0.0001|-0.0001|-0.0096|0.0011||0.06|11|0.00|0
GME220325C00025000||||||31||||0|0|0|0.9993|0.0001|0.0000|-0.0176|0.0000||83.95|12|76.60|25
GME220325P00025000||||||31||||0|0|0|-0.0027|0.0001|-0.0001|-0.0144|0.0017||0.27|5|0.01|1
GME220325C00030000||||||30||||0|0|0|0.9978|0.0003|0.0014|-0.0233|0.0012||78.95|10|72.15|15
GME220325P00030000||||0.12|0.12|30|||0|5|0|0|-0.0044|0.0002|-0.0002|-0.0205|0.0027||0.15|8|0.00|0
GME220325C00035000||||||29||||0|0|0|0.9954|0.0004|0.0028|-0.0307|0.0025||73.95|12|66.60|25
GME220325P00035000||||0.25|0.25|29|||0|47|0|0|-0.0067|0.0004|-0.0003|-0.0280|0.0039||0.30|5|0.00|0
GME220325C00040000||||||28||||0|0|0|0.9921|0.0006|0.0043|-0.0396|0.0041||68.95|12|61.65|25
GME220325P00040000||||0.25|0.25|28|||0|16|0|0|-0.0099|0.0006|-0.0005|-0.0370|0.0055||0.30|27|0.02|17
GME220325C00045000||||||27||||0|0|0|0.9875|0.0009|0.0061|-0.0503|0.0063||64.00|12|57.25|27
GME220325P00045000||||0.42|0.42|27|||0|14|0|0|-0.0143|0.0008|-0.0007|-0.0477|0.0076||0.43|121|0.04|21
GME220325C00050000||||||26||||0|0|0|0.9814|0.0013|0.0079|-0.0631|0.0090||59.10|10|52.35|27
GME220325P00050000||||0.49|0.49|26|||0|46|0|0|-0.0203|0.0012|-0.0010|-0.0606|0.0102||0.43|16|0.10|40
GME220325C00055000||||||25||||0|0|0|0.9729|0.0018|0.0099|-0.0784|0.0125||54.20|12|47.45|20
GME220325P00055000||||0.83|0.83|25|||0|10|0|0|-0.0286|0.0018|-0.0014|-0.0761|0.0137||0.79|50|0.11|21
GME220325C00060000||||71.00|71.00|24|||0|0|0|0|0.9613|0.0026|0.0119|-0.0970|0.0170||49.35|10|42.65|27
GME220325P00060000||||1.00|1.00|24|||0|84|0|0|-0.0400|0.0025|-0.0020|-0.0947|0.0180||0.96|49|0.24|31
GME220325C00065000||||48.00|48.00|23|||0|1|0|0|0.9454|0.0035|0.0140|-0.1192|0.0226||44.55|12|37.35|10
GME220325P00065000|0.88|0.88|0.88|1.29|0.88|23|-0.41|-0.3178|1|26|1|1|-0.0557|0.0034|-0.0028|-0.1170|0.0235||1.19|39|0.57|21
GME220325C00070000||||||22||||0|0|0|0.9235|0.0048|0.0159|-0.1455|0.0296||39.85|11|33.00|13
GME220325P00070000||||1.50|1.50|22|||0|40|0|0|-0.0773|0.0047|-0.0038|-0.1435|0.0304||1.49|35|0.99|2
GME220325C00075000|33.56|33.56|33.56|30.47|33.56|21|3.09|0.1014|0|1|1|1|0.8936|0.0064|0.0176|-0.1762|0.0380||35.20|13|28.20|13
GME220325P00075000||||1.92|1.92|21|||0|51|0|0|-0.1068|0.0063|-0.0053|-0.1743|0.0386||1.96|37|1.15|40
GME220325C00080000|29.12|29.12|29.12|26.82|29.12|20|2.30|0.0858|-1|8|1|1|0.8537|0.0083|0.0189|-0.2105|0.0477||30.30|18|26.40|11
GME220325P00080000|2.60|2.60|2.10|2.77|2.19|20|-0.58|-0.2094|2|140|1|3|-0.1463|0.0082|-0.0073|-0.2087|0.0482||2.47|21|1.94|21
GME220325C00085000||||22.80|22.80|19|||0|3|0|0|0.8024|0.0104|0.0197|-0.2463|0.0580||26.05|16|22.15|10
GME220325P00085000||||3.65|3.65|19|||0|22|0|0|-0.1971|0.0103|-0.0099|-0.2446|0.0583||3.45|23|2.83|13
GME220325C00088000||||37.75|37.75|18|||0|0|0|0|0.7661|0.0117|0.0198|-0.2670|0.0641||23.65|13|19.80|10
GME220325P00088000|3.95|3.95|3.40|4.43|3.40|18|-1.03|-0.2325|2|4|2|3|-0.2332|0.0116|-0.0118|-0.2653|0.0643||4.10|22|3.20|34
GME220325C00089000||||||17||||0|0|0|0.7532|0.0121|0.0198|-0.2736|0.0660||22.90|17|19.00|11
GME220325P00089000||||4.25|4.25|17|||0|4|0|0|-0.2461|0.0120|-0.0125|-0.2719|0.0662||4.40|27|3.40|35
GME220325C00090000||||20.15|20.15|16|||0|21|0|0|0.7398|0.0125|0.0197|-0.2799|0.0679||22.10|22|18.35|16
GME220325P00090000|4.60|4.60|4.60|4.73|4.60|16|-0.13|-0.0275|1|89|1|1|-0.2594|0.0124|-0.0132|-0.2783|0.0681||4.65|21|3.60|37
GME220325C00091000|19.06|19.06|19.06|19.06|19.06|15|0.00|0.0000|1|1|1|1|0.7260|0.0129|0.0196|-0.2860|0.0697||21.35|17|16.95|11
GME220325P00091000|4.20|4.20|4.20|5.94|4.20|15|-1.74|-0.2929|18|19|8|18|-0.2730|0.0128|-0.0139|-0.2844|0.0699||4.90|28|3.75|22
GME220325C00092000||||31.00|31.00|14|||0|1|0|0|0.7119|0.0132|0.0195|-0.2918|0.0714||20.65|17|16.95|10
GME220325P00092000|4.35|4.35|4.35|4.35|4.35|14|0.00|0.0000|1|1|1|1|-0.2871|0.0132|-0.0147|-0.2903|0.0716||5.25|21|4.20|35
GME220325C00093000||||||13||||0|0|0|0.6974|0.0136|0.0194|-0.2973|0.0731||19.90|17|14.65|11
GME220325P00093000||||5.20|5.20|13|||0|3|0|0|-0.3014|0.0135|-0.0155|-0.2958|0.0732||5.60|27|4.65|29
GME220325C00094000||||||12||||0|0|0|0.6827|0.0139|0.0192|-0.3025|0.0746||19.20|17|13.60|23
GME220325P00094000|5.36|5.36|5.35|7.40|5.35|12|-2.05|-0.2770|3|7|3|4|-0.3161|0.0139|-0.0163|-0.3010|0.0747||5.90|21|4.95|24
GME220325C00095000||||18.53|18.53|11|||0|6|0|0|0.6677|0.0142|0.0190|-0.3073|0.0761||18.50|18|14.90|12
GME220325P00095000||||7.16|7.16|11|||0|130|0|0|-0.3311|0.0142|-0.0171|-0.3058|0.0762||6.25|20|5.10|93
GME220325C00096000||||12.60|12.60|10|||0|0|0|0|0.6524|0.0145|0.0188|-0.3116|0.0774||17.80|13|14.65|12
GME220325P00096000|5.55|5.55|5.55|7.22|5.55|10|-1.67|-0.2313|19|22|20|20|-0.3462|0.0145|-0.0179|-0.3102|0.0775||6.65|20|5.60|22
GME220325C00097000|15.90|15.90|15.90|12.96|15.90|9|2.94|0.2269|1|2|1|1|0.6369|0.0148|0.0186|-0.3156|0.0786||17.15|18|14.10|13
GME220325P00097000||||7.61|7.61|9|||0|2|0|0|-0.3616|0.0147|-0.0188|-0.3142|0.0787||7.05|25|6.05|23
GME220325C00098000||||31.89|31.89|8|||0|22|0|0|0.6213|0.0150|0.0183|-0.3192|0.0797||16.30|25|13.45|14
GME220325P00098000||||7.00|7.00|8|||0|10|0|0|-0.3772|0.0150|-0.0196|-0.3178|0.0798||7.40|25|6.20|31
GME220325C00099000|13.00|13.00|13.00|11.00|13.00|7|2.00|0.1818|-1|2|1|1|0.6056|0.0153|0.0180|-0.3223|0.0807||14.00|10|12.80|12
GME220325P00099000|7.15|7.15|7.15|9.60|7.15|7|-2.45|-0.2552|10|24|1|12|-0.3928|0.0152|-0.0205|-0.3209|0.0807||7.75|26|6.80|13
GME220325C00100000|13.43|14.68|13.28|12.35|13.28|6|0.93|0.0753|0|386|1|8|0.5898|0.0154|0.0177|-0.3249|0.0815||14.30|23|12.30|13
GME220325P00100000|7.90|8.55|6.98|8.47|6.98|6|-1.49|-0.1759|2|95|1|8|-0.4086|0.0154|-0.0214|-0.3235|0.0816||8.30|20|7.20|26
GME220325C00101000||||14.60|14.60|5|||0|10|0|0|0.5739|0.0156|0.0174|-0.3271|0.0822||13.30|21|11.70|12
GME220325P00101000||||8.34|8.34|5|||0|24|0|0|-0.4244|0.0155|-0.0223|-0.3257|0.0822||8.75|20|7.50|30
GME220325C00102000||||13.92|13.92|4|||0|20|0|0|0.5580|0.0157|0.0171|-0.3288|0.0828||12.30|10|11.20|12
GME220325P00102000|9.41|9.41|9.41|9.10|9.41|4|0.31|0.0341|1|28|1|1|-0.4402|0.0157|-0.0232|-0.3275|0.0828||9.20|16|8.10|27
GME220325C00103000|10.80|11.50|10.80|13.00|11.50|3|-1.50|-0.1154|1|16|1|5|0.5422|0.0158|0.0168|-0.3300|0.0832||11.80|10|10.60|13
GME220325P00103000||||9.96|9.96|3|||0|8|0|0|-0.4560|0.0157|-0.0241|-0.3287|0.0832||9.80|16|8.60|12
GME220325C00104000|12.50|12.50|12.50|11.24|12.50|2|1.26|0.1121|1|7|1|1|0.5264|0.0159|0.0164|-0.3308|0.0835||11.70|17|9.95|13
GME220325P00104000|10.24|10.24|10.24|10.17|10.24|2|0.07|0.0069|1|2|1|1|-0.4717|0.0158|-0.0251|-0.3295|0.0835||10.25|15|8.75|21
GME220325C00105000|11.32|11.47|11.32|10.43|11.47|1|1.04|0.0997|-1|23|1|2|0.5108|0.0159|0.0160|-0.3312|0.0837||11.70|24|9.75|13
GME220325P00105000||||11.75|11.75|1|||0|23|0|0|-0.4873|0.0159|-0.0260|-0.3299|0.0836||10.85|16|9.65|11
GME220325C00106000||||10.50|10.50|1|||0|8|0|0|0.4953|0.0159|0.0157|-0.3311|0.0837||11.70|29|9.45|13
GME220325P00106000|11.29|11.29|10.16|10.50|10.16|1|-0.34|-0.0324|11|22|11|12|-0.5027|0.0159|-0.0269|-0.3298|0.0837||11.40|11|10.10|12
GME220325C00107000|9.97|11.17|9.97|10.67|10.93|2|0.26|0.0244|4|73|1|6|0.4799|0.0159|0.0153|-0.3306|0.0836||11.15|27|9.05|13
GME220325P00107000|11.95|11.95|11.95|10.95|11.95|2|1.00|0.0913|0|5|1|1|-0.5180|0.0158|-0.0279|-0.3293|0.0836||11.95|11|10.75|17
GME220325C00108000|10.70|10.70|10.70|11.65|10.70|3|-0.95|-0.0815|1|15|1|2|0.4648|0.0159|0.0149|-0.3297|0.0834||10.15|23|8.60|13
GME220325P00108000||||7.33|7.33|3|||0|2|0|0|-0.5331|0.0158|-0.0288|-0.3284|0.0833||12.55|11|11.30|11
GME220325C00109000|10.00|10.00|10.00|8.20|10.00|4|1.80|0.2195|0|63|1|1|0.4499|0.0158|0.0145|-0.3284|0.0830||9.65|21|8.20|16
GME220325P00109000||||10.29|10.29|4|||0|16|0|0|-0.5479|0.0157|-0.0297|-0.3271|0.0830||13.40|16|11.65|12
GME220325C00110000|8.30|10.00|8.20|8.44|8.50|5|0.06|0.0071|-3|28|1|16|0.4353|0.0157|0.0141|-0.3267|0.0826||8.90|12|7.50|14
GME220325P00110000|12.40|12.75|12.24|14.50|12.24|5|-2.26|-0.1559|4|30|4|10|-0.5625|0.0156|-0.0306|-0.3255|0.0826||14.05|15|12.50|11
GME220325C00111000|8.80|9.10|8.56|7.95|9.10|6|1.15|0.1447|-3|5|3|5|0.4209|0.0156|0.0137|-0.3247|0.0821||8.65|13|7.50|14
GME220325P00111000||||16.37|16.37|6|||0|24|0|0|-0.5768|0.0155|-0.0316|-0.3235|0.0820||14.60|12|13.15|11
GME220325C00112000|8.04|8.04|8.04|9.95|8.04|7|-1.91|-0.1920|-1|66|1|1|0.4069|0.0154|0.0133|-0.3224|0.0814||8.65|26|7.15|10
GME220325P00112000|15.00|15.00|15.00|12.00|15.00|7|3.00|0.2500|0|2|1|1|-0.5908|0.0154|-0.0325|-0.3212|0.0814||15.05|11|13.50|12
GME220325C00113000|7.71|7.71|7.71|7.41|7.71|8|0.30|0.0405|0|6|1|1|0.3932|0.0153|0.0129|-0.3197|0.0807||8.65|28|6.75|12
GME220325P00113000||||10.95|10.95|8|||0|4|0|0|-0.6045|0.0152|-0.0334|-0.3185|0.0806||15.90|12|14.45|11
GME220325C00114000|8.28|8.28|8.28|9.85|8.28|9|-1.57|-0.1594|4|9|2|4|0.3798|0.0151|0.0126|-0.3168|0.0799||8.25|25|6.45|14
GME220325P00114000||||19.90|19.90|9|||0|2|0|0|-0.6178|0.0150|-0.0343|-0.3156|0.0798||16.55|12|15.00|11
GME220325C00115000|7.33|7.95|6.60|8.72|6.60|10|-2.12|-0.2431|7|35|1|12|0.3668|0.0149|0.0122|-0.3137|0.0790||7.30|17|6.20|15
GME220325P00115000|14.40|15.55|14.40|19.94|15.55|10|-4.39|-0.2202|-1|77|1|5|-0.6308|0.0148|-0.0352|-0.3125|0.0789||17.15|17|15.55|21
GME220325C00116000|7.30|7.50|7.30|6.20|7.40|11|1.20|0.1935|3|37|1|4|0.3541|0.0147|0.0118|-0.3103|0.0781||7.20|27|5.90|13
GME220325P00116000||||12.80|12.80|11|||0|9|0|0|-0.6434|0.0146|-0.0360|-0.3092|0.0780||17.75|11|16.55|10
GME220325C00117000||||7.56|7.56|12|||0|31|0|0|0.3418|0.0144|0.0115|-0.3068|0.0770||7.20|51|5.65|26
GME220325P00117000||||19.42|19.42|12|||0|34|0|0|-0.6557|0.0144|-0.0369|-0.3056|0.0770||18.65|11|17.25|10
GME220325C00118000||||6.50|6.50|13|||0|26|0|0|0.3299|0.0142|0.0111|-0.3031|0.0760||6.30|20|5.35|21
GME220325P00118000||||24.41|24.41|13|||0|16|0|0|-0.6676|0.0142|-0.0378|-0.3019|0.0759||19.45|16|17.60|11
GME220325C00119000||||6.00|6.00|14|||0|22|0|0|0.3183|0.0140|0.0107|-0.2992|0.0748||5.90|10|5.10|21
GME220325P00119000||||23.69|23.69|14|||0|12|0|0|-0.6791|0.0139|-0.0386|-0.2980|0.0748||20.00|16|18.55|13
GME220325C00120000|6.25|6.25|4.95|5.85|4.95|15|-0.90|-0.1538|4|440|1|38|0.3072|0.0137|0.0104|-0.2952|0.0737||5.55|10|5.00|11
GME220325P00120000||||22.23|22.23|15|||0|68|0|0|-0.6902|0.0137|-0.0394|-0.2940|0.0737||20.90|16|19.55|12
GME220325C00121000||||4.30|4.30|16|||0|28|0|0|0.2964|0.0134|0.0101|-0.2911|0.0725||5.50|1|4.65|19
GME220325P00121000||||22.51|22.51|16|||0|3|0|0|-0.7010|0.0134|-0.0403|-0.2899|0.0725||21.90|24|20.15|11
GME220325C00122000|5.55|5.55|5.44|7.15|5.44|17|-1.71|-0.2392|0|25|1|2|0.2860|0.0132|0.0097|-0.2869|0.0713||5.50|4|4.45|13
GME220325P00122000||||13.75|13.75|17|||0|11|0|0|-0.7114|0.0132|-0.0411|-0.2857|0.0713||22.85|17|20.70|22
GME220325C00123000||||5.35|5.35|18|||0|25|0|0|0.2759|0.0129|0.0094|-0.2826|0.0701||4.85|20|4.20|22
GME220325P00123000||||||18||||0|0|0|-0.7214|0.0129|-0.0419|-0.2814|0.0700||23.20|11|21.70|11
GME220325C00124000|5.00|5.00|4.75|5.25|4.75|19|-0.50|-0.0952|1|19|1|4|0.2663|0.0126|0.0091|-0.2783|0.0688||4.85|39|4.00|22
GME220325P00124000||||28.00|28.00|19|||0|31|0|0|-0.7311|0.0126|-0.0427|-0.2771|0.0688||24.00|13|22.35|20
GME220325C00125000|5.00|5.15|4.31|5.00|4.31|20|-0.69|-0.1380|25|117|2|54|0.2570|0.0124|0.0088|-0.2740|0.0676||4.45|11|3.85|16
GME220325P00125000||||22.22|22.22|20|||0|9|0|0|-0.7403|0.0123|-0.0434|-0.2727|0.0675||24.85|13|23.35|10
GME220325C00126000|4.55|4.55|4.55|3.97|4.55|21|0.58|0.1461|2|44|2|2|0.2480|0.0121|0.0085|-0.2696|0.0663||4.25|13|3.70|11
GME220325P00126000||||25.10|25.10|21|||0|7|0|0|-0.7493|0.0121|-0.0442|-0.2684|0.0663||25.60|11|23.85|11
GME220325C00127000||||7.00|7.00|22|||0|8|0|0|0.2394|0.0118|0.0083|-0.2653|0.0651||4.25|39|3.45|22
GME220325P00127000||||27.80|27.80|22|||0|7|0|0|-0.7579|0.0118|-0.0450|-0.2640|0.0651||26.40|11|23.95|13
GME220325C00128000|3.88|3.88|3.86|4.01|3.86|23|-0.15|-0.0374|2|5|1|2|0.2311|0.0115|0.0080|-0.2609|0.0639||3.90|18|3.30|20
GME220325P00128000||||25.94|25.94|23|||0|1|0|0|-0.7661|0.0115|-0.0457|-0.2597|0.0638||27.40|22|24.05|11
GME220325C00129000|3.65|4.00|3.65|4.20|3.90|24|-0.30|-0.0714|5|24|5|8|0.2232|0.0113|0.0077|-0.2566|0.0626||3.90|18|3.15|22
GME220325P00129000||||28.35|28.35|24|||0|9|0|0|-0.7740|0.0113|-0.0464|-0.2553|0.0625||28.40|23|24.80|13
GME220325C00130000|3.05|4.15|3.05|4.00|3.45|25|-0.55|-0.1375|31|223|2|48|0.2156|0.0110|0.0075|-0.2523|0.0613||3.85|10|3.05|23
GME220325P00130000|27.99|27.99|27.99|29.59|27.99|25|-1.60|-0.0541|1|25|1|1|-0.7816|0.0110|-0.0472|-0.2510|0.0613||29.40|23|25.65|13
GME220325C00131000|3.65|3.65|3.60|3.69|3.60|26|-0.09|-0.0244|-1|27|1|3|0.2083|0.0107|0.0072|-0.2480|0.0601||3.45|16|3.00|8
GME220325P00131000||||22.50|22.50|26|||0|1|0|0|-0.7889|0.0107|-0.0479|-0.2467|0.0600||29.95|10|26.45|11
GME220325C00132000|3.58|3.70|3.58|3.15|3.70|27|0.55|0.1746|2|24|2|4|0.2013|0.0105|0.0070|-0.2438|0.0589||3.45|16|2.82|16
GME220325P00132000||||21.68|21.68|27|||0|1|0|0|-0.7959|0.0105|-0.0486|-0.2425|0.0588||30.95|21|27.35|11
GME220325C00133000|3.65|3.65|3.65|2.89|3.65|28|0.76|0.2630|0|22|1|1|0.1946|0.0102|0.0068|-0.2396|0.0577||3.45|31|2.76|15
GME220325P00133000|30.54|30.54|30.54|30.54|30.54|28|0.00|0.0000|1|1|1|1|-0.8026|0.0102|-0.0493|-0.2383|0.0576||31.90|15|28.20|11
GME220325C00134000||||2.89|2.89|29|||0|49|0|0|0.1882|0.0100|0.0066|-0.2355|0.0565||3.45|24|2.60|18
GME220325P00134000||||||29||||0|0|0|-0.8090|0.0100|-0.0499|-0.2342|0.0565||32.85|15|29.05|11
GME220325C00135000|3.30|3.30|2.67|3.11|2.67|30|-0.44|-0.1415|3|77|1|9|0.1820|0.0097|0.0064|-0.2315|0.0554||3.25|10|2.54|15
GME220325P00135000||||33.55|33.55|30|||0|13|0|0|-0.8151|0.0097|-0.0506|-0.2302|0.0553||33.55|15|29.90|12
GME220325C00136000|3.15|3.15|3.15|3.25|3.15|31|-0.10|-0.0308|1|13|1|1|0.1761|0.0095|0.0062|-0.2275|0.0542||3.05|18|2.40|19
GME220325P00136000||||22.38|22.38|31|||0|6|0|0|-0.8210|0.0095|-0.0513|-0.2262|0.0542||34.55|23|30.80|13
GME220325C00137000||||4.25|4.25|32|||0|14|0|0|0.1705|0.0092|0.0060|-0.2237|0.0531||2.94|13|2.34|18
GME220325P00137000||||||32||||0|0|0|-0.8267|0.0092|-0.0519|-0.2223|0.0530||35.35|10|31.65|11
GME220325C00138000||||||33||||0|0|0|0.1650|0.0090|0.0058|-0.2198|0.0520||2.84|15|2.23|21
GME220325P00138000||||37.99|37.99|33|||0|2|0|0|-0.8321|0.0090|-0.0526|-0.2184|0.0519||36.30|10|32.55|11
GME220325C00139000|3.20|3.20|3.20|3.21|3.20|34|-0.01|-0.0031|1|6|1|1|0.1599|0.0088|0.0056|-0.2161|0.0509||2.81|15|2.20|14
GME220325P00139000||||||34||||0|0|0|-0.8372|0.0088|-0.0532|-0.2147|0.0508||37.30|21|33.45|11
GME220325C00140000|2.65|2.90|2.50|2.95|2.50|35|-0.45|-0.1525|0|86|1|11|0.1549|0.0086|0.0054|-0.2124|0.0498||2.63|12|2.20|3
GME220325P00140000|36.53|36.53|36.53|32.50|36.53|35|4.03|0.1240|1|7|1|1|-0.8422|0.0085|-0.0538|-0.2110|0.0498||38.10|11|34.35|12
GME220325C00145000|2.60|2.60|2.60|3.15|2.60|36|-0.55|-0.1746|2|53|2|2|0.1330|0.0075|0.0047|-0.1953|0.0450||2.60|58|1.77|24
GME220325P00145000||||45.92|45.92|36|||0|3|0|0|-0.8640|0.0075|-0.0568|-0.1937|0.0449||43.05|16|38.95|13
GME220325C00150000|1.90|2.28|1.69|2.20|1.69|37|-0.51|-0.2318|14|466|1|89|0.1153|0.0067|0.0041|-0.1801|0.0406||1.90|20|1.50|13
GME220325P00150000||||44.99|44.99|37|||0|114|0|0|-0.8817|0.0066|-0.0597|-0.1784|0.0406||47.45|11|43.60|12
GME220325C00155000|2.00|2.00|1.43|1.95|1.70|38|-0.25|-0.1282|14|83|1|35|0.1008|0.0059|0.0036|-0.1666|0.0369||1.75|52|1.26|31
GME220325P00155000|50.90|50.95|50.70|56.65|50.70|38|-5.95|-0.1050|2|14|1|3|-0.8962|0.0059|-0.0625|-0.1648|0.0369||52.45|23|48.35|13
GME220325C00160000|1.45|1.60|1.30|1.38|1.30|39|-0.08|-0.0580|7|183|1|8|0.0889|0.0053|0.0031|-0.1547|0.0336||1.49|21|1.05|42
GME220325P00160000|54.55|54.55|54.55|56.70|54.55|39|-2.15|-0.0379|1|20|1|1|-0.9081|0.0052|-0.0652|-0.1528|0.0335||57.30|17|53.10|5
GME220325C00165000|1.39|1.39|1.29|1.50|1.29|40|-0.21|-0.1400|6|59|2|6|0.0789|0.0047|0.0028|-0.1441|0.0307||1.20|13|0.90|21
GME220325P00165000|60.52|60.52|60.52|62.70|60.52|40|-2.18|-0.0348|1|206|1|1|-0.9180|0.0047|-0.0678|-0.1420|0.0307||62.20|13|57.95|6
GME220325C00170000|1.16|1.28|1.02|1.43|1.02|41|-0.41|-0.2867|4|200|1|14|0.0706|0.0042|0.0025|-0.1346|0.0281||1.15|15|0.86|45
GME220325P00170000||||55.94|55.94|41|||0|19|0|0|-0.9264|0.0042|-0.0704|-0.1324|0.0281||67.45|16|62.80|5
GME220325C00175000|1.30|1.30|0.94|1.25|0.94|42|-0.31|-0.2480|3|65|1|4|0.0635|0.0038|0.0022|-0.1260|0.0259||1.00|13|0.68|31
GME220325P00175000|71.15|71.15|71.15|58.44|71.15|42|12.71|0.2175|1|3|1|1|-0.9335|0.0038|-0.0728|-0.1237|0.0259||72.65|5|67.70|6
GME220325C00180000|1.00|1.06|0.91|1.30|0.91|43|-0.39|-0.3000|1|323|5|215|0.0573|0.0034|0.0020|-0.1183|0.0239||0.97|11|0.75|10
GME220325P00180000|75.77|75.77|75.77|77.34|75.77|43|-1.57|-0.0203|1|204|1|1|-0.9396|0.0034|-0.0753|-0.1158|0.0239||76.80|7|72.60|5
GME220325C00185000|0.95|1.04|0.90|1.40|1.04|44|-0.36|-0.2571|16|60|1|21|0.0521|0.0031|0.0018|-0.1112|0.0221||0.90|14|0.56|19
GME220325P00185000||||63.40|63.40|44|||0|1|0|0|-0.9449|0.0031|-0.0778|-0.1086|0.0221||84.00|13|77.00|13
GME220325C00190000|1.00|1.00|0.87|1.25|0.87|45|-0.38|-0.3040|9|116|8|12|0.0475|0.0029|0.0017|-0.1048|0.0205||0.75|1|0.46|84
GME220325P00190000||||||45||||0|0|0|-0.9495|0.0029|-0.0801|-0.1020|0.0205||89.10|18|81.90|11
GME220325C00195000|1.15|1.15|0.65|1.26|0.72|46|-0.54|-0.4286|9|30|1|15|0.0434|0.0026|0.0015|-0.0989|0.0191||0.70|13|0.39|24
GME220325P00195000||||75.72|75.72|46|||0|1|0|0|-0.9535|0.0026|-0.0825|-0.0960|0.0191||94.05|10|86.85|10
GME220325C00200000|0.91|0.99|0.60|0.84|0.60|47|-0.24|-0.2857|48|640|10|64|0.0399|0.0024|0.0014|-0.0935|0.0178||0.69|6|0.35|48
GME220325P00200000||||96.45|96.45|47|||0|6|0|0|-0.9570|0.0024|-0.0849|-0.0904|0.0178||96.65|12|92.30|5
GME220325C00205000|0.60|0.64|0.59|1.00|0.59|48|-0.41|-0.4100|1|27|10|18|0.0367|0.0022|0.0013|-0.0885|0.0167||0.93|29|0.29|15
GME220325P00205000|100.36|100.36|100.36|99.30|100.36|48|1.06|0.0107|8|11|10|10|-0.9602|0.0022|-0.0872|-0.0853|0.0167||103.95|10|96.75|10
GME220325C00210000|0.56|0.63|0.56|1.00|0.63|49|-0.37|-0.3700|1|50|2|3|0.0340|0.0020|0.0012|-0.0839|0.0156||0.92|34|0.45|4
GME220325P00210000|105.85|105.85|105.85|93.38|105.85|49|12.47|0.1335|1|4|1|1|-0.9630|0.0020|-0.0896|-0.0805|0.0156||106.50|8|102.20|5
GME220325C00215000|0.55|0.55|0.55|0.96|0.55|50|-0.41|-0.4271|1|10|1|1|0.0315|0.0019|0.0011|-0.0796|0.0146||0.64|10|0.23|16
GME220325P00215000||||||50||||0|0|0|-0.9655|0.0019|-0.0919|-0.0761|0.0146||113.90|10|106.65|10
GME220325C00220000||||0.75|0.75|51|||0|105|0|0|0.0292|0.0017|0.0010|-0.0757|0.0138||0.58|5|0.21|23
GME220325P00220000|115.31|115.31|115.31|100.98|115.31|51|14.33|0.1419|10|12|10|10|-0.9677|0.0017|-0.0942|-0.0720|0.0138||118.85|10|111.60|10
GME220325C00225000||||0.98|0.98|52|||0|2|0|0|0.0272|0.0016|0.0010|-0.0720|0.0130||0.64|41|0.17|28
GME220325P00225000||||||52||||0|0|0|-0.9697|0.0016|-0.0964|-0.0682|0.0130||123.85|10|116.60|12
GME220325C00230000|0.30|0.30|0.30|0.70|0.30|53|-0.40|-0.5714|30|74|30|30|0.0254|0.0015|0.0009|-0.0686|0.0122||0.86|62|0.15|29
GME220325P00230000||||||53||||0|0|0|-0.9716|0.0015|-0.0988|-0.0647|0.0122||128.80|12|121.55|10
GME220325C00235000|0.30|0.30|0.30|0.63|0.30|54|-0.33|-0.5238|30|35|30|30|0.0237|0.0014|0.0008|-0.0655|0.0115||0.82|61|0.12|21
GME220325P00235000||||119.60|119.60|54|||0|1|0|0|-0.9732|0.0014|-0.1011|-0.0614|0.0115||133.80|10|126.50|10
GME220325C00240000|0.36|0.48|0.36|0.62|0.48|55|-0.14|-0.2258|31|80|1|31|0.0222|0.0013|0.0008|-0.0625|0.0109||0.40|5|0.10|31
GME220325P00240000||||||55||||0|0|0|-0.9747|0.0013|-0.1033|-0.0583|0.0109||138.75|12|131.50|10
GME220325C00245000||||0.68|0.68|56|||0|36|0|0|0.0209|0.0012|0.0007|-0.0598|0.0103||0.47|29|0.08|26
GME220325P00245000||||||56||||0|0|0|-0.9761|0.0012|-0.1055|-0.0554|0.0103||143.75|10|136.45|10
GME220325C00250000|0.55|0.55|0.32|0.60|0.32|57|-0.28|-0.4667|51|250|1|72|0.0196|0.0012|0.0007|-0.0572|0.0098||0.44|78|0.11|17
GME220325P00250000||||||57||||0|0|0|-0.9773|0.0012|-0.1078|-0.0526|0.0098||148.75|12|141.45|25
GME220325C00255000|0.65|0.65|0.65|0.58|0.65|58|0.07|0.1207|0|21|1|1|0.0185|0.0011|0.0006|-0.0548|0.0093||0.44|28|0.05|28
GME220325P00255000||||||58||||0|0|0|-0.9784|0.0011|-0.1100|-0.0501|0.0093||153.70|12|146.45|12
GME220325C00260000|0.50|0.50|0.29|0.43|0.29|59|-0.14|-0.3256|6|165|1|7|0.0174|0.0010|0.0006|-0.0525|0.0089||0.40|76|0.04|98
GME220325P00260000||||||59||||0|0|0|-0.9795|0.0010|-0.1122|-0.0477|0.0089||158.70|12|151.40|25
GME220325C00265000|0.63|0.63|0.23|0.40|0.23|60|-0.17|-0.4250|67|459|1|91|0.0165|0.0010|0.0006|-0.0504|0.0084||0.41|23|0.19|5
GME220325P00265000||||||60||||0|0|0|-0.9804|0.0010|-0.1144|-0.0454|0.0084||161.55|5|156.90|7
GME220401C00020000||||||19||||0|0|0|0.9976|0.0001|0.0035|-0.0117|0.0016||88.40|4|82.35|22
GME220401P00020000||||0.11|0.11|19|||0|34|0|0|-0.0028|0.0001|-0.0002|-0.0125|0.0022||0.17|20|0.00|0
GME220401C00025000||||||18||||0|0|0|0.9957|0.0002|0.0056|-0.0173|0.0029||83.95|12|77.50|15
GME220401P00025000||||0.22|0.22|18|||0|5|0|0|-0.0047|0.0002|-0.0004|-0.0181|0.0034||0.38|11|0.00|0
GME220401C00030000||||||17||||0|0|0|0.9931|0.0004|0.0078|-0.0239|0.0045||78.95|12|71.60|25
GME220401P00030000||||||17||||0|0|0|-0.0072|0.0003|-0.0005|-0.0247|0.0050||0.34|11|0.01|1
GME220401C00035000||||||16||||0|0|0|0.9896|0.0005|0.0102|-0.0318|0.0066||74.00|10|67.50|15
GME220401P00035000||||0.23|0.23|16|||0|103|0|0|-0.0107|0.0005|-0.0008|-0.0326|0.0071||0.29|1|0.01|1
GME220401C00040000||||||15||||0|0|0|0.9849|0.0008|0.0127|-0.0410|0.0093||69.05|11|62.25|19
GME220401P00040000||||0.60|0.60|15|||0|28|0|0|-0.0153|0.0008|-0.0011|-0.0417|0.0097||0.42|22|0.05|17
GME220401C00045000||||||14||||0|0|0|0.9787|0.0011|0.0152|-0.0515|0.0125||64.15|12|56.85|25
GME220401P00045000||||0.47|0.47|14|||0|15|0|0|-0.0214|0.0011|-0.0016|-0.0521|0.0129||0.70|22|0.07|16
GME220401C00050000||||||13||||0|0|0|0.9707|0.0015|0.0178|-0.0634|0.0165||59.25|12|52.50|19
GME220401P00050000|0.59|0.62|0.59|0.90|0.62|13|-0.28|-0.3111|2|33|1|3|-0.0293|0.0015|-0.0022|-0.0639|0.0169||0.62|15|0.29|13
GME220401C00055000||||||12||||0|0|0|0.9601|0.0021|0.0203|-0.0769|0.0214||54.40|12|47.70|19
GME220401P00055000||||1.08|1.08|12|||0|4|0|0|-0.0398|0.0021|-0.0029|-0.0774|0.0217||1.06|24|0.33|33
GME220401C00060000||||51.11|51.11|11|||0|6|0|0|0.9463|0.0028|0.0228|-0.0924|0.0273||49.15|5|44.15|5
GME220401P00060000||||1.29|1.29|11|||0|57|0|0|-0.0535|0.0028|-0.0039|-0.0928|0.0276||1.20|30|0.80|10
GME220401C00065000||||||10||||0|0|0|0.9280|0.0038|0.0251|-0.1102|0.0344||44.95|14|37.80|11
GME220401P00065000||||1.60|1.60|10|||0|18|0|0|-0.0717|0.0037|-0.0053|-0.1106|0.0347||1.65|15|0.96|13
GME220401C00070000||||||9||||0|0|0|0.9038|0.0049|0.0273|-0.1307|0.0429||40.35|13|33.30|11
GME220401P00070000|1.65|1.72|1.65|2.10|1.72|9|-0.38|-0.1810|-1|6|1|2|-0.0958|0.0049|-0.0070|-0.1310|0.0431||2.09|19|1.36|14
GME220401C00075000||||||8||||0|0|0|0.8723|0.0063|0.0289|-0.1536|0.0527||35.40|15|31.20|10
GME220401P00075000|2.30|2.30|2.20|3.25|2.27|8|-0.98|-0.3015|0|49|1|3|-0.1272|0.0063|-0.0094|-0.1538|0.0529||2.57|10|1.91|15
GME220401C00080000||||31.70|31.70|7|||0|1|0|0|0.8321|0.0079|0.0299|-0.1782|0.0635||31.10|17|26.95|10
GME220401P00080000||||4.16|4.16|7|||0|31|0|0|-0.1672|0.0079|-0.0124|-0.1783|0.0636||3.50|16|2.85|1
GME220401C00085000||||21.52|21.52|6|||0|3|0|0|0.7831|0.0095|0.0302|-0.2027|0.0744||27.10|17|22.60|11
GME220401P00085000||||4.86|4.86|6|||0|12|0|0|-0.2161|0.0095|-0.0161|-0.2027|0.0745||4.55|15|3.40|13
GME220401C00090000||||22.00|22.00|5|||0|110|0|0|0.7257|0.0111|0.0298|-0.2249|0.0845||23.30|22|19.60|11
GME220401P00090000||||6.44|6.44|5|||0|91|0|0|-0.2734|0.0111|-0.0206|-0.2249|0.0845||5.95|18|4.60|14
GME220401C00095000||||||4||||0|0|0|0.6618|0.0124|0.0285|-0.2429|0.0928||19.85|21|16.20|12
GME220401P00095000||||8.10|8.10|4|||0|10|0|0|-0.3372|0.0124|-0.0258|-0.2428|0.0928||7.65|18|6.10|16
