symbol|open|high|low|preClose|close|activeLevel|change|changeRatio|openIntChange|openInterest|latestPriceVol|volume|delta|gamma|rho|theta|vega|tradeStamptradeTime|ask|avol|bid|bvol
GME220304C00040000||||84.25|84.25|50|||0|6|0|0|1.0000|0.0000|0.0000|-0.0164|0.0000||84.55|23|79.50|26
GME220304P00040000|0.02|0.04|0.01|0.01|0.01|50|0.00|0.0000|4|1815|2|16|0.0000|0.0000|0.0000|-0.0003|0.0000||0.01|2|0.00|0
GME220304C00050000||||73.60|73.60|50|||0|1|0|0|1.0000|0.0000|0.0000|-0.0164|0.0000||74.55|23|69.50|26
GME220304P00050000|0.01|0.01|0.01|0.01|0.01|50|||-7|471|2|9|-0.0001|0.0000|0.0000|-0.0007|0.0000||0.03|2|0.00|0
GME220304C00060000||||63.80|63.80|50|||0|1|0|0|1.0000|0.0000|0.0000|-0.0165|0.0000||64.55|23|59.50|27
GME220304P00060000|0.06|0.06|0.06|0.04|0.06|50|0.02|0.5000|0|857|5|5|-0.0002|0.0000|0.0000|-0.0014|0.0001||0.05|1|0.01|15
GME220304C00065000|53.34|53.34|53.34|53.34|53.34|50|0.00|0.0000|0|0|1|1|1.0000|0.0000|0.0000|-0.0164|0.0000||59.35|23|54.50|26
GME220304P00065000||||0.04|0.04|50|||0|45|0|0|-0.0004|0.0001|0.0000|-0.0021|0.0001||0.05|1|0.00|0
GME220304C00070000|49.10|49.10|49.10|54.85|49.10|49|-5.75|-0.1048|-7|1|1|1|0.9999|0.0001|0.0000|-0.0164|0.0000||54.55|23|49.50|25
GME220304P00070000|0.08|0.08|0.01|0.06|0.02|49|-0.04|-0.6667|-38|781|11|141|-0.0006|0.0001|0.0000|-0.0031|0.0001||0.05|9|0.01|5
GME220304C00074000||||||48||||0|0|0|0.9997|0.0001|0.0001|-0.0167|0.0001||50.55|23|45.50|26
GME220304P00074000||||0.25|0.25|48|||0|1|0|0|-0.0008|0.0001|0.0000|-0.0043|0.0002||0.05|1|0.00|0
GME220304C00075000|44.15|44.15|44.15|46.00|44.15|47|-1.85|-0.0402|-2|2|1|1|0.9996|0.0002|0.0001|-0.0168|0.0001||49.55|23|44.50|25
GME220304P00075000|0.02|0.07|0.02|0.06|0.03|47|-0.03|-0.5000|0|499|1|20|-0.0009|0.0002|0.0000|-0.0046|0.0002||0.03|1|0.02|51
GME220304C00076000||||||46||||0|0|0|0.9996|0.0002|0.0002|-0.0169|0.0001||48.55|23|43.50|25
GME220304P00076000||||0.12|0.12|46|||0|7|0|0|-0.0010|0.0002|0.0000|-0.0049|0.0002||0.06|17|0.00|0
GME220304C00077000||||||45||||0|0|0|0.9995|0.0002|0.0003|-0.0171|0.0001||47.55|23|42.50|26
GME220304P00077000||||0.08|0.08|45|||0|153|0|0|-0.0011|0.0002|0.0000|-0.0054|0.0003||0.06|7|0.00|0
GME220304C00078000||||||44||||0|0|0|0.9994|0.0002|0.0003|-0.0173|0.0001||46.30|23|41.50|25
GME220304P00078000||||0.11|0.11|44|||0|21|0|0|-0.0012|0.0002|0.0000|-0.0059|0.0003||0.06|7|0.02|4
GME220304C00079000||||||43||||0|0|0|0.9993|0.0002|0.0005|-0.0175|0.0002||45.55|23|40.50|25
GME220304P00079000|0.09|0.09|0.09|0.11|0.09|43|-0.02|-0.1818|8|18|8|8|-0.0013|0.0002|0.0000|-0.0063|0.0003||0.06|1|0.02|6
GME220304C00080000|39.00|41.30|39.00|42.65|41.30|42|-1.35|-0.0317|-2|22|1|2|0.9991|0.0003|0.0004|-0.0179|0.0002||44.10|23|39.50|25
GME220304P00080000|0.07|0.08|0.05|0.12|0.06|42|-0.06|-0.5000|-16|612|10|99|-0.0014|0.0003|0.0000|-0.0070|0.0003||0.06|1|0.03|22
GME220304C00081000||||||41||||0|0|0|0.9990|0.0003|0.0005|-0.0182|0.0002||43.10|23|38.50|26
GME220304P00081000|0.12|0.12|0.12|0.21|0.12|41|-0.09|-0.4286|0|4|2|4|-0.0015|0.0003|0.0000|-0.0074|0.0004||0.07|5|0.03|9
GME220304C00082000||||||40||||0|0|0|0.9989|0.0003|0.0007|-0.0185|0.0003||42.55|23|37.50|25
GME220304P00082000|0.04|0.04|0.04|0.22|0.04|40|-0.18|-0.8182|0|25|1|1|-0.0017|0.0003|0.0000|-0.0082|0.0004||0.05|1|0.03|6
GME220304C00083000||||||39||||0|0|0|0.9987|0.0004|0.0006|-0.0191|0.0003||41.55|23|36.50|25
GME220304P00083000||||0.20|0.20|39|||0|5|0|0|-0.0019|0.0004|0.0000|-0.0089|0.0004||0.07|10|0.03|9
GME220304C00084000||||||38||||0|0|0|0.9985|0.0004|0.0008|-0.0195|0.0003||40.55|23|35.50|25
GME220304P00084000||||0.16|0.16|38|||0|8|0|0|-0.0021|0.0004|0.0000|-0.0098|0.0005||0.08|12|0.03|10
GME220304C00085000||||33.70|33.70|37|||0|4|0|0|0.9983|0.0005|0.0008|-0.0202|0.0004||39.55|23|34.50|25
GME220304P00085000|0.10|0.14|0.06|0.22|0.06|37|-0.16|-0.7273|-6|320|1|29|-0.0023|0.0004|0.0000|-0.0107|0.0005||0.09|13|0.03|10
GME220304C00086000||||||36||||0|0|0|0.9980|0.0005|0.0008|-0.0210|0.0004||38.55|23|33.50|25
GME220304P00086000||||0.48|0.48|36|||0|3|0|0|-0.0026|0.0005|0.0000|-0.0117|0.0006||0.12|1|0.01|8
GME220304C00087000||||||35||||0|0|0|0.9977|0.0006|0.0009|-0.0219|0.0005||37.55|23|32.50|25
GME220304P00087000|0.20|0.20|0.20|0.20|0.20|35|||-1|637|1|1|-0.0029|0.0006|0.0000|-0.0129|0.0006||0.10|7|0.04|7
GME220304C00088000||||||34||||0|0|0|0.9975|0.0006|0.0010|-0.0228|0.0005||35.65|23|31.50|21
GME220304P00088000|0.16|0.16|0.09|0.24|0.09|34|-0.15|-0.6250|0|135|1|2|-0.0032|0.0006|0.0000|-0.0142|0.0007||0.15|20|0.02|8
GME220304C00089000||||30.00|30.00|33|||0|0|0|0|0.9971|0.0007|0.0011|-0.0240|0.0006||34.65|23|30.50|26
GME220304P00089000|0.07|0.07|0.06|0.31|0.07|33|-0.24|-0.7742|2|89|3|10|-0.0036|0.0007|0.0000|-0.0158|0.0008||0.12|11|0.04|7
GME220304C00090000|30.00|30.00|30.00|33.17|30.00|32|-3.17|-0.0956|0|32|1|2|0.9965|0.0008|0.0010|-0.0257|0.0007||34.45|23|29.50|25
GME220304P00090000|0.20|0.25|0.07|0.28|0.08|32|-0.20|-0.7143|-174|1052|11|329|-0.0040|0.0008|0.0000|-0.0176|0.0009||0.10|10|0.06|6
GME220304C00091000||||22.25|22.25|31|||0|1|0|0|0.9960|0.0010|0.0011|-0.0275|0.0008||32.60|23|28.55|25
GME220304P00091000|0.21|0.21|0.09|0.31|0.09|31|-0.22|-0.7097|3|112|10|42|-0.0045|0.0009|0.0000|-0.0193|0.0009||0.21|17|0.00|0
GME220304C00092000||||||30||||0|0|0|0.9954|0.0011|0.0012|-0.0297|0.0009||32.00|23|27.55|25
GME220304P00092000|0.10|0.11|0.10|0.37|0.10|30|-0.27|-0.7297|26|59|36|102|-0.0052|0.0011|0.0000|-0.0223|0.0011||0.19|10|0.07|10
GME220304C00093000||||24.90|24.90|29|||0|2|0|0|0.9947|0.0013|0.0013|-0.0323|0.0011||30.70|23|26.55|25
GME220304P00093000|0.30|0.32|0.09|0.40|0.09|29|-0.31|-0.7750|30|121|4|38|-0.0059|0.0012|0.0000|-0.0252|0.0012||0.23|13|0.00|0
GME220304C00094000||||24.55|24.55|28|||0|3|0|0|0.9938|0.0014|0.0014|-0.0353|0.0012||29.65|23|25.55|25
GME220304P00094000|0.26|0.26|0.10|0.42|0.10|28|-0.32|-0.7619|86|126|4|106|-0.0068|0.0014|0.0000|-0.0286|0.0014||0.22|14|0.00|0
GME220304C00095000||||27.75|27.75|27|||0|34|0|0|0.9929|0.0017|0.0015|-0.0388|0.0014||28.20|12|24.55|25
GME220304P00095000|0.35|0.43|0.11|0.50|0.13|27|-0.37|-0.7400|1|468|1|49|-0.0077|0.0016|0.0000|-0.0324|0.0015||0.14|1|0.10|1
GME220304C00096000|22.80|22.80|22.80|24.35|22.80|26|-1.55|-0.0637|0|27|1|1|0.9918|0.0019|0.0016|-0.0428|0.0016||27.20|12|23.55|24
GME220304P00096000|0.39|0.41|0.18|0.52|0.18|26|-0.34|-0.6538|9|483|10|18|-0.0086|0.0018|0.0000|-0.0359|0.0017||0.17|5|0.09|6
GME220304C00097000||||19.25|19.25|25|||0|2|0|0|0.9905|0.0022|0.0016|-0.0473|0.0018||26.20|12|22.60|25
GME220304P00097000|0.31|0.37|0.25|0.56|0.25|25|-0.31|-0.5536|-3|39|2|37|-0.0101|0.0022|0.0000|-0.0418|0.0019||0.25|10|0.00|0
GME220304C00098000|21.40|21.40|21.40|31.90|21.40|24|-10.50|-0.3292|0|16|1|1|0.9891|0.0025|0.0017|-0.0525|0.0021||25.20|12|21.60|27
GME220304P00098000|0.42|0.42|0.15|0.50|0.15|24|-0.35|-0.7000|14|181|1|21|-0.0112|0.0024|0.0000|-0.0461|0.0021||0.26|11|0.11|10
GME220304C00099000||||23.78|23.78|23|||0|16|0|0|0.9878|0.0028|0.0019|-0.0571|0.0023||24.20|12|20.60|21
GME220304P00099000|0.37|0.37|0.17|0.68|0.17|23|-0.51|-0.7500|-6|749|3|14|-0.0128|0.0028|-0.0001|-0.0522|0.0024||0.28|11|0.12|10
GME220304C00100000|18.26|22.50|18.00|20.81|22.50|22|1.69|0.0812|-4|434|1|24|0.9856|0.0033|0.0019|-0.0649|0.0026||23.20|11|21.50|11
GME220304P00100000|0.50|0.62|0.16|0.78|0.17|22|-0.61|-0.7821|-1307|1938|5|2409|-0.0150|0.0033|-0.0001|-0.0604|0.0027||0.24|2|0.13|10
GME220304C00101000||||21.00|21.00|21|||0|8|0|0|0.9835|0.0038|0.0019|-0.0723|0.0029||22.50|6|20.50|21
GME220304P00101000|0.73|0.73|0.20|0.87|0.20|21|-0.67|-0.7701|-3|66|1|3|-0.0171|0.0038|-0.0001|-0.0681|0.0031||0.30|3|0.13|20
GME220304C00102000|19.20|19.20|19.20|23.42|19.20|20|-4.22|-0.1802|-1|9|1|1|0.9811|0.0043|0.0020|-0.0806|0.0033||21.50|6|19.50|18
GME220304P00102000|0.75|0.75|0.29|0.95|0.29|20|-0.66|-0.6947|-3|80|2|6|-0.0194|0.0043|-0.0001|-0.0768|0.0034||0.30|1|0.13|21
GME220304C00103000|15.00|15.00|15.00|22.42|15.00|19|-7.42|-0.3310|1|19|1|1|0.9784|0.0050|0.0021|-0.0901|0.0037||20.50|5|18.50|23
GME220304P00103000|0.22|0.22|0.22|1.02|0.22|19|-0.80|-0.7843|-4|44|10|10|-0.0215|0.0048|-0.0001|-0.0845|0.0037||0.35|23|0.13|22
GME220304C00104000||||17.30|17.30|18|||0|30|0|0|0.9752|0.0058|0.0022|-0.1010|0.0042||19.50|10|17.50|14
GME220304P00104000|0.79|0.79|0.25|1.10|0.28|18|-0.82|-0.7455|81|352|10|126|-0.0246|0.0055|-0.0001|-0.0954|0.0042||0.30|6|0.14|12
GME220304C00105000||||19.50|19.50|17|||0|36|0|0|0.9715|0.0067|0.0022|-0.1139|0.0047||18.50|13|16.50|16
GME220304P00105000|1.00|1.05|0.26|1.37|0.29|17|-1.08|-0.7883|12|498|1|173|-0.0282|0.0064|-0.0001|-0.1082|0.0047||0.30|6|0.19|12
GME220304C00106000||||14.20|14.20|16|||0|41|0|0|0.9682|0.0074|0.0024|-0.1257|0.0052||17.50|14|15.50|20
GME220304P00106000|1.32|1.32|0.44|1.34|0.44|16|-0.90|-0.6716|-1|74|1|8|-0.0335|0.0077|-0.0001|-0.1268|0.0054||0.46|30|0.19|24
GME220304C00107000||||16.00|16.00|15|||0|21|0|0|0.9618|0.0090|0.0024|-0.1476|0.0060||16.50|4|14.50|20
GME220304P00107000|1.87|1.87|0.38|1.47|0.38|15|-1.09|-0.7415|-4|71|2|9|-0.0388|0.0089|-0.0002|-0.1456|0.0061||0.50|22|0.22|11
GME220304C00108000||||17.80|17.80|14|||0|32|0|0|0.9554|0.0105|0.0024|-0.1702|0.0068||15.50|1|13.50|21
GME220304P00108000|1.49|1.49|0.40|1.83|0.40|14|-1.43|-0.7814|33|126|1|47|-0.0452|0.0104|-0.0002|-0.1685|0.0069||0.54|25|0.26|27
GME220304C00109000|13.50|13.50|13.50|13.00|13.50|13|0.50|0.0385|0|25|1|1|0.9475|0.0122|0.0025|-0.1983|0.0078||14.50|5|12.50|21
GME220304P00109000|1.40|1.42|0.99|2.09|1.07|13|-1.02|-0.4880|64|110|10|79|-0.0511|0.0117|-0.0002|-0.1903|0.0076||0.60|14|0.45|1
GME220304C00110000|11.45|13.00|8.88|12.50|12.70|12|0.20|0.0160|-3|200|1|31|0.9379|0.0144|0.0026|-0.2333|0.0089||13.50|25|11.55|13
GME220304P00110000|1.75|2.05|0.49|2.15|0.58|12|-1.57|-0.7302|-90|665|2|464|-0.0626|0.0143|-0.0003|-0.2320|0.0090||0.60|1|0.49|10
GME220304C00111000||||12.80|12.80|11|||0|75|0|0|0.9291|0.0163|0.0028|-0.2670|0.0099||12.50|23|10.55|25
GME220304P00111000|1.61|1.97|0.60|2.67|0.61|11|-2.06|-0.7715|1|56|1|38|-0.0714|0.0162|-0.0003|-0.2656|0.0100||0.76|21|0.55|16
GME220304C00112000||||10.71|10.71|10|||0|40|0|0|0.9117|0.0199|0.0027|-0.3322|0.0117||11.50|12|9.55|25
GME220304P00112000|2.44|2.44|0.66|2.82|0.66|10|-2.16|-0.7660|2|112|1|55|-0.0888|0.0198|-0.0004|-0.3309|0.0117||0.87|13|0.65|11
GME220304C00113000|7.60|7.60|6.95|11.35|6.95|9|-4.40|-0.3877|1|33|2|5|0.8940|0.0233|0.0027|-0.4007|0.0134||10.65|10|9.00|13
GME220304P00113000|2.90|2.90|0.78|3.30|0.86|9|-2.44|-0.7394|6|146|2|73|-0.1065|0.0232|-0.0004|-0.3994|0.0134||0.99|10|0.74|11
GME220304C00114000|6.50|9.05|6.50|10.42|9.05|8|-1.37|-0.1315|1|24|1|4|0.8724|0.0272|0.0028|-0.4854|0.0152||9.90|23|8.10|22
GME220304P00114000|2.40|3.28|0.90|3.65|1.08|8|-2.57|-0.7041|-10|139|1|70|-0.1281|0.0272|-0.0005|-0.4841|0.0153||1.15|2|0.77|12
GME220304C00115000|7.38|8.50|5.15|8.10|8.50|7|0.40|0.0494|-35|312|1|72|0.8462|0.0316|0.0028|-0.5883|0.0173||8.90|12|7.60|12
GME220304P00115000|3.38|3.80|1.02|4.05|1.10|7|-2.95|-0.7284|68|1045|4|337|-0.1541|0.0315|-0.0006|-0.5871|0.0173||1.28|20|0.92|14
GME220304C00116000|5.70|7.50|5.05|7.68|6.75|6|-0.93|-0.1211|-2|81|1|8|0.8151|0.0363|0.0027|-0.7100|0.0195||7.65|3|6.75|13
GME220304P00116000|3.44|3.90|1.33|4.40|1.44|6|-2.96|-0.6727|-22|594|1|55|-0.1852|0.0362|-0.0008|-0.7088|0.0195||1.57|14|1.21|11
GME220304C00117000|5.10|6.85|4.30|7.00|6.50|5|-0.50|-0.0714|100|134|1|333|0.7785|0.0412|0.0027|-0.8484|0.0217||7.30|4|6.20|11
GME220304P00117000|3.84|4.45|1.40|4.70|1.43|5|-3.27|-0.6957|110|420|1|262|-0.2217|0.0411|-0.0009|-0.8472|0.0217||1.84|14|1.33|14
GME220304C00118000|4.85|6.15|4.00|5.98|6.00|4|0.02|0.0033|18|173|1|71|0.7365|0.0459|0.0026|-0.9967|0.0239||6.50|5|5.40|13
GME220304P00118000|4.00|5.00|1.73|5.33|1.75|4|-3.58|-0.6717|42|160|1|79|-0.2638|0.0459|-0.0011|-0.9956|0.0239||2.10|12|1.63|11
GME220304C00119000|5.80|6.20|3.00|6.05|5.35|3|-0.70|-0.1157|17|133|5|145|0.6891|0.0503|0.0025|-1.1432|0.0258||5.90|11|4.75|12
GME220304P00119000|5.45|5.49|2.00|5.64|2.20|3|-3.44|-0.6099|-8|246|1|74|-0.2995|0.0492|-0.0013|-1.1117|0.0254||2.48|4|2.00|11
GME220304C00120000|5.00|5.80|2.95|5.45|4.76|2|-0.69|-0.1266|141|1412|1|1410|0.6372|0.0540|0.0023|-1.2719|0.0274||4.95|1|4.50|1
GME220304P00120000|5.31|6.33|2.30|6.05|2.67|2|-3.38|-0.5587|-17|355|1|252|-0.3630|0.0539|-0.0015|-1.2710|0.0274||2.89|4|2.35|11
GME220304C00121000|4.65|5.30|2.99|4.65|4.20|1|-0.45|-0.0968|51|140|1|225|0.5818|0.0566|0.0022|-1.3654|0.0285||4.75|12|3.60|12
GME220304P00121000|6.65|6.80|2.75|6.56|2.75|1|-3.81|-0.5808|0|97|1|70|-0.4049|0.0560|-0.0018|-1.3503|0.0284||3.50|1|2.89|10
GME220304C00122000|4.55|5.35|2.55|4.65|3.55|1|-1.10|-0.2366|71|284|1|266|0.5244|0.0579|0.0020|-1.4091|0.0291||3.95|5|3.50|1
GME220304P00122000|7.18|7.18|3.28|7.30|3.52|1|-3.78|-0.5178|2|122|1|97|-0.4757|0.0579|-0.0020|-1.4083|0.0291||3.95|4|3.25|11
GME220304C00123000|4.00|4.36|2.30|4.05|3.05|2|-1.00|-0.2469|59|205|1|298|0.4666|0.0579|0.0018|-1.3964|0.0291||3.55|6|2.89|11
GME220304P00123000|4.45|4.90|3.75|7.20|3.85|2|-3.35|-0.4653|5|60|1|13|-0.5334|0.0578|-0.0023|-1.3958|0.0291||4.45|3|3.75|11
GME220304C00124000|3.50|4.00|1.90|3.55|2.80|3|-0.75|-0.2113|-6|270|1|124|0.4103|0.0564|0.0016|-1.3308|0.0284||3.35|7|2.60|1
GME220304P00124000|7.23|9.05|4.20|8.79|4.20|3|-4.59|-0.5222|11|43|1|34|-0.5897|0.0564|-0.0025|-1.3302|0.0284||5.65|6|4.30|11
GME220304C00125000|3.00|3.90|1.60|3.70|2.53|4|-1.17|-0.3162|51|1683|5|1384|0.3695|0.0545|0.0015|-1.2565|0.0276||2.58|9|2.33|1
GME220304P00125000|8.16|9.70|5.00|9.00|5.55|4|-3.45|-0.3833|-21|142|3|47|-0.6430|0.0538|-0.0027|-1.2236|0.0273||6.45|11|4.80|12
GME220304C00126000|2.99|3.50|1.55|3.13|2.10|5|-1.03|-0.3291|37|207|1|177|0.3077|0.0503|0.0012|-1.0928|0.0257||2.25|8|1.95|1
GME220304P00126000||||9.20|9.20|5|||0|15|0|0|-0.6922|0.0503|-0.0029|-1.0924|0.0257||7.00|12|5.50|11
GME220304C00127000|2.70|2.90|1.38|3.00|1.88|6|-1.12|-0.3733|406|574|1|735|0.2636|0.0462|0.0010|-0.9537|0.0239||1.95|3|1.75|1
GME220304P00127000||||9.55|9.55|6|||0|19|0|0|-0.7362|0.0462|-0.0031|-0.9533|0.0239||7.70|5|6.25|11
GME220304C00128000|2.40|2.98|1.25|2.65|1.50|7|-1.15|-0.4340|38|122|1|81|0.2250|0.0418|0.0009|-0.8196|0.0219||1.75|12|1.32|11
GME220304P00128000|12.00|12.00|7.65|12.00|7.65|7|-4.35|-0.3625|0|94|1|8|-0.7749|0.0418|-0.0033|-0.8192|0.0219||8.60|12|7.00|11
GME220304C00129000|2.80|2.80|1.14|2.51|1.38|8|-1.13|-0.4502|20|142|1|84|0.1918|0.0373|0.0008|-0.6985|0.0199||1.49|1|1.20|11
GME220304P00129000|13.00|13.00|13.00|9.15|13.00|8|3.85|0.4208|0|76|1|1|-0.8081|0.0373|-0.0034|-0.6982|0.0199||9.30|11|7.45|12
GME220304C00130000|2.20|2.35|0.90|2.30|1.25|9|-1.05|-0.4565|66|2630|10|4417|0.1637|0.0331|0.0007|-0.5941|0.0180||1.30|1|1.19|1
GME220304P00130000|11.50|12.95|9.07|11.55|9.32|9|-2.23|-0.1931|-14|159|1|29|-0.8361|0.0331|-0.0035|-0.5938|0.0180||10.05|5|8.40|12
GME220304C00131000|2.00|2.05|0.87|2.10|1.09|10|-1.01|-0.4810|113|245|1|220|0.1402|0.0292|0.0006|-0.5065|0.0163||1.20|6|0.95|1
GME220304P00131000|11.10|11.10|11.10|11.30|11.10|10|-0.20|-0.0177|0|16|3|3|-0.8596|0.0292|-0.0036|-0.5062|0.0162||10.95|11|8.80|21
GME220304C00132000|1.94|2.00|0.75|1.80|1.01|11|-0.79|-0.4389|500|587|1|565|0.1207|0.0257|0.0005|-0.4343|0.0147||1.09|11|0.85|1
GME220304P00132000||||15.50|15.50|11|||0|7|0|0|-0.8746|0.0265|-0.0038|-0.4519|0.0150||11.80|4|9.30|28
GME220304C00133000|1.65|1.69|0.69|1.65|0.82|12|-0.83|-0.5030|8|129|19|134|0.1045|0.0226|0.0004|-0.3752|0.0132||0.94|11|0.83|3
GME220304P00133000||||12.27|12.27|12|||0|4|0|0|-0.8916|0.0233|-0.0039|-0.3896|0.0136||12.65|11|10.30|27
GME220304C00134000|1.15|1.40|0.60|1.66|0.81|13|-0.85|-0.5120|10|118|1|46|0.0911|0.0199|0.0004|-0.3268|0.0119||0.85|10|0.62|11
GME220304P00134000||||21.09|21.09|13|||0|5|0|0|-0.9087|0.0199|-0.0038|-0.3264|0.0119||13.55|11|11.30|22
GME220304C00135000|1.50|1.67|0.44|1.55|0.71|14|-0.84|-0.5419|-49|786|7|566|0.0825|0.0181|0.0003|-0.2969|0.0111||0.75|5|0.65|5
GME220304P00135000|16.70|18.17|13.61|14.92|14.03|14|-0.89|-0.0597|-7|41|1|9|-0.9200|0.0176|-0.0039|-0.2865|0.0108||14.45|2|12.15|28
GME220304C00136000|1.29|1.44|0.44|1.30|0.64|15|-0.66|-0.5077|0|67|1|43|0.0726|0.0160|0.0003|-0.2621|0.0101||0.70|11|0.51|24
GME220304P00136000|14.20|14.20|14.00|18.05|14.00|15|-4.05|-0.2244|1|16|1|2|-0.9294|0.0156|-0.0039|-0.2533|0.0098||15.40|11|13.15|22
GME220304C00137000|1.20|1.20|0.51|1.28|0.51|16|-0.77|-0.6016|1|119|1|24|0.0643|0.0142|0.0003|-0.2330|0.0092||0.64|10|0.50|4
GME220304P00137000||||19.68|19.68|16|||0|7|0|0|-0.9373|0.0138|-0.0040|-0.2254|0.0089||16.40|23|13.65|22
GME220304C00138000|1.21|1.21|0.40|1.30|0.40|17|-0.90|-0.6923|-10|108|1|65|0.0557|0.0123|0.0002|-0.2022|0.0082||0.59|12|0.42|13
GME220304P00138000|19.18|19.18|19.18|30.25|19.18|17|-11.07|-0.3660|0|6|1|1|-0.9425|0.0127|-0.0041|-0.2079|0.0084||17.40|12|14.65|22
GME220304C00139000|1.07|1.07|0.46|1.14|0.46|18|-0.68|-0.5965|-9|108|1|35|0.0499|0.0110|0.0002|-0.1820|0.0075||0.56|17|0.36|21
GME220304P00139000||||23.20|23.20|18|||0|3|0|0|-0.9499|0.0110|-0.0040|-0.1816|0.0075||18.40|12|15.65|21
GME220304C00140000|1.40|1.40|0.32|1.15|0.47|19|-0.68|-0.5913|-64|1700|1|1009|0.0448|0.0099|0.0002|-0.1645|0.0069||0.47|10|0.45|7
GME220304P00140000|23.30|23.30|18.85|21.00|18.85|19|-2.15|-0.1024|-2|85|1|6|-0.9538|0.0101|-0.0042|-0.1687|0.0070||19.40|13|16.60|20
GME220304C00141000|0.90|0.90|0.38|1.03|0.38|20|-0.65|-0.6311|20|134|1|54|0.0404|0.0089|0.0002|-0.1493|0.0063||0.48|16|0.42|2
GME220304P00141000||||24.05|24.05|20|||0|11|0|0|-0.9594|0.0089|-0.0041|-0.1489|0.0063||20.40|13|17.60|1
GME220304C00142000|0.50|0.76|0.29|1.20|0.45|21|-0.75|-0.6250|0|36|1|26|0.0375|0.0082|0.0002|-0.1395|0.0059||0.44|31|0.28|29
GME220304P00142000||||19.80|19.80|21|||0|3|0|0|-0.9632|0.0080|-0.0041|-0.1355|0.0058||21.40|1|18.60|21
GME220304C00143000|0.91|0.91|0.27|0.91|0.27|22|-0.64|-0.7033|0|39|9|22|0.0340|0.0074|0.0001|-0.1273|0.0055||0.43|6|0.28|20
GME220304P00143000||||||22||||0|0|0|-0.9666|0.0072|-0.0041|-0.1238|0.0054||22.40|1|19.60|21
GME220304C00144000|0.65|0.65|0.35|1.09|0.35|23|-0.74|-0.6789|4|33|1|14|0.0310|0.0067|0.0001|-0.1166|0.0051||0.41|9|0.28|10
GME220304P00144000||||25.53|25.53|23|||0|1|0|0|-0.9695|0.0065|-0.0041|-0.1133|0.0050||23.40|1|20.60|21
GME220304C00145000|0.84|0.84|0.23|0.84|0.32|24|-0.52|-0.6190|17|872|8|739|0.0276|0.0059|0.0001|-0.1046|0.0046||0.39|14|0.28|2
GME220304P00145000||||24.54|24.54|24|||0|11|0|0|-0.9722|0.0059|-0.0041|-0.1040|0.0046||24.40|2|21.60|21
GME220304C00146000|1.24|1.24|0.26|0.79|0.26|25|-0.53|-0.6709|19|134|1|55|0.0253|0.0054|0.0001|-0.0963|0.0043||0.37|16|0.23|21
GME220304P00146000||||24.86|24.86|25|||0|1|0|0|-0.9745|0.0054|-0.0041|-0.0957|0.0043||25.40|1|22.60|21
GME220304C00147000|0.32|0.46|0.22|1.07|0.31|26|-0.76|-0.7103|13|45|1|33|0.0232|0.0049|0.0001|-0.0889|0.0040||0.31|1|0.23|10
GME220304P00147000|27.23|27.23|27.23|24.76|27.23|26|2.47|0.0998|-5|1|5|5|-0.9766|0.0049|-0.0041|-0.0883|0.0040||26.45|1|23.60|23
GME220304C00148000|0.40|0.48|0.26|0.79|0.26|27|-0.53|-0.6709|8|76|1|50|0.0213|0.0045|0.0001|-0.0822|0.0037||0.35|8|0.21|10
GME220304P00148000||||||27||||0|0|0|-0.9785|0.0045|-0.0041|-0.0816|0.0037||27.45|1|24.60|20
GME220304C00149000|0.63|0.63|0.22|0.85|0.30|28|-0.55|-0.6471|5|77|1|95|0.0196|0.0041|0.0001|-0.0762|0.0034||0.32|11|0.27|1
GME220304P00149000|29.80|29.80|29.80|31.50|29.80|28|-1.70|-0.0540|0|1|1|1|-0.9802|0.0041|-0.0041|-0.0756|0.0034||28.45|1|25.60|23
GME220304C00150000|0.80|0.80|0.17|0.73|0.26|29|-0.47|-0.6438|-33|5213|1|5856|0.0181|0.0038|0.0001|-0.0707|0.0032||0.28|8|0.26|2
GME220304P00150000|33.20|33.20|27.80|31.70|27.80|29|-3.90|-0.1230|-20|164|1|75|-0.9817|0.0038|-0.0042|-0.0701|0.0032||29.15|11|26.60|23
GME220304C00152500|0.59|0.63|0.16|0.64|0.18|30|-0.46|-0.7188|-15|94|2|73|0.0149|0.0031|0.0001|-0.0592|0.0027||0.23|11|0.21|2
GME220304P00152500||||||30||||0|0|0|-0.9849|0.0031|-0.0042|-0.0585|0.0027||33.45|23|28.05|23
GME220304C00155000|0.65|0.65|0.14|0.59|0.19|31|-0.40|-0.6780|43|815|1|727|0.0124|0.0025|0.0000|-0.0501|0.0023||0.28|11|0.15|1
GME220304P00155000|34.63|34.63|33.57|32.02|33.57|31|1.55|0.0484|-6|6|1|6|-0.9873|0.0025|-0.0042|-0.0493|0.0023||34.15|12|31.50|23
GME220304C00157500|0.50|0.52|0.19|1.11|0.19|32|-0.92|-0.8288|35|113|2|63|0.0106|0.0021|0.0000|-0.0434|0.0020||0.30|9|0.14|10
GME220304P00157500||||38.68|38.68|32|||0|1|0|0|-0.9893|0.0021|-0.0042|-0.0419|0.0020||38.40|23|33.05|22
GME220304C00160000|0.50|0.55|0.11|0.50|0.18|33|-0.32|-0.6400|18|1563|3|773|0.0089|0.0018|0.0000|-0.0367|0.0017||0.19|5|0.16|1
GME220304P00160000|38.79|38.79|38.79|37.98|38.79|33|0.81|0.0213|0|30|1|1|-0.9909|0.0018|-0.0042|-0.0359|0.0017||39.45|5|36.40|23
GME220304C00162500|0.30|0.30|0.16|0.54|0.16|34|-0.38|-0.7037|5|76|1|17|0.0076|0.0015|0.0000|-0.0318|0.0015||0.17|4|0.12|10
GME220304P00162500||||||34||||0|0|0|-0.9922|0.0015|-0.0042|-0.0309|0.0015||43.35|23|38.05|22
GME220304C00165000|0.33|0.34|0.08|0.40|0.22|35|-0.18|-0.4500|6|757|5|118|0.0066|0.0013|0.0000|-0.0281|0.0013||0.25|1|0.10|2
GME220304P00165000|45.43|45.43|45.43|46.56|45.43|35|-1.13|-0.0243|-1|3|1|1|-0.9932|0.0013|-0.0043|-0.0271|0.0013||45.70|25|41.40|22
GME220304C00170000|0.40|0.40|0.10|0.49|0.12|36|-0.37|-0.7551|-30|1467|1|191|0.0049|0.0009|0.0000|-0.0215|0.0010||0.14|18|0.09|1
GME220304P00170000|49.87|49.87|49.87|46.78|49.87|36|3.09|0.0661|-1|12|1|1|-0.9949|0.0009|-0.0042|-0.0204|0.0010||50.65|25|46.25|23
GME220304C00175000|0.30|0.30|0.08|0.31|0.08|37|-0.23|-0.7419|452|1326|2|637|0.0038|0.0007|0.0000|-0.0169|0.0008||0.12|7|0.09|1
GME220304P00175000|54.71|54.71|54.71|51.72|54.71|37|2.99|0.0578|-1|24|1|1|-0.9960|0.0007|-0.0042|-0.0157|0.0008||55.65|26|51.45|23
GME220304C00180000|0.30|0.38|0.06|0.28|0.10|38|-0.18|-0.6429|1831|5044|5|2690|0.0030|0.0005|0.0000|-0.0137|0.0007||0.10|23|0.07|4
GME220304P00180000||||58.52|58.52|38|||0|12|0|0|-0.9968|0.0005|-0.0042|-0.0123|0.0007||60.60|26|56.55|23
GME220304C00185000|0.11|0.15|0.06|0.25|0.07|39|-0.18|-0.7200|37|702|1|93|0.0024|0.0004|0.0000|-0.0111|0.0005||0.20|13|0.02|2
GME220304P00185000|65.04|65.04|64.96|64.25|64.96|39|0.71|0.0111|-2|183|1|2|-0.9974|0.0004|-0.0042|-0.0097|0.0005||65.60|26|61.85|23
GME220304C00190000|0.22|0.22|0.05|0.11|0.06|40|-0.05|-0.4545|-58|2065|1|112|0.0020|0.0003|0.0000|-0.0092|0.0004||0.08|4|0.05|4
GME220304P00190000|68.00|68.00|68.00|69.96|68.00|40|-1.96|-0.0280|-2|18|2|2|-0.9978|0.0003|-0.0044|-0.0077|0.0004||70.60|25|66.15|23
GME220304C00195000|0.19|0.20|0.06|0.20|0.07|41|-0.13|-0.6500|2|751|1|38|0.0016|0.0003|0.0000|-0.0077|0.0004||0.08|6|0.05|1
GME220304P00195000||||73.00|73.00|41|||0|34|0|0|-0.9982|0.0003|-0.0043|-0.0061|0.0004||75.60|25|71.10|23
GME220304C00200000|0.21|0.25|0.05|0.19|0.06|42|-0.13|-0.6842|109|3404|2|1740|0.0013|0.0002|0.0000|-0.0065|0.0003||0.06|22|0.05|9
GME220304P00200000|80.44|80.44|79.71|76.07|79.71|42|3.64|0.0479|-1|7|1|2|-0.9985|0.0002|-0.0042|-0.0047|0.0003||80.60|26|76.05|23
GME220304C00205000|0.10|0.10|0.04|0.20|0.04|43|-0.16|-0.8000|11|526|2|18|0.0011|0.0002|0.0000|-0.0055|0.0003||0.07|4|0.03|1
GME220304P00205000|84.56|84.56|84.56|83.94|84.56|43|0.62|0.0074|0|13|1|1|-0.9987|0.0002|-0.0042|-0.0036|0.0003||85.55|25|81.15|23
GME220304C00210000|0.14|0.14|0.05|0.12|0.05|44|-0.07|-0.5833|3|1403|1|19|0.0009|0.0002|0.0000|-0.0047|0.0002||0.06|10|0.03|9
GME220304P00210000||||88.37|88.37|44|||0|4|0|0|-0.9988|0.0002|-0.0042|-0.0027|0.0002||90.70|24|85.50|23
GME220304C00215000|0.09|0.09|0.04|0.13|0.04|45|-0.09|-0.6923|11|213|1|31|0.0008|0.0001|0.0000|-0.0041|0.0002||0.07|8|0.02|6
GME220304P00215000||||106.41|106.41|45|||0|1|0|0|-0.9990|0.0001|-0.0042|-0.0020|0.0002||95.55|25|90.90|23
GME220304C00220000|0.08|0.12|0.02|0.12|0.04|46|-0.08|-0.6667|27|832|10|196|0.0007|0.0001|0.0000|-0.0036|0.0002||0.09|19|0.01|1
GME220304P00220000||||98.92|98.92|46|||0|17|0|0|-0.9991|0.0001|-0.0042|-0.0013|0.0002||100.55|25|96.25|23
GME220304C00225000|0.09|0.09|0.01|0.11|0.04|47|-0.07|-0.6364|-1|162|1|8|0.0006|0.0001|0.0000|-0.0031|0.0001||0.06|1|0.03|3
GME220304P00225000||||||47||||0|0|0|-0.9992|0.0001|-0.0044|-0.0008|0.0001||105.55|25|100.95|23
GME220304C00230000|0.05|0.05|0.03|0.11|0.03|48|-0.08|-0.7273|0|282|1|26|0.0005|0.0001|0.0000|-0.0028|0.0001||0.08|22|0.02|5
GME220304P00230000||||110.30|110.30|48|||0|4|0|0|-0.9993|0.0001|-0.0042|-0.0003|0.0001||110.65|21|105.50|23
GME220304C00235000|0.11|0.11|0.03|0.09|0.03|49|-0.06|-0.6667|1|364|1|8|0.0005|0.0001|0.0000|-0.0025|0.0001||0.07|10|0.03|1
GME220304P00235000||||||49||||0|0|0|-0.9993|0.0001|-0.0042|0.0000|0.0001||115.65|24|110.50|23
GME220304C00240000|0.20|0.20|0.03|0.08|0.03|50|-0.05|-0.6250|-18|1709|1|32|0.0004|0.0001|0.0000|-0.0022|0.0001||0.07|15|0.02|5
GME220304P00240000||||119.58|119.58|50|||0|1|0|0|-0.9994|0.0001|-0.0042|0.0000|0.0001||120.55|25|115.90|23
GME220304C00245000|0.07|0.07|0.02|0.07|0.04|50|-0.03|-0.4286|7|226|1|18|0.0004|0.0001|0.0000|-0.0020|0.0001||0.07|15|0.01|1
GME220304P00245000||||||50||||0|0|0|-0.9994|0.0001|-0.0042|0.0000|0.0001||125.65|21|120.50|22
GME220304C00250000|0.07|0.08|0.02|0.07|0.03|50|-0.04|-0.5714|-32|2311|1|107|0.0003|0.0000|0.0000|-0.0018|0.0001||0.03|3|0.02|1
GME220304P00250000||||||50|||0|0|0|0|-0.9995|0.0000|-0.0042|0.0000|0.0001||130.65|21|125.35|23
GME220304C00255000|0.06|0.06|0.02|0.11|0.03|50|-0.08|-0.7273|9|1263|1|13|0.0003|0.0000|0.0000|-0.0016|0.0001||0.04|1|0.01|2
GME220304P00255000||||||50||||0|0|0|-0.9995|0.0000|-0.0043|0.0000|0.0001||135.75|11|130.30|23
GME220304C00260000|0.06|0.06|0.02|0.06|0.03|50|-0.03|-0.5000|3|1746|3|81|0.0003|0.0000|0.0000|-0.0014|0.0001||0.04|10|0.02|1
GME220304P00260000||||||50||||0|0|0|-0.9995|0.0000|-0.0042|0.0000|0.0001||140.65|21|135.45|23
GME220304C00265000|0.06|0.10|0.01|0.06|0.03|50|-0.03|-0.5000|-48|5275|2|1300|0.0002|0.0000|0.0000|-0.0013|0.0001||0.03|4|0.02|1
GME220304P00265000||||||50||||0|0|0|-0.9996|0.0000|-0.0043|0.0000|0.0001||145.65|21|140.45|23
GME220311C00020000||||||50||||0|0|0|1.0000|0.0000|0.0000|-0.0166|0.0000||103.60|22|99.25|25
GME220311P00020000||||0.04|0.04|50|||0|67|0|0|-0.0004|0.0000|0.0000|-0.0050|0.0003||0.02|100|0.01|22
GME220311C00025000||||||50||||0|0|0|1.0000|0.0000|0.0000|-0.0166|0.0000||99.75|22|94.25|24
GME220311P00025000||||0.03|0.03|50|||0|98|0|0|-0.0007|0.0000|0.0000|-0.0071|0.0004||0.03|5|0.01|2
GME220311C00030000||||||50||||0|0|0|0.9999|0.0000|0.0000|-0.0166|0.0000||94.75|22|89.30|15
GME220311P00030000||||0.03|0.03|50|||0|37|0|0|-0.0010|0.0001|0.0000|-0.0096|0.0006||0.04|2|0.00|0
GME220311C00035000||||||50||||0|0|0|0.9996|0.0001|0.0000|-0.0166|0.0000||89.75|21|84.30|15
GME220311P00035000|0.02|0.02|0.02|0.54|0.02|50|-0.52|-0.9630|0|1|1|1|-0.0015|0.0001|0.0000|-0.0126|0.0009||0.05|2|0.00|0
GME220311C00040000||||||50||||0|0|0|0.9991|0.0001|0.0008|-0.0185|0.0004||84.75|21|79.30|15
GME220311P00040000|0.05|0.06|0.05|0.07|0.05|50|-0.02|-0.2857|32|153|3|35|-0.0021|0.0001|-0.0001|-0.0162|0.0012||0.06|1|0.05|16
GME220311C00045000||||||50||||0|0|0|0.9984|0.0002|0.0015|-0.0225|0.0008||79.75|22|74.25|24
GME220311P00045000||||0.21|0.21|50|||0|31|0|0|-0.0029|0.0002|-0.0001|-0.0204|0.0016||0.15|3|0.03|4
GME220311C00050000||||||49||||0|0|0|0.9973|0.0003|0.0023|-0.0273|0.0013||74.75|21|69.30|15
GME220311P00050000|0.09|0.09|0.07|0.12|0.07|49|-0.05|-0.4167|-1|12|1|2|-0.0040|0.0003|-0.0001|-0.0254|0.0021||0.16|6|0.04|3
GME220311C00055000||||||48||||0|0|0|0.9960|0.0004|0.0031|-0.0332|0.0020||69.75|22|64.30|24
GME220311P00055000||||0.32|0.32|48|||0|14|0|0|-0.0054|0.0004|-0.0002|-0.0313|0.0028||0.14|6|0.05|4
GME220311C00060000||||||47||||0|0|0|0.9942|0.0006|0.0039|-0.0400|0.0028||64.80|22|59.30|24
GME220311P00060000|0.10|0.13|0.10|0.30|0.13|47|-0.17|-0.5667|8|75|1|10|-0.0072|0.0005|-0.0002|-0.0382|0.0036||0.12|1|0.10|5
GME220311C00065000||||31.85|31.85|46|||0|1|0|0|0.9918|0.0008|0.0049|-0.0481|0.0039||59.80|22|54.35|24
GME220311P00065000||||0.27|0.27|46|||0|6|0|0|-0.0095|0.0007|-0.0003|-0.0461|0.0046||0.20|7|0.06|4
GME220311C00070000||||53.00|53.00|45|||0|2|0|0|0.9885|0.0011|0.0060|-0.0580|0.0053||53.80|23|49.40|25
GME220311P00070000|0.30|0.30|0.16|0.39|0.16|45|-0.23|-0.5897|20|40|1|23|-0.0129|0.0010|-0.0004|-0.0562|0.0061||0.20|1|0.07|14
GME220311C00075000||||||44||||0|0|0|0.9839|0.0015|0.0071|-0.0708|0.0071||49.90|22|44.45|25
GME220311P00075000||||0.52|0.52|44|||0|35|0|0|-0.0173|0.0014|-0.0005|-0.0687|0.0079||0.40|27|0.08|21
GME220311C00079000||||||43||||0|0|0|0.9789|0.0019|0.0080|-0.0833|0.0090||45.40|21|40.55|24
GME220311P00079000||||||43||||0|0|0|-0.0227|0.0019|-0.0007|-0.0820|0.0099||0.38|15|0.14|21
GME220311C00080000||||38.57|38.57|42|||0|11|0|0|0.9771|0.0021|0.0084|-0.0875|0.0097||43.75|22|39.55|25
GME220311P00080000|0.38|0.38|0.28|0.60|0.32|42|-0.28|-0.4667|21|483|10|31|-0.0240|0.0020|-0.0007|-0.0853|0.0103||0.37|21|0.27|3
GME220311C00081000||||||41||||0|0|0|0.9754|0.0023|0.0087|-0.0914|0.0103||44.00|21|38.60|24
GME220311P00081000||||||41||||0|0|0|-0.0256|0.0022|-0.0008|-0.0892|0.0109||0.77|25|0.18|21
GME220311C00082000||||||40||||0|0|0|0.9736|0.0024|0.0090|-0.0956|0.0110||42.45|22|37.60|24
GME220311P00082000||||0.75|0.75|40|||0|1|0|0|-0.0277|0.0024|-0.0008|-0.0938|0.0117||0.40|1|0.20|21
GME220311C00083000||||||39||||0|0|0|0.9716|0.0026|0.0093|-0.1000|0.0117||41.50|21|36.65|23
GME220311P00083000||||||39||||0|0|0|-0.0297|0.0025|-0.0009|-0.0982|0.0124||0.82|25|0.22|21
GME220311C00084000||||||38||||0|0|0|0.9694|0.0028|0.0095|-0.1047|0.0124||41.05|22|35.65|24
GME220311P00084000||||||38||||0|0|0|-0.0315|0.0027|-0.0009|-0.1023|0.0130||0.85|25|0.24|21
GME220311C00085000||||40.92|40.92|37|||0|14|0|0|0.9671|0.0030|0.0098|-0.1097|0.0132||38.95|23|34.70|25
GME220311P00085000|0.41|0.41|0.41|0.91|0.41|37|-0.50|-0.5495|0|204|1|3|-0.0338|0.0029|-0.0010|-0.1072|0.0138||0.58|23|0.27|21
GME220311C00086000||||||36||||0|0|0|0.9645|0.0032|0.0101|-0.1149|0.0141||38.95|21|33.75|24
GME220311P00086000||||||36||||0|0|0|-0.0363|0.0031|-0.0011|-0.1125|0.0146||0.91|19|0.30|21
GME220311C00087000||||||35||||0|0|0|0.9623|0.0034|0.0102|-0.1197|0.0148||37.55|21|32.80|24
GME220311P00087000||||||35||||0|0|0|-0.0395|0.0034|-0.0012|-0.1188|0.0156||0.82|16|0.32|22
GME220311C00088000||||34.96|34.96|34|||0|1|0|0|0.9588|0.0037|0.0107|-0.1264|0.0160||36.95|21|31.80|23
GME220311P00088000||||2.80|2.80|34|||0|20|0|0|-0.0424|0.0037|-0.0013|-0.1247|0.0166||0.99|20|0.35|21
GME220311C00089000||||||33||||0|0|0|0.9555|0.0040|0.0110|-0.1327|0.0170||35.80|21|30.85|21
GME220311P00089000|0.85|0.85|0.63|1.26|0.64|33|-0.62|-0.4921|-1|33|2|5|-0.0457|0.0039|-0.0014|-0.1310|0.0176||0.72|22|0.39|21
GME220311C00090000||||36.49|36.49|32|||0|12|0|0|0.9519|0.0043|0.0113|-0.1394|0.0181||34.15|23|29.90|24
GME220311P00090000|0.69|0.74|0.60|1.16|0.60|32|-0.56|-0.4828|76|225|9|98|-0.0492|0.0042|-0.0015|-0.1377|0.0187||0.76|23|0.48|11
GME220311C00091000||||||31||||0|0|0|0.9488|0.0046|0.0114|-0.1454|0.0191||33.95|21|28.95|21
GME220311P00091000||||1.20|1.20|31|||0|54|0|0|-0.0531|0.0046|-0.0016|-0.1448|0.0199||1.12|31|0.46|27
GME220311C00092000||||||30||||0|0|0|0.9438|0.0050|0.0118|-0.1540|0.0205||33.00|21|28.00|21
GME220311P00092000||||1.43|1.43|30|||0|50|0|0|-0.0573|0.0049|-0.0017|-0.1523|0.0211||1.18|24|0.50|22
GME220311C00093000||||35.63|35.63|29|||0|6|0|0|0.9392|0.0054|0.0121|-0.1619|0.0219||31.35|24|27.05|24
GME220311P00093000||||1.66|1.66|29|||0|18|0|0|-0.0609|0.0052|-0.0018|-0.1590|0.0222||1.24|33|0.55|22
GME220311C00094000||||||28||||0|0|0|0.9352|0.0057|0.0122|-0.1689|0.0231||31.70|22|26.15|20
GME220311P00094000||||1.43|1.43|28|||0|38|0|0|-0.0668|0.0057|-0.0020|-0.1686|0.0238||1.30|33|0.60|22
GME220311C00095000||||32.16|32.16|27|||0|6|0|0|0.9288|0.0062|0.0127|-0.1790|0.0248||29.35|23|25.20|24
GME220311P00095000|1.47|1.50|0.84|1.67|0.84|27|-0.83|-0.4970|2|261|1|7|-0.0722|0.0061|-0.0022|-0.1773|0.0253||0.92|1|0.67|21
GME220311C00096000||||||26||||0|0|0|0.9229|0.0067|0.0129|-0.1882|0.0263||28.35|22|24.30|21
GME220311P00096000|1.50|1.50|1.03|1.72|1.03|26|-0.69|-0.4012|31|45|3|32|-0.0780|0.0066|-0.0023|-0.1865|0.0268||1.25|30|0.73|22
GME220311C00097000||||17.65|17.65|25|||0|3|0|0|0.9166|0.0072|0.0132|-0.1978|0.0280||27.35|23|23.35|24
GME220311P00097000||||2.06|2.06|25|||0|5|0|0|-0.0831|0.0070|-0.0025|-0.1947|0.0282||1.10|11|0.79|22
GME220311C00098000||||21.00|21.00|24|||0|1|0|0|0.9097|0.0077|0.0134|-0.2078|0.0298||26.35|22|22.40|23
GME220311P00098000|1.64|1.64|1.60|2.08|1.60|24|-0.48|-0.2308|-1|82|2|3|-0.0912|0.0076|-0.0027|-0.2062|0.0302||1.36|30|0.87|30
GME220311C00099000||||29.76|29.76|23|||0|1|0|0|0.9022|0.0082|0.0136|-0.2183|0.0316||25.35|21|21.60|23
GME220311P00099000|1.41|1.41|1.31|2.21|1.31|23|-0.90|-0.4072|1|78|1|2|-0.0971|0.0080|-0.0029|-0.2151|0.0317||1.28|15|0.95|30
GME220311C00100000|19.70|22.50|19.70|27.11|22.50|22|-4.61|-0.1700|9|36|8|9|0.8941|0.0088|0.0138|-0.2291|0.0335||24.35|11|20.70|24
GME220311P00100000|2.08|2.15|1.23|2.35|1.25|22|-1.10|-0.4681|58|1278|1|112|-0.1050|0.0086|-0.0031|-0.2258|0.0335||1.48|19|1.20|1
GME220311C00101000||||23.80|23.80|21|||0|14|0|0|0.8854|0.0094|0.0140|-0.2403|0.0354||23.45|11|19.80|24
GME220311P00101000|2.20|2.20|1.35|2.76|1.40|21|-1.36|-0.4928|11|55|10|14|-0.1135|0.0092|-0.0034|-0.2370|0.0355||1.56|22|1.15|24
GME220311C00102000||||20.80|20.80|20|||0|8|0|0|0.8761|0.0101|0.0142|-0.2519|0.0375||22.65|11|18.95|24
GME220311P00102000|2.06|2.06|1.58|2.67|1.58|20|-1.09|-0.4082|3|34|10|11|-0.1246|0.0100|-0.0037|-0.2503|0.0378||1.88|31|1.24|27
GME220311C00103000|17.00|19.60|17.00|26.10|19.60|19|-6.50|-0.2490|-1|5|1|6|0.8660|0.0107|0.0144|-0.2637|0.0396||21.70|11|18.10|24
GME220311P00103000|2.12|2.12|2.12|2.73|2.12|19|-0.61|-0.2234|1|30|1|1|-0.1346|0.0106|-0.0040|-0.2622|0.0399||2.00|37|1.37|30
GME220311C00104000|17.95|17.95|16.00|19.93|16.00|18|-3.93|-0.1972|2|18|2|4|0.8552|0.0114|0.0145|-0.2757|0.0418||20.90|11|17.25|24
GME220311P00104000|2.45|2.45|2.45|3.15|2.45|18|-0.70|-0.2222|2|55|2|2|-0.1454|0.0113|-0.0044|-0.2742|0.0421||2.00|17|1.50|22
GME220311C00105000||||22.96|22.96|17|||0|13|0|0|0.8436|0.0121|0.0146|-0.2880|0.0440||19.95|11|16.45|24
GME220311P00105000|3.00|3.20|1.88|3.20|1.88|17|-1.32|-0.4125|22|163|1|51|-0.1569|0.0121|-0.0047|-0.2865|0.0443||2.11|12|1.69|17
GME220311C00106000||||19.25|19.25|16|||0|7|0|0|0.8339|0.0127|0.0146|-0.2984|0.0459||19.10|11|15.65|24
GME220311P00106000|3.60|3.60|2.17|3.64|2.17|16|-1.47|-0.4038|1|88|1|25|-0.1692|0.0128|-0.0051|-0.2989|0.0465||2.38|23|1.79|22
GME220311C00107000||||21.80|21.80|15|||0|9|0|0|0.8180|0.0136|0.0147|-0.3128|0.0485||18.60|23|14.85|24
GME220311P00107000|3.16|3.16|3.16|3.88|3.16|15|-0.72|-0.1856|1|33|1|1|-0.1795|0.0134|-0.0054|-0.3094|0.0484||2.60|20|1.96|23
GME220311C00108000||||19.92|19.92|14|||0|7|0|0|0.8040|0.0144|0.0147|-0.3253|0.0508||17.65|26|14.55|27
GME220311P00108000||||4.45|4.45|14|||0|61|0|0|-0.1963|0.0143|-0.0059|-0.3239|0.0510||2.53|1|2.14|23
GME220311C00109000||||19.46|19.46|13|||0|72|0|0|0.7924|0.0150|0.0147|-0.3357|0.0527||16.65|11|14.45|25
GME220311P00109000|3.88|3.88|3.88|9.99|3.88|13|-6.11|-0.6116|1|24|1|1|-0.2079|0.0149|-0.0063|-0.3343|0.0529||2.93|15|2.34|22
GME220311C00110000|13.91|14.80|13.91|14.00|14.43|12|0.43|0.0307|5|51|4|16|0.7734|0.0159|0.0147|-0.3498|0.0554||15.75|11|13.80|25
GME220311P00110000|4.50|4.65|2.80|5.10|2.89|12|-2.21|-0.4333|33|169|1|217|-0.2268|0.0158|-0.0069|-0.3484|0.0556||2.97|1|2.65|20
GME220311C00111000||||17.98|17.98|11|||0|67|0|0|0.7605|0.0165|0.0146|-0.3598|0.0572||15.10|11|13.00|25
GME220311P00111000|5.30|5.30|3.15|5.46|3.15|11|-2.31|-0.4231|11|36|1|41|-0.2433|0.0166|-0.0074|-0.3603|0.0577||3.35|18|2.97|11
GME220311C00112000||||14.85|14.85|10|||0|18|0|0|0.7433|0.0172|0.0145|-0.3713|0.0594||14.60|25|12.35|22
GME220311P00112000|4.87|4.87|3.25|5.80|3.40|10|-2.40|-0.4138|11|52|1|26|-0.2568|0.0171|-0.0078|-0.3700|0.0595||3.60|12|3.15|16
GME220311C00113000|9.70|11.20|9.70|12.53|11.20|9|-1.33|-0.1061|2|11|1|3|0.7212|0.0181|0.0143|-0.3839|0.0618||13.70|12|11.85|23
GME220311P00113000|5.30|5.30|3.84|6.71|3.95|9|-2.76|-0.4113|3|6|1|4|-0.2747|0.0179|-0.0084|-0.3811|0.0616||4.05|22|3.45|14
GME220311C00114000||||16.70|16.70|8|||0|7|0|0|0.7022|0.0188|0.0142|-0.3942|0.0638||12.85|11|11.20|12
GME220311P00114000||||5.78|5.78|8|||0|26|0|0|-0.2977|0.0187|-0.0091|-0.3930|0.0639||4.45|19|3.75|20
GME220311C00115000|10.65|11.04|10.03|11.96|11.04|7|-0.92|-0.0769|1|87|1|3|0.6825|0.0195|0.0140|-0.4038|0.0656||12.30|12|10.50|20
GME220311P00115000|6.00|6.50|4.32|7.10|4.34|7|-2.76|-0.3887|6|92|2|60|-0.3173|0.0194|-0.0097|-0.4026|0.0657||4.65|24|3.90|26
GME220311C00116000||||13.00|13.00|6|||0|13|0|0|0.6622|0.0201|0.0137|-0.4125|0.0673||11.65|12|9.85|21
GME220311P00116000|6.35|6.35|4.73|7.15|4.73|6|-2.42|-0.3385|0|16|3|7|-0.3329|0.0198|-0.0102|-0.4103|0.0671||5.20|25|4.25|25
GME220311C00117000|8.68|10.30|7.70|12.85|10.20|5|-2.65|-0.2062|2|37|4|11|0.6414|0.0206|0.0134|-0.4203|0.0688||11.10|13|9.45|12
GME220311P00117000|7.61|7.61|5.00|7.20|5.00|5|-2.20|-0.3056|5|48|1|23|-0.3583|0.0205|-0.0110|-0.4191|0.0689||5.45|25|4.75|21
GME220311C00118000|8.30|8.87|7.25|9.53|8.87|4|-0.66|-0.0693|4|18|1|5|0.6250|0.0209|0.0132|-0.4264|0.0699||10.25|11|8.75|12
GME220311P00118000|8.40|8.40|5.68|7.64|5.68|4|-1.96|-0.2565|11|48|1|18|-0.3796|0.0210|-0.0117|-0.4259|0.0701||6.30|38|5.05|25
GME220311C00119000|9.90|9.90|7.22|11.43|9.00|3|-2.43|-0.2126|3|32|3|25|0.5983|0.0215|0.0128|-0.4327|0.0712||9.40|1|8.35|13
GME220311P00119000|7.70|7.90|6.36|8.50|6.55|3|-1.95|-0.2294|-3|29|8|30|-0.4013|0.0214|-0.0124|-0.4316|0.0713||6.35|15|5.40|26
GME220311C00120000|8.50|9.30|6.30|8.55|8.50|2|-0.05|-0.0058|28|203|1|162|0.5763|0.0218|0.0125|-0.4372|0.0721||8.65|1|8.00|10
GME220311P00120000|9.31|9.31|6.20|9.35|6.42|2|-2.93|-0.3134|58|111|1|97|-0.4232|0.0217|-0.0131|-0.4361|0.0722||6.80|13|6.35|1
GME220311C00121000|8.25|8.25|6.50|9.36|8.25|1|-1.11|-0.1186|28|92|6|39|0.5542|0.0220|0.0121|-0.4405|0.0728||8.40|11|7.40|12
GME220311P00121000|9.78|10.00|6.70|9.22|6.70|1|-2.52|-0.2733|4|25|1|12|-0.4400|0.0219|-0.0136|-0.4397|0.0728||7.50|13|6.45|11
GME220311C00122000|8.15|8.15|5.66|9.06|7.28|1|-1.78|-0.1965|6|40|1|13|0.5320|0.0222|0.0117|-0.4427|0.0733||7.75|5|6.95|12
GME220311P00122000|10.30|10.40|7.78|9.90|7.78|1|-2.12|-0.2141|13|38|1|21|-0.4674|0.0221|-0.0146|-0.4416|0.0733||8.20|14|6.75|14
GME220311C00123000|6.60|8.00|6.15|7.10|7.03|2|-0.07|-0.0099|4|115|5|30|0.5152|0.0222|0.0114|-0.4444|0.0736||7.50|11|6.55|11
GME220311P00123000|8.70|8.70|8.32|11.20|8.33|2|-2.87|-0.2563|5|25|1|7|-0.4895|0.0222|-0.0153|-0.4426|0.0735||9.05|18|7.55|11
GME220311C00124000|6.48|6.75|5.45|7.90|6.75|3|-1.15|-0.1456|4|52|1|12|0.4932|0.0222|0.0110|-0.4444|0.0736||7.20|9|6.15|19
GME220311P00124000|11.03|11.03|11.03|12.00|11.03|3|-0.97|-0.0808|2|17|2|2|-0.5114|0.0222|-0.0161|-0.4424|0.0735||9.35|14|8.00|11
GME220311C00125000|6.65|7.20|4.75|6.58|5.70|4|-0.88|-0.1337|79|332|1|297|0.4662|0.0221|0.0105|-0.4420|0.0732||6.35|1|5.70|4
GME220311P00125000|11.75|11.75|9.25|12.15|9.25|4|-2.90|-0.2387|-1|56|1|7|-0.5330|0.0221|-0.0168|-0.4410|0.0732||9.60|10|8.55|12
GME220311C00126000|5.50|5.80|4.68|6.15|5.60|5|-0.55|-0.0894|10|34|1|40|0.4501|0.0220|0.0102|-0.4411|0.0730||6.10|1|5.35|11
GME220311P00126000|10.25|10.25|10.25|12.24|10.25|5|-1.99|-0.1626|1|8|1|1|-0.5543|0.0219|-0.0175|-0.4386|0.0728||10.25|11|9.25|11
GME220311C00127000|4.45|5.25|4.45|7.20|5.25|6|-1.95|-0.2708|1|15|1|3|0.4292|0.0218|0.0098|-0.4379|0.0725||6.00|12|5.00|11
GME220311P00127000||||14.90|14.90|6|||0|9|0|0|-0.5700|0.0217|-0.0180|-0.4370|0.0724||11.25|24|9.75|11
GME220311C00128000|4.90|5.30|4.25|7.15|4.88|7|-2.27|-0.3175|13|41|10|19|0.4088|0.0215|0.0094|-0.4337|0.0717||5.45|11|4.50|15
GME220311P00128000|13.73|13.73|13.73|13.20|13.73|7|0.53|0.0402|12|55|7|12|-0.5903|0.0214|-0.0187|-0.4329|0.0717||12.25|26|10.45|11
GME220311C00129000|4.50|4.80|4.50|6.00|4.80|8|-1.20|-0.2000|9|27|2|16|0.3890|0.0211|0.0090|-0.4287|0.0708||5.00|1|4.40|21
GME220311P00129000||||13.44|13.44|8|||0|6|0|0|-0.6150|0.0210|-0.0197|-0.4256|0.0703||13.00|13|11.20|11
GME220311C00130000|5.30|5.35|3.70|5.27|4.35|9|-0.92|-0.1746|29|301|1|334|0.3651|0.0207|0.0085|-0.4205|0.0692||4.60|2|4.10|15
GME220311P00130000|16.40|16.40|16.40|14.45|16.40|9|1.95|0.1349|0|43|1|1|-0.6340|0.0206|-0.0204|-0.4197|0.0692||13.10|12|11.95|11
GME220311C00131000|4.03|4.25|3.57|6.82|4.20|10|-2.62|-0.3842|5|19|7|19|0.3468|0.0202|0.0081|-0.4139|0.0680||4.45|6|3.80|11
GME220311P00131000|14.05|14.05|14.05|18.68|14.05|10|-4.63|-0.2479|3|5|3|3|-0.6477|0.0203|-0.0208|-0.4157|0.0684||14.05|12|12.60|11
GME220311C00132000|3.85|3.90|3.10|7.06|3.90|11|-3.16|-0.4476|-5|56|1|25|0.3292|0.0197|0.0077|-0.4068|0.0667||4.15|1|3.45|25
GME220311P00132000||||14.62|14.62|11|||0|14|0|0|-0.6698|0.0197|-0.0217|-0.4060|0.0666||14.90|12|13.25|11
GME220311C00133000|3.46|3.67|2.93|5.80|3.55|12|-2.25|-0.3879|2|97|10|31|0.3167|0.0193|0.0074|-0.4021|0.0657||3.95|25|3.35|12
GME220311P00133000||||15.36|15.36|12|||0|1|0|0|-0.6865|0.0192|-0.0223|-0.3984|0.0652||15.85|13|14.15|11
GME220311C00134000|3.50|3.50|3.28|5.65|3.37|13|-2.28|-0.4035|0|31|1|10|0.3006|0.0187|0.0071|-0.3943|0.0642||3.75|21|3.05|24
GME220311P00134000||||16.85|16.85|13|||0|5|0|0|-0.7025|0.0186|-0.0229|-0.3906|0.0637||16.55|13|14.90|11
GME220311C00135000|3.93|4.20|2.65|3.95|3.20|14|-0.75|-0.1899|32|194|1|81|0.2813|0.0181|0.0067|-0.3832|0.0622||3.45|14|2.99|11
GME220311P00135000|19.65|19.65|15.98|18.01|15.98|14|-2.03|-0.1127|1|47|1|2|-0.7177|0.0180|-0.0235|-0.3824|0.0621||16.75|11|15.30|12
GME220311C00136000|2.67|2.95|2.67|3.80|2.95|15|-0.85|-0.2237|0|25|2|4|0.2669|0.0175|0.0063|-0.3749|0.0605||3.30|22|2.72|21
GME220311P00136000||||||15||||0|0|0|-0.7320|0.0175|-0.0241|-0.3741|0.0605||17.65|11|15.85|24
GME220311C00137000|3.10|3.10|2.61|4.95|2.61|16|-2.34|-0.4727|-6|21|1|19|0.2532|0.0169|0.0060|-0.3664|0.0589||3.10|31|2.54|22
GME220311P00137000||||18.50|18.50|16|||0|1|0|0|-0.7421|0.0170|-0.0245|-0.3686|0.0594||18.65|21|16.40|25
GME220311C00138000|2.99|2.99|2.53|4.65|2.53|17|-2.12|-0.4559|2|71|1|4|0.2404|0.0163|0.0057|-0.3579|0.0573||2.97|21|2.42|20
GME220311P00138000||||||17||||0|0|0|-0.7585|0.0163|-0.0252|-0.3571|0.0572||19.65|22|17.40|24
GME220311C00139000|2.80|2.80|2.47|4.45|2.47|18|-1.98|-0.4449|0|38|1|2|0.2282|0.0157|0.0055|-0.3495|0.0557||2.81|22|2.25|22
GME220311P00139000||||20.50|20.50|18|||0|10|0|0|-0.7707|0.0157|-0.0258|-0.3486|0.0556||20.65|24|18.40|15
GME220311C00140000|3.10|3.22|2.05|3.18|2.50|19|-0.68|-0.2138|18|303|2|188|0.2168|0.0152|0.0052|-0.3410|0.0541||2.60|11|2.18|11
GME220311P00140000||||21.95|21.95|19|||0|27|0|0|-0.7821|0.0152|-0.0263|-0.3402|0.0540||21.65|25|19.25|23
GME220311C00141000||||4.20|4.20|20|||0|7|0|0|0.2060|0.0146|0.0050|-0.3327|0.0524||2.51|13|1.99|22
GME220311P00141000||||||20||||0|0|0|-0.7929|0.0146|-0.0268|-0.3319|0.0524||22.65|21|20.00|24
GME220311C00142000|2.77|2.77|2.10|3.93|2.12|21|-1.81|-0.4606|3|7|1|4|0.1959|0.0141|0.0047|-0.3245|0.0509||2.37|15|1.86|22
GME220311P00142000||||||21||||0|0|0|-0.8030|0.0140|-0.0273|-0.3237|0.0508||23.65|22|20.65|24
GME220311C00143000|2.01|2.08|2.01|3.18|2.08|22|-1.10|-0.3459|1|12|1|2|0.1863|0.0135|0.0045|-0.3164|0.0493||2.24|13|1.79|16
GME220311P00143000||||||22||||0|0|0|-0.8125|0.0135|-0.0277|-0.3156|0.0493||24.65|22|21.60|23
GME220311C00144000|2.05|2.05|1.80|3.40|2.02|23|-1.38|-0.4059|2|6|1|4|0.1798|0.0131|0.0043|-0.3114|0.0483||2.14|21|1.76|11
GME220311P00144000||||||23||||0|0|0|-0.8214|0.0130|-0.0282|-0.3077|0.0478||25.65|22|22.60|22
GME220311C00145000|3.30|3.30|1.62|2.70|1.91|24|-0.79|-0.2926|32|204|1|73|0.1690|0.0125|0.0041|-0.3008|0.0464||2.00|5|1.59|22
GME220311P00145000||||28.25|28.25|24|||0|15|0|0|-0.8275|0.0126|-0.0284|-0.3028|0.0469||26.60|24|23.60|23
GME220311C00146000|1.81|1.81|1.81|3.35|1.81|25|-1.54|-0.4597|9|17|10|10|0.1611|0.0120|0.0039|-0.2933|0.0450||1.97|21|1.51|21
GME220311P00146000||||||25||||0|0|0|-0.8355|0.0121|-0.0288|-0.2952|0.0454||27.60|23|24.45|22
GME220311C00147000|1.63|1.63|1.63|3.45|1.63|26|-1.82|-0.5275|0|9|1|1|0.1537|0.0115|0.0037|-0.2860|0.0435||1.84|20|1.47|13
GME220311P00147000|29.77|29.77|29.77|29.77|29.77|26|0.00|0.0000|5|5|5|5|-0.8451|0.0115|-0.0294|-0.2852|0.0435||28.60|24|25.45|23
GME220311C00148000|1.42|1.60|1.42|3.50|1.60|27|-1.90|-0.5429|7|8|1|7|0.1486|0.0112|0.0036|-0.2815|0.0427||1.76|20|1.40|22
GME220311P00148000||||||27||||0|0|0|-0.8521|0.0111|-0.0298|-0.2780|0.0422||29.60|25|26.20|22
GME220311C00149000|1.45|1.87|1.45|2.75|1.87|28|-0.88|-0.3200|0|2|1|2|0.1401|0.0107|0.0034|-0.2720|0.0409||1.70|19|1.31|22
GME220311P00149000||||||28||||0|0|0|-0.8586|0.0107|-0.0302|-0.2711|0.0409||30.60|24|27.20|22
GME220311C00150000|2.02|2.22|1.31|2.20|1.50|29|-0.70|-0.3182|246|913|1|635|0.1339|0.0103|0.0033|-0.2653|0.0397||1.55|8|1.46|1
GME220311P00150000|30.07|30.07|30.07|29.12|30.07|29|0.95|0.0326|5|34|5|5|-0.8648|0.0102|-0.0306|-0.2644|0.0397||31.05|12|28.20|23
GME220311C00152500|1.80|1.80|1.34|3.15|1.34|30|-1.81|-0.5746|8|33|1|13|0.1200|0.0093|0.0029|-0.2495|0.0368||1.42|1|1.14|21
GME220311P00152500|32.26|32.26|32.26|32.26|32.26|30|0.00|0.0000|1|1|1|1|-0.8787|0.0093|-0.0315|-0.2485|0.0367||34.40|23|30.05|22
GME220311C00155000|1.86|1.86|1.16|1.75|1.18|31|-0.57|-0.3257|41|107|1|83|0.1080|0.0084|0.0026|-0.2348|0.0341||1.30|20|1.05|21
GME220311P00155000|36.71|36.71|35.73|36.19|35.73|31|-0.46|-0.0127|4|16|2|7|-0.8907|0.0084|-0.0324|-0.2338|0.0341||35.90|23|32.90|23
GME220311C00157500|1.50|1.50|1.05|1.98|1.08|32|-0.90|-0.4545|11|13|1|19|0.0976|0.0077|0.0024|-0.2212|0.0317||1.25|23|0.88|29
GME220311P00157500||||||32||||0|0|0|-0.9011|0.0077|-0.0332|-0.2202|0.0317||39.20|23|34.95|22
GME220311C00160000|1.64|1.64|0.93|1.51|1.00|33|-0.51|-0.3377|51|289|3|209|0.0885|0.0070|0.0022|-0.2087|0.0294||1.00|9|0.95|50
GME220311P00160000|39.56|39.56|39.56|39.68|39.56|33|-0.12|-0.0030|1|25|1|1|-0.9102|0.0070|-0.0340|-0.2076|0.0294||41.00|23|36.95|23
GME220311C00162500|1.57|1.57|0.92|2.64|0.93|34|-1.71|-0.6477|3|20|1|3|0.0806|0.0064|0.0020|-0.1971|0.0274||0.99|16|0.72|32
GME220311P00162500||||||34||||0|0|0|-0.9181|0.0064|-0.0348|-0.1960|0.0274||44.10|23|39.45|22
GME220311C00165000|1.18|1.18|0.80|1.38|0.82|35|-0.56|-0.4058|10|63|2|46|0.0736|0.0059|0.0018|-0.1864|0.0256||1.00|41|0.70|20
GME220311P00165000|45.47|45.47|45.47|46.45|45.47|35|-0.98|-0.0211|0|14|2|2|-0.9251|0.0059|-0.0355|-0.1852|0.0256||46.10|23|41.80|23
GME220311C00170000|1.09|1.09|0.65|1.43|0.80|36|-0.63|-0.4406|226|519|1|310|0.0620|0.0049|0.0015|-0.1673|0.0223||0.85|163|0.66|10
GME220311P00170000|50.27|50.27|50.27|52.02|50.27|36|-1.75|-0.0336|0|24|1|1|-0.9367|0.0049|-0.0369|-0.1660|0.0223||51.45|24|46.80|24
GME220311C00175000|1.05|1.47|0.60|1.05|0.60|37|-0.45|-0.4286|39|189|1|157|0.0533|0.0042|0.0013|-0.1521|0.0199||0.67|1|0.58|10
GME220311P00175000|55.23|55.23|55.23|52.27|55.23|37|2.96|0.0566|1|7|1|1|-0.9459|0.0042|-0.0383|-0.1494|0.0197||56.35|24|51.60|23
GME220311C00180000|1.02|1.02|0.49|1.00|0.49|38|-0.51|-0.5100|53|574|1|108|0.0454|0.0036|0.0011|-0.1366|0.0174||0.63|1|0.40|22
GME220311P00180000||||59.65|59.65|38|||0|39|0|0|-0.9529|0.0036|-0.0394|-0.1362|0.0176||61.00|23|56.90|23
GME220311C00185000|0.79|0.90|0.41|0.88|0.45|39|-0.43|-0.4886|-11|154|2|118|0.0394|0.0031|0.0010|-0.1243|0.0155||0.64|13|0.31|21
GME220311P00185000||||62.18|62.18|39|||0|9|0|0|-0.9593|0.0031|-0.0408|-0.1226|0.0155||66.25|25|61.65|22
GME220311C00190000|0.92|0.92|0.40|0.79|0.45|40|-0.34|-0.4304|16|232|4|44|0.0344|0.0027|0.0008|-0.1135|0.0139||0.50|1|0.27|11
GME220311P00190000||||69.45|69.45|40|||0|23|0|0|-0.9642|0.0027|-0.0421|-0.1118|0.0139||71.20|25|66.70|23
GME220311C00195000|0.40|0.40|0.37|0.79|0.37|41|-0.42|-0.5316|4|148|2|6|0.0304|0.0024|0.0007|-0.1041|0.0125||0.52|20|0.35|10
GME220311P00195000||||97.48|97.48|41|||0|3|0|0|-0.9683|0.0024|-0.0433|-0.1023|0.0125||76.15|25|70.75|23
GME220311C00200000|0.74|0.74|0.30|0.69|0.33|42|-0.36|-0.5217|261|1482|5|514|0.0270|0.0021|0.0007|-0.0959|0.0113||0.36|1|0.30|12
GME220311P00200000|80.79|80.79|80.04|81.90|80.04|42|-1.86|-0.0227|1|33|1|2|-0.9717|0.0021|-0.0445|-0.0939|0.0113||81.15|25|76.35|22
GME220311C00205000|0.37|0.42|0.37|0.67|0.42|43|-0.25|-0.3731|24|169|8|24|0.0243|0.0019|0.0006|-0.0893|0.0104||0.45|21|0.15|12
GME220311P00205000|84.90|84.90|84.90|85.02|84.90|43|-0.12|-0.0014|0|15|1|1|-0.9746|0.0019|-0.0457|-0.0865|0.0103||86.10|25|81.30|23
GME220311C00210000|0.36|0.55|0.28|0.60|0.28|44|-0.32|-0.5333|4|641|1|10|0.0216|0.0017|0.0005|-0.0821|0.0094||0.38|11|0.19|22
GME220311P00210000||||89.12|89.12|44|||0|6|0|0|-0.9769|0.0017|-0.0467|-0.0805|0.0095||91.05|24|86.50|22
GME220311C00215000|0.35|0.35|0.27|0.56|0.27|45|-0.29|-0.5179|81|123|40|81|0.0195|0.0015|0.0005|-0.0764|0.0086||0.34|4|0.13|12
GME220311P00215000||||||45||||0|0|0|-0.9792|0.0015|-0.0480|-0.0740|0.0086||96.10|24|90.60|22
GME220311C00220000|0.52|0.52|0.22|0.51|0.24|46|-0.27|-0.5294|-67|135|40|131|0.0177|0.0013|0.0004|-0.0713|0.0079||0.33|4|0.28|1
GME220311P00220000||||98.50|98.50|46|||0|17|0|0|-0.9808|0.0014|-0.0491|-0.0692|0.0080||101.05|25|96.60|23
GME220311C00225000|0.50|0.50|0.21|0.53|0.21|47|-0.32|-0.6038|4|27|1|8|0.0163|0.0012|0.0004|-0.0671|0.0074||0.35|26|0.06|31
GME220311P00225000||||||47||||0|0|0|-0.9825|0.0012|-0.0504|-0.0640|0.0073||106.05|24|100.95|21
GME220311C00230000|0.45|0.45|0.24|0.65|0.24|48|-0.41|-0.6308|2|88|1|21|0.0148|0.0011|0.0004|-0.0625|0.0068||0.31|6|0.14|12
GME220311P00230000||||110.80|110.80|48|||0|1|0|0|-0.9838|0.0011|-0.0514|-0.0601|0.0068||111.00|22|105.55|23
GME220311C00235000|0.23|0.26|0.19|0.42|0.19|49|-0.23|-0.5476|7|24|1|8|0.0136|0.0010|0.0003|-0.0591|0.0063||0.32|4|0.14|10
GME220311P00235000||||||49||||0|0|0|-0.9851|0.0010|-0.0526|-0.0559|0.0063||116.05|24|110.50|22
GME220311C00240000|0.31|0.31|0.18|0.42|0.18|50|-0.24|-0.5714|8|88|1|13|0.0125|0.0009|0.0003|-0.0553|0.0058||0.24|6|0.17|1
GME220311P00240000||||119.88|119.88|50|||0|2|0|0|-0.9862|0.0009|-0.0538|-0.0524|0.0058||120.95|22|115.50|22
GME220311C00245000|0.24|0.30|0.17|0.46|0.17|50|-0.29|-0.6304|6|47|1|6|0.0116|0.0009|0.0003|-0.0522|0.0054||0.22|6|0.16|3
GME220311P00245000||||||50||||0|0|0|-0.9871|0.0009|-0.0549|-0.0491|0.0054||126.00|24|120.50|22
GME220311C00250000|0.21|0.27|0.13|0.40|0.15|50|-0.25|-0.6250|28|286|1|48|0.0108|0.0008|0.0003|-0.0498|0.0051||0.17|4|0.09|11
GME220311P00250000||||||50||||0|0|0|-0.9880|0.0008|-0.0561|-0.0462|0.0051||131.00|24|125.50|22
GME220311C00255000|0.18|0.18|0.15|0.40|0.15|50|-0.25|-0.6250|16|46|1|16|0.0100|0.0007|0.0002|-0.0471|0.0048||0.25|5|0.00|0
GME220311P00255000||||||50||||0|0|0|-0.9886|0.0007|-0.0571|-0.0437|0.0048||136.00|24|130.45|22
GME220311C00260000|0.30|0.30|0.11|0.33|0.11|50|-0.22|-0.6667|1995|2190|1|2033|0.0093|0.0007|0.0002|-0.0445|0.0045||0.20|7|0.01|16
GME220311P00260000||||||50||||0|0|0|-0.9894|0.0007|-0.0584|-0.0410|0.0045||140.95|24|135.45|22
GME220311C00265000|0.32|0.32|0.11|0.32|0.12|50|-0.20|-0.6250|878|1966|5|1346|0.0087|0.0006|0.0002|-0.0423|0.0042||0.12|29|0.11|1
GME220311P00265000||||||50||||0|0|0|-0.9900|0.0006|-0.0595|-0.0387|0.0042||145.95|23|140.90|22
GME220318C00010000||||90.80|90.80|28|||0|0|0|0|1.0000|0.0000|0.0000|-0.0072|0.0000||114.40|23|109.25|25
GME220318P00010000||||0.02|0.02|28|||0|630|0|0|-0.0004|0.0000|0.0000|-0.0038|0.0003||0.02|92|0.01|3
GME220318C00020000||||104.01|104.01|27|||0|0|0|0|0.9996|0.0001|0.0005|-0.0086|0.0003||104.50|22|99.30|16
GME220318P00020000|0.03|0.03|0.03|0.04|0.03|27|-0.01|-0.2500|-1|2111|1|2|-0.0011|0.0000|-0.0001|-0.0085|0.0009||0.04|7|0.00|0
GME220318C00030000||||91.17|91.17|26|||0|0|0|0|0.9983|0.0001|0.0022|-0.0145|0.0012||94.70|22|89.30|16
GME220318P00030000|0.08|0.08|0.07|0.10|0.07|26|-0.03|-0.3000|-1|967|1|2|-0.0024|0.0001|-0.0001|-0.0146|0.0018||0.06|10|0.05|2
GME220318C00040000||||||25||||0|0|0|0.9962|0.0002|0.0044|-0.0223|0.0026||84.35|22|79.25|25
GME220318P00040000||||0.14|0.14|25|||0|841|0|0|-0.0045|0.0002|-0.0003|-0.0223|0.0032||0.13|7|0.10|1
GME220318C00050000||||72.00|72.00|24|||0|3|0|0|0.9928|0.0005|0.0072|-0.0320|0.0047||74.80|23|69.30|25
GME220318P00050000|0.25|0.25|0.13|0.28|0.13|24|-0.15|-0.5357|5|1124|1|9|-0.0079|0.0004|-0.0005|-0.0320|0.0053||0.31|13|0.05|2
GME220318C00055000||||59.00|59.00|23|||0|4|0|0|0.9904|0.0006|0.0087|-0.0378|0.0061||69.85|23|64.35|24
GME220318P00055000|0.24|0.24|0.24|0.25|0.24|23|-0.01|-0.0400|0|159|3|3|-0.0103|0.0006|-0.0006|-0.0378|0.0068||0.56|222|0.05|1
GME220318C00060000|58.48|58.48|58.48|60.68|58.48|22|-2.20|-0.0363|0|10|1|1|0.9873|0.0008|0.0104|-0.0444|0.0078||63.65|22|59.40|25
GME220318P00060000|0.25|0.25|0.25|0.35|0.25|22|-0.10|-0.2857|0|678|11|11|-0.0134|0.0008|-0.0008|-0.0444|0.0085||0.32|81|0.01|114
