symbol|open|high|low|preClose|close|activeLevel|change|changeRatio|openIntChange|openInterest|latestPriceVol|volume|delta|gamma|rho|theta|vega|tradeStamptradeTime|ask|avol|bid|bvol
GME210401C00005000|189.00|189.00|189.00|189.70|189.00|50|-0.70|-0.0037|1|16|1|1|1.0000|0.0000|0.0003|0.0000|0.0000||187.65|12|183.45|4
GME210401P00005000|0.01|0.01|0.01|0.01|0.01|50|0.00|0.0000|-35|9269|1|32|0.0000|0.0000|0.0000|0.0000|0.0000||0.01|2269|0.00|0
GME210401C00010000||||187.70|187.70|50|0.00|0.0000|-3|17|0|0|1.0000|0.0000|0.0005|-0.0003|0.0000||182.65|10|179.05|3
GME210401P00010000|0.01|0.01|0.01|0.02|0.01|50|-0.01|-0.5000|62|3763|4|4|0.0000|0.0000|0.0000|0.0000|0.0000||0.01|531|0.00|0
GME210401C00015000|178.05|180.90|178.05|181.10|180.90|50|-0.20|-0.0011|20|28|1|2|1.0000|0.0000|0.0008|0.0000|0.0000||177.65|10|174.05|4
GME210401P00015000|0.01|0.09|0.01|0.01|0.01|50|0.00|0.0000|-6|3664|1|4|0.0000|0.0000|0.0000|-0.0026|0.0000||0.01|274|0.00|0
GME210401C00020000|175.35|176.10|175.35|178.00|176.10|50|-1.90|-0.0107|6|10|2|4|1.0000|0.0000|0.0011|-0.0001|0.0000||172.65|10|168.85|7
GME210401P00020000|0.01|0.01|0.01|0.01|0.01|50|0.00|0.0000|-6|3957|2|14|0.0000|0.0000|0.0000|-0.0024|0.0000||0.01|324|0.00|0
GME210401C00025000||||156.85|156.85|50|0.00|0.0000|0|24|0|0|1.0000|0.0000|0.0014|-0.0001|0.0000||167.65|10|163.85|7
GME210401P00025000||||0.01|0.01|50|0.00|0.0000|-8|1822|0|0|-0.0004|0.0000|0.0000|-0.0432|0.0002||0.01|27|0.00|0
GME210401C00030000|164.35|164.35|164.10|159.80|164.10|50|4.30|0.0269|-4|13|1|8|0.9989|0.0000|0.0016|-0.1192|0.0005||162.65|10|159.05|3
GME210401P00030000|0.01|0.10|0.01|0.01|0.01|50|0.00|0.0000|-6|1767|10|122|-0.0004|0.0000|0.0000|-0.0437|0.0002||0.01|80|0.00|0
GME210401C00035000|154.80|154.80|154.80|136.85|154.80|50|17.95|0.1312|0|4|2|2|1.0000|0.0000|0.0019|-0.0001|0.0000||157.65|10|154.05|4
GME210401P00035000|0.01|0.01|0.01|0.01|0.01|50|0.00|0.0000|180|1303|33|66|-0.0005|0.0000|0.0000|-0.0441|0.0002||0.01|222|0.00|0
GME210401C00040000|152.60|155.50|152.60|157.30|155.50|50|-1.80|-0.0114|5|40|1|2|0.9988|0.0000|0.0022|-0.1060|0.0006||152.60|10|148.85|7
GME210401P00040000|0.01|0.02|0.01|0.01|0.01|50|0.00|0.0000|-56|2120|7|508|-0.0008|0.0000|0.0000|-0.0696|0.0004||0.01|159|0.00|0
GME210401C00040500||||154.15|154.15|50|0.00|0.0000|6|31|0|0|1.0000|0.0000|0.0022|-0.0002|0.0000||152.10|10|147.75|7
GME210401P00040500|0.01|0.01|0.01|0.02|0.01|50|-0.01|-0.5000|7|543|1|97|-0.0008|0.0000|0.0000|-0.0697|0.0004||0.01|12|0.00|0
GME210401C00041000|151.50|151.50|147.70|149.50|147.70|50|-1.80|-0.0120|-1|8|1|13|0.9986|0.0000|0.0022|-0.1222|0.0006||151.60|10|148.05|4
GME210401P00041000|0.01|0.01|0.01|0.02|0.01|50|-0.01|-0.5000|19|352|5|5|-0.0008|0.0000|0.0000|-0.0698|0.0004||0.01|5|0.00|0
GME210401C00041500||||153.25|153.25|50|0.00|0.0000|3|7|0|0|0.9976|0.0001|0.0022|-0.2190|0.0011||151.10|10|147.55|3
GME210401P00041500|0.01|0.01|0.01|0.01|0.01|50|0.00|0.0000|0|101|1|1|-0.0005|0.0000|0.0000|-0.0445|0.0003||0.02|2|0.00|0
GME210401C00042000||||155.45|155.45|50|0.00|0.0000|-1|1|0|0|1.0000|0.0000|0.0023|-0.0001|0.0000||150.60|10|146.85|7
GME210401P00042000|0.01|0.02|0.01|0.02|0.02|50|0.00|0.0000|-24|197|1|7|-0.0009|0.0000|0.0000|-0.0808|0.0005||0.01|5|0.00|0
GME210401C00042500||||145.35|145.35|50|0.00|0.0000|4|12|0|0|1.0000|0.0000|0.0023|-0.0001|0.0000||150.10|10|146.35|7
GME210401P00042500|0.01|0.01|0.01|0.03|0.01|50|-0.02|-0.6667|0|103|1|9|-0.0008|0.0000|0.0000|-0.0701|0.0004||0.01|1|0.00|0
GME210401C00043000||||144.85|144.85|50|0.00|0.0000|3|6|0|0|1.0000|0.0000|0.0024|-0.0001|0.0000||149.60|10|145.20|9
GME210401P00043000||||0.02|0.02|50|0.00|0.0000|15|172|0|0|-0.0010|0.0000|0.0000|-0.0804|0.0005||0.02|2|0.00|0
GME210401C00043500|150.90|150.90|150.90|142.95|150.90|50|7.95|0.0556|4|10|1|1|0.9972|0.0001|0.0023|-0.2444|0.0012||149.10|10|145.55|4
GME210401P00043500||||0.02|0.02|50|0.00|0.0000|57|249|0|0|-0.0010|0.0000|0.0000|-0.0808|0.0005||0.01|1|0.00|0
GME210401C00044000||||148.45|148.45|50|0.00|0.0000|1|34|0|0|0.9989|0.0000|0.0024|-0.0925|0.0005||148.60|10|144.85|7
GME210401P00044000||||0.02|0.02|50|0.00|0.0000|33|151|0|0|-0.0010|0.0000|0.0000|-0.0804|0.0005||0.01|1|0.00|0
GME210401C00044500||||155.65|155.65|50|0.00|0.0000|-2|11|0|0|0.9987|0.0000|0.0024|-0.1118|0.0006||148.10|10|144.30|7
GME210401P00044500|0.01|0.01|0.01|0.02|0.01|50|-0.01|-0.5000|153|289|5|42|-0.0009|0.0000|0.0000|-0.0701|0.0004||0.01|1|0.00|0
GME210401C00045000||||149.45|149.45|50|0.00|0.0000|0|44|0|0|0.9987|0.0000|0.0025|-0.1034|0.0006||147.60|10|144.05|4
GME210401P00045000|0.01|0.02|0.01|0.02|0.01|50|-0.01|-0.5000|-81|712|7|68|-0.0010|0.0000|0.0000|-0.0809|0.0005||0.01|3|0.00|0
GME210401C00045500||||141.35|141.35|50|0.00|0.0000|0|2|0|0|0.9987|0.0000|0.0025|-0.1032|0.0006||147.10|10|143.55|4
GME210401P00045500|0.01|0.01|0.01|0.01|0.01|50|0.00|0.0000|0|109|6|51|-0.0010|0.0000|0.0000|-0.0805|0.0005||0.01|2|0.00|0
GME210401C00046000|153.00|153.00|141.60|147.35|141.60|50|-5.75|-0.0390|0|12|1|2|0.9986|0.0000|0.0025|-0.1110|0.0006||146.60|10|143.05|4
GME210401P00046000|0.01|0.01|0.01|0.02|0.01|50|-0.01|-0.5000|-1|63|1|1|-0.0010|0.0000|0.0000|-0.0805|0.0005||0.02|10|0.00|0
GME210401C00046500||||135.10|135.10|50|0.00|0.0000|-2|6|0|0|0.9985|0.0000|0.0025|-0.1192|0.0007||146.10|11|142.55|3
GME210401P00046500|0.01|0.01|0.01|0.04|0.01|50|-0.03|-0.7500|-1|50|3|95|-0.0010|0.0000|0.0000|-0.0805|0.0005||0.01|11|0.00|0
GME210401C00047000||||147.65|147.65|50|0.00|0.0000|6|8|0|0|1.0000|0.0000|0.0026|-0.0002|0.0000||145.60|10|141.85|7
GME210401P00047000|0.01|0.01|0.01|0.02|0.01|50|-0.01|-0.5000|0|203|2|22|-0.0010|0.0000|0.0000|-0.0810|0.0005||0.01|10|0.00|0
GME210401C00047500||||137.45|137.45|50|0.00|0.0000|0|11|0|0|0.9998|0.0000|0.0026|-0.0145|0.0001||145.10|10|141.35|7
GME210401P00047500||||0.03|0.03|50|0.00|0.0000|1|131|0|0|-0.0010|0.0000|0.0000|-0.0805|0.0005||0.04|5|0.00|0
GME210401C00048000||||134.10|134.10|50|0.00|0.0000|-29|46|0|0|0.9988|0.0000|0.0026|-0.0918|0.0006||144.60|10|140.20|5
GME210401P00048000|0.01|0.01|0.01|0.03|0.01|50|-0.02|-0.6667|1|115|1|1|-0.0022|0.0001|0.0000|-0.1740|0.0010||0.02|1|0.00|0
GME210401C00048500||||137.46|137.46|50|0.00|0.0000|0|37|0|0|0.9990|0.0000|0.0026|-0.0757|0.0005||144.10|10|139.70|9
GME210401P00048500|0.01|0.01|0.01|0.02|0.01|50|-0.01|-0.5000|12|73|3|15|-0.0010|0.0000|0.0000|-0.0805|0.0005||0.02|4|0.00|0
GME210401C00049000|146.70|146.70|146.70|140.05|146.70|50|6.65|0.0475|0|76|1|1|0.9988|0.0000|0.0027|-0.0916|0.0006||143.60|10|140.05|4
GME210401P00049000|0.01|0.01|0.01|0.02|0.01|50|-0.01|-0.5000|3|197|3|7|-0.0011|0.0000|0.0000|-0.0805|0.0005||0.02|5|0.00|0
GME210401C00049500|140.00|140.00|140.00|142.30|140.00|50|-2.30|-0.0162|5|20|1|1|1.0000|0.0000|0.0027|-0.0002|0.0000||143.10|10|138.70|9
GME210401P00049500|0.02|0.02|0.02|0.02|0.02|50|0.00|0.0000|3|178|1|2|-0.0012|0.0000|0.0000|-0.0910|0.0006||0.02|5|0.00|0
GME210401C00050000|146.02|146.02|139.15|142.00|141.80|50|-0.20|-0.0014|5|78|1|26|0.9973|0.0001|0.0027|-0.2138|0.0012||142.60|11|139.05|4
GME210401P00050000|0.01|0.04|0.01|0.03|0.01|50|-0.02|-0.6667|120|4276|1|754|-0.0012|0.0000|0.0000|-0.0915|0.0006||0.01|1|0.00|0
GME210401C00050500||||140.04|140.04|50|0.00|0.0000|-3|127|0|0|0.9985|0.0001|0.0027|-0.1169|0.0007||142.10|10|138.55|4
GME210401P00050500|0.01|0.03|0.01|0.03|0.02|50|-0.01|-0.3333|-15|771|9|67|-0.0011|0.0000|0.0000|-0.0810|0.0005||0.01|1|0.00|0
GME210401C00051000||||143.80|143.80|50|0.00|0.0000|-19|87|0|0|0.9980|0.0001|0.0028|-0.1549|0.0009||141.60|10|138.05|4
GME210401P00051000|0.10|0.10|0.01|0.03|0.01|50|-0.02|-0.6667|11|148|10|21|-0.0011|0.0000|0.0000|-0.0810|0.0005||0.01|7|0.00|0
GME210401C00051500||||141.65|141.65|50|0.00|0.0000|1|57|0|0|1.0000|0.0000|0.0028|-0.0002|0.0000||141.10|10|137.35|7
GME210401P00051500|0.02|0.02|0.02|0.03|0.02|50|-0.01|-0.3333|0|40|1|1|-0.0023|0.0001|0.0000|-0.1752|0.0010||0.10|2|0.00|0
GME210401C00052000|142.90|142.90|142.90|140.12|142.90|50|2.78|0.0198|-2|36|3|3|0.9985|0.0001|0.0028|-0.1076|0.0007||140.60|11|136.85|7
GME210401P00052000|0.02|0.03|0.01|0.03|0.01|50|-0.02|-0.6667|4|134|3|19|-0.0011|0.0000|0.0000|-0.0805|0.0005||0.02|1|0.01|2
GME210401C00052500||||139.35|139.35|50|0.00|0.0000|0|107|0|0|1.0000|0.0000|0.0029|-0.0003|0.0000||140.10|10|136.35|7
GME210401P00052500|0.01|0.01|0.01|0.09|0.01|50|-0.08|-0.8889|3|117|20|21|-0.0031|0.0001|0.0000|-0.2318|0.0013||0.02|1|0.00|0
GME210401C00053000||||138.85|138.85|50|0.00|0.0000|-6|4|0|0|-0.9274|0.0138|-0.0052|-0.3460|0.0086||139.60|10|135.85|7
GME210401P00053000|0.02|0.02|0.01|0.05|0.01|50|-0.04|-0.8000|1|189|1|3|-0.0013|0.0000|0.0000|-0.0911|0.0006||0.05|2|0.01|4
GME210401C00053500||||114.50|114.50|49|0.00|0.0000|0|16|0|0|1.0000|0.0000|0.0029|-0.0004|0.0000||139.10|10|135.35|7
GME210401P00053500|0.01|0.01|0.01|0.04|0.01|49|-0.03|-0.7500|1|124|1|1|-0.0048|0.0001|-0.0001|-0.3610|0.0020||0.08|1|0.00|0
GME210401C00054000||||140.80|140.80|50|0.00|0.0000|-1|85|0|0|1.0000|0.0000|0.0030|-0.0004|0.0000||138.60|10|134.85|7
GME210401P00054000||||0.10|0.10|50|0.00|0.0000|0|121|0|0|-0.0015|0.0001|0.0000|-0.1033|0.0007||0.06|1|0.00|0
GME210401C00054500||||131.40|131.40|50|0.00|0.0000|-1|286|0|0|1.0000|0.0000|0.0030|-0.0003|0.0000||138.10|11|134.35|7
GME210401P00054500|0.01|0.01|0.01|0.04|0.01|50|-0.03|-0.7500|0|128|1|1|-0.0035|0.0001|0.0000|-0.2557|0.0015||0.03|1|0.00|0
GME210401C00055000|137.50|137.50|137.50|141.70|137.50|50|-4.20|-0.0296|-27|285|1|1|1.0000|0.0000|0.0030|-0.0003|0.0000||137.60|10|133.85|7
GME210401P00055000|0.02|0.03|0.01|0.03|0.02|50|-0.01|-0.3333|-37|670|6|101|-0.0015|0.0001|0.0000|-0.1034|0.0007||0.02|4|0.01|3
GME210401C00055500|143.25|143.25|140.55|138.65|140.55|50|1.90|0.0137|-2|4|3|6|1.0000|0.0000|0.0030|-0.0003|0.0000||137.10|10|133.35|7
GME210401P00055500|0.03|0.03|0.03|0.05|0.03|50|-0.02|-0.4000|6|127|5|70|-0.0033|0.0001|0.0000|-0.2390|0.0014||0.03|1|0.01|2
GME210401C00056000|140.93|140.93|138.90|130.65|138.90|50|8.25|0.0631|-4|26|3|10|1.0000|0.0000|0.0031|-0.0003|0.0000||136.60|10|132.85|7
GME210401P00056000|0.02|0.02|0.01|0.03|0.01|50|-0.02|-0.6667|0|173|1|4|-0.0023|0.0001|0.0000|-0.1601|0.0010||0.20|1|0.01|3
GME210401C00056500||||133.45|133.45|50|0.00|0.0000|3|11|0|0|1.0000|0.0000|0.0031|-0.0003|0.0000||136.10|10|132.35|7
GME210401P00056500|0.01|0.01|0.01|0.03|0.01|50|-0.02|-0.6667|0|445|1|1|-0.0050|0.0001|-0.0001|-0.3619|0.0020||0.20|1|0.01|2
GME210401C00057000|134.05|135.16|134.05|132.30|135.16|50|2.86|0.0216|0|13|3|5|1.0000|0.0000|0.0031|-0.0003|0.0000||135.60|10|131.85|7
GME210401P00057000|0.02|0.02|0.01|0.03|0.02|50|-0.01|-0.3333|26|188|1|11|-0.0012|0.0000|0.0000|-0.0810|0.0006||0.02|1|0.00|0
GME210401C00057500||||139.10|139.10|50|0.00|0.0000|-1|8|0|0|1.0000|0.0000|0.0032|-0.0005|0.0000||135.10|10|131.35|7
GME210401P00057500|0.02|0.02|0.02|0.02|0.02|50|0.00|0.0000|0|44|1|1|-0.0012|0.0001|0.0000|-0.0810|0.0006||0.03|1|0.00|0
GME210401C00058000||||134.35|134.35|50|0.00|0.0000|0|52|0|0|1.0000|0.0000|0.0032|-0.0003|0.0000||134.60|10|130.85|7
GME210401P00058000|0.03|0.03|0.02|0.03|0.03|50|0.00|0.0000|19|124|4|16|-0.0016|0.0001|0.0000|-0.1036|0.0007||0.05|2|0.01|2
GME210401C00058500||||124.60|124.60|50|0.00|0.0000|-4|16|0|0|1.0000|0.0000|0.0032|-0.0003|0.0000||134.10|10|130.35|7
GME210401P00058500|0.03|0.03|0.02|0.04|0.03|50|-0.01|-0.2500|0|74|3|72|-0.0034|0.0001|0.0000|-0.2311|0.0014||0.05|2|0.01|2
GME210401C00059000||||128.54|128.54|50|0.00|0.0000|0|1|0|0|0.9999|0.0000|0.0032|-0.0054|0.0000||133.60|10|129.85|7
GME210401P00059000|0.03|0.03|0.03|0.03|0.03|50|0.00|0.0000|13|131|7|21|-0.0034|0.0001|0.0000|-0.2321|0.0015||0.20|1|0.00|0
GME210401C00059500||||124.40|124.40|50|0.00|0.0000|0|237|0|0|1.0000|0.0000|0.0033|-0.0005|0.0000||133.10|20|129.35|7
GME210401P00059500|0.03|0.04|0.03|0.03|0.03|50|0.00|0.0000|17|192|8|23|-0.0016|0.0001|0.0000|-0.1037|0.0007||0.03|1|0.00|0
GME210401C00060000|134.75|134.75|134.75|125.97|134.75|50|8.78|0.0697|-4|64|1|1|1.0000|0.0000|0.0033|-0.0002|0.0000||132.60|10|128.85|7
GME210401P00060000|0.02|0.05|0.01|0.03|0.01|50|-0.02|-0.6667|-25|2684|3|456|-0.0018|0.0001|0.0000|-0.1166|0.0008||0.02|1|0.00|0
GME210401C00060500||||127.04|127.04|50|0.00|0.0000|0|22|0|0|0.9999|0.0000|0.0033|-0.0053|0.0000||132.10|11|128.35|7
GME210401P00060500|0.02|0.04|0.01|0.06|0.01|50|-0.05|-0.8333|-20|226|1|46|-0.0037|0.0001|0.0000|-0.2461|0.0016||0.06|38|0.01|3
GME210401C00061000||||119.60|119.60|50|0.00|0.0000|-2|23|0|0|1.0000|0.0000|0.0033|-0.0006|0.0000||131.60|10|127.85|7
GME210401P00061000|0.05|0.05|0.01|0.05|0.01|50|-0.04|-0.8000|4|129|1|12|-0.0014|0.0001|0.0000|-0.0919|0.0007||0.04|2|0.00|0
GME210401C00061500||||127.04|127.04|50|0.00|0.0000|-42|245|0|0|0.9998|0.0000|0.0034|-0.0139|0.0001||131.10|21|127.35|4
GME210401P00061500|0.04|0.04|0.04|0.04|0.04|50|0.00|0.0000|1|94|1|1|-0.0016|0.0001|0.0000|-0.1038|0.0007||0.20|1|0.01|1
GME210401C00062000||||132.05|132.05|50|0.00|0.0000|37|92|0|0|1.0000|0.0000|0.0034|-0.0004|0.0000||130.60|11|126.85|7
GME210401P00062000|0.03|0.04|0.02|0.08|0.02|50|-0.06|-0.7500|-3|437|2|235|-0.0015|0.0001|0.0000|-0.0919|0.0007||0.03|2|0.00|0
GME210401C00063000||||124.15|124.15|50|0.00|0.0000|-20|175|0|0|1.0000|0.0000|0.0035|-0.0005|0.0000||129.60|20|125.85|7
GME210401P00063000|0.06|0.06|0.01|0.03|0.01|50|-0.02|-0.6667|13|282|29|45|-0.0015|0.0001|0.0000|-0.0919|0.0007||0.04|2|0.01|549
GME210401C00064000||||137.50|137.50|49|0.00|0.0000|-20|666|0|0|1.0000|0.0000|0.0035|-0.0003|0.0000||128.60|21|124.20|7
GME210401P00064000|0.05|0.05|0.01|0.04|0.01|49|-0.03|-0.7500|20|219|29|245|-0.0019|0.0001|0.0000|-0.1171|0.0009||0.04|1|0.00|0
GME210401C00065000|130.65|131.20|130.13|134.26|130.25|50|-4.01|-0.0299|-61|89|1|8|1.0000|0.0000|0.0036|-0.0006|0.0000||127.60|10|124.05|3
GME210401P00065000|0.04|0.16|0.02|0.05|0.03|50|-0.02|-0.4000|60|983|1|422|-0.0024|0.0001|0.0000|-0.1468|0.0011||0.03|1|0.01|20
GME210401C00070000|124.85|128.20|119.00|122.20|120.90|50|-1.30|-0.0106|-21|57|1|63|0.9977|0.0001|0.0038|-0.1303|0.0010||122.60|21|119.50|4
GME210401P00070000|0.04|0.07|0.02|0.07|0.02|50|-0.05|-0.7143|48|3741|20|255|-0.0036|0.0001|0.0000|-0.2074|0.0015||0.02|1|0.01|25
GME210401C00075000|118.80|120.30|114.65|119.85|118.95|50|-0.90|-0.0075|-90|41|1|26|0.9983|0.0001|0.0041|-0.0863|0.0008||117.60|21|113.85|7
GME210401P00075000|0.07|0.08|0.02|0.07|0.02|50|-0.05|-0.7143|10|2038|6|221|-0.0047|0.0002|-0.0001|-0.2538|0.0019||0.04|2|0.01|30
GME210401C00080000|112.55|115.55|112.34|112.09|115.55|50|3.46|0.0309|8|107|2|7|0.9998|0.0000|0.0044|-0.0082|0.0001||112.60|21|108.85|7
GME210401P00080000|0.08|0.12|0.03|0.10|0.04|50|-0.06|-0.6000|4|1521|1|478|-0.0051|0.0002|-0.0001|-0.2533|0.0021||0.04|2|0.03|10
GME210401C00085000|110.19|110.50|110.19|111.42|110.50|50|-0.92|-0.0083|-31|32|4|7|0.9996|0.0000|0.0047|-0.0155|0.0002||107.60|10|103.85|7
GME210401P00085000|0.14|0.14|0.03|0.14|0.03|50|-0.11|-0.7857|-9|453|1|180|-0.0055|0.0002|-0.0001|-0.2528|0.0022||0.04|10|0.03|5
GME210401C00090000|102.69|103.25|102.69|102.95|103.25|50|0.30|0.0029|-12|18|1|2|0.9963|0.0002|0.0049|-0.1576|0.0016||102.65|10|98.80|7
GME210401P00090000|0.14|0.19|0.04|0.18|0.05|50|-0.13|-0.7222|-151|941|5|475|-0.0084|0.0004|-0.0001|-0.3645|0.0032||0.05|28|0.03|19
GME210401C00095000|103.95|103.95|100.00|100.92|100.50|50|-0.42|-0.0042|-2|96|1|13|0.9960|0.0002|0.0052|-0.1558|0.0017||97.60|4|94.05|3
GME210401P00095000|0.17|0.22|0.05|0.24|0.08|50|-0.16|-0.6667|-26|1246|1|380|-0.0129|0.0005|-0.0002|-0.5305|0.0047||0.07|10|0.05|6
GME210401C00100000|95.55|97.35|90.80|93.90|96.26|50|2.36|0.0251|-13|290|4|48|0.9936|0.0003|0.0054|-0.2359|0.0026||92.60|4|88.85|7
GME210401P00100000|0.20|0.32|0.06|0.26|0.10|50|-0.16|-0.6154|-497|10724|1|2157|-0.0143|0.0006|-0.0002|-0.5444|0.0051||0.12|18|0.10|27
GME210401C00105000||||90.00|90.00|50|0.00|0.0000|-1|126|0|0|0.9928|0.0004|0.0057|-0.2440|0.0028||87.65|1|83.90|5
GME210401P00105000|0.26|0.37|0.09|0.29|0.11|50|-0.18|-0.6207|35|453|1|157|-0.0152|0.0007|-0.0002|-0.5341|0.0054||0.12|1|0.11|4
GME210401C00106000|88.10|90.60|88.10|89.00|90.60|50|1.60|0.0180|-13|20|1|5|0.9925|0.0004|0.0057|-0.2512|0.0029||86.65|10|82.85|7
GME210401P00106000|0.26|0.31|0.12|0.34|0.12|50|-0.22|-0.6471|25|98|2|18|-0.0153|0.0007|-0.0002|-0.5296|0.0054||0.13|2|0.08|2
GME210401C00107000|92.00|92.00|92.00|81.15|92.00|50|10.85|0.1337|-9|0|1|1|0.9924|0.0004|0.0058|-0.2494|0.0030||85.70|10|81.85|7
GME210401P00107000|0.32|0.32|0.13|0.30|0.22|50|-0.08|-0.2667|0|26|1|20|-0.0182|0.0008|-0.0002|-0.6289|0.0063||0.14|2|0.01|11
GME210401C00108000||||90.10|90.10|50|0.00|0.0000|-8|2|0|0|0.9921|0.0005|0.0058|-0.2569|0.0031||84.80|12|80.90|7
GME210401P00108000|0.30|0.33|0.12|0.30|0.12|50|-0.18|-0.6000|-5|183|1|15|-0.0196|0.0008|-0.0002|-0.6682|0.0067||0.37|22|0.01|11
GME210401C00109000||||87.70|87.70|49|0.00|0.0000|5|11|0|0|0.9917|0.0005|0.0059|-0.2645|0.0032||83.80|12|79.90|7
GME210401P00109000|0.16|0.22|0.11|0.34|0.12|49|-0.22|-0.6471|1|143|3|8|-0.0208|0.0009|-0.0002|-0.7002|0.0070||0.15|2|0.01|6
GME210401C00110000|82.75|82.75|82.75|76.80|82.75|48|5.95|0.0775|-11|38|5|5|0.9913|0.0005|0.0059|-0.2724|0.0033||82.70|11|78.95|7
GME210401P00110000|0.32|0.35|0.10|0.45|0.15|48|-0.30|-0.6667|-57|1602|1|992|-0.0183|0.0008|-0.0002|-0.5974|0.0063||0.17|1|0.08|1
GME210401C00111000|84.85|84.85|84.85|88.45|84.85|47|-3.60|-0.0407|3|12|1|1|0.9909|0.0005|0.0060|-0.2806|0.0035||81.80|2|77.90|6
GME210401P00111000|0.32|0.36|0.14|0.42|0.15|47|-0.27|-0.6429|-5|166|1|58|-0.0206|0.0009|-0.0002|-0.6682|0.0070||0.17|2|0.05|1
GME210401C00112000||||83.95|83.95|46|0.00|0.0000|-2|6|0|0|0.9905|0.0006|0.0060|-0.2891|0.0036||80.85|10|76.90|4
GME210401P00112000|0.32|0.37|0.14|0.44|0.14|46|-0.30|-0.6818|2|62|2|89|-0.0177|0.0009|-0.0002|-0.5584|0.0061||0.43|22|0.14|1
GME210401C00113000|82.60|82.60|82.60|86.90|82.60|45|-4.30|-0.0495|6|13|1|1|0.9904|0.0006|0.0061|-0.2875|0.0036||79.85|10|75.90|7
GME210401P00113000|0.38|0.38|0.15|0.38|0.17|45|-0.21|-0.5526|-3|32|1|13|-0.0274|0.0011|-0.0003|-0.8797|0.0089||0.44|1|0.01|23
GME210401C00114000|81.15|81.15|78.79|80.20|78.79|44|-1.41|-0.0176|14|30|4|9|0.9896|0.0006|0.0061|-0.3069|0.0039||78.85|10|74.65|5
GME210401P00114000|0.35|0.40|0.16|0.43|0.18|44|-0.25|-0.5814|51|208|10|42|-0.0279|0.0012|-0.0003|-0.8812|0.0090||0.46|20|0.01|23
GME210401C00115000|80.17|80.19|80.17|81.35|80.19|43|-1.16|-0.0143|1|54|1|2|0.9887|0.0007|0.0062|-0.3272|0.0042||77.70|10|73.95|7
GME210401P00115000|0.36|0.42|0.15|0.48|0.16|43|-0.32|-0.6667|60|419|4|410|-0.0308|0.0013|-0.0004|-0.9623|0.0098||0.20|2|0.15|1
GME210401C00116000|75.25|75.25|75.25|83.19|75.25|42|-7.94|-0.0954|-2|12|1|1|0.9890|0.0007|0.0062|-0.3147|0.0041||76.75|12|73.00|7
GME210401P00116000|0.43|0.43|0.08|0.53|0.18|42|-0.35|-0.6604|-14|262|3|141|-0.0301|0.0013|-0.0004|-0.9202|0.0096||0.49|1|0.02|1
GME210401C00117000|78.55|78.85|78.55|80.10|78.85|41|-1.25|-0.0156|3|19|7|14|0.9884|0.0007|0.0063|-0.3244|0.0043||75.75|23|71.95|7
GME210401P00117000|0.38|0.41|0.18|0.50|0.18|41|-0.32|-0.6400|7|86|1|52|-0.0305|0.0013|-0.0004|-0.9168|0.0097||0.50|22|0.01|12
GME210401C00118000|70.00|70.00|70.00|81.80|70.00|40|-11.80|-0.1443|4|11|1|1|0.9871|0.0008|0.0063|-0.3579|0.0047||74.75|10|70.95|4
GME210401P00118000|0.45|0.45|0.19|0.67|0.20|40|-0.47|-0.7015|1|99|2|14|-0.0309|0.0013|-0.0004|-0.9133|0.0098||0.50|22|0.01|35
GME210401C00119000||||79.70|79.70|39|0.00|0.0000|2|21|0|0|0.9865|0.0008|0.0064|-0.3688|0.0049||73.90|10|69.95|4
GME210401P00119000|0.39|0.43|0.20|0.48|0.22|39|-0.26|-0.5417|-7|99|1|22|-0.0338|0.0014|-0.0004|-0.9917|0.0106||0.55|23|0.01|34
GME210401C00120000|76.69|77.00|72.35|75.75|74.63|38|-1.12|-0.0148|0|311|1|16|-0.0205|0.0010|-0.0002|-0.6076|0.0070||72.70|10|68.55|5
GME210401P00120000|0.38|0.51|0.17|0.57|0.25|38|-0.32|-0.5614|-15|1739|5|782|-0.0335|0.0014|-0.0004|-0.9588|0.0105||0.29|1|0.16|10
GME210401C00121000|74.80|74.80|74.80|74.50|74.80|37|0.30|0.0040|0|42|1|1|0.9784|0.0011|0.0064|-0.5852|0.0073||71.75|10|68.00|7
GME210401P00121000|0.40|0.40|0.20|0.61|0.20|37|-0.41|-0.6721|-8|59|1|34|-0.0362|0.0015|-0.0004|-1.0274|0.0112||0.52|1|0.13|13
GME210401C00122000||||74.20|74.20|36|0.00|0.0000|2|61|0|0|0.9778|0.0012|0.0064|-0.5894|0.0074||70.80|10|67.00|4
GME210401P00122000|0.42|0.42|0.19|0.51|0.27|36|-0.24|-0.4706|-1|76|8|33|-0.0375|0.0016|-0.0004|-1.0505|0.0115||0.50|22|0.28|10
GME210401C00123000|71.60|71.60|71.60|72.80|71.60|35|-1.20|-0.0165|3|47|1|1|0.9801|0.0011|0.0065|-0.5142|0.0068||69.80|12|66.00|6
GME210401P00123000|0.48|0.51|0.23|0.65|0.25|35|-0.40|-0.6154|1|72|1|11|-0.0372|0.0016|-0.0004|-1.0170|0.0114||0.50|24|0.07|24
GME210401C00124000|70.80|70.80|70.80|74.70|70.80|34|-3.90|-0.0522|4|37|1|1|0.9760|0.0013|0.0065|-0.6166|0.0079||68.95|12|65.00|7
GME210401P00124000|0.45|0.48|0.25|0.57|0.30|34|-0.27|-0.4737|-11|88|1|10|-0.0394|0.0017|-0.0005|-1.0605|0.0120||0.51|1|0.25|1
GME210401C00125000|70.55|71.50|66.43|70.55|66.52|33|-4.03|-0.0571|-30|84|1|21|0.9754|0.0013|0.0066|-0.6213|0.0081||67.80|22|63.60|7
GME210401P00125000|0.51|0.59|0.19|0.76|0.30|33|-0.46|-0.6053|-48|1167|3|428|-0.0400|0.0018|-0.0005|-1.0578|0.0121||0.49|10|0.30|40
GME210401C00126000||||69.25|69.25|32|0.00|0.0000|6|20|0|0|0.9734|0.0014|0.0066|-0.6601|0.0087||66.95|10|63.05|6
GME210401P00126000|0.44|0.53|0.22|0.70|0.27|32|-0.43|-0.6143|75|164|16|31|-0.0424|0.0018|-0.0005|-1.1104|0.0127||0.36|1|0.13|23
GME210401C00127000|67.30|67.30|67.30|72.35|67.30|31|-5.05|-0.0698|1|10|2|2|0.9734|0.0015|0.0067|-0.6504|0.0087||66.00|10|62.05|4
GME210401P00127000|0.53|0.53|0.29|0.76|0.29|31|-0.47|-0.6184|-4|91|16|19|-0.0431|0.0019|-0.0005|-1.1079|0.0129||0.50|12|0.13|14
GME210401C00128000|67.89|67.89|67.89|63.45|67.89|30|4.44|0.0700|2|27|5|5|0.9723|0.0015|0.0067|-0.6656|0.0090||65.00|12|61.10|7
GME210401P00128000|0.46|0.63|0.40|0.75|0.55|30|-0.20|-0.2667|8|129|1|13|-0.0432|0.0019|-0.0005|-1.0836|0.0129||0.50|55|0.11|1
GME210401C00129000||||70.25|70.25|29|0.00|0.0000|-2|9|0|0|0.9707|0.0016|0.0067|-0.6912|0.0094||63.85|10|60.10|7
GME210401P00129000|0.57|0.60|0.26|0.78|0.29|29|-0.49|-0.6282|-3|41|1|107|-0.0451|0.0020|-0.0005|-1.1179|0.0134||0.39|1|0.07|12
GME210401C00130000|68.30|68.30|60.21|67.00|65.01|28|-1.99|-0.0297|4|179|1|22|0.9683|0.0017|0.0068|-0.7383|0.0100||62.80|6|59.10|6
GME210401P00130000|0.69|0.69|0.21|0.80|0.35|28|-0.45|-0.5625|38|1367|1|405|-0.0471|0.0021|-0.0005|-1.1424|0.0138||0.40|28|0.30|1
GME210401C00131000|65.90|65.90|65.50|61.95|65.50|27|3.55|0.0573|4|15|1|4|0.9658|0.0018|0.0068|-0.7826|0.0107||62.05|12|58.15|7
GME210401P00131000|0.41|0.44|0.40|0.98|0.40|27|-0.58|-0.5918|25|87|1|38|-0.0504|0.0022|-0.0006|-1.2128|0.0146||0.54|22|0.13|24
GME210401C00132000||||63.25|63.25|26|0.00|0.0000|-2|10|0|0|0.9648|0.0019|0.0068|-0.7942|0.0109||60.90|10|56.55|7
GME210401P00132000|0.73|0.73|0.30|0.90|0.38|26|-0.52|-0.5778|-3|161|3|119|-0.0528|0.0023|-0.0006|-1.2517|0.0152||0.45|1|0.13|20
GME210401C00133000|63.05|63.05|63.05|70.98|63.05|25|-7.93|-0.1117|-5|19|5|5|0.9624|0.0020|0.0069|-0.8345|0.0115||59.95|10|56.15|7
GME210401P00133000|0.71|0.71|0.27|0.97|0.33|25|-0.64|-0.6598|-2|58|2|16|-0.0550|0.0024|-0.0006|-1.2811|0.0157||0.58|24|0.35|1
GME210401C00134000|61.90|61.90|61.90|61.00|61.90|24|0.90|0.0148|-1|15|1|1|0.9595|0.0021|0.0069|-0.8873|0.0123||59.10|10|54.80|4
GME210401P00134000|0.68|0.77|0.32|1.04|0.39|24|-0.65|-0.6250|10|97|1|17|-0.0612|0.0026|-0.0007|-1.4129|0.0170||0.56|2|0.07|24
GME210401C00135000|61.43|61.43|56.85|64.45|56.85|23|-7.60|-0.1179|-5|85|1|13|0.9639|0.0021|0.0070|-0.7616|0.0112||57.95|22|53.55|5
GME210401P00135000|0.89|0.89|0.30|1.05|0.45|23|-0.60|-0.5714|122|747|1|252|-0.0584|0.0026|-0.0007|-1.3073|0.0164||0.56|1|0.35|1
GME210401C00136000|60.00|61.70|60.00|61.90|61.70|22|-0.20|-0.0032|-1|499|1|13|0.9504|0.0025|0.0069|-1.0641|0.0144||57.00|11|53.20|7
GME210401P00136000|0.68|0.68|0.32|1.10|0.41|22|-0.69|-0.6273|5|63|10|21|-0.0629|0.0027|-0.0007|-1.3909|0.0174||0.54|10|0.13|20
GME210401C00137000|61.76|61.76|61.76|59.00|61.76|21|2.76|0.0468|5|19|1|1|0.9491|0.0026|0.0069|-1.0687|0.0147||56.15|10|51.50|4
GME210401P00137000|0.73|0.75|0.48|1.06|0.51|21|-0.55|-0.5189|-5|61|2|25|-0.0649|0.0028|-0.0008|-1.4144|0.0178||0.60|1|0.11|22
GME210401C00138000|58.65|58.65|57.90|61.35|57.90|20|-3.45|-0.0562|-1|21|2|4|0.9475|0.0027|0.0070|-1.0816|0.0151||55.15|11|51.25|7
GME210401P00138000|0.79|0.91|0.48|1.30|0.61|20|-0.69|-0.5308|49|157|1|12|-0.0694|0.0030|-0.0008|-1.4948|0.0188||0.58|10|0.09|6
GME210401C00139000|53.90|53.90|53.90|60.35|53.90|19|-6.45|-0.1069|0|43|1|1|0.9400|0.0029|0.0069|-1.2298|0.0168||54.20|12|50.30|7
GME210401P00139000|0.82|0.89|0.29|1.24|0.50|19|-0.74|-0.5968|3|113|1|51|-0.0698|0.0031|-0.0008|-1.4671|0.0189||0.60|10|0.24|12
GME210401C00140000|57.00|57.15|50.86|58.86|50.86|18|-8.00|-0.1359|30|833|1|144|0.9421|0.0029|0.0070|-1.1505|0.0163||52.85|6|49.15|7
GME210401P00140000|0.95|1.12|0.31|1.35|0.55|18|-0.80|-0.5926|427|1761|1|651|-0.0729|0.0032|-0.0008|-1.5012|0.0195||0.60|1|0.45|5
GME210401C00141000|52.30|54.95|52.00|52.95|52.00|17|-0.95|-0.0179|-3|44|1|4|0.9914|0.0009|0.0076|-0.1432|0.0033||52.10|12|48.30|4
GME210401P00141000|0.75|0.99|0.34|1.23|0.52|17|-0.71|-0.5772|6|129|1|89|-0.0755|0.0033|-0.0009|-1.5243|0.0200||0.65|10|0.24|16
GME210401C00142000|54.13|54.13|54.13|54.50|54.13|16|-0.37|-0.0068|-12|26|1|1|0.9912|0.0010|0.0077|-0.1432|0.0033||51.05|2|47.35|7
GME210401P00142000|1.00|1.03|0.35|1.50|0.60|16|-0.90|-0.6000|123|241|1|86|-0.0805|0.0035|-0.0009|-1.6055|0.0210||0.76|14|0.50|2
GME210401C00143000|48.88|52.00|48.88|54.50|52.00|15|-2.50|-0.0459|3|24|6|8|0.9910|0.0010|0.0077|-0.1432|0.0034||50.10|2|45.50|6
GME210401P00143000|1.01|1.06|0.45|1.50|0.55|15|-0.95|-0.6333|10|57|1|93|-0.0823|0.0036|-0.0010|-1.6141|0.0214||0.76|15|0.24|17
GME210401C00144000|47.98|49.16|47.98|53.50|49.16|14|-4.34|-0.0811|11|52|1|2|0.9809|0.0018|0.0077|-0.3091|0.0066||49.15|5|45.40|7
GME210401P00144000|1.09|1.18|0.44|1.55|0.57|14|-0.98|-0.6323|3|411|3|68|-0.0849|0.0037|-0.0010|-1.6317|0.0219||0.76|10|0.43|2
GME210401C00145000|46.15|52.00|44.90|53.50|47.40|13|-6.10|-0.1140|-6|153|2|19|0.9801|0.0019|0.0077|-0.3129|0.0068||48.15|10|43.65|6
GME210401P00145000|1.50|1.50|0.37|1.76|0.68|13|-1.08|-0.6136|5|1543|5|421|-0.0898|0.0039|-0.0010|-1.6915|0.0228||0.81|4|0.37|17
GME210401C00146000|45.00|50.00|45.00|51.05|50.00|12|-1.05|-0.0206|-2|4|1|2|0.9713|0.0024|0.0077|-0.4529|0.0092||47.25|12|42.60|6
GME210401P00146000|1.03|1.25|0.49|1.64|0.73|12|-0.91|-0.5549|8|152|1|49|-0.0917|0.0040|-0.0011|-1.6973|0.0232||0.81|10|0.37|1
GME210401C00147000|52.15|52.15|52.15|42.00|52.15|11|10.15|0.2417|-1|4|1|1|0.9656|0.0027|0.0077|-0.5361|0.0107||46.25|2|41.70|3
GME210401P00147000|1.29|1.30|0.48|1.81|0.67|11|-1.14|-0.6298|238|300|2|124|-0.0991|0.0042|-0.0011|-1.8076|0.0245||0.87|10|0.75|4
GME210401C00148000|45.84|46.75|43.82|49.35|46.75|10|-2.60|-0.0527|-7|36|5|12|0.9558|0.0032|0.0076|-0.6868|0.0132||45.30|1|40.65|3
GME210401P00148000|1.10|1.32|0.44|1.73|0.75|10|-0.98|-0.5665|49|221|2|84|-0.1025|0.0044|-0.0012|-1.8300|0.0251||0.88|10|0.37|1
GME210401C00149000|44.76|45.75|42.89|40.40|45.75|9|5.35|0.1324|42|113|5|12|0.9548|0.0033|0.0077|-0.6839|0.0134||44.30|10|40.55|3
GME210401P00149000|1.33|1.48|0.45|1.80|0.80|9|-1.00|-0.5556|67|183|1|141|-0.1080|0.0045|-0.0013|-1.9099|0.0261||0.92|10|0.65|4
GME210401C00150000|46.65|49.88|39.35|45.75|42.10|8|-3.65|-0.0798|8|822|1|113|0.9309|0.0041|0.0074|-1.0703|0.0187||42.50|1|38.85|4
GME210401P00150000|1.49|1.66|0.48|2.10|0.95|8|-1.15|-0.5476|483|3677|1|1859|-0.1155|0.0047|-0.0013|-2.0091|0.0274||1.09|10|0.90|5
GME210401C00155000|45.00|45.00|36.00|44.40|36.00|7|-8.40|-0.1892|-147|266|1|81|0.9013|0.0054|0.0074|-1.4071|0.0245||38.60|12|34.65|7
GME210401P00155000|1.91|2.20|0.59|2.80|1.03|7|-1.77|-0.6321|264|588|1|613|-0.1423|0.0056|-0.0017|-2.2593|0.0317||1.19|10|0.94|50
GME210401C00160000|38.02|41.00|32.00|35.50|32.57|6|-2.93|-0.0825|-346|1009|1|252|0.8522|0.0067|0.0071|-1.9912|0.0325||34.00|23|29.95|7
GME210401P00160000|2.50|2.72|0.79|3.35|1.45|6|-1.90|-0.5672|133|923|1|1356|-0.1713|0.0066|-0.0020|-2.4529|0.0358||1.45|10|1.20|1
GME210401C00165000|32.00|33.25|26.50|35.15|27.20|5|-7.95|-0.2262|-178|723|1|178|0.8357|0.0083|0.0072|-1.8520|0.0348||29.45|10|25.40|3
GME210401P00165000|3.00|3.55|1.05|4.20|1.83|5|-2.37|-0.5643|-34|501|1|1204|-0.2076|0.0076|-0.0024|-2.6835|0.0403||2.16|15|1.54|4
GME210401C00170000|30.60|32.00|22.10|31.00|23.75|4|-7.25|-0.2339|-27|855|1|497|0.7653|0.0092|0.0066|-2.5596|0.0432||24.85|10|20.75|3
GME210401P00170000|4.10|4.85|1.40|5.41|2.42|4|-2.99|-0.5527|327|1267|21|2314|-0.2502|0.0087|-0.0029|-2.9179|0.0447||2.72|11|2.17|4
GME210401C00175000|26.77|28.15|18.05|27.15|18.77|3|-8.38|-0.3087|-6|458|20|194|0.7100|0.0101|0.0062|-2.8875|0.0482||20.80|10|16.50|13
GME210401P00175000|5.35|6.35|2.00|7.00|3.49|3|-3.51|-0.5014|258|872|1|1857|-0.3011|0.0094|-0.0036|-3.2202|0.0490||3.50|1|2.87|4
GME210401C00180000|24.90|24.90|14.45|21.60|15.00|2|-6.60|-0.3056|-15|972|1|722|0.6578|0.0115|0.0059|-2.9449|0.0517||16.80|10|13.20|3
GME210401P00180000|6.10|8.30|2.70|8.70|4.63|2|-4.07|-0.4678|59|1041|1|3726|-0.3527|0.0101|-0.0042|-3.4044|0.0523||4.85|1|4.50|1
GME210401C00185000|21.00|22.23|10.90|18.00|11.77|1|-6.23|-0.3461|-228|653|20|834|0.5949|0.0114|0.0053|-3.2832|0.0545||12.45|2|10.70|1
GME210401P00185000|7.70|10.56|4.00|10.65|6.40|1|-4.25|-0.3991|171|456|1|1676|-0.4069|0.0104|-0.0049|-3.6162|0.0546||6.80|5|5.35|13
GME210401C00190000|16.90|18.45|8.25|16.25|9.03|1|-7.22|-0.4443|219|1323|1|1653|0.5365|0.0116|0.0048|-3.3984|0.0559||9.50|12|8.25|1
GME210401P00190000|10.45|13.20|5.50|12.99|8.50|1|-4.49|-0.3457|234|623|10|2691|-0.4611|0.0108|-0.0056|-3.6354|0.0559||9.00|6|8.25|10
GME210401C00195000|15.10|15.53|6.15|13.70|6.88|2|-6.82|-0.4978|118|542|1|2051|0.4829|0.0112|0.0044|-3.5587|0.0561||7.40|1|6.10|3
GME210401P00195000|13.00|16.25|7.95|15.70|11.45|2|-4.25|-0.2707|202|359|1|1196|-0.5147|0.0109|-0.0063|-3.6545|0.0561||11.55|1|10.25|1
GME210401C00200000|12.45|13.90|4.55|11.85|5.10|3|-6.75|-0.5696|1173|3948|1|10762|0.4219|0.0115|0.0039|-3.3152|0.0550||5.80|4|5.00|2
GME210401P00200000|17.00|19.20|10.40|19.30|15.10|3|-4.20|-0.2176|197|1032|1|976|-0.5686|0.0109|-0.0070|-3.5546|0.0553||15.75|3|14.65|4
GME210401C00205000|10.55|11.66|3.70|9.80|4.39|4|-5.41|-0.5520|581|1311|1|1538|0.3752|0.0108|0.0035|-3.3256|0.0534||4.75|12|3.90|5
GME210401P00205000|18.43|22.00|15.05|19.40|17.90|4|-1.50|-0.0773|5|111|1|54|-0.6116|0.0103|-0.0077|-3.5689|0.0540||20.25|3|16.90|16
GME210401C00210000|9.95|10.00|2.80|8.45|3.25|5|-5.20|-0.6154|594|1742|1|2276|0.3321|0.0101|0.0031|-3.2575|0.0511||3.40|1|3.00|7
GME210401P00210000|23.14|25.55|19.10|24.00|21.99|5|-2.01|-0.0838|5|103|1|88|-0.6514|0.0096|-0.0083|-3.5453|0.0521||23.90|7|20.80|12
GME210401C00215000|7.40|8.45|2.17|7.35|3.00|6|-4.35|-0.5918|-245|635|2|1775|0.2882|0.0095|0.0027|-3.0629|0.0480||2.90|1|2.29|5
GME210401P00215000|25.36|28.40|23.50|26.95|27.61|6|0.66|0.0245|8|91|1|88|-0.6924|0.0091|-0.0089|-3.3864|0.0495||28.65|7|25.05|2
GME210401C00220000|6.90|6.95|1.68|6.50|2.25|7|-4.25|-0.6538|326|1352|1|4283|0.2567|0.0087|0.0024|-2.9837|0.0453||2.30|1|2.20|1
GME210401P00220000|29.14|34.38|27.15|33.40|30.10|7|-3.30|-0.0988|-25|118|1|82|-0.7257|0.0085|-0.0095|-3.2744|0.0469||33.15|7|29.70|2
GME210401C00225000|5.20|5.90|1.40|5.40|1.96|8|-3.44|-0.6370|-348|609|1|1774|0.2349|0.0079|0.0022|-2.9857|0.0432||2.30|21|1.90|1
GME210401P00225000|33.00|38.78|31.00|37.45|34.75|8|-2.70|-0.0721|6|134|3|105|-0.7511|0.0078|-0.0100|-3.2224|0.0446||37.80|5|34.40|1
GME210401C00230000|5.00|5.00|1.17|5.00|1.73|9|-3.27|-0.6540|341|972|1|1612|0.1949|0.0073|0.0018|-2.6038|0.0388||2.00|24|1.70|3
GME210401P00230000|39.10|42.75|36.85|41.00|38.60|9|-2.40|-0.0585|-2|73|1|66|-0.7781|0.0072|-0.0106|-3.0706|0.0419||42.55|4|39.00|1
GME210401C00235000|4.30|4.50|1.00|4.36|1.50|10|-2.86|-0.6560|278|636|1|1387|0.1800|0.0066|0.0017|-2.5960|0.0369||1.65|1|1.50|1
GME210401P00235000|45.00|48.03|41.74|43.30|44.15|10|0.85|0.0196|5|65|1|20|-0.7889|0.0066|-0.0109|-3.1651|0.0407||47.70|3|43.95|20
GME210401C00240000|3.50|4.30|0.84|3.70|1.38|11|-2.32|-0.6270|347|992|1|3999|0.1509|0.0060|0.0014|-2.2865|0.0329||1.29|2|1.24|1
GME210401P00240000|52.81|52.81|46.15|48.35|49.65|11|1.30|0.0269|1|101|1|19|-0.8130|0.0061|-0.0114|-2.9556|0.0378||52.35|7|48.70|24
GME210401C00242500|3.80|3.80|0.80|3.75|1.35|12|-2.40|-0.6400|12|143|1|152|0.1472|0.0057|0.0014|-2.3106|0.0324||1.54|12|1.09|5
GME210401P00242500|52.00|55.45|48.20|49.05|52.55|12|3.50|0.0714|11|35|1|11|0.1799|0.0060|0.0018|-2.8663|0.0369||55.05|3|51.20|10
GME210401C00245000|3.20|3.20|0.77|3.04|1.50|13|-1.54|-0.5066|207|535|2|493|0.1389|0.0055|0.0013|-2.2420|0.0311||1.49|19|1.03|10
GME210401P00245000|52.15|52.15|50.50|51.55|51.00|13|-0.55|-0.0107|2|33|1|6|-0.8268|0.0056|-0.0118|-2.9027|0.0361||57.15|4|53.65|10
GME210401C00247500|2.95|2.95|0.80|3.62|1.28|14|-2.34|-0.6464|108|175|4|177|0.1351|0.0052|0.0013|-2.2507|0.0306||1.40|22|0.87|4
GME210401P00247500|55.90|60.85|53.15|54.40|53.15|14|-1.25|-0.0230|6|22|2|27|-0.8315|0.0054|-0.0120|-2.9101|0.0354||59.65|7|56.10|20
GME210401C00250000|2.90|3.10|0.66|2.90|1.13|15|-1.77|-0.6103|529|3885|1|8570|0.1227|0.0050|0.0012|-2.0855|0.0286||1.15|20|1.09|1
GME210401P00250000|58.35|63.20|55.24|60.65|60.00|15|-0.65|-0.0107|-2|4538|6|81|-0.8353|0.0052|-0.0122|-2.9290|0.0349||62.15|7|58.55|2
GME210401C00252500|2.41|2.41|0.72|2.62|1.11|16|-1.51|-0.5763|69|293|1|149|0.1130|0.0047|0.0011|-1.9626|0.0270||1.22|12|0.85|12
GME210401P00252500|59.75|62.13|59.75|65.30|62.13|16|-3.17|-0.0485|1|13|1|7|-0.8524|0.0050|-0.0125|-2.6588|0.0325||64.55|7|60.90|12
GME210401C00255000|1.85|2.68|0.64|2.50|1.23|17|-1.27|-0.5080|53|412|1|430|0.1063|0.0044|0.0010|-1.8905|0.0258||1.22|22|0.82|12
GME210401P00255000|58.95|61.21|58.95|71.38|61.21|17|-10.17|-0.1425|2|25|10|11|-0.8482|0.0049|-0.0126|-2.8334|0.0331||67.05|1|63.40|10
GME210401C00257500|1.74|1.74|0.64|3.00|0.99|18|-2.01|-0.6700|20|100|1|85|0.1027|0.0043|0.0010|-1.8762|0.0252||1.21|14|0.72|24
GME210401P00257500|62.00|62.62|62.00|70.05|62.62|18|-7.43|-0.1061|-1|15|1|2|-0.8501|0.0047|-0.0127|-2.8749|0.0328||69.55|1|65.85|1
GME210401C00260000|2.26|2.51|0.55|2.49|0.85|19|-1.64|-0.6586|260|1466|1|1663|0.1050|0.0042|0.0010|-1.9781|0.0256||0.85|1|0.72|12
GME210401P00260000|66.05|70.20|66.05|73.65|70.20|19|-3.45|-0.0468|0|56|1|2|-0.8554|0.0046|-0.0129|-2.8359|0.0320||72.05|1|68.30|1
GME210401C00262500|2.18|2.18|0.59|2.34|1.00|20|-1.34|-0.5726|20|217|1|147|0.0984|0.0040|0.0009|-1.8932|0.0244||1.00|23|0.71|12
GME210401P00262500||||71.60|71.60|20|0.00|0.0000|3|11|0|0|-0.8608|0.0044|-0.0131|-2.7905|0.0312||74.55|7|70.75|10
GME210401C00265000|2.01|2.01|0.56|2.00|0.86|21|-1.14|-0.5700|15|220|2|161|0.0924|0.0038|0.0009|-1.8138|0.0233||0.94|22|0.64|12
GME210401P00265000|68.50|71.95|68.50|69.55|71.00|21|1.45|0.0208|0|32|1|8|-0.8680|0.0042|-0.0133|-2.6969|0.0301||76.80|7|73.20|12
GME210401C00267500|1.62|1.62|0.56|1.87|0.85|22|-1.02|-0.5455|101|199|1|40|0.0907|0.0037|0.0009|-1.8215|0.0230||0.92|23|0.58|24
GME210401P00267500|77.15|77.15|74.45|73.65|74.45|22|0.80|0.0109|2|26|3|4|-0.8707|0.0041|-0.0135|-2.7018|0.0297||79.50|7|75.70|10
GME210401C00270000|1.79|1.85|0.44|1.98|0.80|23|-1.18|-0.5960|31|725|1|390|0.0882|0.0035|0.0008|-1.8129|0.0225||0.92|36|0.58|12
GME210401P00270000|79.65|79.65|76.00|81.45|76.00|23|-5.45|-0.0669|4|118|1|9|-0.8786|0.0039|-0.0137|-2.5785|0.0284||81.95|6|78.15|30
GME210401C00272500|1.61|1.61|0.50|1.86|0.71|24|-1.15|-0.6183|14|127|1|31|0.0860|0.0034|0.0008|-1.8086|0.0221||0.73|1|0.50|6
GME210401P00272500||||86.35|86.35|24|0.00|0.0000|-8|11|0|0|-0.8808|0.0038|-0.0138|-2.5847|0.0280||84.20|4|80.65|10
GME210401C00275000|1.62|1.79|0.43|1.85|0.64|25|-1.21|-0.6541|25|672|1|536|0.0794|0.0032|0.0007|-1.6971|0.0208||0.80|95|0.50|12
GME210401P00275000|81.42|87.85|81.42|78.90|87.80|25|8.90|0.1128|1|22|1|9|-0.8836|0.0037|-0.0140|-2.5753|0.0276||86.70|7|83.10|20
GME210401C00277500|1.55|1.55|0.53|2.52|0.60|26|-1.92|-0.7619|63|107|1|44|0.0813|0.0032|0.0008|-1.7760|0.0212||0.75|1|0.50|11
GME210401P00277500||||90.70|90.70|26|0.00|0.0000|0|13|0|0|-0.8793|0.0037|-0.0141|-2.7410|0.0283||89.15|4|85.60|10
GME210401C00280000|1.48|1.50|0.41|1.60|0.50|27|-1.10|-0.6875|128|382|1|251|0.0786|0.0031|0.0007|-1.7524|0.0206||0.80|33|0.50|7
GME210401P00280000|86.35|86.35|86.35|85.55|86.35|27|0.80|0.0094|5|148|2|2|-0.8875|0.0035|-0.0143|-2.5895|0.0269||91.65|7|88.05|34
GME210401C00282500|1.16|1.20|0.46|1.89|0.56|28|-1.33|-0.7037|5|67|1|65|0.0754|0.0030|0.0007|-1.7120|0.0200||0.70|1|0.26|12
GME210401P00282500|87.50|90.05|87.50|96.25|90.05|28|-6.20|-0.0644|3|15|1|2|-0.8893|0.0034|-0.0145|-2.5970|0.0266||94.15|5|90.55|1
GME210401C00285000|1.36|1.36|0.42|1.70|0.61|29|-1.09|-0.6412|3|248|1|62|0.0696|0.0028|0.0007|-1.6033|0.0188||0.75|12|0.40|4
GME210401P00285000|89.60|89.60|89.60|97.42|89.60|29|-7.82|-0.0803|-1|29|1|1|-0.8868|0.0034|-0.0146|-2.7140|0.0270||96.65|7|93.00|12
GME210401C00287500|1.12|1.12|0.45|1.80|0.56|30|-1.24|-0.6889|47|105|1|44|0.0720|0.0028|0.0007|-1.6933|0.0193||0.75|35|0.25|24
GME210401P00287500||||93.60|93.60|30|0.00|0.0000|0|25|0|0|-0.8937|0.0033|-0.0148|-2.5817|0.0258||99.30|7|95.50|20
GME210401C00290000|1.24|1.27|0.40|1.43|0.46|31|-0.97|-0.6783|173|321|1|199|0.0701|0.0027|0.0007|-1.6788|0.0189||0.75|36|0.25|14
GME210401P00290000||||99.35|99.35|31|0.00|0.0000|12|78|0|0|-0.8998|0.0031|-0.0150|-2.4678|0.0248||101.65|7|98.00|10
GME210401C00295000|1.42|1.42|0.39|1.40|0.47|32|-0.93|-0.6643|51|426|10|99|0.0649|0.0025|0.0006|-1.6055|0.0178||0.48|1|0.25|12
GME210401P00295000||||108.03|108.03|32|0.00|0.0000|-1|21|0|0|-0.8975|0.0030|-0.0152|-2.6227|0.0252||106.60|3|102.95|10
GME210401C00300000|1.29|1.32|0.32|1.30|0.37|33|-0.93|-0.7154|914|5318|1|3150|0.0548|0.0022|0.0005|-1.3879|0.0156||0.38|28|0.35|3
GME210401P00300000|109.27|109.54|103.95|109.00|104.25|33|-4.75|-0.0436|19|118|1|76|-0.9052|0.0029|-0.0156|-2.4907|0.0238||111.65|3|107.90|20
GME210401C00305000|1.05|1.08|0.32|1.20|0.39|34|-0.81|-0.6750|1|159|1|102|0.0527|0.0021|0.0005|-1.3780|0.0151||0.35|7|0.18|1
GME210401P00305000||||110.75|110.75|34|0.00|0.0000|-1|7|0|0|-0.9043|0.0028|-0.0158|-2.5998|0.0239||116.60|7|112.80|12
GME210401C00310000|1.09|1.09|0.31|1.04|0.36|35|-0.68|-0.6538|216|441|1|250|0.0461|0.0019|0.0004|-1.2359|0.0136||0.30|1|0.25|1
GME210401P00310000|113.75|117.53|113.75|122.86|117.53|35|-5.33|-0.0434|13|25|1|8|-0.9073|0.0027|-0.0162|-2.5902|0.0234||121.45|7|117.85|12
GME210401C00315000|0.85|0.85|0.30|1.10|0.35|36|-0.75|-0.6818|56|118|1|45|0.0475|0.0019|0.0004|-1.3113|0.0139||0.45|30|0.10|15
GME210401P00315000||||127.04|127.04|36|0.00|0.0000|1|10|0|0|-0.9053|0.0026|-0.0164|-2.7285|0.0238||126.45|7|122.80|12
GME210401C00320000|0.89|0.89|0.26|1.13|0.29|37|-0.84|-0.7434|5|339|4|159|0.0471|0.0018|0.0004|-1.3395|0.0138||0.30|1|0.10|15
GME210401P00320000|124.40|124.40|124.40|132.00|124.40|37|-7.60|-0.0576|3|24|2|2|-0.9116|0.0025|-0.0167|-2.6033|0.0226||131.45|4|127.80|12
GME210401C00325000|0.78|0.78|0.25|1.09|0.28|38|-0.81|-0.7431|51|239|1|41|0.0419|0.0016|0.0004|-1.2171|0.0126||0.30|1|0.10|24
GME210401P00325000||||136.88|136.88|38|0.00|0.0000|6|11|0|0|-0.9077|0.0024|-0.0170|-2.7987|0.0233||136.45|7|132.75|10
GME210401C00330000|0.98|1.30|0.24|0.88|0.24|39|-0.64|-0.7273|601|916|2|360|0.0403|0.0016|0.0004|-1.2021|0.0122||0.23|1|0.10|24
GME210401P00330000|137.35|137.35|137.35|137.65|137.35|39|-0.30|-0.0022|3|36|2|2|-0.9214|0.0022|-0.0174|-2.4190|0.0207||141.45|7|137.75|2
GME210401C00335000|0.75|0.75|0.21|1.04|0.21|40|-0.83|-0.7981|34|273|2|36|0.0392|0.0015|0.0004|-1.1948|0.0119||0.74|22|0.10|22
GME210401P00335000|138.45|138.45|138.45|146.70|138.45|40|-8.25|-0.0562|2|7|6|6|-0.9178|0.0022|-0.0176|-2.5999|0.0214||146.45|7|142.65|15
GME210401C00340000|0.70|0.70|0.21|0.85|0.21|41|-0.64|-0.7529|42|180|9|48|0.0337|0.0013|0.0003|-1.0460|0.0105||0.19|2|0.10|21
GME210401P00340000|147.35|147.35|147.35|144.94|147.35|41|2.41|0.0166|6|17|7|7|-0.9329|0.0020|-0.0180|-2.1474|0.0183||151.45|6|147.65|15
GME210401C00350000|0.80|0.80|0.14|0.81|0.14|42|-0.67|-0.8272|344|1844|1|2384|0.0332|0.0013|0.0003|-1.0796|0.0104||0.17|1|0.10|10
GME210401P00350000|154.30|162.70|154.30|163.76|160.77|42|-2.99|-0.0183|2|71|1|57|-0.9308|0.0019|-0.0186|-2.3158|0.0187||161.45|7|157.65|33
GME210401C00360000|0.66|0.66|0.14|0.78|0.14|43|-0.64|-0.8205|161|814|1|311|0.0252|0.0010|0.0002|-0.8468|0.0083||0.16|1|0.10|1
GME210401P00360000|161.65|163.70|161.65|160.75|163.45|43|2.70|0.0168|8|31|1|5|-0.9331|0.0018|-0.0191|-2.3271|0.0183||171.40|7|167.60|10
GME210401C00365000|0.70|0.70|0.13|1.31|0.13|44|-1.18|-0.9008|33|96|3|71|0.0256|0.0010|0.0002|-0.8771|0.0084||0.29|1|0.05|2
GME210401P00365000|175.75|177.65|170.03|177.71|170.12|44|-7.59|-0.0427|2|63|1|85|-0.9315|0.0018|-0.0194|-2.4330|0.0186||176.40|7|172.65|10
GME210401C00370000|0.59|0.63|0.12|0.76|0.12|45|-0.64|-0.8421|232|695|25|356|0.0232|0.0009|0.0002|-0.8077|0.0077||0.14|1|0.05|12
GME210401P00370000|182.30|182.30|178.10|182.83|178.10|45|-4.73|-0.0259|3|17|1|6|-0.9357|0.0017|-0.0197|-2.3188|0.0177||181.35|4|177.60|10
GME210401C00375000|0.63|0.63|0.09|0.63|0.09|46|-0.54|-0.8571|-3|283|1|156|0.0251|0.0010|0.0002|-0.8924|0.0082||0.35|11|0.05|11
GME210401P00375000|187.30|187.30|180.10|187.62|180.10|46|-7.52|-0.0401|4|6|4|22|-0.9335|0.0017|-0.0200|-2.4457|0.0182||186.35|6|182.60|33
GME210401C00380000|0.56|0.58|0.10|0.62|0.10|47|-0.52|-0.8387|100|293|4|118|0.0243|0.0009|0.0002|-0.8784|0.0080||0.12|6|0.05|2
GME210401P00380000|192.30|192.30|188.10|191.64|188.10|47|-3.54|-0.0185|6|30|1|15|-0.9375|0.0016|-0.0203|-2.3342|0.0173||191.35|7|187.60|20
GME210401C00385000|0.45|0.48|0.09|0.75|0.09|48|-0.66|-0.8800|29|87|1|49|0.0244|0.0009|0.0002|-0.8985|0.0081||0.21|6|0.01|2
GME210401P00385000|190.10|190.10|190.10|196.62|190.10|48|-6.52|-0.0332|0|9|4|6|-0.9348|0.0016|-0.0205|-2.4813|0.0179||196.35|6|192.60|12
GME210401C00390000|0.31|0.31|0.08|0.75|0.08|49|-0.67|-0.8933|1|385|9|106|0.0241|0.0009|0.0002|-0.9013|0.0080||0.20|2|0.04|2
GME210401P00390000|202.30|202.30|194.77|201.61|195.19|49|-6.42|-0.0318|0|8|3|109|-0.9358|0.0016|-0.0208|-2.4780|0.0177||201.35|7|197.60|23
GME210401C00395000|0.50|0.50|0.12|0.50|0.16|50|-0.34|-0.6800|26|125|1|49|0.0229|0.0008|0.0002|-0.8714|0.0076||0.23|2|0.01|1
GME210401P00395000|200.09|200.09|200.09|206.70|200.09|50|-6.61|-0.0320|0|10|4|4|-0.9348|0.0016|-0.0211|-2.5608|0.0179||206.35|7|202.55|5
GME210401C00400000|0.53|0.60|0.09|0.55|0.10|50|-0.45|-0.8182|252|5315|1|1895|0.0228|0.0008|0.0002|-0.8800|0.0076||0.10|56|0.09|7
GME210401P00400000|204.89|205.09|204.89|207.00|205.09|50|-1.91|-0.0092|4|8|4|26|-0.9373|0.0015|-0.0214|-2.4943|0.0174||211.35|6|207.60|10
GME210401C00405000|0.56|0.56|0.10|0.52|0.10|50|-0.42|-0.8077|41|172|1|59|0.0223|0.0008|0.0002|-0.8744|0.0075||0.22|2|0.04|25
GME210401P00405000|209.85|211.00|209.85|221.95|211.00|50|-10.95|-0.0493|0|11|4|8|-0.9398|0.0015|-0.0217|-2.4301|0.0168||216.25|7|212.55|10
GME210401C00410000|0.23|0.24|0.09|0.97|0.09|50|-0.88|-0.9072|12|80|6|37|0.0207|0.0008|0.0002|-0.8224|0.0070||0.19|11|0.01|1
GME210401P00410000||||223.25|223.25|50|0.00|0.0000|5|19|0|0|-0.9416|0.0014|-0.0220|-2.3882|0.0164||221.25|7|217.55|10
GME210401C00415000|0.33|0.33|0.08|0.58|0.08|50|-0.50|-0.8621|33|69|3|24|0.0196|0.0007|0.0002|-0.7895|0.0067||0.20|2|0.06|2
GME210401P00415000|217.65|223.05|217.65|217.85|223.05|50|5.20|0.0239|2|15|1|4|-0.9424|0.0014|-0.0222|-2.3880|0.0163||226.25|6|222.55|10
GME210401C00420000|0.42|0.42|0.08|0.46|0.08|50|-0.38|-0.8261|-19|313|1|115|0.0232|0.0008|0.0002|-0.9510|0.0077||0.12|1|0.07|2
GME210401P00420000||||232.70|232.70|50|0.00|0.0000|2|25|0|0|-0.9426|0.0014|-0.0225|-2.4084|0.0162||231.25|6|227.55|10
GME210401C00425000|0.20|0.20|0.08|0.45|0.08|50|-0.37|-0.8222|5|238|19|78|0.0217|0.0007|0.0002|-0.8991|0.0073||0.38|12|0.05|1
GME210401P00425000||||237.55|237.55|50|0.00|0.0000|2|15|0|0|-0.9415|0.0014|-0.0228|-2.4889|0.0164||236.30|7|232.55|10
GME210401C00430000|0.51|0.51|0.06|0.58|0.06|50|-0.52|-0.8966|6|55|1|84|0.0194|0.0007|0.0002|-0.8124|0.0066||0.37|12|0.06|1
GME210401P00430000|233.75|237.23|233.75|236.25|235.55|50|-0.70|-0.0030|4|5|2|46|-0.9436|0.0013|-0.0231|-2.4292|0.0160||241.30|7|237.55|20
GME210401C00435000|0.37|0.37|0.07|0.41|0.07|50|-0.34|-0.8293|9|106|2|18|0.0140|0.0005|0.0001|-0.5903|0.0050||0.36|12|0.06|3
GME210401P00435000|236.40|236.40|236.40|238.80|236.40|50|-2.40|-0.0101|8|29|1|1|-0.9464|0.0013|-0.0234|-2.3327|0.0153||246.30|7|242.55|10
GME210401C00440000|0.32|0.33|0.07|0.56|0.07|50|-0.49|-0.8750|-2|192|1|27|0.0164|0.0006|0.0002|-0.7031|0.0057||0.09|1|0.05|40
GME210401P00440000|243.95|243.95|243.95|247.50|243.95|50|-3.55|-0.0143|0|10|1|1|-0.9440|0.0013|-0.0236|-2.4705|0.0159||251.30|7|247.55|10
GME210401C00445000|0.37|0.37|0.08|0.54|0.08|50|-0.46|-0.8519|3|88|1|14|0.0162|0.0006|0.0001|-0.7034|0.0057||0.30|1|0.06|5
GME210401P00445000||||254.60|254.60|50|0.00|0.0000|6|10|0|0|-0.9455|0.0013|-0.0239|-2.4328|0.0156||256.30|6|252.50|10
GME210401C00450000|0.31|0.31|0.06|0.41|0.06|50|-0.35|-0.8537|36|604|4|282|0.0126|0.0005|0.0001|-0.5523|0.0046||0.20|1|0.03|10
GME210401P00450000||||264.50|264.50|50|0.00|0.0000|0|19|0|0|-0.9410|0.0013|-0.0241|-2.6695|0.0166||261.30|5|257.50|10
GME210401C00455000|0.34|0.34|0.11|0.48|0.13|50|-0.35|-0.7292|1|52|1|42|0.0120|0.0005|0.0001|-0.5301|0.0044||0.24|1|0.04|12
GME210401P00455000|256.40|256.40|256.40|255.15|256.40|50|1.25|0.0049|0|24|2|2|-0.9470|0.0012|-0.0245|-2.4175|0.0152||266.30|7|262.50|12
GME210401C00460000|0.30|0.30|0.05|0.41|0.05|50|-0.36|-0.8780|6|135|1|51|0.0155|0.0005|0.0001|-0.6958|0.0055||0.20|20|0.03|1
GME210401P00460000|261.40|261.40|261.40|286.50|261.40|50|-25.10|-0.0876|0|4|2|5|-0.9435|0.0012|-0.0247|-2.6116|0.0160||271.30|6|267.50|10
GME210401C00465000|0.17|0.27|0.07|0.47|0.07|50|-0.40|-0.8511|8|34|1|25|0.0142|0.0005|0.0001|-0.6475|0.0051||0.12|1|0.02|1
GME210401P00465000||||269.10|269.10|50|0.00|0.0000|0|7|0|0|-0.9484|0.0012|-0.0250|-2.4036|0.0149||276.30|6|272.50|12
GME210401C00470000|0.16|0.16|0.05|0.75|0.05|50|-0.70|-0.9333|3|132|50|68|0.0152|0.0005|0.0001|-0.6978|0.0054||0.17|15|0.01|2
GME210401P00470000||||282.50|282.50|50|0.00|0.0000|1|27|0|0|-0.9458|0.0012|-0.0253|-2.5569|0.0155||281.30|6|277.50|12
GME210401C00475000|0.25|0.25|0.05|0.55|0.05|50|-0.50|-0.9091|11|49|2|19|0.0148|0.0005|0.0001|-0.6899|0.0053||0.05|7|0.04|1
GME210401P00475000||||275.10|275.10|50|0.00|0.0000|-1|9|0|0|-0.9467|0.0012|-0.0256|-2.5401|0.0153||286.30|6|282.50|10
GME210401C00480000|0.25|0.25|0.04|0.38|0.04|50|-0.34|-0.8947|110|173|1|64|0.0155|0.0005|0.0001|-0.7272|0.0055||0.19|1|0.02|2
GME210401P00480000|286.10|286.10|285.17|291.00|285.17|50|-5.83|-0.0200|0|5|4|7|-0.9468|0.0011|-0.0258|-2.5612|0.0153||291.30|7|287.50|11
GME210401C00485000|0.12|0.15|0.07|0.62|0.07|50|-0.55|-0.8871|14|88|1|11|0.0135|0.0005|0.0001|-0.6407|0.0049||0.21|1|0.01|1
GME210401P00485000||||308.25|308.25|50|0.00|0.0000|0|24|0|0|-0.9501|0.0011|-0.0261|-2.4203|0.0145||296.30|7|292.50|12
GME210401C00490000|0.24|0.26|0.06|0.40|0.11|50|-0.29|-0.7250|-140|327|1|33|0.0135|0.0005|0.0001|-0.6471|0.0049||0.10|5|0.04|1
GME210401P00490000||||306.35|306.35|50|0.00|0.0000|0|13|0|0|-0.9476|0.0011|-0.0264|-2.5678|0.0151||301.30|4|297.50|10
GME210401C00500000|0.20|0.26|0.03|0.30|0.05|50|-0.25|-0.8333|110|3003|1|1673|0.0134|0.0005|0.0001|-0.6547|0.0048||0.08|15|0.04|2
GME210401P00500000||||298.70|298.70|50|0.00|0.0000|9|22|0|0|-0.9493|0.0011|-0.0270|-2.5319|0.0147||311.30|7|307.50|12
GME210401C00505000|0.28|0.28|0.05|0.27|0.05|50|-0.22|-0.8148|21|116|19|113|0.0109|0.0004|0.0001|-0.5367|0.0041||0.03|1|0.02|10
GME210401P00505000|310.01|310.01|310.01|315.05|310.01|50|-5.04|-0.0160|-4|13|4|4|-0.9497|0.0011|-0.0272|-2.5329|0.0146||316.30|7|312.50|10
GME210401C00510000|0.19|0.23|0.04|0.36|0.05|50|-0.31|-0.8611|6|62|1|70|0.0140|0.0005|0.0001|-0.6965|0.0050||0.05|50|0.03|3
GME210401P00510000|312.16|315.09|312.16|322.40|315.09|50|-7.31|-0.0227|1|16|4|8|-0.9501|0.0010|-0.0275|-2.5341|0.0145||321.30|7|317.50|10
GME210401C00515000|0.20|0.21|0.04|0.34|0.04|50|-0.30|-0.8824|18|67|1|58|0.0088|0.0003|0.0001|-0.4378|0.0033||0.25|13|0.02|10
GME210401P00515000|317.15|320.15|317.15|327.45|320.15|50|-7.30|-0.0223|4|29|4|8|-0.9512|0.0010|-0.0278|-2.4998|0.0143||326.30|7|322.50|10
GME210401C00520000|0.26|0.26|0.03|0.54|0.04|50|-0.50|-0.9259|20|407|1|52|0.0114|0.0004|0.0001|-0.5776|0.0042||0.04|9|0.02|10
GME210401P00520000|322.21|322.21|322.21|339.35|322.21|50|-17.14|-0.0505|0|15|4|4|-0.9515|0.0010|-0.0281|-2.5016|0.0142||331.30|7|327.50|10
GME210401C00525000|0.13|0.22|0.02|0.31|0.04|50|-0.27|-0.8710|14|63|2|53|0.0092|0.0003|0.0001|-0.4698|0.0035||0.12|1|0.02|10
GME210401P00525000|327.28|327.28|327.28|331.95|327.28|50|-4.67|-0.0141|0|14|4|4|-0.9519|0.0010|-0.0284|-2.5036|0.0141||336.30|7|332.50|10
GME210401C00530000|0.25|0.25|0.03|0.27|0.03|50|-0.24|-0.8889|-55|387|2|62|0.0130|0.0004|0.0001|-0.6671|0.0047||0.05|1|0.03|5
GME210401P00530000|332.25|332.25|331.30|339.90|331.30|50|-8.60|-0.0253|1|14|1|5|-0.9523|0.0010|-0.0286|-2.5057|0.0140||341.30|7|337.50|12
GME210401C00540000|0.22|0.23|0.03|0.31|0.04|50|-0.27|-0.8710|9|126|6|40|0.0083|0.0003|0.0001|-0.4304|0.0032||0.24|12|0.02|8
GME210401P00540000|342.23|345.21|341.30|376.60|345.21|50|-31.39|-0.0834|0|13|4|10|-0.9529|0.0010|-0.0292|-2.5106|0.0138||351.30|3|347.50|10
GME210401C00550000|0.39|0.39|0.03|0.26|0.03|50|-0.23|-0.8846|53|434|1|144|0.0120|0.0004|0.0001|-0.6380|0.0044||0.07|2|0.02|3
GME210401P00550000|352.29|355.04|352.29|357.40|355.04|50|-2.36|-0.0066|1|14|4|8|-0.9535|0.0009|-0.0297|-2.5161|0.0137||361.30|3|357.50|10
GME210401C00560000|0.20|0.20|0.03|0.21|0.03|50|-0.18|-0.8571|58|121|3|137|0.0100|0.0003|0.0001|-0.5415|0.0038||0.24|14|0.02|10
GME210401P00560000|362.14|362.14|362.14|357.95|362.14|50|4.19|0.0117|2|31|4|4|-0.9547|0.0009|-0.0303|-2.4886|0.0134||371.30|3|367.50|10
GME210401C00570000|0.16|0.17|0.03|0.27|0.03|50|-0.24|-0.8889|63|133|5|90|0.0104|0.0003|0.0001|-0.5708|0.0039||0.24|11|0.02|10
GME210401P00570000|372.11|375.25|372.11|379.60|375.25|50|-4.35|-0.0115|5|25|1|5|-0.9552|0.0009|-0.0309|-2.4956|0.0133||381.30|3|377.50|10
GME210401C00580000|0.16|0.16|0.02|0.25|0.03|50|-0.22|-0.8800|3|69|10|215|0.0110|0.0003|0.0001|-0.6110|0.0041||0.07|1|0.02|10
GME210401P00580000|385.55|385.55|385.55|380.75|385.55|50|4.80|0.0126|-2|11|5|6|-0.9556|0.0009|-0.0314|-2.5030|0.0132||391.30|3|387.50|10
GME210401C00590000|0.14|0.15|0.03|0.23|0.03|50|-0.20|-0.8696|29|67|7|49|0.0070|0.0002|0.0001|-0.3942|0.0027||0.24|11|0.02|7
GME210401P00590000|393.90|393.90|392.21|395.65|392.21|50|-3.44|-0.0087|0|17|4|5|-0.9566|0.0009|-0.0320|-2.4786|0.0130||401.30|3|397.50|10
GME210401C00600000|0.17|0.17|0.02|0.19|0.03|50|-0.16|-0.8421|106|1158|1|436|0.0082|0.0003|0.0001|-0.4679|0.0032||0.04|5|0.02|13
GME210401P00600000|402.20|402.20|402.20|406.85|402.20|50|-4.65|-0.0114|1|30|4|4|-0.9570|0.0008|-0.0325|-2.4872|0.0129||411.30|3|407.50|10
GME210401C00610000|0.13|0.15|0.03|0.17|0.05|50|-0.12|-0.7059|-1|82|5|19|0.0095|0.0003|0.0001|-0.5476|0.0036||0.13|1|0.01|12
GME210401P00610000|412.18|415.50|412.18|396.05|414.25|50|18.20|0.0460|0|4|1|10|-0.9574|0.0008|-0.0331|-2.4962|0.0128||421.30|3|417.50|10
GME210401C00620000|0.10|0.10|0.03|0.32|0.03|50|-0.29|-0.9063|-5|84|1|63|0.0092|0.0003|0.0001|-0.5384|0.0035||0.10|51|0.01|2
GME210401P00620000|421.99|421.99|421.99|424.45|421.99|50|-2.46|-0.0058|1|5|4|4|-0.9583|0.0008|-0.0336|-2.4741|0.0126||431.30|3|427.50|10
GME210401C00630000|0.10|0.15|0.03|0.21|0.03|50|-0.18|-0.8571|5|32|2|17|0.0089|0.0003|0.0001|-0.5270|0.0034||0.04|10|0.02|1
GME210401P00630000|432.12|432.12|432.12|442.74|432.12|50|-10.62|-0.0240|5|8|4|4|-0.9586|0.0008|-0.0342|-2.4839|0.0125||441.30|3|437.50|10
GME210401C00640000|0.13|0.13|0.03|0.17|0.03|50|-0.14|-0.8235|50|104|1|91|0.0082|0.0003|0.0001|-0.4929|0.0032||0.04|7|0.02|16
GME210401P00640000|442.18|442.18|442.18|460.70|442.18|50|-18.52|-0.0402|0|16|4|4|-0.9589|0.0008|-0.0347|-2.4941|0.0124||451.30|3|447.50|10
GME210401C00650000|0.10|0.15|0.03|0.12|0.10|50|-0.02|-0.1667|7|353|1|28|0.0063|0.0002|0.0001|-0.3803|0.0025||0.10|5|0.02|5
GME210401P00650000|452.03|452.03|452.03|464.65|452.03|50|-12.62|-0.0272|0|10|4|4|-0.9592|0.0008|-0.0353|-2.5045|0.0123||461.30|3|457.50|10
GME210401C00660000|0.12|0.13|0.03|0.10|0.03|50|-0.07|-0.7000|8|246|2|18|0.0085|0.0003|0.0001|-0.5243|0.0033||0.05|6|0.01|11
GME210401P00660000|461.86|461.86|461.86|478.55|461.86|50|-16.69|-0.0349|43|56|4|4|-0.9595|0.0008|-0.0358|-2.5153|0.0123||471.30|3|467.50|10
GME210401C00670000|0.09|0.10|0.03|0.17|0.03|50|-0.14|-0.8235|20|388|1|377|0.0056|0.0002|0.0001|-0.3450|0.0022||0.04|1|0.02|3
GME210401P00670000|471.77|471.77|471.77|485.85|471.77|50|-14.08|-0.0290|0|28|4|4|-0.9597|0.0007|-0.0364|-2.5261|0.0122||481.40|3|477.50|10
GME210401C00680000|0.08|0.09|0.02|0.15|0.03|50|-0.12|-0.8000|216|548|2|124|0.0054|0.0002|0.0000|-0.3346|0.0022||0.03|2|0.02|1
GME210401P00680000|482.07|482.07|482.07|487.40|482.07|50|-5.33|-0.0109|0|31|5|5|-0.9599|0.0007|-0.0369|-2.5373|0.0122||491.25|3|487.50|10
GME210401C00690000|0.12|0.18|0.02|0.12|0.03|50|-0.09|-0.7500|449|9449|10|5381|0.0046|0.0002|0.0000|-0.2932|0.0019||0.04|38|0.03|16
GME210401P00690000|491.91|495.17|491.91|498.28|495.17|50|-3.11|-0.0062|52|63|8|13|-0.9606|0.0007|-0.0375|-2.5189|0.0120||501.25|3|497.50|1
