symbol|open|high|low|preClose|close|activeLevel|change|changeRatio|openIntChange|openInterest|latestPriceVol|volume|delta|gamma|rho|theta|vega|tradeStamptradeTime|ask|avol|bid|bvol
GME211119C00003000|207.60|210.00|207.60|174.53|208.50|50|33.97|0.1946|0|50|1|7|1.0000|0.0000|0.0002|0.0000|0.0000||209.50|15|204.55|21
GME211119P00003000||||0.01|0.01|50|0.00|0.0000|0|8001|0|0|0.0000|0.0000|0.0000|0.0000|0.0000||0.01|1500|0.00|0
GME211119C00005000|209.00|209.00|209.00|211.77|209.00|50|-2.77|-0.0131|0|21|1|1|0.9999|0.0000|0.0034|-0.0016|0.0002||207.30|15|202.55|21
GME211119P00005000||||0.01|0.01|50|0.00|0.0000|0|5682|0|0|0.0000|0.0000|0.0000|0.0000|0.0000||0.01|1490|0.00|0
GME211119C00008000||||213.80|213.80|50|0.00|0.0000|0|5|0|0|1.0000|0.0000|0.0004|0.0000|0.0000||204.15|15|199.55|21
GME211119P00008000||||0.01|0.01|50|0.00|0.0000|0|1148|0|0|0.0000|0.0000|0.0000|0.0000|0.0000||0.01|1500|0.00|0
GME211119C00010000||||175.75|175.75|50|0.00|0.0000|0|7|0|0|1.0000|0.0000|0.0005|0.0000|0.0000||202.15|15|197.55|21
GME211119P00010000||||0.01|0.01|50|0.00|0.0000|0|6446|0|0|0.0000|0.0000|0.0000|0.0000|0.0000||0.01|1124|0.00|0
GME211119C00013000||||185.60|185.60|50|0.00|0.0000|0|17|0|0|1.0000|0.0000|0.0007|0.0000|0.0000||199.15|15|194.55|21
GME211119P00013000||||0.01|0.01|50|0.00|0.0000|0|1534|0|0|0.0000|0.0000|0.0000|0.0000|0.0000||0.01|1500|0.00|0
GME211119C00015000||||166.34|166.34|50|0.00|0.0000|0|2|0|0|1.0000|0.0000|0.0103|-0.0003|0.0001||197.15|15|192.55|21
GME211119P00015000||||0.01|0.01|50|0.00|0.0000|0|1299|0|0|0.0000|0.0000|0.0000|0.0000|0.0000||0.01|1500|0.00|0
GME211119C00017000||||156.44|156.44|50|0.00|0.0000|0|2|0|0|1.0000|0.0000|0.0009|0.0000|0.0000||195.15|15|190.55|21
GME211119P00017000||||0.01|0.01|50|0.00|0.0000|0|429|0|0|0.0000|0.0000|0.0000|0.0000|0.0000||0.01|5|0.00|0
GME211119C00020000||||188.23|188.23|50|0.00|0.0000|0|70|0|0|1.0000|0.0000|0.0011|-0.0001|0.0000||192.45|15|187.55|21
GME211119P00020000||||0.01|0.01|50|0.00|0.0000|0|1429|0|0|0.0000|0.0000|0.0000|0.0000|0.0000||0.01|1500|0.00|0
GME211119C00022000||||195.28|195.28|50|0.00|0.0000|0|3|0|0|1.0000|0.0000|0.0012|-0.0001|0.0000||190.50|15|185.55|21
GME211119P00022000||||0.01|0.01|50|0.00|0.0000|0|278|0|0|0.0000|0.0000|0.0000|0.0000|0.0000||0.01|5|0.00|0
GME211119C00025000||||137.72|137.72|50|0.00|0.0000|0|4|0|0|1.0000|0.0000|0.0014|-0.0001|0.0000||187.65|15|182.55|21
GME211119P00025000||||0.02|0.02|50|0.00|0.0000|0|917|0|0|0.0000|0.0000|0.0000|-0.0003|0.0001||0.01|19|0.00|0
GME211119C00027000||||135.82|135.82|50|0.00|0.0000|0|1|0|0|1.0000|0.0000|0.0015|-0.0001|0.0000||185.15|15|180.55|21
GME211119P00027000||||0.02|0.02|50|0.00|0.0000|0|1732|0|0|0.0000|0.0000|0.0000|0.0000|0.0000||0.05|3|0.00|0
GME211119C00030000||||150.42|150.42|50|0.00|0.0000|0|3|0|0|1.0000|0.0000|0.0016|-0.0001|0.0000||182.15|15|177.55|21
GME211119P00030000|0.01|0.01|0.01|0.01|0.01|50|0.00|0.0000|0|3652|1|1|0.0000|0.0000|0.0000|0.0000|0.0000||0.01|1|0.00|0
GME211119C00032000||||168.00|168.00|50|0.00|0.0000|0|0|0|0|1.0000|0.0000|0.0018|-0.0001|0.0000||180.15|15|175.55|21
GME211119P00032000||||0.01|0.01|50|0.00|0.0000|0|130|0|0|0.0000|0.0000|0.0000|0.0000|0.0000||0.01|1|0.00|0
GME211119C00035000||||174.00|174.00|50|0.00|0.0000|0|6|0|0|1.0000|0.0000|0.0019|-0.0001|0.0000||177.65|15|172.55|21
GME211119P00035000||||0.01|0.01|50|0.00|0.0000|0|513|0|0|0.0000|0.0000|0.0000|0.0000|0.0000||0.05|4|0.00|0
GME211119C00037000||||176.09|176.09|49|0.00|0.0000|0|7|0|0|1.0000|0.0000|0.0020|-0.0001|0.0000||175.15|15|170.55|21
GME211119P00037000||||0.01|0.01|49|0.00|0.0000|0|76|0|0|0.0000|0.0000|0.0000|0.0000|0.0000||0.01|1|0.00|0
GME211119C00040000||||133.90|133.90|48|0.00|0.0000|0|24|0|0|1.0000|0.0000|0.0022|-0.0001|0.0000||172.15|15|167.55|21
GME211119P00040000|0.01|0.01|0.01|0.01|0.01|48|0.00|0.0000|0|1422|1|1|0.0000|0.0000|0.0000|0.0000|0.0000||0.01|10|0.00|0
GME211119C00042000||||171.44|171.44|47|0.00|0.0000|0|28|0|0|1.0000|0.0000|0.0023|-0.0001|0.0000||170.65|15|165.55|21
GME211119P00042000||||0.01|0.01|47|0.00|0.0000|0|121|0|0|-0.0001|0.0000|0.0000|-0.0009|0.0002||0.04|15|0.00|0
GME211119C00045000||||126.50|126.50|46|0.00|0.0000|-59|5|0|0|1.0000|0.0000|0.0025|-0.0001|0.0000||167.15|15|162.55|21
GME211119P00045000||||0.01|0.01|46|0.00|0.0000|0|305|0|0|0.0000|0.0000|0.0000|0.0000|0.0000||0.06|9|0.00|0
GME211119C00047000||||185.96|185.96|45|0.00|0.0000|0|10|0|0|1.0000|0.0000|0.0026|-0.0001|0.0000||165.15|15|160.55|21
GME211119P00047000||||0.01|0.01|45|0.00|0.0000|0|225|0|0|0.0000|0.0000|0.0000|0.0000|0.0000||0.06|9|0.00|0
GME211119C00050000||||160.00|160.00|44|0.00|0.0000|0|29|0|0|1.0000|0.0000|0.0027|-0.0001|0.0000||162.65|15|157.55|21
GME211119P00050000|0.01|0.01|0.01|0.01|0.01|44|0.00|0.0000|0|1831|1|1|0.0000|0.0000|0.0000|0.0000|0.0000||0.01|13|0.00|0
GME211119C00055000|156.80|156.80|156.80|168.22|156.80|43|-11.42|-0.0679|0|19|2|2|1.0000|0.0000|0.0030|-0.0002|0.0000||157.15|15|152.55|21
GME211119P00055000||||0.06|0.06|43|0.00|0.0000|0|504|0|0|0.0000|0.0000|0.0000|0.0000|0.0000||0.04|108|0.00|0
GME211119C00060000||||148.93|148.93|42|0.00|0.0000|-1|191|0|0|1.0000|0.0000|0.0033|-0.0002|0.0000||150.95|15|147.80|15
GME211119P00060000|0.01|0.01|0.01|0.02|0.01|42|-0.01|-0.5000|0|838|4|4|0.0000|0.0000|0.0000|0.0000|0.0000||0.06|7|0.00|0
GME211119C00065000||||131.10|131.10|41|0.00|0.0000|0|22|0|0|0.9999|0.0000|0.0392|-0.0010|0.0003||147.65|15|142.55|21
GME211119P00065000||||0.20|0.20|41|0.00|0.0000|0|259|0|0|0.0000|0.0000|0.0000|0.0000|0.0000||0.05|7|0.00|0
GME211119C00070000||||134.00|134.00|40|0.00|0.0000|0|11|0|0|1.0000|0.0000|0.0038|-0.0002|0.0000||142.65|15|137.55|21
GME211119P00070000|0.05|0.05|0.05|0.01|0.05|40|0.04|4.0000|-1|557|46|46|0.0000|0.0000|0.0000|0.0000|0.0000||0.06|9|0.00|0
GME211119C00075000||||99.50|99.50|39|0.00|0.0000|-13|126|0|0|1.0000|0.0000|0.0041|-0.0002|0.0000||136.20|15|132.80|15
GME211119P00075000||||0.03|0.03|39|0.00|0.0000|0|248|0|0|0.0000|0.0000|0.0000|0.0000|0.0000||0.07|1|0.00|0
GME211119C00080000||||126.35|126.35|38|0.00|0.0000|-29|72|0|0|1.0000|0.0000|0.0044|-0.0002|0.0000||132.65|15|127.55|21
GME211119P00080000||||0.02|0.02|38|0.00|0.0000|-74|646|0|0|-0.0007|0.0000|-0.0001|-0.0035|0.0014||0.06|5|0.00|0
GME211119C00085000||||122.00|122.00|37|0.00|0.0000|0|69|0|0|1.0000|0.0000|0.0047|-0.0002|0.0000||127.60|15|122.55|21
GME211119P00085000||||0.08|0.08|37|0.00|0.0000|-6|260|0|0|0.0000|0.0000|0.0000|0.0000|0.0000||0.08|11|0.00|0
GME211119C00090000||||131.30|131.30|36|0.00|0.0000|0|6|0|0|1.0000|0.0000|0.0049|-0.0002|0.0000||122.65|15|117.55|21
GME211119P00090000|0.08|0.08|0.08|0.02|0.08|36|0.06|3.0000|0|581|1|1|0.0000|0.0000|0.0000|0.0000|0.0000||0.01|11|0.00|0
GME211119C00095000||||108.12|108.12|35|0.00|0.0000|0|8|0|0|1.0000|0.0000|0.0052|-0.0003|0.0000||117.65|15|112.55|21
GME211119P00095000|0.03|0.03|0.03|0.03|0.03|35|0.00|0.0000|0|205|1|1|0.0000|0.0000|0.0000|0.0000|0.0000||0.08|1|0.00|0
GME211119C00100000|110.05|111.85|110.05|109.55|111.85|34|2.30|0.0210|0|126|3|7|1.0000|0.0000|0.0055|-0.0003|0.0000||111.05|15|107.55|26
GME211119P00100000|0.01|0.02|0.01|0.01|0.02|34|0.01|1.0000|-54|3177|10|24|0.0000|0.0000|0.0000|0.0000|0.0000||0.02|1|0.01|10
GME211119C00105000||||101.55|101.55|33|0.00|0.0000|0|5|0|0|0.9990|0.0001|0.0632|-0.0040|0.0017||107.45|15|102.55|21
GME211119P00105000||||0.03|0.03|33|0.00|0.0000|0|692|0|0|0.0000|0.0000|0.0000|0.0000|0.0000||0.08|1|0.01|10
GME211119C00110000||||111.87|111.87|32|0.00|0.0000|0|15|0|0|1.0000|0.0000|0.0060|-0.0003|0.0000||102.65|15|97.55|21
GME211119P00110000|0.07|0.07|0.02|0.04|0.02|32|-0.02|-0.5000|0|235|1|47|0.0000|0.0000|0.0000|0.0000|0.0000||0.08|1|0.01|10
GME211119C00115000||||92.00|92.00|31|0.00|0.0000|0|220|0|0|1.0000|0.0000|0.0063|-0.0003|0.0000||96.25|15|92.80|15
GME211119P00115000||||0.08|0.08|31|0.00|0.0000|0|203|0|0|0.0000|0.0000|0.0000|0.0000|0.0000||0.09|12|0.01|10
GME211119C00120000||||87.00|87.00|30|0.00|0.0000|0|193|0|0|1.0000|0.0000|0.0066|-0.0003|0.0000||91.25|15|87.80|15
GME211119P00120000|0.01|0.05|0.01|0.03|0.05|30|0.02|0.6667|-1|431|1|12|-0.0036|0.0002|-0.0005|-0.0115|0.0056||0.09|1|0.02|10
GME211119C00125000||||81.40|81.40|29|0.00|0.0000|0|127|0|0|1.0000|0.0000|0.0068|-0.0003|0.0000||86.25|15|82.80|15
GME211119P00125000|0.02|0.02|0.02|0.02|0.02|29|0.00|0.0000|-1|513|1|2|0.0000|0.0000|0.0000|0.0000|0.0000||0.07|2|0.02|10
GME211119C00130000||||79.75|79.75|28|0.00|0.0000|0|204|0|0|0.9945|0.0004|0.0776|-0.0157|0.0083||81.20|15|77.65|22
GME211119P00130000|0.05|0.05|0.05|0.09|0.05|28|-0.04|-0.4444|1|1187|1|1|-0.0106|0.0006|-0.0017|-0.0266|0.0156||0.04|1|0.00|0
GME211119C00135000||||73.89|73.89|27|0.00|0.0000|0|27|0|0|1.0000|0.0000|0.0074|-0.0004|0.0000||77.65|15|72.55|21
GME211119P00135000|0.03|0.05|0.03|0.07|0.05|27|-0.02|-0.2857|1|290|1|2|0.0000|0.0000|0.0000|0.0000|0.0000||0.07|1|0.00|0
GME211119C00140000||||68.64|68.64|26|0.00|0.0000|-1|115|0|0|1.0000|0.0000|0.0077|-0.0004|0.0000||71.20|15|67.75|15
GME211119P00140000|0.11|0.11|0.07|0.11|0.07|26|-0.04|-0.3636|-6|517|15|16|0.0000|0.0000|0.0000|0.0000|0.0000||0.13|6|0.03|10
GME211119C00145000|64.30|64.30|64.30|66.50|64.30|25|-2.20|-0.0331|0|50|1|1|1.0000|0.0000|0.0079|-0.0004|0.0000||67.65|15|62.55|21
GME211119P00145000|0.08|0.08|0.02|0.07|0.07|25|0.00|0.0000|0|541|1|11|0.0000|0.0000|0.0000|0.0000|0.0000||0.15|10|0.04|10
GME211119C00150000|67.20|67.40|62.75|58.65|64.85|24|6.20|0.1057|0|315|1|15|0.9602|0.0019|0.0964|-0.0768|0.0476||61.00|21|57.75|15
GME211119P00150000|0.20|0.20|0.06|0.13|0.07|24|-0.06|-0.4615|0|4874|1|30|0.0000|0.0000|0.0000|0.0000|0.0000||0.08|1|0.05|10
GME211119C00155000||||53.05|53.05|23|0.00|0.0000|0|105|0|0|1.0000|0.0000|0.0085|-0.0004|0.0000||56.00|15|52.55|25
GME211119P00155000|0.07|0.10|0.06|0.15|0.10|23|-0.05|-0.3333|21|504|1|19|0.0000|0.0000|0.0000|0.0000|0.0000||0.12|4|0.05|25
