symbol|open|high|low|preClose|close|activeLevel|change|changeRatio|openIntChange|openInterest|latestPriceVol|volume|delta|gamma|rho|theta|vega|tradeStamptradeTime|ask|avol|bid|bvol
GME211119C00003000||||174.53|174.53|50|0.00|0.0000|0|50|0|0|1.0000|0.0000|0.0004|0.0000|0.0000||202.10|1|197.25|16
GME211119P00003000||||0.01|0.01|50|0.00|0.0000|0|8001|0|0|0.0000|0.0000|0.0000|0.0000|0.0000||0.01|1500|0.00|0
GME211119C00005000||||211.77|211.77|50|0.00|0.0000|0|21|0|0|1.0000|0.0000|0.0007|0.0000|0.0000||200.10|1|195.25|16
GME211119P00005000||||0.01|0.01|50|0.00|0.0000|0|5682|0|0|0.0000|0.0000|0.0000|0.0000|0.0000||0.01|1490|0.00|0
GME211119C00008000||||213.80|213.80|50|0.00|0.0000|0|5|0|0|1.0000|0.0000|0.0011|0.0000|0.0000||197.10|1|192.25|15
GME211119P00008000||||0.01|0.01|50|0.00|0.0000|0|1148|0|0|0.0000|0.0000|0.0000|0.0000|0.0000||0.01|1500|0.00|0
GME211119C00010000||||175.75|175.75|50|0.00|0.0000|0|7|0|0|1.0000|0.0000|0.0014|0.0000|0.0000||195.10|1|190.25|16
GME211119P00010000|0.01|0.01|0.01|0.01|0.01|50|0.00|0.0000|0|6050|200|400|0.0000|0.0000|0.0000|0.0000|0.0000||0.01|1124|0.00|0
GME211119C00013000||||185.60|185.60|50|0.00|0.0000|0|17|0|0|0.9999|0.0000|0.0078|-0.0008|0.0001||192.10|1|187.25|16
GME211119P00013000||||0.01|0.01|50|0.00|0.0000|0|1534|0|0|0.0000|0.0000|0.0000|0.0000|0.0000||0.01|5|0.00|0
GME211119C00015000||||166.34|166.34|50|0.00|0.0000|0|2|0|0|1.0000|0.0000|0.0021|0.0000|0.0000||190.10|1|185.25|15
GME211119P00015000||||0.01|0.01|50|0.00|0.0000|0|1299|0|0|0.0000|0.0000|0.0000|0.0000|0.0000||0.01|5|0.00|0
GME211119C00017000||||156.44|156.44|50|0.00|0.0000|0|2|0|0|1.0000|0.0000|0.0102|-0.0001|0.0000||188.10|1|183.25|15
GME211119P00017000||||0.01|0.01|50|0.00|0.0000|0|429|0|0|0.0000|0.0000|0.0000|0.0000|0.0000||0.01|2|0.00|0
GME211119C00020000||||167.40|167.40|50|0.00|0.0000|0|70|0|0|1.0000|0.0000|0.0027|-0.0001|0.0000||185.10|1|180.25|16
GME211119P00020000|0.01|0.01|0.01|0.01|0.01|50|0.00|0.0000|0|1426|3|3|0.0000|0.0000|0.0000|0.0000|0.0000||0.01|2|0.00|0
GME211119C00022000||||195.28|195.28|50|0.00|0.0000|0|3|0|0|1.0000|0.0000|0.0030|-0.0001|0.0000||183.10|1|178.25|15
GME211119P00022000||||0.01|0.01|50|0.00|0.0000|0|278|0|0|0.0000|0.0000|0.0000|0.0000|0.0000||0.02|10|0.00|0
GME211119C00025000||||137.72|137.72|50|0.00|0.0000|0|4|0|0|1.0000|0.0000|0.0171|-0.0003|0.0001||180.10|1|175.25|16
GME211119P00025000||||0.02|0.02|50|0.00|0.0000|0|917|0|0|0.0000|0.0000|0.0000|0.0000|0.0000||0.02|19|0.00|0
GME211119C00027000||||135.82|135.82|49|0.00|0.0000|0|1|0|0|1.0000|0.0000|0.0185|-0.0003|0.0001||178.10|1|173.25|15
GME211119P00027000||||0.02|0.02|49|0.00|0.0000|0|1732|0|0|0.0000|0.0000|0.0000|0.0000|0.0000||0.02|11|0.00|0
GME211119C00030000||||150.42|150.42|48|0.00|0.0000|0|7|0|0|1.0000|0.0000|0.0041|-0.0001|0.0000||175.10|1|170.25|16
GME211119P00030000|0.04|0.04|0.01|0.03|0.01|48|-0.02|-0.6667|0|3571|20|82|0.0000|0.0000|0.0000|0.0000|0.0000||0.02|11|0.01|119
GME211119C00032000||||168.00|168.00|47|0.00|0.0000|-1|2|0|0|1.0000|0.0000|0.0193|-0.0003|0.0001||173.10|1|168.25|15
GME211119P00032000||||0.01|0.01|47|0.00|0.0000|0|130|0|0|0.0000|0.0000|0.0000|0.0000|0.0000||0.04|2|0.00|0
GME211119C00035000||||159.45|159.45|46|0.00|0.0000|0|6|0|0|1.0000|0.0000|0.0048|-0.0001|0.0000||170.10|1|165.25|16
GME211119P00035000||||0.01|0.01|46|0.00|0.0000|0|513|0|0|0.0000|0.0000|0.0000|0.0000|0.0000||0.05|7|0.00|0
GME211119C00037000||||176.09|176.09|45|0.00|0.0000|0|7|0|0|0.9999|0.0000|0.0253|-0.0009|0.0002||168.10|1|163.25|16
GME211119P00037000|0.01|0.01|0.01|0.01|0.01|45|0.00|0.0000|0|76|1|1|0.0000|0.0000|0.0000|0.0000|0.0000||0.11|9|0.00|0
GME211119C00040000||||133.90|133.90|44|0.00|0.0000|-1|24|0|0|1.0000|0.0000|0.0055|-0.0001|0.0000||165.15|10|160.25|16
GME211119P00040000||||0.01|0.01|44|0.00|0.0000|0|1422|0|0|0.0000|0.0000|0.0000|0.0000|0.0000||0.10|23|0.00|0
GME211119C00042000||||171.44|171.44|43|0.00|0.0000|0|28|0|0|1.0000|0.0000|0.0058|-0.0001|0.0000||163.15|10|158.25|16
GME211119P00042000||||0.01|0.01|43|0.00|0.0000|0|121|0|0|0.0000|0.0000|0.0000|0.0000|0.0000||0.11|14|0.00|0
GME211119C00045000||||126.50|126.50|42|0.00|0.0000|0|64|0|0|0.9998|0.0000|0.0308|-0.0014|0.0004||160.15|10|155.25|16
GME211119P00045000||||0.01|0.01|42|0.00|0.0000|0|305|0|0|-0.0002|0.0000|0.0000|-0.0016|0.0004||0.16|28|0.00|0
GME211119C00047000||||185.96|185.96|41|0.00|0.0000|0|10|0|0|1.0000|0.0000|0.0064|-0.0001|0.0000||158.15|10|153.25|16
GME211119P00047000||||0.01|0.01|41|0.00|0.0000|0|225|0|0|0.0000|0.0000|0.0000|0.0000|0.0000||0.17|30|0.00|0
GME211119C00050000||||128.94|128.94|40|0.00|0.0000|0|30|0|0|1.0000|0.0000|0.0068|-0.0001|0.0000||155.15|10|150.25|16
GME211119P00050000|0.01|0.01|0.01|0.02|0.01|40|-0.01|-0.5000|0|1830|10|10|0.0000|0.0000|0.0000|0.0000|0.0000||0.01|100|0.00|0
GME211119C00055000||||168.22|168.22|39|0.00|0.0000|-1|19|0|0|1.0000|0.0000|0.0075|-0.0002|0.0000||150.15|10|145.25|16
GME211119P00055000|0.09|0.09|0.01|0.02|0.06|39|0.04|2.0000|0|414|56|206|0.0000|0.0000|0.0000|0.0000|0.0000||0.04|102|0.00|0
GME211119C00060000||||152.07|152.07|38|0.00|0.0000|-21|192|0|0|1.0000|0.0000|0.0082|-0.0002|0.0000||144.35|1|140.25|16
GME211119P00060000||||0.10|0.10|38|0.00|0.0000|0|838|0|0|0.0000|0.0000|0.0000|0.0000|0.0000||0.13|23|0.00|0
GME211119C00065000||||131.10|131.10|37|0.00|0.0000|0|22|0|0|1.0000|0.0000|0.0089|-0.0002|0.0000||140.15|10|135.25|16
GME211119P00065000||||0.20|0.20|37|0.00|0.0000|0|259|0|0|-0.0005|0.0000|-0.0001|-0.0027|0.0010||0.12|27|0.00|0
GME211119C00070000|134.00|134.00|134.00|129.25|134.00|36|4.75|0.0368|-44|11|1|1|0.9997|0.0000|0.0421|-0.0020|0.0006||135.15|11|130.30|16
GME211119P00070000||||0.04|0.04|36|0.00|0.0000|0|557|0|0|-0.0006|0.0000|-0.0001|-0.0029|0.0011||0.12|17|0.00|0
GME211119C00075000||||99.50|99.50|35|0.00|0.0000|-7|140|0|0|0.9990|0.0000|0.0512|-0.0049|0.0018||130.05|1|125.30|16
GME211119P00075000||||0.07|0.07|35|0.00|0.0000|0|248|0|0|-0.0010|0.0000|-0.0002|-0.0046|0.0018||0.19|39|0.00|0
GME211119C00080000||||99.70|99.70|34|0.00|0.0000|-1|106|0|0|1.0000|0.0000|0.0110|-0.0002|0.0000||125.15|10|120.30|16
GME211119P00080000||||0.10|0.10|34|0.00|0.0000|1|678|0|0|0.0000|0.0000|0.0000|0.0000|0.0000||0.11|20|0.00|0
GME211119C00085000||||139.00|139.00|33|0.00|0.0000|0|69|0|0|1.0000|0.0000|0.0116|-0.0002|0.0000||120.15|10|115.30|16
GME211119P00085000||||0.05|0.05|33|0.00|0.0000|0|266|0|0|0.0000|0.0000|0.0000|0.0000|0.0000||0.10|10|0.00|0
GME211119C00090000||||131.30|131.30|32|0.00|0.0000|-36|6|0|0|1.0000|0.0000|0.0123|-0.0002|0.0000||115.15|1|110.30|16
GME211119P00090000||||0.01|0.01|32|0.00|0.0000|0|591|0|0|-0.0017|0.0001|-0.0003|-0.0064|0.0029||0.05|10|0.03|1
GME211119C00095000||||108.12|108.12|31|0.00|0.0000|-15|41|0|0|1.0000|0.0000|0.0130|-0.0003|0.0000||110.15|4|105.30|16
GME211119P00095000|0.09|0.09|0.09|0.11|0.09|31|-0.02|-0.1818|31|205|1|1|0.0000|0.0000|0.0000|0.0000|0.0000||0.17|10|0.02|10
GME211119C00100000||||99.00|99.00|30|0.00|0.0000|-84|149|0|0|1.0000|0.0000|0.0137|-0.0003|0.0000||105.15|10|100.30|16
GME211119P00100000|0.03|0.07|0.01|0.06|0.07|30|0.01|0.1667|259|2958|1|304|0.0000|0.0000|0.0000|0.0000|0.0000||0.09|108|0.02|11
GME211119C00105000||||101.55|101.55|29|0.00|0.0000|-1|110|0|0|1.0000|0.0000|0.0144|-0.0003|0.0000||100.15|10|95.30|16
GME211119P00105000|0.04|0.06|0.03|0.43|0.03|29|-0.40|-0.9302|0|192|92|500|0.0000|0.0000|0.0000|0.0000|0.0000||0.16|22|0.02|11
GME211119C00110000||||111.87|111.87|28|0.00|0.0000|-16|20|0|0|1.0000|0.0000|0.0151|-0.0003|0.0000||95.15|10|90.30|16
GME211119P00110000||||0.07|0.07|28|0.00|0.0000|0|234|0|0|-0.0032|0.0002|-0.0004|-0.0104|0.0048||0.20|14|0.02|12
GME211119C00115000||||88.20|88.20|27|0.00|0.0000|-3|222|0|0|1.0000|0.0000|0.0158|-0.0003|0.0000||90.15|10|85.30|16
GME211119P00115000||||0.20|0.20|27|0.00|0.0000|0|189|0|0|0.0000|0.0000|0.0000|0.0000|0.0000||0.22|20|0.02|10
GME211119C00120000||||100.98|100.98|26|0.00|0.0000|0|193|0|0|1.0000|0.0000|0.0164|-0.0003|0.0000||85.15|1|80.30|16
GME211119P00120000|0.06|0.09|0.05|0.10|0.07|26|-0.03|-0.3000|67|454|1|42|0.0000|0.0000|0.0000|0.0000|0.0000||0.10|6|0.02|14
GME211119C00125000||||85.40|85.40|25|0.00|0.0000|0|127|0|0|1.0000|0.0000|0.0171|-0.0003|0.0000||79.55|2|75.30|16
GME211119P00125000|0.09|0.10|0.07|0.13|0.07|25|-0.06|-0.4615|9|504|1|12|0.0000|0.0000|0.0000|0.0000|0.0000||0.22|20|0.03|8
GME211119C00130000|69.22|71.80|69.22|77.23|69.24|24|-7.99|-0.1035|0|205|1|3|1.0000|0.0000|0.0178|-0.0004|0.0000||74.40|7|70.30|16
GME211119P00130000|0.13|0.14|0.08|0.15|0.13|24|-0.02|-0.1333|-4|1171|1|30|0.0000|0.0000|0.0000|0.0000|0.0000||0.14|3|0.05|10
GME211119C00135000||||63.10|63.10|23|0.00|0.0000|0|26|0|0|1.0000|0.0000|0.0185|-0.0004|0.0000||69.40|7|65.35|16
GME211119P00135000|0.20|0.20|0.11|0.29|0.16|23|-0.13|-0.4483|0|275|1|20|-0.0184|0.0011|-0.0024|-0.0432|0.0226||0.16|6|0.10|1
GME211119C00140000||||60.09|60.09|22|0.00|0.0000|0|126|0|0|0.9691|0.0016|0.0912|-0.0607|0.0371||64.45|8|60.35|17
GME211119P00140000|0.17|0.19|0.13|0.19|0.16|22|-0.03|-0.1579|1|496|1|92|-0.0001|0.0000|0.0000|-0.0005|0.0001||0.20|11|0.07|15
GME211119C00145000||||58.18|58.18|21|0.00|0.0000|1|87|0|0|0.9576|0.0021|0.0929|-0.0773|0.0481||59.85|7|55.40|17
GME211119P00145000|0.16|0.21|0.16|0.35|0.20|21|-0.15|-0.4286|-5|531|4|21|-0.0002|0.0000|0.0000|-0.0015|0.0002||0.31|19|0.13|13
GME211119C00150000|50.00|52.60|49.50|54.50|52.60|20|-1.90|-0.0349|-10|333|1|44|0.9995|0.0001|0.0205|-0.0038|0.0004||53.85|21|50.45|11
GME211119P00150000|0.20|0.25|0.16|0.29|0.24|20|-0.05|-0.1724|9|4831|1|136|-0.0007|0.0001|0.0000|-0.0051|0.0006||0.25|5|0.20|1
GME211119C00155000||||60.45|60.45|19|0.00|0.0000|0|105|0|0|0.9984|0.0003|0.0212|-0.0106|0.0013||48.85|10|44.85|15
GME211119P00155000|0.27|0.27|0.22|0.30|0.22|19|-0.08|-0.2667|-4|238|5|234|-0.0023|0.0004|-0.0001|-0.0145|0.0017||0.29|9|0.22|100
