symbol|open|high|low|preClose|close|activeLevel|change|changeRatio|openIntChange|openInterest|latestPriceVol|volume|delta|gamma|rho|theta|vega|tradeStamptradeTime|ask|avol|bid|bvol
GME211126C00100000||||112.00|112.00|27|0.00|0.0000|-1|1|0|0|0.9997|0.0000|0.0082|-0.0099|0.0002||117.15|1|110.90|25
GME211126P00100000|0.01|0.06|0.01|0.01|0.02|27|0.01|1.0000|259|802|1|56|-0.0002|0.0000|0.0000|-0.0061|0.0001||0.03|1|0.01|19
GME211126C00110000|123.59|123.59|123.59|73.70|123.59|26|49.89|0.6769|0|0|1|1|0.9390|0.0002|0.0132|-1.1470|0.0728||107.15|10|100.90|25
GME211126P00110000|0.03|0.05|0.03|0.02|0.05|26|0.03|1.5000|11|60|1|3|-0.0007|0.0001|0.0000|-0.0174|0.0004||0.05|100|0.01|12
GME211126C00120000|113.63|113.63|113.63|113.63|113.63|25|0.00|0.0000|0|0|1|1|0.8742|0.0013|0.0065|-5.5339|0.0401||97.15|10|90.90|25
GME211126P00120000|0.02|0.05|0.01|0.04|0.03|25|-0.01|-0.2500|0|126|3|11|-0.0004|0.0000|0.0000|-0.0095|0.0003||0.05|99|0.01|1
GME211126C00125000||||||24||||0|0|0|1.0000|0.0000|0.0103|-0.0004|0.0000||92.15|10|85.90|25
GME211126P00125000|0.05|0.05|0.04|0.09|0.04|24|-0.05|-0.5556|-2|176|1|36|-0.0006|0.0001|0.0000|-0.0130|0.0004||0.05|50|0.01|5
GME211126C00130000|103.06|105.55|103.06|98.65|105.55|23|6.90|0.0699|0|2|1|2|0.8547|0.0015|0.0068|-5.7881|0.0443||87.15|10|80.90|25
GME211126P00130000|0.05|0.08|0.05|0.40|0.05|23|-0.35|-0.8750|-5|45|1|9|-0.0008|0.0001|0.0000|-0.0167|0.0006||0.08|51|0.01|5
GME211126C00135000||||||22||||0|0|0|1.0000|0.0000|0.0111|-0.0004|0.0000||82.15|1|75.90|25
GME211126P00135000|0.04|0.07|0.04|0.02|0.05|22|0.03|1.5000|5|39|10|26|-0.1251|0.0019|-0.0312|-0.3562|0.1306||0.25|21|0.02|21
GME211126C00140000||||87.00|87.00|21|0.00|0.0000|-5|12|0|0|0.8636|0.0020|0.0083|-3.9137|0.0424||77.20|2|70.95|25
GME211126P00140000|0.06|0.13|0.05|0.04|0.11|21|0.07|1.7500|-2|176|11|29|-0.1369|0.0020|-0.0341|-0.3694|0.1389||0.12|1|0.04|15
GME211126C00145000||||95.22|95.22|20|0.00|0.0000|10|11|0|0|0.8192|0.0018|0.0071|-6.3852|0.0510||72.25|10|66.00|25
GME211126P00145000|0.07|0.15|0.06|0.08|0.11|20|0.03|0.3750|1|99|3|64|-0.0025|0.0003|0.0000|-0.0398|0.0015||0.23|11|0.03|26
GME211126C00150000|98.85|98.85|65.60|91.02|65.60|19|-25.42|-0.2793|-3|39|1|3|0.9576|0.0019|0.0115|-0.7105|0.0175||66.85|1|61.05|25
GME211126P00150000|0.05|0.19|0.05|0.05|0.18|19|0.13|2.6000|4|205|1|102|-0.0047|0.0005|-0.0001|-0.0681|0.0026||0.20|5|0.07|23
GME211126C00155000||||62.05|62.05|18|0.00|0.0000|0|14|0|0|0.9260|0.0027|0.0113|-1.2181|0.0272||61.90|1|56.05|25
GME211126P00155000|0.07|0.27|0.07|0.11|0.15|18|0.04|0.3636|65|124|4|48|-0.1602|0.0028|-0.0380|-0.3330|0.1543||0.25|2|0.06|28
GME211126C00160000|72.40|72.40|62.08|80.80|62.08|17|-18.72|-0.2317|1|58|1|13|0.8576|0.0033|0.0102|-2.5673|0.0437||55.90|10|51.75|16
GME211126P00160000|0.10|0.43|0.08|0.07|0.17|17|0.10|1.4286|104|443|1|74|-0.0052|0.0006|-0.0001|-0.0619|0.0029||0.21|1|0.12|17
GME211126C00165000||||74.06|74.06|16|0.00|0.0000|0|21|0|0|0.7744|0.0026|0.0080|-5.7384|0.0583||51.75|1|46.15|25
GME211126P00165000|0.15|0.34|0.12|0.07|0.29|16|0.22|3.1429|-1|160|1|71|-0.1889|0.0034|-0.0442|-0.3385|0.1713||0.38|11|0.25|1
GME211126C00170000|72.53|76.81|49.05|74.30|49.05|15|-25.25|-0.3398|0|27|5|26|0.8696|0.0043|0.0114|-1.7233|0.0411||46.00|10|41.15|35
GME211126P00170000|0.45|0.50|0.14|0.43|0.40|15|-0.03|-0.0698|937|1111|1|343|-0.0154|0.0017|-0.0003|-0.1514|0.0075||0.38|11|0.16|23
GME211126C00175000|75.75|75.75|43.71|73.10|43.71|14|-29.39|-0.4021|-2|48|10|35|0.8625|0.0051|0.0117|-1.5943|0.0427||41.10|10|36.70|21
GME211126P00175000|0.25|0.73|0.07|0.14|0.32|14|0.18|1.2857|105|448|10|375|-0.0137|0.0018|-0.0002|-0.1163|0.0068||0.49|1|0.23|16
GME211126C00180000|64.01|70.50|34.15|67.00|34.15|13|-32.85|-0.4903|5|470|1|36|0.9952|0.0010|0.0147|-0.0340|0.0027||36.20|10|31.55|25
GME211126P00180000|0.26|0.66|0.16|0.16|0.50|13|0.34|2.1250|-85|342|1|155|-0.2304|0.0048|-0.0518|-0.2977|0.1926||0.52|1|0.31|57
GME211126C00185000|58.70|63.45|29.65|59.75|29.65|12|-30.10|-0.5038|0|79|1|25|0.9556|0.0050|0.0144|-0.2946|0.0182||31.40|10|26.80|17
GME211126P00185000|0.39|0.99|0.22|0.23|0.49|12|0.26|1.1304|62|387|52|222|-0.2406|0.0058|-0.0528|-0.2623|0.1973||0.55|1|0.46|1
GME211126C00187500|59.95|60.35|59.95|49.25|60.35|11|11.10|0.2254|1|18|1|9|0.8185|0.0007|0.0373|-1.4641|0.1672||29.20|10|23.65|20
GME211126P00187500|0.49|0.93|0.26|0.25|0.59|11|0.34|1.3600|381|549|20|157|-0.0349|0.0048|-0.0006|-0.2046|0.0149||0.72|11|0.40|28
GME211126C00190000|57.45|57.85|26.00|44.93|26.00|10|-18.93|-0.4213|-2|233|1|25|0.8805|0.0088|0.0134|-0.7537|0.0387||26.70|10|22.25|11
GME211126P00190000|0.40|1.07|0.20|0.31|0.74|10|0.43|1.3871|126|906|2|1117|-0.0476|0.0064|-0.0009|-0.2579|0.0192||0.74|1|0.51|14
GME211126C00192500|44.84|44.84|24.52|55.00|24.52|9|-30.48|-0.5542|-3|39|5|7|0.8367|0.0100|0.0128|-1.0094|0.0478||24.70|10|19.75|13
GME211126P00192500|0.33|1.28|0.30|0.38|0.93|9|0.55|1.4474|42|129|1|156|-0.0622|0.0081|-0.0011|-0.3084|0.0238||1.02|14|0.71|18
GME211126C00195000|47.05|51.40|19.83|53.80|19.83|8|-33.97|-0.6314|-15|193|10|65|0.9204|0.0102|0.0146|-0.3585|0.0287||22.20|10|17.80|11
GME211126P00195000|0.49|1.71|0.28|0.48|1.15|8|0.67|1.3958|440|920|1|439|-0.2985|0.0073|-0.0650|-0.2589|0.2198||1.28|18|0.92|15
GME211126C00197500|48.90|48.90|33.00|48.30|40.17|7|-8.13|-0.1683|5|28|7|12|0.7250|0.0015|0.0516|-1.2818|0.2013||20.15|10|15.65|11
GME211126P00197500|0.36|2.01|0.35|0.46|1.43|7|0.97|2.1087|1040|1200|7|501|-0.3110|0.0080|-0.0607|-0.2687|0.2131||1.45|1|1.21|15
GME211126C00200000|45.00|49.27|16.50|46.86|17.84|6|-29.02|-0.6193|150|978|1|256|0.7668|0.0143|0.0121|-1.0909|0.0594||18.05|10|13.15|23
GME211126P00200000|0.65|2.65|0.40|0.59|1.92|6|1.33|2.2542|810|2141|1|6012|-0.1463|0.0161|-0.0027|-0.5439|0.0445||2.00|2|1.81|3
GME211126C00202500|40.00|44.53|13.80|45.80|13.80|5|-32.00|-0.6987|-4|68|1|22|0.7927|0.0188|0.0128|-0.7241|0.0555||15.95|20|11.65|12
GME211126P00202500|0.58|3.50|0.50|0.50|2.11|5|1.61|3.2200|34|133|1|474|-0.3495|0.0091|-0.0679|-0.2592|0.2233||2.68|1|2.22|19
GME211126C00205000|39.46|45.45|12.00|41.00|12.00|4|-29.00|-0.7073|-3|187|9|71|0.7391|0.0213|0.0121|-0.8254|0.0630||13.45|10|10.70|11
GME211126P00205000|0.85|4.15|0.62|0.79|3.50|4|2.71|3.4304|26|374|1|743|-0.2571|0.0216|-0.0047|-0.8024|0.0626||3.70|11|3.25|10
GME211126C00207500|38.65|41.00|11.00|41.50|11.00|3|-30.50|-0.7349|-13|103|1|46|0.6672|0.0216|0.0109|-1.0211|0.0705||11.65|10|9.55|11
GME211126P00207500|1.18|4.90|0.76|0.95|3.95|3|3.00|3.1579|110|333|1|725|-0.3059|0.0252|-0.0056|-0.8150|0.0681||4.75|13|4.10|10
GME211126C00210000|36.40|42.65|9.22|37.45|9.57|2|-27.88|-0.7445|-133|717|1|634|0.5805|0.0070|0.0879|-0.3396|0.2476||10.20|10|8.30|3
GME211126P00210000|1.20|6.95|0.77|1.24|5.65|2|4.41|3.5565|324|717|1|1592|-0.3832|0.0245|-0.0071|-0.9908|0.0741||6.00|7|5.30|10
GME211126C00212500|33.63|37.09|7.50|36.09|8.30|1|-27.79|-0.7700|-46|211|1|94|0.5513|0.0230|0.0091|-1.1354|0.0768||9.40|10|7.75|1
GME211126P00212500|1.48|8.10|1.10|1.42|7.30|1|5.88|4.1408|56|172|1|330|-0.4481|0.0237|-0.0084|-1.1000|0.0768||7.75|11|6.70|10
GME211126C00215000|30.64|35.53|7.00|33.27|7.55|1|-25.72|-0.7731|-24|670|1|628|0.4957|0.0219|0.0082|-1.2136|0.0774||7.70|1|7.55|2
GME211126P00215000|1.84|9.25|1.31|1.80|8.50|1|6.70|3.7222|120|396|1|1238|-0.5082|0.0241|-0.0095|-1.0982|0.0774||9.30|11|7.05|24
GME211126C00217500|29.40|30.75|6.30|34.00|6.90|2|-27.10|-0.7971|-35|176|1|455|0.4465|0.0206|0.0074|-1.2674|0.0767||7.25|10|6.80|1
GME211126P00217500|2.88|10.95|1.85|2.44|9.80|2|7.36|3.0164|102|160|4|487|-0.5688|0.0241|-0.0107|-1.0679|0.0763||11.55|11|9.55|10
GME211126C00220000|26.85|32.90|5.60|29.00|6.14|3|-22.86|-0.7883|-504|1849|5|2228|0.4003|0.0196|0.0066|-1.2712|0.0750||6.55|1|6.00|5
GME211126P00220000|2.90|12.65|1.98|2.74|11.25|3|8.51|3.1058|1232|1538|1|2303|-0.6282|0.0234|-0.0119|-1.0179|0.0734||13.20|1|11.15|10
GME211126C00222500|24.50|30.10|5.30|25.15|5.69|4|-19.46|-0.7738|-23|230|1|431|0.3622|0.0181|0.0060|-1.2956|0.0727||6.00|2|5.45|1
GME211126P00222500|3.00|14.50|2.82|3.40|14.08|4|10.68|3.1412|466|496|1|669|-0.6539|0.0195|-0.0125|-1.1616|0.0716||14.90|11|13.65|10
GME211126C00225000|17.25|28.20|4.45|26.50|5.25|5|-21.25|-0.8019|-400|1534|1|1671|0.3279|0.0167|0.0054|-1.2995|0.0701||5.25|1|5.15|1
GME211126P00225000|5.00|15.53|3.30|4.20|15.03|5|10.83|2.5786|462|729|2|1034|-0.7207|0.0196|-0.0138|-0.9593|0.0652||17.40|21|14.15|11
GME211126C00227500|20.46|24.50|4.30|24.00|4.75|6|-19.25|-0.8021|-91|225|1|395|0.2950|0.0156|0.0049|-1.2732|0.0670||4.90|30|4.20|1
GME211126P00227500|4.63|18.00|4.00|4.95|16.55|6|11.60|2.3434|201|250|1|321|-0.5476|0.0074|-0.1284|-0.3301|0.2510||19.65|11|16.00|12
GME211126C00230000|21.23|26.77|3.95|23.00|4.45|7|-18.55|-0.8065|29|2339|2|3178|0.2693|0.0143|0.0044|-1.2681|0.0641||4.80|11|4.35|1
GME211126P00230000|6.30|20.10|4.85|5.94|19.92|7|13.98|2.3535|628|670|1|1204|-0.5393|0.0063|-0.1192|-0.4290|0.2395||21.90|11|18.05|12
GME211126C00232500|19.58|22.23|3.85|23.52|4.10|8|-19.42|-0.8257|-100|223|1|320|0.2443|0.0132|0.0040|-1.2399|0.0609||4.25|10|3.65|23
GME211126P00232500|7.00|20.30|6.00|6.95|20.00|8|13.05|1.8777|85|90|1|158|-0.8783|0.0137|-0.0170|-0.4962|0.0392||24.40|23|20.15|13
GME211126C00235000|18.45|24.15|3.30|20.50|3.65|9|-16.85|-0.8220|664|1529|1|3033|0.2180|0.0123|0.0036|-1.1766|0.0571||3.95|10|3.40|16
GME211126P00235000|8.33|23.93|6.15|8.49|22.06|9|13.57|1.5984|595|618|2|502|-0.9119|0.0111|-0.0178|-0.3839|0.0310||26.50|11|22.40|12
GME211126C00237500|16.10|22.40|3.20|19.30|3.73|10|-15.57|-0.8067|136|376|2|565|0.2089|0.0112|0.0034|-1.2260|0.0557||3.75|10|3.10|18
GME211126P00237500|8.00|26.00|8.00|9.80|25.12|10|15.32|1.5633|548|553|1|128|-0.5985|0.0067|-0.1454|-0.3491|0.2451||28.75|11|24.65|11
GME211126C00240000|15.19|22.00|3.00|18.40|3.40|11|-15.00|-0.8152|681|1786|1|4243|0.4642|0.0047|0.0659|-0.5277|0.2518||3.40|1|3.20|1
GME211126P00240000|9.35|28.43|9.20|11.20|28.11|11|16.91|1.5098|209|227|1|529|-0.5818|0.0058|-0.1470|-0.4105|0.2475||31.05|11|26.95|11
GME211126C00245000|14.50|19.56|2.68|15.95|2.95|12|-13.00|-0.8150|781|1139|1|2384|0.1585|0.0089|0.0026|-1.0958|0.0469||3.15|32|2.95|1
GME211126P00245000|14.70|32.60|12.50|14.50|32.15|12|17.65|1.2172|103|110|1|133|-0.9262|0.0072|-0.0189|-0.4511|0.0271||35.80|11|31.60|13
GME211126C00250000|13.25|18.75|2.29|14.75|2.75|13|-12.00|-0.8136|1666|6652|1|13706|0.1394|0.0077|0.0023|-1.0691|0.0431||2.75|4|2.70|1
GME211126P00250000|17.35|36.97|15.70|17.05|36.02|13|18.97|1.1126|76|116|1|83|-0.8964|0.0072|-0.0188|-0.7557|0.0350||40.80|22|36.45|10
GME211126C00255000|9.50|16.95|2.19|13.70|2.30|14|-11.40|-0.8321|315|625|1|1332|0.1147|0.0066|0.0019|-0.9530|0.0376||2.60|10|2.24|1
GME211126P00255000|20.00|29.20|20.00|23.10|29.20|14|6.10|0.2641|22|22|1|2|-0.9990|0.0003|-0.0209|-0.0061|0.0007||45.20|11|41.20|10
GME211126C00260000|9.18|15.50|2.02|12.28|2.25|15|-10.03|-0.8168|965|1935|1|3131|0.1052|0.0058|0.0017|-0.9537|0.0353||2.25|2|2.20|1
GME211126P00260000|26.00|47.00|23.40|25.00|47.00|15|22.00|0.8800|50|60|8|31|-0.9479|0.0043|-0.0205|-0.4385|0.0207||50.25|11|46.05|10
GME211126C00270000|10.50|13.30|1.75|10.45|1.89|16|-8.56|-0.8191|1011|1503|1|1995|0.0817|0.0045|0.0013|-0.8501|0.0293||2.18|10|1.80|1
GME211126P00270000|33.05|45.00|31.00|32.50|40.40|16|7.90|0.2431|7|16|1|18|-0.9273|0.0043|-0.0210|-0.7473|0.0268||60.25|22|55.90|10
GME211126C00280000|7.00|11.45|1.50|8.92|1.60|17|-7.32|-0.8206|521|1475|1|1633|0.0644|0.0035|0.0011|-0.7531|0.0244||1.65|2|1.52|1
GME211126P00280000|44.00|44.63|41.55|41.57|41.55|17|-0.02|-0.0005|5|9|1|5|-0.9999|0.0000|-0.0230|-0.0003|0.0001||70.25|12|64.95|1
GME211126C00290000|6.55|10.35|1.33|7.52|1.38|18|-6.14|-0.8165|428|861|7|1164|0.0519|0.0028|0.0008|-0.6715|0.0206||1.59|2|1.25|10
GME211126P00290000||||49.39|49.39|18|0.00|0.0000|3|7|0|0|-0.9982|0.0003|-0.0238|-0.0207|0.0011||80.25|1|74.50|1
GME211126C00300000|5.78|9.00|1.14|6.80|1.20|19|-5.60|-0.8235|1542|7451|9|11966|0.0424|0.0023|0.0007|-0.5984|0.0175||1.30|10|1.10|1
GME211126P00300000|57.77|78.55|57.77|58.35|78.55|19|20.20|0.3462|43|49|1|4|-0.9951|0.0005|-0.0246|-0.0634|0.0027||90.60|11|86.00|2
GME211126C00310000|5.00|7.95|1.03|6.10|1.04|20|-5.06|-0.8295|345|1921|1|1039|0.0347|0.0019|0.0006|-0.5301|0.0149||1.18|10|1.00|3
GME211126P00310000|84.45|84.45|84.45|84.45|84.45|20|0.00|0.0000|0|0|1|1|-0.9967|0.0003|-0.0254|-0.0460|0.0019||100.45|1|94.15|10
GME211126C00320000|4.48|7.10|0.91|5.25|0.96|21|-4.29|-0.8171|2460|2757|1|664|0.0302|0.0016|0.0005|-0.4957|0.0133||1.13|10|0.92|1
GME211126P00320000|81.14|104.60|81.14|86.60|104.60|21|18.00|0.2079|0|3|1|2|-0.9918|0.0006|-0.0262|-0.1282|0.0043||110.35|12|103.95|10
GME211126C00330000|4.00|6.80|0.80|4.60|0.81|22|-3.79|-0.8239|426|644|1|699|0.0243|0.0013|0.0004|-0.4237|0.0111||0.95|10|0.71|1
GME211126P00330000|103.40|110.40|103.40|103.40|110.40|22|7.00|0.0677|0|0|1|4|-1.0000|0.0000|-0.0271|0.0010|0.0000||120.25|10|113.85|10
GME211126C00340000|3.10|6.15|0.73|4.25|0.79|23|-3.46|-0.8141|337|576|1|631|0.0222|0.0011|0.0004|-0.4127|0.0103||0.87|10|0.71|2
GME211126P00340000||||97.35|97.35|23|0.00|0.0000|3|5|0|0|-0.9994|0.0001|-0.0279|-0.0098|0.0004||130.15|10|123.75|10
GME211126C00350000|3.70|5.40|0.61|4.15|0.75|24|-3.40|-0.8193|2351|4094|2|5226|0.0201|0.0010|0.0003|-0.3941|0.0094||0.81|10|0.68|2
GME211126P00350000||||125.73|125.73|24|0.00|0.0000|0|2|0|0|-0.9818|0.0009|-0.0285|-0.3541|0.0087||140.05|10|133.70|10
GME211126C00360000|3.25|5.05|0.58|3.40|0.74|25|-2.66|-0.7824|511|644|1|522|0.0188|0.0009|0.0003|-0.3884|0.0089||0.73|10|0.60|1
GME211126P00360000||||115.75|115.75|25|0.00|0.0000|3|3|0|0|-0.9889|0.0006|-0.0294|-0.2245|0.0057||150.00|10|143.60|10
GME211126C00370000|2.00|4.25|0.52|2.93|0.63|26|-2.30|-0.7850|238|491|1|556|0.0155|0.0008|0.0003|-0.3331|0.0075||0.63|19|0.43|6
GME211126P00370000||||||26||||0|0|0|-1.0000|0.0000|-0.0304|0.0011|0.0000||159.90|1|153.55|16
GME211126C00380000|2.41|4.00|0.45|2.68|0.51|27|-2.17|-0.8097|293|408|1|244|0.3491|0.0023|0.0384|-1.0265|0.2232||0.62|1|0.40|1
GME211126P00380000||||||27||||0|0|0|-1.0000|0.0000|-0.3019|0.0011|0.0000||169.65|10|163.50|15
GME211126C00390000|2.07|3.40|0.40|2.18|0.45|28|-1.73|-0.7936|105|157|1|331|0.3439|0.0022|0.0377|-1.0390|0.2220||0.63|11|0.32|14
GME211126P00390000||||||28||||0|0|0|-1.0000|0.0000|-0.0321|0.0011|0.0000||179.60|10|173.50|15
GME211126C00400000|2.10|3.20|0.37|2.00|0.44|29|-1.56|-0.7800|2143|3297|2|3605|0.3665|0.0021|0.0425|-1.0425|0.2385||0.44|1|0.42|3
GME211126P00400000|167.20|167.32|167.20|151.10|167.32|29|16.22|0.1073|4|4|3|4|-0.9739|0.0009|-0.0325|-0.6461|0.0118||189.55|10|183.45|15
GME211126C00410000|1.66|2.71|0.34|1.49|0.39|30|-1.10|-0.7383|502|585|1|344|0.0083|0.0004|0.0001|-0.2068|0.0044||0.40|5|0.26|18
GME211126P00410000||||||30||||0|0|0|-1.0000|0.0000|-0.0337|0.0012|0.0000||199.50|10|193.40|15
GME211126C00420000|1.47|2.75|0.30|1.48|0.30|31|-1.18|-0.7973|295|533|2|283|0.0062|0.0003|0.0001|-0.1589|0.0034||0.45|10|0.25|6
GME211126P00420000||||||31||||0|0|0|-1.0000|0.0000|-0.0345|0.0012|0.0000||209.45|10|203.35|15
GME211126C00430000|1.47|2.30|0.35|1.18|0.37|32|-0.81|-0.6864|143|205|1|81|0.0073|0.0003|0.0001|-0.1951|0.0039||0.44|11|0.33|1
GME211126P00430000||||||32||||0|0|0|-1.0000|0.0000|-0.0353|0.0013|0.0000||219.45|10|213.35|15
GME211126C00440000|1.27|2.20|0.28|1.30|0.28|33|-1.02|-0.7846|87|175|5|78|0.0054|0.0003|0.0001|-0.1471|0.0030||0.40|1|0.18|16
GME211126P00440000||||||33||||0|0|0|-1.0000|0.0000|-0.0362|0.0013|0.0000||229.40|10|223.30|15
GME211126C00450000|1.00|2.22|0.21|1.28|0.26|34|-1.02|-0.7969|659|846|5|576|0.0048|0.0002|0.0001|-0.1362|0.0027||0.32|1|0.25|2
GME211126P00450000||||213.98|213.98|34|0.00|0.0000|6|6|0|0|-0.5033|0.0015|-0.3177|-1.7812|0.2407||239.40|10|233.30|15
GME211126C00460000|1.19|1.91|0.18|0.71|0.28|35|-0.43|-0.6056|1081|1135|30|198|0.0050|0.0002|0.0001|-0.1459|0.0028||0.38|10|0.15|10
GME211126P00460000||||||35||||0|0|0|-1.0000|0.0000|-0.0378|0.0013|0.0000||249.40|10|243.30|15
GME211126C00470000|1.04|2.26|0.20|1.00|0.20|36|-0.80|-0.8000|2053|2092|1|173|0.0035|0.0002|0.0001|-0.1033|0.0020||0.36|10|0.13|14
GME211126P00470000||||||36||||0|0|0|-1.0000|0.0000|-0.4120|0.0014|0.0000||259.35|10|253.25|15
GME211126C00480000|0.81|1.70|0.19|0.83|0.19|37|-0.64|-0.7711|336|420|3|132|0.0032|0.0002|0.0001|-0.0975|0.0019||0.35|10|0.19|1
GME211126P00480000||||||37||||0|0|0|-1.0000|0.0000|-0.0395|0.0014|0.0000||269.35|10|263.25|15
GME211126C00490000|0.85|1.60|0.19|0.85|0.21|38|-0.64|-0.7529|120|214|1|174|0.0034|0.0002|0.0001|-0.1076|0.0020||0.21|1|0.19|5
GME211126P00490000||||||38||||0|0|0|-1.0000|0.0000|-0.4295|0.0014|0.0000||279.30|1|273.25|15
GME211126C00500000|0.76|1.25|0.17|0.73|0.18|39|-0.55|-0.7534|2278|3054|1|1564|0.3150|0.0018|0.0327|-1.1891|0.2143||0.23|4|0.20|1
GME211126P00500000||||260.67|260.67|39|0.00|0.0000|8|8|0|0|-0.9846|0.0005|-0.0409|-0.4993|0.0075||289.30|10|283.20|15
GME211126C00510000|0.66|1.30|0.15|0.64|0.20|40|-0.44|-0.6875|3417|8672|4|9505|0.3475|0.0018|0.0378|-1.2141|0.2341||0.21|4|0.18|1
GME211126P00510000||||||40||||0|0|0|-1.0000|0.0000|-0.0419|0.0015|0.0000||299.30|10|293.20|15
GME211203C00100000||||110.75|110.75|26|0.00|0.0000|0|15|0|0|0.9989|0.0001|0.0273|-0.0103|0.0013||116.90|10|111.15|25
GME211203P00100000|0.01|0.13|0.01|0.10|0.10|26|0.00|0.0000|52|251|1|37|-0.0026|0.0001|-0.0002|-0.0249|0.0029||0.16|10|0.06|250
GME211203C00110000||||135.99|135.99|25|0.00|0.0000|1|2|0|0|0.8758|0.0008|0.0147|-2.5980|0.0726||106.90|10|101.15|25
GME211203P00110000|0.10|0.15|0.09|0.20|0.09|25|-0.11|-0.5500|5|156|1|6|-0.0026|0.0002|-0.0002|-0.0217|0.0029||0.24|11|0.01|1
GME211203C00120000||||||24||||0|0|0|1.0000|0.0000|0.0329|-0.0004|0.0000||96.90|1|91.15|25
GME211203P00120000|0.16|0.16|0.08|0.12|0.13|24|0.01|0.0833|45|145|4|10|-0.0041|0.0002|-0.0003|-0.0298|0.0043||0.19|1|0.01|1
GME211203C00130000|105.96|105.96|105.96|105.96|105.96|23|0.00|0.0000|0|0|1|1|0.8475|0.0014|0.0211|-1.9941|0.0835||86.95|10|81.20|25
GME211203P00130000|0.14|0.25|0.09|0.12|0.23|23|0.11|0.9167|5|93|1|58|-0.0078|0.0005|-0.0005|-0.0496|0.0076||0.18|1|0.10|7
GME211203C00140000||||||22||||0|0|0|1.0000|0.0000|0.0384|-0.0004|0.0000||76.90|1|71.25|25
GME211203P00140000|0.24|0.26|0.18|0.22|0.23|22|0.01|0.0455|1|263|11|81|-0.0088|0.0006|-0.0006|-0.0476|0.0085||0.22|5|0.14|16
GME211203C00150000|101.10|101.25|101.10|58.88|101.25|21|42.37|0.7196|0|2|1|5|0.8008|0.0015|0.0198|-2.6568|0.0989||66.80|1|61.30|25
GME211203P00150000|0.30|0.32|0.23|0.30|0.31|21|0.01|0.0333|19|245|2|44|-0.0132|0.0010|-0.0008|-0.0602|0.0120||0.39|10|0.16|20
GME211203C00155000||||86.30|86.30|20|0.00|0.0000|0|5|0|0|0.8167|0.0009|0.0520|-1.0373|0.1784||61.75|1|56.35|25
GME211203P00155000|0.26|0.43|0.21|0.36|0.43|20|0.07|0.1944|33|103|8|16|-0.0188|0.0013|-0.0012|-0.0796|0.0163||0.73|2|0.32|4
GME211203C00160000|62.00|62.00|62.00|80.88|62.00|19|-18.88|-0.2334|0|110|1|1|0.8433|0.0032|0.0327|-0.8969|0.0850||56.55|1|51.80|17
GME211203P00160000|0.48|0.56|0.23|0.42|0.47|19|0.05|0.1190|-55|139|1|123|-0.1290|0.0033|-0.0345|-0.1709|0.1472||0.65|1|0.45|20
GME211203C00165000||||73.80|73.80|18|0.00|0.0000|1|19|0|0|0.7694|0.0024|0.0253|-1.9078|0.1077||51.95|1|46.50|25
GME211203P00165000|0.37|0.68|0.37|0.51|0.68|18|0.17|0.3333|11|82|1|35|-0.0324|0.0023|-0.0020|-0.1140|0.0257||0.85|11|0.44|28
GME211203C00170000|63.44|63.44|63.31|64.47|63.31|17|-1.16|-0.0180|-1|33|1|3|0.7650|0.0030|0.0278|-1.5623|0.1089||47.15|1|41.45|18
GME211203P00170000|0.68|1.00|0.35|0.58|0.75|17|0.17|0.2931|-3|90|1|133|-0.0383|0.0029|-0.0024|-0.1204|0.0295||0.90|11|0.60|48
GME211203C00175000||||71.15|71.15|16|0.00|0.0000|2|71|0|0|0.7372|0.0024|0.0242|-2.1735|0.1155||42.50|1|36.80|2
GME211203P00175000|0.80|0.98|0.48|0.73|0.98|16|0.25|0.3425|5|188|1|51|-0.0521|0.0039|-0.0032|-0.1471|0.0378||1.32|11|0.81|23
GME211203C00177500||||32.42|32.42|15|0.00|0.0000|0|3|0|0|0.9939|0.0011|0.0483|-0.0145|0.0061||40.20|1|34.50|2
GME211203P00177500|0.68|1.15|0.60|0.95|1.07|15|0.12|0.1263|0|6|1|11|-0.1881|0.0051|-0.0496|-0.1816|0.1887||1.35|11|0.93|17
GME211203C00180000|68.67|68.67|40.80|57.96|41.85|14|-16.11|-0.2780|3|99|4|74|0.7911|0.0053|0.0351|-0.7790|0.1018||37.25|10|33.25|11
GME211203P00180000|1.17|1.50|0.72|1.24|1.44|14|0.20|0.1613|-6|640|1|569|-0.0771|0.0053|-0.0048|-0.1967|0.0512||1.59|11|1.30|10
GME211203C00182500||||43.55|43.55|13|0.00|0.0000|0|7|0|0|0.7509|0.0049|0.0323|-1.0288|0.1124||34.85|10|30.10|22
GME211203P00182500|0.90|1.89|0.87|1.07|1.83|13|0.76|0.7103|-1|9|1|36|-0.0962|0.0062|-0.0060|-0.2348|0.0604||2.65|11|1.49|10
GME211203C00185000|36.00|36.00|36.00|63.80|36.00|12|-27.80|-0.4357|0|143|1|1|0.7817|0.0063|0.0361|-0.6878|0.1044||32.90|10|28.15|12
GME211203P00185000|1.49|2.14|1.08|1.25|1.94|12|0.69|0.5520|-20|170|1|111|-0.1059|0.0070|-0.0066|-0.2402|0.0648||2.36|10|1.76|28
GME211203C00187500|38.25|38.25|33.55|38.25|33.55|11|-4.70|-0.1229|0|0|4|7|0.7706|0.0068|0.0361|-0.6742|0.1074||30.90|10|26.85|11
GME211203P00187500|1.45|2.55|1.28|1.54|2.30|11|0.76|0.4935|1|13|1|45|-0.1252|0.0079|-0.0078|-0.2681|0.0730||2.88|10|2.08|36
GME211203C00190000|59.42|59.42|28.30|48.72|28.30|10|-20.42|-0.4191|-3|70|1|14|0.8013|0.0084|0.0393|-0.4625|0.0988||28.95|10|24.15|12
GME211203P00190000|1.60|3.35|1.43|1.72|2.95|10|1.23|0.7151|-40|176|1|336|-0.2719|0.0063|-0.0729|-0.2239|0.2321||3.45|10|3.00|10
GME211203C00192500|43.56|43.56|27.02|48.55|27.12|9|-21.43|-0.4414|0|6|1|7|0.6874|0.0051|0.1161|-0.3172|0.2477||27.20|10|22.25|12
GME211203P00192500|1.88|4.05|1.88|2.05|4.05|9|2.00|0.9756|0|42|12|27|-0.2925|0.0064|-0.0730|-0.2579|0.2310||4.35|10|3.60|10
GME211203C00195000|43.00|43.00|23.50|52.80|23.75|8|-29.05|-0.5502|2|47|10|20|0.7663|0.0101|0.0385|-0.4660|0.1085||25.55|10|21.65|11
GME211203P00195000|2.14|4.90|1.82|2.25|4.85|8|2.60|1.1556|38|119|1|333|-0.2245|0.0104|-0.0143|-0.4327|0.1061||5.30|11|4.35|22
GME211203C00197500|41.40|41.40|26.29|41.30|26.29|7|-15.01|-0.3634|2|5|10|12|0.6926|0.0082|0.0335|-0.7494|0.1245||23.95|10|20.20|11
GME211203P00197500|2.15|5.95|2.13|2.68|5.85|7|3.17|1.1828|39|52|1|112|-0.2579|0.0109|-0.0165|-0.4782|0.1144||6.35|11|5.40|10
GME211203C00200000|47.04|47.04|20.85|50.00|20.90|6|-29.10|-0.5820|1|186|1|55|0.7006|0.0108|0.0354|-0.5590|0.1231||21.45|10|19.20|11
GME211203P00200000|3.10|6.95|2.60|3.20|6.80|6|3.60|1.1250|88|283|1|901|-0.3505|0.0063|-0.0977|-0.2806|0.2593||7.35|10|6.25|10
GME211203C00202500|38.34|38.34|21.33|29.15|21.33|5|-7.82|-0.2683|0|12|1|8|0.6567|0.0098|0.0327|-0.6899|0.1303||21.15|11|17.80|11
GME211203P00202500|4.20|8.10|3.30|3.70|8.05|5|4.35|1.1757|42|76|18|139|-0.3680|0.0062|-0.1036|-0.2937|0.2637||8.75|11|7.40|10
GME211203C00205000|43.00|43.14|19.00|33.95|21.60|4|-12.35|-0.3638|-2|137|1|25|0.6248|0.0091|0.0308|-0.7942|0.1344||19.90|11|16.45|11
GME211203P00205000|3.45|9.35|3.45|4.25|9.35|4|5.10|1.2000|23|116|8|302|-0.3572|0.0118|-0.0232|-0.5886|0.1322||9.85|11|8.40|21
GME211203C00207500|32.27|32.27|18.94|38.60|18.94|3|-19.66|-0.5093|1|44|1|17|0.6033|0.0100|0.0303|-0.7445|0.1366||18.75|11|15.30|12
GME211203P00207500|5.35|10.55|4.74|4.82|9.50|3|4.68|0.9710|15|31|2|17|-0.3840|0.0131|-0.0248|-0.5579|0.1353||11.25|11|9.75|27
GME211203C00210000|36.00|44.06|16.00|42.39|16.00|2|-26.39|-0.6226|-10|164|1|98|0.5869|0.0057|0.1032|-0.3416|0.2725||17.35|11|14.10|5
GME211203P00210000|5.50|12.25|4.90|5.45|11.20|2|5.75|1.0550|51|154|1|339|-0.4190|0.0128|-0.0274|-0.5975|0.1384||13.10|14|11.25|10
GME211203C00212500|43.35|43.35|14.00|29.65|14.00|1|-15.65|-0.5278|0|35|1|9|0.5491|0.0121|0.0284|-0.6504|0.1403||16.55|13|14.85|6
GME211203P00212500|6.10|13.01|5.82|6.40|13.01|1|6.61|1.0328|10|12|10|48|-0.4512|0.0124|-0.0297|-0.6335|0.1403||14.20|11|12.75|10
GME211203C00215000|37.00|38.65|13.50|37.50|13.80|1|-23.70|-0.6320|-51|299|1|327|0.5218|0.0113|0.0269|-0.7020|0.1411||14.80|10|12.25|7
GME211203P00215000|7.50|15.40|5.75|7.45|15.25|1|7.80|1.0470|16|155|2|268|-0.4794|0.0116|-0.0320|-0.6820|0.1411||16.25|15|14.65|10
GME211203C00217500|33.85|40.00|12.30|37.00|13.00|2|-24.00|-0.6486|4|159|1|254|0.4954|0.0111|0.0255|-0.7182|0.1413||13.90|10|12.75|1
GME211203P00217500|9.10|17.00|6.15|8.92|17.00|2|8.08|0.9058|11|20|4|131|-0.5063|0.0113|-0.0341|-0.7007|0.1413||17.55|11|14.65|15
GME211203C00220000|37.00|37.12|11.60|35.00|11.80|3|-23.20|-0.6629|-79|462|1|500|0.4673|0.0112|0.0242|-0.7087|0.1408||12.80|10|11.45|11
GME211203P00220000|9.50|18.00|7.98|8.94|17.65|3|8.71|0.9743|53|108|1|431|-0.5396|0.0119|-0.0362|-0.6598|0.1406||19.75|14|17.05|13
GME211203C00222500|35.43|35.43|11.52|33.85|12.25|4|-21.60|-0.6381|14|44|1|43|0.5291|0.0052|0.0919|-0.3940|0.2784||12.80|24|10.00|24
GME211203P00222500|10.35|20.00|9.40|10.10|20.00|4|9.90|0.9802|2|11|1|61|-0.5608|0.0112|-0.0381|-0.6955|0.1397||21.70|14|19.00|10
GME211203C00225000|28.31|34.35|10.76|34.10|11.00|5|-23.10|-0.6774|-40|234|1|451|0.4248|0.0102|0.0220|-0.7510|0.1388||11.25|10|10.00|11
GME211203P00225000|10.80|21.70|10.80|11.00|21.60|5|10.60|0.9636|34|77|1|139|-0.5869|0.0110|-0.0401|-0.6889|0.1380||23.30|12|20.85|10
GME211203C00227500|32.50|32.50|11.45|31.72|11.45|6|-20.27|-0.6390|1|22|2|35|0.5075|0.0051|0.0815|-0.4371|0.2681||11.25|20|8.90|15
GME211203P00227500|12.90|22.10|12.90|14.18|22.10|6|7.92|0.5585|4|4|1|32|-0.6270|0.0116|-0.0426|-0.6175|0.1341||25.15|11|22.05|11
GME211203C00230000|28.15|31.72|9.39|30.54|9.85|7|-20.69|-0.6775|-23|404|1|446|0.3837|0.0096|0.0199|-0.7577|0.1353||10.30|10|8.55|11
GME211203P00230000|12.00|25.25|12.00|13.95|24.34|7|10.39|0.7448|5|62|1|58|-0.6454|0.0109|-0.0443|-0.6329|0.1318||27.05|11|24.00|11
GME211203C00232500|16.00|18.95|9.00|25.26|9.00|8|-16.26|-0.6437|4|16|5|70|0.3607|0.0095|0.0187|-0.7391|0.1326||9.65|10|8.20|11
GME211203P00232500|16.93|25.00|16.93|14.65|25.00|8|10.35|0.7065|23|35|1|6|-0.5635|0.0066|-0.1534|-0.3241|0.2647||29.10|11|26.00|11
GME211203C00235000|24.10|30.45|8.42|29.65|9.00|9|-20.65|-0.6965|23|239|1|247|0.3492|0.0090|0.0181|-0.7651|0.1311||9.65|20|7.85|11
GME211203P00235000|17.65|28.74|15.01|16.50|28.74|9|12.24|0.7418|94|103|1|149|-0.6794|0.0099|-0.0475|-0.6495|0.1268||31.15|11|28.05|11
GME211203C00237500|27.00|27.00|8.50|26.65|8.70|10|-17.95|-0.6735|14|92|2|50|0.3347|0.0086|0.0173|-0.7714|0.1290||9.30|10|7.60|11
GME211203P00237500|19.10|30.40|17.75|20.30|30.00|10|9.70|0.4778|62|70|1|21|-0.7115|0.0098|-0.0497|-0.5945|0.1210||33.25|11|30.15|11
GME211203C00240000|24.00|28.60|7.70|25.45|7.90|11|-17.55|-0.6896|135|650|1|690|0.3134|0.0084|0.0163|-0.7439|0.1256||8.30|10|7.30|21
GME211203P00240000|19.65|33.00|18.40|19.00|32.49|11|13.49|0.7100|44|121|1|82|-0.7210|0.0092|-0.0510|-0.6132|0.1190||35.45|11|32.25|11
GME211203C00245000|21.95|27.50|7.00|25.47|7.10|12|-18.37|-0.7212|115|212|1|313|0.2837|0.0079|0.0148|-0.7289|0.1200||7.65|10|7.00|1
GME211203P00245000|23.50|37.01|21.40|22.60|36.62|12|14.02|0.6204|58|68|1|27|-0.5869|0.0053|-0.1868|-0.3677|0.2724||39.80|11|36.60|10
GME211203C00250000|20.80|26.00|6.10|22.50|6.85|13|-15.65|-0.6956|67|1494|1|2636|0.2652|0.0072|0.0137|-0.7431|0.1161||6.85|1|6.80|1
GME211203P00250000|25.25|41.15|24.04|25.35|40.45|13|15.10|0.5957|108|117|1|52|-0.7926|0.0078|-0.0574|-0.5270|0.1014||44.25|11|41.00|10
GME211203C00260000|19.40|22.50|5.20|19.50|5.73|14|-13.77|-0.7062|107|326|10|415|0.2221|0.0063|0.0115|-0.7078|0.1055||6.25|10|5.30|31
GME211203P00260000|32.00|37.50|32.00|32.80|35.75|14|2.95|0.0899|2|6|1|3|-0.7971|0.0063|-0.2181|-0.1739|0.1898||53.40|11|50.05|10
GME211203C00270000|15.50|20.00|4.90|18.31|5.10|15|-13.21|-0.7215|140|348|1|369|0.1928|0.0054|0.0100|-0.6909|0.0970||6.20|2|5.00|6
GME211203P00270000|41.85|50.00|41.85|39.40|50.00|15|10.60|0.2690|2|9|1|4|-0.9213|0.0044|-0.0697|-0.2440|0.0520||63.00|11|59.35|10
GME211203C00280000|15.00|18.00|4.00|15.50|4.48|16|-11.02|-0.7110|72|241|2|230|0.1670|0.0047|0.0086|-0.6606|0.0886||4.90|10|4.05|65
GME211203P00280000|50.75|59.85|50.35|53.62|59.85|16|6.23|0.1162|1|8|1|4|-0.8190|0.0048|-0.2427|-0.2013|0.1770||72.70|11|68.85|10
GME211203C00290000|11.84|16.50|3.30|14.14|4.35|17|-9.79|-0.6924|44|198|1|135|0.1541|0.0042|0.0079|-0.6706|0.0841||4.65|10|3.90|19
GME211203P00290000||||||17||||0|0|0|-1.0000|0.0000|-0.0795|0.0009|0.0000||82.70|22|78.40|10
GME211203C00300000|12.90|14.85|3.30|12.80|3.80|18|-9.00|-0.7031|608|1348|1|1909|0.1342|0.0037|0.0069|-0.6288|0.0766||4.05|10|3.75|3
GME211203P00300000|65.00|77.45|65.00|70.10|77.45|18|7.35|0.1049|2|2|1|3|-0.7213|0.0037|-0.2496|-0.4215|0.2257||92.20|11|88.05|10
GME211203C00310000|10.55|11.76|3.20|11.70|3.45|19|-8.25|-0.7051|147|273|2|219|0.1199|0.0033|0.0062|-0.6022|0.0708||3.75|10|3.10|11
GME211203P00310000|71.90|71.90|71.90|102.90|71.90|19|-31.00|-0.3013|0|1|1|3|-0.7592|0.0036|-0.2871|-0.3479|0.2179||102.20|23|97.80|10
GME211203C00320000|12.00|12.00|2.70|10.67|3.35|20|-7.32|-0.6860|12|177|1|146|0.3307|0.0030|0.0502|-0.6037|0.2436||3.40|10|3.05|28
GME211203P00320000||||||20||||0|0|0|-1.0000|0.0000|-0.3156|0.0010|0.0000||112.20|24|107.55|10
GME211203C00330000|8.00|10.69|2.61|10.00|3.33|21|-6.67|-0.6670|19|157|1|115|0.1071|0.0028|0.0055|-0.6118|0.0653||3.35|10|2.84|23
GME211203P00330000||||||21||||0|0|0|-1.0000|0.0000|-0.0904|0.0010|0.0000||121.95|22|117.25|10
GME211203C00340000|8.55|9.90|2.80|9.60|2.95|22|-6.65|-0.6927|20|62|1|66|0.3174|0.0028|0.0475|-0.6337|0.2396||3.30|11|2.60|21
GME211203P00340000||||134.20|134.20|22|0.00|0.0000|0|1|0|0|-0.5601|0.0022|-0.3033|-0.8894|0.2759||131.75|1|126.05|2
GME211203C00350000|7.35|9.95|2.19|9.20|2.51|23|-6.69|-0.7272|123|824|15|746|0.0819|0.0022|0.0042|-0.5134|0.0536||2.98|10|2.45|17
GME211203P00350000|112.00|138.00|110.00|112.00|136.35|23|24.35|0.2174|0|0|1|6|-0.9569|0.0016|-0.0936|-0.2596|0.0324||141.70|2|135.90|10
GME211203C00360000|8.30|9.00|2.47|9.15|2.70|24|-6.45|-0.7049|18|52|2|60|0.0832|0.0021|0.0042|-0.5492|0.0542||2.93|12|2.11|27
GME211203P00360000||||||24||||0|0|0|-1.0000|0.0000|-0.3550|0.0011|0.0000||151.55|11|145.70|10
GME211203C00370000|8.05|8.20|1.99|7.77|2.55|25|-5.22|-0.6718|-1|72|1|45|0.3198|0.0025|0.0497|-0.6653|0.2501||2.75|12|1.97|18
GME211203P00370000|136.05|136.05|136.05|136.05|136.05|25|0.00|0.0000|0|0|1|1|-0.9845|0.0008|-0.1005|-0.0987|0.0138||161.35|1|155.55|10
GME211203C00380000|5.30|7.90|2.02|7.00|2.02|26|-4.98|-0.7114|2|21|1|25|0.0636|0.0017|0.0032|-0.4517|0.0441||2.74|11|1.94|22
GME211203P00380000||||170.35|170.35|26|0.00|0.0000|0|0|0|0|-0.6372|0.0023|-0.3261|-0.8648|0.2521||171.25|11|165.45|1
GME211203C00390000|5.90|7.35|1.70|7.00|2.11|27|-4.89|-0.6986|23|35|1|17|0.0637|0.0017|0.0032|-0.4713|0.0442||2.34|11|1.83|16
GME211203P00390000||||||27||||0|0|0|-1.0000|0.0000|-0.4167|0.0012|0.0000||181.10|11|175.30|10
GME211203C00400000|5.04|7.40|1.55|6.44|1.91|28|-4.53|-0.7034|116|340|1|516|0.0576|0.0015|0.0029|-0.4407|0.0409||1.99|10|1.71|6
GME211203P00400000||||||28||||0|0|0|-1.0000|0.0000|-0.1096|0.0012|0.0000||191.00|11|185.20|10
GME211203C00410000|4.54|6.05|1.60|6.05|1.72|29|-4.33|-0.7157|12|61|1|306|0.0520|0.0014|0.0026|-0.4099|0.0377||1.90|25|1.56|26
GME211203P00410000||||||29||||0|0|0|-1.0000|0.0000|-0.4380|0.0013|0.0000||200.85|1|195.10|10
GME211203C00420000|4.85|6.10|1.50|5.40|1.83|30|-3.57|-0.6611|24|121|2|46|0.0531|0.0014|0.0027|-0.4331|0.0383||1.85|10|1.50|1
GME211203P00420000||||||30||||0|0|0|-1.0000|0.0000|-0.1151|0.0013|0.0000||210.75|1|205.00|10
GME211203C00430000|5.35|5.35|1.82|5.00|1.82|31|-3.18|-0.6360|6|25|1|4|0.0517|0.0013|0.0026|-0.4344|0.0375||1.85|22|1.18|15
GME211203P00430000||||||31||||0|0|0|-1.0000|0.0000|-0.1178|0.0013|0.0000||220.70|11|214.90|10
GME211203C00440000|4.40|4.40|1.48|4.50|1.51|32|-2.99|-0.6644|5|38|1|10|0.0439|0.0011|0.0022|-0.3777|0.0329||1.85|21|1.17|18
GME211203P00440000||||||32||||0|0|0|-1.0000|0.0000|-0.1205|0.0014|0.0000||230.35|2|224.80|1
GME211203C00450000|3.35|4.65|1.50|4.40|1.56|33|-2.84|-0.6455|36|110|1|74|0.0441|0.0011|0.0022|-0.3899|0.0330||1.71|11|1.14|13
GME211203P00450000||||||33||||0|0|0|-1.0000|0.0000|-0.1233|0.0014|0.0000||240.30|10|234.60|10
GME211203C00460000|2.76|3.00|1.45|4.35|1.45|34|-2.90|-0.6667|7|25|1|15|0.0408|0.0010|0.0021|-0.3700|0.0310||1.69|11|1.10|16
GME211203P00460000||||||34||||0|0|0|-1.0000|0.0000|-0.1260|0.0014|0.0000||250.20|10|244.65|1
GME211203C00470000|3.94|3.94|1.25|3.67|1.38|35|-2.29|-0.6240|13|20|1|105|0.0385|0.0010|0.0019|-0.3576|0.0296||1.69|22|1.05|15
GME211203P00470000||||||35||||0|0|0|-1.0000|0.0000|-0.1288|0.0014|0.0000||260.15|10|254.45|10
GME211203C00480000|4.00|4.00|1.44|3.85|1.44|36|-2.41|-0.6260|5|18|1|6|0.0391|0.0010|0.0020|-0.3718|0.0300||1.68|1|0.95|11
GME211203P00480000||||||36||||0|0|0|-1.0000|0.0000|-0.1315|0.0015|0.0000||270.10|10|264.40|10
GME211203C00490000|4.00|4.00|1.14|3.50|1.30|37|-2.20|-0.6286|11|23|1|42|0.0355|0.0009|0.0018|-0.3441|0.0277||1.68|11|1.00|1
GME211203P00490000||||||37||||0|0|0|-1.0000|0.0000|-0.1342|0.0015|0.0000||280.05|10|274.35|10
GME211203C00500000|2.52|3.91|1.02|3.44|1.16|38|-2.28|-0.6628|128|282|1|158|0.0319|0.0008|0.0016|-0.3154|0.0253||1.63|11|0.83|1
GME211203P00500000||||||38||||0|0|0|-1.0000|0.0000|-0.1370|0.0015|0.0000||290.00|10|284.45|1
GME211203C00510000|3.21|3.60|0.79|3.05|1.00|39|-2.05|-0.6721|366|1066|1|1081|0.0279|0.0007|0.0014|-0.2807|0.0227||1.20|1|1.10|1
GME211203P00510000||||||39||||0|0|0|-1.0000|0.0000|-0.1397|0.0016|0.0000||299.90|10|294.25|1
GME211210C00100000||||100.75|100.75|24|0.00|0.0000|0|1|0|0|1.0000|0.0000|0.1260|-0.0003|0.0000||117.05|10|111.30|25
GME211210P00100000|0.29|0.30|0.29|0.50|0.30|24|-0.20|-0.4000|2|70|2|9|-0.0077|0.0003|-0.0009|-0.0449|0.0098||0.30|15|0.02|3
GME211210C00110000||||101.90|101.90|23|0.00|0.0000|0|2|0|0|1.0000|0.0000|0.0512|-0.0004|0.0000||107.15|10|101.40|25
GME211210P00110000||||0.41|0.41|23|0.00|0.0000|8|114|0|0|-0.0111|0.0004|-0.0012|-0.0576|0.0135||0.40|14|0.06|4
GME211210C00120000||||||22||||0|0|0|1.0000|0.0000|0.0559|-0.0004|0.0000||97.25|10|91.50|25
GME211210P00120000|0.45|0.45|0.37|0.62|0.37|22|-0.25|-0.4032|20|28|1|40|-0.0114|0.0005|-0.0013|-0.0509|0.0138||0.60|26|0.24|34
GME211210C00130000||||||21||||0|0|0|1.0000|0.0000|0.0605|-0.0004|0.0000||87.40|10|81.65|16
GME211210P00130000|0.65|0.84|0.65|0.70|0.74|21|0.04|0.0571|20|284|7|10|-0.0877|0.0017|-0.0295|-0.1627|0.1210||0.80|24|0.39|92
GME211210C00140000||||45.35|45.35|20|0.00|0.0000|0|24|0|0|1.0000|0.0000|0.0652|-0.0005|0.0000||77.55|1|71.85|17
GME211210P00140000|0.87|0.87|0.79|0.87|0.79|20|-0.08|-0.0920|1|63|1|2|-0.0927|0.0021|-0.0282|-0.1541|0.1220||1.09|11|0.50|49
GME211210C00150000|96.00|96.00|80.45|86.90|80.45|19|-6.45|-0.0742|0|17|1|3|0.8197|0.0022|0.0446|-0.9272|0.1213||67.95|10|62.25|9
GME211210P00150000|0.90|1.40|0.90|0.97|1.12|19|0.15|0.1546|-13|69|1|22|-0.0404|0.0019|-0.0044|-0.1188|0.0401||1.50|3|0.83|16
GME211210C00155000||||58.70|58.70|18|0.00|0.0000|0|45|0|0|0.9975|0.0003|0.0719|-0.0062|0.0036||63.25|10|57.35|1
GME211210P00155000|1.36|1.36|1.36|1.18|1.36|18|0.18|0.1525|1|44|1|1|-0.0501|0.0023|-0.0055|-0.1363|0.0477||1.92|11|0.98|36
GME211210C00160000||||53.88|53.88|17|0.00|0.0000|0|200|0|0|1.0000|0.0000|0.0745|-0.0005|0.0000||58.25|1|52.80|14
GME211210P00160000|1.64|2.03|1.50|1.42|1.94|17|0.52|0.3662|6|89|4|19|-0.0694|0.0029|-0.0076|-0.1776|0.0616||2.56|20|1.33|46
GME211210C00165000||||||16||||0|0|0|1.0000|0.0000|0.1944|-0.0005|0.0000||54.10|2|48.50|13
GME211210P00165000|1.80|2.32|1.80|1.77|2.32|16|0.55|0.3107|-3|112|1|2|-0.1729|0.0036|-0.0566|-0.1998|0.1944||2.90|19|1.93|35
GME211210C00170000|47.25|47.25|47.25|56.17|47.25|15|-8.92|-0.1588|0|4|1|1|0.8002|0.0038|0.1480|-0.2240|0.2126||48.85|10|44.25|22
GME211210P00170000|2.45|3.40|2.45|2.23|3.20|15|0.97|0.4350|18|56|1|78|-0.1118|0.0043|-0.0124|-0.2477|0.0879||3.50|1|3.05|10
GME211210C00175000||||41.10|41.10|14|0.00|0.0000|0|15|0|0|0.9108|0.0047|0.0719|-0.1619|0.0745||45.05|10|40.70|11
GME211210P00175000|3.50|4.00|2.82|2.80|3.95|14|1.15|0.4107|19|116|20|58|-0.1371|0.0051|-0.0152|-0.2801|0.1013||4.60|20|3.75|10
GME211210C00180000|70.32|70.32|70.32|58.05|70.32|13|12.27|0.2114|0|8|1|1|0.7231|0.0024|0.0398|-1.3830|0.1546||41.25|10|37.35|11
GME211210P00180000|3.40|5.35|3.25|3.50|5.28|13|1.78|0.5086|-24|229|3|47|-0.1734|0.0058|-0.0194|-0.3336|0.1184||5.95|16|4.70|19
GME211210C00185000||||61.33|61.33|12|0.00|0.0000|0|29|0|0|0.7334|0.0016|0.0881|-0.7137|0.2496||37.95|10|33.25|14
GME211210P00185000|4.99|7.50|4.47|4.35|7.50|12|3.15|0.7241|15|101|8|50|-0.2203|0.0063|-0.0251|-0.4111|0.1369||7.70|21|6.45|10
GME211210C00187500||||||11||||0|0|0|1.0000|0.0000|0.0873|-0.0006|0.0000||36.25|10|31.70|14
GME211210P00187500|5.00|8.45|5.00|4.88|8.45|11|3.57|0.7316||1|8|32|-0.2404|0.0065|-0.0275|-0.4366|0.1437||8.65|21|7.15|21
GME211210C00190000|47.25|47.25|32.70|50.23|32.70|10|-17.53|-0.3490|1|54|1|12|0.6946|0.0045|0.1333|-0.2984|0.2663||34.75|10|30.10|14
GME211210P00190000|5.46|9.45|5.40|5.65|9.45|10|3.80|0.6726|0|106|9|50|-0.2607|0.0067|-0.0300|-0.4604|0.1500||10.45|26|8.10|29
GME211210C00192500|62.00|62.00|32.97|62.00|32.97|9|-29.03|-0.4682||0|1|2|0.6787|0.0041|0.1266|-0.3409|0.2722||33.30|11|29.45|11
GME211210P00192500|6.25|10.55|6.25|6.20|10.55|9|4.35|0.7016||11|9|10|-0.2813|0.0069|-0.0325|-0.4843|0.1558||10.80|22|8.95|34
GME211210C00195000|48.46|48.46|34.60|51.90|34.60|8|-17.30|-0.3333|1|42|1|2|0.6674|0.0037|0.1123|-0.4165|0.2669||31.90|11|27.85|12
GME211210P00195000|7.71|11.70|7.71|7.79|11.70|8|3.91|0.5019|-2|43|9|14|-0.3019|0.0071|-0.0351|-0.5063|0.1611||12.20|26|10.10|35
GME211210C00197500||||||7||||0|0|0|1.0000|0.0000|0.0920|-0.0006|0.0000||30.60|11|27.10|11
GME211210P00197500|7.60|12.90|7.60|7.60|12.90|7|5.30|0.6974||12|9|29|-0.3223|0.0072|-0.0377|-0.5265|0.1657||13.80|15|11.30|24
GME211210C00200000|60.00|60.00|27.50|53.50|27.50|6|-26.00|-0.4860|-43|207|2|35|0.6574|0.0073|0.0528|-0.5464|0.1697||29.35|11|25.90|11
GME211210P00200000|7.92|14.00|7.75|8.44|13.25|6|4.81|0.5699|20|135|1|124|-0.3393|0.0076|-0.0396|-0.5172|0.1691||14.80|20|13.25|10
GME211210C00202500||||||5||||0|0|0|1.0000|0.0000|0.0943|-0.0007|0.0000||28.20|11|24.90|11
GME211210P00202500|13.78|15.30|13.78|9.38|15.30|5|5.92|0.6311||2|1|2|-0.3686|0.0047|-0.1231|-0.3522|0.2770||16.15|29|13.95|33
GME211210C00205000|41.79|41.79|39.85|47.30|39.85|4|-7.45|-0.1575|-2|22|1|2|0.6224|0.0043|0.0437|-0.9979|0.1755||27.10|11|23.95|11
GME211210P00205000|9.74|15.56|9.74|10.32|15.56|4|5.24|0.5078|16|63|1|100|-0.3806|0.0079|-0.0448|-0.5403|0.1759||17.45|24|15.20|33
GME211210C00207500||||||3||||0|0|0|1.0000|0.0000|0.0966|-0.0007|0.0000||26.10|11|23.00|11
GME211210P00207500|12.00|14.45|12.00|11.10|14.45|3|3.35|0.3018||3|3|12|-0.3992|0.0091|-0.0461|-0.4816|0.1784||19.10|26|16.95|15
GME211210C00210000|49.10|49.10|23.98|46.00|24.35|2|-21.65|-0.4707|-8|73|1|37|0.5806|0.0070|0.0466|-0.6438|0.1805||25.15|11|22.05|11
GME211210P00210000|12.10|19.25|11.00|12.38|18.52|2|6.14|0.4960|-2|24|1|88|-0.4216|0.0079|-0.0502|-0.5701|0.1807||20.55|25|18.65|10
GME211210C00212500|37.95|37.95|22.85|39.25|23.22|1|-16.03|-0.4084||4|1|12|0.5919|0.0042|0.1128|-0.3899|0.2950||24.10|11|22.00|1
GME211210P00212500|15.55|20.62|15.54|13.60|20.62|1|7.02|0.5162||1|1|31|-0.4403|0.0076|-0.0531|-0.5979|0.1822||22.30|25|20.25|10
GME211210C00215000|34.60|34.60|21.00|45.20|23.05|1|-22.15|-0.4900|-1|30|1|15|0.5478|0.0068|0.0440|-0.6819|0.1829||23.25|13|20.00|21
GME211210P00215000|14.12|22.90|14.12|15.51|22.90|1|7.39|0.4765|0|13|1|31|-0.4570|0.0074|-0.0558|-0.6280|0.1832||23.70|21|21.70|10
GME211210C00217500|27.17|28.06|21.04|41.85|21.04|2|-20.81|-0.4973||4|1|12|0.5711|0.0042|0.1096|-0.3952|0.2983||22.45|13|20.00|25
GME211210P00217500|18.15|22.50|18.10|17.08|22.50|2|5.42|0.3173||1|2|17|-0.4816|0.0081|-0.0581|-0.5795|0.1841||25.45|25|23.25|10
GME211210C00220000|43.56|45.20|19.40|43.10|21.08|3|-22.02|-0.5109|-13|168|22|180|0.5151|0.0068|0.0416|-0.6912|0.1841||21.65|13|18.15|14
GME211210P00220000|20.86|25.05|16.80|17.10|25.05|3|7.95|0.4649|13|33|1|134|-0.4474|0.0046|-0.1680|-0.3687|0.3005||27.25|14|24.15|14
GME211210C00222500|25.97|27.50|19.71|31.38|20.23|4|-11.15|-0.3553||1|1|19|0.4994|0.0067|0.0404|-0.6962|0.1843||20.85|13|18.50|1
GME211210P00222500|19.45|26.30|19.45|19.45|26.30|4|6.85|0.3522||0|1|31|-0.5160|0.0077|-0.0633|-0.6051|0.1841||29.15|14|26.10|13
GME211210C00225000|39.89|39.89|18.00|41.10|18.00|5|-23.10|-0.5620|-1|221|6|34|0.5401|0.0043|0.1049|-0.3993|0.3016||20.15|13|16.95|11
GME211210P00225000|23.29|28.10|18.90|18.95|28.10|5|9.15|0.4828|5|212|1|103|-0.5327|0.0076|-0.0658|-0.6116|0.1836||31.25|14|27.80|13
GME211210C00227500|39.70|39.70|20.02|36.40|20.35|6|-16.05|-0.4409||1|1|6|0.4788|0.0062|0.0383|-0.7529|0.1840||19.50|13|16.00|14
GME211210P00227500|22.70|29.40|22.70|22.60|29.40|6|6.80|0.3009||1|1|36|-0.5524|0.0076|-0.0684|-0.6010|0.1827||32.90|14|29.50|13
GME211210C00230000|42.40|42.40|16.86|37.20|16.90|7|-20.30|-0.5457|19|95|1|76|0.4482|0.0068|0.0369|-0.6749|0.1827||18.80|13|15.60|11
GME211210P00230000|20.95|31.85|20.95|22.61|31.85|7|9.24|0.4087|26|27|1|13|-0.5638|0.0073|-0.0707|-0.6228|0.1819||34.85|14|31.50|13
GME211210C00232500|26.75|26.75|17.10|31.00|17.10|8|-13.90|-0.4484||0|1|4|0.4400|0.0065|0.0360|-0.7030|0.1822||18.30|13|14.55|28
GME211210P00232500|27.05|33.70|24.84|24.90|33.70|8|8.80|0.3534||7|1|10|-0.5789|0.0072|-0.0731|-0.6247|0.1807||36.40|12|33.30|11
GME211210C00235000|36.80|37.39|16.44|38.45|17.29|9|-21.16|-0.5503|-17|934|22|142|0.4326|0.0062|0.0352|-0.7299|0.1816||17.70|14|14.55|11
GME211210P00235000|28.45|36.30|24.20|25.00|36.00|9|11.00|0.4400|11|11|1|33|-0.5898|0.0070|-0.0752|-0.6388|0.1796||38.75|12|35.20|11
