symbol|open|high|low|preClose|close|activeLevel|change|changeRatio|openIntChange|openInterest|latestPriceVol|volume|delta|gamma|rho|theta|vega|tradeStamptradeTime|ask|avol|bid|bvol
GME211112C00100000|113.00|113.00|113.00|78.77|113.00|35|34.23|0.4346|0|1|1|1|0.9996|0.0000|0.0493|-0.0024|0.0007||115.95|10|111.25|16
GME211112P00100000|0.10|0.10|0.04|0.14|0.04|35|-0.10|-0.7143|29|139|1|71|0.0000|0.0000|0.0000|0.0000|0.0000||0.07|12|0.05|10
GME211112C00110000||||||34|||0|0|0|0|1.0000|0.0000|0.0151|-0.0003|0.0000||105.95|10|101.25|15
GME211112P00110000|0.15|0.15|0.07|0.14|0.11|34|-0.03|-0.2143|1|20|2|10|0.0000|0.0000|0.0000|0.0000|0.0000||0.10|7|0.05|11
GME211112C00115000||||||33|||0|0|0|0|1.0000|0.0000|0.0158|-0.0003|0.0000||100.95|10|96.30|15
GME211112P00115000|0.09|0.09|0.09|0.14|0.09|33|-0.05|-0.3571|51|82|5|5|0.0000|0.0000|0.0000|0.0000|0.0000||0.25|13|0.05|2
GME211112C00120000||||62.35|62.35|32|0.00|0.0000|0|3|0|0|0.9986|0.0001|0.0590|-0.0057|0.0022||96.00|10|91.30|15
GME211112P00120000|0.19|0.19|0.10|0.21|0.10|32|-0.11|-0.5238|19|60|1|27|0.0000|0.0000|0.0000|0.0000|0.0000||0.14|12|0.10|10
GME211112C00125000||||83.80|83.80|31|0.00|0.0000|0|2|0|0|1.0000|0.0000|0.0171|-0.0003|0.0000||91.00|10|86.30|15
GME211112P00125000|0.15|0.15|0.14|0.20|0.14|31|-0.06|-0.3000|0|11|1|3|0.0000|0.0000|0.0000|0.0000|0.0000||0.25|7|0.10|10
GME211112C00130000||||69.39|69.39|30|0.00|0.0000|0|2|0|0|0.9974|0.0002|0.0638|-0.0092|0.0039||86.00|10|81.30|15
GME211112P00130000|0.25|0.25|0.19|0.24|0.19|30|-0.05|-0.2083|-2|43|1|7|-0.0038|0.0003|-0.0004|-0.0130|0.0054||0.26|7|0.14|4
GME211112C00135000||||103.56|103.56|29|0.00|0.0000|0|0|0|0|1.0000|0.0000|0.0185|-0.0004|0.0000||81.00|1|76.15|20
GME211112P00135000|0.25|0.25|0.23|0.26|0.24|29|-0.02|-0.0769|1|111|100|501|0.0000|0.0000|0.0000|0.0000|0.0000||0.30|5|0.17|10
GME211112C00140000||||67.87|67.87|28|0.00|0.0000|0|117|0|0|1.0000|0.0000|0.0192|-0.0004|0.0000||75.15|1|71.20|19
GME211112P00140000|0.29|0.29|0.21|0.36|0.23|28|-0.13|-0.3611|259|353|4|34|-0.0097|0.0007|-0.0011|-0.0288|0.0123||0.26|7|0.20|10
GME211112C00145000||||37.86|37.86|27|0.00|0.0000|0|1|0|0|1.0000|0.0000|0.0199|-0.0005|0.0000||71.05|10|66.20|20
GME211112P00145000|0.30|0.30|0.25|0.33|0.25|27|-0.08|-0.2424|0|32|1|6|0.0000|0.0000|0.0000|-0.0002|0.0000||0.29|5|0.23|10
GME211112C00150000|61.46|63.00|61.33|66.75|63.00|26|-3.75|-0.0562|-1|195|1|4|0.9999|0.0000|0.0205|-0.0008|0.0001||65.90|1|61.30|16
GME211112P00150000|0.38|0.39|0.26|0.35|0.27|26|-0.08|-0.2286|15|134|10|221|-0.0001|0.0000|0.0000|-0.0008|0.0001||0.28|11|0.24|13
GME211112C00152500||||52.18|52.18|25|0.00|0.0000|0|2|0|0|0.9640|0.0019|0.0711|-0.0923|0.0374||63.60|10|58.80|16
GME211112P00152500|0.41|0.41|0.30|0.56|0.31|25|-0.25|-0.4464|0|7|1|503|-0.0970|0.0028|-0.0118|-0.2939|0.0812||0.34|4|0.26|10
GME211112C00155000|59.87|59.87|55.57|73.00|58.88|24|-14.12|-0.1934|0|5|1|3|0.9998|0.0000|0.0212|-0.0022|0.0002||60.95|1|56.30|16
GME211112P00155000|0.37|0.37|0.28|0.42|0.28|24|-0.14|-0.3333|257|366|1|46|-0.0004|0.0001|0.0000|-0.0028|0.0003||0.36|6|0.28|10
GME211112C00157500||||||23||||0|0|0|1.0000|0.0000|0.0216|-0.0004|0.0000||58.65|10|53.80|16
GME211112P00157500||||0.57|0.57|23|0.00|0.0000|0|8|0|0|-0.1054|0.0032|-0.0106|-0.3502|0.0787||0.45|21|0.29|10
GME211112C00160000|52.70|56.00|52.54|58.22|52.54|22|-5.68|-0.0976|1|39|2|9|0.9992|0.0001|0.0219|-0.0060|0.0007||54.75|10|51.30|16
GME211112P00160000|0.44|0.45|0.34|0.45|0.34|22|-0.11|-0.2444|1|261|7|46|-0.0012|0.0002|0.0000|-0.0078|0.0010||0.38|9|0.30|13
GME211112C00162500||||20.90|20.90|21|0.00|0.0000|0|3|0|0|1.0000|0.0000|0.0223|-0.0004|0.0000||52.25|10|48.80|16
GME211112P00162500|0.45|0.45|0.34|0.49|0.34|21|-0.15|-0.3061|0|31|1|6|-0.0151|0.0014|-0.0005|-0.1044|0.0095||0.41|7|0.31|10
GME211112C00165000|54.01|54.29|45.60|49.55|48.63|20|-0.92|-0.0186|1|23|1|16|0.9972|0.0004|0.0225|-0.0175|0.0021||49.75|21|46.70|11
GME211112P00165000|0.50|0.52|0.41|0.50|0.42|20|-0.08|-0.1600|-5|152|2|85|-0.0030|0.0005|-0.0001|-0.0182|0.0023||0.45|13|0.33|12
GME211112C00167500|45.40|45.40|45.40|36.80|45.40|19|8.60|0.2337|0|1|1|1|0.9864|0.0015|0.0225|-0.0835|0.0087||47.25|11|44.20|11
GME211112P00167500|0.48|0.48|0.40|0.73|0.41|19|-0.32|-0.4384|1|32|1|13|-0.0198|0.0019|-0.0006|-0.1231|0.0120||0.44|6|0.34|10
GME211112C00170000|49.57|49.57|40.06|50.71|41.50|18|-9.21|-0.1816|-1|18|3|23|0.9285|0.0039|0.0631|-0.1584|0.0589||44.75|11|41.75|11
GME211112P00170000|0.54|0.59|0.39|0.61|0.39|18|-0.22|-0.3607|-17|272|1|181|-0.0905|0.0042|-0.0104|-0.1744|0.0771||0.50|4|0.39|2
GME211112C00172500||||75.15|75.15|17|0.00|0.0000|0|12|0|0|0.7420|0.0024|0.0119|-4.3982|0.0805||42.50|11|39.25|12
GME211112P00172500|0.51|0.66|0.41|0.70|0.41|17|-0.29|-0.4143|1|68|4|49|-0.0218|0.0023|-0.0007|-0.1188|0.0130||0.45|1|0.39|2
GME211112C00175000|40.10|40.85|36.00|43.28|38.00|16|-5.28|-0.1220|-2|79|1|24|0.8838|0.0052|0.0730|-0.2060|0.0925||40.00|22|36.80|11
GME211112P00175000|0.58|0.78|0.47|0.82|0.47|16|-0.35|-0.4268|51|297|1|142|-0.0173|0.0021|-0.0005|-0.0865|0.0107||0.48|4|0.47|2
GME211112C00177500|33.53|37.52|33.53|40.20|34.63|15|-5.57|-0.1386|20|43|3|20|0.9631|0.0036|0.0232|-0.1811|0.0201||37.50|22|34.35|11
GME211112P00177500|0.79|0.85|0.50|0.89|0.50|15|-0.39|-0.4382|10|70|2|32|-0.1431|0.0057|-0.0166|-0.2504|0.1068||0.52|4|0.39|15
GME211112C00180000|38.26|38.26|30.96|38.86|31.70|14|-7.16|-0.1843|81|263|1|111|0.9669|0.0037|0.0237|-0.1483|0.0184||35.00|21|32.00|17
GME211112P00180000|0.87|1.00|0.53|1.01|0.56|14|-0.45|-0.4455|66|494|8|641|-0.0358|0.0038|-0.0011|-0.1608|0.0196||0.58|4|0.49|4
GME211112C00182500|31.90|32.98|29.00|35.00|29.19|13|-5.81|-0.1660|103|184|1|14|0.9818|0.0028|0.0245|-0.0721|0.0111||32.50|20|29.55|12
GME211112P00182500|1.20|1.20|0.72|1.30|0.73|13|-0.57|-0.4385|-7|149|6|81|-0.0456|0.0048|-0.0014|-0.1919|0.0239||0.72|5|0.42|16
GME211112C00185000|37.00|37.00|26.35|33.49|28.92|12|-4.57|-0.1365|6|274|2|65|0.9361|0.0061|0.0234|-0.2553|0.0312||30.00|4|27.20|12
GME211112P00185000|1.38|1.55|0.78|1.52|0.78|12|-0.74|-0.4868|-36|341|1|239|-0.1963|0.0070|-0.0229|-0.3028|0.1310||0.91|5|0.75|1
GME211112C00187500|27.58|27.58|24.00|32.01|25.40|11|-6.61|-0.2065|3|22|10|24|0.9220|0.0074|0.0233|-0.2892|0.0364||27.85|10|24.70|27
GME211112P00187500|1.70|1.70|0.99|1.87|0.99|11|-0.88|-0.4706|1|61|2|291|-0.0670|0.0070|-0.0020|-0.2425|0.0324||1.06|18|0.92|1
GME211112C00190000|30.83|30.83|22.04|30.20|24.25|10|-5.95|-0.1970|112|368|1|171|0.8887|0.0091|0.0226|-0.3947|0.0473||25.45|30|23.05|6
GME211112P00190000|1.87|2.40|1.21|1.95|1.25|10|-0.70|-0.3590|49|496|1|1231|-0.1144|0.0092|-0.0035|-0.4077|0.0482||1.25|1|1.20|1
GME211112C00192500|20.60|24.75|19.95|26.25|22.03|9|-4.22|-0.1608|15|106|4|40|0.8916|0.0103|0.0231|-0.3366|0.0464||23.30|30|20.85|6
GME211112P00192500|2.40|2.66|1.62|2.71|1.63|9|-1.08|-0.3985|33|110|1|117|-0.1131|0.0104|-0.0034|-0.3542|0.0478||1.71|11|1.55|10
GME211112C00195000|25.43|25.43|17.85|26.00|20.19|8|-5.81|-0.2235|150|354|1|202|0.8299|0.0122|0.0215|-0.5264|0.0631||22.00|25|18.65|4
GME211112P00195000|2.49|3.55|2.10|3.00|2.21|8|-0.79|-0.2633|66|142|1|256|-0.2877|0.0084|-0.0342|-0.3831|0.1613||2.27|23|2.00|16
GME211112C00197500|23.70|23.70|16.25|30.10|18.60|7|-11.50|-0.3821|-2|72|19|40|0.7956|0.0137|0.0207|-0.5876|0.0707||19.50|31|17.30|5
GME211112P00197500|3.25|4.20|2.39|3.70|2.79|7|-0.91|-0.2459|7|132|2|83|-0.1863|0.0141|-0.0057|-0.5093|0.0668||2.88|26|2.60|10
GME211112C00200000|20.75|22.32|14.75|22.20|17.00|6|-5.20|-0.2342|193|779|2|306|0.7547|0.0150|0.0198|-0.6596|0.0784||17.30|15|16.55|1
GME211112P00200000|4.10|5.25|3.45|4.70|3.50|6|-1.20|-0.2553|140|816|1|593|-0.2510|0.0147|-0.0078|-0.6882|0.0794||3.65|15|3.35|10
GME211112C00202500|14.93|18.20|13.34|23.90|15.30|5|-8.60|-0.3598|-3|84|20|104|0.7086|0.0159|0.0187|-0.7412|0.0855||15.50|1|14.70|4
GME211112P00202500|4.80|6.40|4.55|5.22|4.55|5|-0.67|-0.1284|6|112|1|27|-0.2787|0.0168|-0.0086|-0.6696|0.0837||4.60|15|4.25|10
GME211112C00205000|21.97|21.97|11.80|17.97|13.90|4|-4.07|-0.2265|-11|261|1|216|0.6163|0.0094|0.0547|-0.4334|0.1806||14.50|5|13.20|1
GME211112P00205000|5.80|7.65|5.45|6.20|5.50|4|-0.70|-0.1129|32|166|2|157|-0.3843|0.0092|-0.0465|-0.4401|0.1807||5.75|8|5.25|14
GME211112C00207500|13.55|14.90|10.80|23.90|12.47|3|-11.43|-0.4782||2|1|88|0.6185|0.0170|0.0164|-0.8537|0.0950||13.30|11|11.90|11
GME211112P00207500|7.11|9.07|6.45|7.65|6.85|3|-0.80|-0.1046||12|1|75|-0.3764|0.0181|-0.0118|-0.7964|0.0946||6.95|18|6.50|17
GME211112C00210000|16.85|16.90|9.55|16.70|11.50|2|-5.20|-0.3114|-11|520|1|556|0.5749|0.0178|0.0154|-0.8654|0.0977||11.50|3|10.90|11
GME211112P00210000|7.90|10.55|7.50|9.45|8.29|2|-1.16|-0.1228|35|270|1|539|-0.4262|0.0172|-0.0135|-0.8941|0.0977||8.35|11|7.95|1
GME211112C00212500|11.60|13.65|8.65|15.55|10.57|1|-4.98|-0.3203||43|1|384|0.5440|0.0095|0.0407|-0.5547|0.1712||10.95|5|9.85|14
GME211112P00212500|9.35|11.85|9.35|10.50|9.70|1|-0.80|-0.0762||10|1|102|-0.4702|0.0179|-0.0149|-0.8834|0.0992||9.95|11|9.40|1
GME211112C00215000|13.50|14.06|7.80|14.10|9.80|1|-4.30|-0.3050|0|927|1|859|0.5207|0.0094|0.0469|-0.4669|0.1884||9.95|1|9.50|1
GME211112P00215000|10.80|14.00|10.10|12.55|11.00|1|-1.55|-0.1235|0|79|2|257|-0.5126|0.0172|-0.0164|-0.9224|0.0994||11.75|15|10.80|13
GME211112C00217500|13.50|13.50|7.50|12.80|9.20|2|-3.60|-0.2813||75|1|191|0.4571|0.0151|0.0122|-1.0425|0.0989||9.20|50|8.50|13
GME211112P00217500|13.15|14.35|12.36|12.85|13.32|2|0.47|0.0366||17|1|15|-0.5503|0.0163|-0.0177|-0.9600|0.0987||13.60|15|12.35|13
GME211112C00220000|15.71|15.71|6.50|12.20|8.24|3|-3.96|-0.3246|2393|3615|10|3715|0.4654|0.0103|0.0356|-0.5130|0.1716||8.50|1|8.00|2
GME211112P00220000|15.00|17.00|13.75|15.35|14.99|3|-0.36|-0.0235|50|194|1|122|-0.5943|0.0165|-0.0192|-0.9087|0.0967||15.30|12|14.65|1
GME211112C00222500|10.98|11.37|5.85|10.75|7.45|4|-3.30|-0.3070||72|10|325|0.4742|0.0079|0.0418|-0.5600|0.1883||7.90|8|7.20|7
GME211112P00222500|18.07|18.07|16.45|15.00|16.64|4|1.64|0.1093||3|1|12|-0.6238|0.0153|-0.0203|-0.9433|0.0946||17.30|12|16.30|1
GME211112C00225000|10.00|10.40|5.50|10.80|7.00|5|-3.80|-0.3519|338|1111|2|483|0.3234|0.0157|0.0088|-0.8194|0.0895||7.30|4|6.60|6
GME211112P00225000|17.50|20.63|17.00|19.35|18.60|5|-0.75|-0.0388|55|129|6|31|-0.6673|0.0152|-0.0218|-0.8678|0.0906||19.20|12|18.05|10
GME211112C00227500|8.00|8.80|5.10|10.25|6.35|6|-3.90|-0.3805||30|1|119|0.3311|0.0130|0.0089|-1.0126|0.0904||6.80|11|6.15|7
GME211112P00227500|20.56|20.56|20.20|20.10|20.20|6|0.10|0.0050||2|1|3|-0.6894|0.0139|-0.0228|-0.8938|0.0880||22.10|16|20.00|10
GME211112C00230000|10.05|10.06|4.80|9.63|6.10|7|-3.53|-0.3666|145|981|1|1518|0.3954|0.0087|0.0361|-0.4739|0.1822||6.20|1|5.85|1
GME211112P00230000|25.50|25.50|22.17|22.40|23.00|7|0.60|0.0268|0|99|1|8|-0.7314|0.0136|-0.0242|-0.7995|0.0822||23.40|12|22.55|1
GME211112C00232500|8.00|8.15|4.60|8.69|5.55|8|-3.14|-0.3613||26|1|77|0.2859|0.0116|0.0077|-0.9998|0.0848||5.90|9|5.40|30
GME211112P00232500|24.45|25.65|24.35|24.35|25.65|8|1.30|0.0534||2|1|5|-0.7092|0.0114|-0.0241|-1.0283|0.0854||26.35|16|24.15|10
GME211112C00235000|7.95|8.00|4.24|8.60|5.40|9|-3.20|-0.3721|178|480|1|203|0.2031|0.0120|0.0056|-0.6677|0.0704||5.55|17|5.05|20
GME211112P00235000|27.64|29.80|26.63|25.90|27.80|9|1.90|0.0734|-1|120|1|34|-0.6303|0.0080|-0.0823|-0.4945|0.1786||28.00|15|26.30|10
GME211112C00237500|5.50|6.70|4.00|8.60|4.85|10|-3.75|-0.4360||40|19|122|0.3778|0.0072|0.0281|-0.6736|0.1641||5.25|11|4.75|11
GME211112P00237500|29.20|30.15|29.20|27.15|30.15|10|3.00|0.1105||7|1|4|-0.7417|0.0101|-0.0256|-1.0351|0.0806||30.15|16|28.35|10
GME211112C00240000|7.50|7.50|3.65|7.75|4.75|11|-3.00|-0.3871|99|897|1|2057|0.1628|0.0101|0.0045|-0.6011|0.0613||4.95|12|4.60|1
GME211112P00240000|33.87|33.87|31.15|30.40|31.58|11|1.18|0.0388|-2|40|1|19|-0.8270|0.0101|-0.0281|-0.6488|0.0638||32.25|12|30.30|5
GME211112C00245000|7.45|7.45|3.35|7.05|4.06|12|-2.99|-0.4241|-14|557|3|181|0.1272|0.0084|0.0035|-0.5184|0.0519||4.40|14|4.15|1
GME211112P00245000|35.60|38.52|35.60|32.00|37.45|12|5.45|0.1703|-1|27|1|22|-0.8680|0.0084|-0.0299|-0.5413|0.0533||37.10|16|34.50|7
GME211112C00250000|7.50|7.50|3.10|6.15|3.90|13|-2.25|-0.3659|72|3212|2|3131|0.2697|0.0070|0.0249|-0.4325|0.1563||4.00|2|3.80|2
GME211112P00250000|41.58|42.15|41.58|38.62|42.15|13|3.53|0.0914|3|26|1|14|-0.8904|0.0071|-0.0312|-0.4949|0.0467||42.10|28|39.75|4
GME211112C00255000|6.25|6.25|3.00|5.85|3.52|14|-2.33|-0.3983|-5|289|1|113|0.0733|0.0055|0.0020|-0.3527|0.0347||3.60|10|3.45|2
GME211112P00255000||||41.15|41.15|14|0.00|0.0000|6|19|0|0|-0.9143|0.0058|-0.0326|-0.4187|0.0390||47.00|16|44.40|7
GME211112C00260000|5.35|5.35|2.62|5.40|3.05|15|-2.35|-0.4352|-24|1160|1|296|0.0571|0.0044|0.0016|-0.2967|0.0286||3.40|12|3.05|107
GME211112P00260000||||44.99|44.99|15|0.00|0.0000|1|8|0|0|-0.7585|0.0060|-0.1061|-0.4465|0.1475||51.75|15|49.05|10
GME211112C00265000|4.85|4.85|2.50|4.80|2.98|16|-1.82|-0.3792|-12|153|4|234|0.2086|0.0057|0.0193|-0.3995|0.1358||3.15|14|2.83|14
GME211112P00265000||||51.00|51.00|16|0.00|0.0000|-1|0|0|0|-0.9468|0.0039|-0.0348|-0.2998|0.0270||56.55|14|53.80|10
GME211112C00270000|4.40|4.67|2.36|4.65|2.67|17|-1.98|-0.4258|58|336|30|566|0.1929|0.0054|0.0179|-0.3893|0.1296||2.91|8|2.66|9
GME211112P00270000|60.16|60.16|60.16|61.60|60.16|17|-1.44|-0.0234|0|1|1|1|-0.8272|0.0053|-0.0975|-0.4073|0.1104||61.40|15|58.40|5
GME211112C00280000|3.75|3.80|2.20|4.15|2.47|18|-1.68|-0.4048|6|250|2|241|0.0219|0.0019|0.0006|-0.1465|0.0131||2.57|9|2.36|9
GME211112P00280000||||||18|||0|0|0|0|-0.9760|0.0020|-0.0377|-0.1605|0.0141||71.10|14|68.05|20
GME211112C00290000|3.10|3.20|2.00|3.75|2.21|19|-1.54|-0.4107|-3|209|20|128|0.0147|0.0013|0.0004|-0.1088|0.0093||2.32|17|2.11|16
GME211112P00290000||||||19|||0|0|0|0|-0.9842|0.0013|-0.0393|-0.1162|0.0098||80.90|14|78.05|5
GME211112C00300000|3.40|3.50|1.76|3.35|1.95|20|-1.40|-0.4179|365|2851|1|2180|0.0100|0.0009|0.0003|-0.0808|0.0066||2.06|27|1.95|10
GME211112P00300000|90.01|90.01|89.47|71.70|89.47|20|17.77|0.2478|0|3|1|3|-0.9905|0.0008|-0.0408|-0.0758|0.0063||90.85|5|86.50|6
GME211112C00310000|3.70|3.70|1.70|2.80|1.84|21|-0.96|-0.3429|11|259|2|109|0.0066|0.0006|0.0002|-0.0581|0.0046||1.94|13|1.75|10
GME211112P00310000|100.58|100.58|100.58|100.58|100.58|21|0.00|0.0000|0|0|2|2|-0.8891|0.0032|-0.1426|-0.3080|0.0895||100.70|4|96.30|5
GME211112C00320000|2.50|2.50|1.51|2.67|1.63|22|-1.04|-0.3895|27|153|15|85|0.0042|0.0004|0.0001|-0.0395|0.0031||1.80|14|1.57|21
GME211112P00320000||||99.20|99.20|22|0.00|0.0000|0|1|0|0|-0.9961|0.0004|-0.0437|-0.0361|0.0029||110.80|14|105.90|11
GME211112C00330000|1.99|2.13|1.50|2.40|1.50|23|-0.90|-0.3750|-2|88|6|80|0.0028|0.0003|0.0001|-0.0277|0.0021||1.68|18|1.38|18
GME211112P00330000||||117.45|117.45|23|0.00|0.0000|0|1|0|0|-0.9367|0.0022|-0.1306|-0.2320|0.0537||120.70|11|115.80|1
GME211112C00340000|2.11|2.11|1.43|2.25|1.45|24|-0.80|-0.3556|0|92|1|30|0.0565|0.0020|0.0044|-0.2193|0.0491||1.59|19|1.36|16
GME211112P00340000||||123.78|123.78|24|0.00|0.0000|0|42|0|0|-0.9452|0.0019|-0.1354|-0.2114|0.0479||130.60|11|125.70|1
GME211112C00350000|2.41|2.41|1.24|2.31|1.40|25|-0.91|-0.3939|99|700|1|568|0.0013|0.0001|0.0000|-0.0145|0.0011||1.40|4|1.28|10
GME211112P00350000|138.20|138.20|138.20|138.20|138.20|25|0.00|0.0000|0|0|1|3|-0.9984|0.0001|-0.0479|-0.0169|0.0013||140.50|11|135.55|11
GME211112C00360000|1.80|1.80|1.20|2.29|1.27|26|-1.02|-0.4454|82|267|1|121|0.1953|0.0027|0.0134|-0.9370|0.1192||1.54|13|1.21|1
GME211112P00360000||||||26||||0|0|0|-1.0000|0.0000|-0.0493|0.0009|0.0000||150.40|11|145.45|11
GME211112C00370000|1.80|1.80|1.09|1.95|1.21|27|-0.74|-0.3795|3|800|3|100|0.0360|0.0013|0.0009|-0.4789|0.0197||1.31|8|1.21|1
GME211112P00370000||||175.72|175.72|27|0.00|0.0000|0|50|0|0|-0.7414|0.0026|-0.0452|-4.0425|0.0806||160.30|1|155.35|10
GME211112C00380000|1.40|1.45|1.02|1.97|1.16|28|-0.81|-0.4112|5|35|1|14|0.0335|0.0012|0.0009|-0.4647|0.0186||1.25|23|1.03|15
GME211112P00380000||||||28||||0|0|0|-1.0000|0.0000|-0.0521|0.0010|0.0000||170.25|10|165.30|10
GME211112C00390000|1.50|1.50|1.02|1.78|1.04|29|-0.74|-0.4157|5|45|1|15|0.0295|0.0011|0.0008|-0.4251|0.0167||1.25|20|0.98|17
GME211112P00390000||||||29||||0|0|0|-1.0000|0.0000|-0.0534|0.0010|0.0000||180.15|1|175.25|1
GME211112C00400000|1.68|1.68|0.90|1.68|1.00|30|-0.68|-0.4048|21|296|4|553|0.0277|0.0010|0.0007|-0.4129|0.0159||1.08|2|1.00|2
GME211112P00400000||||||30||||0|0|0|-1.0000|0.0000|-0.1644|0.0010|0.0000||190.10|10|185.15|10
GME211112C00410000|1.33|1.33|0.90|1.58|0.99|31|-0.59|-0.3734|17|47|1|56|0.0266|0.0009|0.0007|-0.4108|0.0153||1.05|15|0.99|1
GME211112P00410000||||||31||||0|0|0|-1.0000|0.0000|-0.1685|0.0011|0.0000||200.05|10|195.15|1
GME211112C00420000|1.66|1.66|0.80|1.64|0.89|32|-0.75|-0.4573|14|497|4|240|0.0236|0.0008|0.0006|-0.3757|0.0139||1.00|10|0.87|10
GME211112P00420000|206.35|206.35|206.35|206.35|206.35|32|0.00|0.0000|0|0|4|4|-1.0000|0.0000|-0.0575|0.0011|0.0000||210.00|11|205.15|1
GME211112C00430000|1.14|1.14|0.75|1.52|0.75|33|-0.77|-0.5066||2|2|4|0.0198|0.0007|0.0005|-0.3242|0.0120||0.95|3|0.78|4
GME211112P00430000||||||33||||0|0|0|-1.0000|0.0000|-0.0589|0.0011|0.0000||219.95|10|215.00|1
GME211112C00440000|0.99|1.05|0.73|1.72|0.86|34|-0.86|-0.5000||8|1|4|0.0217|0.0007|0.0006|-0.3666|0.0129||1.05|16|0.66|17
GME211112P00440000||||||34||||0|0|0|-1.0000|0.0000|-0.1808|0.0012|0.0000||229.90|10|224.95|1
GME211112C00450000|1.00|1.00|0.76|1.30|0.78|35|-0.52|-0.4000||4|1|29|0.0194|0.0007|0.0005|-0.3370|0.0118||1.07|17|0.59|16
GME211112P00450000||||||35||||0|0|0|-1.0000|0.0000|-0.1849|0.0012|0.0000||239.85|10|234.90|1
GME211112C00460000|0.90|0.90|0.70|1.69|0.71|36|-0.98|-0.5799||1|1|14|0.0175|0.0006|0.0005|-0.3108|0.0108||1.03|17|0.69|2
GME211112P00460000||||||36||||0|0|0|-1.0000|0.0000|-0.1890|0.0012|0.0000||249.80|10|244.85|10
GME211112C00470000|0.77|0.99|0.75|0.77|0.75|37|-0.02|-0.0260||0|1|511|0.1561|0.0019|0.0103|-1.0249|0.1034||0.78|13|0.53|20
GME211112P00470000||||||37||||0|0|0|-1.0000|0.0000|-0.0644|0.0012|0.0000||259.75|1|254.80|10
GME211112C00480000|0.85|0.85|0.70|1.20|0.70|38|-0.50|-0.4167||300|1|4|0.0165|0.0005|0.0004|-0.3079|0.0102||0.76|9|0.47|17
GME211112P00480000||||||38||||0|0|0|-1.0000|0.0000|-0.0658|0.0013|0.0000||269.75|10|264.75|10
GME211112C00490000|0.75|0.75|0.61|1.32|0.63|39|-0.69|-0.5227||3|1|6|0.0147|0.0005|0.0004|-0.2806|0.0093||0.85|8|0.44|17
GME211112P00490000||||||39||||0|0|0|-1.0000|0.0000|-0.2416|0.0013|0.0000||279.70|10|274.75|1
GME211112C00500000|0.90|0.90|0.55|1.16|0.59|40|-0.57|-0.4914||403|5|887|0.0136|0.0005|0.0004|-0.2650|0.0087||0.59|76|0.57|1
GME211112P00500000||||||40||||0|0|0|-1.0000|0.0000|-0.2466|0.0013|0.0000||289.65|1|284.70|10
GME211112C00510000|1.03|1.04|0.50|1.00|0.58|41|-0.42|-0.4200||357|1|888|0.1415|0.0017|0.0093|-1.0015|0.0968||0.59|19|0.56|2
GME211112P00510000||||||41||||0|0|0|-1.0000|0.0000|-0.2096|0.0013|0.0000||299.65|10|294.80|1
GME211119C00003000||||174.53|174.53|50|0.00|0.0000|0|50|0|0|1.0000|0.0000|0.0010|0.0000|0.0000||212.90|10|208.20|16
GME211119P00003000|0.01|0.01|0.01|0.01|0.01|50|0.00|0.0000|0|7991|7|10|0.0000|0.0000|0.0000|0.0000|0.0000||0.01|1543|0.00|0
GME211119C00005000||||211.77|211.77|50|0.00|0.0000|0|21|0|0|1.0000|0.0000|0.0016|0.0000|0.0000||210.90|11|206.20|16
GME211119P00005000|0.01|0.01|0.01|0.01|0.01|50|0.00|0.0000|0|5695|10|10|0.0000|0.0000|0.0000|0.0000|0.0000||0.01|1490|0.00|0
GME211119C00008000||||213.80|213.80|50|0.00|0.0000|0|5|0|0|0.9999|0.0000|0.0055|-0.0018|0.0002||207.90|10|203.20|15
GME211119P00008000||||0.01|0.01|50|0.00|0.0000|0|1148|0|0|0.0000|0.0000|0.0000|0.0000|0.0000||0.01|10|0.00|0
GME211119C00010000||||175.75|175.75|50|0.00|0.0000|0|7|0|0|1.0000|0.0000|0.0033|0.0000|0.0000||205.90|10|201.20|16
GME211119P00010000|0.01|0.01|0.01|0.01|0.01|50|0.00|0.0000|0|6052|2|2|0.0000|0.0000|0.0000|0.0000|0.0000||0.01|183|0.00|0
GME211119C00013000||||185.60|185.60|50|0.00|0.0000|0|17|0|0|1.0000|0.0000|0.0043|0.0000|0.0000||202.90|11|198.20|16
GME211119P00013000||||0.01|0.01|50|0.00|0.0000|0|1534|0|0|0.0000|0.0000|0.0000|0.0000|0.0000||0.02|100|0.00|0
GME211119C00015000||||166.34|166.34|50|0.00|0.0000|0|2|0|0|1.0000|0.0000|0.0049|0.0000|0.0000||200.90|10|196.20|15
GME211119P00015000||||0.01|0.01|50|0.00|0.0000|1|1299|0|0|0.0000|0.0000|0.0000|0.0000|0.0000||0.02|100|0.00|0
GME211119C00017000||||156.44|156.44|50|0.00|0.0000|0|2|0|0|1.0000|0.0000|0.0102|-0.0001|0.0000||198.90|10|194.20|15
GME211119P00017000||||0.02|0.02|50|0.00|0.0000|0|424|0|0|0.0000|0.0000|0.0000|0.0000|0.0000||0.02|100|0.00|0
GME211119C00020000||||167.40|167.40|50|0.00|0.0000|0|72|0|0|1.0000|0.0000|0.0066|-0.0001|0.0000||195.90|11|191.20|16
GME211119P00020000|0.01|0.01|0.01|0.02|0.01|50|-0.01|-0.5000|0|1394|1|7|0.0000|0.0000|0.0000|0.0000|0.0000||0.02|100|0.01|6
GME211119C00022000||||195.28|195.28|50|0.00|0.0000|0|3|0|0|1.0000|0.0000|0.0072|-0.0001|0.0000||193.90|10|189.20|15
GME211119P00022000||||0.01|0.01|50|0.00|0.0000|0|278|0|0|0.0000|0.0000|0.0000|-0.0005|0.0001||0.02|100|0.01|6
GME211119C00025000||||137.72|137.72|50|0.00|0.0000|0|4|0|0|1.0000|0.0000|0.0082|-0.0001|0.0000||190.90|10|186.20|16
GME211119P00025000|0.03|0.03|0.03|0.05|0.03|50|-0.02|-0.4000|0|903|1|1|0.0000|0.0000|0.0000|0.0000|0.0000||0.02|100|0.01|6
GME211119C00027000||||135.82|135.82|50|0.00|0.0000|0|1|0|0|1.0000|0.0000|0.0185|-0.0002|0.0000||188.90|10|184.20|15
GME211119P00027000||||0.02|0.02|50|0.00|0.0000|0|1732|0|0|0.0000|0.0000|0.0000|0.0000|0.0000||0.16|15|0.01|29
GME211119C00030000||||150.42|150.42|50|0.00|0.0000|0|7|0|0|1.0000|0.0000|0.0099|-0.0001|0.0000||185.90|11|181.20|16
GME211119P00030000|0.01|0.05|0.01|0.03|0.05|50|0.02|0.6667|0|3640|12|14|0.0000|0.0000|0.0000|0.0000|0.0000||0.16|15|0.01|26
GME211119C00032000||||168.00|168.00|50|0.00|0.0000|0|3|0|0|1.0000|0.0000|0.0105|-0.0001|0.0000||183.90|10|179.20|15
GME211119P00032000||||0.01|0.01|50|0.00|0.0000|0|120|0|0|0.0000|0.0000|0.0000|0.0000|0.0000||0.16|5|0.01|24
GME211119C00035000||||159.45|159.45|50|0.00|0.0000|0|7|0|0|1.0000|0.0000|0.0115|-0.0001|0.0000||180.95|10|176.20|16
GME211119P00035000|0.04|0.04|0.04|0.10|0.04|50|-0.06|-0.6000|0|503|1|1|0.0000|0.0000|0.0000|0.0000|0.0000||0.17|15|0.01|22
GME211119C00037000||||176.09|176.09|49|0.00|0.0000|0|9|0|0|1.0000|0.0000|0.0122|-0.0001|0.0000||178.95|10|174.15|16
GME211119P00037000||||0.05|0.05|49|0.00|0.0000|0|74|0|0|0.0000|0.0000|0.0000|-0.0002|0.0001||0.17|5|0.01|22
GME211119C00040000||||133.90|133.90|48|0.00|0.0000|0|188|0|0|1.0000|0.0000|0.0132|-0.0001|0.0000||175.95|11|171.25|16
GME211119P00040000||||0.02|0.02|48|0.00|0.0000|0|1415|0|0|0.0000|0.0000|0.0000|0.0000|0.0000||0.18|12|0.02|6
GME211119C00042000|171.44|171.44|171.44|104.40|171.44|47|67.04|0.6421|0|251|2|2|1.0000|0.0000|0.0138|-0.0001|0.0000||173.95|11|169.25|16
GME211119P00042000||||0.10|0.10|47|0.00|0.0000|0|103|0|0|0.0000|0.0000|0.0000|0.0000|0.0000||0.18|10|0.02|6
GME211119C00045000||||126.50|126.50|46|0.00|0.0000|0|65|0|0|0.9999|0.0000|0.0308|-0.0011|0.0003||170.95|10|166.25|16
GME211119P00045000||||0.08|0.08|46|0.00|0.0000|-15|306|0|0|-0.0002|0.0000|0.0000|-0.0012|0.0003||0.19|10|0.02|6
GME211119C00047000||||185.96|185.96|45|0.00|0.0000|0|24|0|0|1.0000|0.0000|0.0155|-0.0001|0.0000||168.95|10|164.25|16
GME211119P00047000||||0.06|0.06|45|0.00|0.0000|0|213|0|0|0.0000|0.0000|0.0000|0.0000|0.0000||0.19|7|0.02|6
GME211119C00050000||||128.94|128.94|44|0.00|0.0000|0|575|0|0|1.0000|0.0000|0.0164|-0.0001|0.0000||165.95|11|161.25|16
GME211119P00050000|0.08|0.08|0.05|0.05|0.05|44|0.00|0.0000|-10|1837|4|9|0.0000|0.0000|0.0000|0.0000|0.0000||0.10|9|0.05|5
GME211119C00055000||||178.95|178.95|43|0.00|0.0000|0|149|0|0|1.0000|0.0000|0.0181|-0.0002|0.0000||160.95|10|156.25|16
GME211119P00055000|0.02|0.02|0.02|0.11|0.02|43|-0.09|-0.8182|0|414|1|1|0.0000|0.0000|0.0000|0.0000|0.0000||0.20|37|0.02|12
GME211119C00060000|153.52|153.52|153.52|156.34|153.52|42|-2.82|-0.0180|-2|362|2|2|1.0000|0.0000|0.0197|-0.0002|0.0000||155.95|11|151.25|16
GME211119P00060000||||0.10|0.10|42|0.00|0.0000|-1|838|0|0|0.0000|0.0000|0.0000|0.0000|0.0000||0.15|22|0.05|2
GME211119C00065000||||131.10|131.10|41|0.00|0.0000|0|32|0|0|1.0000|0.0000|0.0214|-0.0002|0.0000||150.95|11|146.25|16
GME211119P00065000||||0.20|0.20|41|0.00|0.0000|0|259|0|0|-0.0003|0.0000|-0.0001|-0.0019|0.0007||0.20|27|0.03|6
GME211119C00070000||||129.25|129.25|40|0.00|0.0000|0|68|0|0|1.0000|0.0000|0.0230|-0.0002|0.0000||145.95|1|141.25|16
GME211119P00070000|0.10|0.10|0.10|0.14|0.10|40|-0.04|-0.2857|2|553|1|1|0.0000|0.0000|0.0000|0.0000|0.0000||0.19|27|0.05|1
GME211119C00075000||||99.50|99.50|39|0.00|0.0000|0|154|0|0|0.9994|0.0000|0.0513|-0.0034|0.0012||141.00|11|136.30|16
GME211119P00075000|0.16|0.16|0.16|0.17|0.16|39|-0.01|-0.0588|0|252|1|1|-0.0006|0.0000|-0.0001|-0.0031|0.0012||0.20|17|0.05|15
GME211119C00080000||||99.70|99.70|38|0.00|0.0000|0|107|0|0|1.0000|0.0000|0.0263|-0.0003|0.0000||136.00|11|131.30|16
GME211119P00080000|0.19|0.20|0.19|0.16|0.20|38|0.04|0.2500|-1|699|1|4|0.0000|0.0000|0.0000|0.0000|0.0000||0.30|42|0.05|31
GME211119C00085000||||103.69|103.69|37|0.00|0.0000|0|120|0|0|0.9992|0.0000|0.0581|-0.0036|0.0015||131.00|1|126.30|16
GME211119P00085000|0.22|0.23|0.21|0.24|0.21|37|-0.03|-0.1250|4|311|1|16|-0.0004|0.0000|-0.0001|-0.0022|0.0008||0.30|49|0.03|39
GME211119C00090000|121.15|121.15|121.15|113.10|121.15|36|8.05|0.0712|0|49|1|1|1.0000|0.0000|0.0296|-0.0003|0.0000||126.00|1|121.30|16
GME211119P00090000|0.24|0.24|0.24|0.30|0.24|36|-0.06|-0.2000|8|590|1|1|-0.0010|0.0001|-0.0002|-0.0042|0.0019||0.30|36|0.06|28
GME211119C00095000||||108.12|108.12|35|0.00|0.0000|0|56|0|0|1.0000|0.0000|0.0312|-0.0003|0.0000||121.00|1|116.30|16
GME211119P00095000||||0.28|0.28|35|0.00|0.0000|1|173|0|0|0.0000|0.0000|0.0000|-0.0001|0.0000||0.30|33|0.09|30
GME211119C00100000||||116.73|116.73|34|0.00|0.0000|0|291|0|0|1.0000|0.0000|0.0329|-0.0003|0.0000||116.00|1|111.30|16
GME211119P00100000|0.26|0.26|0.20|0.32|0.20|34|-0.12|-0.3750|-16|2643|10|35|0.0000|0.0000|0.0000|-0.0001|0.0000||0.30|33|0.06|34
GME211119C00105000||||101.55|101.55|33|0.00|0.0000|0|111|0|0|1.0000|0.0000|0.0345|-0.0004|0.0000||111.05|11|106.30|16
GME211119P00105000||||0.43|0.43|33|0.00|0.0000|0|192|0|0|0.0000|0.0000|0.0000|-0.0002|0.0001||0.31|21|0.14|18
GME211119C00110000||||110.95|110.95|32|0.00|0.0000|-3|39|0|0|1.0000|0.0000|0.0362|-0.0005|0.0000||106.05|11|101.30|16
GME211119P00110000|0.28|0.28|0.24|0.35|0.25|32|-0.10|-0.2857|0|310|2|28|-0.0017|0.0001|-0.0002|-0.0063|0.0029||0.35|17|0.14|21
GME211119C00115000||||101.78|101.78|31|0.00|0.0000|-4|226|0|0|1.0000|0.0000|0.0378|-0.0006|0.0001||101.05|1|96.30|16
GME211119P00115000|0.34|0.34|0.34|0.50|0.34|31|-0.16|-0.3200|0|241|45|45|-0.0039|0.0002|-0.0006|-0.0119|0.0064||0.36|7|0.19|10
GME211119C00120000||||100.98|100.98|30|0.00|0.0000|-1|193|0|0|0.9999|0.0000|0.0394|-0.0007|0.0001||96.10|11|91.30|16
GME211119P00120000|0.28|0.28|0.28|0.40|0.28|30|-0.12|-0.3000|-6|481|1|1|-0.0002|0.0000|0.0000|-0.0009|0.0002||0.36|1|0.20|18
GME211119C00125000|85.40|85.40|85.40|124.34|85.40|29|-38.94|-0.3132|0|128|1|1|0.9998|0.0000|0.0411|-0.0012|0.0002||90.95|1|86.30|16
GME211119P00125000|0.40|0.40|0.35|0.47|0.35|29|-0.12|-0.2553|-4|481|1|9|-0.0003|0.0000|0.0000|-0.0016|0.0004||0.41|8|0.25|10
GME211119C00130000||||91.02|91.02|28|0.00|0.0000|0|204|0|0|0.9997|0.0000|0.0427|-0.0019|0.0005||85.00|10|81.30|16
GME211119P00130000|0.40|0.41|0.34|0.54|0.37|28|-0.17|-0.3148|-10|1153|1|20|-0.0005|0.0001|0.0000|-0.0026|0.0007||0.45|20|0.25|22
GME211119C00135000||||93.60|93.60|27|0.00|0.0000|0|21|0|0|0.9993|0.0001|0.0443|-0.0036|0.0010||80.00|10|76.30|16
GME211119P00135000||||1.48|1.48|27|0.00|0.0000|-1|254|0|0|-0.0105|0.0006|-0.0014|-0.0278|0.0145||0.49|17|0.34|17
GME211119C00140000||||88.83|88.83|26|0.00|0.0000|0|126|0|0|0.9983|0.0002|0.0459|-0.0076|0.0021||75.00|10|71.30|11
GME211119P00140000|0.79|0.79|0.46|0.50|0.47|26|-0.03|-0.0600|-15|655|1|161|-0.0024|0.0002|-0.0002|-0.0101|0.0029||0.44|1|0.43|1
GME211119C00145000|70.15|70.15|70.15|74.40|70.15|25|-4.25|-0.0571|0|86|1|1|0.9739|0.0014|0.0952|-0.0544|0.0338||70.45|1|66.35|1
GME211119P00145000|0.49|0.51|0.49|0.55|0.49|25|-0.06|-0.1091|-16|540|2|5|-0.0301|0.0015|-0.0048|-0.0632|0.0381||0.56|16|0.43|16
GME211119C00150000|65.33|65.33|65.33|74.00|65.33|24|-8.67|-0.1172|1|356|1|4|0.9935|0.0006|0.0488|-0.0240|0.0071||65.00|10|61.40|16
GME211119P00150000|0.89|0.89|0.55|0.64|0.57|24|-0.07|-0.1094|-28|4758|1|370|-0.0083|0.0007|-0.0006|-0.0302|0.0087||0.60|4|0.50|2
GME211119C00155000|58.65|58.74|55.57|63.66|58.74|23|-4.92|-0.0773|20|81|1|24|0.9563|0.0022|0.0873|-0.0890|0.0484||60.00|10|57.55|11
GME211119P00155000|1.27|1.27|0.65|0.74|0.65|23|-0.09|-0.1216|-8|227|1|10|-0.0149|0.0012|-0.0011|-0.0508|0.0146||0.77|15|0.53|13
GME211119C00157500||||||22||||0|0|0|1.0000|0.0000|0.1079|-0.0004|0.0000||59.00|10|54.00|10
GME211119P00157500|0.88|0.88|0.76|0.78|0.76|22|-0.02|-0.0256|34|70|1|4|-0.0332|0.0020|-0.0025|-0.1132|0.0286||0.88|40|0.53|40
GME211119C00160000|52.75|54.27|51.65|64.68|53.58|21|-11.10|-0.1716|5|241|2|202|0.9797|0.0016|0.0511|-0.0635|0.0189||55.35|11|52.65|11
GME211119P00160000|0.78|0.95|0.75|0.90|0.75|21|-0.15|-0.1667|-31|549|2|111|-0.0237|0.0018|-0.0018|-0.0745|0.0216||0.93|15|0.68|1
GME211119C00162500|52.15|52.15|51.58|20.80|51.58|20|30.78|1.4798|0|0|1|7|0.9742|0.0020|0.0515|-0.0775|0.0232||54.10|1|49.15|1
GME211119P00162500||||1.31|1.31|20|0.00|0.0000|0|19|0|0|-0.0546|0.0029|-0.0041|-0.1758|0.0427||0.90|22|0.68|30
GME211119C00165000|48.83|48.83|48.83|63.70|48.83|19|-14.87|-0.2334|0|150|1|1|0.9655|0.0025|0.0517|-0.0997|0.0295||50.95|11|47.65|12
GME211119P00165000|1.06|1.57|0.88|1.05|0.88|19|-0.17|-0.1619|-6|1254|1|28|-0.0385|0.0026|-0.0029|-0.1118|0.0323||1.08|14|0.80|9
GME211119C00167500||||42.00|42.00|18|0.00|0.0000|0|40|0|0|0.9513|0.0031|0.0514|-0.1368|0.0390||49.05|1|44.30|11
GME211119P00167500|1.21|1.21|0.99|1.83|0.99|18|-0.84|-0.4590|0|114|1|2|-0.0481|0.0031|-0.0036|-0.1341|0.0386||1.18|14|0.91|11
GME211119C00170000|45.08|46.05|41.94|48.50|41.94|17|-6.56|-0.1353|-2|723|10|24|0.9439|0.0036|0.0517|-0.1498|0.0436||45.95|11|42.90|11
GME211119P00170000|1.50|1.50|1.12|1.35|1.12|17|-0.23|-0.1704|18|945|5|49|-0.1165|0.0044|-0.0166|-0.1964|0.1025||1.24|1|0.96|20
GME211119C00172500||||43.76|43.76|16|0.00|0.0000|-3|61|0|0|0.8825|0.0048|0.0476|-0.3387|0.0761||44.35|5|39.60|8
GME211119P00172500|1.50|1.50|1.33|1.55|1.33|16|-0.22|-0.1419|1|117|1|4|-0.0657|0.0041|-0.0049|-0.1666|0.0494||1.47|19|1.19|19
GME211119C00175000|37.25|39.73|36.56|49.50|39.73|15|-9.77|-0.1974|-1|402|2|20|0.9196|0.0047|0.0515|-0.1963|0.0576||41.05|11|37.90|22
GME211119P00175000|1.74|1.74|1.48|1.80|1.50|15|-0.30|-0.1667|24|774|3|41|-0.0858|0.0048|-0.0065|-0.2117|0.0605||1.55|1|1.37|7
GME211119C00177500||||40.15|40.15|14|0.00|0.0000|0|27|0|0|0.7880|0.0049|0.0749|-0.3871|0.1516||39.50|1|35.45|7
GME211119P00177500|2.10|2.10|1.91|2.13|1.91|14|-0.22|-0.1033|2|77|1|2|-0.0932|0.0054|-0.0070|-0.2159|0.0644||2.03|44|1.63|4
GME211119C00180000|42.00|42.00|32.87|40.00|34.44|13|-5.56|-0.1390|3|1218|1|31|0.8869|0.0061|0.0506|-0.2528|0.0741||36.20|10|33.25|16
GME211119P00180000|2.41|2.53|2.00|2.30|2.03|13|-0.27|-0.1174|-29|1485|6|423|-0.1200|0.0061|-0.0091|-0.2720|0.0772||2.14|10|1.92|9
GME211119C00182500|34.85|34.85|32.15|38.66|32.15|12|-6.51|-0.1684|11|68|2|13|0.9178|0.0061|0.0539|-0.1567|0.0586||34.70|11|31.15|15
GME211119P00182500|2.71|2.71|2.46|3.00|2.46|12|-0.54|-0.1800|17|37|1|2|-0.1215|0.0067|-0.0091|-0.2524|0.0780||2.63|24|2.29|22
GME211119C00185000|30.35|33.00|28.55|37.10|30.37|11|-6.73|-0.1814|1|715|2|63|0.8446|0.0075|0.0490|-0.3185|0.0922||32.60|11|29.10|15
GME211119P00185000|3.70|3.70|2.83|3.30|2.98|11|-0.32|-0.0970|1000|3229|1|534|-0.1601|0.0074|-0.0122|-0.3318|0.0940||3.00|16|2.73|16
GME211119C00187500||||34.73|34.73|10|0.00|0.0000|2|113|0|0|0.7077|0.0048|0.0748|-0.4947|0.1915||30.15|6|27.15|15
GME211119P00187500|4.00|4.14|3.35|3.82|3.45|10|-0.37|-0.0969|15|105|2|27|-0.2227|0.0073|-0.0321|-0.2757|0.1559||3.40|2|3.20|21
GME211119C00190000|28.11|28.11|25.50|31.00|27.33|9|-3.67|-0.1184|41|498|1|25|0.7953|0.0087|0.0468|-0.3850|0.1096||28.60|11|26.00|15
GME211119P00190000|4.20|5.09|3.95|4.45|3.95|9|-0.50|-0.1124|42|438|4|124|-0.2100|0.0086|-0.0161|-0.4015|0.1113||4.20|30|3.85|10
GME211119C00192500|26.45|26.45|23.65|31.13|25.60|8|-5.53|-0.1776|0|44|1|13|0.7717|0.0094|0.0458|-0.4066|0.1168||26.70|31|23.55|8
GME211119P00192500|5.20|5.25|4.95|5.15|4.95|8|-0.20|-0.0388|5|81|1|4|-0.2206|0.0096|-0.0168|-0.3818|0.1145||5.00|29|4.45|29
GME211119C00195000|22.03|23.80|21.90|29.00|23.80|7|-5.20|-0.1793|5|344|1|8|0.7017|0.0078|0.0736|-0.3490|0.1814||24.35|20|21.95|11
GME211119P00195000|6.08|6.50|5.75|6.13|5.80|7|-0.33|-0.0538|127|467|2|134|-0.2621|0.0097|-0.0203|-0.4575|0.1258||5.80|24|5.35|24
GME211119C00197500|23.51|23.64|23.51|26.27|23.64|6|-2.63|-0.1001|3|58|1|2|0.7000|0.0095|0.0414|-0.5327|0.1343||22.85|2|20.45|12
GME211119P00197500|6.75|7.75|6.69|7.22|6.73|6|-0.49|-0.0679|2|53|1|10|-0.2797|0.0106|-0.0215|-0.4428|0.1299||6.85|24|6.25|21
GME211119C00200000|20.85|22.70|18.50|25.80|20.70|5|-5.10|-0.1977|-27|2146|3|223|0.6868|0.0108|0.0414|-0.4840|0.1369||21.35|4|20.05|4
GME211119P00200000|7.90|9.27|7.45|7.91|7.60|5|-0.31|-0.0392|17|1003|1|493|-0.3445|0.0080|-0.0514|-0.3842|0.1926||7.90|21|7.30|10
GME211119C00202500|20.50|20.50|18.14|27.20|18.14|4|-9.06|-0.3331|1|92|2|3|0.6400|0.0091|0.0690|-0.3503|0.1956||19.90|18|17.70|17
GME211119P00202500|8.80|8.80|8.80|9.33|8.80|4|-0.53|-0.0568|31|77|1|1|-0.3408|0.0114|-0.0265|-0.4916|0.1416||9.05|31|8.40|25
GME211119C00205000|21.25|21.25|16.60|21.69|18.12|3|-3.57|-0.1646|-6|188|5|81|0.6250|0.0111|0.0379|-0.5418|0.1465||18.60|1|17.70|10
GME211119P00205000|10.00|11.50|9.65|10.70|10.05|3|-0.65|-0.0607|13|225|1|145|-0.3721|0.0116|-0.0291|-0.5156|0.1461||10.35|31|9.60|25
GME211119C00207500|16.90|18.35|15.60|21.66|16.88|2|-4.78|-0.2207|-5|135|1|14|0.5906|0.0078|0.0707|-0.3892|0.2166||17.65|10|16.25|15
GME211119P00207500|12.40|13.09|11.20|11.80|11.35|2|-0.45|-0.0381|2|109|1|93|-0.4028|0.0117|-0.0317|-0.5351|0.1495||11.50|1|10.95|19
GME211119C00210000|15.85|18.13|14.05|19.52|15.90|1|-3.62|-0.1855|0|641|1|117|0.5671|0.0116|0.0348|-0.5570|0.1519||16.40|10|15.40|14
GME211119P00210000|12.60|14.65|12.35|13.45|12.82|1|-0.63|-0.0468|5|209|1|49|-0.4330|0.0113|-0.0344|-0.5723|0.1519||12.80|1|12.40|13
