symbol|open|high|low|preClose|close|activeLevel|change|changeRatio|openIntChange|openInterest|latestPriceVol|volume|delta|gamma|rho|theta|vega|tradeStamptradeTime|ask|avol|bid|bvol
GME211119C00003000||||174.53|174.53|50|0.00|0.0000|0|50|0|0|1.0000|0.0000|0.0003|0.0000|0.0000||207.85|15|202.05|29
GME211119P00003000||||0.01|0.01|50|0.00|0.0000|0|8001|0|0|0.0000|0.0000|0.0000|0.0000|0.0000||0.01|1500|0.00|0
GME211119C00005000||||211.77|211.77|50|0.00|0.0000|0|21|0|0|1.0000|0.0000|0.0005|0.0000|0.0000||205.60|21|200.05|21
GME211119P00005000||||0.01|0.01|50|0.00|0.0000|0|5682|0|0|0.0000|0.0000|0.0000|0.0000|0.0000||0.01|1490|0.00|0
GME211119C00008000||||213.80|213.80|50|0.00|0.0000|0|5|0|0|1.0000|0.0000|0.0009|0.0000|0.0000||202.60|15|197.05|21
GME211119P00008000||||0.01|0.01|50|0.00|0.0000|0|1148|0|0|0.0000|0.0000|0.0000|0.0000|0.0000||0.01|1500|0.00|0
GME211119C00010000||||175.75|175.75|50|0.00|0.0000|0|7|0|0|1.0000|0.0000|0.0011|0.0000|0.0000||200.55|21|195.05|21
GME211119P00010000||||0.01|0.01|50|0.00|0.0000|396|6446|0|0|0.0000|0.0000|0.0000|0.0000|0.0000||0.01|1124|0.00|0
GME211119C00013000||||185.60|185.60|50|0.00|0.0000|0|17|0|0|1.0000|0.0000|0.0078|-0.0008|0.0001||197.55|21|192.05|21
GME211119P00013000||||0.01|0.01|50|0.00|0.0000|0|1534|0|0|0.0000|0.0000|0.0000|0.0000|0.0000||0.01|1500|0.00|0
GME211119C00015000||||166.34|166.34|50|0.00|0.0000|0|2|0|0|1.0000|0.0000|0.0016|0.0000|0.0000||195.55|21|190.05|21
GME211119P00015000||||0.01|0.01|50|0.00|0.0000|0|1299|0|0|0.0000|0.0000|0.0000|0.0000|0.0000||0.01|1501|0.00|0
GME211119C00017000||||156.44|156.44|50|0.00|0.0000|0|2|0|0|1.0000|0.0000|0.0019|0.0000|0.0000||193.60|15|188.30|21
GME211119P00017000||||0.01|0.01|50|0.00|0.0000|0|429|0|0|0.0000|0.0000|0.0000|0.0000|0.0000||0.01|6|0.00|0
GME211119C00020000||||167.40|167.40|50|0.00|0.0000|0|70|0|0|0.9999|0.0000|0.0137|-0.0015|0.0003||190.55|21|185.05|25
GME211119P00020000||||0.01|0.01|50|0.00|0.0000|3|1429|0|0|0.0000|0.0000|0.0000|0.0000|0.0000||0.01|1501|0.00|0
GME211119C00022000||||195.28|195.28|50|0.00|0.0000|0|3|0|0|1.0000|0.0000|0.0024|-0.0001|0.0000||188.55|15|183.05|21
GME211119P00022000||||0.01|0.01|50|0.00|0.0000|0|278|0|0|0.0000|0.0000|0.0000|0.0000|0.0000||0.09|16|0.00|0
GME211119C00025000||||137.72|137.72|50|0.00|0.0000|0|4|0|0|1.0000|0.0000|0.0171|-0.0003|0.0000||185.55|21|180.05|21
GME211119P00025000||||0.02|0.02|50|0.00|0.0000|0|917|0|0|0.0000|0.0000|0.0000|0.0000|0.0000||0.01|10|0.00|0
GME211119C00027000||||135.82|135.82|50|0.00|0.0000|0|1|0|0|1.0000|0.0000|0.0185|-0.0003|0.0000||183.55|21|178.05|21
GME211119P00027000||||0.02|0.02|50|0.00|0.0000|0|1732|0|0|0.0000|0.0000|0.0000|0.0000|0.0000||0.02|6|0.00|0
GME211119C00030000||||150.42|150.42|50|0.00|0.0000|0|7|0|0|1.0000|0.0000|0.0033|-0.0001|0.0000||180.55|21|175.05|21
GME211119P00030000|0.01|0.01|0.01|0.01|0.01|50|0.00|0.0000|80|3651|1|1|0.0000|0.0000|0.0000|0.0000|0.0000||0.01|118|0.00|0
GME211119C00032000||||168.00|168.00|50|0.00|0.0000|0|2|0|0|1.0000|0.0000|0.0035|-0.0001|0.0000||178.60|21|173.05|21
GME211119P00032000||||0.01|0.01|50|0.00|0.0000|0|130|0|0|-0.0001|0.0000|0.0000|-0.0006|0.0002||0.10|17|0.00|0
GME211119C00035000||||159.45|159.45|49|0.00|0.0000|0|6|0|0|1.0000|0.0000|0.0038|-0.0001|0.0000||175.55|21|170.05|21
GME211119P00035000||||0.01|0.01|49|0.00|0.0000|0|513|0|0|0.0000|0.0000|0.0000|0.0000|0.0000||0.05|16|0.00|0
GME211119C00037000||||176.09|176.09|48|0.00|0.0000|0|7|0|0|0.9999|0.0000|0.0253|-0.0008|0.0002||173.55|15|168.30|21
GME211119P00037000||||0.01|0.01|48|0.00|0.0000|0|76|0|0|0.0000|0.0000|0.0000|0.0000|0.0000||0.01|1|0.00|0
GME211119C00040000||||133.90|133.90|47|0.00|0.0000|0|24|0|0|1.0000|0.0000|0.0044|-0.0001|0.0000||170.60|15|165.30|21
GME211119P00040000||||0.01|0.01|47|0.00|0.0000|0|1422|0|0|0.0000|0.0000|0.0000|0.0000|0.0000||0.05|14|0.00|0
GME211119C00042000||||171.44|171.44|46|0.00|0.0000|0|28|0|0|1.0000|0.0000|0.0046|-0.0001|0.0000||168.60|15|163.30|21
GME211119P00042000||||0.01|0.01|46|0.00|0.0000|0|121|0|0|0.0000|0.0000|0.0000|0.0000|0.0000||0.05|17|0.00|0
GME211119C00045000||||126.50|126.50|45|0.00|0.0000|0|64|0|0|0.9999|0.0000|0.0308|-0.0012|0.0003||165.60|15|160.30|21
GME211119P00045000||||0.01|0.01|45|0.00|0.0000|0|305|0|0|-0.0002|0.0000|0.0000|-0.0013|0.0004||0.11|12|0.00|0
GME211119C00047000||||185.96|185.96|44|0.00|0.0000|0|10|0|0|1.0000|0.0000|0.0052|-0.0001|0.0000||163.60|15|158.30|21
GME211119P00047000||||0.01|0.01|44|0.00|0.0000|0|225|0|0|0.0000|0.0000|0.0000|0.0000|0.0000||0.12|17|0.00|0
GME211119C00050000|160.00|160.00|160.00|128.94|160.00|43|31.06|0.2409|0|30|1|1|1.0000|0.0000|0.0055|-0.0001|0.0000||160.60|21|155.95|21
GME211119P00050000|0.02|0.03|0.01|0.01|0.01|43|0.00|0.0000|0|1830|1|3|-0.0002|0.0000|0.0000|-0.0013|0.0004||0.02|10|0.00|0
GME211119C00055000||||168.22|168.22|42|0.00|0.0000|0|19|0|0|0.9997|0.0000|0.0376|-0.0018|0.0005||155.70|21|150.65|21
GME211119P00055000||||0.06|0.06|42|0.00|0.0000|90|504|0|0|0.0000|0.0000|0.0000|0.0000|0.0000||0.03|2|0.00|0
GME211119C00060000||||152.07|152.07|41|0.00|0.0000|0|192|0|0|1.0000|0.0000|0.0066|-0.0002|0.0000||150.50|21|145.85|76
GME211119P00060000|0.01|0.02|0.01|0.10|0.02|41|-0.08|-0.8000|0|838|1|2|-0.0003|0.0000|0.0000|-0.0018|0.0006||0.03|2|0.00|0
GME211119C00065000||||131.10|131.10|40|0.00|0.0000|0|22|0|0|0.9998|0.0000|0.0392|-0.0011|0.0003||145.70|21|140.60|21
GME211119P00065000||||0.20|0.20|40|0.00|0.0000|0|259|0|0|-0.0004|0.0000|-0.0001|-0.0022|0.0008||0.03|2|0.00|0
GME211119C00070000||||134.00|134.00|39|0.00|0.0000|0|11|0|0|1.0000|0.0000|0.0077|-0.0002|0.0000||140.70|21|135.65|23
GME211119P00070000|0.03|0.03|0.01|0.04|0.01|39|-0.03|-0.7500|0|557|1|2|-0.0005|0.0000|-0.0001|-0.0023|0.0009||0.03|2|0.00|0
GME211119C00075000||||99.50|99.50|38|0.00|0.0000|-1|139|0|0|0.9992|0.0000|0.0512|-0.0040|0.0014||135.50|21|131.15|68
GME211119P00075000|0.03|0.03|0.03|0.07|0.03|38|-0.04|-0.5714|0|248|1|1|-0.0008|0.0000|-0.0001|-0.0037|0.0014||0.03|2|0.00|0
GME211119C00080000|126.35|126.35|126.35|99.70|126.35|37|26.65|0.2673|0|106|1|14|1.0000|0.0000|0.0088|-0.0002|0.0000||130.50|21|126.15|67
GME211119P00080000|0.01|0.01|0.01|0.10|0.01|37|-0.09|-0.9000|0|678|1|116|0.0000|0.0000|0.0000|0.0000|0.0000||0.03|2|0.00|0
GME211119C00085000||||139.00|139.00|36|0.00|0.0000|0|69|0|0|1.0000|0.0000|0.0093|-0.0002|0.0000||125.70|22|120.75|53
GME211119P00085000|0.02|0.02|0.02|0.05|0.02|36|-0.03|-0.6000|0|266|1|2|0.0000|0.0000|0.0000|0.0000|0.0000||0.03|2|0.00|0
GME211119C00090000||||131.30|131.30|35|0.00|0.0000|0|6|0|0|1.0000|0.0000|0.0099|-0.0002|0.0000||120.70|21|115.95|21
GME211119P00090000|0.03|0.03|0.02|0.01|0.02|35|0.01|1.0000|0|591|10|12|-0.0012|0.0001|-0.0002|-0.0050|0.0023||0.08|17|0.00|0
GME211119C00095000||||108.12|108.12|34|0.00|0.0000|-28|13|0|0|1.0000|0.0000|0.0104|-0.0003|0.0000||115.70|21|110.95|21
GME211119P00095000|0.01|0.05|0.01|0.09|0.04|34|-0.05|-0.5556|0|205|1|5|0.0000|0.0000|0.0000|0.0000|0.0000||0.07|36|0.01|10
GME211119C00100000||||99.00|99.00|33|0.00|0.0000|-23|126|0|0|1.0000|0.0000|0.0110|-0.0003|0.0000||110.50|22|105.05|68
GME211119P00100000|0.05|0.05|0.02|0.07|0.03|33|-0.04|-0.5714|270|3228|1|32|0.0000|0.0000|0.0000|0.0000|0.0000||0.04|1|0.02|2
GME211119C00105000||||101.55|101.55|32|0.00|0.0000|-2|108|0|0|0.9988|0.0001|0.0631|-0.0047|0.0020||105.50|22|100.15|67
GME211119P00105000|0.09|0.09|0.03|0.03|0.03|32|0.00|0.0000|499|691|1|3|0.0000|0.0000|0.0000|0.0000|0.0000||0.07|10|0.01|10
GME211119C00110000||||111.87|111.87|31|0.00|0.0000|-5|15|0|0|0.9974|0.0002|0.0749|-0.0082|0.0043||100.55|20|95.55|23
GME211119P00110000|0.04|0.04|0.04|0.07|0.04|31|-0.03|-0.4286|0|234|1|2|0.0000|0.0000|0.0000|0.0000|0.0000||0.11|17|0.01|14
GME211119C00115000|92.00|92.00|92.00|88.20|92.00|30|3.80|0.0431|0|222|1|1|0.9964|0.0002|0.0782|-0.0108|0.0059||95.20|22|90.35|79
GME211119P00115000|0.11|0.11|0.04|0.20|0.05|30|-0.15|-0.7500|0|189|10|50|-0.0031|0.0002|-0.0004|-0.0102|0.0048||0.17|39|0.02|10
GME211119C00120000|87.00|87.00|87.00|100.98|87.00|29|-13.98|-0.1384|0|193|1|1|1.0000|0.0000|0.0132|-0.0003|0.0000||89.55|5|86.35|74
GME211119P00120000|0.05|0.05|0.04|0.07|0.04|29|-0.03|-0.4286|-21|433|1|2|-0.0044|0.0003|-0.0006|-0.0136|0.0066||0.11|17|0.02|14
GME211119C00125000|81.40|81.40|81.40|85.40|81.40|28|-4.00|-0.0468|0|127|1|3|1.0000|0.0000|0.0137|-0.0003|0.0000||85.50|21|81.15|68
GME211119P00125000|0.05|0.06|0.05|0.07|0.05|28|-0.02|-0.2857|9|513|1|6|0.0000|0.0000|0.0000|0.0000|0.0000||0.08|9|0.02|5
GME211119C00130000|79.75|79.75|79.75|69.24|79.75|27|10.51|0.1518|-1|204|1|1|1.0000|0.0000|0.0142|-0.0004|0.0000||80.15|20|76.10|75
GME211119P00130000|0.06|0.07|0.05|0.13|0.07|27|-0.06|-0.4615|13|1184|10|14|0.0000|0.0000|0.0000|0.0000|0.0000||0.07|2|0.02|16
GME211119C00135000|73.89|73.89|73.89|63.10|73.89|26|10.79|0.1710|0|26|1|1|1.0000|0.0000|0.0148|-0.0004|0.0000||75.50|21|70.55|23
GME211119P00135000|0.13|0.13|0.06|0.16|0.06|26|-0.10|-0.6250|13|288|1|18|0.0000|0.0000|0.0000|0.0000|0.0000||0.10|12|0.03|16
GME211119C00140000|64.55|64.55|63.00|60.09|63.00|25|2.91|0.0484|0|126|41|51|0.9766|0.0012|0.0923|-0.0493|0.0302||70.40|21|65.65|74
GME211119P00140000|0.17|0.17|0.07|0.16|0.10|25|-0.06|-0.3750|9|505|1|31|0.0000|0.0000|0.0000|0.0000|0.0000||0.19|40|0.06|19
GME211119C00145000|56.20|64.15|56.20|58.18|64.15|24|5.97|0.1026|0|87|1|52|0.9676|0.0017|0.0943|-0.0638|0.0396||65.30|20|61.10|68
GME211119P00145000|0.12|0.12|0.10|0.20|0.10|24|-0.10|-0.5000|2|533|4|19|0.0000|0.0000|0.0000|-0.0001|0.0000||0.21|25|0.05|17
GME211119C00150000||||52.60|52.60|23|0.00|0.0000|-18|315|0|0|1.0000|0.0000|0.0164|-0.0007|0.0000||59.75|15|56.55|80
GME211119P00150000|0.18|0.20|0.12|0.24|0.13|23|-0.11|-0.4583|34|4865|6|103|-0.0001|0.0000|0.0000|-0.0006|0.0001||0.17|18|0.10|11
GME211119C00155000|53.05|53.05|53.05|60.45|53.05|22|-7.40|-0.1224|0|105|1|1|0.9998|0.0000|0.0170|-0.0019|0.0001||54.75|15|50.35|67
GME211119P00155000|0.28|0.28|0.15|0.22|0.17|22|-0.05|-0.2273|194|432|10|75|-0.0003|0.0001|0.0000|-0.0024|0.0002||0.19|19|0.10|23
